  0.59904155E+000  0.34267575E+000  0.23556779E+001  0.38864483E+002
  0.59594618E+000  0.34520050E+000  0.23392834E+001  0.38851020E+002
  0.59432584E+000  0.34198956E+000  0.23430801E+001  0.38825584E+002
  0.58927993E+000  0.33161382E+000  0.23550321E+001  0.38806165E+002
  0.58705587E+000  0.33040539E+000  0.23554775E+001  0.38789317E+002
  0.58596238E+000  0.31708890E+000  0.23670508E+001  0.38774919E+002
  0.58526269E+000  0.31621794E+000  0.23672826E+001  0.38761228E+002
  0.58352019E+000  0.31586809E+000  0.23668810E+001  0.38750563E+002
  0.58322808E+000  0.31407131E+000  0.23673930E+001  0.38740565E+002
  0.58289214E+000  0.31427588E+000  0.23670414E+001  0.38730815E+002
  0.58265426E+000  0.31135598E+000  0.23697635E+001  0.38722155E+002
  0.58225538E+000  0.31167143E+000  0.23670156E+001  0.38716854E+002
  0.58218378E+000  0.31161389E+000  0.23641543E+001  0.38712528E+002
  0.58211466E+000  0.31160905E+000  0.23621613E+001  0.38707970E+002
  0.58126685E+000  0.31238717E+000  0.23611010E+001  0.38703058E+002
  0.58120548E+000  0.31238019E+000  0.23602095E+001  0.38698470E+002
  0.58099015E+000  0.31038032E+000  0.23615099E+001  0.38694251E+002
  0.58081351E+000  0.31049359E+000  0.23606942E+001  0.38690346E+002
  0.58076746E+000  0.31047723E+000  0.23599010E+001  0.38686710E+002
  0.58072407E+000  0.31046218E+000  0.23527041E+001  0.38689716E+002
  0.58058306E+000  0.31051920E+000  0.23519628E+001  0.38686491E+002
  0.57910763E+000  0.31193845E+000  0.23512066E+001  0.38683418E+002
  0.57906722E+000  0.31192273E+000  0.23504575E+001  0.38680468E+002
  0.57902865E+000  0.31189265E+000  0.23497243E+001  0.38677618E+002
  0.57891449E+000  0.31195209E+000  0.23489781E+001  0.38674845E+002
  0.57887706E+000  0.31193515E+000  0.23482310E+001  0.38672131E+002
  0.57884001E+000  0.31191791E+000  0.23474794E+001  0.38669458E+002
  0.57876816E+000  0.31193545E+000  0.23467222E+001  0.38666813E+002
  0.57872519E+000  0.31192398E+000  0.23441742E+001  0.38665965E+002
  0.61425546E+000  0.29483429E+000  0.23434011E+001  0.38663335E+002
  0.57865194E+000  0.31188758E+000  0.23426180E+001  0.38660698E+002
  0.57861516E+000  0.31186805E+000  0.23418248E+001  0.38658043E+002
  0.57857817E+000  0.31181803E+000  0.23364185E+001  0.38659995E+002
  0.57854093E+000  0.31179892E+000  0.23355999E+001  0.38657284E+002
  0.57850337E+000  0.31177956E+000  0.23347679E+001  0.38654534E+002
  0.57846545E+000  0.31175993E+000  0.23339258E+001  0.38651738E+002
  0.57842614E+000  0.31174105E+000  0.23330662E+001  0.38648898E+002
  0.57836815E+000  0.31174016E+000  0.23321925E+001  0.38646006E+002
  0.57832897E+000  0.31171977E+000  0.23313049E+001  0.38643060E+002
  0.57828926E+000  0.31169920E+000  0.23304034E+001  0.38640058E+002
  0.57824917E+000  0.31167834E+000  0.23294886E+001  0.38636997E+002
  0.57820842E+000  0.31165745E+000  0.23285608E+001  0.38633877E+002
  0.57816741E+000  0.31163618E+000  0.23276206E+001  0.38630698E+002
  0.57812596E+000  0.31161475E+000  0.23266687E+001  0.38627460E+002
  0.57808411E+000  0.31159318E+000  0.23257059E+001  0.38624164E+002
  0.57804187E+000  0.31157150E+000  0.23247331E+001  0.38620812E+002
  0.57799931E+000  0.31154866E+000  0.23237525E+001  0.38617406E+002
  0.57795648E+000  0.31152687E+000  0.23227628E+001  0.38613949E+002
  0.57748946E+000  0.31192907E+000  0.23217662E+001  0.38610445E+002
  0.57744537E+000  0.31190742E+000  0.23207649E+001  0.38606897E+002
  0.57740220E+000  0.31188573E+000  0.23166630E+001  0.38606407E+002
  0.57735911E+000  0.31185422E+000  0.23164320E+001  0.38602020E+002
  0.57731616E+000  0.31183286E+000  0.23161942E+001  0.38597602E+002
  0.57727358E+000  0.31181170E+000  0.23159600E+001  0.38593159E+002
  0.57723145E+000  0.31179062E+000  0.23157306E+001  0.38588701E+002
  0.57718993E+000  0.31176918E+000  0.23151211E+001  0.38584620E+002
  0.57714918E+000  0.31174906E+000  0.23145167E+001  0.38580541E+002
  0.57710936E+000  0.31172942E+000  0.23139199E+001  0.38576472E+002
  0.57707065E+000  0.31171035E+000  0.23133322E+001  0.38572422E+002
  0.57703321E+000  0.31169192E+000  0.23128875E+001  0.38568268E+002
  0.57699725E+000  0.31167203E+000  0.23126325E+001  0.38563977E+002
  0.57696292E+000  0.31165460E+000  0.23123867E+001  0.38559737E+002
  0.57693041E+000  0.31163864E+000  0.23121521E+001  0.38555559E+002
  0.57689990E+000  0.31162367E+000  0.23119302E+001  0.38551455E+002
  0.57687156E+000  0.31160981E+000  0.23117219E+001  0.38547434E+002
  0.57684558E+000  0.31159711E+000  0.23115282E+001  0.38543509E+002
  0.57682202E+000  0.31158578E+000  0.23111680E+001  0.38539872E+002
  0.57680124E+000  0.31157568E+000  0.23106010E+001  0.38536576E+002
  0.57678320E+000  0.31156590E+000  0.23100670E+001  0.38533391E+002
  0.57676824E+000  0.31155874E+000  0.23095665E+001  0.38530328E+002
  0.57675640E+000  0.31155315E+000  0.23091031E+001  0.38527394E+002
  0.57674780E+000  0.31154922E+000  0.23086256E+001  0.38524650E+002
  0.57541939E+000  0.31287017E+000  0.23084455E+001  0.38521795E+002
  0.57541749E+000  0.31286744E+000  0.22882472E+001  0.38504728E+002
  0.57541913E+000  0.31285554E+000  0.23078200E+001  0.38516956E+002
  0.57542441E+000  0.31276644E+000  0.23075510E+001  0.38514888E+002
  0.57543337E+000  0.31270108E+000  0.23073198E+001  0.38512976E+002
  0.57544607E+000  0.31265992E+000  0.23071275E+001  0.38511225E+002
  0.57546253E+000  0.31264139E+000  0.23069772E+001  0.38509637E+002
  0.57548276E+000  0.31265257E+000  0.23068628E+001  0.38508215E+002
  0.57548451E+000  0.31268830E+000  0.23068126E+001  0.38506961E+002
  0.57551228E+000  0.31270369E+000  0.23068277E+001  0.38505875E+002
  0.57554377E+000  0.31272109E+000  0.23063848E+001  0.38505482E+002
  0.57557858E+000  0.31274090E+000  0.23065310E+001  0.38504733E+002
  0.57561734E+000  0.31276039E+000  0.23067447E+001  0.38504152E+002
  0.57565962E+000  0.31275454E+000  0.23070508E+001  0.38503735E+002
  0.57570532E+000  0.31277996E+000  0.23073920E+001  0.38503480E+002
  0.57575433E+000  0.31280728E+000  0.23077967E+001  0.38503385E+002
  0.57580635E+000  0.31283663E+000  0.23082639E+001  0.38503444E+002
  0.57586159E+000  0.31286752E+000  0.23087923E+001  0.38503654E+002
  0.57591972E+000  0.31290021E+000  0.23093802E+001  0.38504010E+002
  0.57598059E+000  0.31293454E+000  0.23100258E+001  0.38504507E+002
  0.57604403E+000  0.31297042E+000  0.23107273E+001  0.38505138E+002
  0.57610985E+000  0.31300777E+000  0.23114825E+001  0.38505898E+002
  0.57617787E+000  0.31304649E+000  0.23122892E+001  0.38506781E+002
  0.57624789E+000  0.31308648E+000  0.23127992E+001  0.38508125E+002
  0.57631973E+000  0.31312763E+000  0.23131832E+001  0.38509752E+002
  0.57639318E+000  0.31316983E+000  0.23135781E+001  0.38511516E+002
  0.57646803E+000  0.31321298E+000  0.23139828E+001  0.38513407E+002
  0.57654409E+000  0.31325695E+000  0.23143961E+001  0.38515419E+002
  0.57662115E+000  0.31330163E+000  0.23148168E+001  0.38517543E+002
  0.57669901E+000  0.31334691E+000  0.23152439E+001  0.38519771E+002
  0.57677746E+000  0.31339266E+000  0.23156762E+001  0.38522097E+002
  0.57685631E+000  0.31343876E+000  0.23160465E+001  0.38524577E+002
  0.57693537E+000  0.31348512E+000  0.23164110E+001  0.38527148E+002
  0.57701445E+000  0.31353160E+000  0.23167755E+001  0.38529797E+002
  0.57709337E+000  0.31357810E+000  0.23171392E+001  0.38532517E+002
  0.57717195E+000  0.31362452E+000  0.23175157E+001  0.38535287E+002
  0.57725002E+000  0.31367074E+000  0.23178756E+001  0.38538129E+002
  0.57732744E+000  0.31371666E+000  0.23182180E+001  0.38541039E+002
  0.57740404E+000  0.31376220E+000  0.23185708E+001  0.38543983E+002
  0.57747968E+000  0.31380725E+000  0.23192419E+001  0.38546647E+002
  0.57755423E+000  0.31385174E+000  0.23202323E+001  0.38549027E+002
  0.57762756E+000  0.31389557E+000  0.23212202E+001  0.38551439E+002
  0.57769957E+000  0.31393867E+000  0.23222037E+001  0.38553881E+002
  0.57777015E+000  0.31398098E+000  0.23227006E+001  0.38556832E+002
  0.57783919E+000  0.31402242E+000  0.23230186E+001  0.38559981E+002
  0.57790662E+000  0.31406294E+000  0.23233533E+001  0.38562744E+002
  0.57797237E+000  0.31410249E+000  0.23237456E+001  0.38564428E+002
  0.57803635E+000  0.31414101E+000  0.23241292E+001  0.38566139E+002
  0.57809851E+000  0.31417846E+000  0.23245037E+001  0.38567880E+002
  0.57815882E+000  0.31421480E+000  0.23262410E+001  0.38574296E+002
  0.57821721E+000  0.31425001E+000  0.23265091E+001  0.38577563E+002
  0.57827366E+000  0.31428406E+000  0.23267767E+001  0.38580836E+002
  0.57832815E+000  0.31431693E+000  0.23270269E+001  0.38584132E+002
  0.57838065E+000  0.31434861E+000  0.23272682E+001  0.38587442E+002
  0.57843116E+000  0.31437907E+000  0.23275166E+001  0.38590748E+002
  0.57847968E+000  0.31440832E+000  0.23278593E+001  0.38593964E+002
  0.57852619E+000  0.31443636E+000  0.23281907E+001  0.38597194E+002
  0.57857072E+000  0.31446319E+000  0.23285108E+001  0.38600438E+002
  0.57861328E+000  0.31448881E+000  0.23288196E+001  0.38603696E+002
  0.57865388E+000  0.31451324E+000  0.23291171E+001  0.38606967E+002
  0.57869255E+000  0.31453649E+000  0.23294839E+001  0.38610172E+002
  0.57872932E+000  0.31455858E+000  0.23303955E+001  0.38612835E+002
  0.57876422E+000  0.31457952E+000  0.23312826E+001  0.38615524E+002
  0.57879728E+000  0.31459934E+000  0.23362451E+001  0.38614140E+002
  0.57882855E+000  0.31461807E+000  0.23370831E+001  0.38616882E+002
  0.57885806E+000  0.31463573E+000  0.23378966E+001  0.38619650E+002
  0.57888587E+000  0.31465235E+000  0.23386859E+001  0.38622445E+002
  0.57891201E+000  0.31466796E+000  0.23394510E+001  0.38625265E+002
  0.57893654E+000  0.31468259E+000  0.23401921E+001  0.38628110E+002
  0.57895952E+000  0.31469628E+000  0.23409096E+001  0.38630980E+002
  0.57898098E+000  0.31470906E+000  0.23416037E+001  0.38633875E+002
  0.57900099E+000  0.31472097E+000  0.23422747E+001  0.38636792E+002
  0.57901960E+000  0.31473204E+000  0.23429230E+001  0.38639732E+002
  0.57903686E+000  0.31474230E+000  0.23435490E+001  0.38642694E+002
  0.57905284E+000  0.31475179E+000  0.23441531E+001  0.38645677E+002
  0.57906758E+000  0.31476055E+000  0.23447357E+001  0.38648680E+002
  0.57908115E+000  0.31476861E+000  0.23452974E+001  0.38651701E+002
  0.57909359E+000  0.31477601E+000  0.23458384E+001  0.38654740E+002
  0.57910497E+000  0.31478278E+000  0.23463595E+001  0.38657795E+002
  0.57911534E+000  0.31478896E+000  0.23468610E+001  0.38660866E+002
  0.57912475E+000  0.31479457E+000  0.23473434E+001  0.38663950E+002
  0.57913326E+000  0.31479966E+000  0.23478074E+001  0.38667047E+002
  0.57914091E+000  0.31480425E+000  0.23482533E+001  0.38670155E+002
  0.57914777E+000  0.31480838E+000  0.23486817E+001  0.38673272E+002
  0.57915387E+000  0.31481207E+000  0.23490932E+001  0.38676397E+002
  0.57915927E+000  0.31481535E+000  0.23494883E+001  0.38679528E+002
  0.57916401E+000  0.31481826E+000  0.23498675E+001  0.38682664E+002
  0.57916814E+000  0.31482081E+000  0.23502314E+001  0.38685804E+002
  0.57917171E+000  0.31482304E+000  0.23505804E+001  0.38688945E+002
  0.57917475E+000  0.31482497E+000  0.23509150E+001  0.38692085E+002
  0.57917730E+000  0.31482662E+000  0.23512359E+001  0.38695224E+002
  0.57917941E+000  0.31482801E+000  0.23515434E+001  0.38698359E+002
  0.57918111E+000  0.31482918E+000  0.23518382E+001  0.38701489E+002
  0.57918244E+000  0.31483013E+000  0.23521206E+001  0.38704612E+002
  0.57918342E+000  0.31483089E+000  0.23523911E+001  0.38707727E+002
  0.57918410E+000  0.31483147E+000  0.23526503E+001  0.38710831E+002
  0.57918450E+000  0.31483189E+000  0.23528986E+001  0.38713923E+002
  0.57918465E+000  0.31483217E+000  0.23531363E+001  0.38717002E+002
  0.57918458E+000  0.31483233E+000  0.23533640E+001  0.38720065E+002
  0.57918430E+000  0.31483237E+000  0.23535821E+001  0.38723111E+002
  0.57918386E+000  0.31483231E+000  0.23537909E+001  0.38726139E+002
  0.57918326E+000  0.31483217E+000  0.23539909E+001  0.38729148E+002
  0.57918253E+000  0.31483195E+000  0.23541825E+001  0.38732134E+002
  0.57918168E+000  0.31483166E+000  0.23543659E+001  0.38735098E+002
  0.57918074E+000  0.31483132E+000  0.23545417E+001  0.38738038E+002
  0.57917972E+000  0.31483093E+000  0.23547101E+001  0.38740952E+002
  0.57917863E+000  0.31483051E+000  0.23548714E+001  0.38743838E+002
  0.57917750E+000  0.31483005E+000  0.23550260E+001  0.38746697E+002
  0.57917632E+000  0.31482957E+000  0.23551741E+001  0.38749526E+002
  0.57917512E+000  0.31482907E+000  0.23553162E+001  0.38752325E+002
  0.57917390E+000  0.31482856E+000  0.23554524E+001  0.38755091E+002
  0.57917268E+000  0.31482805E+000  0.23555830E+001  0.38757825E+002
  0.57917146E+000  0.31482753E+000  0.23557084E+001  0.38760525E+002
  0.57917025E+000  0.31482703E+000  0.23558287E+001  0.38763191E+002
  0.57916906E+000  0.31482653E+000  0.23559443E+001  0.38765821E+002
  0.57916790E+000  0.31482604E+000  0.23560553E+001  0.38768414E+002
  0.57916677E+000  0.31482557E+000  0.23561620E+001  0.38770971E+002
  0.57916568E+000  0.31482513E+000  0.23562647E+001  0.38773490E+002
  0.57916465E+000  0.31482471E+000  0.23563636E+001  0.38775970E+002
  0.57916367E+000  0.31482432E+000  0.23564590E+001  0.38778412E+002
  0.57916275E+000  0.31482396E+000  0.23565510E+001  0.38780815E+002
  0.57916190E+000  0.31482365E+000  0.23566399E+001  0.38783179E+002
  0.57916113E+000  0.31482338E+000  0.23567261E+001  0.38785504E+002
  0.57916044E+000  0.31482316E+000  0.23568096E+001  0.38787789E+002
  0.57915985E+000  0.31482298E+000  0.23568908E+001  0.38790035E+002
  0.57915934E+000  0.31482286E+000  0.23569699E+001  0.38792242E+002
  0.57915891E+000  0.31482278E+000  0.23570466E+001  0.38794412E+002
  0.57915860E+000  0.31482282E+000  0.23571227E+001  0.38796550E+002
