  0.49019520E-002  0.57133858E-001  0.10121864E+001  0.41087656E+002
  0.49123342E-002  0.57010906E-001  0.10107173E+001  0.41058810E+002
  0.49201390E-002  0.56907645E-001  0.10094562E+001  0.41033696E+002
  0.49258586E-002  0.56820724E-001  0.10083833E+001  0.41011961E+002
  0.49299197E-002  0.56747419E-001  0.10074687E+001  0.40993110E+002
  0.49326810E-002  0.56685552E-001  0.10066836E+001  0.40976719E+002
  0.49344344E-002  0.56633305E-001  0.10060071E+001  0.40962417E+002
  0.49354122E-002  0.56589132E-001  0.10054212E+001  0.40949886E+002
  0.49357977E-002  0.56551708E-001  0.10049111E+001  0.40938858E+002
  0.49357447E-002  0.56519885E-001  0.10044646E+001  0.40929104E+002
  0.49353735E-002  0.56492657E-001  0.10040715E+001  0.40920429E+002
  0.49347776E-002  0.56469187E-001  0.10037233E+001  0.40912670E+002
  0.49340293E-002  0.56448774E-001  0.10034129E+001  0.40905685E+002
  0.49331839E-002  0.56430831E-001  0.10031344E+001  0.40899357E+002
  0.49322838E-002  0.56414871E-001  0.10028827E+001  0.40893584E+002
  0.49313605E-002  0.56400488E-001  0.10026534E+001  0.40888280E+002
  0.49304376E-002  0.56387350E-001  0.10024428E+001  0.40883371E+002
  0.49295318E-002  0.56375183E-001  0.10022478E+001  0.40878795E+002
  0.49286551E-002  0.56363763E-001  0.10020655E+001  0.40874498E+002
  0.49278153E-002  0.56352906E-001  0.10018936E+001  0.40870432E+002
  0.49270170E-002  0.56342464E-001  0.10017301E+001  0.40866557E+002
  0.49262628E-002  0.56332310E-001  0.10015731E+001  0.40862839E+002
  0.49255531E-002  0.56322341E-001  0.10014210E+001  0.40859247E+002
  0.49248871E-002  0.56312471E-001  0.10012724E+001  0.40855754E+002
  0.49242630E-002  0.56302626E-001  0.10011260E+001  0.40852337E+002
  0.49236782E-002  0.56292743E-001  0.10009808E+001  0.40848977E+002
  0.49231295E-002  0.56282766E-001  0.10008357E+001  0.40845654E+002
  0.49226136E-002  0.56272647E-001  0.10006898E+001  0.40842354E+002
  0.49221266E-002  0.56262342E-001  0.10005423E+001  0.40839062E+002
  0.49216649E-002  0.56251812E-001  0.10003925E+001  0.40835765E+002
  0.49212246E-002  0.56241022E-001  0.10002399E+001  0.40832454E+002
  0.49208020E-002  0.56229937E-001  0.10000838E+001  0.40829117E+002
  0.49203937E-002  0.56218530E-001  0.99992369E+000  0.40825748E+002
  0.49199961E-002  0.56206773E-001  0.99975929E+000  0.40822338E+002
  0.49196063E-002  0.56194643E-001  0.99959023E+000  0.40818881E+002
  0.49192214E-002  0.56182119E-001  0.99941626E+000  0.40815372E+002
  0.49188389E-002  0.56169185E-001  0.99923722E+000  0.40811806E+002
  0.49184569E-002  0.56155831E-001  0.99905299E+000  0.40808180E+002
  0.49180735E-002  0.56142050E-001  0.99886355E+000  0.40804490E+002
  0.49176873E-002  0.56127842E-001  0.99866895E+000  0.40800735E+002
  0.49172975E-002  0.56113212E-001  0.99846931E+000  0.40796913E+002
  0.49169034E-002  0.56098174E-001  0.99826480E+000  0.40793024E+002
  0.49165049E-002  0.56082749E-001  0.99805569E+000  0.40789067E+002
  0.49161021E-002  0.56066966E-001  0.99784228E+000  0.40785044E+002
  0.49156955E-002  0.56050862E-001  0.99762494E+000  0.40780956E+002
  0.49152858E-002  0.56034482E-001  0.99740412E+000  0.40776805E+002
  0.49148741E-002  0.56017878E-001  0.99718028E+000  0.40772594E+002
  0.49144616E-002  0.56001111E-001  0.99695396E+000  0.40768326E+002
  0.49140495E-002  0.55984248E-001  0.99672573E+000  0.40764006E+002
  0.49136393E-002  0.55967360E-001  0.99649620E+000  0.40759638E+002
  0.49132323E-002  0.55950524E-001  0.99626603E+000  0.40755229E+002
  0.49128301E-002  0.55933820E-001  0.99603589E+000  0.40750783E+002
  0.49124340E-002  0.55917331E-001  0.99580651E+000  0.40746309E+002
  0.49120454E-002  0.55901141E-001  0.99557861E+000  0.40741813E+002
  0.49116655E-002  0.55885334E-001  0.99535296E+000  0.40737304E+002
  0.49112955E-002  0.55869995E-001  0.99513034E+000  0.40732789E+002
  0.49109363E-002  0.55855206E-001  0.99491155E+000  0.40728279E+002
  0.49105889E-002  0.55841050E-001  0.99469739E+000  0.40723782E+002
  0.49102541E-002  0.55827609E-001  0.99448871E+000  0.40719309E+002
  0.49099328E-002  0.55814959E-001  0.99428632E+000  0.40714869E+002
  0.49096259E-002  0.55803178E-001  0.99409106E+000  0.40710475E+002
  0.49093340E-002  0.55792339E-001  0.99390378E+000  0.40706136E+002
  0.49090581E-002  0.55782514E-001  0.99372532E+000  0.40701864E+002
  0.49087989E-002  0.55773770E-001  0.99355649E+000  0.40697670E+002
  0.49085572E-002  0.55766174E-001  0.99339813E+000  0.40693565E+002
  0.49083339E-002  0.55759787E-001  0.99325105E+000  0.40689561E+002
  0.49081297E-002  0.55754667E-001  0.99311602E+000  0.40685670E+002
  0.49079453E-002  0.55750867E-001  0.99299382E+000  0.40681901E+002
  0.49077815E-002  0.55748437E-001  0.99288518E+000  0.40678266E+002
  0.49076390E-002  0.55747422E-001  0.99279079E+000  0.40674776E+002
  0.49075182E-002  0.55747858E-001  0.99271132E+000  0.40671440E+002
  0.49074199E-002  0.55749781E-001  0.99264737E+000  0.40668269E+002
  0.49073442E-002  0.55753214E-001  0.99259953E+000  0.40665270E+002
  0.49072916E-002  0.55758179E-001  0.99256828E+000  0.40662453E+002
  0.49072619E-002  0.55764687E-001  0.99255409E+000  0.40659824E+002
  0.49072550E-002  0.55772745E-001  0.99255733E+000  0.40657392E+002
  0.49072705E-002  0.55782350E-001  0.99257834E+000  0.40655163E+002
  0.49073080E-002  0.55793492E-001  0.99261734E+000  0.40653141E+002
  0.49073668E-002  0.55806153E-001  0.99267453E+000  0.40651330E+002
  0.49074460E-002  0.55820308E-001  0.99275000E+000  0.40649736E+002
  0.49075445E-002  0.55835925E-001  0.99284378E+000  0.40648360E+002
  0.49076612E-002  0.55852961E-001  0.99295581E+000  0.40647203E+002
  0.49077947E-002  0.55871370E-001  0.99308597E+000  0.40646267E+002
  0.49079437E-002  0.55891097E-001  0.99323406E+000  0.40645551E+002
  0.49081066E-002  0.55912079E-001  0.99339979E+000  0.40645054E+002
  0.49082818E-002  0.55934249E-001  0.99358282E+000  0.40644775E+002
  0.49084671E-002  0.55957533E-001  0.99378273E+000  0.40644709E+002
  0.49086608E-002  0.55981854E-001  0.99399901E+000  0.40644854E+002
  0.49088607E-002  0.56007127E-001  0.99423112E+000  0.40645204E+002
  0.49090650E-002  0.56033267E-001  0.99447845E+000  0.40645755E+002
  0.49092716E-002  0.56060184E-001  0.99474032E+000  0.40646501E+002
  0.49094787E-002  0.56087785E-001  0.99501602E+000  0.40647435E+002
  0.49096842E-002  0.56115977E-001  0.99530477E+000  0.40648549E+002
  0.49098863E-002  0.56144666E-001  0.99560578E+000  0.40649838E+002
  0.49100832E-002  0.56173755E-001  0.99591818E+000  0.40651292E+002
  0.49102732E-002  0.56203151E-001  0.99624112E+000  0.40652905E+002
  0.49104547E-002  0.56232759E-001  0.99657368E+000  0.40654666E+002
  0.49106262E-002  0.56262488E-001  0.99691495E+000  0.40656569E+002
  0.49107864E-002  0.56292249E-001  0.99726400E+000  0.40658604E+002
  0.49109340E-002  0.56321957E-001  0.99761989E+000  0.40660764E+002
  0.49110680E-002  0.56351527E-001  0.99798167E+000  0.40663039E+002
  0.49111875E-002  0.56380881E-001  0.99834840E+000  0.40665421E+002
  0.49112917E-002  0.56409944E-001  0.99871915E+000  0.40667903E+002
  0.49113800E-002  0.56438648E-001  0.99909300E+000  0.40670476E+002
  0.49114519E-002  0.56466926E-001  0.99946905E+000  0.40673133E+002
  0.49115073E-002  0.56494720E-001  0.99984641E+000  0.40675866E+002
  0.49115460E-002  0.56521974E-001  0.10002242E+001  0.40678670E+002
  0.49115680E-002  0.56548641E-001  0.10006017E+001  0.40681537E+002
  0.49115734E-002  0.56574676E-001  0.10009779E+001  0.40684461E+002
  0.49115626E-002  0.56600042E-001  0.10013522E+001  0.40687437E+002
  0.49115359E-002  0.56624705E-001  0.10017239E+001  0.40690460E+002
  0.49114939E-002  0.56648639E-001  0.10020922E+001  0.40693524E+002
  0.49114373E-002  0.56671820E-001  0.10024565E+001  0.40696626E+002
  0.49113666E-002  0.56694232E-001  0.10028161E+001  0.40699761E+002
  0.49112828E-002  0.56715862E-001  0.10031706E+001  0.40702925E+002
  0.49111867E-002  0.56736700E-001  0.10035193E+001  0.40706117E+002
  0.49110792E-002  0.56756743E-001  0.10038619E+001  0.40709332E+002
  0.49109612E-002  0.56775990E-001  0.10041978E+001  0.40712568E+002
  0.49108338E-002  0.56794444E-001  0.10045267E+001  0.40715824E+002
  0.49106978E-002  0.56812111E-001  0.10048481E+001  0.40719096E+002
  0.49105543E-002  0.56828999E-001  0.10051619E+001  0.40722385E+002
  0.49104044E-002  0.56845121E-001  0.10054677E+001  0.40725687E+002
  0.49102488E-002  0.56860490E-001  0.10057653E+001  0.40729003E+002
  0.49100887E-002  0.56875122E-001  0.10060545E+001  0.40732331E+002
  0.49099249E-002  0.56889035E-001  0.10063351E+001  0.40735670E+002
  0.49097584E-002  0.56902248E-001  0.10066070E+001  0.40739020E+002
  0.49095898E-002  0.56914780E-001  0.10068702E+001  0.40742381E+002
  0.49094202E-002  0.56926654E-001  0.10071245E+001  0.40745751E+002
  0.49092501E-002  0.56937890E-001  0.10073700E+001  0.40749130E+002
  0.49090803E-002  0.56948513E-001  0.10076067E+001  0.40752518E+002
  0.49089114E-002  0.56958544E-001  0.10078345E+001  0.40755916E+002
  0.49087440E-002  0.56968007E-001  0.10080536E+001  0.40759322E+002
  0.49085787E-002  0.56976925E-001  0.10082641E+001  0.40762736E+002
  0.49084159E-002  0.56985322E-001  0.10084660E+001  0.40766159E+002
  0.49082559E-002  0.56993220E-001  0.10086595E+001  0.40769589E+002
  0.49080993E-002  0.57000642E-001  0.10088447E+001  0.40773028E+002
  0.49079464E-002  0.57007612E-001  0.10090218E+001  0.40776474E+002
  0.49077973E-002  0.57014150E-001  0.10091910E+001  0.40779928E+002
  0.49076523E-002  0.57020279E-001  0.10093524E+001  0.40783389E+002
  0.49075116E-002  0.57026020E-001  0.10095063E+001  0.40786856E+002
  0.49073754E-002  0.57031394E-001  0.10096528E+001  0.40790330E+002
  0.49072437E-002  0.57036419E-001  0.10097923E+001  0.40793810E+002
  0.49071166E-002  0.57041116E-001  0.10099248E+001  0.40797295E+002
  0.49069942E-002  0.57045503E-001  0.10100507E+001  0.40800786E+002
  0.49068766E-002  0.57049598E-001  0.10101701E+001  0.40804280E+002
  0.49067636E-002  0.57053418E-001  0.10102834E+001  0.40807779E+002
  0.49066552E-002  0.57056981E-001  0.10103907E+001  0.40811281E+002
  0.49065515E-002  0.57060301E-001  0.10104923E+001  0.40814785E+002
  0.49064523E-002  0.57063395E-001  0.10105885E+001  0.40818290E+002
  0.49063576E-002  0.57066276E-001  0.10106794E+001  0.40821796E+002
  0.49062672E-002  0.57068959E-001  0.10107653E+001  0.40825302E+002
  0.49061811E-002  0.57071457E-001  0.10108464E+001  0.40828807E+002
  0.49060992E-002  0.57073782E-001  0.10109230E+001  0.40832310E+002
  0.49060213E-002  0.57075947E-001  0.10109952E+001  0.40835810E+002
  0.49059474E-002  0.57077962E-001  0.10110634E+001  0.40839306E+002
  0.49058772E-002  0.57079839E-001  0.10111276E+001  0.40842797E+002
  0.49058106E-002  0.57081587E-001  0.10111882E+001  0.40846281E+002
  0.49057476E-002  0.57083217E-001  0.10112452E+001  0.40849757E+002
  0.49056880E-002  0.57084737E-001  0.10112990E+001  0.40853225E+002
  0.49056316E-002  0.57086155E-001  0.10113496E+001  0.40856683E+002
  0.49055783E-002  0.57087481E-001  0.10113973E+001  0.40860130E+002
  0.49055280E-002  0.57088720E-001  0.10114422E+001  0.40863564E+002
  0.49054805E-002  0.57089881E-001  0.10114845E+001  0.40866984E+002
  0.49054358E-002  0.57090969E-001  0.10115244E+001  0.40870390E+002
  0.49053936E-002  0.57091991E-001  0.10115620E+001  0.40873779E+002
  0.49053539E-002  0.57092952E-001  0.10115974E+001  0.40877150E+002
  0.49053165E-002  0.57093858E-001  0.10116308E+001  0.40880502E+002
  0.49052814E-002  0.57094714E-001  0.10116623E+001  0.40883835E+002
  0.49052483E-002  0.57095523E-001  0.10116920E+001  0.40887145E+002
  0.49052173E-002  0.57096291E-001  0.10117201E+001  0.40890433E+002
  0.49051881E-002  0.57097021E-001  0.10117466E+001  0.40893697E+002
  0.49051607E-002  0.57097717E-001  0.10117717E+001  0.40896936E+002
  0.49051350E-002  0.57098382E-001  0.10117955E+001  0.40900148E+002
  0.49051109E-002  0.57099019E-001  0.10118180E+001  0.40903332E+002
  0.49050883E-002  0.57099631E-001  0.10118393E+001  0.40906487E+002
  0.49050671E-002  0.57100219E-001  0.10118596E+001  0.40909613E+002
  0.49050472E-002  0.57100788E-001  0.10118789E+001  0.40912707E+002
  0.49050286E-002  0.57101338E-001  0.10118972E+001  0.40915769E+002
  0.49050112E-002  0.57101872E-001  0.10119146E+001  0.40918798E+002
  0.49049949E-002  0.57102392E-001  0.10119313E+001  0.40921792E+002
  0.49049796E-002  0.57102899E-001  0.10119472E+001  0.40924751E+002
  0.49049653E-002  0.57103396E-001  0.10119624E+001  0.40927675E+002
  0.49049520E-002  0.57103883E-001  0.10119769E+001  0.40930561E+002
  0.49049396E-002  0.57104362E-001  0.10119909E+001  0.40933409E+002
  0.49049280E-002  0.57104834E-001  0.10120043E+001  0.40936219E+002
  0.49049172E-002  0.57105302E-001  0.10120172E+001  0.40938990E+002
  0.49049071E-002  0.57105767E-001  0.10120297E+001  0.40941721E+002
  0.49048977E-002  0.57106229E-001  0.10120418E+001  0.40944411E+002
  0.49048890E-002  0.57106691E-001  0.10120535E+001  0.40947060E+002
  0.49048809E-002  0.57107154E-001  0.10120649E+001  0.40949669E+002
  0.49048734E-002  0.57107619E-001  0.10120760E+001  0.40952235E+002
  0.49048664E-002  0.57108088E-001  0.10120868E+001  0.40954760E+002
  0.49048597E-002  0.57108562E-001  0.10120975E+001  0.40957242E+002
  0.49048534E-002  0.57109040E-001  0.10121080E+001  0.40959683E+002
  0.49048473E-002  0.57109525E-001  0.10121185E+001  0.40962082E+002
  0.49048413E-002  0.57110015E-001  0.10121288E+001  0.40964438E+002
  0.49048351E-002  0.57110509E-001  0.10121391E+001  0.40966754E+002
  0.49048285E-002  0.57111011E-001  0.10121495E+001  0.40969030E+002
  0.49048210E-002  0.57111501E-001  0.10121596E+001  0.40971265E+002
  0.49048117E-002  0.57112026E-001  0.10121701E+001  0.40973467E+002
