  0.66345487E-001
  0.66336902E-001
  0.66287347E-001
  0.66235782E-001
  0.66188805E-001
  0.66147495E-001
  0.66111470E-001
  0.66080068E-001
  0.66052637E-001
  0.66028590E-001
  0.66007419E-001
  0.65988688E-001
  0.65972027E-001
  0.65957121E-001
  0.65943702E-001
  0.65931540E-001
  0.65920442E-001
  0.65910240E-001
  0.65900791E-001
  0.65891973E-001
  0.65883679E-001
  0.65875819E-001
  0.65868312E-001
  0.65861089E-001
  0.65854091E-001
  0.65847264E-001
  0.65840563E-001
  0.65833946E-001
  0.65827377E-001
  0.65820826E-001
  0.65814264E-001
  0.65807667E-001
  0.65801014E-001
  0.65794286E-001
  0.65787469E-001
  0.65780548E-001
  0.65773512E-001
  0.65766354E-001
  0.65759065E-001
  0.65751642E-001
  0.65744080E-001
  0.65736380E-001
  0.65728542E-001
  0.65720567E-001
  0.65712460E-001
  0.65704226E-001
  0.65695871E-001
  0.65687403E-001
  0.65678833E-001
  0.65670170E-001
  0.65661427E-001
  0.65652616E-001
  0.65643753E-001
  0.65634853E-001
  0.65625932E-001
  0.65617008E-001
  0.65608099E-001
  0.65599225E-001
  0.65590406E-001
  0.65581661E-001
  0.65573014E-001
  0.65564485E-001
  0.65556097E-001
  0.65547872E-001
  0.65539833E-001
  0.65532002E-001
  0.65524401E-001
  0.65517052E-001
  0.65509977E-001
  0.65503195E-001
  0.65496729E-001
  0.65490595E-001
  0.65484812E-001
  0.65479396E-001
  0.65474362E-001
  0.65469724E-001
  0.65465493E-001
  0.65461680E-001
  0.65458293E-001
  0.65455338E-001
  0.65452821E-001
  0.65450744E-001
  0.65449108E-001
  0.65447911E-001
  0.65447151E-001
  0.65446823E-001
  0.65446918E-001
  0.65447430E-001
  0.65448347E-001
  0.65449659E-001
  0.65451352E-001
  0.65453411E-001
  0.65455822E-001
  0.65458569E-001
  0.65461633E-001
  0.65464999E-001
  0.65468646E-001
  0.65472558E-001
  0.65476716E-001
  0.65481100E-001
  0.65485694E-001
  0.65490478E-001
  0.65495435E-001
  0.65500549E-001
  0.65505802E-001
  0.65511179E-001
  0.65516665E-001
  0.65522246E-001
  0.65527909E-001
  0.65533641E-001
  0.65539431E-001
  0.65545269E-001
  0.65551145E-001
  0.65557050E-001
  0.65562978E-001
  0.65568920E-001
  0.65574871E-001
  0.65580825E-001
  0.65586779E-001
  0.65592729E-001
  0.65598671E-001
  0.65604602E-001
  0.65610521E-001
  0.65616425E-001
  0.65622315E-001
  0.65628189E-001
  0.65634046E-001
  0.65639886E-001
  0.65645710E-001
  0.65651517E-001
  0.65657308E-001
  0.65663084E-001
  0.65668845E-001
  0.65674592E-001
  0.65680325E-001
  0.65686046E-001
  0.65691755E-001
  0.65697453E-001
  0.65703141E-001
  0.65708819E-001
  0.65714488E-001
  0.65720149E-001
  0.65725802E-001
  0.65731447E-001
  0.65737085E-001
  0.65742716E-001
  0.65748341E-001
  0.65753959E-001
  0.65759570E-001
  0.65765173E-001
  0.65770770E-001
  0.65776359E-001
  0.65781939E-001
  0.65787511E-001
  0.65793073E-001
  0.65798624E-001
  0.65804164E-001
  0.65809692E-001
  0.65815206E-001
  0.65820706E-001
  0.65826189E-001
  0.65831655E-001
  0.65837101E-001
  0.65842528E-001
  0.65847932E-001
  0.65853313E-001
  0.65858668E-001
  0.65863997E-001
  0.65869296E-001
  0.65874565E-001
  0.65879802E-001
  0.65885004E-001
  0.65890170E-001
  0.65895299E-001
  0.65900388E-001
  0.65905435E-001
  0.65910439E-001
  0.65915399E-001
  0.65920311E-001
  0.65925175E-001
  0.65929989E-001
  0.65934752E-001
  0.65939461E-001
  0.65944116E-001
  0.65948714E-001
  0.65953256E-001
  0.65957738E-001
  0.65962161E-001
  0.65966522E-001
  0.65970822E-001
  0.65975059E-001
  0.65979233E-001
  0.65983343E-001
  0.65987388E-001
  0.65991369E-001
  0.65995287E-001
  0.65999141E-001
  0.66002937E-001
  0.66006668E-001
  0.66010374E-001
