  0.42099906E+000
  0.42025622E+000
  0.41966328E+000
  0.41918469E+000
  0.41879887E+000
  0.41849026E+000
  0.41824621E+000
  0.41805620E+000
  0.41791144E+000
  0.41780452E+000
  0.41772920E+000
  0.41768026E+000
  0.41765333E+000
  0.41764473E+000
  0.41765138E+000
  0.41767070E+000
  0.41770050E+000
  0.41773896E+000
  0.41778455E+000
  0.41783598E+000
  0.41789216E+000
  0.41795217E+000
  0.41801523E+000
  0.41808069E+000
  0.41814799E+000
  0.41821663E+000
  0.41828620E+000
  0.41835635E+000
  0.41842677E+000
  0.41849717E+000
  0.41856731E+000
  0.41863700E+000
  0.41870604E+000
  0.41877426E+000
  0.41884154E+000
  0.41890775E+000
  0.41897279E+000
  0.41903658E+000
  0.41909905E+000
  0.41916017E+000
  0.41921990E+000
  0.41927824E+000
  0.41933521E+000
  0.41939083E+000
  0.41944516E+000
  0.41949826E+000
  0.41955022E+000
  0.41960112E+000
  0.41965106E+000
  0.41970017E+000
  0.41974854E+000
  0.41979631E+000
  0.41984357E+000
  0.41989043E+000
  0.41993699E+000
  0.41998334E+000
  0.42002954E+000
  0.42007565E+000
  0.42012171E+000
  0.42016773E+000
  0.42021373E+000
  0.42025968E+000
  0.42030556E+000
  0.42035133E+000
  0.42039693E+000
  0.42044231E+000
  0.42048738E+000
  0.42053206E+000
  0.42057627E+000
  0.42061991E+000
  0.42066289E+000
  0.42070511E+000
  0.42074649E+000
  0.42078691E+000
  0.42082630E+000
  0.42086456E+000
  0.42090160E+000
  0.42093736E+000
  0.42097174E+000
  0.42100470E+000
  0.42103616E+000
  0.42106608E+000
  0.42109440E+000
  0.42112110E+000
  0.42114615E+000
  0.42116951E+000
  0.42119120E+000
  0.42121118E+000
  0.42122949E+000
  0.42124612E+000
  0.42126111E+000
  0.42127448E+000
  0.42128627E+000
  0.42129652E+000
  0.42130528E+000
  0.42131260E+000
  0.42131854E+000
  0.42132317E+000
  0.42132655E+000
  0.42132875E+000
  0.42132984E+000
  0.42132990E+000
  0.42132900E+000
  0.42132720E+000
  0.42132460E+000
  0.42132125E+000
  0.42131722E+000
  0.42131260E+000
  0.42130744E+000
  0.42130180E+000
  0.42129576E+000
  0.42128936E+000
  0.42128266E+000
  0.42127571E+000
  0.42126857E+000
  0.42126127E+000
  0.42125385E+000
  0.42124636E+000
  0.42123882E+000
  0.42123127E+000
  0.42122374E+000
  0.42121624E+000
  0.42120881E+000
  0.42120146E+000
  0.42119420E+000
  0.42118706E+000
  0.42118004E+000
  0.42117316E+000
  0.42116642E+000
  0.42115983E+000
  0.42115340E+000
  0.42114713E+000
  0.42114103E+000
  0.42113510E+000
  0.42112934E+000
  0.42112375E+000
  0.42111833E+000
  0.42111308E+000
  0.42110800E+000
  0.42110310E+000
  0.42109836E+000
  0.42109378E+000
  0.42108937E+000
  0.42108512E+000
  0.42108103E+000
  0.42107710E+000
  0.42107331E+000
  0.42106968E+000
  0.42106619E+000
  0.42106285E+000
  0.42105964E+000
  0.42105657E+000
  0.42105363E+000
  0.42105082E+000
  0.42104813E+000
  0.42104556E+000
  0.42104311E+000
  0.42104077E+000
  0.42103854E+000
  0.42103642E+000
  0.42103440E+000
  0.42103248E+000
  0.42103065E+000
  0.42102891E+000
  0.42102726E+000
  0.42102569E+000
  0.42102421E+000
  0.42102280E+000
  0.42102147E+000
  0.42102020E+000
  0.42101900E+000
  0.42101787E+000
  0.42101680E+000
  0.42101579E+000
  0.42101483E+000
  0.42101393E+000
  0.42101308E+000
  0.42101227E+000
  0.42101151E+000
  0.42101079E+000
  0.42101012E+000
  0.42100948E+000
  0.42100888E+000
  0.42100831E+000
  0.42100778E+000
  0.42100727E+000
  0.42100680E+000
  0.42100636E+000
  0.42100594E+000
  0.42100554E+000
  0.42100518E+000
  0.42100484E+000
  0.42100453E+000
  0.42100425E+000
  0.42100400E+000
  0.42100380E+000
  0.42100365E+000
  0.42100356E+000
  0.42100354E+000
  0.42100362E+000
