 -0.51981633E-001  0.47341502E-002  0.44192444E+000  0.12893194E+001
 -0.52094885E-001  0.47217059E-002  0.44151958E+000  0.12868786E+001
 -0.52180556E-001  0.47159223E-002  0.44121767E+000  0.12849002E+001
 -0.52244046E-001  0.47132698E-002  0.44098292E+000  0.12832868E+001
 -0.52289858E-001  0.47125526E-002  0.44079775E+000  0.12819752E+001
 -0.52321748E-001  0.47130347E-002  0.44065160E+000  0.12809183E+001
 -0.52342782E-001  0.47141861E-002  0.44053734E+000  0.12800762E+001
 -0.52355439E-001  0.47156333E-002  0.44044970E+000  0.12794151E+001
 -0.52361711E-001  0.47171458E-002  0.44038442E+000  0.12789061E+001
 -0.52363192E-001  0.47185767E-002  0.44033790E+000  0.12785250E+001
 -0.52361148E-001  0.47198545E-002  0.44030705E+000  0.12782512E+001
 -0.52356577E-001  0.47209621E-002  0.44028920E+000  0.12780676E+001
 -0.52350260E-001  0.47219076E-002  0.44028214E+000  0.12779597E+001
 -0.52342804E-001  0.47227168E-002  0.44028397E+000  0.12779152E+001
 -0.52334679E-001  0.47234216E-002  0.44029318E+000  0.12779238E+001
 -0.52326241E-001  0.47240541E-002  0.44030849E+000  0.12779766E+001
 -0.52317759E-001  0.47246431E-002  0.44032886E+000  0.12780664E+001
 -0.52309432E-001  0.47252128E-002  0.44035343E+000  0.12781868E+001
 -0.52301403E-001  0.47257817E-002  0.44038150E+000  0.12783325E+001
 -0.52293771E-001  0.47263640E-002  0.44041250E+000  0.12784990E+001
 -0.52286601E-001  0.47269693E-002  0.44044598E+000  0.12786824E+001
 -0.52279932E-001  0.47276043E-002  0.44048159E+000  0.12788796E+001
 -0.52273780E-001  0.47282730E-002  0.44051903E+000  0.12790876E+001
 -0.52268148E-001  0.47289777E-002  0.44055808E+000  0.12793040E+001
 -0.52263026E-001  0.47297195E-002  0.44059856E+000  0.12795268E+001
 -0.52258395E-001  0.47304985E-002  0.44064034E+000  0.12797542E+001
 -0.52254228E-001  0.47313145E-002  0.44068331E+000  0.12799846E+001
 -0.52250498E-001  0.47321667E-002  0.44072737E+000  0.12802165E+001
 -0.52247169E-001  0.47330545E-002  0.44077246E+000  0.12804489E+001
 -0.52244208E-001  0.47339767E-002  0.44081849E+000  0.12806806E+001
 -0.52241579E-001  0.47349323E-002  0.44086540E+000  0.12809107E+001
 -0.52239248E-001  0.47359198E-002  0.44091312E+000  0.12811384E+001
 -0.52237180E-001  0.47369374E-002  0.44096157E+000  0.12813630E+001
 -0.52235342E-001  0.47379828E-002  0.44101065E+000  0.12815839E+001
 -0.52233703E-001  0.47390533E-002  0.44106027E+000  0.12818007E+001
 -0.52232234E-001  0.47401452E-002  0.44111031E+000  0.12820129E+001
 -0.52230908E-001  0.47412544E-002  0.44116066E+000  0.12822203E+001
 -0.52229700E-001  0.47423764E-002  0.44121116E+000  0.12824226E+001
 -0.52228589E-001  0.47435060E-002  0.44126169E+000  0.12826198E+001
 -0.52227555E-001  0.47446377E-002  0.44131209E+000  0.12828117E+001
 -0.52226580E-001  0.47457654E-002  0.44136220E+000  0.12829984E+001
 -0.52225650E-001  0.47468829E-002  0.44141190E+000  0.12831800E+001
 -0.52224752E-001  0.47479839E-002  0.44146104E+000  0.12833567E+001
 -0.52223874E-001  0.47490627E-002  0.44150949E+000  0.12835288E+001
 -0.52223006E-001  0.47501135E-002  0.44155716E+000  0.12836965E+001
 -0.52222141E-001  0.47511318E-002  0.44160396E+000  0.12838603E+001
 -0.52221269E-001  0.47521133E-002  0.44164984E+000  0.12840203E+001
 -0.52220386E-001  0.47530550E-002  0.44169475E+000  0.12841772E+001
 -0.52219483E-001  0.47539549E-002  0.44173868E+000  0.12843313E+001
 -0.52218556E-001  0.47548117E-002  0.44178165E+000  0.12844829E+001
 -0.52217598E-001  0.47556254E-002  0.44182369E+000  0.12846326E+001
 -0.52216605E-001  0.47563964E-002  0.44186485E+000  0.12847807E+001
 -0.52215570E-001  0.47571260E-002  0.44190520E+000  0.12849277E+001
 -0.52214487E-001  0.47578159E-002  0.44194479E+000  0.12850738E+001
 -0.52213353E-001  0.47584680E-002  0.44198371E+000  0.12852193E+001
 -0.52212160E-001  0.47590843E-002  0.44202201E+000  0.12853646E+001
 -0.52210905E-001  0.47596665E-002  0.44205978E+000  0.12855098E+001
 -0.52209581E-001  0.47602163E-002  0.44209704E+000  0.12856551E+001
 -0.52208186E-001  0.47607348E-002  0.44213386E+000  0.12858006E+001
 -0.52206714E-001  0.47612229E-002  0.44217024E+000  0.12859463E+001
 -0.52205163E-001  0.47616810E-002  0.44220620E+000  0.12860923E+001
 -0.52203529E-001  0.47621094E-002  0.44224173E+000  0.12862386E+001
 -0.52201810E-001  0.47625077E-002  0.44227681E+000  0.12863849E+001
 -0.52200004E-001  0.47628753E-002  0.44231140E+000  0.12865312E+001
 -0.52198109E-001  0.47632114E-002  0.44234546E+000  0.12866773E+001
 -0.52196125E-001  0.47635149E-002  0.44237893E+000  0.12868231E+001
 -0.52194052E-001  0.47637847E-002  0.44241174E+000  0.12869682E+001
 -0.52191889E-001  0.47640194E-002  0.44244382E+000  0.12871124E+001
 -0.52189637E-001  0.47642178E-002  0.44247509E+000  0.12872556E+001
 -0.52187297E-001  0.47643786E-002  0.44250547E+000  0.12873972E+001
 -0.52184870E-001  0.47645005E-002  0.44253487E+000  0.12875372E+001
 -0.52182358E-001  0.47645825E-002  0.44256321E+000  0.12876752E+001
 -0.52179761E-001  0.47646235E-002  0.44259042E+000  0.12878108E+001
 -0.52177083E-001  0.47646226E-002  0.44261640E+000  0.12879439E+001
 -0.52174325E-001  0.47645789E-002  0.44264107E+000  0.12880740E+001
 -0.52171491E-001  0.47644919E-002  0.44266437E+000  0.12882010E+001
 -0.52168581E-001  0.47643609E-002  0.44268623E+000  0.12883246E+001
 -0.52165600E-001  0.47641858E-002  0.44270657E+000  0.12884444E+001
 -0.52162551E-001  0.47639666E-002  0.44272535E+000  0.12885604E+001
 -0.52159436E-001  0.47637034E-002  0.44274250E+000  0.12886722E+001
 -0.52156258E-001  0.47633967E-002  0.44275799E+000  0.12887797E+001
 -0.52153022E-001  0.47630473E-002  0.44277177E+000  0.12888827E+001
 -0.52149731E-001  0.47626561E-002  0.44278383E+000  0.12889810E+001
 -0.52146388E-001  0.47622245E-002  0.44279412E+000  0.12890746E+001
 -0.52142999E-001  0.47617542E-002  0.44280266E+000  0.12891633E+001
 -0.52139568E-001  0.47612467E-002  0.44280942E+000  0.12892471E+001
 -0.52136098E-001  0.47607038E-002  0.44281440E+000  0.12893259E+001
 -0.52132594E-001  0.47601278E-002  0.44281763E+000  0.12893997E+001
 -0.52129060E-001  0.47595208E-002  0.44281912E+000  0.12894685E+001
 -0.52125502E-001  0.47588856E-002  0.44281889E+000  0.12895324E+001
 -0.52121923E-001  0.47582247E-002  0.44281699E+000  0.12895913E+001
 -0.52118329E-001  0.47575411E-002  0.44281346E+000  0.12896454E+001
 -0.52114725E-001  0.47568376E-002  0.44280835E+000  0.12896948E+001
 -0.52111115E-001  0.47561174E-002  0.44280171E+000  0.12897395E+001
 -0.52107505E-001  0.47553834E-002  0.44279361E+000  0.12897798E+001
 -0.52103899E-001  0.47546389E-002  0.44278411E+000  0.12898157E+001
 -0.52100303E-001  0.47538869E-002  0.44277330E+000  0.12898474E+001
 -0.52096721E-001  0.47531304E-002  0.44276123E+000  0.12898752E+001
 -0.52093158E-001  0.47523726E-002  0.44274801E+000  0.12898991E+001
 -0.52089619E-001  0.47516164E-002  0.44273370E+000  0.12899194E+001
 -0.52086108E-001  0.47508646E-002  0.44271841E+000  0.12899364E+001
 -0.52082631E-001  0.47501199E-002  0.44270221E+000  0.12899501E+001
 -0.52079190E-001  0.47493849E-002  0.44268519E+000  0.12899608E+001
 -0.52075792E-001  0.47486620E-002  0.44266745E+000  0.12899687E+001
 -0.52072439E-001  0.47479534E-002  0.44264907E+000  0.12899740E+001
 -0.52069135E-001  0.47472612E-002  0.44263014E+000  0.12899769E+001
 -0.52065885E-001  0.47465871E-002  0.44261075E+000  0.12899776E+001
 -0.52062691E-001  0.47459330E-002  0.44259098E+000  0.12899763E+001
 -0.52059556E-001  0.47453001E-002  0.44257092E+000  0.12899732E+001
 -0.52056485E-001  0.47446897E-002  0.44255064E+000  0.12899685E+001
 -0.52053478E-001  0.47441029E-002  0.44253023E+000  0.12899623E+001
 -0.52050540E-001  0.47435404E-002  0.44250975E+000  0.12899548E+001
 -0.52047671E-001  0.47430030E-002  0.44248927E+000  0.12899462E+001
 -0.52044875E-001  0.47424909E-002  0.44246886E+000  0.12899365E+001
 -0.52042153E-001  0.47420045E-002  0.44244858E+000  0.12899260E+001
 -0.52039505E-001  0.47415438E-002  0.44242848E+000  0.12899147E+001
 -0.52036935E-001  0.47411088E-002  0.44240863E+000  0.12899028E+001
 -0.52034442E-001  0.47406992E-002  0.44238905E+000  0.12898903E+001
 -0.52032027E-001  0.47403147E-002  0.44236981E+000  0.12898773E+001
 -0.52029691E-001  0.47399548E-002  0.44235093E+000  0.12898640E+001
 -0.52027434E-001  0.47396189E-002  0.44233245E+000  0.12898505E+001
 -0.52025256E-001  0.47393063E-002  0.44231440E+000  0.12898367E+001
 -0.52023157E-001  0.47390163E-002  0.44229681E+000  0.12898227E+001
 -0.52021136E-001  0.47387480E-002  0.44227970E+000  0.12898087E+001
 -0.52019194E-001  0.47385006E-002  0.44226308E+000  0.12897946E+001
 -0.52017328E-001  0.47382730E-002  0.44224698E+000  0.12897805E+001
 -0.52015539E-001  0.47380645E-002  0.44223140E+000  0.12897664E+001
 -0.52013826E-001  0.47378740E-002  0.44221635E+000  0.12897524E+001
 -0.52012186E-001  0.47377005E-002  0.44220184E+000  0.12897385E+001
 -0.52010618E-001  0.47375430E-002  0.44218787E+000  0.12897247E+001
 -0.52009122E-001  0.47374006E-002  0.44217444E+000  0.12897110E+001
 -0.52007695E-001  0.47372724E-002  0.44216155E+000  0.12896976E+001
 -0.52006335E-001  0.47371573E-002  0.44214919E+000  0.12896843E+001
 -0.52005042E-001  0.47370544E-002  0.44213736E+000  0.12896712E+001
 -0.52003812E-001  0.47369630E-002  0.44212605E+000  0.12896583E+001
 -0.52002644E-001  0.47368820E-002  0.44211525E+000  0.12896457E+001
 -0.52001536E-001  0.47368107E-002  0.44210495E+000  0.12896332E+001
 -0.52000486E-001  0.47367484E-002  0.44209515E+000  0.12896211E+001
 -0.51999492E-001  0.47366942E-002  0.44208582E+000  0.12896092E+001
 -0.51998551E-001  0.47366474E-002  0.44207695E+000  0.12895975E+001
 -0.51997662E-001  0.47366074E-002  0.44206853E+000  0.12895861E+001
 -0.51996822E-001  0.47365736E-002  0.44206055E+000  0.12895750E+001
 -0.51996030E-001  0.47365454E-002  0.44205299E+000  0.12895641E+001
 -0.51995282E-001  0.47365222E-002  0.44204584E+000  0.12895536E+001
 -0.51994578E-001  0.47365035E-002  0.44203907E+000  0.12895433E+001
 -0.51993915E-001  0.47364888E-002  0.44203268E+000  0.12895333E+001
 -0.51993292E-001  0.47364776E-002  0.44202665E+000  0.12895236E+001
 -0.51992705E-001  0.47364697E-002  0.44202096E+000  0.12895141E+001
 -0.51992153E-001  0.47364645E-002  0.44201560E+000  0.12895050E+001
 -0.51991635E-001  0.47364618E-002  0.44201056E+000  0.12894962E+001
 -0.51991149E-001  0.47364612E-002  0.44200581E+000  0.12894876E+001
 -0.51990692E-001  0.47364625E-002  0.44200134E+000  0.12894793E+001
 -0.51990264E-001  0.47364653E-002  0.44199715E+000  0.12894713E+001
 -0.51989862E-001  0.47364693E-002  0.44199321E+000  0.12894636E+001
 -0.51989485E-001  0.47364745E-002  0.44198951E+000  0.12894562E+001
 -0.51989131E-001  0.47364806E-002  0.44198603E+000  0.12894490E+001
 -0.51988799E-001  0.47364874E-002  0.44198278E+000  0.12894421E+001
 -0.51988488E-001  0.47364947E-002  0.44197973E+000  0.12894355E+001
 -0.51988196E-001  0.47365024E-002  0.44197687E+000  0.12894292E+001
 -0.51987923E-001  0.47365103E-002  0.44197419E+000  0.12894231E+001
 -0.51987665E-001  0.47365184E-002  0.44197168E+000  0.12894172E+001
 -0.51987424E-001  0.47365266E-002  0.44196933E+000  0.12894116E+001
 -0.51987197E-001  0.47365346E-002  0.44196712E+000  0.12894063E+001
 -0.51986984E-001  0.47365426E-002  0.44196506E+000  0.12894012E+001
 -0.51986783E-001  0.47365503E-002  0.44196313E+000  0.12893963E+001
 -0.51986594E-001  0.47365577E-002  0.44196131E+000  0.12893917E+001
 -0.51986416E-001  0.47365649E-002  0.44195962E+000  0.12893872E+001
 -0.51986248E-001  0.47365716E-002  0.44195803E+000  0.12893830E+001
 -0.51986089E-001  0.47365780E-002  0.44195653E+000  0.12893790E+001
 -0.51985939E-001  0.47365839E-002  0.44195513E+000  0.12893752E+001
 -0.51985797E-001  0.47365894E-002  0.44195381E+000  0.12893716E+001
 -0.51985662E-001  0.47365944E-002  0.44195258E+000  0.12893681E+001
 -0.51985534E-001  0.47365989E-002  0.44195141E+000  0.12893649E+001
 -0.51985412E-001  0.47366029E-002  0.44195032E+000  0.12893618E+001
 -0.51985296E-001  0.47366064E-002  0.44194928E+000  0.12893589E+001
 -0.51985185E-001  0.47366093E-002  0.44194831E+000  0.12893561E+001
 -0.51985079E-001  0.47366118E-002  0.44194739E+000  0.12893535E+001
 -0.51984977E-001  0.47366138E-002  0.44194651E+000  0.12893511E+001
 -0.51984879E-001  0.47366152E-002  0.44194569E+000  0.12893488E+001
 -0.51984785E-001  0.47366161E-002  0.44194490E+000  0.12893466E+001
 -0.51984695E-001  0.47366166E-002  0.44194415E+000  0.12893446E+001
 -0.51984608E-001  0.47366165E-002  0.44194344E+000  0.12893426E+001
 -0.51984524E-001  0.47366159E-002  0.44194276E+000  0.12893408E+001
 -0.51984442E-001  0.47366148E-002  0.44194211E+000  0.12893391E+001
 -0.51984363E-001  0.47366132E-002  0.44194149E+000  0.12893375E+001
 -0.51984285E-001  0.47366111E-002  0.44194089E+000  0.12893360E+001
 -0.51984210E-001  0.47366084E-002  0.44194031E+000  0.12893347E+001
 -0.51984136E-001  0.47366053E-002  0.44193975E+000  0.12893334E+001
 -0.51984064E-001  0.47366016E-002  0.44193921E+000  0.12893322E+001
 -0.51983992E-001  0.47365974E-002  0.44193868E+000  0.12893310E+001
 -0.51983922E-001  0.47365926E-002  0.44193817E+000  0.12893300E+001
 -0.51983851E-001  0.47365874E-002  0.44193767E+000  0.12893291E+001
 -0.51983780E-001  0.47365817E-002  0.44193719E+000  0.12893283E+001
 -0.51983709E-001  0.47365755E-002  0.44193672E+000  0.12893276E+001
 -0.51983636E-001  0.47365692E-002  0.44193626E+000  0.12893270E+001
 -0.51983561E-001  0.47365626E-002  0.44193582E+000  0.12893265E+001
 -0.51983481E-001  0.47365562E-002  0.44193542E+000  0.12893263E+001
 -0.51983397E-001  0.47365502E-002  0.44193505E+000  0.12893262E+001
 -0.51983303E-001  0.47365457E-002  0.44193474E+000  0.12893263E+001
 -0.51983192E-001  0.47365443E-002  0.44193460E+000  0.12893267E+001
