  0.43798579E+000
  0.43727732E+000
  0.43670998E+000
  0.43625008E+000
  0.43587753E+000
  0.43557796E+000
  0.43533969E+000
  0.43515297E+000
  0.43500961E+000
  0.43490269E+000
  0.43482635E+000
  0.43477566E+000
  0.43474648E+000
  0.43473533E+000
  0.43473926E+000
  0.43475578E+000
  0.43478279E+000
  0.43481853E+000
  0.43486151E+000
  0.43491045E+000
  0.43496429E+000
  0.43502213E+000
  0.43508318E+000
  0.43514679E+000
  0.43521238E+000
  0.43527948E+000
  0.43534765E+000
  0.43541652E+000
  0.43548578E+000
  0.43555513E+000
  0.43562433E+000
  0.43569315E+000
  0.43576140E+000
  0.43582891E+000
  0.43589552E+000
  0.43596110E+000
  0.43602556E+000
  0.43608879E+000
  0.43615073E+000
  0.43621133E+000
  0.43627056E+000
  0.43632841E+000
  0.43638489E+000
  0.43644003E+000
  0.43649388E+000
  0.43654649E+000
  0.43659795E+000
  0.43664836E+000
  0.43669780E+000
  0.43674639E+000
  0.43679425E+000
  0.43684148E+000
  0.43688821E+000
  0.43693452E+000
  0.43698053E+000
  0.43702630E+000
  0.43707192E+000
  0.43711743E+000
  0.43716287E+000
  0.43720827E+000
  0.43725362E+000
  0.43729891E+000
  0.43734412E+000
  0.43738921E+000
  0.43743411E+000
  0.43747877E+000
  0.43752311E+000
  0.43756705E+000
  0.43761050E+000
  0.43765337E+000
  0.43769557E+000
  0.43773701E+000
  0.43777759E+000
  0.43781721E+000
  0.43785578E+000
  0.43789323E+000
  0.43792945E+000
  0.43796438E+000
  0.43799794E+000
  0.43803007E+000
  0.43806071E+000
  0.43808980E+000
  0.43811730E+000
  0.43814318E+000
  0.43816741E+000
  0.43818997E+000
  0.43821085E+000
  0.43823004E+000
  0.43824756E+000
  0.43826341E+000
  0.43827763E+000
  0.43829024E+000
  0.43830127E+000
  0.43831078E+000
  0.43831881E+000
  0.43832541E+000
  0.43833065E+000
  0.43833458E+000
  0.43833728E+000
  0.43833881E+000
  0.43833924E+000
  0.43833865E+000
  0.43833711E+000
  0.43833470E+000
  0.43833148E+000
  0.43832753E+000
  0.43832293E+000
  0.43831773E+000
  0.43831200E+000
  0.43830581E+000
  0.43829923E+000
  0.43829230E+000
  0.43828508E+000
  0.43827763E+000
  0.43826999E+000
  0.43826220E+000
  0.43825431E+000
  0.43824636E+000
  0.43823837E+000
  0.43823038E+000
  0.43822241E+000
  0.43821449E+000
  0.43820665E+000
  0.43819889E+000
  0.43819125E+000
  0.43818373E+000
  0.43817634E+000
  0.43816909E+000
  0.43816200E+000
  0.43815508E+000
  0.43814832E+000
  0.43814173E+000
  0.43813532E+000
  0.43812909E+000
  0.43812303E+000
  0.43811716E+000
  0.43811147E+000
  0.43810596E+000
  0.43810062E+000
  0.43809547E+000
  0.43809050E+000
  0.43808569E+000
  0.43808106E+000
  0.43807660E+000
  0.43807231E+000
  0.43806818E+000
  0.43806421E+000
  0.43806039E+000
  0.43805673E+000
  0.43805322E+000
  0.43804986E+000
  0.43804664E+000
  0.43804355E+000
  0.43804060E+000
  0.43803778E+000
  0.43803508E+000
  0.43803251E+000
  0.43803006E+000
  0.43802772E+000
  0.43802549E+000
  0.43802337E+000
  0.43802135E+000
  0.43801943E+000
  0.43801760E+000
  0.43801587E+000
  0.43801422E+000
  0.43801266E+000
  0.43801118E+000
  0.43800977E+000
  0.43800844E+000
  0.43800718E+000
  0.43800599E+000
  0.43800486E+000
  0.43800379E+000
  0.43800278E+000
  0.43800183E+000
  0.43800093E+000
  0.43800007E+000
  0.43799927E+000
  0.43799851E+000
  0.43799779E+000
  0.43799712E+000
  0.43799648E+000
  0.43799587E+000
  0.43799530E+000
  0.43799477E+000
  0.43799426E+000
  0.43799378E+000
  0.43799334E+000
  0.43799292E+000
  0.43799252E+000
  0.43799216E+000
  0.43799182E+000
  0.43799151E+000
  0.43799124E+000
  0.43799101E+000
  0.43799083E+000
  0.43799071E+000
  0.43799066E+000
  0.43799071E+000
