  0.12941713E+001
  0.12936300E+001
  0.12932330E+001
  0.12929052E+001
  0.12926276E+001
  0.12923915E+001
  0.12921902E+001
  0.12920180E+001
  0.12918705E+001
  0.12917439E+001
  0.12916347E+001
  0.12915403E+001
  0.12914584E+001
  0.12913869E+001
  0.12913244E+001
  0.12912694E+001
  0.12912206E+001
  0.12911772E+001
  0.12911382E+001
  0.12911030E+001
  0.12910708E+001
  0.12910412E+001
  0.12910137E+001
  0.12909880E+001
  0.12909636E+001
  0.12909402E+001
  0.12909177E+001
  0.12908958E+001
  0.12908742E+001
  0.12908529E+001
  0.12908316E+001
  0.12908103E+001
  0.12907888E+001
  0.12907670E+001
  0.12907448E+001
  0.12907222E+001
  0.12906991E+001
  0.12906754E+001
  0.12906512E+001
  0.12906263E+001
  0.12906007E+001
  0.12905744E+001
  0.12905475E+001
  0.12905199E+001
  0.12904916E+001
  0.12904627E+001
  0.12904331E+001
  0.12904029E+001
  0.12903722E+001
  0.12903410E+001
  0.12903093E+001
  0.12902772E+001
  0.12902448E+001
  0.12902122E+001
  0.12901793E+001
  0.12901464E+001
  0.12901134E+001
  0.12900805E+001
  0.12900478E+001
  0.12900152E+001
  0.12899830E+001
  0.12899512E+001
  0.12899200E+001
  0.12898893E+001
  0.12898593E+001
  0.12898300E+001
  0.12898016E+001
  0.12897741E+001
  0.12897476E+001
  0.12897222E+001
  0.12896979E+001
  0.12896749E+001
  0.12896531E+001
  0.12896327E+001
  0.12896137E+001
  0.12895961E+001
  0.12895799E+001
  0.12895653E+001
  0.12895522E+001
  0.12895407E+001
  0.12895307E+001
  0.12895223E+001
  0.12895155E+001
  0.12895103E+001
  0.12895066E+001
  0.12895044E+001
  0.12895038E+001
  0.12895046E+001
  0.12895069E+001
  0.12895105E+001
  0.12895155E+001
  0.12895219E+001
  0.12895294E+001
  0.12895382E+001
  0.12895480E+001
  0.12895590E+001
  0.12895709E+001
  0.12895838E+001
  0.12895976E+001
  0.12896122E+001
  0.12896275E+001
  0.12896435E+001
  0.12896602E+001
  0.12896775E+001
  0.12896952E+001
  0.12897135E+001
  0.12897321E+001
  0.12897512E+001
  0.12897706E+001
  0.12897903E+001
  0.12898102E+001
  0.12898304E+001
  0.12898508E+001
  0.12898714E+001
  0.12898921E+001
  0.12899130E+001
  0.12899340E+001
  0.12899550E+001
  0.12899762E+001
  0.12899975E+001
  0.12900188E+001
  0.12900402E+001
  0.12900617E+001
  0.12900833E+001
  0.12901049E+001
  0.12901266E+001
  0.12901483E+001
  0.12901701E+001
  0.12901920E+001
  0.12902139E+001
  0.12902359E+001
  0.12902580E+001
  0.12902802E+001
  0.12903024E+001
  0.12903247E+001
  0.12903472E+001
  0.12903697E+001
  0.12903922E+001
  0.12904149E+001
  0.12904377E+001
  0.12904606E+001
  0.12904835E+001
  0.12905066E+001
  0.12905297E+001
  0.12905529E+001
  0.12905763E+001
  0.12905997E+001
  0.12906232E+001
  0.12906468E+001
  0.12906704E+001
  0.12906941E+001
  0.12907179E+001
  0.12907418E+001
  0.12907657E+001
  0.12907896E+001
  0.12908136E+001
  0.12908376E+001
  0.12908617E+001
  0.12908858E+001
  0.12909098E+001
  0.12909339E+001
  0.12909580E+001
  0.12909820E+001
  0.12910060E+001
  0.12910300E+001
  0.12910539E+001
  0.12910777E+001
  0.12911015E+001
  0.12911252E+001
  0.12911488E+001
  0.12911723E+001
  0.12911957E+001
  0.12912189E+001
  0.12912420E+001
  0.12912650E+001
  0.12912878E+001
  0.12913104E+001
  0.12913328E+001
  0.12913551E+001
  0.12913772E+001
  0.12913990E+001
  0.12914207E+001
  0.12914421E+001
  0.12914633E+001
  0.12914842E+001
  0.12915049E+001
  0.12915253E+001
  0.12915455E+001
  0.12915654E+001
  0.12915850E+001
  0.12916044E+001
  0.12916234E+001
  0.12916422E+001
  0.12916607E+001
  0.12916789E+001
  0.12916968E+001
  0.12917144E+001
  0.12917318E+001
  0.12917489E+001
  0.12917659E+001
