  0.69975238E+000  0.89105182E+000  0.10013928E+001  0.25844885E+001
  0.69889742E+000  0.89142790E+000  0.10011930E+001  0.25830020E+001
  0.69852823E+000  0.89129101E+000  0.10011932E+001  0.25819201E+001
  0.69814417E+000  0.89121927E+000  0.10012335E+001  0.25810241E+001
  0.69783882E+000  0.89112544E+000  0.10012993E+001  0.25802471E+001
  0.69735665E+000  0.89136414E+000  0.10012431E+001  0.25796024E+001
  0.69718691E+000  0.89130877E+000  0.10011755E+001  0.25790898E+001
  0.69668126E+000  0.89154663E+000  0.10011162E+001  0.25787284E+001
  0.69654687E+000  0.89155209E+000  0.10010836E+001  0.25782999E+001
  0.69641438E+000  0.89149135E+000  0.10011607E+001  0.25779093E+001
  0.69629057E+000  0.89132614E+000  0.10013542E+001  0.25775682E+001
  0.69607027E+000  0.89148606E+000  0.10012057E+001  0.25773995E+001
  0.69594271E+000  0.89156077E+000  0.10011217E+001  0.25772086E+001
  0.69591134E+000  0.89155245E+000  0.10011261E+001  0.25769582E+001
  0.69564842E+000  0.89156884E+000  0.10013144E+001  0.25767662E+001
  0.69562901E+000  0.89156300E+000  0.10012904E+001  0.25765953E+001
  0.69541729E+000  0.89154514E+000  0.10014790E+001  0.25764413E+001
  0.69529617E+000  0.89165118E+000  0.10014603E+001  0.25763014E+001
  0.69529088E+000  0.89164596E+000  0.10014429E+001  0.25761734E+001
  0.69528845E+000  0.89164108E+000  0.10014762E+001  0.25760065E+001
  0.69524537E+000  0.89167887E+000  0.10014627E+001  0.25758966E+001
  0.69479397E+000  0.89212894E+000  0.10014489E+001  0.25757934E+001
  0.69479817E+000  0.89212537E+000  0.10014359E+001  0.25756958E+001
  0.69480392E+000  0.89211913E+000  0.10014266E+001  0.25756026E+001
  0.69479526E+000  0.89213181E+000  0.10014147E+001  0.25755128E+001
  0.69480291E+000  0.89212944E+000  0.10014027E+001  0.25754261E+001
  0.69481181E+000  0.89212680E+000  0.10013914E+001  0.25753411E+001
  0.69481366E+000  0.89213203E+000  0.10013803E+001  0.25752574E+001
  0.69482139E+000  0.89213201E+000  0.10013919E+001  0.25751519E+001
  0.68870672E+000  0.88678564E+000  0.10013809E+001  0.25750694E+001
  0.69484266E+000  0.89212751E+000  0.10013698E+001  0.25749868E+001
  0.69485358E+000  0.89212519E+000  0.10013589E+001  0.25749039E+001
  0.69486455E+000  0.89212009E+000  0.10014166E+001  0.25747542E+001
  0.69487549E+000  0.89211808E+000  0.10014051E+001  0.25746696E+001
  0.69488632E+000  0.89211613E+000  0.10013935E+001  0.25745838E+001
  0.69489696E+000  0.89211422E+000  0.10013803E+001  0.25744978E+001
  0.69490669E+000  0.89211301E+000  0.10013681E+001  0.25744090E+001
  0.69491792E+000  0.89211002E+000  0.10013557E+001  0.25743185E+001
  0.69492765E+000  0.89210821E+000  0.10013429E+001  0.25742262E+001
  0.69493694E+000  0.89210648E+000  0.10013299E+001  0.25741321E+001
  0.69494585E+000  0.89210470E+000  0.10013165E+001  0.25740360E+001
  0.69495424E+000  0.89210287E+000  0.10013029E+001  0.25739381E+001
  0.69496224E+000  0.89210110E+000  0.10012889E+001  0.25738382E+001
  0.69496977E+000  0.89209932E+000  0.10012745E+001  0.25737363E+001
  0.69497684E+000  0.89209752E+000  0.10012598E+001  0.25736326E+001
  0.69498344E+000  0.89209570E+000  0.10012448E+001  0.25735271E+001
  0.69498959E+000  0.89209383E+000  0.10012295E+001  0.25734199E+001
  0.69499532E+000  0.89209194E+000  0.10012139E+001  0.25733110E+001
  0.69497316E+000  0.89211749E+000  0.10011980E+001  0.25732006E+001
  0.69497681E+000  0.89211656E+000  0.10011821E+001  0.25730888E+001
  0.69498144E+000  0.89211453E+000  0.10011890E+001  0.25729527E+001
  0.69498578E+000  0.89211189E+000  0.10011673E+001  0.25728444E+001
  0.69498985E+000  0.89210975E+000  0.10011448E+001  0.25727352E+001
  0.69499372E+000  0.89210757E+000  0.10011223E+001  0.25726255E+001
  0.69499741E+000  0.89210530E+000  0.10010997E+001  0.25725153E+001
  0.69500095E+000  0.89210197E+000  0.10010789E+001  0.25724040E+001
  0.69500438E+000  0.89209966E+000  0.10010571E+001  0.25722928E+001
  0.69500773E+000  0.89209731E+000  0.10010354E+001  0.25721819E+001
  0.69501103E+000  0.89209494E+000  0.10010138E+001  0.25720715E+001
  0.69501430E+000  0.89209256E+000  0.10009904E+001  0.25719640E+001
  0.69501755E+000  0.89208848E+000  0.10009660E+001  0.25718604E+001
  0.69502080E+000  0.89208608E+000  0.10009403E+001  0.25717582E+001
  0.69502406E+000  0.89208370E+000  0.10009150E+001  0.25716574E+001
  0.69502735E+000  0.89208134E+000  0.10008903E+001  0.25715584E+001
  0.69503066E+000  0.89207901E+000  0.10008662E+001  0.25714615E+001
  0.69503399E+000  0.89207672E+000  0.10008428E+001  0.25713668E+001
  0.69503725E+000  0.89207457E+000  0.10008209E+001  0.25712740E+001
  0.69504065E+000  0.89207237E+000  0.10008007E+001  0.25711830E+001
  0.69504358E+000  0.89207069E+000  0.10007813E+001  0.25710952E+001
  0.69504702E+000  0.89206861E+000  0.10007629E+001  0.25710106E+001
  0.69505048E+000  0.89206661E+000  0.10007455E+001  0.25709295E+001
  0.69505394E+000  0.89206468E+000  0.10007294E+001  0.25708519E+001
  0.69480253E+000  0.89231772E+000  0.10007192E+001  0.25707735E+001
  0.69480598E+000  0.89230942E+000  0.10004957E+001  0.25694287E+001
  0.69480942E+000  0.89230545E+000  0.10007113E+001  0.25706289E+001
  0.69481284E+000  0.89228782E+000  0.10007197E+001  0.25705643E+001
  0.69481625E+000  0.89227409E+000  0.10007252E+001  0.25705046E+001
  0.69481962E+000  0.89226435E+000  0.10007277E+001  0.25704499E+001
  0.69482295E+000  0.89225832E+000  0.10007276E+001  0.25704004E+001
  0.69482625E+000  0.89225710E+000  0.10007237E+001  0.25703561E+001
  0.69482584E+000  0.89225994E+000  0.10007205E+001  0.25703170E+001
  0.69482903E+000  0.89225913E+000  0.10007184E+001  0.25702831E+001
  0.69483215E+000  0.89225843E+000  0.10007139E+001  0.25702579E+001
  0.69483519E+000  0.89225790E+000  0.10007137E+001  0.25702346E+001
  0.69483817E+000  0.89225747E+000  0.10007146E+001  0.25702164E+001
  0.69484108E+000  0.89225559E+000  0.10007179E+001  0.25702034E+001
  0.69484391E+000  0.89225544E+000  0.10007207E+001  0.25701954E+001
  0.69484666E+000  0.89225542E+000  0.10007244E+001  0.25701923E+001
  0.69484932E+000  0.89225554E+000  0.10007290E+001  0.25701939E+001
  0.69485189E+000  0.89225578E+000  0.10007345E+001  0.25702002E+001
  0.69485438E+000  0.89225616E+000  0.10007409E+001  0.25702110E+001
  0.69485677E+000  0.89225666E+000  0.10007482E+001  0.25702261E+001
  0.69485908E+000  0.89225729E+000  0.10007564E+001  0.25702453E+001
  0.69486130E+000  0.89225803E+000  0.10007653E+001  0.25702683E+001
  0.69486343E+000  0.89225889E+000  0.10007750E+001  0.25702951E+001
  0.69486547E+000  0.89225986E+000  0.10007902E+001  0.25703207E+001
  0.69486742E+000  0.89226095E+000  0.10008085E+001  0.25703472E+001
  0.69486929E+000  0.89226213E+000  0.10008279E+001  0.25703763E+001
  0.69487108E+000  0.89226341E+000  0.10008484E+001  0.25704078E+001
  0.69487279E+000  0.89226478E+000  0.10008698E+001  0.25704416E+001
  0.69487443E+000  0.89226624E+000  0.10008922E+001  0.25704775E+001
  0.69487599E+000  0.89226779E+000  0.10009155E+001  0.25705152E+001
  0.69487749E+000  0.89226941E+000  0.10009396E+001  0.25705547E+001
  0.69487893E+000  0.89227110E+000  0.10009605E+001  0.25705996E+001
  0.69488030E+000  0.89227285E+000  0.10009816E+001  0.25706465E+001
  0.69488162E+000  0.89227467E+000  0.10010032E+001  0.25706947E+001
  0.69488288E+000  0.89227654E+000  0.10010252E+001  0.25707442E+001
  0.69488410E+000  0.89227846E+000  0.10010480E+001  0.25707945E+001
  0.69488528E+000  0.89228042E+000  0.10010707E+001  0.25708462E+001
  0.69488641E+000  0.89228242E+000  0.10010933E+001  0.25708993E+001
  0.69488751E+000  0.89228446E+000  0.10011165E+001  0.25709527E+001
  0.69488858E+000  0.89228652E+000  0.10011429E+001  0.25710040E+001
  0.69488962E+000  0.89228860E+000  0.10011690E+001  0.25710563E+001
  0.69489064E+000  0.89229070E+000  0.10011952E+001  0.25711093E+001
  0.69489163E+000  0.89229281E+000  0.10012214E+001  0.25711629E+001
  0.69489260E+000  0.89229492E+000  0.10012456E+001  0.25712191E+001
  0.69489356E+000  0.89229704E+000  0.10012690E+001  0.25712765E+001
  0.69489450E+000  0.89229916E+000  0.10012882E+001  0.25713219E+001
  0.69489543E+000  0.89230127E+000  0.10012959E+001  0.25713343E+001
  0.69489635E+000  0.89230337E+000  0.10013035E+001  0.25713475E+001
  0.69489727E+000  0.89230545E+000  0.10013110E+001  0.25713615E+001
  0.69489817E+000  0.89230752E+000  0.10013801E+001  0.25715755E+001
  0.69489907E+000  0.89230956E+000  0.10014024E+001  0.25716362E+001
  0.69489997E+000  0.89231158E+000  0.10014251E+001  0.25716968E+001
  0.69490086E+000  0.89231357E+000  0.10014468E+001  0.25717587E+001
  0.69490175E+000  0.89231553E+000  0.10014681E+001  0.25718212E+001
  0.69490263E+000  0.89231746E+000  0.10014901E+001  0.25718833E+001
  0.69490352E+000  0.89231934E+000  0.10015182E+001  0.25719396E+001
  0.69490440E+000  0.89232119E+000  0.10015459E+001  0.25719968E+001
  0.69490528E+000  0.89232300E+000  0.10015729E+001  0.25720548E+001
  0.69490615E+000  0.89232477E+000  0.10015994E+001  0.25721136E+001
  0.69490703E+000  0.89232649E+000  0.10016254E+001  0.25721734E+001
  0.69490789E+000  0.89232817E+000  0.10016492E+001  0.25722357E+001
  0.69490876E+000  0.89232981E+000  0.10016617E+001  0.25723098E+001
  0.69490962E+000  0.89233139E+000  0.10016738E+001  0.25723845E+001
  0.69491047E+000  0.89233293E+000  0.10016060E+001  0.25725395E+001
  0.69491132E+000  0.89233443E+000  0.10016174E+001  0.25726158E+001
  0.69491217E+000  0.89233588E+000  0.10016285E+001  0.25726927E+001
  0.69491300E+000  0.89233727E+000  0.10016393E+001  0.25727704E+001
  0.69491383E+000  0.89233863E+000  0.10016497E+001  0.25728489E+001
  0.69491464E+000  0.89233993E+000  0.10016598E+001  0.25729282E+001
  0.69491545E+000  0.89234119E+000  0.10016695E+001  0.25730082E+001
  0.69491625E+000  0.89234241E+000  0.10016790E+001  0.25730889E+001
  0.69491703E+000  0.89234358E+000  0.10016881E+001  0.25731705E+001
  0.69491781E+000  0.89234470E+000  0.10016969E+001  0.25732527E+001
  0.69491857E+000  0.89234578E+000  0.10017054E+001  0.25733357E+001
  0.69491932E+000  0.89234682E+000  0.10017135E+001  0.25734194E+001
  0.69492005E+000  0.89234782E+000  0.10017214E+001  0.25735037E+001
  0.69492077E+000  0.89234878E+000  0.10017290E+001  0.25735888E+001
  0.69492147E+000  0.89234970E+000  0.10017363E+001  0.25736745E+001
  0.69492216E+000  0.89235058E+000  0.10017433E+001  0.25737608E+001
  0.69492284E+000  0.89235142E+000  0.10017500E+001  0.25738477E+001
  0.69492350E+000  0.89235223E+000  0.10017565E+001  0.25739352E+001
  0.69492414E+000  0.89235300E+000  0.10017627E+001  0.25740232E+001
  0.69492477E+000  0.89235374E+000  0.10017687E+001  0.25741116E+001
  0.69492538E+000  0.89235445E+000  0.10017744E+001  0.25742006E+001
  0.69492597E+000  0.89235513E+000  0.10017799E+001  0.25742899E+001
  0.69492655E+000  0.89235577E+000  0.10017851E+001  0.25743797E+001
  0.69492711E+000  0.89235639E+000  0.10017901E+001  0.25744697E+001
  0.69492765E+000  0.89235698E+000  0.10017950E+001  0.25745600E+001
  0.69492818E+000  0.89235755E+000  0.10017996E+001  0.25746506E+001
  0.69492869E+000  0.89235809E+000  0.10018040E+001  0.25747414E+001
  0.69492918E+000  0.89235860E+000  0.10018082E+001  0.25748323E+001
  0.69492966E+000  0.89235909E+000  0.10018122E+001  0.25749233E+001
  0.69493012E+000  0.89235956E+000  0.10018161E+001  0.25750144E+001
  0.69493057E+000  0.89236001E+000  0.10018198E+001  0.25751054E+001
  0.69493100E+000  0.89236044E+000  0.10018233E+001  0.25751964E+001
  0.69493142E+000  0.89236085E+000  0.10018267E+001  0.25752873E+001
  0.69493182E+000  0.89236124E+000  0.10018300E+001  0.25753781E+001
  0.69493221E+000  0.89236161E+000  0.10018330E+001  0.25754686E+001
  0.69493258E+000  0.89236196E+000  0.10018360E+001  0.25755589E+001
  0.69493294E+000  0.89236230E+000  0.10018388E+001  0.25756489E+001
  0.69493328E+000  0.89236263E+000  0.10018415E+001  0.25757385E+001
  0.69493361E+000  0.89236294E+000  0.10018441E+001  0.25758277E+001
  0.69493393E+000  0.89236323E+000  0.10018466E+001  0.25759164E+001
  0.69493424E+000  0.89236352E+000  0.10018489E+001  0.25760047E+001
  0.69493453E+000  0.89236379E+000  0.10018512E+001  0.25760924E+001
  0.69493482E+000  0.89236405E+000  0.10018533E+001  0.25761795E+001
  0.69493509E+000  0.89236429E+000  0.10018554E+001  0.25762660E+001
  0.69493535E+000  0.89236453E+000  0.10018574E+001  0.25763517E+001
  0.69493560E+000  0.89236476E+000  0.10018592E+001  0.25764368E+001
  0.69493584E+000  0.89236498E+000  0.10018611E+001  0.25765211E+001
  0.69493607E+000  0.89236518E+000  0.10018628E+001  0.25766046E+001
  0.69493629E+000  0.89236538E+000  0.10018644E+001  0.25766872E+001
  0.69493650E+000  0.89236557E+000  0.10018660E+001  0.25767690E+001
  0.69493670E+000  0.89236576E+000  0.10018675E+001  0.25768498E+001
  0.69493690E+000  0.89236593E+000  0.10018690E+001  0.25769297E+001
  0.69493708E+000  0.89236610E+000  0.10018704E+001  0.25770087E+001
  0.69493726E+000  0.89236626E+000  0.10018718E+001  0.25770866E+001
  0.69493743E+000  0.89236642E+000  0.10018730E+001  0.25771635E+001
  0.69493759E+000  0.89236657E+000  0.10018743E+001  0.25772393E+001
  0.69493774E+000  0.89236671E+000  0.10018755E+001  0.25773141E+001
  0.69493789E+000  0.89236685E+000  0.10018766E+001  0.25773878E+001
  0.69493803E+000  0.89236699E+000  0.10018777E+001  0.25774604E+001
  0.69493817E+000  0.89236712E+000  0.10018788E+001  0.25775318E+001
  0.69493830E+000  0.89236724E+000  0.10018798E+001  0.25776022E+001
  0.69493843E+000  0.89236736E+000  0.10018808E+001  0.25776714E+001
  0.69493856E+000  0.89236747E+000  0.10018818E+001  0.25777396E+001
  0.69493867E+000  0.89236758E+000  0.10018827E+001  0.25778067E+001
  0.69493898E+000  0.89236774E+000  0.10018839E+001  0.25778733E+001
