  0.96795084E+000
  0.96824180E+000
  0.96844034E+000
  0.96859934E+000
  0.96873082E+000
  0.96884024E+000
  0.96893156E+000
  0.96900798E+000
  0.96907203E+000
  0.96912578E+000
  0.96917100E+000
  0.96920915E+000
  0.96924141E+000
  0.96926875E+000
  0.96929198E+000
  0.96931176E+000
  0.96932869E+000
  0.96934322E+000
  0.96935576E+000
  0.96936666E+000
  0.96937619E+000
  0.96938460E+000
  0.96939209E+000
  0.96939884E+000
  0.96940499E+000
  0.96941068E+000
  0.96941601E+000
  0.96942109E+000
  0.96942598E+000
  0.96943077E+000
  0.96943551E+000
  0.96944027E+000
  0.96944507E+000
  0.96944998E+000
  0.96945502E+000
  0.96946022E+000
  0.96946561E+000
  0.96947121E+000
  0.96947705E+000
  0.96948313E+000
  0.96948947E+000
  0.96949607E+000
  0.96950295E+000
  0.96951010E+000
  0.96951753E+000
  0.96952522E+000
  0.96953317E+000
  0.96954137E+000
  0.96954981E+000
  0.96955846E+000
  0.96956731E+000
  0.96957634E+000
  0.96958551E+000
  0.96959480E+000
  0.96960419E+000
  0.96961364E+000
  0.96962311E+000
  0.96963259E+000
  0.96964203E+000
  0.96965140E+000
  0.96966067E+000
  0.96966980E+000
  0.96967877E+000
  0.96968754E+000
  0.96969608E+000
  0.96970436E+000
  0.96971235E+000
  0.96972002E+000
  0.96972735E+000
  0.96973430E+000
  0.96974085E+000
  0.96974697E+000
  0.96975265E+000
  0.96975785E+000
  0.96976258E+000
  0.96976679E+000
  0.96977049E+000
  0.96977366E+000
  0.96977628E+000
  0.96977836E+000
  0.96977987E+000
  0.96978083E+000
  0.96978122E+000
  0.96978105E+000
  0.96978032E+000
  0.96977905E+000
  0.96977723E+000
  0.96977488E+000
  0.96977202E+000
  0.96976866E+000
  0.96976481E+000
  0.96976050E+000
  0.96975575E+000
  0.96975058E+000
  0.96974501E+000
  0.96973906E+000
  0.96973277E+000
  0.96972615E+000
  0.96971923E+000
  0.96971205E+000
  0.96970461E+000
  0.96969696E+000
  0.96968911E+000
  0.96968109E+000
  0.96967293E+000
  0.96966464E+000
  0.96965625E+000
  0.96964778E+000
  0.96963925E+000
  0.96963068E+000
  0.96962210E+000
  0.96961350E+000
  0.96960492E+000
  0.96959637E+000
  0.96958785E+000
  0.96957939E+000
  0.96957100E+000
  0.96956268E+000
  0.96955444E+000
  0.96954630E+000
  0.96953826E+000
  0.96953033E+000
  0.96952251E+000
  0.96951481E+000
  0.96950724E+000
  0.96949979E+000
  0.96949248E+000
  0.96948530E+000
  0.96947826E+000
  0.96947136E+000
  0.96946461E+000
  0.96945799E+000
  0.96945152E+000
  0.96944520E+000
  0.96943902E+000
  0.96943298E+000
  0.96942709E+000
  0.96942134E+000
  0.96941574E+000
  0.96941027E+000
  0.96940495E+000
  0.96939977E+000
  0.96939473E+000
  0.96938982E+000
  0.96938505E+000
  0.96938042E+000
  0.96937591E+000
  0.96937153E+000
  0.96936728E+000
  0.96936316E+000
  0.96935916E+000
  0.96935528E+000
  0.96935151E+000
  0.96934786E+000
  0.96934433E+000
  0.96934090E+000
  0.96933758E+000
  0.96933436E+000
  0.96933125E+000
  0.96932824E+000
  0.96932532E+000
  0.96932250E+000
  0.96931977E+000
  0.96931713E+000
  0.96931457E+000
  0.96931210E+000
  0.96930971E+000
  0.96930740E+000
  0.96930517E+000
  0.96930301E+000
  0.96930092E+000
  0.96929890E+000
  0.96929695E+000
  0.96929507E+000
  0.96929324E+000
  0.96929148E+000
  0.96928978E+000
  0.96928813E+000
  0.96928654E+000
  0.96928501E+000
  0.96928352E+000
  0.96928208E+000
  0.96928069E+000
  0.96927935E+000
  0.96927806E+000
  0.96927680E+000
  0.96927559E+000
  0.96927442E+000
  0.96927329E+000
  0.96927220E+000
  0.96927114E+000
  0.96927012E+000
  0.96926913E+000
  0.96926818E+000
  0.96926725E+000
  0.96926635E+000
  0.96926548E+000
  0.96926463E+000
  0.96926379E+000
  0.96926282E+000
