  0.49229881E+000
  0.49243217E+000
  0.49251989E+000
  0.49259031E+000
  0.49264893E+000
  0.49269806E+000
  0.49273932E+000
  0.49277405E+000
  0.49280329E+000
  0.49282796E+000
  0.49284880E+000
  0.49286644E+000
  0.49288141E+000
  0.49289414E+000
  0.49290499E+000
  0.49291427E+000
  0.49292223E+000
  0.49292908E+000
  0.49293501E+000
  0.49294017E+000
  0.49294469E+000
  0.49294868E+000
  0.49295224E+000
  0.49295545E+000
  0.49295837E+000
  0.49296106E+000
  0.49296358E+000
  0.49296597E+000
  0.49296827E+000
  0.49297051E+000
  0.49297272E+000
  0.49297493E+000
  0.49297715E+000
  0.49297942E+000
  0.49298174E+000
  0.49298414E+000
  0.49298662E+000
  0.49298920E+000
  0.49299189E+000
  0.49299469E+000
  0.49299762E+000
  0.49300067E+000
  0.49300385E+000
  0.49300717E+000
  0.49301062E+000
  0.49301421E+000
  0.49301792E+000
  0.49302175E+000
  0.49302570E+000
  0.49302976E+000
  0.49303392E+000
  0.49303817E+000
  0.49304250E+000
  0.49304688E+000
  0.49305132E+000
  0.49305579E+000
  0.49306028E+000
  0.49306477E+000
  0.49306925E+000
  0.49307370E+000
  0.49307811E+000
  0.49308246E+000
  0.49308673E+000
  0.49309092E+000
  0.49309500E+000
  0.49309896E+000
  0.49310279E+000
  0.49310647E+000
  0.49310999E+000
  0.49311335E+000
  0.49311651E+000
  0.49311948E+000
  0.49312224E+000
  0.49312479E+000
  0.49312711E+000
  0.49312919E+000
  0.49313104E+000
  0.49313263E+000
  0.49313397E+000
  0.49313504E+000
  0.49313586E+000
  0.49313640E+000
  0.49313668E+000
  0.49313669E+000
  0.49313643E+000
  0.49313591E+000
  0.49313512E+000
  0.49313407E+000
  0.49313277E+000
  0.49313121E+000
  0.49312942E+000
  0.49312739E+000
  0.49312513E+000
  0.49312265E+000
  0.49311997E+000
  0.49311709E+000
  0.49311402E+000
  0.49311077E+000
  0.49310736E+000
  0.49310380E+000
  0.49310010E+000
  0.49309627E+000
  0.49309231E+000
  0.49308826E+000
  0.49308411E+000
  0.49307987E+000
  0.49307557E+000
  0.49307120E+000
  0.49306679E+000
  0.49306233E+000
  0.49305784E+000
  0.49305334E+000
  0.49304881E+000
  0.49304429E+000
  0.49303977E+000
  0.49303526E+000
  0.49303077E+000
  0.49302630E+000
  0.49302187E+000
  0.49301747E+000
  0.49301311E+000
  0.49300880E+000
  0.49300453E+000
  0.49300033E+000
  0.49299618E+000
  0.49299209E+000
  0.49298807E+000
  0.49298411E+000
  0.49298023E+000
  0.49297641E+000
  0.49297267E+000
  0.49296900E+000
  0.49296541E+000
  0.49296189E+000
  0.49295846E+000
  0.49295510E+000
  0.49295181E+000
  0.49294861E+000
  0.49294549E+000
  0.49294244E+000
  0.49293947E+000
  0.49293658E+000
  0.49293377E+000
  0.49293103E+000
  0.49292837E+000
  0.49292578E+000
  0.49292327E+000
  0.49292083E+000
  0.49291847E+000
  0.49291617E+000
  0.49291394E+000
  0.49291178E+000
  0.49290969E+000
  0.49290767E+000
  0.49290570E+000
  0.49290380E+000
  0.49290196E+000
  0.49290019E+000
  0.49289847E+000
  0.49289680E+000
  0.49289519E+000
  0.49289364E+000
  0.49289213E+000
  0.49289068E+000
  0.49288928E+000
  0.49288792E+000
  0.49288661E+000
  0.49288535E+000
  0.49288412E+000
  0.49288294E+000
  0.49288181E+000
  0.49288071E+000
  0.49287964E+000
  0.49287862E+000
  0.49287763E+000
  0.49287667E+000
  0.49287575E+000
  0.49287486E+000
  0.49287400E+000
  0.49287317E+000
  0.49287237E+000
  0.49287160E+000
  0.49287085E+000
  0.49287013E+000
  0.49286943E+000
  0.49286876E+000
  0.49286811E+000
  0.49286749E+000
  0.49286688E+000
  0.49286630E+000
  0.49286573E+000
  0.49286519E+000
  0.49286466E+000
  0.49286415E+000
  0.49286366E+000
  0.49286318E+000
  0.49286272E+000
  0.49286226E+000
  0.49286182E+000
  0.49286132E+000
