  0.57252406E+000  0.93886112E+000  0.10753262E+001  0.33617211E+001
  0.57300105E+000  0.93906156E+000  0.10761993E+001  0.33725658E+001
  0.57340349E+000  0.93922384E+000  0.10768941E+001  0.33821813E+001
  0.57374120E+000  0.93935715E+000  0.10774784E+001  0.33903258E+001
  0.57402675E+000  0.93946948E+000  0.10779738E+001  0.33972445E+001
  0.57426799E+000  0.93956391E+000  0.10783940E+001  0.34031105E+001
  0.57447178E+000  0.93964207E+000  0.10787508E+001  0.34080809E+001
  0.57464368E+000  0.93970788E+000  0.10790526E+001  0.34122916E+001
  0.57478861E+000  0.93976337E+000  0.10793075E+001  0.34158581E+001
  0.57491087E+000  0.93980997E+000  0.10795227E+001  0.34188783E+001
  0.57501393E+000  0.93984888E+000  0.10797044E+001  0.34214353E+001
  0.57510064E+000  0.93988143E+000  0.10798577E+001  0.34235995E+001
  0.57517353E+000  0.93990867E+000  0.10799865E+001  0.34254301E+001
  0.57523468E+000  0.93993138E+000  0.10800946E+001  0.34269771E+001
  0.57528580E+000  0.93995025E+000  0.10801853E+001  0.34282829E+001
  0.57532845E+000  0.93996582E+000  0.10802611E+001  0.34293832E+001
  0.57536387E+000  0.93997858E+000  0.10803242E+001  0.34303086E+001
  0.57539314E+000  0.93998890E+000  0.10803767E+001  0.34310849E+001
  0.57541718E+000  0.93999718E+000  0.10804200E+001  0.34317341E+001
  0.57543677E+000  0.94000372E+000  0.10804555E+001  0.34322748E+001
  0.57545256E+000  0.94000878E+000  0.10804842E+001  0.34327229E+001
  0.57546506E+000  0.94001261E+000  0.10805073E+001  0.34330920E+001
  0.57547480E+000  0.94001535E+000  0.10805256E+001  0.34333935E+001
  0.57548221E+000  0.94001714E+000  0.10805398E+001  0.34336375E+001
  0.57548763E+000  0.94001813E+000  0.10805505E+001  0.34338325E+001
  0.57549137E+000  0.94001841E+000  0.10805582E+001  0.34339857E+001
  0.57549368E+000  0.94001810E+000  0.10805634E+001  0.34341033E+001
  0.57549481E+000  0.94001728E+000  0.10805665E+001  0.34341909E+001
  0.57549493E+000  0.94001601E+000  0.10805677E+001  0.34342529E+001
  0.55807674E+000  0.93557387E+000  0.10805674E+001  0.34342935E+001
  0.57549285E+000  0.94001241E+000  0.10805658E+001  0.34343160E+001
  0.57549092E+000  0.94001019E+000  0.10805631E+001  0.34343235E+001
  0.57548855E+000  0.94000773E+000  0.10805596E+001  0.34343184E+001
  0.57548584E+000  0.94000509E+000  0.10805553E+001  0.34343031E+001
  0.57548287E+000  0.94000229E+000  0.10805503E+001  0.34342792E+001
  0.57547972E+000  0.93999937E+000  0.10805449E+001  0.34342485E+001
  0.57547645E+000  0.93999636E+000  0.10805391E+001  0.34342124E+001
  0.57547312E+000  0.93999328E+000  0.10805330E+001  0.34341718E+001
  0.57546977E+000  0.93999016E+000  0.10805267E+001  0.34341280E+001
  0.57546643E+000  0.93998701E+000  0.10805202E+001  0.34340816E+001
  0.57546315E+000  0.93998386E+000  0.10805135E+001  0.34340333E+001
  0.57545995E+000  0.93998072E+000  0.10805068E+001  0.34339838E+001
  0.57545685E+000  0.93997761E+000  0.10805001E+001  0.34339335E+001
  0.57545386E+000  0.93997455E+000  0.10804934E+001  0.34338828E+001
  0.57545099E+000  0.93997154E+000  0.10804867E+001  0.34338321E+001
  0.57544827E+000  0.93996860E+000  0.10804801E+001  0.34337816E+001
  0.57544568E+000  0.93996573E+000  0.10804737E+001  0.34337317E+001
  0.57544323E+000  0.93996294E+000  0.10804673E+001  0.34336825E+001
  0.57544092E+000  0.93996023E+000  0.10804611E+001  0.34336342E+001
  0.57543876E+000  0.93995762E+000  0.10804550E+001  0.34335870E+001
  0.57543672E+000  0.93995509E+000  0.10804491E+001  0.34335411E+001
  0.57543482E+000  0.93995265E+000  0.10804434E+001  0.34334967E+001
  0.57543304E+000  0.93995029E+000  0.10804380E+001  0.34334538E+001
  0.57543139E+000  0.93994802E+000  0.10804328E+001  0.34334127E+001
  0.57542985E+000  0.93994582E+000  0.10804278E+001  0.34333734E+001
  0.57542842E+000  0.93994370E+000  0.10804232E+001  0.34333362E+001
  0.57542709E+000  0.93994165E+000  0.10804188E+001  0.34333010E+001
  0.57542587E+000  0.93993967E+000  0.10804148E+001  0.34332682E+001
  0.57542475E+000  0.93993775E+000  0.10804111E+001  0.34332377E+001
  0.57542373E+000  0.93993590E+000  0.10804077E+001  0.34332097E+001
  0.57542282E+000  0.93993411E+000  0.10804047E+001  0.34331844E+001
  0.57542200E+000  0.93993239E+000  0.10804022E+001  0.34331619E+001
  0.57542129E+000  0.93993073E+000  0.10804000E+001  0.34331422E+001
  0.57542068E+000  0.93992914E+000  0.10803983E+001  0.34331256E+001
  0.57542018E+000  0.93992762E+000  0.10803970E+001  0.34331120E+001
  0.57541979E+000  0.93992617E+000  0.10803962E+001  0.34331017E+001
  0.57541953E+000  0.93992480E+000  0.10803959E+001  0.34330947E+001
  0.57541938E+000  0.93992351E+000  0.10803961E+001  0.34330910E+001
  0.57541937E+000  0.93992231E+000  0.10803968E+001  0.34330909E+001
  0.57541949E+000  0.93992121E+000  0.10803981E+001  0.34330943E+001
  0.57541975E+000  0.93992020E+000  0.10804000E+001  0.34331012E+001
  0.57542015E+000  0.93991929E+000  0.10804024E+001  0.34331118E+001
  0.57542071E+000  0.93991849E+000  0.10804054E+001  0.34331260E+001
  0.57542141E+000  0.93991782E+000  0.10801765E+001  0.34311417E+001
  0.57542227E+000  0.93991726E+000  0.10804133E+001  0.34331655E+001
  0.57542331E+000  0.93991683E+000  0.10804182E+001  0.34331908E+001
  0.57542452E+000  0.93991652E+000  0.10804237E+001  0.34332197E+001
  0.57542590E+000  0.93991633E+000  0.10804298E+001  0.34332522E+001
  0.57542746E+000  0.93991628E+000  0.10804366E+001  0.34332882E+001
  0.57542921E+000  0.93991637E+000  0.10804441E+001  0.34333276E+001
  0.57543115E+000  0.93991659E+000  0.10804521E+001  0.34333705E+001
  0.57543328E+000  0.93991695E+000  0.10804609E+001  0.34334166E+001
  0.57543559E+000  0.93991744E+000  0.10804702E+001  0.34334659E+001
  0.57543810E+000  0.93991808E+000  0.10804802E+001  0.34335183E+001
  0.57544080E+000  0.93991886E+000  0.10804909E+001  0.34335735E+001
  0.57544370E+000  0.93991979E+000  0.10805021E+001  0.34336316E+001
  0.57544678E+000  0.93992085E+000  0.10805140E+001  0.34336923E+001
  0.57545005E+000  0.93992204E+000  0.10805264E+001  0.34337554E+001
  0.57545351E+000  0.93992338E+000  0.10805395E+001  0.34338209E+001
  0.57545715E+000  0.93992485E+000  0.10805531E+001  0.34338885E+001
  0.57546098E+000  0.93992645E+000  0.10805672E+001  0.34339582E+001
  0.57546498E+000  0.93992817E+000  0.10805818E+001  0.34340298E+001
  0.57546915E+000  0.93993002E+000  0.10805970E+001  0.34341030E+001
  0.57547348E+000  0.93993199E+000  0.10806126E+001  0.34341779E+001
  0.57547797E+000  0.93993408E+000  0.10806287E+001  0.34342541E+001
  0.57548261E+000  0.93993627E+000  0.10806451E+001  0.34343316E+001
  0.57548740E+000  0.93993857E+000  0.10806620E+001  0.34344103E+001
  0.57549233E+000  0.93994097E+000  0.10806792E+001  0.34344900E+001
  0.57549738E+000  0.93994346E+000  0.10806968E+001  0.34345706E+001
  0.57550255E+000  0.93994604E+000  0.10807147E+001  0.34346520E+001
  0.57550783E+000  0.93994869E+000  0.10807328E+001  0.34347341E+001
  0.57551322E+000  0.93995143E+000  0.10807512E+001  0.34348169E+001
  0.57551869E+000  0.93995423E+000  0.10807697E+001  0.34349002E+001
  0.57552425E+000  0.93995709E+000  0.10807885E+001  0.34349840E+001
  0.57552988E+000  0.93996001E+000  0.10808074E+001  0.34350682E+001
  0.57553557E+000  0.93996298E+000  0.10808264E+001  0.34351528E+001
  0.57554131E+000  0.93996599E+000  0.10808455E+001  0.34352378E+001
  0.57554709E+000  0.93996904E+000  0.10808646E+001  0.34353231E+001
  0.57555291E+000  0.93997211E+000  0.10808838E+001  0.34354088E+001
  0.57555875E+000  0.93997521E+000  0.10809029E+001  0.34354947E+001
  0.57556461E+000  0.93997832E+000  0.10809220E+001  0.34355811E+001
  0.57557046E+000  0.93998145E+000  0.10809411E+001  0.34356677E+001
  0.57557631E+000  0.93998458E+000  0.10809600E+001  0.34357547E+001
  0.57558215E+000  0.93998771E+000  0.10809789E+001  0.34358421E+001
  0.57558796E+000  0.93999083E+000  0.10809976E+001  0.34359299E+001
  0.57559374E+000  0.93999394E+000  0.10810161E+001  0.34360181E+001
  0.57559949E+000  0.93999704E+000  0.10810344E+001  0.34361068E+001
  0.57560518E+000  0.94000012E+000  0.10810500E+001  0.34361736E+001
  0.57561082E+000  0.94000317E+000  0.10810582E+001  0.34361807E+001
  0.57561640E+000  0.94000619E+000  0.10810663E+001  0.34361888E+001
  0.57562191E+000  0.94000918E+000  0.10810741E+001  0.34361981E+001
  0.57562734E+000  0.94001213E+000  0.10811227E+001  0.34365589E+001
  0.57563270E+000  0.94001504E+000  0.10811396E+001  0.34366514E+001
  0.57563797E+000  0.94001790E+000  0.10811561E+001  0.34367446E+001
  0.57564315E+000  0.94002072E+000  0.10811724E+001  0.34368386E+001
  0.57564824E+000  0.94002349E+000  0.10811883E+001  0.34369335E+001
  0.57565323E+000  0.94002621E+000  0.10812039E+001  0.34370292E+001
  0.57565812E+000  0.94002887E+000  0.10812192E+001  0.34371259E+001
  0.57566291E+000  0.94003148E+000  0.10812341E+001  0.34372235E+001
  0.57566759E+000  0.94003403E+000  0.10812486E+001  0.34373221E+001
  0.57567216E+000  0.94003652E+000  0.10812628E+001  0.34374217E+001
  0.57567662E+000  0.94003895E+000  0.10812766E+001  0.34375224E+001
  0.57568097E+000  0.94004133E+000  0.10812901E+001  0.34376241E+001
  0.57568520E+000  0.94004363E+000  0.10813032E+001  0.34377268E+001
  0.57568933E+000  0.94004588E+000  0.10813159E+001  0.34378307E+001
  0.57569333E+000  0.94004806E+000  0.10813283E+001  0.34379356E+001
  0.57569722E+000  0.94005019E+000  0.10813403E+001  0.34380416E+001
  0.57570100E+000  0.94005224E+000  0.10813519E+001  0.34381487E+001
  0.57570466E+000  0.94005424E+000  0.10813631E+001  0.34382569E+001
  0.57570821E+000  0.94005617E+000  0.10813740E+001  0.34383661E+001
  0.57571165E+000  0.94005804E+000  0.10813846E+001  0.34384764E+001
  0.57571498E+000  0.94005985E+000  0.10813948E+001  0.34385878E+001
  0.57571819E+000  0.94006160E+000  0.10814046E+001  0.34387002E+001
  0.57572130E+000  0.94006329E+000  0.10814142E+001  0.34388135E+001
  0.57572430E+000  0.94006492E+000  0.10814233E+001  0.34389279E+001
  0.57572719E+000  0.94006649E+000  0.10814322E+001  0.34390432E+001
  0.57572998E+000  0.94006800E+000  0.10814407E+001  0.34391594E+001
  0.57573267E+000  0.94006946E+000  0.10814490E+001  0.34392765E+001
  0.57573526E+000  0.94007086E+000  0.10814569E+001  0.34393944E+001
  0.57573775E+000  0.94007221E+000  0.10814645E+001  0.34395132E+001
  0.57574015E+000  0.94007351E+000  0.10814718E+001  0.34396326E+001
  0.57574245E+000  0.94007476E+000  0.10814789E+001  0.34397528E+001
  0.57574467E+000  0.94007596E+000  0.10814856E+001  0.34398736E+001
  0.57574680E+000  0.94007711E+000  0.10814921E+001  0.34399950E+001
  0.57574884E+000  0.94007821E+000  0.10814984E+001  0.34401169E+001
  0.57575080E+000  0.94007927E+000  0.10815044E+001  0.34402393E+001
  0.57575268E+000  0.94008029E+000  0.10815101E+001  0.34403621E+001
  0.57575449E+000  0.94008126E+000  0.10815156E+001  0.34404852E+001
  0.57575622E+000  0.94008219E+000  0.10815209E+001  0.34406087E+001
  0.57575787E+000  0.94008309E+000  0.10815260E+001  0.34407323E+001
  0.57575946E+000  0.94008394E+000  0.10815309E+001  0.34408562E+001
  0.57576098E+000  0.94008476E+000  0.10815355E+001  0.34409801E+001
  0.57576244E+000  0.94008554E+000  0.10815400E+001  0.34411040E+001
  0.57576383E+000  0.94008629E+000  0.10815443E+001  0.34412279E+001
  0.57576517E+000  0.94008701E+000  0.10815484E+001  0.34413516E+001
  0.57576645E+000  0.94008770E+000  0.10815523E+001  0.34414752E+001
  0.57576767E+000  0.94008836E+000  0.10815561E+001  0.34415985E+001
  0.57576884E+000  0.94008898E+000  0.10815597E+001  0.34417215E+001
  0.57576996E+000  0.94008959E+000  0.10815631E+001  0.34418441E+001
  0.57577103E+000  0.94009016E+000  0.10815665E+001  0.34419663E+001
  0.57577205E+000  0.94009071E+000  0.10815696E+001  0.34420879E+001
  0.57577303E+000  0.94009124E+000  0.10815727E+001  0.34422089E+001
  0.57577397E+000  0.94009174E+000  0.10815756E+001  0.34423293E+001
  0.57577487E+000  0.94009222E+000  0.10815783E+001  0.34424489E+001
  0.57577572E+000  0.94009268E+000  0.10815810E+001  0.34425677E+001
  0.57577655E+000  0.94009312E+000  0.10815836E+001  0.34426858E+001
  0.57577733E+000  0.94009355E+000  0.10815860E+001  0.34428029E+001
  0.57577808E+000  0.94009395E+000  0.10815884E+001  0.34429190E+001
  0.57577880E+000  0.94009434E+000  0.10815906E+001  0.34430341E+001
  0.57577949E+000  0.94009471E+000  0.10815928E+001  0.34431482E+001
  0.57578015E+000  0.94009506E+000  0.10815949E+001  0.34432611E+001
  0.57578079E+000  0.94009540E+000  0.10815968E+001  0.34433729E+001
  0.57578139E+000  0.94009573E+000  0.10815988E+001  0.34434834E+001
  0.57578197E+000  0.94009604E+000  0.10816006E+001  0.34435927E+001
  0.57578253E+000  0.94009634E+000  0.10816024E+001  0.34437007E+001
  0.57578307E+000  0.94009663E+000  0.10816040E+001  0.34438073E+001
  0.57578358E+000  0.94009691E+000  0.10816057E+001  0.34439126E+001
  0.57578408E+000  0.94009718E+000  0.10816072E+001  0.34440165E+001
  0.57578455E+000  0.94009743E+000  0.10816088E+001  0.34441189E+001
  0.57578501E+000  0.94009768E+000  0.10816102E+001  0.34442198E+001
  0.57578545E+000  0.94009792E+000  0.10816116E+001  0.34443193E+001
  0.57578588E+000  0.94009815E+000  0.10816130E+001  0.34444173E+001
  0.57578629E+000  0.94009837E+000  0.10816143E+001  0.34445138E+001
  0.57578669E+000  0.94009859E+000  0.10816156E+001  0.34446088E+001
  0.57578708E+000  0.94009880E+000  0.10816169E+001  0.34447023E+001
  0.57578746E+000  0.94009900E+000  0.10816181E+001  0.34447943E+001
  0.57578784E+000  0.94009920E+000  0.10816193E+001  0.34448849E+001
  0.57578821E+000  0.94009940E+000  0.10816205E+001  0.34449741E+001
  0.57578860E+000  0.94009960E+000  0.10816217E+001  0.34450624E+001
  0.57578895E+000  0.94009977E+000  0.10816229E+001  0.34451508E+001
