 -0.47079681E-001  0.61868008E-001  0.14541108E+001  0.42376975E+002
 -0.47182550E-001  0.61732612E-001  0.14522369E+001  0.42345688E+002
 -0.47260417E-001  0.61623568E-001  0.14506738E+001  0.42318596E+002
 -0.47318187E-001  0.61533993E-001  0.14493662E+001  0.42295248E+002
 -0.47359938E-001  0.61459971E-001  0.14482664E+001  0.42275085E+002
 -0.47389067E-001  0.61398586E-001  0.14473352E+001  0.42257637E+002
 -0.47408347E-001  0.61347491E-001  0.14465444E+001  0.42242493E+002
 -0.47420027E-001  0.61304765E-001  0.14458709E+001  0.42229302E+002
 -0.47425913E-001  0.61268854E-001  0.14452955E+001  0.42217765E+002
 -0.47427447E-001  0.61238462E-001  0.14448025E+001  0.42207629E+002
 -0.47425775E-001  0.61212512E-001  0.14443785E+001  0.42198681E+002
 -0.47421799E-001  0.61190149E-001  0.14440125E+001  0.42190737E+002
 -0.47416230E-001  0.61170681E-001  0.14436951E+001  0.42183645E+002
 -0.47409620E-001  0.61153548E-001  0.14434184E+001  0.42177272E+002
 -0.47402395E-001  0.61138293E-001  0.14431759E+001  0.42171507E+002
 -0.47394880E-001  0.61124542E-001  0.14429619E+001  0.42166256E+002
 -0.47387321E-001  0.61111993E-001  0.14427717E+001  0.42161438E+002
 -0.47379900E-001  0.61100395E-001  0.14426012E+001  0.42156982E+002
 -0.47372748E-001  0.61089544E-001  0.14424470E+001  0.42152830E+002
 -0.47365956E-001  0.61079270E-001  0.14423061E+001  0.42148931E+002
 -0.47359584E-001  0.61069433E-001  0.14421761E+001  0.42145240E+002
 -0.47353669E-001  0.61059914E-001  0.14420547E+001  0.42141718E+002
 -0.47348227E-001  0.61050614E-001  0.14419400E+001  0.42138334E+002
 -0.47343261E-001  0.61041449E-001  0.14418304E+001  0.42135058E+002
 -0.47338763E-001  0.61032346E-001  0.14417246E+001  0.42131864E+002
 -0.47334716E-001  0.61023241E-001  0.14416211E+001  0.42128731E+002
 -0.47331099E-001  0.61014080E-001  0.14415190E+001  0.42125639E+002
 -0.47327884E-001  0.61004813E-001  0.14414171E+001  0.42122570E+002
 -0.47325042E-001  0.60995396E-001  0.14413148E+001  0.42119510E+002
 -0.47322543E-001  0.60985789E-001  0.14412110E+001  0.42116446E+002
 -0.47320355E-001  0.60975954E-001  0.14411053E+001  0.42113364E+002
 -0.47318446E-001  0.60965857E-001  0.14409969E+001  0.42110256E+002
 -0.47316787E-001  0.60955468E-001  0.14408853E+001  0.42107111E+002
 -0.47315346E-001  0.60944756E-001  0.14407699E+001  0.42103922E+002
 -0.47314097E-001  0.60933696E-001  0.14406505E+001  0.42100682E+002
 -0.47313013E-001  0.60922264E-001  0.14405266E+001  0.42097385E+002
 -0.47312069E-001  0.60910440E-001  0.14403979E+001  0.42094027E+002
 -0.47311243E-001  0.60898208E-001  0.14402642E+001  0.42090603E+002
 -0.47310516E-001  0.60885556E-001  0.14401252E+001  0.42087110E+002
 -0.47309868E-001  0.60872480E-001  0.14399810E+001  0.42083547E+002
 -0.47309283E-001  0.60858977E-001  0.14398315E+001  0.42079912E+002
 -0.47308747E-001  0.60845057E-001  0.14396767E+001  0.42076204E+002
 -0.47308247E-001  0.60830733E-001  0.14395167E+001  0.42072424E+002
 -0.47307772E-001  0.60816029E-001  0.14393518E+001  0.42068573E+002
 -0.47307311E-001  0.60800976E-001  0.14391821E+001  0.42064653E+002
 -0.47306855E-001  0.60785614E-001  0.14390081E+001  0.42060665E+002
 -0.47306395E-001  0.60769992E-001  0.14388301E+001  0.42056614E+002
 -0.47305924E-001  0.60754166E-001  0.14386487E+001  0.42052503E+002
 -0.47305434E-001  0.60738203E-001  0.14384644E+001  0.42048337E+002
 -0.47304917E-001  0.60722172E-001  0.14382778E+001  0.42044121E+002
 -0.47304366E-001  0.60706149E-001  0.14380897E+001  0.42039861E+002
 -0.47303775E-001  0.60690217E-001  0.14379007E+001  0.42035564E+002
 -0.47303136E-001  0.60674457E-001  0.14377117E+001  0.42031237E+002
 -0.47302442E-001  0.60658957E-001  0.14375234E+001  0.42026887E+002
 -0.47301687E-001  0.60643802E-001  0.14373367E+001  0.42022523E+002
 -0.47300864E-001  0.60629079E-001  0.14371524E+001  0.42018154E+002
 -0.47299968E-001  0.60614873E-001  0.14369713E+001  0.42013789E+002
 -0.47298992E-001  0.60601267E-001  0.14367944E+001  0.42009437E+002
 -0.47297932E-001  0.60588343E-001  0.14366226E+001  0.42005109E+002
 -0.47296781E-001  0.60576182E-001  0.14364566E+001  0.42000816E+002
 -0.47295537E-001  0.60564859E-001  0.14362973E+001  0.41996567E+002
 -0.47294195E-001  0.60554448E-001  0.14361455E+001  0.41992374E+002
 -0.47292752E-001  0.60545021E-001  0.14360021E+001  0.41988249E+002
 -0.47291205E-001  0.60536646E-001  0.14358679E+001  0.41984201E+002
 -0.47289552E-001  0.60529386E-001  0.14357436E+001  0.41980242E+002
 -0.47287792E-001  0.60523302E-001  0.14356300E+001  0.41976384E+002
 -0.47285922E-001  0.60518451E-001  0.14355278E+001  0.41972638E+002
 -0.47283944E-001  0.60514886E-001  0.14354376E+001  0.41969014E+002
 -0.47281856E-001  0.60512655E-001  0.14353603E+001  0.41965522E+002
 -0.47279658E-001  0.60511800E-001  0.14352963E+001  0.41962173E+002
 -0.47277352E-001  0.60512359E-001  0.14352462E+001  0.41958978E+002
 -0.47274938E-001  0.60514363E-001  0.14352106E+001  0.41955944E+002
 -0.47272417E-001  0.60517838E-001  0.14351899E+001  0.41953081E+002
 -0.47269791E-001  0.60522801E-001  0.14351847E+001  0.41950397E+002
 -0.47267063E-001  0.60529266E-001  0.14351952E+001  0.41947899E+002
 -0.47264236E-001  0.60537237E-001  0.14352217E+001  0.41945593E+002
 -0.47261311E-001  0.60546711E-001  0.14352646E+001  0.41943487E+002
 -0.47258292E-001  0.60557678E-001  0.14353239E+001  0.41941585E+002
 -0.47255184E-001  0.60570120E-001  0.14353999E+001  0.41939891E+002
 -0.47251990E-001  0.60584012E-001  0.14354925E+001  0.41938408E+002
 -0.47248714E-001  0.60599321E-001  0.14356018E+001  0.41937139E+002
 -0.47245361E-001  0.60616009E-001  0.14357276E+001  0.41936086E+002
 -0.47241936E-001  0.60634027E-001  0.14358698E+001  0.41935248E+002
 -0.47238445E-001  0.60653322E-001  0.14360282E+001  0.41934626E+002
 -0.47234893E-001  0.60673833E-001  0.14362025E+001  0.41934218E+002
 -0.47231286E-001  0.60695496E-001  0.14363922E+001  0.41934022E+002
 -0.47227631E-001  0.60718237E-001  0.14365971E+001  0.41934035E+002
 -0.47223933E-001  0.60741981E-001  0.14368166E+001  0.41934254E+002
 -0.47220200E-001  0.60766648E-001  0.14370502E+001  0.41934673E+002
 -0.47216437E-001  0.60792152E-001  0.14372973E+001  0.41935288E+002
 -0.47212652E-001  0.60818408E-001  0.14375573E+001  0.41936092E+002
 -0.47208851E-001  0.60845326E-001  0.14378295E+001  0.41937080E+002
 -0.47205041E-001  0.60872815E-001  0.14381131E+001  0.41938244E+002
 -0.47201229E-001  0.60900783E-001  0.14384075E+001  0.41939578E+002
 -0.47197421E-001  0.60929139E-001  0.14387118E+001  0.41941072E+002
 -0.47193626E-001  0.60957789E-001  0.14390252E+001  0.41942720E+002
 -0.47189848E-001  0.60986646E-001  0.14393470E+001  0.41944514E+002
 -0.47186094E-001  0.61015619E-001  0.14396762E+001  0.41946444E+002
 -0.47182371E-001  0.61044622E-001  0.14400120E+001  0.41948504E+002
 -0.47178685E-001  0.61073573E-001  0.14403536E+001  0.41950683E+002
 -0.47175040E-001  0.61102391E-001  0.14407001E+001  0.41952975E+002
 -0.47171443E-001  0.61131001E-001  0.14410506E+001  0.41955371E+002
 -0.47167899E-001  0.61159329E-001  0.14414043E+001  0.41957863E+002
 -0.47164412E-001  0.61187310E-001  0.14417604E+001  0.41960444E+002
 -0.47160987E-001  0.61214880E-001  0.14421181E+001  0.41963107E+002
 -0.47157628E-001  0.61241981E-001  0.14424765E+001  0.41965843E+002
 -0.47154339E-001  0.61268562E-001  0.14428350E+001  0.41968648E+002
 -0.47151123E-001  0.61294574E-001  0.14431926E+001  0.41971513E+002
 -0.47147983E-001  0.61319976E-001  0.14435488E+001  0.41974435E+002
 -0.47144922E-001  0.61344731E-001  0.14439029E+001  0.41977406E+002
 -0.47141942E-001  0.61368808E-001  0.14442541E+001  0.41980422E+002
 -0.47139046E-001  0.61392179E-001  0.14446019E+001  0.41983479E+002
 -0.47136234E-001  0.61414823E-001  0.14449457E+001  0.41986572E+002
 -0.47133508E-001  0.61436723E-001  0.14452850E+001  0.41989697E+002
 -0.47130870E-001  0.61457866E-001  0.14456192E+001  0.41992851E+002
 -0.47128319E-001  0.61478244E-001  0.14459478E+001  0.41996031E+002
 -0.47125856E-001  0.61497852E-001  0.14462705E+001  0.41999234E+002
 -0.47123480E-001  0.61516690E-001  0.14465868E+001  0.42002458E+002
 -0.47121193E-001  0.61534759E-001  0.14468965E+001  0.42005701E+002
 -0.47118993E-001  0.61552066E-001  0.14471991E+001  0.42008960E+002
 -0.47116879E-001  0.61568618E-001  0.14474944E+001  0.42012235E+002
 -0.47114851E-001  0.61584427E-001  0.14477821E+001  0.42015524E+002
 -0.47112908E-001  0.61599507E-001  0.14480621E+001  0.42018826E+002
 -0.47111048E-001  0.61613870E-001  0.14483342E+001  0.42022140E+002
 -0.47109269E-001  0.61627536E-001  0.14485982E+001  0.42025465E+002
 -0.47107570E-001  0.61640521E-001  0.14488540E+001  0.42028801E+002
 -0.47105950E-001  0.61652845E-001  0.14491016E+001  0.42032147E+002
 -0.47104405E-001  0.61664528E-001  0.14493409E+001  0.42035503E+002
 -0.47102936E-001  0.61675591E-001  0.14495718E+001  0.42038868E+002
 -0.47101538E-001  0.61686056E-001  0.14497945E+001  0.42042243E+002
 -0.47100211E-001  0.61695944E-001  0.14500090E+001  0.42045627E+002
 -0.47098951E-001  0.61705279E-001  0.14502152E+001  0.42049019E+002
 -0.47097757E-001  0.61714082E-001  0.14504133E+001  0.42052420E+002
 -0.47096626E-001  0.61722376E-001  0.14506034E+001  0.42055830E+002
 -0.47095556E-001  0.61730183E-001  0.14507856E+001  0.42059248E+002
 -0.47094545E-001  0.61737524E-001  0.14509600E+001  0.42062674E+002
 -0.47093590E-001  0.61744423E-001  0.14511268E+001  0.42066108E+002
 -0.47092689E-001  0.61750899E-001  0.14512861E+001  0.42069549E+002
 -0.47091839E-001  0.61756974E-001  0.14514382E+001  0.42072998E+002
 -0.47091039E-001  0.61762668E-001  0.14515832E+001  0.42076454E+002
 -0.47090287E-001  0.61768001E-001  0.14517214E+001  0.42079916E+002
 -0.47089578E-001  0.61772993E-001  0.14518528E+001  0.42083385E+002
 -0.47088913E-001  0.61777661E-001  0.14519778E+001  0.42086860E+002
 -0.47088288E-001  0.61782025E-001  0.14520965E+001  0.42090339E+002
 -0.47087702E-001  0.61786101E-001  0.14522092E+001  0.42093824E+002
 -0.47087152E-001  0.61789907E-001  0.14523161E+001  0.42097312E+002
 -0.47086636E-001  0.61793458E-001  0.14524174E+001  0.42100804E+002
 -0.47086153E-001  0.61796771E-001  0.14525133E+001  0.42104299E+002
 -0.47085701E-001  0.61799859E-001  0.14526041E+001  0.42107795E+002
 -0.47085278E-001  0.61802738E-001  0.14526899E+001  0.42111292E+002
 -0.47084882E-001  0.61805420E-001  0.14527711E+001  0.42114790E+002
 -0.47084511E-001  0.61807919E-001  0.14528478E+001  0.42118287E+002
 -0.47084165E-001  0.61810247E-001  0.14529201E+001  0.42121782E+002
 -0.47083840E-001  0.61812416E-001  0.14529884E+001  0.42125274E+002
 -0.47083537E-001  0.61814437E-001  0.14530529E+001  0.42128762E+002
 -0.47083254E-001  0.61816319E-001  0.14531137E+001  0.42132246E+002
 -0.47082989E-001  0.61818075E-001  0.14531710E+001  0.42135723E+002
 -0.47082741E-001  0.61819712E-001  0.14532250E+001  0.42139193E+002
 -0.47082508E-001  0.61821239E-001  0.14532758E+001  0.42142654E+002
 -0.47082291E-001  0.61822666E-001  0.14533238E+001  0.42146106E+002
 -0.47082087E-001  0.61823999E-001  0.14533690E+001  0.42149547E+002
 -0.47081896E-001  0.61825247E-001  0.14534115E+001  0.42152975E+002
 -0.47081717E-001  0.61826415E-001  0.14534517E+001  0.42156390E+002
 -0.47081548E-001  0.61827511E-001  0.14534895E+001  0.42159791E+002
 -0.47081390E-001  0.61828541E-001  0.14535251E+001  0.42163175E+002
 -0.47081241E-001  0.61829510E-001  0.14535587E+001  0.42166542E+002
 -0.47081100E-001  0.61830423E-001  0.14535904E+001  0.42169890E+002
 -0.47080967E-001  0.61831285E-001  0.14536203E+001  0.42173218E+002
 -0.47080841E-001  0.61832101E-001  0.14536485E+001  0.42176524E+002
 -0.47080722E-001  0.61832875E-001  0.14536752E+001  0.42179809E+002
 -0.47080609E-001  0.61833611E-001  0.14537004E+001  0.42183069E+002
 -0.47080501E-001  0.61834312E-001  0.14537243E+001  0.42186304E+002
 -0.47080399E-001  0.61834981E-001  0.14537469E+001  0.42189513E+002
 -0.47080301E-001  0.61835622E-001  0.14537683E+001  0.42192694E+002
 -0.47080207E-001  0.61836237E-001  0.14537886E+001  0.42195846E+002
 -0.47080118E-001  0.61836829E-001  0.14538079E+001  0.42198969E+002
 -0.47080031E-001  0.61837400E-001  0.14538262E+001  0.42202061E+002
 -0.47079948E-001  0.61837952E-001  0.14538437E+001  0.42205120E+002
 -0.47079868E-001  0.61838488E-001  0.14538603E+001  0.42208146E+002
 -0.47079791E-001  0.61839008E-001  0.14538762E+001  0.42211139E+002
 -0.47079716E-001  0.61839516E-001  0.14538913E+001  0.42214096E+002
 -0.47079643E-001  0.61840012E-001  0.14539058E+001  0.42217017E+002
 -0.47079572E-001  0.61840498E-001  0.14539197E+001  0.42219902E+002
 -0.47079502E-001  0.61840976E-001  0.14539330E+001  0.42222748E+002
 -0.47079435E-001  0.61841447E-001  0.14539458E+001  0.42225557E+002
 -0.47079368E-001  0.61841913E-001  0.14539581E+001  0.42228326E+002
 -0.47079303E-001  0.61842375E-001  0.14539700E+001  0.42231055E+002
 -0.47079239E-001  0.61842834E-001  0.14539815E+001  0.42233744E+002
 -0.47079175E-001  0.61843293E-001  0.14539927E+001  0.42236393E+002
 -0.47079112E-001  0.61843751E-001  0.14540035E+001  0.42239000E+002
 -0.47079048E-001  0.61844212E-001  0.14540141E+001  0.42241565E+002
 -0.47078985E-001  0.61844676E-001  0.14540245E+001  0.42244089E+002
 -0.47078921E-001  0.61845143E-001  0.14540347E+001  0.42246571E+002
 -0.47078856E-001  0.61845616E-001  0.14540448E+001  0.42249011E+002
 -0.47078789E-001  0.61846094E-001  0.14540547E+001  0.42251409E+002
 -0.47078719E-001  0.61846578E-001  0.14540646E+001  0.42253765E+002
 -0.47078646E-001  0.61847066E-001  0.14540745E+001  0.42256080E+002
 -0.47078568E-001  0.61847561E-001  0.14540845E+001  0.42258356E+002
 -0.47078482E-001  0.61848047E-001  0.14540944E+001  0.42260591E+002
 -0.47078380E-001  0.61848570E-001  0.14541047E+001  0.42262794E+002
