  0.14871080E+001
  0.14902068E+001
  0.14929256E+001
  0.14952255E+001
  0.14971785E+001
  0.14988340E+001
  0.15002363E+001
  0.15014238E+001
  0.15024293E+001
  0.15032804E+001
  0.15040005E+001
  0.15046097E+001
  0.15051246E+001
  0.15055593E+001
  0.15059259E+001
  0.15062345E+001
  0.15064937E+001
  0.15067108E+001
  0.15068920E+001
  0.15070426E+001
  0.15071670E+001
  0.15072691E+001
  0.15073522E+001
  0.15074191E+001
  0.15074721E+001
  0.15075133E+001
  0.15075445E+001
  0.15075672E+001
  0.15075828E+001
  0.15075923E+001
  0.15075967E+001
  0.15075968E+001
  0.15075935E+001
  0.15075872E+001
  0.15075786E+001
  0.15075680E+001
  0.15075560E+001
  0.15075427E+001
  0.15075285E+001
  0.15075137E+001
  0.15074984E+001
  0.15074827E+001
  0.15074669E+001
  0.15074510E+001
  0.15074352E+001
  0.15074196E+001
  0.15074041E+001
  0.15073889E+001
  0.15073740E+001
  0.15073595E+001
  0.15073454E+001
  0.15073318E+001
  0.15073187E+001
  0.15073061E+001
  0.15072941E+001
  0.15072828E+001
  0.15072720E+001
  0.15072620E+001
  0.15072527E+001
  0.15072442E+001
  0.15072364E+001
  0.15072295E+001
  0.15072235E+001
  0.15072183E+001
  0.15072141E+001
  0.15072109E+001
  0.15072086E+001
  0.15072074E+001
  0.15072072E+001
  0.15072082E+001
  0.15072102E+001
  0.15072133E+001
  0.15072176E+001
  0.15072229E+001
  0.15072295E+001
  0.15072372E+001
  0.15072460E+001
  0.15072560E+001
  0.15072670E+001
  0.15072792E+001
  0.15072925E+001
  0.15073068E+001
  0.15073222E+001
  0.15073386E+001
  0.15073559E+001
  0.15073742E+001
  0.15073934E+001
  0.15074134E+001
  0.15074342E+001
  0.15074558E+001
  0.15074781E+001
  0.15075011E+001
  0.15075247E+001
  0.15075489E+001
  0.15075736E+001
  0.15075988E+001
  0.15076245E+001
  0.15076505E+001
  0.15076769E+001
  0.15077037E+001
  0.15077308E+001
  0.15077581E+001
  0.15077856E+001
  0.15078133E+001
  0.15078413E+001
  0.15078693E+001
  0.15078975E+001
  0.15079259E+001
  0.15079543E+001
  0.15079828E+001
  0.15080114E+001
  0.15080401E+001
  0.15080688E+001
  0.15080976E+001
  0.15081264E+001
  0.15081554E+001
  0.15081843E+001
  0.15082134E+001
  0.15082425E+001
  0.15082716E+001
  0.15083009E+001
  0.15083302E+001
  0.15083596E+001
  0.15083890E+001
  0.15084186E+001
  0.15084483E+001
  0.15084780E+001
  0.15085079E+001
  0.15085379E+001
  0.15085680E+001
  0.15085982E+001
  0.15086285E+001
  0.15086590E+001
  0.15086896E+001
  0.15087203E+001
  0.15087512E+001
  0.15087822E+001
  0.15088133E+001
  0.15088446E+001
  0.15088760E+001
  0.15089076E+001
  0.15089392E+001
  0.15089710E+001
  0.15090030E+001
  0.15090350E+001
  0.15090672E+001
  0.15090994E+001
  0.15091318E+001
  0.15091643E+001
  0.15091968E+001
  0.15092294E+001
  0.15092621E+001
  0.15092949E+001
  0.15093276E+001
  0.15093605E+001
  0.15093933E+001
  0.15094262E+001
  0.15094591E+001
  0.15094919E+001
  0.15095247E+001
  0.15095575E+001
  0.15095902E+001
  0.15096229E+001
  0.15096555E+001
  0.15096879E+001
  0.15097203E+001
  0.15097526E+001
  0.15097847E+001
  0.15098166E+001
  0.15098484E+001
  0.15098800E+001
  0.15099113E+001
  0.15099425E+001
  0.15099735E+001
  0.15100042E+001
  0.15100346E+001
  0.15100648E+001
  0.15100947E+001
  0.15101244E+001
  0.15101537E+001
  0.15101827E+001
  0.15102114E+001
  0.15102397E+001
  0.15102677E+001
  0.15102954E+001
  0.15103227E+001
  0.15103496E+001
  0.15103761E+001
  0.15104023E+001
  0.15104281E+001
  0.15104535E+001
  0.15104785E+001
  0.15105031E+001
  0.15105273E+001
  0.15105511E+001
  0.15105746E+001
  0.15105977E+001
  0.15106204E+001
  0.15106430E+001
  0.15106655E+001
