  0.88981512E+000
  0.89006942E+000
  0.89024294E+000
  0.89038191E+000
  0.89049682E+000
  0.89059245E+000
  0.89067226E+000
  0.89073906E+000
  0.89079504E+000
  0.89084201E+000
  0.89088153E+000
  0.89091488E+000
  0.89094307E+000
  0.89096697E+000
  0.89098727E+000
  0.89100457E+000
  0.89101936E+000
  0.89103206E+000
  0.89104302E+000
  0.89105254E+000
  0.89106087E+000
  0.89106822E+000
  0.89107477E+000
  0.89108067E+000
  0.89108605E+000
  0.89109102E+000
  0.89109568E+000
  0.89110011E+000
  0.89110439E+000
  0.89110858E+000
  0.89111272E+000
  0.89111688E+000
  0.89112108E+000
  0.89112537E+000
  0.89112977E+000
  0.89113432E+000
  0.89113903E+000
  0.89114393E+000
  0.89114902E+000
  0.89115434E+000
  0.89115988E+000
  0.89116565E+000
  0.89117166E+000
  0.89117791E+000
  0.89118440E+000
  0.89119113E+000
  0.89119808E+000
  0.89120524E+000
  0.89121262E+000
  0.89122018E+000
  0.89122791E+000
  0.89123580E+000
  0.89124382E+000
  0.89125194E+000
  0.89126014E+000
  0.89126840E+000
  0.89127668E+000
  0.89128497E+000
  0.89129321E+000
  0.89130140E+000
  0.89130951E+000
  0.89131749E+000
  0.89132533E+000
  0.89133299E+000
  0.89134046E+000
  0.89134770E+000
  0.89135468E+000
  0.89136138E+000
  0.89136779E+000
  0.89137386E+000
  0.89137958E+000
  0.89138494E+000
  0.89138990E+000
  0.89139445E+000
  0.89139858E+000
  0.89140226E+000
  0.89140550E+000
  0.89140826E+000
  0.89141056E+000
  0.89141237E+000
  0.89141369E+000
  0.89141453E+000
  0.89141487E+000
  0.89141472E+000
  0.89141408E+000
  0.89141297E+000
  0.89141138E+000
  0.89140933E+000
  0.89140683E+000
  0.89140389E+000
  0.89140053E+000
  0.89139676E+000
  0.89139261E+000
  0.89138809E+000
  0.89138322E+000
  0.89137802E+000
  0.89137252E+000
  0.89136674E+000
  0.89136069E+000
  0.89135441E+000
  0.89134792E+000
  0.89134123E+000
  0.89133437E+000
  0.89132736E+000
  0.89132022E+000
  0.89131298E+000
  0.89130564E+000
  0.89129824E+000
  0.89129079E+000
  0.89128330E+000
  0.89127580E+000
  0.89126829E+000
  0.89126079E+000
  0.89125331E+000
  0.89124587E+000
  0.89123847E+000
  0.89123114E+000
  0.89122386E+000
  0.89121667E+000
  0.89120955E+000
  0.89120252E+000
  0.89119559E+000
  0.89118876E+000
  0.89118203E+000
  0.89117541E+000
  0.89116890E+000
  0.89116251E+000
  0.89115624E+000
  0.89115009E+000
  0.89114406E+000
  0.89113815E+000
  0.89113237E+000
  0.89112671E+000
  0.89112119E+000
  0.89111578E+000
  0.89111051E+000
  0.89110536E+000
  0.89110033E+000
  0.89109544E+000
  0.89109066E+000
  0.89108601E+000
  0.89108148E+000
  0.89107708E+000
  0.89107279E+000
  0.89106862E+000
  0.89106457E+000
  0.89106063E+000
  0.89105680E+000
  0.89105309E+000
  0.89104949E+000
  0.89104599E+000
  0.89104259E+000
  0.89103930E+000
  0.89103612E+000
  0.89103302E+000
  0.89103003E+000
  0.89102713E+000
  0.89102432E+000
  0.89102160E+000
  0.89101896E+000
  0.89101642E+000
  0.89101395E+000
  0.89101156E+000
  0.89100925E+000
  0.89100702E+000
  0.89100486E+000
  0.89100277E+000
  0.89100075E+000
  0.89099880E+000
  0.89099691E+000
  0.89099509E+000
  0.89099333E+000
  0.89099162E+000
  0.89098997E+000
  0.89098838E+000
  0.89098684E+000
  0.89098535E+000
  0.89098391E+000
  0.89098252E+000
  0.89098118E+000
  0.89097988E+000
  0.89097862E+000
  0.89097741E+000
  0.89097624E+000
  0.89097511E+000
  0.89097401E+000
  0.89097295E+000
  0.89097193E+000
  0.89097094E+000
  0.89096998E+000
  0.89096906E+000
  0.89096817E+000
  0.89096730E+000
  0.89096647E+000
  0.89096566E+000
  0.89096488E+000
  0.89096412E+000
  0.89096337E+000
  0.89096263E+000
  0.89096179E+000
