  0.28945375E+000
  0.28948778E+000
  0.28949258E+000
  0.28949321E+000
  0.28949552E+000
  0.28950047E+000
  0.28950779E+000
  0.28951702E+000
  0.28952770E+000
  0.28953943E+000
  0.28955193E+000
  0.28956494E+000
  0.28957829E+000
  0.28959183E+000
  0.28960546E+000
  0.28961910E+000
  0.28963268E+000
  0.28964616E+000
  0.28965953E+000
  0.28967277E+000
  0.28968588E+000
  0.28969886E+000
  0.28971174E+000
  0.28972453E+000
  0.28973727E+000
  0.28974999E+000
  0.28976274E+000
  0.28977554E+000
  0.28978845E+000
  0.28980150E+000
  0.28981474E+000
  0.28982820E+000
  0.28984193E+000
  0.28985595E+000
  0.28987029E+000
  0.28988497E+000
  0.28990001E+000
  0.28991541E+000
  0.28993117E+000
  0.28994728E+000
  0.28996372E+000
  0.28998045E+000
  0.28999746E+000
  0.29001468E+000
  0.29003207E+000
  0.29004958E+000
  0.29006714E+000
  0.29008469E+000
  0.29010216E+000
  0.29011948E+000
  0.29013657E+000
  0.29015337E+000
  0.29016980E+000
  0.29018579E+000
  0.29020126E+000
  0.29021615E+000
  0.29023038E+000
  0.29024389E+000
  0.29025662E+000
  0.29026849E+000
  0.29027945E+000
  0.29028944E+000
  0.29029841E+000
  0.29030629E+000
  0.29031305E+000
  0.29031864E+000
  0.29032301E+000
  0.29032614E+000
  0.29032799E+000
  0.29032853E+000
  0.29032775E+000
  0.29032564E+000
  0.29032218E+000
  0.29031737E+000
  0.29031123E+000
  0.29030375E+000
  0.29029498E+000
  0.29028491E+000
  0.29027360E+000
  0.29026108E+000
  0.29024739E+000
  0.29023258E+000
  0.29021671E+000
  0.29019984E+000
  0.29018203E+000
  0.29016336E+000
  0.29014390E+000
  0.29012371E+000
  0.29010289E+000
  0.29008151E+000
  0.29005965E+000
  0.29003740E+000
  0.29001483E+000
  0.28999202E+000
  0.28996906E+000
  0.28994601E+000
  0.28992296E+000
  0.28989998E+000
  0.28987714E+000
  0.28985449E+000
  0.28983210E+000
  0.28981003E+000
  0.28978833E+000
  0.28976705E+000
  0.28974623E+000
  0.28972590E+000
  0.28970611E+000
  0.28968687E+000
  0.28966822E+000
  0.28965017E+000
  0.28963274E+000
  0.28961594E+000
  0.28959978E+000
  0.28958426E+000
  0.28956938E+000
  0.28955514E+000
  0.28954154E+000
  0.28952856E+000
  0.28951621E+000
  0.28950445E+000
  0.28949329E+000
  0.28948271E+000
  0.28947269E+000
  0.28946321E+000
  0.28945426E+000
  0.28944581E+000
  0.28943785E+000
  0.28943037E+000
  0.28942333E+000
  0.28941672E+000
  0.28941052E+000
  0.28940471E+000
  0.28939928E+000
  0.28939420E+000
  0.28938946E+000
  0.28938503E+000
  0.28938090E+000
  0.28937706E+000
  0.28937348E+000
  0.28937016E+000
  0.28936707E+000
  0.28936420E+000
  0.28936154E+000
  0.28935908E+000
  0.28935680E+000
  0.28935468E+000
  0.28935273E+000
  0.28935092E+000
  0.28934925E+000
  0.28934771E+000
  0.28934628E+000
  0.28934496E+000
  0.28934374E+000
  0.28934261E+000
  0.28934156E+000
  0.28934060E+000
  0.28933970E+000
  0.28933887E+000
  0.28933809E+000
  0.28933737E+000
  0.28933670E+000
  0.28933608E+000
  0.28933549E+000
  0.28933494E+000
  0.28933442E+000
  0.28933393E+000
  0.28933346E+000
  0.28933302E+000
  0.28933260E+000
  0.28933219E+000
  0.28933180E+000
  0.28933143E+000
  0.28933107E+000
  0.28933071E+000
  0.28933037E+000
  0.28933003E+000
  0.28932970E+000
  0.28932938E+000
  0.28932906E+000
  0.28932874E+000
  0.28932842E+000
  0.28932811E+000
  0.28932779E+000
  0.28932748E+000
  0.28932716E+000
  0.28932684E+000
  0.28932652E+000
  0.28932619E+000
  0.28932586E+000
  0.28932553E+000
  0.28932519E+000
  0.28932485E+000
  0.28932450E+000
  0.28932415E+000
  0.28932380E+000
  0.28932345E+000
  0.28932311E+000
  0.28932277E+000
  0.28932246E+000
  0.28932215E+000
