  0.52138486E-006
  0.52144616E-006
  0.52145482E-006
  0.52145595E-006
  0.52146011E-006
  0.52146902E-006
  0.52148222E-006
  0.52149884E-006
  0.52151806E-006
  0.52153920E-006
  0.52156171E-006
  0.52158515E-006
  0.52160920E-006
  0.52163359E-006
  0.52165814E-006
  0.52168270E-006
  0.52170716E-006
  0.52173146E-006
  0.52175554E-006
  0.52177938E-006
  0.52180299E-006
  0.52182638E-006
  0.52184957E-006
  0.52187262E-006
  0.52189557E-006
  0.52191848E-006
  0.52194144E-006
  0.52196450E-006
  0.52198775E-006
  0.52201126E-006
  0.52203510E-006
  0.52205935E-006
  0.52208408E-006
  0.52210933E-006
  0.52213517E-006
  0.52216162E-006
  0.52218871E-006
  0.52221645E-006
  0.52224484E-006
  0.52227385E-006
  0.52230346E-006
  0.52233361E-006
  0.52236423E-006
  0.52239525E-006
  0.52242658E-006
  0.52245812E-006
  0.52248975E-006
  0.52252137E-006
  0.52255283E-006
  0.52258403E-006
  0.52261482E-006
  0.52264508E-006
  0.52267467E-006
  0.52270347E-006
  0.52273134E-006
  0.52275815E-006
  0.52278379E-006
  0.52280813E-006
  0.52283105E-006
  0.52285243E-006
  0.52287218E-006
  0.52289017E-006
  0.52290632E-006
  0.52292053E-006
  0.52293270E-006
  0.52294276E-006
  0.52295064E-006
  0.52295628E-006
  0.52295960E-006
  0.52296058E-006
  0.52295918E-006
  0.52295537E-006
  0.52294914E-006
  0.52294048E-006
  0.52292941E-006
  0.52291596E-006
  0.52290014E-006
  0.52288202E-006
  0.52286164E-006
  0.52283908E-006
  0.52281442E-006
  0.52278775E-006
  0.52275916E-006
  0.52272877E-006
  0.52269670E-006
  0.52266307E-006
  0.52262801E-006
  0.52259165E-006
  0.52255415E-006
  0.52251564E-006
  0.52247626E-006
  0.52243618E-006
  0.52239552E-006
  0.52235444E-006
  0.52231307E-006
  0.52227156E-006
  0.52223005E-006
  0.52218865E-006
  0.52214750E-006
  0.52210671E-006
  0.52206638E-006
  0.52202663E-006
  0.52198755E-006
  0.52194921E-006
  0.52191170E-006
  0.52187509E-006
  0.52183943E-006
  0.52180479E-006
  0.52177119E-006
  0.52173868E-006
  0.52170728E-006
  0.52167702E-006
  0.52164791E-006
  0.52161995E-006
  0.52159315E-006
  0.52156751E-006
  0.52154300E-006
  0.52151963E-006
  0.52149737E-006
  0.52147620E-006
  0.52145609E-006
  0.52143703E-006
  0.52141898E-006
  0.52140190E-006
  0.52138578E-006
  0.52137056E-006
  0.52135623E-006
  0.52134274E-006
  0.52133007E-006
  0.52131816E-006
  0.52130700E-006
  0.52129654E-006
  0.52128675E-006
  0.52127760E-006
  0.52126906E-006
  0.52126108E-006
  0.52125365E-006
  0.52124672E-006
  0.52124028E-006
  0.52123429E-006
  0.52122873E-006
  0.52122357E-006
  0.52121878E-006
  0.52121434E-006
  0.52121023E-006
  0.52120642E-006
  0.52120290E-006
  0.52119965E-006
  0.52119663E-006
  0.52119385E-006
  0.52119128E-006
  0.52118890E-006
  0.52118670E-006
  0.52118467E-006
  0.52118279E-006
  0.52118104E-006
  0.52117943E-006
  0.52117793E-006
  0.52117654E-006
  0.52117524E-006
  0.52117403E-006
  0.52117290E-006
  0.52117185E-006
  0.52117085E-006
  0.52116992E-006
  0.52116903E-006
  0.52116819E-006
  0.52116740E-006
  0.52116664E-006
  0.52116591E-006
  0.52116521E-006
  0.52116453E-006
  0.52116388E-006
  0.52116324E-006
  0.52116262E-006
  0.52116202E-006
  0.52116142E-006
  0.52116084E-006
  0.52116026E-006
  0.52115969E-006
  0.52115912E-006
  0.52115855E-006
  0.52115798E-006
  0.52115741E-006
  0.52115684E-006
  0.52115627E-006
  0.52115569E-006
  0.52115510E-006
  0.52115451E-006
  0.52115391E-006
  0.52115329E-006
  0.52115268E-006
  0.52115205E-006
  0.52115142E-006
  0.52115079E-006
  0.52115016E-006
  0.52114954E-006
  0.52114894E-006
  0.52114838E-006
  0.52114783E-006
