  0.23358847E+000
  0.23864321E+000
  0.23850479E+000
  0.23788219E+000
  0.23729069E+000
  0.23678364E+000
  0.23635712E+000
  0.23599970E+000
  0.23569680E+000
  0.23544106E+000
  0.23522578E+000
  0.23504439E+000
  0.23489137E+000
  0.23476213E+000
  0.23465285E+000
  0.23456032E+000
  0.23448187E+000
  0.23441525E+000
  0.23435855E+000
  0.23431014E+000
  0.23426867E+000
  0.23423296E+000
  0.23420204E+000
  0.23417504E+000
  0.23415127E+000
  0.23413009E+000
  0.23411100E+000
  0.23409355E+000
  0.23407735E+000
  0.23406210E+000
  0.23404753E+000
  0.23403342E+000
  0.23401959E+000
  0.23400591E+000
  0.23399226E+000
  0.23397859E+000
  0.23396482E+000
  0.23395095E+000
  0.23393697E+000
  0.23392291E+000
  0.23390882E+000
  0.23389474E+000
  0.23388075E+000
  0.23386692E+000
  0.23385334E+000
  0.23384008E+000
  0.23382722E+000
  0.23381484E+000
  0.23380299E+000
  0.23379175E+000
  0.23378119E+000
  0.23377135E+000
  0.23376227E+000
  0.23375398E+000
  0.23374649E+000
  0.23373982E+000
  0.23373397E+000
  0.23372895E+000
  0.23372475E+000
  0.23372137E+000
  0.23371879E+000
  0.23371699E+000
  0.23371598E+000
  0.23371571E+000
  0.23371619E+000
  0.23371737E+000
  0.23371923E+000
  0.23372174E+000
  0.23372483E+000
  0.23372847E+000
  0.23373256E+000
  0.23373676E+000
  0.23374113E+000
  0.23374601E+000
  0.23375139E+000
  0.23375722E+000
  0.23376345E+000
  0.23377003E+000
  0.23377691E+000
  0.23378404E+000
  0.23379136E+000
  0.23379883E+000
  0.23380639E+000
  0.23381400E+000
  0.23382160E+000
  0.23382916E+000
  0.23383662E+000
  0.23384395E+000
  0.23385111E+000
  0.23385805E+000
  0.23386475E+000
  0.23387117E+000
  0.23387728E+000
  0.23388306E+000
  0.23388848E+000
  0.23389354E+000
  0.23389820E+000
  0.23390246E+000
  0.23390631E+000
  0.23390974E+000
  0.23391275E+000
  0.23391533E+000
  0.23391749E+000
  0.23391923E+000
  0.23392056E+000
  0.23392147E+000
  0.23392199E+000
  0.23392212E+000
  0.23392188E+000
  0.23392127E+000
  0.23392032E+000
  0.23391905E+000
  0.23391745E+000
  0.23391557E+000
  0.23391341E+000
  0.23391098E+000
  0.23390832E+000
  0.23390544E+000
  0.23390236E+000
  0.23389909E+000
  0.23389566E+000
  0.23389208E+000
  0.23388837E+000
  0.23388455E+000
  0.23388063E+000
  0.23387664E+000
  0.23387258E+000
  0.23386847E+000
  0.23386432E+000
  0.23386016E+000
  0.23385598E+000
  0.23385181E+000
  0.23384765E+000
  0.23384351E+000
  0.23383941E+000
  0.23383534E+000
  0.23383133E+000
  0.23382738E+000
  0.23382349E+000
  0.23381967E+000
  0.23381592E+000
  0.23381226E+000
  0.23380867E+000
  0.23380518E+000
  0.23380178E+000
  0.23379846E+000
  0.23379525E+000
  0.23379213E+000
  0.23378910E+000
  0.23378618E+000
  0.23378335E+000
  0.23378062E+000
  0.23377799E+000
  0.23377545E+000
  0.23377301E+000
  0.23377067E+000
  0.23376842E+000
  0.23376626E+000
  0.23376419E+000
  0.23376220E+000
  0.23376031E+000
  0.23375849E+000
  0.23375676E+000
  0.23375511E+000
  0.23375354E+000
  0.23375204E+000
  0.23375061E+000
  0.23374925E+000
  0.23374795E+000
  0.23374673E+000
  0.23374556E+000
  0.23374445E+000
  0.23374340E+000
  0.23374241E+000
  0.23374147E+000
  0.23374057E+000
  0.23373973E+000
  0.23373893E+000
  0.23373818E+000
  0.23373747E+000
  0.23373681E+000
  0.23373618E+000
  0.23373559E+000
  0.23373503E+000
  0.23373452E+000
  0.23373403E+000
  0.23373358E+000
  0.23373317E+000
  0.23373278E+000
  0.23373242E+000
  0.23373209E+000
  0.23373179E+000
  0.23373150E+000
  0.23373123E+000
  0.23373097E+000
  0.23373071E+000
  0.23373043E+000
  0.23373013E+000
  0.23372972E+000
  0.23372916E+000
