  0.37583335E+000
  0.37587294E+000
  0.37591103E+000
  0.37594737E+000
  0.37598193E+000
  0.37601477E+000
  0.37604601E+000
  0.37607575E+000
  0.37610413E+000
  0.37613127E+000
  0.37615730E+000
  0.37618234E+000
  0.37620648E+000
  0.37622983E+000
  0.37625247E+000
  0.37627449E+000
  0.37629597E+000
  0.37631697E+000
  0.37633755E+000
  0.37635778E+000
  0.37637770E+000
  0.37639736E+000
  0.37641681E+000
  0.37643608E+000
  0.37645520E+000
  0.37647422E+000
  0.37649315E+000
  0.37651202E+000
  0.37653085E+000
  0.37654965E+000
  0.37656845E+000
  0.37658723E+000
  0.37660602E+000
  0.37662482E+000
  0.37664361E+000
  0.37666240E+000
  0.37668117E+000
  0.37669992E+000
  0.37671862E+000
  0.37673726E+000
  0.37675580E+000
  0.37677421E+000
  0.37679247E+000
  0.37681054E+000
  0.37682837E+000
  0.37684592E+000
  0.37686314E+000
  0.37687998E+000
  0.37689639E+000
  0.37691230E+000
  0.37692766E+000
  0.37694241E+000
  0.37695649E+000
  0.37696982E+000
  0.37698234E+000
  0.37699399E+000
  0.37700470E+000
  0.37701441E+000
  0.37702304E+000
  0.37703054E+000
  0.37703684E+000
  0.37704189E+000
  0.37704563E+000
  0.37704801E+000
  0.37704897E+000
  0.37704848E+000
  0.37704650E+000
  0.37704300E+000
  0.37703794E+000
  0.37703132E+000
  0.37702311E+000
  0.37701331E+000
  0.37700192E+000
  0.37698895E+000
  0.37697442E+000
  0.37695835E+000
  0.37694077E+000
  0.37692173E+000
  0.37690126E+000
  0.37687943E+000
  0.37685629E+000
  0.37683192E+000
  0.37680638E+000
  0.37677975E+000
  0.37675213E+000
  0.37672359E+000
  0.37669424E+000
  0.37666416E+000
  0.37663345E+000
  0.37660221E+000
  0.37657054E+000
  0.37653855E+000
  0.37650632E+000
  0.37647396E+000
  0.37644156E+000
  0.37640922E+000
  0.37637703E+000
  0.37634506E+000
  0.37631341E+000
  0.37628214E+000
  0.37625133E+000
  0.37622105E+000
  0.37619135E+000
  0.37616229E+000
  0.37613393E+000
  0.37610629E+000
  0.37607942E+000
  0.37605336E+000
  0.37602812E+000
  0.37600373E+000
  0.37598020E+000
  0.37595754E+000
  0.37593576E+000
  0.37591486E+000
  0.37589484E+000
  0.37587569E+000
  0.37585740E+000
  0.37583996E+000
  0.37582335E+000
  0.37580756E+000
  0.37579257E+000
  0.37577836E+000
  0.37576490E+000
  0.37575217E+000
  0.37574015E+000
  0.37572881E+000
  0.37571812E+000
  0.37570806E+000
  0.37569860E+000
  0.37568972E+000
  0.37568139E+000
  0.37567359E+000
  0.37566628E+000
  0.37565945E+000
  0.37565306E+000
  0.37564711E+000
  0.37564155E+000
  0.37563638E+000
  0.37563156E+000
  0.37562708E+000
  0.37562292E+000
  0.37561906E+000
  0.37561547E+000
  0.37561215E+000
  0.37560907E+000
  0.37560621E+000
  0.37560357E+000
  0.37560113E+000
  0.37559887E+000
  0.37559678E+000
  0.37559485E+000
  0.37559306E+000
  0.37559140E+000
  0.37558987E+000
  0.37558845E+000
  0.37558713E+000
  0.37558591E+000
  0.37558477E+000
  0.37558372E+000
  0.37558273E+000
  0.37558181E+000
  0.37558095E+000
  0.37558014E+000
  0.37557937E+000
  0.37557865E+000
  0.37557797E+000
  0.37557733E+000
  0.37557671E+000
  0.37557612E+000
  0.37557555E+000
  0.37557500E+000
  0.37557447E+000
  0.37557396E+000
  0.37557346E+000
  0.37557297E+000
  0.37557249E+000
  0.37557202E+000
  0.37557155E+000
  0.37557109E+000
  0.37557064E+000
  0.37557018E+000
  0.37556973E+000
  0.37556927E+000
  0.37556882E+000
  0.37556836E+000
  0.37556789E+000
  0.37556743E+000
  0.37556695E+000
  0.37556647E+000
  0.37556598E+000
  0.37556549E+000
  0.37556499E+000
  0.37556448E+000
  0.37556397E+000
  0.37556346E+000
  0.37556295E+000
  0.37556245E+000
  0.37556196E+000
  0.37556153E+000
  0.37556109E+000
