  0.93159550E+000
  0.93198707E+000
  0.93227555E+000
  0.93249410E+000
  0.93265990E+000
  0.93278433E+000
  0.93287595E+000
  0.93294151E+000
  0.93298640E+000
  0.93301492E+000
  0.93303055E+000
  0.93303610E+000
  0.93303377E+000
  0.93302535E+000
  0.93301226E+000
  0.93299565E+000
  0.93297642E+000
  0.93295529E+000
  0.93293282E+000
  0.93290945E+000
  0.93288551E+000
  0.93286125E+000
  0.93283688E+000
  0.93281253E+000
  0.93278830E+000
  0.93276426E+000
  0.93274045E+000
  0.93271691E+000
  0.93269364E+000
  0.93267066E+000
  0.93264795E+000
  0.93262551E+000
  0.93260333E+000
  0.93258141E+000
  0.93255975E+000
  0.93253832E+000
  0.93251714E+000
  0.93249620E+000
  0.93247550E+000
  0.93245505E+000
  0.93243486E+000
  0.93241493E+000
  0.93239526E+000
  0.93237587E+000
  0.93235675E+000
  0.93233791E+000
  0.93231933E+000
  0.93230102E+000
  0.93228294E+000
  0.93226510E+000
  0.93224746E+000
  0.93223000E+000
  0.93221270E+000
  0.93219551E+000
  0.93217842E+000
  0.93216140E+000
  0.93214442E+000
  0.93212745E+000
  0.93211048E+000
  0.93209350E+000
  0.93207650E+000
  0.93205947E+000
  0.93204242E+000
  0.93202536E+000
  0.93200830E+000
  0.93199126E+000
  0.93197426E+000
  0.93195734E+000
  0.93194050E+000
  0.93192379E+000
  0.93190723E+000
  0.93189086E+000
  0.93187471E+000
  0.93185881E+000
  0.93184319E+000
  0.93182789E+000
  0.93181293E+000
  0.93179834E+000
  0.93178416E+000
  0.93177039E+000
  0.93175708E+000
  0.93174424E+000
  0.93173188E+000
  0.93172003E+000
  0.93170869E+000
  0.93169788E+000
  0.93168761E+000
  0.93167787E+000
  0.93166869E+000
  0.93166004E+000
  0.93165194E+000
  0.93164436E+000
  0.93163732E+000
  0.93163080E+000
  0.93162478E+000
  0.93161925E+000
  0.93161420E+000
  0.93160961E+000
  0.93160546E+000
  0.93160173E+000
  0.93159841E+000
  0.93159546E+000
  0.93159286E+000
  0.93159061E+000
  0.93158866E+000
  0.93158701E+000
  0.93158562E+000
  0.93158449E+000
  0.93158357E+000
  0.93158287E+000
  0.93158235E+000
  0.93158200E+000
  0.93158180E+000
  0.93158173E+000
  0.93158178E+000
  0.93158193E+000
  0.93158217E+000
  0.93158249E+000
  0.93158287E+000
  0.93158331E+000
  0.93158379E+000
  0.93158431E+000
  0.93158486E+000
  0.93158544E+000
  0.93158602E+000
  0.93158662E+000
  0.93158723E+000
  0.93158784E+000
  0.93158844E+000
  0.93158904E+000
  0.93158964E+000
  0.93159023E+000
  0.93159080E+000
  0.93159136E+000
  0.93159191E+000
  0.93159245E+000
  0.93159297E+000
  0.93159347E+000
  0.93159395E+000
  0.93159442E+000
  0.93159487E+000
  0.93159530E+000
  0.93159572E+000
  0.93159612E+000
  0.93159650E+000
  0.93159686E+000
  0.93159720E+000
  0.93159753E+000
  0.93159784E+000
  0.93159813E+000
  0.93159840E+000
  0.93159866E+000
  0.93159890E+000
  0.93159913E+000
  0.93159934E+000
  0.93159953E+000
  0.93159971E+000
  0.93159987E+000
  0.93160002E+000
  0.93160016E+000
  0.93160028E+000
  0.93160039E+000
  0.93160049E+000
  0.93160057E+000
  0.93160065E+000
  0.93160071E+000
  0.93160076E+000
  0.93160080E+000
  0.93160083E+000
  0.93160085E+000
  0.93160086E+000
  0.93160086E+000
  0.93160085E+000
  0.93160084E+000
  0.93160081E+000
  0.93160078E+000
  0.93160075E+000
  0.93160070E+000
  0.93160066E+000
  0.93160060E+000
  0.93160054E+000
  0.93160048E+000
  0.93160041E+000
  0.93160034E+000
  0.93160027E+000
  0.93160019E+000
  0.93160011E+000
  0.93160002E+000
  0.93159993E+000
  0.93159984E+000
  0.93159975E+000
  0.93159965E+000
  0.93159955E+000
  0.93159944E+000
  0.93159932E+000
  0.93159919E+000
  0.93159904E+000
  0.93159887E+000
  0.93159866E+000
  0.93159838E+000
