  0.42443063E+000
  0.42519392E+000
  0.42587497E+000
  0.42645514E+000
  0.42694349E+000
  0.42736038E+000
  0.42771227E+000
  0.42801061E+000
  0.42826278E+000
  0.42847589E+000
  0.42865793E+000
  0.42881122E+000
  0.42893879E+000
  0.42904836E+000
  0.42914361E+000
  0.42922053E+000
  0.42928515E+000
  0.42934213E+000
  0.42938876E+000
  0.42942760E+000
  0.42945993E+000
  0.42948605E+000
  0.42951084E+000
  0.42952696E+000
  0.42954120E+000
  0.42955300E+000
  0.42956227E+000
  0.42956893E+000
  0.42957587E+000
  0.42957905E+000
  0.42958269E+000
  0.42958274E+000
  0.42958467E+000
  0.42958405E+000
  0.42958420E+000
  0.42958360E+000
  0.42958213E+000
  0.42957984E+000
  0.42957897E+000
  0.42957770E+000
  0.42957525E+000
  0.42957197E+000
  0.42956936E+000
  0.42956464E+000
  0.42956188E+000
  0.42955999E+000
  0.42955786E+000
  0.42955471E+000
  0.42955174E+000
  0.42954945E+000
  0.42954820E+000
  0.42954570E+000
  0.42954445E+000
  0.42954103E+000
  0.42953792E+000
  0.42953743E+000
  0.42953469E+000
  0.42953266E+000
  0.42953112E+000
  0.42953069E+000
  0.42952923E+000
  0.42952793E+000
  0.42952736E+000
  0.42952573E+000
  0.42952481E+000
  0.42952490E+000
  0.42952570E+000
  0.42952565E+000
  0.42952413E+000
  0.42952600E+000
  0.42952614E+000
  0.42952743E+000
  0.42953085E+000
  0.42953098E+000
  0.42953293E+000
  0.42953544E+000
  0.42953690E+000
  0.42953943E+000
  0.42954162E+000
  0.42954434E+000
  0.42954715E+000
  0.42954933E+000
  0.42955307E+000
  0.42955729E+000
  0.42956119E+000
  0.42956423E+000
  0.42956698E+000
  0.42957036E+000
  0.42957431E+000
  0.42957745E+000
  0.42958236E+000
  0.42958673E+000
  0.42959074E+000
  0.42959357E+000
  0.42959804E+000
  0.42960221E+000
  0.42960556E+000
  0.42960960E+000
  0.42961367E+000
  0.42961726E+000
  0.42962084E+000
  0.42962466E+000
  0.42962830E+000
  0.42963181E+000
  0.42963537E+000
  0.42963883E+000
  0.42964231E+000
  0.42964646E+000
  0.42965036E+000
  0.42965417E+000
  0.42965804E+000
  0.42966189E+000
  0.42966564E+000
  0.42967002E+000
  0.42967389E+000
  0.42967792E+000
  0.42968289E+000
  0.42968704E+000
  0.42969123E+000
  0.42969548E+000
  0.42969982E+000
  0.42970427E+000
  0.42970882E+000
  0.42971349E+000
  0.42971826E+000
  0.42972317E+000
  0.42972820E+000
  0.42973337E+000
  0.42973868E+000
  0.42974413E+000
  0.42974974E+000
  0.42975550E+000
  0.42976143E+000
  0.42976751E+000
  0.42977375E+000
  0.42978014E+000
  0.42978671E+000
  0.42979347E+000
  0.42980037E+000
  0.42980745E+000
  0.42981382E+000
  0.42982123E+000
  0.42982878E+000
  0.42983651E+000
  0.42984440E+000
  0.42985243E+000
  0.42986062E+000
  0.42986894E+000
  0.42987742E+000
  0.42988605E+000
  0.42989480E+000
  0.42990367E+000
  0.42991267E+000
  0.42992180E+000
  0.42993103E+000
  0.42994042E+000
  0.42994985E+000
  0.42995938E+000
  0.42996899E+000
  0.42997867E+000
  0.42998842E+000
  0.42999825E+000
  0.43000812E+000
  0.43001807E+000
  0.43002802E+000
  0.43003808E+000
  0.43004809E+000
  0.43005811E+000
  0.43006814E+000
  0.43007809E+000
  0.43008812E+000
  0.43009810E+000
  0.43010809E+000
  0.43011805E+000
  0.43012797E+000
  0.43013786E+000
  0.43014770E+000
  0.43015746E+000
  0.43016718E+000
  0.43017683E+000
  0.43018641E+000
  0.43019592E+000
  0.43020534E+000
  0.43021462E+000
  0.43022385E+000
  0.43023299E+000
  0.43024203E+000
  0.43025096E+000
  0.43025978E+000
  0.43026851E+000
  0.43027711E+000
  0.43028558E+000
  0.43029394E+000
  0.43030216E+000
  0.43031029E+000
  0.43031829E+000
  0.43032617E+000
  0.43033394E+000
  0.43034163E+000
  0.43035022E+000
