  0.82265971E+000
  0.82265621E+000
  0.82265353E+000
  0.82265162E+000
  0.82265040E+000
  0.82264980E+000
  0.82264975E+000
  0.82265017E+000
  0.82265101E+000
  0.82265220E+000
  0.82265369E+000
  0.82265544E+000
  0.82265741E+000
  0.82265956E+000
  0.82266188E+000
  0.82266433E+000
  0.82266692E+000
  0.82266961E+000
  0.82267241E+000
  0.82267529E+000
  0.82267827E+000
  0.82268132E+000
  0.82268445E+000
  0.82268765E+000
  0.82269091E+000
  0.82269425E+000
  0.82269765E+000
  0.82270112E+000
  0.82270465E+000
  0.82270824E+000
  0.82271190E+000
  0.82271562E+000
  0.82271940E+000
  0.82272325E+000
  0.82272716E+000
  0.82273112E+000
  0.82273515E+000
  0.82273923E+000
  0.82274337E+000
  0.82274755E+000
  0.82275179E+000
  0.82275606E+000
  0.82276038E+000
  0.82276473E+000
  0.82276910E+000
  0.82277349E+000
  0.82277789E+000
  0.82278230E+000
  0.82278669E+000
  0.82279107E+000
  0.82279542E+000
  0.82279973E+000
  0.82280398E+000
  0.82280816E+000
  0.82281226E+000
  0.82281626E+000
  0.82282015E+000
  0.82282390E+000
  0.82282751E+000
  0.82283095E+000
  0.82283421E+000
  0.82283726E+000
  0.82284010E+000
  0.82284269E+000
  0.82284503E+000
  0.82284709E+000
  0.82284885E+000
  0.82285031E+000
  0.82285143E+000
  0.82285221E+000
  0.82285263E+000
  0.82285268E+000
  0.82285234E+000
  0.82285159E+000
  0.82285044E+000
  0.82284886E+000
  0.82284686E+000
  0.82284442E+000
  0.82284154E+000
  0.82283822E+000
  0.82283445E+000
  0.82283024E+000
  0.82282559E+000
  0.82282051E+000
  0.82281499E+000
  0.82280905E+000
  0.82280269E+000
  0.82279594E+000
  0.82278880E+000
  0.82278128E+000
  0.82277341E+000
  0.82276520E+000
  0.82275667E+000
  0.82274784E+000
  0.82273872E+000
  0.82272935E+000
  0.82271975E+000
  0.82270993E+000
  0.82269992E+000
  0.82268975E+000
  0.82267944E+000
  0.82266901E+000
  0.82265849E+000
  0.82264789E+000
  0.82263726E+000
  0.82262660E+000
  0.82261594E+000
  0.82260531E+000
  0.82259472E+000
  0.82258420E+000
  0.82257376E+000
  0.82256343E+000
  0.82255323E+000
  0.82254317E+000
  0.82253326E+000
  0.82252353E+000
  0.82251399E+000
  0.82250466E+000
  0.82249554E+000
  0.82248665E+000
  0.82247801E+000
  0.82246961E+000
  0.82246148E+000
  0.82245362E+000
  0.82244603E+000
  0.82243873E+000
  0.82243172E+000
  0.82242501E+000
  0.82241859E+000
  0.82241248E+000
  0.82240668E+000
  0.82240118E+000
  0.82239599E+000
  0.82239112E+000
  0.82238656E+000
  0.82238230E+000
  0.82237836E+000
  0.82237472E+000
  0.82237139E+000
  0.82236836E+000
  0.82236563E+000
  0.82236319E+000
  0.82236105E+000
  0.82235919E+000
  0.82235761E+000
  0.82235631E+000
  0.82235527E+000
  0.82235450E+000
  0.82235398E+000
  0.82235372E+000
  0.82235370E+000
  0.82235391E+000
  0.82235435E+000
  0.82235501E+000
  0.82235588E+000
  0.82235696E+000
  0.82235824E+000
  0.82235970E+000
  0.82236134E+000
  0.82236316E+000
  0.82236514E+000
  0.82236728E+000
  0.82236956E+000
  0.82237198E+000
  0.82237454E+000
  0.82237722E+000
  0.82238001E+000
  0.82238292E+000
  0.82238592E+000
  0.82238902E+000
  0.82239220E+000
  0.82239546E+000
  0.82239879E+000
  0.82240219E+000
  0.82240564E+000
  0.82240914E+000
  0.82241269E+000
  0.82241628E+000
  0.82241990E+000
  0.82242354E+000
  0.82242721E+000
  0.82243089E+000
  0.82243458E+000
  0.82243828E+000
  0.82244197E+000
  0.82244567E+000
  0.82244935E+000
  0.82245302E+000
  0.82245667E+000
  0.82246030E+000
  0.82246391E+000
  0.82246749E+000
  0.82247103E+000
  0.82247454E+000
  0.82247801E+000
  0.82248144E+000
  0.82248482E+000
  0.82248816E+000
  0.82249146E+000
  0.82249471E+000
