 -0.48122531E+000 -0.23336760E+000 -0.54908122E-002 -0.45318277E-002 -0.16548742E-002  0.22934615E+000  0.34247374E+001  0.16556438E+002  0.33302674E+002  0.10316533E+003  0.17234831E+003
 -0.48129577E+000 -0.23473148E+000 -0.54927673E-002 -0.45338955E-002 -0.16572803E-002  0.22932297E+000  0.34247017E+001  0.16556419E+002  0.33231734E+002  0.10316523E+003  0.17234817E+003
 -0.48134884E+000 -0.23503968E+000 -0.54943010E-002 -0.45354451E-002 -0.16588776E-002  0.22931691E+000  0.34246914E+001  0.16556416E+002  0.33110033E+002  0.10316515E+003  0.17234810E+003
 -0.48138693E+000 -0.23527204E+000 -0.54954800E-002 -0.45366262E-002 -0.16600650E-002  0.22931367E+000  0.34246853E+001  0.16556415E+002  0.33040101E+002  0.10316508E+003  0.17234807E+003
 -0.48141274E+000 -0.23544142E+000 -0.54963659E-002 -0.45375198E-002 -0.16609815E-002  0.22931127E+000  0.34246805E+001  0.16556414E+002  0.32999789E+002  0.99874103E+002  0.17234804E+003
 -0.48142897E+000 -0.23555999E+000 -0.54970141E-002 -0.45381844E-002 -0.16616952E-002  0.22930937E+000  0.34246766E+001  0.16556413E+002  0.32965226E+002  0.94223297E+002  0.17234802E+003
 -0.48143800E+000 -0.23563839E+000 -0.54974716E-002 -0.45386661E-002 -0.16622497E-002  0.22930782E+000  0.34246733E+001  0.16556413E+002  0.32935649E+002  0.91142906E+002  0.17234800E+003
 -0.48144181E+000 -0.23568552E+000 -0.54977771E-002 -0.45390022E-002 -0.16626775E-002  0.22930656E+000  0.34246705E+001  0.16556412E+002  0.32910198E+002  0.89389407E+002  0.17234798E+003
 -0.48144195E+000 -0.23570868E+000 -0.54979622E-002 -0.45392227E-002 -0.16630040E-002  0.22930552E+000  0.34246681E+001  0.16556411E+002  0.32887796E+002  0.88550627E+002  0.17234797E+003
 -0.48143962E+000 -0.23571382E+000 -0.54980529E-002 -0.45393522E-002 -0.16632501E-002  0.22930467E+000  0.34246660E+001  0.16556410E+002  0.32869648E+002  0.87121595E+002  0.17234795E+003
 -0.48143570E+000 -0.23570571E+000 -0.54980701E-002 -0.45394108E-002 -0.16634328E-002  0.22930396E+000  0.34246642E+001  0.16556410E+002  0.32862488E+002  0.86356892E+002  0.17234794E+003
 -0.48143084E+000 -0.23568817E+000 -0.54980310E-002 -0.45394147E-002 -0.16635660E-002  0.22930338E+000  0.34246626E+001  0.16556409E+002  0.32856038E+002  0.86240093E+002  0.17234793E+003
 -0.48142550E+000 -0.23566422E+000 -0.54979494E-002 -0.45393773E-002 -0.16636612E-002  0.22930288E+000  0.34246612E+001  0.16556409E+002  0.32850190E+002  0.85370948E+002  0.17234792E+003
 -0.48142001E+000 -0.23563620E+000 -0.54978366E-002 -0.45393094E-002 -0.16637277E-002  0.22930246E+000  0.34246599E+001  0.16556408E+002  0.32844850E+002  0.84950957E+002  0.17234791E+003
 -0.48141460E+000 -0.23560593E+000 -0.54977019E-002 -0.45392198E-002 -0.16637735E-002  0.22930208E+000  0.34246588E+001  0.16556408E+002  0.32839947E+002  0.84567802E+002  0.17234790E+003
 -0.48140941E+000 -0.23557479E+000 -0.54975527E-002 -0.45391157E-002 -0.16638048E-002  0.22930174E+000  0.34246577E+001  0.16556407E+002  0.32835437E+002  0.84362158E+002  0.17234789E+003
 -0.48140454E+000 -0.23554379E+000 -0.54973950E-002 -0.45390029E-002 -0.16638268E-002  0.22930142E+000  0.34246568E+001  0.16556407E+002  0.32831258E+002  0.84193157E+002  0.17234788E+003
 -0.48140004E+000 -0.23551366E+000 -0.54972335E-002 -0.45388861E-002 -0.16638438E-002  0.22930112E+000  0.34246559E+001  0.16556406E+002  0.32827355E+002  0.84035467E+002  0.17234788E+003
 -0.48139594E+000 -0.23548492E+000 -0.54970721E-002 -0.45387689E-002 -0.16638593E-002  0.22930083E+000  0.34246550E+001  0.16556406E+002  0.32823681E+002  0.83958089E+002  0.17234787E+003
 -0.48139225E+000 -0.23545789E+000 -0.54969138E-002 -0.45386544E-002 -0.16638762E-002  0.22930054E+000  0.34246542E+001  0.16556405E+002  0.32820196E+002  0.83710117E+002  0.17234786E+003
 -0.48138895E+000 -0.23543280E+000 -0.54967608E-002 -0.45385447E-002 -0.16638966E-002  0.22930024E+000  0.34246534E+001  0.16556405E+002  0.32816864E+002  0.83544088E+002  0.17234786E+003
 -0.48138603E+000 -0.23540972E+000 -0.54966149E-002 -0.45384418E-002 -0.16639225E-002  0.22929995E+000  0.34246527E+001  0.16556404E+002  0.32813656E+002  0.83384449E+002  0.17234785E+003
 -0.48138347E+000 -0.23538868E+000 -0.54964773E-002 -0.45383467E-002 -0.16639552E-002  0.22929964E+000  0.34246520E+001  0.16556404E+002  0.32810544E+002  0.83229877E+002  0.17234784E+003
 -0.48138124E+000 -0.23536964E+000 -0.54963488E-002 -0.45382605E-002 -0.16639959E-002  0.22929932E+000  0.34246513E+001  0.16556403E+002  0.32807505E+002  0.83079212E+002  0.17234784E+003
 -0.48137932E+000 -0.23535253E+000 -0.54962299E-002 -0.45381838E-002 -0.16640456E-002  0.22929900E+000  0.34246506E+001  0.16556403E+002  0.32804518E+002  0.82940761E+002  0.17234783E+003
 -0.48137767E+000 -0.23533723E+000 -0.54961208E-002 -0.45381168E-002 -0.16641048E-002  0.22929866E+000  0.34246499E+001  0.16556402E+002  0.32801565E+002  0.82824739E+002  0.17234782E+003
 -0.48137628E+000 -0.23532363E+000 -0.54960216E-002 -0.45380597E-002 -0.16641741E-002  0.22929830E+000  0.34246492E+001  0.16556401E+002  0.32798631E+002  0.82709673E+002  0.17234782E+003
 -0.48137511E+000 -0.23531159E+000 -0.54959320E-002 -0.45380125E-002 -0.16642538E-002  0.22929794E+000  0.34246484E+001  0.16556401E+002  0.32795700E+002  0.82595000E+002  0.17234781E+003
 -0.48137415E+000 -0.23530096E+000 -0.54958518E-002 -0.45379748E-002 -0.16643442E-002  0.22929755E+000  0.34246477E+001  0.16556400E+002  0.32792761E+002  0.82480220E+002  0.17234780E+003
 -0.48137337E+000 -0.23529161E+000 -0.54957803E-002 -0.45379466E-002 -0.16644453E-002  0.22929716E+000  0.34246470E+001  0.16556400E+002  0.32789802E+002  0.82364890E+002  0.17234780E+003
 -0.48137274E+000 -0.23528339E+000 -0.54957172E-002 -0.45379272E-002 -0.16645572E-002  0.22929674E+000  0.34246462E+001  0.16556399E+002  0.32786813E+002  0.82278916E+002  0.17234779E+003
 -0.48137225E+000 -0.23527617E+000 -0.54956618E-002 -0.45379163E-002 -0.16646798E-002  0.22929631E+000  0.34246454E+001  0.16556399E+002  0.32756600E+002  0.82214702E+002  0.17234778E+003
 -0.48137189E+000 -0.23526983E+000 -0.54956134E-002 -0.45379133E-002 -0.16648129E-002  0.22929585E+000  0.34246446E+001  0.16556398E+002  0.32714908E+002  0.82149606E+002  0.17234777E+003
 -0.48137162E+000 -0.23526423E+000 -0.54955715E-002 -0.45379176E-002 -0.16649562E-002  0.22929538E+000  0.34246438E+001  0.16556398E+002  0.32703782E+002  0.82083475E+002  0.17234777E+003
 -0.48137145E+000 -0.23525928E+000 -0.54955353E-002 -0.45379288E-002 -0.16651095E-002  0.22929489E+000  0.34246429E+001  0.16556397E+002  0.32701458E+002  0.82016177E+002  0.17234776E+003
 -0.48137135E+000 -0.23525486E+000 -0.54955042E-002 -0.45379462E-002 -0.16652724E-002  0.22929438E+000  0.34246420E+001  0.16556396E+002  0.32699089E+002  0.81947598E+002  0.17234775E+003
 -0.48137131E+000 -0.23525088E+000 -0.54954775E-002 -0.45379692E-002 -0.16654445E-002  0.22929384E+000  0.34246411E+001  0.16556396E+002  0.32696026E+002  0.81859665E+002  0.17234774E+003
 -0.48137132E+000 -0.23524728E+000 -0.54954547E-002 -0.45379973E-002 -0.16656251E-002  0.22929328E+000  0.34246401E+001  0.16556395E+002  0.32691916E+002  0.81734992E+002  0.17234774E+003
 -0.48137138E+000 -0.23524396E+000 -0.54954351E-002 -0.45380298E-002 -0.16658138E-002  0.22929270E+000  0.34246391E+001  0.16556394E+002  0.32687715E+002  0.81648198E+002  0.17234773E+003
 -0.48137147E+000 -0.23524086E+000 -0.54954183E-002 -0.45380662E-002 -0.16660097E-002  0.22929209E+000  0.34246381E+001  0.16556394E+002  0.32683422E+002  0.81564169E+002  0.17234772E+003
 -0.48137158E+000 -0.23523794E+000 -0.54954038E-002 -0.45381059E-002 -0.16662123E-002  0.22929146E+000  0.34246371E+001  0.16556393E+002  0.32679033E+002  0.81478303E+002  0.17234771E+003
 -0.48137171E+000 -0.23523514E+000 -0.54953911E-002 -0.45381485E-002 -0.16664206E-002  0.22929080E+000  0.34246360E+001  0.16556392E+002  0.32674549E+002  0.81390572E+002  0.17234770E+003
 -0.48137185E+000 -0.23523242E+000 -0.54953799E-002 -0.45381934E-002 -0.16666338E-002  0.22929011E+000  0.34246349E+001  0.16556392E+002  0.32669969E+002  0.81300963E+002  0.17234769E+003
 -0.48137200E+000 -0.23522974E+000 -0.54953697E-002 -0.45382400E-002 -0.16668510E-002  0.22928940E+000  0.34246338E+001  0.16556391E+002  0.32665294E+002  0.81209479E+002  0.17234768E+003
 -0.48137215E+000 -0.23522707E+000 -0.54953603E-002 -0.45382880E-002 -0.16670712E-002  0.22928867E+000  0.34246326E+001  0.16556390E+002  0.32660525E+002  0.81186227E+002  0.17234767E+003
 -0.48137229E+000 -0.23522438E+000 -0.54953513E-002 -0.45383368E-002 -0.16672933E-002  0.22928791E+000  0.34246315E+001  0.16556390E+002  0.32655666E+002  0.81176848E+002  0.17234766E+003
 -0.48137241E+000 -0.23522165E+000 -0.54953425E-002 -0.45383859E-002 -0.16675163E-002  0.22928713E+000  0.34246303E+001  0.16556389E+002  0.32650718E+002  0.81167295E+002  0.17234765E+003
 -0.48137252E+000 -0.23521886E+000 -0.54953337E-002 -0.45384350E-002 -0.16677390E-002  0.22928633E+000  0.34246291E+001  0.16556388E+002  0.32645686E+002  0.81157572E+002  0.17234764E+003
 -0.48137261E+000 -0.23521598E+000 -0.54953246E-002 -0.45384835E-002 -0.16679604E-002  0.22928552E+000  0.34246279E+001  0.16556387E+002  0.32640574E+002  0.81147687E+002  0.17234763E+003
 -0.48137267E+000 -0.23521299E+000 -0.54953150E-002 -0.45385311E-002 -0.16681793E-002  0.22928469E+000  0.34246267E+001  0.16556387E+002  0.32635389E+002  0.81137650E+002  0.17234762E+003
 -0.48137270E+000 -0.23520987E+000 -0.54953048E-002 -0.45385772E-002 -0.16683945E-002  0.22928385E+000  0.34246254E+001  0.16556386E+002  0.32630135E+002  0.80735497E+002  0.17234761E+003
 -0.48137269E+000 -0.23520659E+000 -0.54952937E-002 -0.45386215E-002 -0.16686050E-002  0.22928301E+000  0.34246242E+001  0.16556385E+002  0.32624821E+002  0.80663480E+002  0.17234760E+003
 -0.48137264E+000 -0.23520315E+000 -0.54952816E-002 -0.45386635E-002 -0.16688096E-002  0.22928216E+000  0.34246230E+001  0.16556384E+002  0.32619455E+002  0.80598040E+002  0.17234759E+003
 -0.48137253E+000 -0.23519950E+000 -0.54952683E-002 -0.45387030E-002 -0.16690071E-002  0.22928131E+000  0.34246218E+001  0.16556383E+002  0.32614044E+002  0.80531958E+002  0.17234758E+003
 -0.48137238E+000 -0.23519565E+000 -0.54952537E-002 -0.45387394E-002 -0.16691965E-002  0.22928046E+000  0.34246207E+001  0.16556383E+002  0.32608600E+002  0.80465334E+002  0.17234757E+003
 -0.48137216E+000 -0.23519155E+000 -0.54952376E-002 -0.45387724E-002 -0.16693767E-002  0.22927963E+000  0.34246195E+001  0.16556382E+002  0.32603132E+002  0.80398277E+002  0.17234755E+003
 -0.48137188E+000 -0.23518720E+000 -0.54952199E-002 -0.45388016E-002 -0.16695466E-002  0.22927881E+000  0.34246184E+001  0.16556381E+002  0.32597652E+002  0.80330905E+002  0.17234754E+003
 -0.48137153E+000 -0.23518257E+000 -0.54952006E-002 -0.45388267E-002 -0.16697053E-002  0.22927801E+000  0.34246173E+001  0.16556380E+002  0.32558403E+002  0.80274769E+002  0.17234753E+003
 -0.48137111E+000 -0.23517765E+000 -0.54951793E-002 -0.45388474E-002 -0.16698518E-002  0.22927724E+000  0.34246163E+001  0.16556380E+002  0.32552448E+002  0.80221173E+002  0.17234752E+003
 -0.48137061E+000 -0.23517242E+000 -0.54951562E-002 -0.45388634E-002 -0.16699852E-002  0.22927649E+000  0.34246152E+001  0.16556379E+002  0.32546519E+002  0.80167638E+002  0.17234751E+003
 -0.48137003E+000 -0.23516687E+000 -0.54951310E-002 -0.45388744E-002 -0.16701044E-002  0.22927577E+000  0.34246143E+001  0.16556378E+002  0.32540634E+002  0.80114280E+002  0.17234749E+003
 -0.48136937E+000 -0.23516098E+000 -0.54951038E-002 -0.45388800E-002 -0.16702088E-002  0.22927509E+000  0.34246134E+001  0.16556377E+002  0.32534808E+002  0.80061217E+002  0.17234748E+003
 -0.48136863E+000 -0.23515475E+000 -0.54950744E-002 -0.45388802E-002 -0.16702975E-002  0.22927445E+000  0.34246125E+001  0.16556377E+002  0.32529056E+002  0.80008572E+002  0.17234747E+003
 -0.48136779E+000 -0.23514816E+000 -0.54950428E-002 -0.45388745E-002 -0.16703698E-002  0.22927386E+000  0.34246117E+001  0.16556376E+002  0.32523395E+002  0.79963477E+002  0.17234746E+003
 -0.48136687E+000 -0.23514121E+000 -0.54950090E-002 -0.45388630E-002 -0.16704250E-002  0.22927331E+000  0.34246110E+001  0.16556376E+002  0.32517842E+002  0.79959202E+002  0.17234745E+003
 -0.48136585E+000 -0.23513390E+000 -0.54949729E-002 -0.45388453E-002 -0.16704626E-002  0.22927282E+000  0.34246103E+001  0.16556375E+002  0.32512413E+002  0.79954993E+002  0.17234743E+003
 -0.48136474E+000 -0.23512622E+000 -0.54949345E-002 -0.45388213E-002 -0.16704818E-002  0.22927238E+000  0.34246098E+001  0.16556374E+002  0.32507127E+002  0.79950861E+002  0.17234742E+003
 -0.48136354E+000 -0.23511818E+000 -0.54948938E-002 -0.45387909E-002 -0.16704823E-002  0.22927200E+000  0.34246093E+001  0.16556374E+002  0.32501999E+002  0.79946819E+002  0.17234741E+003
 -0.48136224E+000 -0.23510976E+000 -0.54948509E-002 -0.45387541E-002 -0.16704637E-002  0.22927169E+000  0.34246089E+001  0.16556373E+002  0.32497047E+002  0.79942876E+002  0.17234740E+003
 -0.48136085E+000 -0.23510098E+000 -0.54948057E-002 -0.45387107E-002 -0.16704257E-002  0.22927143E+000  0.34246085E+001  0.16556373E+002  0.32492288E+002  0.79939043E+002  0.17234739E+003
 -0.48135937E+000 -0.23509184E+000 -0.54947582E-002 -0.45386607E-002 -0.16703680E-002  0.22927125E+000  0.34246083E+001  0.16556372E+002  0.32487738E+002  0.79935333E+002  0.17234737E+003
 -0.48135778E+000 -0.23508234E+000 -0.54947086E-002 -0.45386040E-002 -0.16702905E-002  0.22927114E+000  0.34246082E+001  0.16556372E+002  0.32483413E+002  0.79931754E+002  0.17234736E+003
 -0.48135611E+000 -0.23507248E+000 -0.54946568E-002 -0.45385408E-002 -0.16701931E-002  0.22927110E+000  0.34246081E+001  0.16556372E+002  0.32479330E+002  0.79818057E+002  0.17234735E+003
 -0.48135434E+000 -0.23506227E+000 -0.54946028E-002 -0.45384710E-002 -0.16700758E-002  0.22927114E+000  0.34246082E+001  0.16556372E+002  0.32475502E+002  0.79661284E+002  0.17234734E+003
 -0.48135249E+000 -0.23505171E+000 -0.54945468E-002 -0.45383948E-002 -0.16699389E-002  0.22927126E+000  0.34246083E+001  0.16556371E+002  0.32471944E+002  0.79638880E+002  0.17234733E+003
 -0.48135054E+000 -0.23504083E+000 -0.54944888E-002 -0.45383122E-002 -0.16697824E-002  0.22927145E+000  0.34246086E+001  0.16556371E+002  0.32468669E+002  0.79618260E+002  0.17234732E+003
 -0.48134851E+000 -0.23502962E+000 -0.54944288E-002 -0.45382233E-002 -0.16696068E-002  0.22927173E+000  0.34246089E+001  0.16556371E+002  0.32465690E+002  0.79598901E+002  0.17234731E+003
 -0.48134639E+000 -0.23501810E+000 -0.54943670E-002 -0.45381283E-002 -0.16694124E-002  0.22927209E+000  0.34246094E+001  0.16556371E+002  0.32463017E+002  0.79580860E+002  0.17234730E+003
 -0.48134419E+000 -0.23500629E+000 -0.54943034E-002 -0.45380275E-002 -0.16691997E-002  0.22927253E+000  0.34246100E+001  0.16556371E+002  0.32460662E+002  0.79564188E+002  0.17234729E+003
 -0.48134192E+000 -0.23499420E+000 -0.54942381E-002 -0.45379209E-002 -0.16689694E-002  0.22927304E+000  0.34246107E+001  0.16556371E+002  0.32458634E+002  0.79548934E+002  0.17234728E+003
 -0.48133957E+000 -0.23498184E+000 -0.54941712E-002 -0.45378089E-002 -0.16687221E-002  0.22927365E+000  0.34246114E+001  0.16556371E+002  0.32456939E+002  0.79535138E+002  0.17234727E+003
 -0.48133716E+000 -0.23496923E+000 -0.54941028E-002 -0.45376917E-002 -0.16684585E-002  0.22927433E+000  0.34246123E+001  0.16556371E+002  0.32455584E+002  0.79522838E+002  0.17234726E+003
 -0.48133468E+000 -0.23495639E+000 -0.54940330E-002 -0.45375696E-002 -0.16681795E-002  0.22927509E+000  0.34246133E+001  0.16556371E+002  0.32454668E+002  0.79512064E+002  0.17234725E+003
 -0.48133214E+000 -0.23494332E+000 -0.54939619E-002 -0.45374429E-002 -0.16678860E-002  0.22927592E+000  0.34246144E+001  0.16556372E+002  0.32454145E+002  0.79502842E+002  0.17234725E+003
 -0.48132955E+000 -0.23493005E+000 -0.54938897E-002 -0.45373120E-002 -0.16675790E-002  0.22927684E+000  0.34246156E+001  0.16556372E+002  0.32453901E+002  0.79495192E+002  0.17234724E+003
 -0.48132691E+000 -0.23491659E+000 -0.54938164E-002 -0.45371772E-002 -0.16672595E-002  0.22927782E+000  0.34246169E+001  0.16556372E+002  0.32453936E+002  0.79489126E+002  0.17234723E+003
 -0.48132422E+000 -0.23490298E+000 -0.54937423E-002 -0.45370388E-002 -0.16669286E-002  0.22927888E+000  0.34246182E+001  0.16556373E+002  0.32454249E+002  0.79484653E+002  0.17234723E+003
 -0.48132150E+000 -0.23488923E+000 -0.54936673E-002 -0.45368973E-002 -0.16665874E-002  0.22928000E+000  0.34246197E+001  0.16556373E+002  0.32454840E+002  0.79481773E+002  0.17234722E+003
 -0.48131875E+000 -0.23487538E+000 -0.54935917E-002 -0.45367530E-002 -0.16662372E-002  0.22928119E+000  0.34246212E+001  0.16556374E+002  0.32455886E+002  0.79480483E+002  0.17234722E+003
 -0.48131597E+000 -0.23486143E+000 -0.54935156E-002 -0.45366064E-002 -0.16658789E-002  0.22928243E+000  0.34246229E+001  0.16556374E+002  0.32457321E+002  0.79480773E+002  0.17234721E+003
 -0.48131317E+000 -0.23484741E+000 -0.54934390E-002 -0.45364578E-002 -0.16655140E-002  0.22928374E+000  0.34246246E+001  0.16556375E+002  0.32459095E+002  0.79482628E+002  0.17234721E+003
 -0.48131036E+000 -0.23483335E+000 -0.54933623E-002 -0.45363075E-002 -0.16651435E-002  0.22928509E+000  0.34246263E+001  0.16556375E+002  0.32461198E+002  0.79486029E+002  0.17234720E+003
 -0.48130755E+000 -0.23481926E+000 -0.54932854E-002 -0.45361562E-002 -0.16647686E-002  0.22928649E+000  0.34246282E+001  0.16556376E+002  0.32463625E+002  0.79490951E+002  0.17234720E+003
 -0.48130473E+000 -0.23480517E+000 -0.54932085E-002 -0.45360040E-002 -0.16643906E-002  0.22928793E+000  0.34246301E+001  0.16556377E+002  0.32466366E+002  0.79497366E+002  0.17234720E+003
 -0.48130192E+000 -0.23479110E+000 -0.54931318E-002 -0.45358515E-002 -0.16640107E-002  0.22928941E+000  0.34246320E+001  0.16556378E+002  0.32469412E+002  0.79505239E+002  0.17234719E+003
 -0.48129912E+000 -0.23477707E+000 -0.54930554E-002 -0.45356990E-002 -0.16636300E-002  0.22929093E+000  0.34246340E+001  0.16556378E+002  0.32472752E+002  0.79514535E+002  0.17234719E+003
 -0.48129634E+000 -0.23476311E+000 -0.54929794E-002 -0.45355469E-002 -0.16632495E-002  0.22929247E+000  0.34246361E+001  0.16556379E+002  0.32476375E+002  0.79525213E+002  0.17234719E+003
 -0.48129358E+000 -0.23474923E+000 -0.54929039E-002 -0.45353955E-002 -0.16628705E-002  0.22929403E+000  0.34246382E+001  0.16556380E+002  0.32480271E+002  0.79537231E+002  0.17234719E+003
 -0.48129084E+000 -0.23473545E+000 -0.54928291E-002 -0.45352452E-002 -0.16624938E-002  0.22929562E+000  0.34246403E+001  0.16556381E+002  0.32484426E+002  0.79550544E+002  0.17234719E+003
 -0.48128814E+000 -0.23472180E+000 -0.54927551E-002 -0.45350964E-002 -0.16621205E-002  0.22929721E+000  0.34246425E+001  0.16556382E+002  0.32488829E+002  0.79565105E+002  0.17234719E+003
 -0.48128548E+000 -0.23470829E+000 -0.54926819E-002 -0.45349493E-002 -0.16617515E-002  0.22929882E+000  0.34246447E+001  0.16556383E+002  0.32493466E+002  0.79580865E+002  0.17234719E+003
 -0.48128286E+000 -0.23469495E+000 -0.54926098E-002 -0.45348042E-002 -0.16613876E-002  0.22930042E+000  0.34246469E+001  0.16556384E+002  0.32498325E+002  0.79597775E+002  0.17234719E+003
 -0.48128029E+000 -0.23468178E+000 -0.54925387E-002 -0.45346615E-002 -0.16610297E-002  0.22930203E+000  0.34246491E+001  0.16556385E+002  0.32503393E+002  0.79615783E+002  0.17234719E+003
 -0.48127777E+000 -0.23463496E+000 -0.54924689E-002 -0.45345213E-002 -0.16606784E-002  0.22930363E+000  0.34246513E+001  0.16556386E+002  0.32508655E+002  0.79634837E+002  0.17234719E+003
 -0.48127530E+000 -0.23458688E+000 -0.54924003E-002 -0.45343838E-002 -0.16603345E-002  0.22930523E+000  0.34246535E+001  0.16556387E+002  0.32514100E+002  0.79654888E+002  0.17234719E+003
 -0.48127288E+000 -0.23453964E+000 -0.54923331E-002 -0.45342494E-002 -0.16599984E-002  0.22930681E+000  0.34246558E+001  0.16556388E+002  0.32519714E+002  0.79764786E+002  0.17234720E+003
 -0.48127053E+000 -0.23449331E+000 -0.54922673E-002 -0.45341181E-002 -0.16596707E-002  0.22930837E+000  0.34246580E+001  0.16556389E+002  0.32525483E+002  0.79914021E+002  0.17234720E+003
 -0.48126824E+000 -0.23444791E+000 -0.54922029E-002 -0.45339902E-002 -0.16593519E-002  0.22930991E+000  0.34246602E+001  0.16556390E+002  0.32531396E+002  0.79933576E+002  0.17234720E+003
 -0.48126601E+000 -0.23440351E+000 -0.54921401E-002 -0.45338657E-002 -0.16590424E-002  0.22931143E+000  0.34246624E+001  0.16556391E+002  0.32537439E+002  0.79936939E+002  0.17234721E+003
 -0.48126385E+000 -0.23436013E+000 -0.54920790E-002 -0.45337448E-002 -0.16587423E-002  0.22931292E+000  0.34246646E+001  0.16556392E+002  0.32543601E+002  0.79940408E+002  0.17234721E+003
 -0.48126175E+000 -0.23431781E+000 -0.54920194E-002 -0.45336276E-002 -0.16584521E-002  0.22931438E+000  0.34246668E+001  0.16556393E+002  0.32549869E+002  0.79943976E+002  0.17234721E+003
 -0.48125973E+000 -0.23427658E+000 -0.54919615E-002 -0.45335141E-002 -0.16581718E-002  0.22931581E+000  0.34246690E+001  0.16556394E+002  0.32556231E+002  0.79947638E+002  0.17234722E+003
 -0.48125777E+000 -0.23423647E+000 -0.54919054E-002 -0.45334044E-002 -0.16579017E-002  0.22931721E+000  0.34246711E+001  0.16556395E+002  0.32591981E+002  0.79951387E+002  0.17234722E+003
 -0.48125588E+000 -0.23419749E+000 -0.54918509E-002 -0.45332986E-002 -0.16576418E-002  0.22931857E+000  0.34246732E+001  0.16556396E+002  0.32602103E+002  0.79955216E+002  0.17234723E+003
 -0.48125406E+000 -0.23415966E+000 -0.54917982E-002 -0.45331966E-002 -0.16573921E-002  0.22931989E+000  0.34246753E+001  0.16556397E+002  0.32608146E+002  0.79959120E+002  0.17234724E+003
 -0.48125231E+000 -0.23412301E+000 -0.54917472E-002 -0.45330986E-002 -0.16571525E-002  0.22932118E+000  0.34246774E+001  0.16556398E+002  0.32614235E+002  0.79963093E+002  0.17234724E+003
 -0.48125063E+000 -0.23408753E+000 -0.54916980E-002 -0.45330043E-002 -0.16569232E-002  0.22932242E+000  0.34246794E+001  0.16556399E+002  0.32620363E+002  0.80000389E+002  0.17234725E+003
 -0.48124901E+000 -0.23405323E+000 -0.54916506E-002 -0.45329139E-002 -0.16567039E-002  0.22932363E+000  0.34246814E+001  0.16556400E+002  0.32626522E+002  0.80049621E+002  0.17234726E+003
 -0.48124747E+000 -0.23402012E+000 -0.54916049E-002 -0.45328273E-002 -0.16564945E-002  0.22932479E+000  0.34246833E+001  0.16556401E+002  0.32632701E+002  0.80099493E+002  0.17234726E+003
 -0.48124599E+000 -0.23398820E+000 -0.54915610E-002 -0.45327444E-002 -0.16562948E-002  0.22932591E+000  0.34246853E+001  0.16556402E+002  0.32638895E+002  0.80149945E+002  0.17234727E+003
 -0.48124458E+000 -0.23395746E+000 -0.54915187E-002 -0.45326652E-002 -0.16561047E-002  0.22932699E+000  0.34246871E+001  0.16556403E+002  0.32645095E+002  0.80200921E+002  0.17234728E+003
 -0.48124323E+000 -0.23392789E+000 -0.54914782E-002 -0.45325896E-002 -0.16559240E-002  0.22932803E+000  0.34246890E+001  0.16556404E+002  0.32651293E+002  0.80252367E+002  0.17234729E+003
 -0.48124195E+000 -0.23389948E+000 -0.54914393E-002 -0.45325176E-002 -0.16557523E-002  0.22932903E+000  0.34246908E+001  0.16556404E+002  0.32657485E+002  0.80304230E+002  0.17234730E+003
 -0.48124073E+000 -0.23387223E+000 -0.54914021E-002 -0.45324490E-002 -0.16555895E-002  0.22932998E+000  0.34246925E+001  0.16556405E+002  0.32663662E+002  0.80366418E+002  0.17234731E+003
 -0.48123956E+000 -0.23384610E+000 -0.54913666E-002 -0.45323837E-002 -0.16554353E-002  0.22933089E+000  0.34246942E+001  0.16556406E+002  0.32669818E+002  0.80432728E+002  0.17234731E+003
 -0.48123846E+000 -0.23382110E+000 -0.54913326E-002 -0.45323218E-002 -0.16552894E-002  0.22933177E+000  0.34246959E+001  0.16556407E+002  0.32675948E+002  0.80499379E+002  0.17234732E+003
 -0.48123741E+000 -0.23379719E+000 -0.54913002E-002 -0.45322630E-002 -0.16551515E-002  0.22933260E+000  0.34246975E+001  0.16556408E+002  0.32682046E+002  0.80566315E+002  0.17234733E+003
 -0.48123642E+000 -0.23377435E+000 -0.54912692E-002 -0.45322073E-002 -0.16550214E-002  0.22933339E+000  0.34246990E+001  0.16556409E+002  0.32688106E+002  0.80633480E+002  0.17234734E+003
 -0.48123548E+000 -0.23375257E+000 -0.54912398E-002 -0.45321545E-002 -0.16548987E-002  0.22933415E+000  0.34247006E+001  0.16556410E+002  0.32694125E+002  0.80700819E+002  0.17234735E+003
 -0.48123459E+000 -0.23373181E+000 -0.54912118E-002 -0.45321046E-002 -0.16547831E-002  0.22933487E+000  0.34247020E+001  0.16556410E+002  0.32699116E+002  0.81062672E+002  0.17234736E+003
 -0.48123375E+000 -0.23371205E+000 -0.54911852E-002 -0.45320575E-002 -0.16546743E-002  0.22933555E+000  0.34247035E+001  0.16556411E+002  0.32702671E+002  0.81144588E+002  0.17234738E+003
 -0.48123296E+000 -0.23369325E+000 -0.54911600E-002 -0.45320130E-002 -0.16545721E-002  0.22933620E+000  0.34247049E+001  0.16556412E+002  0.32717344E+002  0.81155348E+002  0.17234739E+003
 -0.48123222E+000 -0.23367540E+000 -0.54911360E-002 -0.45319710E-002 -0.16544761E-002  0.22933681E+000  0.34247062E+001  0.16556413E+002  0.32782315E+002  0.81166105E+002  0.17234740E+003
 -0.48123151E+000 -0.23365846E+000 -0.54911133E-002 -0.45319315E-002 -0.16543860E-002  0.22933739E+000  0.34247075E+001  0.16556414E+002  0.32790411E+002  0.81176849E+002  0.17234741E+003
 -0.48123085E+000 -0.23364239E+000 -0.54910918E-002 -0.45318943E-002 -0.16543017E-002  0.22933794E+000  0.34247087E+001  0.16556414E+002  0.32795087E+002  0.81187575E+002  0.17234742E+003
 -0.48123023E+000 -0.23362718E+000 -0.54910715E-002 -0.45318593E-002 -0.16542226E-002  0.22933846E+000  0.34247100E+001  0.16556415E+002  0.32799704E+002  0.81238383E+002  0.17234743E+003
 -0.48122964E+000 -0.23361279E+000 -0.54910523E-002 -0.45318264E-002 -0.16541487E-002  0.22933895E+000  0.34247111E+001  0.16556416E+002  0.32804260E+002  0.81346594E+002  0.17234744E+003
 -0.48122910E+000 -0.23359918E+000 -0.54910342E-002 -0.45317956E-002 -0.16540797E-002  0.22933941E+000  0.34247122E+001  0.16556416E+002  0.32808752E+002  0.81454402E+002  0.17234746E+003
 -0.48122858E+000 -0.23358632E+000 -0.54910171E-002 -0.45317666E-002 -0.16540152E-002  0.22933984E+000  0.34247133E+001  0.16556417E+002  0.32813180E+002  0.81561742E+002  0.17234747E+003
 -0.48122810E+000 -0.23357419E+000 -0.54910011E-002 -0.45317395E-002 -0.16539550E-002  0.22934025E+000  0.34247143E+001  0.16556418E+002  0.32817539E+002  0.81668548E+002  0.17234748E+003
 -0.48122765E+000 -0.23356276E+000 -0.54909859E-002 -0.45317141E-002 -0.16538989E-002  0.22934064E+000  0.34247153E+001  0.16556418E+002  0.32821829E+002  0.81803408E+002  0.17234749E+003
 -0.48122723E+000 -0.23355198E+000 -0.54909716E-002 -0.45316904E-002 -0.16538466E-002  0.22934100E+000  0.34247163E+001  0.16556419E+002  0.32826048E+002  0.81938881E+002  0.17234750E+003
 -0.48122683E+000 -0.23354183E+000 -0.54909582E-002 -0.45316681E-002 -0.16537980E-002  0.22934134E+000  0.34247172E+001  0.16556419E+002  0.32830194E+002  0.82031858E+002  0.17234752E+003
 -0.48122646E+000 -0.23353229E+000 -0.54909456E-002 -0.45316474E-002 -0.16537527E-002  0.22934166E+000  0.34247180E+001  0.16556420E+002  0.32834267E+002  0.82124151E+002  0.17234753E+003
 -0.48122612E+000 -0.23352332E+000 -0.54909338E-002 -0.45316280E-002 -0.16537106E-002  0.22934196E+000  0.34247189E+001  0.16556420E+002  0.32838264E+002  0.82215711E+002  0.17234754E+003
 -0.48122580E+000 -0.23351488E+000 -0.54909227E-002 -0.45316099E-002 -0.16536715E-002  0.22934224E+000  0.34247197E+001  0.16556421E+002  0.32842185E+002  0.82306491E+002  0.17234755E+003
 -0.48122550E+000 -0.23350697E+000 -0.54909123E-002 -0.45315930E-002 -0.16536352E-002  0.22934250E+000  0.34247204E+001  0.16556422E+002  0.32846029E+002  0.82463722E+002  0.17234757E+003
 -0.48122522E+000 -0.23349954E+000 -0.54909026E-002 -0.45315773E-002 -0.16536014E-002  0.22934275E+000  0.34247212E+001  0.16556422E+002  0.32849794E+002  0.82626742E+002  0.17234758E+003
 -0.48122496E+000 -0.23349257E+000 -0.54908934E-002 -0.45315626E-002 -0.16535701E-002  0.22934298E+000  0.34247218E+001  0.16556423E+002  0.32853482E+002  0.82788097E+002  0.17234759E+003
 -0.48122472E+000 -0.23348604E+000 -0.54908849E-002 -0.45315489E-002 -0.16535411E-002  0.22934319E+000  0.34247225E+001  0.16556423E+002  0.32857090E+002  0.82947716E+002  0.17234760E+003
 -0.48122449E+000 -0.23347991E+000 -0.54908769E-002 -0.45315362E-002 -0.16535141E-002  0.22934339E+000  0.34247231E+001  0.16556423E+002  0.32860619E+002  0.83138541E+002  0.17234761E+003
 -0.48122428E+000 -0.23347418E+000 -0.54908694E-002 -0.45315243E-002 -0.16534891E-002  0.22934358E+000  0.34247237E+001  0.16556424E+002  0.32864069E+002  0.83334573E+002  0.17234763E+003
 -0.48122409E+000 -0.23346880E+000 -0.54908623E-002 -0.45315132E-002 -0.16534659E-002  0.22934376E+000  0.34247243E+001  0.16556424E+002  0.32867439E+002  0.83528177E+002  0.17234764E+003
 -0.48122390E+000 -0.23346377E+000 -0.54908558E-002 -0.45315029E-002 -0.16534444E-002  0.22934392E+000  0.34247248E+001  0.16556425E+002  0.32870730E+002  0.83722822E+002  0.17234765E+003
 -0.48122373E+000 -0.23345905E+000 -0.54908496E-002 -0.45314933E-002 -0.16534244E-002  0.22934407E+000  0.34247253E+001  0.16556425E+002  0.32878572E+002  0.83989923E+002  0.17234766E+003
 -0.48122358E+000 -0.23345464E+000 -0.54908439E-002 -0.45314844E-002 -0.16534058E-002  0.22934422E+000  0.34247258E+001  0.16556425E+002  0.32886391E+002  0.84054704E+002  0.17234768E+003
 -0.48122343E+000 -0.23345051E+000 -0.54908385E-002 -0.45314760E-002 -0.16533885E-002  0.22934435E+000  0.34247263E+001  0.16556426E+002  0.32894014E+002  0.84202509E+002  0.17234769E+003
 -0.48122329E+000 -0.23344663E+000 -0.54908335E-002 -0.45314682E-002 -0.16533725E-002  0.22934447E+000  0.34247267E+001  0.16556426E+002  0.32901442E+002  0.84348099E+002  0.17234770E+003
 -0.48122316E+000 -0.23344301E+000 -0.54908288E-002 -0.45314610E-002 -0.16533575E-002  0.22934459E+000  0.34247271E+001  0.16556427E+002  0.32908677E+002  0.84491432E+002  0.17234771E+003
 -0.48122304E+000 -0.23343960E+000 -0.54908244E-002 -0.45314542E-002 -0.16533436E-002  0.22934470E+000  0.34247275E+001  0.16556427E+002  0.32915720E+002  0.84737052E+002  0.17234772E+003
 -0.48122293E+000 -0.23343641E+000 -0.54908202E-002 -0.45314478E-002 -0.16533305E-002  0.22934480E+000  0.34247279E+001  0.16556427E+002  0.32922573E+002  0.85004491E+002  0.17234774E+003
 -0.48122283E+000 -0.23343342E+000 -0.54908164E-002 -0.45314418E-002 -0.16533183E-002  0.22934490E+000  0.34247283E+001  0.16556427E+002  0.32929239E+002  0.85267388E+002  0.17234775E+003
 -0.48122273E+000 -0.23343061E+000 -0.54908127E-002 -0.45314362E-002 -0.16533069E-002  0.22934499E+000  0.34247286E+001  0.16556428E+002  0.32935719E+002  0.85777181E+002  0.17234776E+003
 -0.48122264E+000 -0.23342797E+000 -0.54908093E-002 -0.45314310E-002 -0.16532961E-002  0.22934507E+000  0.34247289E+001  0.16556428E+002  0.32942016E+002  0.86227163E+002  0.17234777E+003
 -0.48122255E+000 -0.23342548E+000 -0.54908061E-002 -0.45314260E-002 -0.16532860E-002  0.22934515E+000  0.34247292E+001  0.16556428E+002  0.32948133E+002  0.86283617E+002  0.17234778E+003
 -0.48122247E+000 -0.23342314E+000 -0.54908030E-002 -0.45314214E-002 -0.16532765E-002  0.22934522E+000  0.34247295E+001  0.16556429E+002  0.32954072E+002  0.86339005E+002  0.17234779E+003
 -0.48122239E+000 -0.23342094E+000 -0.54908002E-002 -0.45314170E-002 -0.16532675E-002  0.22934529E+000  0.34247298E+001  0.16556429E+002  0.32959837E+002  0.86485532E+002  0.17234780E+003
 -0.48122232E+000 -0.23341885E+000 -0.54907975E-002 -0.45314128E-002 -0.16532589E-002  0.22934536E+000  0.34247300E+001  0.16556429E+002  0.32965430E+002  0.86845220E+002  0.17234782E+003
 -0.48122225E+000 -0.23341688E+000 -0.54907949E-002 -0.45314088E-002 -0.16532507E-002  0.22934542E+000  0.34247303E+001  0.16556429E+002  0.32970854E+002  0.87197619E+002  0.17234783E+003
 -0.48122218E+000 -0.23341502E+000 -0.54907925E-002 -0.45314051E-002 -0.16532429E-002  0.22934548E+000  0.34247305E+001  0.16556430E+002  0.32976112E+002  0.87814559E+002  0.17234784E+003
 -0.48122212E+000 -0.23341325E+000 -0.54907902E-002 -0.45314015E-002 -0.16532355E-002  0.22934553E+000  0.34247307E+001  0.16556430E+002  0.32981209E+002  0.88540024E+002  0.17234785E+003
 -0.48122206E+000 -0.23341157E+000 -0.54907880E-002 -0.45313981E-002 -0.16532283E-002  0.22934559E+000  0.34247309E+001  0.16556430E+002  0.32986146E+002  0.88554953E+002  0.17234786E+003
 -0.48122200E+000 -0.23340997E+000 -0.54907859E-002 -0.45313948E-002 -0.16532214E-002  0.22934564E+000  0.34247311E+001  0.16556430E+002  0.32990928E+002  0.88569554E+002  0.17234787E+003
 -0.48122195E+000 -0.23340845E+000 -0.54907839E-002 -0.45313916E-002 -0.16532147E-002  0.22934568E+000  0.34247313E+001  0.16556430E+002  0.32995558E+002  0.88817435E+002  0.17234788E+003
 -0.48122190E+000 -0.23340699E+000 -0.54907820E-002 -0.45313886E-002 -0.16532083E-002  0.22934573E+000  0.34247315E+001  0.16556431E+002  0.33000040E+002  0.89275803E+002  0.17234789E+003
 -0.48122185E+000 -0.23340560E+000 -0.54907802E-002 -0.45313856E-002 -0.16532020E-002  0.22934577E+000  0.34247317E+001  0.16556431E+002  0.33004376E+002  0.89723507E+002  0.17234790E+003
 -0.48122180E+000 -0.23340426E+000 -0.54907784E-002 -0.45313828E-002 -0.16531959E-002  0.22934581E+000  0.34247318E+001  0.16556431E+002  0.33008571E+002  0.90887725E+002  0.17234791E+003
 -0.48122175E+000 -0.23340298E+000 -0.54907767E-002 -0.45313800E-002 -0.16531899E-002  0.22934585E+000  0.34247320E+001  0.16556431E+002  0.33012627E+002  0.91048519E+002  0.17234792E+003
 -0.48122170E+000 -0.23340175E+000 -0.54907751E-002 -0.45313773E-002 -0.16531840E-002  0.22934589E+000  0.34247321E+001  0.16556431E+002  0.33016549E+002  0.91105209E+002  0.17234793E+003
 -0.48122166E+000 -0.23340055E+000 -0.54907735E-002 -0.45313747E-002 -0.16531782E-002  0.22934593E+000  0.34247323E+001  0.16556431E+002  0.33020340E+002  0.91326691E+002  0.17234794E+003
 -0.48122161E+000 -0.23339940E+000 -0.54907720E-002 -0.45313721E-002 -0.16531724E-002  0.22934596E+000  0.34247324E+001  0.16556431E+002  0.33024004E+002  0.91918025E+002  0.17234794E+003
 -0.48122157E+000 -0.23339829E+000 -0.54907705E-002 -0.45313696E-002 -0.16531668E-002  0.22934600E+000  0.34247325E+001  0.16556432E+002  0.33027543E+002  0.92494216E+002  0.17234795E+003
 -0.48122152E+000 -0.23339721E+000 -0.54907691E-002 -0.45313671E-002 -0.16531612E-002  0.22934603E+000  0.34247326E+001  0.16556432E+002  0.33030962E+002  0.93594359E+002  0.17234796E+003
 -0.48122148E+000 -0.23339616E+000 -0.54907677E-002 -0.45313646E-002 -0.16531556E-002  0.22934606E+000  0.34247327E+001  0.16556432E+002  0.33034263E+002  0.93822666E+002  0.17234797E+003
 -0.48122144E+000 -0.23339513E+000 -0.54907663E-002 -0.45313622E-002 -0.16531500E-002  0.22934609E+000  0.34247329E+001  0.16556432E+002  0.33037452E+002  0.94044881E+002  0.17234798E+003
 -0.48122140E+000 -0.23339413E+000 -0.54907649E-002 -0.45313598E-002 -0.16531444E-002  0.22934612E+000  0.34247330E+001  0.16556432E+002  0.33040529E+002  0.94676196E+002  0.17234799E+003
 -0.48122136E+000 -0.23339315E+000 -0.54907636E-002 -0.45313574E-002 -0.16531388E-002  0.22934616E+000  0.34247331E+001  0.16556432E+002  0.33043501E+002  0.95447322E+002  0.17234799E+003
 -0.48122132E+000 -0.23339218E+000 -0.54907623E-002 -0.45313550E-002 -0.16531332E-002  0.22934618E+000  0.34247332E+001  0.16556432E+002  0.33046369E+002  0.96140897E+002  0.17234800E+003
 -0.48122128E+000 -0.23339123E+000 -0.54907610E-002 -0.45313526E-002 -0.16531275E-002  0.22934621E+000  0.34247333E+001  0.16556432E+002  0.33049137E+002  0.96761735E+002  0.17234801E+003
 -0.48122124E+000 -0.23339029E+000 -0.54907597E-002 -0.45313502E-002 -0.16531218E-002  0.22934624E+000  0.34247334E+001  0.16556433E+002  0.33051808E+002  0.97358724E+002  0.17234802E+003
 -0.48122119E+000 -0.23338935E+000 -0.54907584E-002 -0.45313478E-002 -0.16531160E-002  0.22934627E+000  0.34247334E+001  0.16556433E+002  0.33054387E+002  0.98885087E+002  0.17234802E+003
 -0.48122115E+000 -0.23338841E+000 -0.54907572E-002 -0.45313454E-002 -0.16531102E-002  0.22934630E+000  0.34247335E+001  0.16556433E+002  0.33056876E+002  0.99253511E+002  0.17234803E+003
 -0.48122111E+000 -0.23338746E+000 -0.54907559E-002 -0.45313429E-002 -0.16531043E-002  0.22934633E+000  0.34247336E+001  0.16556433E+002  0.33059280E+002  0.99403590E+002  0.17234804E+003
 -0.48122107E+000 -0.23338650E+000 -0.54907545E-002 -0.45313405E-002 -0.16530983E-002  0.22934636E+000  0.34247337E+001  0.16556433E+002  0.33061601E+002  0.10066663E+003  0.17234804E+003
 -0.48122102E+000 -0.23338551E+000 -0.54907532E-002 -0.45313380E-002 -0.16530923E-002  0.22934639E+000  0.34247338E+001  0.16556433E+002  0.33063845E+002  0.10316095E+003  0.17234805E+003
 -0.48122098E+000 -0.23338449E+000 -0.54907518E-002 -0.45313354E-002 -0.16530863E-002  0.22934642E+000  0.34247338E+001  0.16556433E+002  0.33066014E+002  0.10316494E+003  0.17234806E+003
 -0.48122093E+000 -0.23338342E+000 -0.54907503E-002 -0.45313328E-002 -0.16530803E-002  0.22934645E+000  0.34247339E+001  0.16556433E+002  0.33068113E+002  0.10316505E+003  0.17234806E+003
 -0.48122088E+000 -0.23338227E+000 -0.54907488E-002 -0.45313301E-002 -0.16530742E-002  0.22934648E+000  0.34247340E+001  0.16556433E+002  0.33070147E+002  0.10316505E+003  0.17234807E+003
 -0.48122082E+000 -0.23338100E+000 -0.54907470E-002 -0.45313274E-002 -0.16530684E-002  0.22934651E+000  0.34247341E+001  0.16556433E+002  0.33072116E+002  0.10316506E+003  0.17234807E+003
 -0.48122076E+000 -0.23337950E+000 -0.54907449E-002 -0.45313242E-002 -0.16530622E-002  0.22934655E+000  0.34247342E+001  0.16556433E+002  0.33074040E+002  0.10316506E+003  0.17234808E+003
