  0.30387912E+000  0.31846080E+000  0.46007078E+000  0.62776830E+000  0.80398336E+000  0.91132472E+000  0.12870709E+001  0.18960503E+001  0.26403880E+001  0.41052324E+001  0.58461195E+001
  0.30376142E+000  0.31846409E+000  0.46007078E+000  0.62776830E+000  0.80389775E+000  0.91121928E+000  0.12870709E+001  0.18923168E+001  0.26378715E+001  0.41035332E+001  0.58454536E+001
  0.30366112E+000  0.31846348E+000  0.46007078E+000  0.62776830E+000  0.80375110E+000  0.91112292E+000  0.12870709E+001  0.18898737E+001  0.26338917E+001  0.41036466E+001  0.58447901E+001
  0.30357566E+000  0.31846409E+000  0.46007078E+000  0.62776830E+000  0.80374416E+000  0.91106970E+000  0.12870709E+001  0.18896332E+001  0.26319654E+001  0.41033162E+001  0.58442542E+001
  0.30350988E+000  0.31846215E+000  0.46007078E+000  0.62776830E+000  0.80370159E+000  0.91102132E+000  0.12870709E+001  0.18894016E+001  0.26284575E+001  0.41013393E+001  0.58442365E+001
  0.30345783E+000  0.31846409E+000  0.46007078E+000  0.62776830E+000  0.80366001E+000  0.91092546E+000  0.12870709E+001  0.18892399E+001  0.26277793E+001  0.41012284E+001  0.58438392E+001
  0.30341365E+000  0.31846409E+000  0.46007078E+000  0.62776830E+000  0.80362439E+000  0.91088925E+000  0.12870709E+001  0.18890700E+001  0.26274392E+001  0.41008460E+001  0.58432243E+001
  0.30337607E+000  0.31845830E+000  0.46007078E+000  0.62776830E+000  0.80355940E+000  0.91085824E+000  0.12870709E+001  0.18889718E+001  0.26271502E+001  0.41003674E+001  0.58426539E+001
  0.30334406E+000  0.31846409E+000  0.46007078E+000  0.62776830E+000  0.80355155E+000  0.91086494E+000  0.12870709E+001  0.18888514E+001  0.26269364E+001  0.40997848E+001  0.58423043E+001
  0.30331673E+000  0.31846409E+000  0.46007078E+000  0.62776830E+000  0.80350482E+000  0.91080150E+000  0.12870709E+001  0.18887350E+001  0.26266947E+001  0.40996721E+001  0.58420513E+001
  0.30329336E+000  0.31846409E+000  0.45995494E+000  0.62776830E+000  0.80350103E+000  0.91078872E+000  0.12870709E+001  0.18886320E+001  0.26265154E+001  0.40996961E+001  0.58418289E+001
  0.30327334E+000  0.31846365E+000  0.45995482E+000  0.62776830E+000  0.80346486E+000  0.91078977E+000  0.12870709E+001  0.18885410E+001  0.26263616E+001  0.40997715E+001  0.58416329E+001
  0.30325615E+000  0.31845895E+000  0.46007078E+000  0.62776830E+000  0.80347175E+000  0.91077670E+000  0.12870709E+001  0.18884607E+001  0.26262293E+001  0.40997017E+001  0.58414600E+001
  0.30324136E+000  0.31845491E+000  0.46007078E+000  0.62776830E+000  0.80344717E+000  0.91074867E+000  0.12870709E+001  0.18883897E+001  0.26261926E+001  0.40994756E+001  0.58413069E+001
  0.30316784E+000  0.31845144E+000  0.46007078E+000  0.62776830E+000  0.80345165E+000  0.91072409E+000  0.12870709E+001  0.18883268E+001  0.26260770E+001  0.40993254E+001  0.58411708E+001
  0.30315488E+000  0.31844845E+000  0.46007078E+000  0.62776830E+000  0.80343173E+000  0.91073850E+000  0.12870709E+001  0.18882710E+001  0.26259757E+001  0.40990121E+001  0.58410493E+001
  0.30314373E+000  0.31844587E+000  0.46007078E+000  0.62776830E+000  0.80341453E+000  0.91071779E+000  0.12870709E+001  0.18882212E+001  0.26258870E+001  0.40989251E+001  0.58424384E+001
  0.30313410E+000  0.31844384E+000  0.46007078E+000  0.62776830E+000  0.80339962E+000  0.91071709E+000  0.12870709E+001  0.18880376E+001  0.26258091E+001  0.40988534E+001  0.58422821E+001
  0.30312673E+000  0.31846381E+000  0.46007078E+000  0.62776830E+000  0.80338667E+000  0.91069846E+000  0.12870709E+001  0.18880078E+001  0.26257405E+001  0.40987939E+001  0.58421397E+001
  0.30312068E+000  0.31846239E+000  0.46007078E+000  0.62776830E+000  0.80337538E+000  0.91068219E+000  0.12870709E+001  0.18879812E+001  0.26256799E+001  0.40987443E+001  0.58407049E+001
  0.30311542E+000  0.31846116E+000  0.46007078E+000  0.62776830E+000  0.80336549E+000  0.91069501E+000  0.12870709E+001  0.18879572E+001  0.26256318E+001  0.40987030E+001  0.58375846E+001
  0.30311082E+000  0.31846007E+000  0.46007078E+000  0.62776830E+000  0.80335678E+000  0.91068007E+000  0.12870709E+001  0.18879354E+001  0.26255906E+001  0.40986686E+001  0.58369102E+001
  0.30310678E+000  0.31846409E+000  0.46007078E+000  0.62776830E+000  0.80334908E+000  0.91066679E+000  0.12870709E+001  0.18879155E+001  0.26255533E+001  0.40987682E+001  0.58364970E+001
  0.30310322E+000  0.31846409E+000  0.46007078E+000  0.62776830E+000  0.80334221E+000  0.91065490E+000  0.12870709E+001  0.18878970E+001  0.26255192E+001  0.40987390E+001  0.58361076E+001
  0.30310006E+000  0.31846409E+000  0.46007078E+000  0.62776830E+000  0.80333605E+000  0.91064417E+000  0.12870709E+001  0.18878799E+001  0.26254878E+001  0.40987071E+001  0.58367261E+001
  0.30309723E+000  0.31846409E+000  0.46007078E+000  0.62776830E+000  0.80333046E+000  0.91063440E+000  0.12870709E+001  0.18878637E+001  0.26254585E+001  0.40986736E+001  0.58334135E+001
  0.30309467E+000  0.31846409E+000  0.46007078E+000  0.62776830E+000  0.80332535E+000  0.91062543E+000  0.12870709E+001  0.18878484E+001  0.26254309E+001  0.40986390E+001  0.58328346E+001
  0.30309233E+000  0.31846409E+000  0.46007078E+000  0.62776830E+000  0.80332062E+000  0.91061710E+000  0.12870709E+001  0.18878336E+001  0.26254046E+001  0.40986036E+001  0.58322698E+001
  0.30309018E+000  0.31846409E+000  0.46007078E+000  0.62776830E+000  0.80331621E+000  0.91060928E+000  0.12870709E+001  0.18878194E+001  0.26253792E+001  0.40985679E+001  0.58284534E+001
  0.30308817E+000  0.31846409E+000  0.46007078E+000  0.62776830E+000  0.80331203E+000  0.91060187E+000  0.12870709E+001  0.18878054E+001  0.26253544E+001  0.40985319E+001  0.58209163E+001
  0.30308627E+000  0.31846409E+000  0.46007078E+000  0.62776830E+000  0.80330804E+000  0.91059476E+000  0.12870709E+001  0.18877917E+001  0.26253299E+001  0.40984957E+001  0.58169571E+001
  0.30308446E+000  0.31846409E+000  0.46007078E+000  0.62776830E+000  0.80330417E+000  0.91058786E+000  0.12870709E+001  0.18877780E+001  0.26253055E+001  0.40984593E+001  0.58138035E+001
  0.30308270E+000  0.31846409E+000  0.46007078E+000  0.62776830E+000  0.80330039E+000  0.91058112E+000  0.12870709E+001  0.18877644E+001  0.26255097E+001  0.40984227E+001  0.58087726E+001
  0.30308098E+000  0.31846409E+000  0.46007078E+000  0.62776830E+000  0.80329665E+000  0.91057445E+000  0.12870709E+001  0.18877507E+001  0.26254785E+001  0.40983857E+001  0.58031394E+001
  0.30307928E+000  0.31846409E+000  0.46007078E+000  0.62776830E+000  0.80329293E+000  0.91056781E+000  0.12870709E+001  0.18877368E+001  0.26254467E+001  0.40983484E+001  0.58026025E+001
  0.30307759E+000  0.31846409E+000  0.46007078E+000  0.62776830E+000  0.80328919E+000  0.91056114E+000  0.12870709E+001  0.18877227E+001  0.26254142E+001  0.40983035E+001  0.58025223E+001
  0.30307588E+000  0.31846409E+000  0.45995423E+000  0.62776830E+000  0.80328542E+000  0.91055442E+000  0.12870709E+001  0.18877084E+001  0.26253807E+001  0.40982486E+001  0.57985335E+001
  0.30307416E+000  0.31846409E+000  0.46007078E+000  0.62776830E+000  0.80328158E+000  0.91063736E+000  0.12870709E+001  0.18876937E+001  0.26253461E+001  0.40982039E+001  0.57982022E+001
  0.30312862E+000  0.31846409E+000  0.46007078E+000  0.62776830E+000  0.80327766E+000  0.91062677E+000  0.12870709E+001  0.18876787E+001  0.26253102E+001  0.40981587E+001  0.57890288E+001
  0.30312618E+000  0.31846409E+000  0.46007078E+000  0.62776830E+000  0.80327364E+000  0.91061591E+000  0.12870709E+001  0.18876634E+001  0.26252728E+001  0.40981129E+001  0.57855254E+001
  0.30312368E+000  0.31846409E+000  0.46007078E+000  0.62766130E+000  0.80326952E+000  0.91060476E+000  0.12870709E+001  0.18876476E+001  0.26252339E+001  0.40980665E+001  0.57804131E+001
  0.30312112E+000  0.31846409E+000  0.46007078E+000  0.62776830E+000  0.80326529E+000  0.91061857E+000  0.12870709E+001  0.18876314E+001  0.26251932E+001  0.40980197E+001  0.57803090E+001
  0.30311848E+000  0.31846409E+000  0.46007078E+000  0.62776830E+000  0.80326190E+000  0.91060908E+000  0.12870709E+001  0.18878868E+001  0.26251508E+001  0.40979723E+001  0.57802341E+001
  0.30311577E+000  0.31846409E+000  0.46007078E+000  0.62776830E+000  0.80325842E+000  0.91059932E+000  0.12870709E+001  0.18878594E+001  0.26251064E+001  0.40979246E+001  0.57772924E+001
  0.30311299E+000  0.31846409E+000  0.46007078E+000  0.62776830E+000  0.80325483E+000  0.91058927E+000  0.12870709E+001  0.18878240E+001  0.26250600E+001  0.40978766E+001  0.57771919E+001
  0.30311013E+000  0.31846409E+000  0.46007078E+000  0.62776830E+000  0.80325113E+000  0.91057894E+000  0.12870709E+001  0.18878034E+001  0.26250115E+001  0.40978285E+001  0.57770776E+001
  0.30310720E+000  0.31846409E+000  0.46007078E+000  0.62776830E+000  0.80324732E+000  0.91056832E+000  0.12870709E+001  0.18877823E+001  0.26249608E+001  0.40975812E+001  0.57769488E+001
  0.30310419E+000  0.31846409E+000  0.46007078E+000  0.62776830E+000  0.80324340E+000  0.91055740E+000  0.12870709E+001  0.18877404E+001  0.26249080E+001  0.40975175E+001  0.57768046E+001
  0.30310110E+000  0.31846409E+000  0.46007078E+000  0.62776830E+000  0.80323938E+000  0.91054620E+000  0.12870709E+001  0.18877081E+001  0.26248530E+001  0.40974542E+001  0.57738173E+001
  0.30309795E+000  0.31846409E+000  0.46007078E+000  0.62776830E+000  0.80323525E+000  0.91053471E+000  0.12870709E+001  0.18876748E+001  0.26247957E+001  0.40973915E+001  0.57716212E+001
  0.30309472E+000  0.31846409E+000  0.46007078E+000  0.62776830E+000  0.80323101E+000  0.91058456E+000  0.12870709E+001  0.18876404E+001  0.26252658E+001  0.40973298E+001  0.57704692E+001
  0.30309142E+000  0.31846409E+000  0.46007078E+000  0.62776830E+000  0.80322668E+000  0.91057360E+000  0.12870709E+001  0.18876051E+001  0.26252077E+001  0.40972693E+001  0.57668629E+001
  0.30308805E+000  0.31844316E+000  0.46007078E+000  0.62776830E+000  0.80322225E+000  0.91056244E+000  0.12870709E+001  0.18875688E+001  0.26251472E+001  0.40972102E+001  0.57660822E+001
  0.30308463E+000  0.31844252E+000  0.46007078E+000  0.62776830E+000  0.80321773E+000  0.91055109E+000  0.12870709E+001  0.18875314E+001  0.26250844E+001  0.40971528E+001  0.57518714E+001
  0.30308114E+000  0.31844186E+000  0.46007078E+000  0.62776830E+000  0.80321313E+000  0.91053955E+000  0.12870709E+001  0.18874932E+001  0.26250193E+001  0.40970974E+001  0.57518116E+001
  0.30307761E+000  0.31844119E+000  0.46007078E+000  0.62776830E+000  0.80320845E+000  0.91052785E+000  0.12870709E+001  0.18874540E+001  0.26249520E+001  0.40970441E+001  0.57517511E+001
  0.30307402E+000  0.31846409E+000  0.45995407E+000  0.62776830E+000  0.80320370E+000  0.91051600E+000  0.12870709E+001  0.18874139E+001  0.26241437E+001  0.40969930E+001  0.57516008E+001
  0.30307040E+000  0.31846409E+000  0.45995406E+000  0.62776830E+000  0.80319889E+000  0.91050402E+000  0.12870709E+001  0.18873731E+001  0.26240797E+001  0.40969445E+001  0.57498146E+001
  0.30306674E+000  0.31846409E+000  0.46007078E+000  0.62776830E+000  0.80328897E+000  0.91049193E+000  0.12870709E+001  0.18873315E+001  0.26240668E+001  0.40968986E+001  0.57493678E+001
  0.30306305E+000  0.31846409E+000  0.46007078E+000  0.62776830E+000  0.80327964E+000  0.91047974E+000  0.12870709E+001  0.18872891E+001  0.26240679E+001  0.40968553E+001  0.57454322E+001
  0.30305933E+000  0.31846409E+000  0.46007078E+000  0.62776830E+000  0.80327025E+000  0.91046748E+000  0.12870709E+001  0.18872462E+001  0.26240515E+001  0.40968149E+001  0.57452979E+001
  0.30305560E+000  0.31846409E+000  0.46007078E+000  0.62776830E+000  0.80326081E+000  0.91045516E+000  0.12870709E+001  0.18872027E+001  0.26240539E+001  0.40967773E+001  0.57386046E+001
  0.30305186E+000  0.31846409E+000  0.46007078E+000  0.62776830E+000  0.80325133E+000  0.91044283E+000  0.12870709E+001  0.18871588E+001  0.26240295E+001  0.40967426E+001  0.57363505E+001
  0.30304811E+000  0.31846409E+000  0.46007078E+000  0.62776830E+000  0.80324185E+000  0.91052052E+000  0.12870709E+001  0.18871144E+001  0.26240392E+001  0.40967108E+001  0.57353656E+001
  0.30304437E+000  0.31846409E+000  0.46007078E+000  0.62776830E+000  0.80326523E+000  0.91050658E+000  0.12870709E+001  0.18870699E+001  0.26240163E+001  0.40956863E+001  0.57349955E+001
  0.30304065E+000  0.31846409E+000  0.46007078E+000  0.62776830E+000  0.80325894E+000  0.91049265E+000  0.12870709E+001  0.18870251E+001  0.26239904E+001  0.40956428E+001  0.57348151E+001
  0.30303694E+000  0.31846409E+000  0.46007078E+000  0.62776830E+000  0.80325267E+000  0.91047877E+000  0.12870709E+001  0.18869803E+001  0.26239619E+001  0.40955995E+001  0.57316072E+001
  0.30303326E+000  0.31846409E+000  0.46007078E+000  0.62776830E+000  0.80324643E+000  0.91046496E+000  0.12870709E+001  0.18869356E+001  0.26239311E+001  0.40955565E+001  0.57308634E+001
  0.30302962E+000  0.31846409E+000  0.46007078E+000  0.62776830E+000  0.80324025E+000  0.91045126E+000  0.12870709E+001  0.18868910E+001  0.26238985E+001  0.40955140E+001  0.57289577E+001
  0.30302602E+000  0.31846409E+000  0.46007078E+000  0.62776830E+000  0.80323412E+000  0.91043769E+000  0.12870709E+001  0.18868468E+001  0.26240139E+001  0.40954720E+001  0.57269875E+001
  0.30302247E+000  0.31846137E+000  0.46007078E+000  0.62776830E+000  0.80322808E+000  0.91042428E+000  0.12870709E+001  0.18868029E+001  0.26239735E+001  0.40954306E+001  0.57266803E+001
  0.30301898E+000  0.31846030E+000  0.46007078E+000  0.62776830E+000  0.80322212E+000  0.91041107E+000  0.12870709E+001  0.18867596E+001  0.26239310E+001  0.40953899E+001  0.57264045E+001
  0.30301555E+000  0.31846409E+000  0.45995394E+000  0.62776830E+000  0.80321627E+000  0.91039807E+000  0.12870709E+001  0.18867170E+001  0.26238873E+001  0.40953499E+001  0.57210516E+001
  0.30301219E+000  0.31846409E+000  0.45995393E+000  0.62776830E+000  0.80321054E+000  0.91038531E+000  0.12870709E+001  0.18866751E+001  0.26238431E+001  0.40960678E+001  0.57107835E+001
  0.30300891E+000  0.31846409E+000  0.45995393E+000  0.62776830E+000  0.80320493E+000  0.91037283E+000  0.12870709E+001  0.18866342E+001  0.26239901E+001  0.40950679E+001  0.57092153E+001
  0.30300571E+000  0.31846409E+000  0.45995393E+000  0.62776830E+000  0.80319946E+000  0.91036064E+000  0.12870709E+001  0.18862514E+001  0.26239790E+001  0.40949271E+001  0.57086862E+001
  0.30300260E+000  0.31846409E+000  0.45995393E+000  0.62776830E+000  0.80319413E+000  0.91034877E+000  0.12870709E+001  0.18861501E+001  0.26239682E+001  0.40947452E+001  0.57070849E+001
  0.30299959E+000  0.31846409E+000  0.45995393E+000  0.62776830E+000  0.80318897E+000  0.91033725E+000  0.12870709E+001  0.18860657E+001  0.26239577E+001  0.40946005E+001  0.57055460E+001
  0.30299667E+000  0.31846409E+000  0.45995393E+000  0.62776830E+000  0.80318398E+000  0.91032608E+000  0.12870709E+001  0.18860002E+001  0.26239477E+001  0.40945151E+001  0.56982122E+001
  0.30299386E+000  0.31846409E+000  0.46007078E+000  0.62776830E+000  0.80317916E+000  0.91031529E+000  0.12870709E+001  0.18859434E+001  0.26239382E+001  0.40944964E+001  0.56929310E+001
  0.30299115E+000  0.31846409E+000  0.46007078E+000  0.62776830E+000  0.80317452E+000  0.91030489E+000  0.12870709E+001  0.18858957E+001  0.26239294E+001  0.40944781E+001  0.56825515E+001
  0.30298855E+000  0.31846409E+000  0.46007078E+000  0.62776830E+000  0.80317007E+000  0.91029490E+000  0.12870709E+001  0.18858576E+001  0.26239213E+001  0.40944603E+001  0.56824335E+001
  0.30298607E+000  0.31846409E+000  0.46007078E+000  0.62776830E+000  0.80316582E+000  0.91028534E+000  0.12870709E+001  0.18858293E+001  0.26239573E+001  0.40944433E+001  0.56821703E+001
  0.30298369E+000  0.31846409E+000  0.46007078E+000  0.62776830E+000  0.80316177E+000  0.91027620E+000  0.12870709E+001  0.18858111E+001  0.26239484E+001  0.40944273E+001  0.56745390E+001
  0.30298144E+000  0.31846409E+000  0.46007078E+000  0.62776830E+000  0.80315792E+000  0.91026750E+000  0.12870709E+001  0.18858031E+001  0.26239403E+001  0.40944125E+001  0.56742391E+001
  0.30297929E+000  0.31846409E+000  0.46007078E+000  0.62776830E+000  0.80315427E+000  0.91025925E+000  0.12870709E+001  0.18858056E+001  0.26239331E+001  0.40943989E+001  0.56736969E+001
  0.30297727E+000  0.31846409E+000  0.46007078E+000  0.62776830E+000  0.80315083E+000  0.91025144E+000  0.12870709E+001  0.18858184E+001  0.26239268E+001  0.40943868E+001  0.56731527E+001
  0.30297536E+000  0.31846409E+000  0.46007078E+000  0.62776830E+000  0.80314759E+000  0.91041462E+000  0.12870709E+001  0.18858417E+001  0.26239214E+001  0.40943763E+001  0.56711916E+001
  0.30297357E+000  0.31846409E+000  0.46007078E+000  0.62776830E+000  0.80314456E+000  0.91040748E+000  0.12870709E+001  0.18858714E+001  0.26239169E+001  0.40943675E+001  0.56708435E+001
  0.30297189E+000  0.31846409E+000  0.46007078E+000  0.62776830E+000  0.80314173E+000  0.91040077E+000  0.12870709E+001  0.18859035E+001  0.26239133E+001  0.40943604E+001  0.56705417E+001
  0.30297032E+000  0.31846409E+000  0.46007078E+000  0.62776830E+000  0.80313909E+000  0.91039448E+000  0.12870709E+001  0.18861787E+001  0.26239107E+001  0.40943552E+001  0.56702833E+001
  0.30296886E+000  0.31846409E+000  0.46007078E+000  0.62776830E+000  0.80313665E+000  0.91038861E+000  0.12870709E+001  0.18861653E+001  0.26239090E+001  0.40943519E+001  0.56700652E+001
  0.30296751E+000  0.31846409E+000  0.46007078E+000  0.62776830E+000  0.80313441E+000  0.91038316E+000  0.12870709E+001  0.18861536E+001  0.26239082E+001  0.40943451E+001  0.56698848E+001
  0.30296626E+000  0.31846409E+000  0.46007078E+000  0.62776830E+000  0.80313234E+000  0.91037810E+000  0.12870709E+001  0.18861437E+001  0.26239083E+001  0.40943376E+001  0.56697396E+001
  0.30296512E+000  0.31846409E+000  0.46007078E+000  0.62776830E+000  0.80313046E+000  0.91037343E+000  0.12870709E+001  0.18861355E+001  0.26239092E+001  0.40943311E+001  0.56696272E+001
  0.30296407E+000  0.31846409E+000  0.46007078E+000  0.62776830E+000  0.80312875E+000  0.91036913E+000  0.12870709E+001  0.18861289E+001  0.26239109E+001  0.40944172E+001  0.56695457E+001
  0.30296311E+000  0.31846409E+000  0.46007078E+000  0.62776830E+000  0.80312720E+000  0.91036519E+000  0.12870709E+001  0.18861239E+001  0.26239134E+001  0.40950229E+001  0.56694932E+001
  0.30296224E+000  0.31846409E+000  0.46007078E+000  0.62776830E+000  0.80312581E+000  0.91036159E+000  0.12870709E+001  0.18861203E+001  0.26239166E+001  0.40950065E+001  0.56694679E+001
  0.30296145E+000  0.31846409E+000  0.46007078E+000  0.62776830E+000  0.80312457E+000  0.91035832E+000  0.12870709E+001  0.18861182E+001  0.26239205E+001  0.40949943E+001  0.56694685E+001
  0.30296075E+000  0.31844228E+000  0.46007078E+000  0.62776830E+000  0.80312347E+000  0.91035537E+000  0.12870709E+001  0.18861174E+001  0.26244782E+001  0.40949833E+001  0.56694935E+001
  0.30296012E+000  0.31844207E+000  0.46007078E+000  0.62776830E+000  0.80312251E+000  0.91035270E+000  0.12870709E+001  0.18861179E+001  0.26245514E+001  0.40949734E+001  0.56695420E+001
  0.30295956E+000  0.31844189E+000  0.46007078E+000  0.62776830E+000  0.80312167E+000  0.91035031E+000  0.12870709E+001  0.18861196E+001  0.26245444E+001  0.40949645E+001  0.56696129E+001
  0.30295907E+000  0.31844173E+000  0.46007078E+000  0.62776830E+000  0.80312094E+000  0.91034819E+000  0.12870709E+001  0.18861223E+001  0.26245383E+001  0.40949565E+001  0.56697054E+001
  0.30295863E+000  0.31844159E+000  0.46007078E+000  0.62776830E+000  0.80312033E+000  0.91034630E+000  0.12870709E+001  0.18861261E+001  0.26245332E+001  0.40949494E+001  0.56698187E+001
  0.30295826E+000  0.31844146E+000  0.46007078E+000  0.62776830E+000  0.80311981E+000  0.91034463E+000  0.12870709E+001  0.18861309E+001  0.26245290E+001  0.40949432E+001  0.56699522E+001
  0.30295793E+000  0.31844135E+000  0.46007078E+000  0.62776830E+000  0.80311939E+000  0.91034318E+000  0.12870709E+001  0.18861365E+001  0.26245255E+001  0.40949377E+001  0.56701055E+001
  0.30295766E+000  0.31844125E+000  0.46007078E+000  0.62776830E+000  0.80311905E+000  0.91034191E+000  0.12870709E+001  0.18861429E+001  0.26245228E+001  0.40949329E+001  0.56702780E+001
  0.30295743E+000  0.31844117E+000  0.46007078E+000  0.62776830E+000  0.80311879E+000  0.91034082E+000  0.12870709E+001  0.18861500E+001  0.26245206E+001  0.40949288E+001  0.56704694E+001
  0.30295724E+000  0.31844110E+000  0.46007078E+000  0.62776830E+000  0.80311859E+000  0.91033989E+000  0.12870709E+001  0.18861578E+001  0.26245191E+001  0.40949252E+001  0.56720882E+001
  0.30295708E+000  0.31844104E+000  0.46007078E+000  0.62776830E+000  0.80311846E+000  0.91033910E+000  0.12870709E+001  0.18861662E+001  0.26245181E+001  0.40949222E+001  0.56730483E+001
  0.30295696E+000  0.31844099E+000  0.46007078E+000  0.62776830E+000  0.80311839E+000  0.91033844E+000  0.12870709E+001  0.18861752E+001  0.26245175E+001  0.40949196E+001  0.56733685E+001
  0.30295686E+000  0.31844095E+000  0.46007078E+000  0.62776830E+000  0.80311836E+000  0.91033789E+000  0.12870709E+001  0.18861845E+001  0.26245173E+001  0.40949174E+001  0.56736487E+001
  0.30295679E+000  0.31844091E+000  0.46007078E+000  0.62776830E+000  0.80311838E+000  0.91033745E+000  0.12870709E+001  0.18861943E+001  0.26245833E+001  0.40949156E+001  0.56737139E+001
  0.30295675E+000  0.31844089E+000  0.46007078E+000  0.62776830E+000  0.80311844E+000  0.91033711E+000  0.12870709E+001  0.18862045E+001  0.26245821E+001  0.40949142E+001  0.56812295E+001
  0.30295672E+000  0.31844087E+000  0.46007078E+000  0.62776830E+000  0.80311853E+000  0.91033684E+000  0.12870709E+001  0.18862150E+001  0.26245812E+001  0.40949130E+001  0.56817642E+001
  0.30295671E+000  0.31844085E+000  0.46007078E+000  0.62776830E+000  0.80311866E+000  0.91033665E+000  0.12870709E+001  0.18862257E+001  0.26245805E+001  0.40949122E+001  0.56817755E+001
  0.30295672E+000  0.31844084E+000  0.46007078E+000  0.62776830E+000  0.80311880E+000  0.91033652E+000  0.12870709E+001  0.18862366E+001  0.26245799E+001  0.40949115E+001  0.56817875E+001
  0.30295674E+000  0.31844084E+000  0.46007078E+000  0.62776830E+000  0.80311897E+000  0.91033645E+000  0.12870709E+001  0.18862478E+001  0.26245796E+001  0.40949110E+001  0.56959243E+001
  0.30295677E+000  0.31844083E+000  0.46007078E+000  0.62776830E+000  0.80311916E+000  0.91033642E+000  0.12870709E+001  0.18862591E+001  0.26245794E+001  0.40949107E+001  0.56975374E+001
  0.30295682E+000  0.31844083E+000  0.46007078E+000  0.62776830E+000  0.80311936E+000  0.91033644E+000  0.12870709E+001  0.18862704E+001  0.26245793E+001  0.40949106E+001  0.57040570E+001
  0.30295686E+000  0.31844084E+000  0.46007078E+000  0.62776830E+000  0.80311957E+000  0.91033648E+000  0.12870709E+001  0.18862819E+001  0.26245793E+001  0.40949106E+001  0.57059350E+001
  0.30295692E+000  0.31844084E+000  0.46007078E+000  0.62776830E+000  0.80311980E+000  0.91033656E+000  0.12870709E+001  0.18862935E+001  0.26245793E+001  0.40960319E+001  0.57066946E+001
  0.30295698E+000  0.31844085E+000  0.46007078E+000  0.62776830E+000  0.80312003E+000  0.91033666E+000  0.12870709E+001  0.18863050E+001  0.26245795E+001  0.40968577E+001  0.57074205E+001
  0.30295705E+000  0.31844086E+000  0.46007078E+000  0.62776830E+000  0.80312026E+000  0.91033678E+000  0.12870709E+001  0.18863166E+001  0.26245796E+001  0.40969467E+001  0.57089961E+001
  0.30295712E+000  0.31844087E+000  0.46007078E+000  0.62776830E+000  0.80312050E+000  0.91033692E+000  0.12870709E+001  0.18863282E+001  0.26245798E+001  0.40970367E+001  0.57160002E+001
  0.30295719E+000  0.31844088E+000  0.46007078E+000  0.62776830E+000  0.80312074E+000  0.91033706E+000  0.12870709E+001  0.18863397E+001  0.26245801E+001  0.40970816E+001  0.57207817E+001
  0.30295726E+000  0.31844089E+000  0.46007078E+000  0.62776830E+000  0.80312098E+000  0.91033722E+000  0.12870709E+001  0.18863512E+001  0.26245803E+001  0.40970900E+001  0.57246213E+001
  0.30295733E+000  0.31844090E+000  0.46007078E+000  0.62776830E+000  0.80312122E+000  0.91033739E+000  0.12870709E+001  0.18863626E+001  0.26245806E+001  0.40970984E+001  0.57249028E+001
  0.30295741E+000  0.31844091E+000  0.46007078E+000  0.62776830E+000  0.80312146E+000  0.91033756E+000  0.12870709E+001  0.18863740E+001  0.26245809E+001  0.40971066E+001  0.57251911E+001
  0.30295748E+000  0.31844092E+000  0.46007078E+000  0.62776830E+000  0.80312170E+000  0.91033773E+000  0.12870709E+001  0.18863852E+001  0.26245812E+001  0.40971148E+001  0.57265459E+001
  0.30295756E+000  0.31844094E+000  0.46007078E+000  0.62776830E+000  0.80312193E+000  0.91033791E+000  0.12870709E+001  0.18863964E+001  0.26245814E+001  0.40971229E+001  0.57279339E+001
  0.30295763E+000  0.31844095E+000  0.46007078E+000  0.62776830E+000  0.80312216E+000  0.91033808E+000  0.12870709E+001  0.18864074E+001  0.26245817E+001  0.40971327E+001  0.57289457E+001
  0.30295770E+000  0.31844096E+000  0.46007078E+000  0.62776830E+000  0.80312239E+000  0.91033826E+000  0.12870709E+001  0.18864183E+001  0.26245820E+001  0.40992994E+001  0.57299850E+001
  0.30295777E+000  0.31844097E+000  0.46007078E+000  0.62776830E+000  0.80312261E+000  0.91033843E+000  0.12870709E+001  0.18864291E+001  0.26245822E+001  0.40994120E+001  0.57316940E+001
  0.30295784E+000  0.31844099E+000  0.46007078E+000  0.62776830E+000  0.80312282E+000  0.91033860E+000  0.12870709E+001  0.18864398E+001  0.26245543E+001  0.40995118E+001  0.57328040E+001
  0.30295791E+000  0.31844100E+000  0.46007078E+000  0.62776830E+000  0.80312303E+000  0.91033877E+000  0.12870709E+001  0.18864503E+001  0.26245562E+001  0.40995156E+001  0.57338197E+001
  0.30295798E+000  0.31844101E+000  0.46007078E+000  0.62776830E+000  0.80312324E+000  0.91033893E+000  0.12870709E+001  0.18864606E+001  0.26245580E+001  0.40995194E+001  0.57344718E+001
  0.30295804E+000  0.31844102E+000  0.46007078E+000  0.62776830E+000  0.80312344E+000  0.91033909E+000  0.12870709E+001  0.18864708E+001  0.26245599E+001  0.40995231E+001  0.57404129E+001
  0.30295810E+000  0.31844103E+000  0.46007078E+000  0.62776830E+000  0.80312363E+000  0.91033924E+000  0.12870709E+001  0.18864808E+001  0.26245617E+001  0.40995269E+001  0.57438520E+001
  0.30295816E+000  0.31844104E+000  0.46007078E+000  0.62776830E+000  0.80312382E+000  0.91033939E+000  0.12870709E+001  0.18864907E+001  0.26245634E+001  0.40995306E+001  0.57441279E+001
  0.30295822E+000  0.31844105E+000  0.46007078E+000  0.62776830E+000  0.80312400E+000  0.91033953E+000  0.12870709E+001  0.18865004E+001  0.26245652E+001  0.40995342E+001  0.57472561E+001
  0.30295828E+000  0.31844106E+000  0.46007078E+000  0.62776830E+000  0.80312417E+000  0.91033967E+000  0.12870709E+001  0.18865099E+001  0.26245669E+001  0.40995378E+001  0.57473123E+001
  0.30295833E+000  0.31844107E+000  0.46007078E+000  0.62776830E+000  0.80312434E+000  0.91033981E+000  0.12870709E+001  0.18865192E+001  0.26245685E+001  0.40995414E+001  0.57479372E+001
  0.30295838E+000  0.31844108E+000  0.46007078E+000  0.62776830E+000  0.80312450E+000  0.91033993E+000  0.12870709E+001  0.18865284E+001  0.26245702E+001  0.40995450E+001  0.57483745E+001
  0.30295843E+000  0.31844109E+000  0.46007078E+000  0.62776830E+000  0.80312466E+000  0.91034005E+000  0.12870709E+001  0.18865374E+001  0.26245718E+001  0.40995485E+001  0.57494901E+001
  0.30295848E+000  0.31844110E+000  0.46007078E+000  0.62776830E+000  0.80312480E+000  0.91034017E+000  0.12870709E+001  0.18865462E+001  0.26245734E+001  0.40995519E+001  0.57580626E+001
  0.30295852E+000  0.31844111E+000  0.46007078E+000  0.62776830E+000  0.80312495E+000  0.91034028E+000  0.12870709E+001  0.18865548E+001  0.26245749E+001  0.40995554E+001  0.57616639E+001
  0.30295857E+000  0.31844111E+000  0.46007078E+000  0.62776830E+000  0.80312508E+000  0.91034038E+000  0.12870709E+001  0.18865632E+001  0.26245764E+001  0.40995587E+001  0.57669142E+001
  0.30295861E+000  0.31844112E+000  0.46007078E+000  0.62776830E+000  0.80312522E+000  0.91034048E+000  0.12870709E+001  0.18865714E+001  0.26245779E+001  0.40995621E+001  0.57682692E+001
  0.30295865E+000  0.31844113E+000  0.46007078E+000  0.62776830E+000  0.80312534E+000  0.91034057E+000  0.12870709E+001  0.18865794E+001  0.26245794E+001  0.40995654E+001  0.57693677E+001
  0.30295868E+000  0.31844113E+000  0.46007078E+000  0.62776830E+000  0.80312546E+000  0.91034066E+000  0.12870709E+001  0.18865873E+001  0.26245808E+001  0.40995686E+001  0.57740882E+001
  0.30295872E+000  0.31844114E+000  0.46007078E+000  0.62776830E+000  0.80312557E+000  0.91034074E+000  0.12870709E+001  0.18865949E+001  0.26245822E+001  0.40995718E+001  0.57747218E+001
  0.30295875E+000  0.31844114E+000  0.46007078E+000  0.62776830E+000  0.80312568E+000  0.91034082E+000  0.12870709E+001  0.18866024E+001  0.26245835E+001  0.40995749E+001  0.57752538E+001
  0.30295878E+000  0.31844115E+000  0.46007078E+000  0.62776830E+000  0.80312579E+000  0.91034089E+000  0.12870709E+001  0.18866097E+001  0.26245852E+001  0.40995780E+001  0.57753106E+001
  0.30295880E+000  0.31844115E+000  0.46007078E+000  0.62776830E+000  0.80312588E+000  0.91034095E+000  0.12870709E+001  0.18866168E+001  0.26245874E+001  0.40995810E+001  0.57753670E+001
  0.30295883E+000  0.31844116E+000  0.46007078E+000  0.62776830E+000  0.80312597E+000  0.91034101E+000  0.12870709E+001  0.18866237E+001  0.26252399E+001  0.40995840E+001  0.57754232E+001
  0.30295885E+000  0.31844116E+000  0.46007078E+000  0.62776830E+000  0.80312606E+000  0.91034107E+000  0.12870709E+001  0.18866305E+001  0.26256821E+001  0.40995870E+001  0.57777086E+001
  0.30295888E+000  0.31844116E+000  0.46007078E+000  0.62776830E+000  0.80312614E+000  0.91034112E+000  0.12870709E+001  0.18866370E+001  0.26264687E+001  0.40995899E+001  0.57842075E+001
  0.30295890E+000  0.31844117E+000  0.46007078E+000  0.62776830E+000  0.80312622E+000  0.91034116E+000  0.12870709E+001  0.18866434E+001  0.26277826E+001  0.40995927E+001  0.57932070E+001
  0.30295892E+000  0.31844117E+000  0.46007078E+000  0.62776830E+000  0.80312630E+000  0.91034120E+000  0.12870709E+001  0.18866496E+001  0.26295668E+001  0.40995955E+001  0.57973082E+001
  0.30295893E+000  0.31844117E+000  0.46007078E+000  0.62776830E+000  0.80312636E+000  0.91034124E+000  0.12870709E+001  0.18866556E+001  0.26301037E+001  0.40995982E+001  0.57990199E+001
  0.30295895E+000  0.31844117E+000  0.46007078E+000  0.62776830E+000  0.80312643E+000  0.91034127E+000  0.12870709E+001  0.18866614E+001  0.26301558E+001  0.40996009E+001  0.57994995E+001
  0.30295896E+000  0.31844118E+000  0.46007078E+000  0.62776830E+000  0.80312649E+000  0.91034130E+000  0.12870709E+001  0.18866671E+001  0.26301759E+001  0.40996035E+001  0.58105656E+001
  0.30295898E+000  0.31844118E+000  0.46007078E+000  0.62776830E+000  0.80312655E+000  0.91034132E+000  0.12870709E+001  0.18866726E+001  0.26301916E+001  0.40996061E+001  0.58140175E+001
  0.30295899E+000  0.31844118E+000  0.46007078E+000  0.62776830E+000  0.80312660E+000  0.91034134E+000  0.12870709E+001  0.18866780E+001  0.26302069E+001  0.40996086E+001  0.58257231E+001
  0.30295900E+000  0.31844118E+000  0.46007078E+000  0.62776830E+000  0.80312665E+000  0.91034136E+000  0.12870709E+001  0.18866832E+001  0.26302219E+001  0.40996111E+001  0.58297356E+001
  0.30295900E+000  0.31844118E+000  0.46007078E+000  0.62776830E+000  0.80312669E+000  0.91034137E+000  0.12870709E+001  0.18866882E+001  0.26302365E+001  0.40996136E+001  0.58298289E+001
  0.30295901E+000  0.31844118E+000  0.46007078E+000  0.62776830E+000  0.80312674E+000  0.91034138E+000  0.12870709E+001  0.18866931E+001  0.26313017E+001  0.40996159E+001  0.58312803E+001
  0.30295902E+000  0.31844118E+000  0.46007078E+000  0.62776830E+000  0.80312677E+000  0.91034138E+000  0.12870709E+001  0.18866978E+001  0.26313088E+001  0.40996183E+001  0.58314086E+001
  0.30295902E+000  0.31844118E+000  0.46007078E+000  0.62776830E+000  0.80312681E+000  0.91034139E+000  0.12870709E+001  0.18867024E+001  0.26313157E+001  0.40996206E+001  0.58332793E+001
  0.30295903E+000  0.31844118E+000  0.46007078E+000  0.62776830E+000  0.80312684E+000  0.91034139E+000  0.12870709E+001  0.18867068E+001  0.26313224E+001  0.40996228E+001  0.58351795E+001
  0.30295903E+000  0.31844118E+000  0.46007078E+000  0.62776830E+000  0.80312687E+000  0.91034138E+000  0.12870709E+001  0.18867111E+001  0.26313289E+001  0.40996250E+001  0.58385118E+001
  0.30295903E+000  0.31844117E+000  0.46007078E+000  0.62776830E+000  0.80312690E+000  0.91034138E+000  0.12870709E+001  0.18867152E+001  0.26313353E+001  0.40996271E+001  0.58389340E+001
  0.30295903E+000  0.31844117E+000  0.46007078E+000  0.62776830E+000  0.80312693E+000  0.91034137E+000  0.12870709E+001  0.18867192E+001  0.26313416E+001  0.40996292E+001  0.58389475E+001
  0.30295903E+000  0.31844117E+000  0.46007078E+000  0.62776830E+000  0.80312695E+000  0.91034136E+000  0.12870709E+001  0.18867231E+001  0.26313476E+001  0.40996313E+001  0.58389608E+001
  0.30295903E+000  0.31844117E+000  0.46007078E+000  0.62776830E+000  0.80312697E+000  0.91034135E+000  0.12870709E+001  0.18867268E+001  0.26313535E+001  0.40996333E+001  0.58389738E+001
  0.30295903E+000  0.31844117E+000  0.46007078E+000  0.62776830E+000  0.80312699E+000  0.91034133E+000  0.12870709E+001  0.18867305E+001  0.26313593E+001  0.40996352E+001  0.58389866E+001
  0.30295903E+000  0.31844117E+000  0.46007078E+000  0.62776830E+000  0.80312701E+000  0.91034131E+000  0.12870709E+001  0.18867340E+001  0.26313649E+001  0.40996371E+001  0.58389992E+001
  0.30295903E+000  0.31844116E+000  0.46007078E+000  0.62776830E+000  0.80312702E+000  0.91034130E+000  0.12870709E+001  0.18867373E+001  0.26313703E+001  0.40996390E+001  0.58390116E+001
  0.30295903E+000  0.31844116E+000  0.46007078E+000  0.62776830E+000  0.80312704E+000  0.91034128E+000  0.12870709E+001  0.18867406E+001  0.26313756E+001  0.40996408E+001  0.58390237E+001
  0.30295902E+000  0.31844116E+000  0.46007078E+000  0.62776830E+000  0.80312705E+000  0.91034126E+000  0.12870709E+001  0.18867437E+001  0.26313808E+001  0.40996426E+001  0.58390356E+001
  0.30295902E+000  0.31844116E+000  0.46007078E+000  0.62776830E+000  0.80312706E+000  0.91034123E+000  0.12870709E+001  0.18867468E+001  0.26313858E+001  0.40996443E+001  0.58390472E+001
  0.30295901E+000  0.31844115E+000  0.46007078E+000  0.62776830E+000  0.80312707E+000  0.91034121E+000  0.12870709E+001  0.18867497E+001  0.26313907E+001  0.40996460E+001  0.58390587E+001
  0.30295901E+000  0.31844115E+000  0.46007078E+000  0.62776830E+000  0.80312707E+000  0.91034119E+000  0.12870709E+001  0.18867525E+001  0.26313954E+001  0.40996476E+001  0.58390698E+001
  0.30295900E+000  0.31844115E+000  0.46007078E+000  0.62776830E+000  0.80312708E+000  0.91034116E+000  0.12870709E+001  0.18867553E+001  0.26314000E+001  0.40996492E+001  0.58390808E+001
  0.30295900E+000  0.31844115E+000  0.46007078E+000  0.62776830E+000  0.80312708E+000  0.91034113E+000  0.12870709E+001  0.18867579E+001  0.26314045E+001  0.40996508E+001  0.58390914E+001
  0.30295899E+000  0.31844114E+000  0.46007078E+000  0.62776830E+000  0.80312709E+000  0.91034110E+000  0.12870709E+001  0.18867604E+001  0.26314089E+001  0.40996523E+001  0.58391019E+001
  0.30295898E+000  0.31844114E+000  0.46007078E+000  0.62776830E+000  0.80312709E+000  0.91034107E+000  0.12870709E+001  0.18867629E+001  0.26314131E+001  0.40996538E+001  0.58391121E+001
  0.30295897E+000  0.31844114E+000  0.46007078E+000  0.62776830E+000  0.80312709E+000  0.91034104E+000  0.12870709E+001  0.18867652E+001  0.26314172E+001  0.40996552E+001  0.58391220E+001
  0.30295896E+000  0.31844113E+000  0.46007078E+000  0.62776830E+000  0.80312708E+000  0.91034100E+000  0.12870709E+001  0.18867674E+001  0.26314212E+001  0.40996566E+001  0.58391316E+001
  0.30295895E+000  0.31844113E+000  0.46007078E+000  0.62776830E+000  0.80312708E+000  0.91034096E+000  0.12870709E+001  0.18868261E+001  0.26314250E+001  0.40996579E+001  0.58391410E+001
  0.30295894E+000  0.31844112E+000  0.46007078E+000  0.62776830E+000  0.80312707E+000  0.91034092E+000  0.12870709E+001  0.18876376E+001  0.26314288E+001  0.40996592E+001  0.58391502E+001
  0.30295893E+000  0.31844112E+000  0.46007078E+000  0.62776830E+000  0.80312706E+000  0.91034086E+000  0.12870709E+001  0.18876429E+001  0.26314324E+001  0.40996604E+001  0.58391590E+001
  0.30295891E+000  0.31844111E+000  0.46007078E+000  0.62776830E+000  0.80312704E+000  0.91034080E+000  0.12870709E+001  0.18876480E+001  0.26314360E+001  0.40996616E+001  0.58391676E+001
  0.30295889E+000  0.31844111E+000  0.46007078E+000  0.62776830E+000  0.80312702E+000  0.91034072E+000  0.12870709E+001  0.18876528E+001  0.26314394E+001  0.40996627E+001  0.58391759E+001
  0.30295887E+000  0.31844110E+000  0.46007078E+000  0.62776830E+000  0.80312699E+000  0.91034063E+000  0.12870709E+001  0.18876575E+001  0.26314427E+001  0.40996638E+001  0.58391840E+001
  0.30295884E+000  0.31844109E+000  0.46007078E+000  0.62776830E+000  0.80312695E+000  0.91034052E+000  0.12870709E+001  0.18876621E+001  0.26314460E+001  0.40996649E+001  0.58391919E+001
  0.30295881E+000  0.31844107E+000  0.46007078E+000  0.62776830E+000  0.80312690E+000  0.91034041E+000  0.12870709E+001  0.18876664E+001  0.26314492E+001  0.40996659E+001  0.58391997E+001
  0.30295879E+000  0.31844108E+000  0.46007078E+000  0.62776830E+000  0.80312692E+000  0.91034024E+000  0.12870709E+001  0.18876713E+001  0.26314522E+001  0.40996673E+001  0.58392085E+001
  0.30295884E+000  0.31844109E+000  0.46007078E+000  0.62776830E+000  0.80312699E+000  0.91034048E+000  0.12870709E+001  0.18876759E+001  0.26314627E+001  0.40996685E+001  0.58392169E+001
