  0.10529480E+002
  0.10529522E+002
  0.10529559E+002
  0.10529591E+002
  0.10529619E+002
  0.10529643E+002
  0.10529663E+002
  0.10529681E+002
  0.10529696E+002
  0.10529709E+002
  0.10529720E+002
  0.10529730E+002
  0.10529739E+002
  0.10529746E+002
  0.10529752E+002
  0.10529758E+002
  0.10529763E+002
  0.10529767E+002
  0.10529771E+002
  0.10529775E+002
  0.10529778E+002
  0.10529781E+002
  0.10529783E+002
  0.10529785E+002
  0.10529787E+002
  0.10529789E+002
  0.10529791E+002
  0.10529792E+002
  0.10529794E+002
  0.10529795E+002
  0.10529797E+002
  0.10529798E+002
  0.10529799E+002
  0.10529800E+002
  0.10529801E+002
  0.10529802E+002
  0.10529803E+002
  0.10529804E+002
  0.10529805E+002
  0.10529807E+002
  0.10529808E+002
  0.10529809E+002
  0.10529810E+002
  0.10529811E+002
  0.10529812E+002
  0.10529813E+002
  0.10529814E+002
  0.10529815E+002
  0.10529816E+002
  0.10529817E+002
  0.10529819E+002
  0.10529820E+002
  0.10529821E+002
  0.10529822E+002
  0.10529823E+002
  0.10529824E+002
  0.10529826E+002
  0.10529827E+002
  0.10529828E+002
  0.10529829E+002
  0.10529830E+002
  0.10529832E+002
  0.10529833E+002
  0.10529834E+002
  0.10529835E+002
  0.10529836E+002
  0.10529837E+002
  0.10529838E+002
  0.10529839E+002
  0.10529840E+002
  0.10529840E+002
  0.10529841E+002
  0.10529842E+002
  0.10529842E+002
  0.10529843E+002
  0.10529843E+002
  0.10529844E+002
  0.10529844E+002
  0.10529844E+002
  0.10529844E+002
  0.10529844E+002
  0.10529844E+002
  0.10529843E+002
  0.10529843E+002
  0.10529843E+002
  0.10529842E+002
  0.10529841E+002
  0.10529840E+002
  0.10529839E+002
  0.10529838E+002
  0.10529837E+002
  0.10529836E+002
  0.10529835E+002
  0.10529833E+002
  0.10529832E+002
  0.10529830E+002
  0.10529828E+002
  0.10529826E+002
  0.10529825E+002
  0.10529823E+002
  0.10529821E+002
  0.10529818E+002
  0.10529816E+002
  0.10529814E+002
  0.10529812E+002
  0.10529810E+002
  0.10529807E+002
  0.10529805E+002
  0.10529802E+002
  0.10529800E+002
  0.10529798E+002
  0.10529795E+002
  0.10529793E+002
  0.10529790E+002
  0.10529788E+002
  0.10529785E+002
  0.10529782E+002
  0.10529780E+002
  0.10529777E+002
  0.10529775E+002
  0.10529772E+002
  0.10529770E+002
  0.10529767E+002
  0.10529765E+002
  0.10529762E+002
  0.10529760E+002
  0.10529757E+002
  0.10529754E+002
  0.10529752E+002
  0.10529749E+002
  0.10529747E+002
  0.10529744E+002
  0.10529742E+002
  0.10529739E+002
  0.10529737E+002
  0.10529734E+002
  0.10529732E+002
  0.10529729E+002
  0.10529727E+002
  0.10529724E+002
  0.10529722E+002
  0.10529719E+002
  0.10529717E+002
  0.10529714E+002
  0.10529711E+002
  0.10529709E+002
  0.10529706E+002
  0.10529704E+002
  0.10529701E+002
  0.10529698E+002
  0.10529696E+002
  0.10529693E+002
  0.10529690E+002
  0.10529688E+002
  0.10529685E+002
  0.10529682E+002
  0.10529680E+002
  0.10529677E+002
  0.10529674E+002
  0.10529671E+002
  0.10529669E+002
  0.10529666E+002
  0.10529663E+002
  0.10529660E+002
  0.10529658E+002
  0.10529655E+002
  0.10529652E+002
  0.10529649E+002
  0.10529646E+002
  0.10529643E+002
  0.10529641E+002
  0.10529638E+002
  0.10529635E+002
  0.10529632E+002
  0.10529629E+002
  0.10529627E+002
  0.10529624E+002
  0.10529621E+002
  0.10529618E+002
  0.10529615E+002
  0.10529613E+002
  0.10529610E+002
  0.10529607E+002
  0.10529604E+002
  0.10529602E+002
  0.10529599E+002
  0.10529596E+002
  0.10529594E+002
  0.10529591E+002
  0.10529588E+002
  0.10529586E+002
  0.10529583E+002
  0.10529581E+002
  0.10529578E+002
  0.10529576E+002
  0.10529574E+002
  0.10529571E+002
  0.10529569E+002
  0.10529566E+002
  0.10529564E+002
