  0.57910828E+000  0.31483213E+000  0.23533321E+001  0.38870654E+002
  0.57913018E+000  0.31508618E+000  0.23530911E+001  0.38870785E+002
  0.57914839E+000  0.31508166E+000  0.23531139E+001  0.38870897E+002
  0.57915902E+000  0.31505464E+000  0.23543002E+001  0.38869856E+002
  0.57916765E+000  0.31502873E+000  0.23543518E+001  0.38869932E+002
  0.57919053E+000  0.31499011E+000  0.23544003E+001  0.38869994E+002
  0.57919628E+000  0.31497034E+000  0.23544455E+001  0.38870045E+002
  0.57920093E+000  0.31495327E+000  0.23544875E+001  0.38870086E+002
  0.57920465E+000  0.31493853E+000  0.23545265E+001  0.38870118E+002
  0.57920761E+000  0.31492579E+000  0.23545628E+001  0.38870144E+002
  0.57920992E+000  0.31491481E+000  0.23545965E+001  0.38870164E+002
  0.57921169E+000  0.31490525E+000  0.23546280E+001  0.38870180E+002
  0.57921302E+000  0.31489695E+000  0.23546574E+001  0.38870191E+002
  0.57921397E+000  0.31488972E+000  0.23546849E+001  0.38870200E+002
  0.57921462E+000  0.31488342E+000  0.23547107E+001  0.38870206E+002
  0.57921501E+000  0.31487791E+000  0.23547349E+001  0.38870209E+002
  0.57921518E+000  0.31487599E+000  0.23547548E+001  0.38870211E+002
  0.57921519E+000  0.31487174E+000  0.23547762E+001  0.38870212E+002
  0.57921504E+000  0.31486801E+000  0.23547963E+001  0.38870211E+002
  0.57921478E+000  0.31486471E+000  0.23548153E+001  0.38870209E+002
  0.57921443E+000  0.31486179E+000  0.23548333E+001  0.38870207E+002
  0.57921399E+000  0.31485920E+000  0.23548503E+001  0.38870204E+002
  0.57921349E+000  0.31485689E+000  0.23548663E+001  0.38870200E+002
  0.57921294E+000  0.31485484E+000  0.23548815E+001  0.38870197E+002
  0.57921235E+000  0.31485300E+000  0.23548958E+001  0.38870193E+002
  0.57921174E+000  0.31485135E+000  0.23549094E+001  0.38870189E+002
  0.57921110E+000  0.31484987E+000  0.23549223E+001  0.38870185E+002
  0.57921044E+000  0.31484854E+000  0.23549345E+001  0.38870181E+002
  0.57920978E+000  0.31484734E+000  0.23549460E+001  0.38870177E+002
  0.57920910E+000  0.31484626E+000  0.23549568E+001  0.38870174E+002
  0.57920843E+000  0.31484528E+000  0.23549670E+001  0.38870170E+002
  0.57920776E+000  0.31484440E+000  0.23549767E+001  0.38870167E+002
  0.57920710E+000  0.31484360E+000  0.23549857E+001  0.38870164E+002
  0.57920644E+000  0.31484287E+000  0.23549942E+001  0.38870162E+002
  0.57920580E+000  0.31484222E+000  0.23550021E+001  0.38870159E+002
  0.57920516E+000  0.31484163E+000  0.23550095E+001  0.38870158E+002
  0.57920454E+000  0.31484109E+000  0.23550164E+001  0.38870156E+002
  0.57920393E+000  0.31484061E+000  0.23550228E+001  0.38870155E+002
  0.57920334E+000  0.31484018E+000  0.23550286E+001  0.38870155E+002
  0.57920276E+000  0.31483979E+000  0.23550340E+001  0.38870154E+002
  0.57920220E+000  0.31483944E+000  0.23550389E+001  0.38870154E+002
  0.57920165E+000  0.31483913E+000  0.23550434E+001  0.38870155E+002
  0.57920111E+000  0.31483885E+000  0.23550474E+001  0.38870156E+002
  0.57920059E+000  0.31483861E+000  0.23550511E+001  0.38870157E+002
  0.57920008E+000  0.31483840E+000  0.23550543E+001  0.38870159E+002
  0.57919958E+000  0.31483821E+000  0.23550572E+001  0.38870161E+002
  0.57919909E+000  0.31483804E+000  0.23550597E+001  0.38870164E+002
  0.57919861E+000  0.31483790E+000  0.23550619E+001  0.38870167E+002
  0.57919814E+000  0.31483778E+000  0.23550637E+001  0.38870170E+002
  0.57919767E+000  0.31483767E+000  0.23550653E+001  0.38870174E+002
  0.57919721E+000  0.31483758E+000  0.23550666E+001  0.38870178E+002
  0.57919676E+000  0.31483750E+000  0.23550677E+001  0.38870182E+002
  0.57919630E+000  0.31483744E+000  0.23550686E+001  0.38870186E+002
  0.57919584E+000  0.31483738E+000  0.23550692E+001  0.38870191E+002
  0.57919539E+000  0.31483733E+000  0.23550697E+001  0.38870196E+002
  0.57919492E+000  0.31483729E+000  0.23550699E+001  0.38870201E+002
  0.57919445E+000  0.31483725E+000  0.23550700E+001  0.38870206E+002
  0.57919397E+000  0.31483721E+000  0.23550699E+001  0.38870211E+002
  0.57919348E+000  0.31483717E+000  0.23550697E+001  0.38870217E+002
  0.57919298E+000  0.31483713E+000  0.23550693E+001  0.38870222E+002
  0.57919247E+000  0.31483709E+000  0.23550688E+001  0.38870228E+002
  0.57919194E+000  0.31483704E+000  0.23550681E+001  0.38870234E+002
  0.57919140E+000  0.31483699E+000  0.23550673E+001  0.38870240E+002
  0.57919084E+000  0.31483693E+000  0.23550663E+001  0.38870246E+002
  0.57919026E+000  0.31483686E+000  0.23550651E+001  0.38870252E+002
  0.57918967E+000  0.31483678E+000  0.23550638E+001  0.38870258E+002
  0.57918905E+000  0.31483669E+000  0.23550624E+001  0.38870265E+002
  0.57918841E+000  0.31483658E+000  0.23550607E+001  0.38870271E+002
  0.57918776E+000  0.31483647E+000  0.23550589E+001  0.38870277E+002
  0.57918708E+000  0.31483633E+000  0.23550568E+001  0.38870283E+002
  0.57918638E+000  0.31483619E+000  0.23550546E+001  0.38870290E+002
  0.57918566E+000  0.31483602E+000  0.23550522E+001  0.38870296E+002
  0.57918492E+000  0.31483584E+000  0.23550495E+001  0.38870302E+002
  0.57918416E+000  0.31483565E+000  0.23550467E+001  0.38870308E+002
  0.57918338E+000  0.31483544E+000  0.23550436E+001  0.38870314E+002
  0.57918258E+000  0.31483521E+000  0.23550403E+001  0.38870320E+002
  0.57918175E+000  0.31483496E+000  0.23550367E+001  0.38870326E+002
  0.57918091E+000  0.31483469E+000  0.23550329E+001  0.38870332E+002
  0.57918005E+000  0.31483441E+000  0.23550289E+001  0.38870337E+002
  0.57917917E+000  0.31483411E+000  0.23550246E+001  0.38870343E+002
  0.57917827E+000  0.31483379E+000  0.23550200E+001  0.38870348E+002
  0.57917736E+000  0.31483346E+000  0.23550152E+001  0.38870354E+002
  0.57917643E+000  0.31483311E+000  0.23550102E+001  0.38870359E+002
  0.57917548E+000  0.31483274E+000  0.23550049E+001  0.38870364E+002
  0.57917452E+000  0.31483236E+000  0.23549994E+001  0.38870369E+002
  0.57917355E+000  0.31483196E+000  0.23549936E+001  0.38870374E+002
  0.57917257E+000  0.31483155E+000  0.23590847E+001  0.38866281E+002
  0.57917158E+000  0.31483112E+000  0.23590784E+001  0.38866285E+002
  0.57917058E+000  0.31483069E+000  0.23590719E+001  0.38866289E+002
  0.57916958E+000  0.31483024E+000  0.23590652E+001  0.38866293E+002
  0.57916857E+000  0.31482978E+000  0.23590582E+001  0.38866297E+002
  0.57916756E+000  0.31482931E+000  0.23590510E+001  0.38866301E+002
  0.57916654E+000  0.31482883E+000  0.23590437E+001  0.38866304E+002
  0.57916552E+000  0.31482834E+000  0.23590361E+001  0.38866307E+002
  0.57916451E+000  0.31482785E+000  0.23590284E+001  0.38866310E+002
  0.57916350E+000  0.31482736E+000  0.23590205E+001  0.38866313E+002
  0.57916249E+000  0.31482686E+000  0.23590125E+001  0.38866316E+002
  0.57916150E+000  0.31482635E+000  0.23590043E+001  0.38866318E+002
  0.57916050E+000  0.31482585E+000  0.23589960E+001  0.38866321E+002
  0.57915952E+000  0.31482534E+000  0.23589875E+001  0.38866323E+002
  0.57915855E+000  0.31482484E+000  0.23589790E+001  0.38866324E+002
  0.57915759E+000  0.31482433E+000  0.23589704E+001  0.38866326E+002
  0.57915664E+000  0.31482383E+000  0.23589617E+001  0.38866328E+002
  0.57915571E+000  0.31482333E+000  0.23589529E+001  0.38866329E+002
  0.57915480E+000  0.31482284E+000  0.23589441E+001  0.38866330E+002
  0.57915390E+000  0.31482235E+000  0.23589353E+001  0.38866331E+002
  0.57915302E+000  0.31482187E+000  0.23589265E+001  0.38866332E+002
  0.57915215E+000  0.31482139E+000  0.23589176E+001  0.38866333E+002
  0.57915131E+000  0.31482092E+000  0.23589088E+001  0.38866333E+002
  0.57915049E+000  0.31482046E+000  0.23589000E+001  0.38866334E+002
  0.57914969E+000  0.31482001E+000  0.23588912E+001  0.38866334E+002
  0.57914890E+000  0.31481957E+000  0.23588825E+001  0.38866334E+002
  0.57914814E+000  0.31481914E+000  0.23588738E+001  0.38866334E+002
  0.57914741E+000  0.31481872E+000  0.23588652E+001  0.38866334E+002
  0.57914669E+000  0.31481831E+000  0.23588566E+001  0.38866333E+002
  0.57914600E+000  0.31481791E+000  0.23588482E+001  0.38866333E+002
  0.57914533E+000  0.31481752E+000  0.23588398E+001  0.38866332E+002
  0.57914468E+000  0.31481714E+000  0.23588315E+001  0.38866331E+002
  0.57914406E+000  0.31481677E+000  0.23588234E+001  0.38866330E+002
  0.57914345E+000  0.31481642E+000  0.23588153E+001  0.38866329E+002
  0.57914287E+000  0.31481608E+000  0.23588074E+001  0.38866327E+002
  0.57914231E+000  0.31481575E+000  0.23587996E+001  0.38866326E+002
  0.57914178E+000  0.31481543E+000  0.23587920E+001  0.38866324E+002
  0.57914126E+000  0.31481512E+000  0.23587845E+001  0.38866322E+002
  0.57914077E+000  0.31481483E+000  0.23587771E+001  0.38866320E+002
  0.57914029E+000  0.31481454E+000  0.23587698E+001  0.38866318E+002
  0.57913984E+000  0.31481427E+000  0.23587627E+001  0.38866316E+002
  0.57913941E+000  0.31481401E+000  0.23587558E+001  0.38866314E+002
  0.57913899E+000  0.31481376E+000  0.23587490E+001  0.38866311E+002
  0.57913860E+000  0.31481352E+000  0.23587424E+001  0.38866308E+002
  0.57913822E+000  0.31481330E+000  0.23587359E+001  0.38866305E+002
  0.57913786E+000  0.31481308E+000  0.23587296E+001  0.38866302E+002
  0.57913752E+000  0.31481287E+000  0.23587234E+001  0.38866298E+002
  0.57913720E+000  0.31481268E+000  0.23587174E+001  0.38866295E+002
  0.57913689E+000  0.31481249E+000  0.23587115E+001  0.38866291E+002
  0.57913660E+000  0.31481231E+000  0.23587058E+001  0.38866287E+002
  0.57913632E+000  0.31481215E+000  0.23587003E+001  0.38866283E+002
  0.57913606E+000  0.31481199E+000  0.23586949E+001  0.38866279E+002
  0.57913581E+000  0.31481184E+000  0.23586897E+001  0.38866274E+002
  0.57913558E+000  0.31481170E+000  0.23586846E+001  0.38866270E+002
  0.57913536E+000  0.31481156E+000  0.23586797E+001  0.38866265E+002
  0.57913515E+000  0.31481144E+000  0.23586749E+001  0.38866260E+002
  0.57913496E+000  0.31481132E+000  0.23586703E+001  0.38866254E+002
  0.57913478E+000  0.31481121E+000  0.23586658E+001  0.38866249E+002
  0.57913461E+000  0.31481110E+000  0.23586615E+001  0.38866243E+002
  0.57913445E+000  0.31481101E+000  0.23586573E+001  0.38866237E+002
  0.57913430E+000  0.31481091E+000  0.23586532E+001  0.38866231E+002
  0.57913416E+000  0.31481083E+000  0.23586493E+001  0.38866225E+002
  0.57913403E+000  0.31481075E+000  0.23586455E+001  0.38866218E+002
  0.57913391E+000  0.31481068E+000  0.23586418E+001  0.38866212E+002
  0.57913379E+000  0.31481061E+000  0.23586383E+001  0.38866205E+002
  0.57913369E+000  0.31481055E+000  0.23586349E+001  0.38866198E+002
  0.57913359E+000  0.31481049E+000  0.23586317E+001  0.38866191E+002
  0.57913351E+000  0.31481043E+000  0.23586285E+001  0.38866183E+002
  0.57913342E+000  0.31481038E+000  0.23586255E+001  0.38866176E+002
  0.57913335E+000  0.31481034E+000  0.23586226E+001  0.38866168E+002
  0.57913328E+000  0.31481030E+000  0.23586198E+001  0.38866160E+002
  0.57913322E+000  0.31481026E+000  0.23586171E+001  0.38866152E+002
  0.57913316E+000  0.31481022E+000  0.23586145E+001  0.38866144E+002
  0.57913311E+000  0.31481019E+000  0.23586120E+001  0.38866135E+002
  0.57913306E+000  0.31481016E+000  0.23586096E+001  0.38866127E+002
  0.57913302E+000  0.31481014E+000  0.23586073E+001  0.38866118E+002
  0.57913298E+000  0.31481011E+000  0.23586051E+001  0.38866109E+002
  0.57913295E+000  0.31481009E+000  0.23586030E+001  0.38866100E+002
  0.57913292E+000  0.31481007E+000  0.23586010E+001  0.38866091E+002
  0.57913290E+000  0.31481006E+000  0.23585990E+001  0.38866082E+002
  0.57913287E+000  0.31481004E+000  0.23585972E+001  0.38866072E+002
  0.57913285E+000  0.31481003E+000  0.23585954E+001  0.38866063E+002
  0.57913284E+000  0.31481002E+000  0.23585937E+001  0.38866053E+002
  0.57913282E+000  0.31481001E+000  0.23585921E+001  0.38866044E+002
  0.57913281E+000  0.31481000E+000  0.23585906E+001  0.38866034E+002
  0.57913280E+000  0.31480999E+000  0.23585891E+001  0.38866024E+002
  0.57913280E+000  0.31480999E+000  0.23585877E+001  0.38866014E+002
  0.57913279E+000  0.31480999E+000  0.23585863E+001  0.38866004E+002
  0.57913279E+000  0.31480998E+000  0.23585850E+001  0.38865994E+002
  0.57913279E+000  0.31480998E+000  0.23585838E+001  0.38865984E+002
  0.57913279E+000  0.31480998E+000  0.23585826E+001  0.38865974E+002
  0.57913279E+000  0.31480998E+000  0.23585815E+001  0.38865964E+002
  0.57913279E+000  0.31480998E+000  0.23585805E+001  0.38865954E+002
  0.57913279E+000  0.31480998E+000  0.23585795E+001  0.38865944E+002
  0.57913280E+000  0.31480998E+000  0.23585785E+001  0.38865934E+002
  0.57913280E+000  0.31480998E+000  0.23585776E+001  0.38865924E+002
  0.57913281E+000  0.31480999E+000  0.23585767E+001  0.38865914E+002
  0.57913281E+000  0.31480999E+000  0.23585759E+001  0.38865904E+002
  0.57913282E+000  0.31480999E+000  0.23585751E+001  0.38865894E+002
  0.57913283E+000  0.31481000E+000  0.23585743E+001  0.38865884E+002
  0.57913284E+000  0.31481000E+000  0.23585736E+001  0.38865874E+002
  0.57913285E+000  0.31481001E+000  0.23585729E+001  0.38865864E+002
  0.57913286E+000  0.31481001E+000  0.23585723E+001  0.38865854E+002
  0.57913287E+000  0.31481002E+000  0.23585717E+001  0.38865844E+002
  0.57913288E+000  0.31481002E+000  0.23585711E+001  0.38865834E+002
  0.57913289E+000  0.31481003E+000  0.23585706E+001  0.38865825E+002
  0.57913290E+000  0.31481003E+000  0.23585701E+001  0.38865815E+002
  0.57913291E+000  0.31481004E+000  0.23585696E+001  0.38865806E+002
  0.57913292E+000  0.31481005E+000  0.23585692E+001  0.38865796E+002
  0.57913294E+000  0.31481006E+000  0.23585687E+001  0.38865787E+002
  0.57913295E+000  0.31481007E+000  0.23585683E+001  0.38865778E+002
  0.57913296E+000  0.31481007E+000  0.23585680E+001  0.38865769E+002
  0.57913297E+000  0.31481009E+000  0.23585676E+001  0.38865760E+002
  0.57913298E+000  0.31481011E+000  0.23585672E+001  0.38865751E+002
