  0.49046815E-002  0.57116700E-001  0.10123147E+001  0.41043590E+002
  0.49027516E-002  0.57126320E-001  0.10123582E+001  0.41043705E+002
  0.49012994E-002  0.57133946E-001  0.10123952E+001  0.41043811E+002
  0.49002658E-002  0.57139871E-001  0.10124257E+001  0.41043904E+002
  0.48995687E-002  0.57144397E-001  0.10124506E+001  0.41043986E+002
  0.48991379E-002  0.57147769E-001  0.10124705E+001  0.41044058E+002
  0.48989143E-002  0.57150190E-001  0.10124863E+001  0.41044122E+002
  0.48988498E-002  0.57151833E-001  0.10124987E+001  0.41044178E+002
  0.48989051E-002  0.57152842E-001  0.10125083E+001  0.41044228E+002
  0.48990491E-002  0.57153338E-001  0.10125155E+001  0.41044273E+002
  0.48992569E-002  0.57153422E-001  0.10125208E+001  0.41044312E+002
  0.48995086E-002  0.57153178E-001  0.10125245E+001  0.41044348E+002
  0.48997889E-002  0.57152677E-001  0.10125269E+001  0.41044380E+002
  0.49000855E-002  0.57151976E-001  0.10125282E+001  0.41044408E+002
  0.49003893E-002  0.57151122E-001  0.10125287E+001  0.41044435E+002
  0.49006929E-002  0.57150156E-001  0.10125284E+001  0.41044458E+002
  0.49009912E-002  0.57149108E-001  0.10125276E+001  0.41044480E+002
  0.49012802E-002  0.57148005E-001  0.10125262E+001  0.41044499E+002
  0.49015572E-002  0.57146868E-001  0.10125246E+001  0.41044517E+002
  0.49018201E-002  0.57145714E-001  0.10125226E+001  0.41044534E+002
  0.49020680E-002  0.57144557E-001  0.10125204E+001  0.41044549E+002
  0.49023001E-002  0.57143408E-001  0.10125181E+001  0.41044564E+002
  0.49025163E-002  0.57142277E-001  0.10125156E+001  0.41044577E+002
  0.49027166E-002  0.57141171E-001  0.10125131E+001  0.41044589E+002
  0.49029013E-002  0.57140095E-001  0.10125105E+001  0.41044601E+002
  0.49030711E-002  0.57139054E-001  0.10125080E+001  0.41044612E+002
  0.49032266E-002  0.57138052E-001  0.10125054E+001  0.41044622E+002
  0.49033685E-002  0.57137092E-001  0.10125030E+001  0.41044631E+002
  0.49034975E-002  0.57136176E-001  0.10125005E+001  0.41044640E+002
  0.49036146E-002  0.57135306E-001  0.10124982E+001  0.41044649E+002
  0.49037205E-002  0.57134484E-001  0.10124960E+001  0.41044657E+002
  0.49038160E-002  0.57133709E-001  0.10124939E+001  0.41044665E+002
  0.49039020E-002  0.57132984E-001  0.10124919E+001  0.41044672E+002
  0.49039792E-002  0.57132306E-001  0.10124900E+001  0.41044679E+002
  0.49040484E-002  0.57131678E-001  0.10124882E+001  0.41044686E+002
  0.49041103E-002  0.57131098E-001  0.10124866E+001  0.41044692E+002
  0.49041655E-002  0.57130564E-001  0.10124851E+001  0.41044699E+002
  0.49042147E-002  0.57130077E-001  0.10124837E+001  0.41044705E+002
  0.49042585E-002  0.57129635E-001  0.10124825E+001  0.41044711E+002
  0.49042973E-002  0.57129235E-001  0.10124814E+001  0.41044716E+002
  0.49043317E-002  0.57128877E-001  0.10124804E+001  0.41044722E+002
  0.49043621E-002  0.57128558E-001  0.10124796E+001  0.41044727E+002
  0.49043889E-002  0.57128276E-001  0.10124788E+001  0.41044732E+002
  0.49044125E-002  0.57128028E-001  0.10124781E+001  0.41044737E+002
  0.49044332E-002  0.57127811E-001  0.10124776E+001  0.41044742E+002
  0.49044513E-002  0.57127624E-001  0.10124771E+001  0.41044747E+002
  0.49044671E-002  0.57127463E-001  0.10124767E+001  0.41044752E+002
  0.49044809E-002  0.57127326E-001  0.10124764E+001  0.41044757E+002
  0.49044927E-002  0.57127209E-001  0.10124761E+001  0.41044762E+002
  0.49045030E-002  0.57127111E-001  0.10124759E+001  0.41044767E+002
  0.49045117E-002  0.57127028E-001  0.10124757E+001  0.41044772E+002
  0.49045192E-002  0.57126959E-001  0.10124756E+001  0.41044777E+002
  0.49045255E-002  0.57126900E-001  0.10124755E+001  0.41044782E+002
  0.49045309E-002  0.57126851E-001  0.10124754E+001  0.41044787E+002
  0.49045353E-002  0.57126809E-001  0.10124753E+001  0.41044792E+002
  0.49045391E-002  0.57126772E-001  0.10124752E+001  0.41044796E+002
  0.49045422E-002  0.57126739E-001  0.10124751E+001  0.41044801E+002
  0.49045448E-002  0.57126708E-001  0.10124750E+001  0.41044806E+002
  0.49045470E-002  0.57126679E-001  0.10124749E+001  0.41044811E+002
  0.49045488E-002  0.57126650E-001  0.10124748E+001  0.41044816E+002
  0.49045504E-002  0.57126620E-001  0.10124746E+001  0.41044821E+002
  0.49045518E-002  0.57126589E-001  0.10124744E+001  0.41044826E+002
  0.49045531E-002  0.57126556E-001  0.10124742E+001  0.41044831E+002
  0.49045542E-002  0.57126520E-001  0.10124740E+001  0.41044835E+002
  0.49045553E-002  0.57126481E-001  0.10124736E+001  0.41044840E+002
  0.49045564E-002  0.57126438E-001  0.10124733E+001  0.41044845E+002
  0.49045575E-002  0.57126391E-001  0.10124729E+001  0.41044849E+002
  0.49045586E-002  0.57126340E-001  0.10124724E+001  0.41044853E+002
  0.49045597E-002  0.57126283E-001  0.10124719E+001  0.41044858E+002
  0.49045609E-002  0.57126222E-001  0.10124713E+001  0.41044862E+002
  0.49045622E-002  0.57126156E-001  0.10124706E+001  0.41044866E+002
  0.49045635E-002  0.57126084E-001  0.10124699E+001  0.41044869E+002
  0.49045649E-002  0.57126006E-001  0.10124690E+001  0.41044873E+002
  0.49045663E-002  0.57125923E-001  0.10124681E+001  0.41044876E+002
  0.49045678E-002  0.57125834E-001  0.10124672E+001  0.41044879E+002
  0.49045694E-002  0.57125739E-001  0.10124661E+001  0.41044882E+002
  0.49045711E-002  0.57125638E-001  0.10124650E+001  0.41044884E+002
  0.49045728E-002  0.57125531E-001  0.10124638E+001  0.41044887E+002
  0.49045745E-002  0.57125418E-001  0.10124625E+001  0.41044889E+002
  0.49045763E-002  0.57125299E-001  0.10124611E+001  0.41044890E+002
  0.49045782E-002  0.57125174E-001  0.10124596E+001  0.41044891E+002
  0.49045801E-002  0.57125044E-001  0.10124581E+001  0.41044892E+002
  0.49045820E-002  0.57124908E-001  0.10124564E+001  0.41044893E+002
  0.49045840E-002  0.57124767E-001  0.10124547E+001  0.41044893E+002
  0.49045859E-002  0.57124620E-001  0.10124529E+001  0.41044893E+002
  0.49045879E-002  0.57124469E-001  0.10124510E+001  0.41044893E+002
  0.49045899E-002  0.57124313E-001  0.10124490E+001  0.41044892E+002
  0.49045919E-002  0.57124152E-001  0.10124470E+001  0.41044891E+002
  0.49045939E-002  0.57123988E-001  0.10124448E+001  0.41044889E+002
  0.49045959E-002  0.57123820E-001  0.10124427E+001  0.41044887E+002
  0.49045979E-002  0.57123648E-001  0.10124404E+001  0.41044885E+002
  0.49045999E-002  0.57123474E-001  0.10124381E+001  0.41044883E+002
  0.49046018E-002  0.57123297E-001  0.10124357E+001  0.41044880E+002
  0.49046037E-002  0.57123118E-001  0.10124333E+001  0.41044877E+002
  0.49046056E-002  0.57122937E-001  0.10124308E+001  0.41044873E+002
  0.49046075E-002  0.57122755E-001  0.10124283E+001  0.41044869E+002
  0.49046093E-002  0.57122572E-001  0.10124257E+001  0.41044865E+002
  0.49046110E-002  0.57122389E-001  0.10124231E+001  0.41044861E+002
  0.49046128E-002  0.57122205E-001  0.10124204E+001  0.41044856E+002
  0.49046145E-002  0.57122022E-001  0.10124178E+001  0.41044851E+002
  0.49046162E-002  0.57121839E-001  0.10124151E+001  0.41044846E+002
  0.49046178E-002  0.57121658E-001  0.10124124E+001  0.41044840E+002
  0.49046194E-002  0.57121478E-001  0.10124097E+001  0.41044834E+002
  0.49046209E-002  0.57121300E-001  0.10124070E+001  0.41044828E+002
  0.49046224E-002  0.57121124E-001  0.10124043E+001  0.41044822E+002
  0.49046239E-002  0.57120951E-001  0.10124016E+001  0.41044816E+002
  0.49046254E-002  0.57120781E-001  0.10123989E+001  0.41044809E+002
  0.49046268E-002  0.57120613E-001  0.10123962E+001  0.41044803E+002
  0.49046282E-002  0.57120449E-001  0.10123936E+001  0.41044796E+002
  0.49046296E-002  0.57120289E-001  0.10123909E+001  0.41044789E+002
  0.49046309E-002  0.57120132E-001  0.10123883E+001  0.41044782E+002
  0.49046322E-002  0.57119979E-001  0.10123858E+001  0.41044775E+002
  0.49046335E-002  0.57119830E-001  0.10123832E+001  0.41044767E+002
  0.49046348E-002  0.57119685E-001  0.10123807E+001  0.41044760E+002
  0.49046361E-002  0.57119545E-001  0.10123783E+001  0.41044753E+002
  0.49046373E-002  0.57119409E-001  0.10123759E+001  0.41044745E+002
  0.49046386E-002  0.57119277E-001  0.10123735E+001  0.41044737E+002
  0.49046398E-002  0.57119150E-001  0.10123712E+001  0.41044730E+002
  0.49046410E-002  0.57119027E-001  0.10123689E+001  0.41044722E+002
  0.49046422E-002  0.57118908E-001  0.10123667E+001  0.41044714E+002
  0.49046434E-002  0.57118794E-001  0.10123646E+001  0.41044706E+002
  0.49046446E-002  0.57118685E-001  0.10123625E+001  0.41044698E+002
  0.49046457E-002  0.57118579E-001  0.10123604E+001  0.41044690E+002
  0.49046469E-002  0.57118478E-001  0.10123584E+001  0.41044682E+002
  0.49046480E-002  0.57118381E-001  0.10123565E+001  0.41044674E+002
  0.49046491E-002  0.57118289E-001  0.10123546E+001  0.41044666E+002
  0.49046502E-002  0.57118200E-001  0.10123528E+001  0.41044657E+002
  0.49046513E-002  0.57118115E-001  0.10123511E+001  0.41044649E+002
  0.49046524E-002  0.57118034E-001  0.10123494E+001  0.41044641E+002
  0.49046534E-002  0.57117957E-001  0.10123477E+001  0.41044632E+002
  0.49046545E-002  0.57117884E-001  0.10123461E+001  0.41044624E+002
  0.49046555E-002  0.57117813E-001  0.10123446E+001  0.41044616E+002
  0.49046565E-002  0.57117747E-001  0.10123431E+001  0.41044607E+002
  0.49046575E-002  0.57117683E-001  0.10123417E+001  0.41044598E+002
  0.49046584E-002  0.57117623E-001  0.10123404E+001  0.41044590E+002
  0.49046594E-002  0.57117566E-001  0.10123391E+001  0.41044581E+002
  0.49046603E-002  0.57117512E-001  0.10123378E+001  0.41044572E+002
  0.49046612E-002  0.57117461E-001  0.10123366E+001  0.41044563E+002
  0.49046620E-002  0.57117412E-001  0.10123355E+001  0.41044554E+002
  0.49046629E-002  0.57117366E-001  0.10123344E+001  0.41044545E+002
  0.49046637E-002  0.57117323E-001  0.10123333E+001  0.41044536E+002
  0.49046645E-002  0.57117282E-001  0.10123323E+001  0.41044527E+002
  0.49046652E-002  0.57117243E-001  0.10123313E+001  0.41044518E+002
  0.49046660E-002  0.57117206E-001  0.10123304E+001  0.41044509E+002
  0.49046667E-002  0.57117172E-001  0.10123295E+001  0.41044499E+002
  0.49046674E-002  0.57117139E-001  0.10123287E+001  0.41044490E+002
  0.49046680E-002  0.57117109E-001  0.10123279E+001  0.41044480E+002
  0.49046687E-002  0.57117080E-001  0.10123271E+001  0.41044470E+002
  0.49046693E-002  0.57117053E-001  0.10123264E+001  0.41044461E+002
  0.49046699E-002  0.57117027E-001  0.10123257E+001  0.41044451E+002
  0.49046705E-002  0.57117004E-001  0.10123251E+001  0.41044441E+002
  0.49046710E-002  0.57116981E-001  0.10123245E+001  0.41044431E+002
  0.49046715E-002  0.57116960E-001  0.10123239E+001  0.41044421E+002
  0.49046720E-002  0.57116941E-001  0.10123233E+001  0.41044411E+002
  0.49046725E-002  0.57116923E-001  0.10123228E+001  0.41044401E+002
  0.49046730E-002  0.57116905E-001  0.10123223E+001  0.41044390E+002
  0.49046734E-002  0.57116889E-001  0.10123218E+001  0.41044380E+002
  0.49046738E-002  0.57116874E-001  0.10123214E+001  0.41044370E+002
  0.49046742E-002  0.57116861E-001  0.10123210E+001  0.41044359E+002
  0.49046746E-002  0.57116848E-001  0.10123206E+001  0.41044349E+002
  0.49046750E-002  0.57116836E-001  0.10123202E+001  0.41044338E+002
  0.49046753E-002  0.57116824E-001  0.10123199E+001  0.41044327E+002
  0.49046756E-002  0.57116814E-001  0.10123195E+001  0.41044316E+002
  0.49046759E-002  0.57116804E-001  0.10123192E+001  0.41044306E+002
  0.49046762E-002  0.57116796E-001  0.10123189E+001  0.41044295E+002
  0.49046765E-002  0.57116787E-001  0.10123187E+001  0.41044284E+002
  0.49046768E-002  0.57116780E-001  0.10123184E+001  0.41044273E+002
  0.49046770E-002  0.57116773E-001  0.10123182E+001  0.41044262E+002
  0.49046773E-002  0.57116766E-001  0.10123179E+001  0.41044251E+002
  0.49046775E-002  0.57116760E-001  0.10123177E+001  0.41044240E+002
  0.49046777E-002  0.57116755E-001  0.10123175E+001  0.41044229E+002
  0.49046779E-002  0.57116750E-001  0.10123173E+001  0.41044218E+002
  0.49046781E-002  0.57116745E-001  0.10123171E+001  0.41044206E+002
  0.49046783E-002  0.57116741E-001  0.10123170E+001  0.41044195E+002
  0.49046785E-002  0.57116737E-001  0.10123168E+001  0.41044184E+002
  0.49046787E-002  0.57116734E-001  0.10123167E+001  0.41044173E+002
  0.49046788E-002  0.57116730E-001  0.10123165E+001  0.41044162E+002
  0.49046790E-002  0.57116728E-001  0.10123164E+001  0.41044151E+002
  0.49046791E-002  0.57116725E-001  0.10123163E+001  0.41044140E+002
  0.49046792E-002  0.57116723E-001  0.10123162E+001  0.41044129E+002
  0.49046794E-002  0.57116721E-001  0.10123161E+001  0.41044118E+002
  0.49046795E-002  0.57116719E-001  0.10123160E+001  0.41044107E+002
  0.49046796E-002  0.57116717E-001  0.10123159E+001  0.41044096E+002
  0.49046797E-002  0.57116716E-001  0.10123158E+001  0.41044085E+002
  0.49046798E-002  0.57116715E-001  0.10123158E+001  0.41044075E+002
  0.49046799E-002  0.57116714E-001  0.10123157E+001  0.41044064E+002
  0.49046800E-002  0.57116713E-001  0.10123156E+001  0.41044053E+002
  0.49046801E-002  0.57116713E-001  0.10123156E+001  0.41044043E+002
  0.49046802E-002  0.57116712E-001  0.10123155E+001  0.41044032E+002
  0.49046803E-002  0.57116712E-001  0.10123155E+001  0.41044022E+002
  0.49046803E-002  0.57116712E-001  0.10123154E+001  0.41044012E+002
  0.49046804E-002  0.57116712E-001  0.10123154E+001  0.41044002E+002
  0.49046804E-002  0.57116713E-001  0.10123154E+001  0.41043992E+002
  0.49046805E-002  0.57116713E-001  0.10123153E+001  0.41043982E+002
  0.49046805E-002  0.57116714E-001  0.10123153E+001  0.41043972E+002
  0.49046805E-002  0.57116714E-001  0.10123153E+001  0.41043962E+002
  0.49046805E-002  0.57116715E-001  0.10123153E+001  0.41043953E+002
  0.49046804E-002  0.57116716E-001  0.10123153E+001  0.41043943E+002
  0.49046803E-002  0.57116717E-001  0.10123152E+001  0.41043934E+002
  0.49046801E-002  0.57116717E-001  0.10123152E+001  0.41043925E+002
