  0.66108723E-001
  0.66106063E-001
  0.66108823E-001
  0.66112075E-001
  0.66115023E-001
  0.66117590E-001
  0.66119799E-001
  0.66121693E-001
  0.66123314E-001
  0.66124702E-001
  0.66125890E-001
  0.66126907E-001
  0.66127777E-001
  0.66128522E-001
  0.66129160E-001
  0.66129707E-001
  0.66130174E-001
  0.66130574E-001
  0.66130917E-001
  0.66131210E-001
  0.66131461E-001
  0.66131675E-001
  0.66131857E-001
  0.66132014E-001
  0.66132147E-001
  0.66132260E-001
  0.66132357E-001
  0.66132439E-001
  0.66132509E-001
  0.66132569E-001
  0.66132620E-001
  0.66132664E-001
  0.66132702E-001
  0.66132734E-001
  0.66132762E-001
  0.66132787E-001
  0.66132809E-001
  0.66132829E-001
  0.66132847E-001
  0.66132864E-001
  0.66132880E-001
  0.66132894E-001
  0.66132909E-001
  0.66132923E-001
  0.66132936E-001
  0.66132950E-001
  0.66132964E-001
  0.66132977E-001
  0.66132991E-001
  0.66133005E-001
  0.66133020E-001
  0.66133034E-001
  0.66133049E-001
  0.66133064E-001
  0.66133079E-001
  0.66133095E-001
  0.66133111E-001
  0.66133127E-001
  0.66133143E-001
  0.66133160E-001
  0.66133176E-001
  0.66133193E-001
  0.66133210E-001
  0.66133227E-001
  0.66133244E-001
  0.66133261E-001
  0.66133278E-001
  0.66133294E-001
  0.66133311E-001
  0.66133327E-001
  0.66133342E-001
  0.66133358E-001
  0.66133372E-001
  0.66133387E-001
  0.66133400E-001
  0.66133413E-001
  0.66133426E-001
  0.66133437E-001
  0.66133448E-001
  0.66133458E-001
  0.66133467E-001
  0.66133475E-001
  0.66133482E-001
  0.66133488E-001
  0.66133493E-001
  0.66133497E-001
  0.66133500E-001
  0.66133502E-001
  0.66133503E-001
  0.66133503E-001
  0.66133501E-001
  0.66133499E-001
  0.66133495E-001
  0.66133491E-001
  0.66133485E-001
  0.66133479E-001
  0.66133472E-001
  0.66133463E-001
  0.66133454E-001
  0.66133445E-001
  0.66133434E-001
  0.66133422E-001
  0.66133410E-001
  0.66133398E-001
  0.66133385E-001
  0.66133371E-001
  0.66133357E-001
  0.66133342E-001
  0.66133327E-001
  0.66133311E-001
  0.66133296E-001
  0.66133280E-001
  0.66133263E-001
  0.66133247E-001
  0.66133230E-001
  0.66133214E-001
  0.66133197E-001
  0.66133180E-001
  0.66133163E-001
  0.66133146E-001
  0.66133129E-001
  0.66133113E-001
  0.66133096E-001
  0.66133079E-001
  0.66133062E-001
  0.66133045E-001
  0.66133029E-001
  0.66133012E-001
  0.66132996E-001
  0.66132979E-001
  0.66132963E-001
  0.66132947E-001
  0.66132930E-001
  0.66132914E-001
  0.66132898E-001
  0.66132882E-001
  0.66132866E-001
  0.66132850E-001
  0.66132834E-001
  0.66132818E-001
  0.66132802E-001
  0.66132787E-001
  0.66132771E-001
  0.66132755E-001
  0.66132739E-001
  0.66132723E-001
  0.66132707E-001
  0.66132691E-001
  0.66132676E-001
  0.66132660E-001
  0.66132644E-001
  0.66132628E-001
  0.66132611E-001
  0.66132595E-001
  0.66132579E-001
  0.66132563E-001
  0.66132546E-001
  0.66132530E-001
  0.66132514E-001
  0.66132497E-001
  0.66132480E-001
  0.66132464E-001
  0.66132447E-001
  0.66132430E-001
  0.66132413E-001
  0.66132396E-001
  0.66132379E-001
  0.66132362E-001
  0.66132345E-001
  0.66132328E-001
  0.66132311E-001
  0.66132294E-001
  0.66132276E-001
  0.66132259E-001
  0.66132242E-001
  0.66132225E-001
  0.66132207E-001
  0.66132190E-001
  0.66132173E-001
  0.66132156E-001
  0.66132139E-001
  0.66132122E-001
  0.66132104E-001
  0.66132087E-001
  0.66132070E-001
  0.66132054E-001
  0.66132037E-001
  0.66132020E-001
  0.66132004E-001
  0.66131987E-001
  0.66131971E-001
  0.66131955E-001
  0.66131939E-001
  0.66131923E-001
  0.66131907E-001
  0.66131891E-001
  0.66131876E-001
  0.66131861E-001
  0.66131847E-001
  0.66131831E-001
