 -0.51982404E-001  0.47365254E-002  0.44192679E+000  0.12893155E+001
 -0.51959066E-001  0.47410800E-002  0.44197889E+000  0.12894004E+001
 -0.51941455E-001  0.47438301E-002  0.44201602E+000  0.12894638E+001
 -0.51928790E-001  0.47455120E-002  0.44204327E+000  0.12895119E+001
 -0.51920090E-001  0.47465055E-002  0.44206312E+000  0.12895477E+001
 -0.51914538E-001  0.47470181E-002  0.44207712E+000  0.12895735E+001
 -0.51911452E-001  0.47471931E-002  0.44208642E+000  0.12895910E+001
 -0.51910271E-001  0.47471331E-002  0.44209195E+000  0.12896017E+001
 -0.51910542E-001  0.47469114E-002  0.44209444E+000  0.12896068E+001
 -0.51911898E-001  0.47465816E-002  0.44209450E+000  0.12896074E+001
 -0.51914049E-001  0.47461810E-002  0.44209261E+000  0.12896044E+001
 -0.51916762E-001  0.47457364E-002  0.44208919E+000  0.12895986E+001
 -0.51919854E-001  0.47452667E-002  0.44208457E+000  0.12895904E+001
 -0.51923183E-001  0.47447853E-002  0.44207904E+000  0.12895806E+001
 -0.51926635E-001  0.47443014E-002  0.44207282E+000  0.12895693E+001
 -0.51930126E-001  0.47438220E-002  0.44206610E+000  0.12895571E+001
 -0.51933589E-001  0.47433516E-002  0.44205904E+000  0.12895441E+001
 -0.51936975E-001  0.47428936E-002  0.44205176E+000  0.12895307E+001
 -0.51940249E-001  0.47424503E-002  0.44204437E+000  0.12895169E+001
 -0.51943384E-001  0.47420234E-002  0.44203694E+000  0.12895030E+001
 -0.51946363E-001  0.47416139E-002  0.44202955E+000  0.12894892E+001
 -0.51949176E-001  0.47412225E-002  0.44202225E+000  0.12894754E+001
 -0.51951817E-001  0.47408495E-002  0.44201509E+000  0.12894619E+001
 -0.51954283E-001  0.47404951E-002  0.44200810E+000  0.12894486E+001
 -0.51956577E-001  0.47401593E-002  0.44200131E+000  0.12894357E+001
 -0.51958701E-001  0.47398419E-002  0.44199475E+000  0.12894232E+001
 -0.51960662E-001  0.47395427E-002  0.44198842E+000  0.12894111E+001
 -0.51962465E-001  0.47392614E-002  0.44198236E+000  0.12893995E+001
 -0.51964119E-001  0.47389975E-002  0.44197656E+000  0.12893884E+001
 -0.51965631E-001  0.47387506E-002  0.44197104E+000  0.12893778E+001
 -0.51967010E-001  0.47385202E-002  0.44196580E+000  0.12893679E+001
 -0.51968265E-001  0.47383059E-002  0.44196086E+000  0.12893584E+001
 -0.51969404E-001  0.47381071E-002  0.44195620E+000  0.12893496E+001
 -0.51970435E-001  0.47379233E-002  0.44195184E+000  0.12893413E+001
 -0.51971368E-001  0.47377539E-002  0.44194777E+000  0.12893337E+001
 -0.51972209E-001  0.47375985E-002  0.44194400E+000  0.12893266E+001
 -0.51972967E-001  0.47374564E-002  0.44194051E+000  0.12893201E+001
 -0.51973650E-001  0.47373271E-002  0.44193730E+000  0.12893142E+001
 -0.51974262E-001  0.47372100E-002  0.44193436E+000  0.12893088E+001
 -0.51974812E-001  0.47371045E-002  0.44193170E+000  0.12893040E+001
 -0.51975305E-001  0.47370101E-002  0.44192930E+000  0.12892998E+001
 -0.51975747E-001  0.47369260E-002  0.44192714E+000  0.12892960E+001
 -0.51976142E-001  0.47368516E-002  0.44192522E+000  0.12892927E+001
 -0.51976495E-001  0.47367864E-002  0.44192353E+000  0.12892899E+001
 -0.51976811E-001  0.47367296E-002  0.44192206E+000  0.12892875E+001
 -0.51977093E-001  0.47366806E-002  0.44192078E+000  0.12892855E+001
 -0.51977346E-001  0.47366388E-002  0.44191969E+000  0.12892838E+001
 -0.51977571E-001  0.47366034E-002  0.44191876E+000  0.12892826E+001
 -0.51977772E-001  0.47365738E-002  0.44191800E+000  0.12892816E+001
 -0.51977952E-001  0.47365494E-002  0.44191737E+000  0.12892809E+001
 -0.51978113E-001  0.47365295E-002  0.44191687E+000  0.12892805E+001
 -0.51978257E-001  0.47365136E-002  0.44191648E+000  0.12892803E+001
 -0.51978387E-001  0.47365011E-002  0.44191619E+000  0.12892803E+001
 -0.51978504E-001  0.47364915E-002  0.44191598E+000  0.12892805E+001
 -0.51978609E-001  0.47364843E-002  0.44191584E+000  0.12892808E+001
 -0.51978705E-001  0.47364791E-002  0.44191577E+000  0.12892813E+001
 -0.51978793E-001  0.47364754E-002  0.44191575E+000  0.12892819E+001
 -0.51978874E-001  0.47364731E-002  0.44191577E+000  0.12892825E+001
 -0.51978949E-001  0.47364718E-002  0.44191583E+000  0.12892833E+001
 -0.51979019E-001  0.47364712E-002  0.44191591E+000  0.12892841E+001
 -0.51979086E-001  0.47364711E-002  0.44191601E+000  0.12892850E+001
 -0.51979149E-001  0.47364714E-002  0.44191614E+000  0.12892859E+001
 -0.51979210E-001  0.47364720E-002  0.44191627E+000  0.12892868E+001
 -0.51979269E-001  0.47364727E-002  0.44191641E+000  0.12892878E+001
 -0.51979326E-001  0.47364735E-002  0.44191656E+000  0.12892888E+001
 -0.51979383E-001  0.47364742E-002  0.44191671E+000  0.12892898E+001
 -0.51979440E-001  0.47364749E-002  0.44191687E+000  0.12892907E+001
 -0.51979496E-001  0.47364755E-002  0.44191703E+000  0.12892917E+001
 -0.51979552E-001  0.47364759E-002  0.44191718E+000  0.12892927E+001
 -0.51979609E-001  0.47364763E-002  0.44191734E+000  0.12892936E+001
 -0.51979666E-001  0.47364765E-002  0.44191749E+000  0.12892946E+001
 -0.51979724E-001  0.47364765E-002  0.44191764E+000  0.12892955E+001
 -0.51979783E-001  0.47364765E-002  0.44191779E+000  0.12892964E+001
 -0.51979842E-001  0.47364762E-002  0.44191794E+000  0.12892972E+001
 -0.51979903E-001  0.47364759E-002  0.44191808E+000  0.12892981E+001
 -0.51979964E-001  0.47364754E-002  0.44191823E+000  0.12892989E+001
 -0.51980026E-001  0.47364749E-002  0.44191837E+000  0.12892997E+001
 -0.51980088E-001  0.47364742E-002  0.44191850E+000  0.12893004E+001
 -0.51980151E-001  0.47364735E-002  0.44191864E+000  0.12893012E+001
 -0.51980215E-001  0.47364727E-002  0.44191877E+000  0.12893019E+001
 -0.51980279E-001  0.47364719E-002  0.44191890E+000  0.12893026E+001
 -0.51980344E-001  0.47364711E-002  0.44191903E+000  0.12893032E+001
 -0.51980409E-001  0.47364702E-002  0.44191916E+000  0.12893038E+001
 -0.51980473E-001  0.47364694E-002  0.44191928E+000  0.12893044E+001
 -0.51980538E-001  0.47364686E-002  0.44191941E+000  0.12893049E+001
 -0.51980603E-001  0.47364678E-002  0.44191953E+000  0.12893055E+001
 -0.51980667E-001  0.47364671E-002  0.44191966E+000  0.12893060E+001
 -0.51980731E-001  0.47364664E-002  0.44191978E+000  0.12893064E+001
 -0.51980794E-001  0.47364658E-002  0.44191990E+000  0.12893069E+001
 -0.51980857E-001  0.47364654E-002  0.44192003E+000  0.12893073E+001
 -0.51980918E-001  0.47364650E-002  0.44192015E+000  0.12893076E+001
 -0.51980979E-001  0.47364647E-002  0.44192027E+000  0.12893080E+001
 -0.51981038E-001  0.47364646E-002  0.44192040E+000  0.12893083E+001
 -0.51981097E-001  0.47364646E-002  0.44192052E+000  0.12893086E+001
 -0.51981153E-001  0.47364647E-002  0.44192065E+000  0.12893089E+001
 -0.51981209E-001  0.47364650E-002  0.44192078E+000  0.12893092E+001
 -0.51981263E-001  0.47364654E-002  0.44192090E+000  0.12893094E+001
 -0.51981315E-001  0.47364659E-002  0.44192103E+000  0.12893096E+001
 -0.51981366E-001  0.47364666E-002  0.44192116E+000  0.12893098E+001
 -0.51981415E-001  0.47364675E-002  0.44192129E+000  0.12893100E+001
 -0.51981463E-001  0.47364684E-002  0.44192142E+000  0.12893102E+001
 -0.51981508E-001  0.47364695E-002  0.44192156E+000  0.12893104E+001
 -0.51981552E-001  0.47364707E-002  0.44192169E+000  0.12893105E+001
 -0.51981594E-001  0.47364720E-002  0.44192182E+000  0.12893107E+001
 -0.51981635E-001  0.47364734E-002  0.44192196E+000  0.12893108E+001
 -0.51981674E-001  0.47364749E-002  0.44192209E+000  0.12893109E+001
 -0.51981711E-001  0.47364765E-002  0.44192223E+000  0.12893110E+001
 -0.51981746E-001  0.47364781E-002  0.44192236E+000  0.12893112E+001
 -0.51981780E-001  0.47364799E-002  0.44192250E+000  0.12893113E+001
 -0.51981812E-001  0.47364816E-002  0.44192263E+000  0.12893114E+001
 -0.51981843E-001  0.47364834E-002  0.44192277E+000  0.12893114E+001
 -0.51981872E-001  0.47364853E-002  0.44192290E+000  0.12893115E+001
 -0.51981900E-001  0.47364871E-002  0.44192303E+000  0.12893116E+001
 -0.51981926E-001  0.47364890E-002  0.44192316E+000  0.12893117E+001
 -0.51981951E-001  0.47364909E-002  0.44192329E+000  0.12893118E+001
 -0.51981975E-001  0.47364927E-002  0.44192342E+000  0.12893119E+001
 -0.51981997E-001  0.47364946E-002  0.44192355E+000  0.12893119E+001
 -0.51982019E-001  0.47364964E-002  0.44192367E+000  0.12893120E+001
 -0.51982039E-001  0.47364982E-002  0.44192380E+000  0.12893121E+001
 -0.51982058E-001  0.47364999E-002  0.44192392E+000  0.12893122E+001
 -0.51982077E-001  0.47365016E-002  0.44192404E+000  0.12893123E+001
 -0.51982094E-001  0.47365032E-002  0.44192415E+000  0.12893123E+001
 -0.51982111E-001  0.47365048E-002  0.44192426E+000  0.12893124E+001
 -0.51982126E-001  0.47365063E-002  0.44192437E+000  0.12893125E+001
 -0.51982141E-001  0.47365078E-002  0.44192448E+000  0.12893125E+001
 -0.51982155E-001  0.47365092E-002  0.44192458E+000  0.12893126E+001
 -0.51982169E-001  0.47365105E-002  0.44192468E+000  0.12893127E+001
 -0.51982182E-001  0.47365118E-002  0.44192478E+000  0.12893128E+001
 -0.51982194E-001  0.47365129E-002  0.44192488E+000  0.12893128E+001
 -0.51982205E-001  0.47365141E-002  0.44192497E+000  0.12893129E+001
 -0.51982216E-001  0.47365151E-002  0.44192506E+000  0.12893130E+001
 -0.51982227E-001  0.47365161E-002  0.44192514E+000  0.12893130E+001
 -0.51982237E-001  0.47365171E-002  0.44192522E+000  0.12893131E+001
 -0.51982246E-001  0.47365180E-002  0.44192530E+000  0.12893132E+001
 -0.51982255E-001  0.47365188E-002  0.44192538E+000  0.12893132E+001
 -0.51982264E-001  0.47365195E-002  0.44192545E+000  0.12893133E+001
 -0.51982272E-001  0.47365202E-002  0.44192552E+000  0.12893134E+001
 -0.51982279E-001  0.47365209E-002  0.44192559E+000  0.12893134E+001
 -0.51982287E-001  0.47365215E-002  0.44192565E+000  0.12893135E+001
 -0.51982294E-001  0.47365221E-002  0.44192572E+000  0.12893135E+001
 -0.51982300E-001  0.47365226E-002  0.44192577E+000  0.12893136E+001
 -0.51982306E-001  0.47365231E-002  0.44192583E+000  0.12893137E+001
 -0.51982312E-001  0.47365235E-002  0.44192588E+000  0.12893137E+001
 -0.51982318E-001  0.47365239E-002  0.44192593E+000  0.12893138E+001
 -0.51982323E-001  0.47365243E-002  0.44192598E+000  0.12893138E+001
 -0.51982328E-001  0.47365246E-002  0.44192603E+000  0.12893139E+001
 -0.51982333E-001  0.47365249E-002  0.44192607E+000  0.12893139E+001
 -0.51982337E-001  0.47365252E-002  0.44192611E+000  0.12893140E+001
 -0.51982341E-001  0.47365254E-002  0.44192615E+000  0.12893140E+001
 -0.51982345E-001  0.47365257E-002  0.44192619E+000  0.12893141E+001
 -0.51982349E-001  0.47365259E-002  0.44192623E+000  0.12893141E+001
 -0.51982352E-001  0.47365260E-002  0.44192626E+000  0.12893142E+001
 -0.51982356E-001  0.47365262E-002  0.44192629E+000  0.12893142E+001
 -0.51982359E-001  0.47365264E-002  0.44192632E+000  0.12893143E+001
 -0.51982361E-001  0.47365265E-002  0.44192635E+000  0.12893143E+001
 -0.51982364E-001  0.47365266E-002  0.44192638E+000  0.12893144E+001
 -0.51982367E-001  0.47365267E-002  0.44192640E+000  0.12893144E+001
 -0.51982369E-001  0.47365268E-002  0.44192643E+000  0.12893145E+001
 -0.51982371E-001  0.47365269E-002  0.44192645E+000  0.12893145E+001
 -0.51982373E-001  0.47365269E-002  0.44192647E+000  0.12893145E+001
 -0.51982375E-001  0.47365270E-002  0.44192649E+000  0.12893146E+001
 -0.51982377E-001  0.47365270E-002  0.44192651E+000  0.12893146E+001
 -0.51982379E-001  0.47365270E-002  0.44192653E+000  0.12893146E+001
 -0.51982381E-001  0.47365271E-002  0.44192655E+000  0.12893147E+001
 -0.51982382E-001  0.47365271E-002  0.44192656E+000  0.12893147E+001
 -0.51982383E-001  0.47365271E-002  0.44192658E+000  0.12893147E+001
 -0.51982385E-001  0.47365271E-002  0.44192659E+000  0.12893148E+001
 -0.51982386E-001  0.47365271E-002  0.44192661E+000  0.12893148E+001
 -0.51982387E-001  0.47365271E-002  0.44192662E+000  0.12893148E+001
 -0.51982388E-001  0.47365271E-002  0.44192663E+000  0.12893149E+001
 -0.51982389E-001  0.47365271E-002  0.44192664E+000  0.12893149E+001
 -0.51982390E-001  0.47365271E-002  0.44192665E+000  0.12893149E+001
 -0.51982391E-001  0.47365270E-002  0.44192666E+000  0.12893149E+001
 -0.51982392E-001  0.47365270E-002  0.44192667E+000  0.12893150E+001
 -0.51982392E-001  0.47365270E-002  0.44192668E+000  0.12893150E+001
 -0.51982393E-001  0.47365270E-002  0.44192668E+000  0.12893150E+001
 -0.51982394E-001  0.47365269E-002  0.44192669E+000  0.12893150E+001
 -0.51982394E-001  0.47365269E-002  0.44192670E+000  0.12893151E+001
 -0.51982395E-001  0.47365268E-002  0.44192671E+000  0.12893151E+001
 -0.51982395E-001  0.47365268E-002  0.44192671E+000  0.12893151E+001
 -0.51982396E-001  0.47365268E-002  0.44192672E+000  0.12893151E+001
 -0.51982396E-001  0.47365267E-002  0.44192672E+000  0.12893151E+001
 -0.51982397E-001  0.47365267E-002  0.44192673E+000  0.12893152E+001
 -0.51982397E-001  0.47365266E-002  0.44192673E+000  0.12893152E+001
 -0.51982397E-001  0.47365266E-002  0.44192674E+000  0.12893152E+001
 -0.51982398E-001  0.47365265E-002  0.44192674E+000  0.12893152E+001
 -0.51982398E-001  0.47365265E-002  0.44192674E+000  0.12893152E+001
 -0.51982398E-001  0.47365264E-002  0.44192675E+000  0.12893152E+001
 -0.51982398E-001  0.47365264E-002  0.44192675E+000  0.12893153E+001
 -0.51982399E-001  0.47365263E-002  0.44192675E+000  0.12893153E+001
 -0.51982399E-001  0.47365263E-002  0.44192675E+000  0.12893153E+001
 -0.51982399E-001  0.47365263E-002  0.44192676E+000  0.12893153E+001
 -0.51982399E-001  0.47365262E-002  0.44192676E+000  0.12893153E+001
 -0.51982399E-001  0.47365262E-002  0.44192676E+000  0.12893153E+001
 -0.51982398E-001  0.47365262E-002  0.44192677E+000  0.12893154E+001
 -0.51982398E-001  0.47365263E-002  0.44192677E+000  0.12893154E+001
 -0.51982397E-001  0.47365264E-002  0.44192677E+000  0.12893154E+001
 -0.51982396E-001  0.47365265E-002  0.44192678E+000  0.12893154E+001
 -0.51982394E-001  0.47365271E-002  0.44192679E+000  0.12893154E+001
 -0.51982392E-001  0.47365284E-002  0.44192680E+000  0.12893155E+001
