 -0.16986735E-001
 -0.16979318E-001
 -0.16973812E-001
 -0.16969921E-001
 -0.16967302E-001
 -0.16965680E-001
 -0.16964829E-001
 -0.16964566E-001
 -0.16964747E-001
 -0.16965256E-001
 -0.16966000E-001
 -0.16966908E-001
 -0.16967923E-001
 -0.16969002E-001
 -0.16970110E-001
 -0.16971222E-001
 -0.16972317E-001
 -0.16973381E-001
 -0.16974403E-001
 -0.16975378E-001
 -0.16976299E-001
 -0.16977164E-001
 -0.16977972E-001
 -0.16978723E-001
 -0.16979418E-001
 -0.16980059E-001
 -0.16980648E-001
 -0.16981186E-001
 -0.16981678E-001
 -0.16982125E-001
 -0.16982531E-001
 -0.16982898E-001
 -0.16983229E-001
 -0.16983528E-001
 -0.16983797E-001
 -0.16984038E-001
 -0.16984254E-001
 -0.16984448E-001
 -0.16984621E-001
 -0.16984775E-001
 -0.16984913E-001
 -0.16985036E-001
 -0.16985145E-001
 -0.16985242E-001
 -0.16985328E-001
 -0.16985405E-001
 -0.16985473E-001
 -0.16985534E-001
 -0.16985588E-001
 -0.16985636E-001
 -0.16985678E-001
 -0.16985716E-001
 -0.16985750E-001
 -0.16985780E-001
 -0.16985807E-001
 -0.16985831E-001
 -0.16985853E-001
 -0.16985873E-001
 -0.16985892E-001
 -0.16985909E-001
 -0.16985925E-001
 -0.16985940E-001
 -0.16985955E-001
 -0.16985969E-001
 -0.16985983E-001
 -0.16985997E-001
 -0.16986010E-001
 -0.16986024E-001
 -0.16986037E-001
 -0.16986051E-001
 -0.16986065E-001
 -0.16986079E-001
 -0.16986094E-001
 -0.16986108E-001
 -0.16986123E-001
 -0.16986138E-001
 -0.16986154E-001
 -0.16986169E-001
 -0.16986185E-001
 -0.16986201E-001
 -0.16986217E-001
 -0.16986233E-001
 -0.16986249E-001
 -0.16986266E-001
 -0.16986282E-001
 -0.16986298E-001
 -0.16986314E-001
 -0.16986330E-001
 -0.16986346E-001
 -0.16986361E-001
 -0.16986377E-001
 -0.16986392E-001
 -0.16986406E-001
 -0.16986421E-001
 -0.16986435E-001
 -0.16986448E-001
 -0.16986462E-001
 -0.16986474E-001
 -0.16986487E-001
 -0.16986498E-001
 -0.16986510E-001
 -0.16986521E-001
 -0.16986531E-001
 -0.16986541E-001
 -0.16986550E-001
 -0.16986559E-001
 -0.16986568E-001
 -0.16986576E-001
 -0.16986584E-001
 -0.16986591E-001
 -0.16986598E-001
 -0.16986605E-001
 -0.16986611E-001
 -0.16986617E-001
 -0.16986622E-001
 -0.16986627E-001
 -0.16986632E-001
 -0.16986637E-001
 -0.16986642E-001
 -0.16986646E-001
 -0.16986650E-001
 -0.16986654E-001
 -0.16986657E-001
 -0.16986661E-001
 -0.16986664E-001
 -0.16986667E-001
 -0.16986670E-001
 -0.16986673E-001
 -0.16986675E-001
 -0.16986678E-001
 -0.16986680E-001
 -0.16986683E-001
 -0.16986685E-001
 -0.16986687E-001
 -0.16986689E-001
 -0.16986691E-001
 -0.16986693E-001
 -0.16986695E-001
 -0.16986697E-001
 -0.16986699E-001
 -0.16986700E-001
 -0.16986702E-001
 -0.16986703E-001
 -0.16986705E-001
 -0.16986706E-001
 -0.16986708E-001
 -0.16986709E-001
 -0.16986710E-001
 -0.16986711E-001
 -0.16986712E-001
 -0.16986714E-001
 -0.16986715E-001
 -0.16986716E-001
 -0.16986716E-001
 -0.16986717E-001
 -0.16986718E-001
 -0.16986719E-001
 -0.16986720E-001
 -0.16986721E-001
 -0.16986721E-001
 -0.16986722E-001
 -0.16986723E-001
 -0.16986723E-001
 -0.16986724E-001
 -0.16986724E-001
 -0.16986725E-001
 -0.16986725E-001
 -0.16986726E-001
 -0.16986726E-001
 -0.16986727E-001
 -0.16986727E-001
 -0.16986728E-001
 -0.16986728E-001
 -0.16986728E-001
 -0.16986729E-001
 -0.16986729E-001
 -0.16986729E-001
 -0.16986730E-001
 -0.16986730E-001
 -0.16986730E-001
 -0.16986730E-001
 -0.16986731E-001
 -0.16986731E-001
 -0.16986731E-001
 -0.16986731E-001
 -0.16986731E-001
 -0.16986732E-001
 -0.16986732E-001
 -0.16986732E-001
 -0.16986732E-001
 -0.16986732E-001
 -0.16986732E-001
 -0.16986732E-001
 -0.16986732E-001
 -0.16986732E-001
 -0.16986732E-001
 -0.16986732E-001
 -0.16986732E-001
 -0.16986731E-001
 -0.16986730E-001
