  0.43798579E+000
  0.43801961E+000
  0.43804433E+000
  0.43806285E+000
  0.43807658E+000
  0.43808642E+000
  0.43809308E+000
  0.43809714E+000
  0.43809910E+000
  0.43809936E+000
  0.43809825E+000
  0.43809605E+000
  0.43809299E+000
  0.43808926E+000
  0.43808502E+000
  0.43808040E+000
  0.43807551E+000
  0.43807043E+000
  0.43806524E+000
  0.43806000E+000
  0.43805475E+000
  0.43804956E+000
  0.43804443E+000
  0.43803941E+000
  0.43803452E+000
  0.43802978E+000
  0.43802520E+000
  0.43802081E+000
  0.43801660E+000
  0.43801259E+000
  0.43800878E+000
  0.43800519E+000
  0.43800182E+000
  0.43799866E+000
  0.43799572E+000
  0.43799300E+000
  0.43799049E+000
  0.43798820E+000
  0.43798612E+000
  0.43798424E+000
  0.43798256E+000
  0.43798107E+000
  0.43797976E+000
  0.43797862E+000
  0.43797765E+000
  0.43797682E+000
  0.43797614E+000
  0.43797558E+000
  0.43797514E+000
  0.43797481E+000
  0.43797458E+000
  0.43797443E+000
  0.43797436E+000
  0.43797435E+000
  0.43797440E+000
  0.43797450E+000
  0.43797464E+000
  0.43797481E+000
  0.43797501E+000
  0.43797524E+000
  0.43797548E+000
  0.43797574E+000
  0.43797601E+000
  0.43797629E+000
  0.43797657E+000
  0.43797685E+000
  0.43797713E+000
  0.43797741E+000
  0.43797769E+000
  0.43797797E+000
  0.43797824E+000
  0.43797851E+000
  0.43797877E+000
  0.43797902E+000
  0.43797927E+000
  0.43797951E+000
  0.43797974E+000
  0.43797996E+000
  0.43798018E+000
  0.43798039E+000
  0.43798059E+000
  0.43798078E+000
  0.43798097E+000
  0.43798115E+000
  0.43798131E+000
  0.43798148E+000
  0.43798163E+000
  0.43798177E+000
  0.43798191E+000
  0.43798205E+000
  0.43798217E+000
  0.43798229E+000
  0.43798240E+000
  0.43798251E+000
  0.43798261E+000
  0.43798271E+000
  0.43798280E+000
  0.43798289E+000
  0.43798297E+000
  0.43798305E+000
  0.43798313E+000
  0.43798321E+000
  0.43798328E+000
  0.43798334E+000
  0.43798341E+000
  0.43798348E+000
  0.43798354E+000
  0.43798360E+000
  0.43798366E+000
  0.43798372E+000
  0.43798377E+000
  0.43798383E+000
  0.43798388E+000
  0.43798394E+000
  0.43798399E+000
  0.43798404E+000
  0.43798409E+000
  0.43798414E+000
  0.43798419E+000
  0.43798424E+000
  0.43798429E+000
  0.43798433E+000
  0.43798438E+000
  0.43798443E+000
  0.43798447E+000
  0.43798451E+000
  0.43798456E+000
  0.43798460E+000
  0.43798464E+000
  0.43798468E+000
  0.43798472E+000
  0.43798476E+000
  0.43798480E+000
  0.43798483E+000
  0.43798487E+000
  0.43798490E+000
  0.43798493E+000
  0.43798497E+000
  0.43798500E+000
  0.43798503E+000
  0.43798506E+000
  0.43798509E+000
  0.43798512E+000
  0.43798514E+000
  0.43798517E+000
  0.43798519E+000
  0.43798522E+000
  0.43798524E+000
  0.43798527E+000
  0.43798529E+000
  0.43798531E+000
  0.43798533E+000
  0.43798535E+000
  0.43798537E+000
  0.43798539E+000
  0.43798541E+000
  0.43798542E+000
  0.43798544E+000
  0.43798546E+000
  0.43798547E+000
  0.43798549E+000
  0.43798550E+000
  0.43798551E+000
  0.43798553E+000
  0.43798554E+000
  0.43798555E+000
  0.43798556E+000
  0.43798557E+000
  0.43798559E+000
  0.43798560E+000
  0.43798561E+000
  0.43798562E+000
  0.43798562E+000
  0.43798563E+000
  0.43798564E+000
  0.43798565E+000
  0.43798566E+000
  0.43798566E+000
  0.43798567E+000
  0.43798568E+000
  0.43798569E+000
  0.43798569E+000
  0.43798570E+000
  0.43798570E+000
  0.43798571E+000
  0.43798571E+000
  0.43798572E+000
  0.43798572E+000
  0.43798573E+000
  0.43798573E+000
  0.43798574E+000
  0.43798574E+000
  0.43798575E+000
  0.43798575E+000
  0.43798576E+000
  0.43798576E+000
  0.43798577E+000
  0.43798577E+000
  0.43798578E+000
  0.43798579E+000
