  0.73514724E+000
  0.73534179E+000
  0.73546098E+000
  0.73552293E+000
  0.73554588E+000
  0.73554325E+000
  0.73552452E+000
  0.73549618E+000
  0.73546266E+000
  0.73542712E+000
  0.73539138E+000
  0.73535660E+000
  0.73532344E+000
  0.73529164E+000
  0.73526155E+000
  0.73523347E+000
  0.73520750E+000
  0.73518362E+000
  0.73516171E+000
  0.73514164E+000
  0.73512327E+000
  0.73510643E+000
  0.73509099E+000
  0.73507681E+000
  0.73506376E+000
  0.73505174E+000
  0.73504065E+000
  0.73503040E+000
  0.73502092E+000
  0.73501214E+000
  0.73500400E+000
  0.73499646E+000
  0.73498946E+000
  0.73498298E+000
  0.73497696E+000
  0.73497138E+000
  0.73496622E+000
  0.73496143E+000
  0.73495701E+000
  0.73495291E+000
  0.73494912E+000
  0.73494562E+000
  0.73494238E+000
  0.73493938E+000
  0.73493661E+000
  0.73493404E+000
  0.73493166E+000
  0.73492944E+000
  0.73492737E+000
  0.73492544E+000
  0.73492363E+000
  0.73492193E+000
  0.73492033E+000
  0.73491881E+000
  0.73491736E+000
  0.73491597E+000
  0.73491464E+000
  0.73491335E+000
  0.73491210E+000
  0.73491089E+000
  0.73490970E+000
  0.73490854E+000
  0.73490740E+000
  0.73490627E+000
  0.73490515E+000
  0.73490405E+000
  0.73490296E+000
  0.73490187E+000
  0.73490080E+000
  0.73489973E+000
  0.73489867E+000
  0.73489762E+000
  0.73489657E+000
  0.73489554E+000
  0.73489452E+000
  0.73489351E+000
  0.73489251E+000
  0.73489153E+000
  0.73489056E+000
  0.73488961E+000
  0.73488868E+000
  0.73488777E+000
  0.73488688E+000
  0.73488602E+000
  0.73488518E+000
  0.73488436E+000
  0.73488358E+000
  0.73488282E+000
  0.73488208E+000
  0.73488138E+000
  0.73488071E+000
  0.73488007E+000
  0.73487946E+000
  0.73487888E+000
  0.73487833E+000
  0.73487781E+000
  0.73487732E+000
  0.73487686E+000
  0.73487643E+000
  0.73487603E+000
  0.73487566E+000
  0.73487531E+000
  0.73487499E+000
  0.73487469E+000
  0.73487442E+000
  0.73487416E+000
  0.73487393E+000
  0.73487372E+000
  0.73487353E+000
  0.73487336E+000
  0.73487320E+000
  0.73487306E+000
  0.73487293E+000
  0.73487281E+000
  0.73487271E+000
  0.73487261E+000
  0.73487253E+000
  0.73487245E+000
  0.73487239E+000
  0.73487233E+000
  0.73487228E+000
  0.73487223E+000
  0.73487219E+000
  0.73487215E+000
  0.73487212E+000
  0.73487209E+000
  0.73487206E+000
  0.73487204E+000
  0.73487202E+000
  0.73487200E+000
  0.73487199E+000
  0.73487197E+000
  0.73487196E+000
  0.73487195E+000
  0.73487194E+000
  0.73487193E+000
  0.73487192E+000
  0.73487191E+000
  0.73487191E+000
  0.73487190E+000
  0.73487190E+000
  0.73487189E+000
  0.73487189E+000
  0.73487188E+000
  0.73487188E+000
  0.73487188E+000
  0.73487188E+000
  0.73487187E+000
  0.73487187E+000
  0.73487187E+000
  0.73487187E+000
  0.73487187E+000
  0.73487187E+000
  0.73487187E+000
  0.73487187E+000
  0.73487186E+000
  0.73487186E+000
  0.73487186E+000
  0.73487186E+000
  0.73487186E+000
  0.73487186E+000
  0.73487186E+000
  0.73487186E+000
  0.73487186E+000
  0.73487186E+000
  0.73487186E+000
  0.73487186E+000
  0.73487186E+000
  0.73487186E+000
  0.73487186E+000
  0.73487186E+000
  0.73487186E+000
  0.73487186E+000
  0.73487185E+000
  0.73487185E+000
  0.73487185E+000
  0.73487185E+000
  0.73487185E+000
  0.73487185E+000
  0.73487185E+000
  0.73487185E+000
  0.73487185E+000
  0.73487184E+000
  0.73487184E+000
  0.73487184E+000
  0.73487184E+000
  0.73487184E+000
  0.73487184E+000
  0.73487184E+000
  0.73487184E+000
  0.73487183E+000
  0.73487183E+000
  0.73487183E+000
  0.73487183E+000
  0.73487183E+000
  0.73487183E+000
  0.73487183E+000
  0.73487183E+000
  0.73487184E+000
  0.73487188E+000
