  0.30461659E+001
  0.30351393E+001
  0.30348500E+001
  0.30360739E+001
  0.30373295E+001
  0.30384526E+001
  0.30394270E+001
  0.30402643E+001
  0.30409819E+001
  0.30415967E+001
  0.30421235E+001
  0.30425750E+001
  0.30429623E+001
  0.30432931E+001
  0.30435767E+001
  0.30438203E+001
  0.30440301E+001
  0.30442109E+001
  0.30443669E+001
  0.30445017E+001
  0.30446182E+001
  0.30447191E+001
  0.30448065E+001
  0.30448822E+001
  0.30449479E+001
  0.30450050E+001
  0.30450545E+001
  0.30450974E+001
  0.30451346E+001
  0.30451669E+001
  0.30451948E+001
  0.30452189E+001
  0.30452396E+001
  0.30452574E+001
  0.30452726E+001
  0.30452855E+001
  0.30452964E+001
  0.30453054E+001
  0.30453129E+001
  0.30453189E+001
  0.30453237E+001
  0.30453273E+001
  0.30453300E+001
  0.30453318E+001
  0.30453327E+001
  0.30453330E+001
  0.30453327E+001
  0.30453318E+001
  0.30453304E+001
  0.30453286E+001
  0.30453264E+001
  0.30453239E+001
  0.30453212E+001
  0.30453183E+001
  0.30453153E+001
  0.30453121E+001
  0.30453089E+001
  0.30453057E+001
  0.30453025E+001
  0.30452993E+001
  0.30452963E+001
  0.30452933E+001
  0.30452904E+001
  0.30452877E+001
  0.30452851E+001
  0.30452828E+001
  0.30452806E+001
  0.30452786E+001
  0.30452768E+001
  0.30452752E+001
  0.30452739E+001
  0.30452728E+001
  0.30452719E+001
  0.30452712E+001
  0.30452708E+001
  0.30452706E+001
  0.30452706E+001
  0.30452709E+001
  0.30452713E+001
  0.30452720E+001
  0.30452728E+001
  0.30452739E+001
  0.30452751E+001
  0.30452765E+001
  0.30452780E+001
  0.30452797E+001
  0.30452815E+001
  0.30452834E+001
  0.30452855E+001
  0.30452876E+001
  0.30452898E+001
  0.30452920E+001
  0.30452943E+001
  0.30452966E+001
  0.30452990E+001
  0.30453014E+001
  0.30453037E+001
  0.30453061E+001
  0.30453084E+001
  0.30453107E+001
  0.30453129E+001
  0.30453151E+001
  0.30453173E+001
  0.30453194E+001
  0.30453214E+001
  0.30453233E+001
  0.30453252E+001
  0.30453270E+001
  0.30453288E+001
  0.30453304E+001
  0.30453320E+001
  0.30453335E+001
  0.30453350E+001
  0.30453363E+001
  0.30453376E+001
  0.30453389E+001
  0.30453400E+001
  0.30453411E+001
  0.30453422E+001
  0.30453432E+001
  0.30453441E+001
  0.30453450E+001
  0.30453458E+001
  0.30453466E+001
  0.30453474E+001
  0.30453481E+001
  0.30453487E+001
  0.30453494E+001
  0.30453500E+001
  0.30453505E+001
  0.30453511E+001
  0.30453516E+001
  0.30453520E+001
  0.30453525E+001
  0.30453529E+001
  0.30453533E+001
  0.30453537E+001
  0.30453540E+001
  0.30453543E+001
  0.30453546E+001
  0.30453549E+001
  0.30453552E+001
  0.30453554E+001
  0.30453557E+001
  0.30453559E+001
  0.30453561E+001
  0.30453562E+001
  0.30453564E+001
  0.30453565E+001
  0.30453566E+001
  0.30453567E+001
  0.30453568E+001
  0.30453569E+001
  0.30453570E+001
  0.30453570E+001
  0.30453571E+001
  0.30453571E+001
  0.30453571E+001
  0.30453571E+001
  0.30453571E+001
  0.30453571E+001
  0.30453571E+001
  0.30453570E+001
  0.30453570E+001
  0.30453569E+001
  0.30453569E+001
  0.30453568E+001
  0.30453567E+001
  0.30453566E+001
  0.30453565E+001
  0.30453564E+001
  0.30453563E+001
  0.30453562E+001
  0.30453561E+001
  0.30453560E+001
  0.30453558E+001
  0.30453557E+001
  0.30453556E+001
  0.30453554E+001
  0.30453553E+001
  0.30453551E+001
  0.30453550E+001
  0.30453548E+001
  0.30453547E+001
  0.30453545E+001
  0.30453544E+001
  0.30453542E+001
  0.30453541E+001
  0.30453539E+001
  0.30453537E+001
  0.30453536E+001
  0.30453534E+001
  0.30453532E+001
  0.30453530E+001
  0.30453528E+001
  0.30453526E+001
  0.30453523E+001
  0.30453520E+001
  0.30453514E+001
  0.30453501E+001
