  0.69528994E+000  0.89280748E+000  0.10023460E+001  0.25802521E+001
  0.69527078E+000  0.89275773E+000  0.10023341E+001  0.25802441E+001
  0.69524336E+000  0.89270743E+000  0.10022974E+001  0.25802206E+001
  0.69521659E+000  0.89266388E+000  0.10022533E+001  0.25802059E+001
  0.69519206E+000  0.89262673E+000  0.10022222E+001  0.25801854E+001
  0.69517068E+000  0.89259441E+000  0.10021954E+001  0.25801674E+001
  0.69515119E+000  0.89256721E+000  0.10021722E+001  0.25801518E+001
  0.69513385E+000  0.89254395E+000  0.10021522E+001  0.25801382E+001
  0.69511843E+000  0.89252405E+000  0.10021350E+001  0.25801264E+001
  0.69510470E+000  0.89250702E+000  0.10021201E+001  0.25801162E+001
  0.69509245E+000  0.89249245E+000  0.10021072E+001  0.25801073E+001
  0.69508151E+000  0.89247995E+000  0.10020960E+001  0.25800995E+001
  0.69507171E+000  0.89246923E+000  0.10020863E+001  0.25800928E+001
  0.69506291E+000  0.89246003E+000  0.10020780E+001  0.25800869E+001
  0.69505500E+000  0.89245213E+000  0.10020707E+001  0.25800817E+001
  0.69504785E+000  0.89244534E+000  0.10020643E+001  0.25800772E+001
  0.69504138E+000  0.89243951E+000  0.10020588E+001  0.25800732E+001
  0.69503551E+000  0.89243448E+000  0.10020540E+001  0.25800698E+001
  0.69503017E+000  0.89243015E+000  0.10020498E+001  0.25800667E+001
  0.69502530E+000  0.89242641E+000  0.10020462E+001  0.25800640E+001
  0.69502083E+000  0.89242319E+000  0.10020430E+001  0.25800616E+001
  0.69501674E+000  0.89242041E+000  0.10020402E+001  0.25800595E+001
  0.69501298E+000  0.89241800E+000  0.10020378E+001  0.25800576E+001
  0.69500951E+000  0.89241591E+000  0.10020357E+001  0.25800559E+001
  0.69500630E+000  0.89241410E+000  0.10020338E+001  0.25800544E+001
  0.69500334E+000  0.89241252E+000  0.10020321E+001  0.25800531E+001
  0.69500059E+000  0.89241114E+000  0.10020307E+001  0.25800519E+001
  0.69499803E+000  0.89240993E+000  0.10020294E+001  0.25800508E+001
  0.69499566E+000  0.89240886E+000  0.10020283E+001  0.25800497E+001
  0.69499344E+000  0.89240792E+000  0.10020273E+001  0.25800488E+001
  0.69499138E+000  0.89240708E+000  0.10020264E+001  0.25800480E+001
  0.69498945E+000  0.89240632E+000  0.10020255E+001  0.25800472E+001
  0.69498765E+000  0.89240562E+000  0.10020248E+001  0.25800464E+001
  0.69498597E+000  0.89240499E+000  0.10020241E+001  0.25800457E+001
  0.69498439E+000  0.89240440E+000  0.10020235E+001  0.25800451E+001
  0.69498292E+000  0.89240397E+000  0.10020227E+001  0.25800445E+001
  0.69498153E+000  0.89240345E+000  0.10020222E+001  0.25800439E+001
  0.69498024E+000  0.89240294E+000  0.10020216E+001  0.25800433E+001
  0.69497902E+000  0.89240245E+000  0.10020211E+001  0.25800427E+001
  0.69497787E+000  0.89240197E+000  0.10020206E+001  0.25800422E+001
  0.69497679E+000  0.89240149E+000  0.10020201E+001  0.25800417E+001
  0.69497577E+000  0.89240102E+000  0.10020196E+001  0.25800411E+001
  0.69497481E+000  0.89240054E+000  0.10020192E+001  0.25800406E+001
  0.69497390E+000  0.89240007E+000  0.10020187E+001  0.25800401E+001
  0.69497303E+000  0.89239958E+000  0.10020182E+001  0.25800396E+001
  0.69497221E+000  0.89239909E+000  0.10020177E+001  0.25800391E+001
  0.69497142E+000  0.89239860E+000  0.10020172E+001  0.25800386E+001
  0.69497066E+000  0.89239809E+000  0.10020167E+001  0.25800381E+001
  0.69496992E+000  0.89239758E+000  0.10020162E+001  0.25800376E+001
  0.69496921E+000  0.89239705E+000  0.10020156E+001  0.25800371E+001
  0.69496852E+000  0.89239652E+000  0.10020151E+001  0.25800365E+001
  0.69496784E+000  0.89239597E+000  0.10020146E+001  0.25800360E+001
  0.69496718E+000  0.89239542E+000  0.10020140E+001  0.25800355E+001
  0.69496652E+000  0.89239485E+000  0.10020135E+001  0.25800350E+001
  0.69496587E+000  0.89239428E+000  0.10020129E+001  0.25800345E+001
  0.69496522E+000  0.89239369E+000  0.10020123E+001  0.25800339E+001
  0.69496458E+000  0.89239310E+000  0.10020117E+001  0.25800334E+001
  0.69496393E+000  0.89239249E+000  0.10020111E+001  0.25800329E+001
  0.69496328E+000  0.89239188E+000  0.10020105E+001  0.25800323E+001
  0.69496264E+000  0.89239126E+000  0.10020099E+001  0.25800318E+001
  0.69496199E+000  0.89239064E+000  0.10020093E+001  0.25800313E+001
  0.69496134E+000  0.89239000E+000  0.10020086E+001  0.25800307E+001
  0.69496068E+000  0.89238937E+000  0.10020080E+001  0.25800302E+001
  0.69496003E+000  0.89238873E+000  0.10020073E+001  0.25800296E+001
  0.69495938E+000  0.89238808E+000  0.10020067E+001  0.25800291E+001
  0.69495872E+000  0.89238744E+000  0.10020060E+001  0.25800286E+001
  0.69495806E+000  0.89238679E+000  0.10020054E+001  0.25800280E+001
  0.69495741E+000  0.89238615E+000  0.10020047E+001  0.25800275E+001
  0.69495676E+000  0.89238551E+000  0.10020041E+001  0.25800270E+001
  0.69495611E+000  0.89238487E+000  0.10020034E+001  0.25800264E+001
  0.69495547E+000  0.89238423E+000  0.10020028E+001  0.25800259E+001
  0.69495483E+000  0.89238361E+000  0.10020021E+001  0.25800254E+001
  0.69495420E+000  0.89238299E+000  0.10020015E+001  0.25800249E+001
  0.69495358E+000  0.89238237E+000  0.10020009E+001  0.25800244E+001
  0.69495297E+000  0.89238177E+000  0.10020002E+001  0.25800240E+001
  0.69495237E+000  0.89238118E+000  0.10019996E+001  0.25800235E+001
  0.69495178E+000  0.89238060E+000  0.10019990E+001  0.25800230E+001
  0.69495120E+000  0.89238003E+000  0.10019984E+001  0.25800226E+001
  0.69495064E+000  0.89237948E+000  0.10019978E+001  0.25800222E+001
  0.69495009E+000  0.89237894E+000  0.10019972E+001  0.25800218E+001
  0.69494956E+000  0.89237842E+000  0.10019966E+001  0.25800214E+001
  0.69494904E+000  0.89237792E+000  0.10019961E+001  0.25800210E+001
  0.69494855E+000  0.89237743E+000  0.10019956E+001  0.25800206E+001
  0.69494807E+000  0.89237696E+000  0.10019950E+001  0.25800203E+001
  0.69494760E+000  0.89237651E+000  0.10019945E+001  0.25800199E+001
  0.69494716E+000  0.89237607E+000  0.10019940E+001  0.25800196E+001
  0.69494674E+000  0.89237566E+000  0.10019140E+001  0.25800988E+001
  0.69494633E+000  0.89237526E+000  0.10019136E+001  0.25800985E+001
  0.69494595E+000  0.89237489E+000  0.10019131E+001  0.25800983E+001
  0.69494559E+000  0.89237453E+000  0.10019127E+001  0.25800980E+001
  0.69494524E+000  0.89237419E+000  0.10019123E+001  0.25800978E+001
  0.69494491E+000  0.89237387E+000  0.10019119E+001  0.25800975E+001
  0.69494461E+000  0.89237357E+000  0.10019115E+001  0.25800973E+001
  0.69494432E+000  0.89237329E+000  0.10019111E+001  0.25800971E+001
  0.69494405E+000  0.89237303E+000  0.10019108E+001  0.25800970E+001
  0.69494380E+000  0.89237278E+000  0.10019104E+001  0.25800968E+001
  0.69494357E+000  0.89237255E+000  0.10019101E+001  0.25800966E+001
  0.69494335E+000  0.89237234E+000  0.10019098E+001  0.25800965E+001
  0.69494315E+000  0.89237214E+000  0.10019095E+001  0.25800964E+001
  0.69494296E+000  0.89237196E+000  0.10019092E+001  0.25800962E+001
  0.69494279E+000  0.89237179E+000  0.10019089E+001  0.25800961E+001
  0.69494264E+000  0.89237164E+000  0.10019087E+001  0.25800960E+001
  0.69494250E+000  0.89237150E+000  0.10019084E+001  0.25800960E+001
  0.69494237E+000  0.89237137E+000  0.10019082E+001  0.25800959E+001
  0.69494225E+000  0.89237125E+000  0.10019080E+001  0.25800958E+001
  0.69494214E+000  0.89237114E+000  0.10019078E+001  0.25800957E+001
  0.69494205E+000  0.89237104E+000  0.10019076E+001  0.25800957E+001
  0.69494196E+000  0.89237096E+000  0.10019074E+001  0.25800956E+001
  0.69494189E+000  0.89237088E+000  0.10019072E+001  0.25800956E+001
  0.69494182E+000  0.89237080E+000  0.10019070E+001  0.25800955E+001
  0.69494176E+000  0.89237074E+000  0.10019068E+001  0.25800955E+001
  0.69494170E+000  0.89237068E+000  0.10019067E+001  0.25800954E+001
  0.69494165E+000  0.89237063E+000  0.10019065E+001  0.25800954E+001
  0.69494161E+000  0.89237058E+000  0.10019064E+001  0.25800954E+001
  0.69494157E+000  0.89237054E+000  0.10019062E+001  0.25800953E+001
  0.69494154E+000  0.89237050E+000  0.10019061E+001  0.25800953E+001
  0.69494151E+000  0.89237047E+000  0.10019059E+001  0.25800953E+001
  0.69494149E+000  0.89237044E+000  0.10019058E+001  0.25800952E+001
  0.69494147E+000  0.89237041E+000  0.10019057E+001  0.25800952E+001
  0.69494145E+000  0.89237038E+000  0.10019056E+001  0.25800952E+001
  0.69494143E+000  0.89237036E+000  0.10019054E+001  0.25800951E+001
  0.69494142E+000  0.89237034E+000  0.10019053E+001  0.25800951E+001
  0.69494141E+000  0.89237032E+000  0.10019052E+001  0.25800951E+001
  0.69494140E+000  0.89237031E+000  0.10019051E+001  0.25800950E+001
  0.69494139E+000  0.89237029E+000  0.10019050E+001  0.25800950E+001
  0.69494138E+000  0.89237028E+000  0.10019049E+001  0.25800949E+001
  0.69494137E+000  0.89237027E+000  0.10019048E+001  0.25800949E+001
  0.69494137E+000  0.89237025E+000  0.10019047E+001  0.25800948E+001
  0.69494136E+000  0.89237024E+000  0.10019046E+001  0.25800948E+001
  0.69494136E+000  0.89237023E+000  0.10019045E+001  0.25800947E+001
  0.69494135E+000  0.89237022E+000  0.10019044E+001  0.25800947E+001
  0.69494135E+000  0.89237022E+000  0.10019044E+001  0.25800946E+001
  0.69494135E+000  0.89237021E+000  0.10019043E+001  0.25800945E+001
  0.69494134E+000  0.89237020E+000  0.10019042E+001  0.25800944E+001
  0.69494134E+000  0.89237019E+000  0.10019041E+001  0.25800944E+001
  0.69494134E+000  0.89237019E+000  0.10019040E+001  0.25800943E+001
  0.69494134E+000  0.89237018E+000  0.10019040E+001  0.25800942E+001
  0.69494133E+000  0.89237018E+000  0.10019039E+001  0.25800941E+001
  0.69494133E+000  0.89237017E+000  0.10019038E+001  0.25800940E+001
  0.69494133E+000  0.89237016E+000  0.10019038E+001  0.25800939E+001
  0.69494133E+000  0.89237016E+000  0.10019037E+001  0.25800938E+001
  0.69494133E+000  0.89237016E+000  0.10019036E+001  0.25800937E+001
  0.69494133E+000  0.89237015E+000  0.10019036E+001  0.25800935E+001
  0.69494132E+000  0.89237015E+000  0.10019035E+001  0.25800934E+001
  0.69494132E+000  0.89237014E+000  0.10019035E+001  0.25800933E+001
  0.69494132E+000  0.89237014E+000  0.10019034E+001  0.25800931E+001
  0.69494132E+000  0.89237013E+000  0.10019034E+001  0.25800930E+001
  0.69494132E+000  0.89237013E+000  0.10019033E+001  0.25800928E+001
  0.69494132E+000  0.89237013E+000  0.10019033E+001  0.25800927E+001
  0.69494131E+000  0.89237012E+000  0.10019032E+001  0.25800925E+001
  0.69494131E+000  0.89237012E+000  0.10019032E+001  0.25800924E+001
  0.69494131E+000  0.89237012E+000  0.10019031E+001  0.25800922E+001
  0.69494131E+000  0.89237011E+000  0.10019031E+001  0.25800920E+001
  0.69494131E+000  0.89237011E+000  0.10019031E+001  0.25800918E+001
  0.69494130E+000  0.89237011E+000  0.10019030E+001  0.25800916E+001
  0.69494130E+000  0.89237010E+000  0.10019030E+001  0.25800914E+001
  0.69494130E+000  0.89237010E+000  0.10019029E+001  0.25800912E+001
  0.69494130E+000  0.89237010E+000  0.10019029E+001  0.25800910E+001
  0.69494129E+000  0.89237009E+000  0.10019029E+001  0.25800908E+001
  0.69494129E+000  0.89237009E+000  0.10019028E+001  0.25800906E+001
  0.69494129E+000  0.89237009E+000  0.10019028E+001  0.25800904E+001
  0.69494129E+000  0.89237008E+000  0.10019028E+001  0.25800901E+001
  0.69494128E+000  0.89237008E+000  0.10019028E+001  0.25800899E+001
  0.69494128E+000  0.89237008E+000  0.10019027E+001  0.25800896E+001
  0.69494128E+000  0.89237008E+000  0.10019027E+001  0.25800894E+001
  0.69494128E+000  0.89237007E+000  0.10019027E+001  0.25800892E+001
  0.69494127E+000  0.89237007E+000  0.10019027E+001  0.25800889E+001
  0.69494127E+000  0.89237007E+000  0.10019026E+001  0.25800886E+001
  0.69494127E+000  0.89237006E+000  0.10019026E+001  0.25800884E+001
  0.69494127E+000  0.89237006E+000  0.10019026E+001  0.25800881E+001
  0.69494126E+000  0.89237006E+000  0.10019026E+001  0.25800879E+001
  0.69494126E+000  0.89237006E+000  0.10019025E+001  0.25800876E+001
  0.69494126E+000  0.89237005E+000  0.10019025E+001  0.25800873E+001
  0.69494125E+000  0.89237005E+000  0.10019025E+001  0.25800870E+001
  0.69494125E+000  0.89237005E+000  0.10019025E+001  0.25800867E+001
  0.69494125E+000  0.89237005E+000  0.10019025E+001  0.25800865E+001
  0.69494125E+000  0.89237004E+000  0.10019025E+001  0.25800862E+001
  0.69494124E+000  0.89237004E+000  0.10019024E+001  0.25800859E+001
  0.69494124E+000  0.89237004E+000  0.10019024E+001  0.25800856E+001
  0.69494124E+000  0.89237003E+000  0.10019024E+001  0.25800853E+001
  0.69494124E+000  0.89237003E+000  0.10019024E+001  0.25800850E+001
  0.69494123E+000  0.89237003E+000  0.10019024E+001  0.25800847E+001
  0.69494123E+000  0.89237003E+000  0.10019024E+001  0.25800844E+001
  0.69494123E+000  0.89237002E+000  0.10019024E+001  0.25800842E+001
  0.69494122E+000  0.89237002E+000  0.10019023E+001  0.25800839E+001
  0.69494122E+000  0.89237002E+000  0.10019023E+001  0.25800836E+001
  0.69494122E+000  0.89237002E+000  0.10019023E+001  0.25800833E+001
  0.69494122E+000  0.89237001E+000  0.10019023E+001  0.25800830E+001
  0.69494121E+000  0.89237001E+000  0.10019023E+001  0.25800827E+001
  0.69494121E+000  0.89237001E+000  0.10019023E+001  0.25800824E+001
  0.69494121E+000  0.89237001E+000  0.10019023E+001  0.25800821E+001
  0.69494121E+000  0.89237000E+000  0.10019023E+001  0.25800818E+001
  0.69494120E+000  0.89237000E+000  0.10019023E+001  0.25800815E+001
  0.69494120E+000  0.89237000E+000  0.10019023E+001  0.25800813E+001
  0.69494120E+000  0.89237000E+000  0.10019023E+001  0.25800810E+001
  0.69494119E+000  0.89236999E+000  0.10019022E+001  0.25800807E+001
  0.69494119E+000  0.89236999E+000  0.10019022E+001  0.25800804E+001
  0.69494118E+000  0.89236998E+000  0.10019022E+001  0.25800801E+001
  0.69494117E+000  0.89236997E+000  0.10019022E+001  0.25800799E+001
  0.69494118E+000  0.89236996E+000  0.10019022E+001  0.25800796E+001
