  0.77840615E+000  0.89370562E+000  0.10980787E+001  0.24005050E+001
  0.77835268E+000  0.89363811E+000  0.10980991E+001  0.24005169E+001
  0.77830982E+000  0.89358431E+000  0.10980680E+001  0.24005066E+001
  0.77827326E+000  0.89353728E+000  0.10980353E+001  0.24004939E+001
  0.77824115E+000  0.89349675E+000  0.10980066E+001  0.24004819E+001
  0.77821292E+000  0.89346231E+000  0.10979817E+001  0.24004708E+001
  0.77818813E+000  0.89343325E+000  0.10979601E+001  0.24004608E+001
  0.77816636E+000  0.89340879E+000  0.10979413E+001  0.24004517E+001
  0.77814724E+000  0.89338825E+000  0.10979249E+001  0.24004434E+001
  0.77813045E+000  0.89337102E+000  0.10979105E+001  0.24004360E+001
  0.77811569E+000  0.89335658E+000  0.10978979E+001  0.24004291E+001
  0.77810271E+000  0.89334449E+000  0.10978868E+001  0.24004229E+001
  0.77809126E+000  0.89333436E+000  0.10978771E+001  0.24004173E+001
  0.77808116E+000  0.89332589E+000  0.10978686E+001  0.24004121E+001
  0.77807223E+000  0.89331881E+000  0.10978611E+001  0.24004073E+001
  0.77806432E+000  0.89331289E+000  0.10978546E+001  0.24004029E+001
  0.77805729E+000  0.89330794E+000  0.10978488E+001  0.24003989E+001
  0.77805104E+000  0.89330380E+000  0.10978438E+001  0.24003951E+001
  0.77804546E+000  0.89330035E+000  0.10978394E+001  0.24003916E+001
  0.77804047E+000  0.89329747E+000  0.10978355E+001  0.24003884E+001
  0.77803599E+000  0.89329507E+000  0.10978322E+001  0.24003854E+001
  0.77803197E+000  0.89329308E+000  0.10978292E+001  0.24003826E+001
  0.77802835E+000  0.89329143E+000  0.10978267E+001  0.24003799E+001
  0.77802508E+000  0.89329006E+000  0.10978244E+001  0.24003774E+001
  0.77802211E+000  0.89328893E+000  0.10978224E+001  0.24003751E+001
  0.77801942E+000  0.89328800E+000  0.10978207E+001  0.24003729E+001
  0.77801697E+000  0.89328724E+000  0.10978192E+001  0.24003709E+001
  0.77801473E+000  0.89328661E+000  0.10978178E+001  0.24003690E+001
  0.77801268E+000  0.89328610E+000  0.10978166E+001  0.24003671E+001
  0.77801080E+000  0.89328567E+000  0.10978155E+001  0.24003654E+001
  0.77800907E+000  0.89328532E+000  0.10978146E+001  0.24003638E+001
  0.77800747E+000  0.89328502E+000  0.10978137E+001  0.24003623E+001
  0.77800598E+000  0.89328476E+000  0.10978129E+001  0.24003609E+001
  0.77800461E+000  0.89328454E+000  0.10978121E+001  0.24003595E+001
  0.77800332E+000  0.89328433E+000  0.10978114E+001  0.24003583E+001
  0.77800212E+000  0.89328413E+000  0.10978108E+001  0.24003571E+001
  0.77800099E+000  0.89328394E+000  0.10978101E+001  0.24003559E+001
  0.77799993E+000  0.89328374E+000  0.10978095E+001  0.24003549E+001
  0.77799893E+000  0.89328354E+000  0.10978090E+001  0.24003539E+001
  0.77799798E+000  0.89328332E+000  0.10978084E+001  0.24003530E+001
  0.77799707E+000  0.89328309E+000  0.10978078E+001  0.24003521E+001
  0.77799621E+000  0.89328284E+000  0.10978073E+001  0.24003512E+001
  0.77799538E+000  0.89328257E+000  0.10978067E+001  0.24003505E+001
  0.77799458E+000  0.89328227E+000  0.10978062E+001  0.24003497E+001
  0.77799381E+000  0.89328195E+000  0.10978056E+001  0.24003490E+001
  0.77799306E+000  0.89328161E+000  0.10978050E+001  0.24003483E+001
  0.77799234E+000  0.89328124E+000  0.10978045E+001  0.24003477E+001
  0.77799162E+000  0.89328085E+000  0.10978039E+001  0.24003471E+001
  0.77799092E+000  0.89328043E+000  0.10978034E+001  0.24003465E+001
  0.77799023E+000  0.89327999E+000  0.10978028E+001  0.24003459E+001
  0.77798955E+000  0.89327952E+000  0.10978022E+001  0.24003454E+001
  0.77798888E+000  0.89327902E+000  0.10978017E+001  0.24003448E+001
  0.77798821E+000  0.89327850E+000  0.10978011E+001  0.24003443E+001
  0.77798754E+000  0.89327796E+000  0.10978005E+001  0.24003438E+001
  0.77798687E+000  0.89327740E+000  0.10977999E+001  0.24003433E+001
  0.77798620E+000  0.89327681E+000  0.10977993E+001  0.24003428E+001
  0.77798553E+000  0.89327621E+000  0.10977987E+001  0.24003423E+001
  0.77798486E+000  0.89327559E+000  0.10977981E+001  0.24003418E+001
  0.77798418E+000  0.89327495E+000  0.10977975E+001  0.24003413E+001
  0.77798351E+000  0.89327429E+000  0.10977969E+001  0.24003408E+001
  0.77798283E+000  0.89327362E+000  0.10977963E+001  0.24003404E+001
  0.77798214E+000  0.89327294E+000  0.10977957E+001  0.24003399E+001
  0.77798146E+000  0.89327225E+000  0.10977951E+001  0.24003394E+001
  0.77798077E+000  0.89327155E+000  0.10977945E+001  0.24003389E+001
  0.77798008E+000  0.89327084E+000  0.10977938E+001  0.24003385E+001
  0.77797939E+000  0.89327013E+000  0.10977932E+001  0.24003380E+001
  0.77797870E+000  0.89326942E+000  0.10977926E+001  0.24003375E+001
  0.77797801E+000  0.89326871E+000  0.10977920E+001  0.24003371E+001
  0.77797732E+000  0.89326800E+000  0.10977914E+001  0.24003366E+001
  0.77797664E+000  0.89326729E+000  0.10977908E+001  0.24003361E+001
  0.77797596E+000  0.89326659E+000  0.10977902E+001  0.24003357E+001
  0.77797529E+000  0.89326589E+000  0.10977896E+001  0.24003352E+001
  0.77797462E+000  0.89326520E+000  0.10977890E+001  0.24003347E+001
  0.77797396E+000  0.89326452E+000  0.10977885E+001  0.24003343E+001
  0.77797331E+000  0.89326386E+000  0.10977879E+001  0.24003338E+001
  0.77797267E+000  0.89326320E+000  0.10977874E+001  0.24003334E+001
  0.77797204E+000  0.89326256E+000  0.10977869E+001  0.24003329E+001
  0.77797142E+000  0.89326193E+000  0.10977863E+001  0.24003325E+001
  0.77797082E+000  0.89326132E+000  0.10977859E+001  0.24003321E+001
  0.77797023E+000  0.89326073E+000  0.10977854E+001  0.24003317E+001
  0.77796966E+000  0.89326015E+000  0.10977849E+001  0.24003312E+001
  0.77796911E+000  0.89325959E+000  0.10977845E+001  0.24003308E+001
  0.77796857E+000  0.89325906E+000  0.10977841E+001  0.24003304E+001
  0.77796805E+000  0.89325854E+000  0.10977837E+001  0.24003300E+001
  0.77796755E+000  0.89325804E+000  0.10977833E+001  0.24003297E+001
  0.77796706E+000  0.89325756E+000  0.10977829E+001  0.24003293E+001
  0.77796660E+000  0.89325710E+000  0.10977826E+001  0.24003289E+001
  0.77796616E+000  0.89325666E+000  0.10977823E+001  0.24003286E+001
  0.77796574E+000  0.89325624E+000  0.10977820E+001  0.24003282E+001
  0.77796533E+000  0.89325584E+000  0.10977817E+001  0.24003279E+001
  0.77796495E+000  0.89325547E+000  0.10977814E+001  0.24003276E+001
  0.77796459E+000  0.89325511E+000  0.10977812E+001  0.24003273E+001
  0.77796425E+000  0.89325477E+000  0.10977810E+001  0.24003270E+001
  0.77796392E+000  0.89325445E+000  0.10977808E+001  0.24003267E+001
  0.77796362E+000  0.89325415E+000  0.10977806E+001  0.24003264E+001
  0.77796333E+000  0.89325387E+000  0.10977805E+001  0.24003261E+001
  0.77796307E+000  0.89325361E+000  0.10977803E+001  0.24003258E+001
  0.77796282E+000  0.89325336E+000  0.10977802E+001  0.24003256E+001
  0.77796259E+000  0.89325313E+000  0.10977801E+001  0.24003253E+001
  0.77796237E+000  0.89325292E+000  0.10977800E+001  0.24003251E+001
  0.77796218E+000  0.89325272E+000  0.10977799E+001  0.24003248E+001
  0.77796199E+000  0.89325253E+000  0.10977798E+001  0.24003246E+001
  0.77796182E+000  0.89325236E+000  0.10977798E+001  0.24003244E+001
  0.77796167E+000  0.89325220E+000  0.10977797E+001  0.24003242E+001
  0.77796153E+000  0.89325205E+000  0.10977797E+001  0.24003240E+001
  0.77796140E+000  0.89325192E+000  0.10977797E+001  0.24003237E+001
  0.77796128E+000  0.89325179E+000  0.10977797E+001  0.24003235E+001
  0.77796117E+000  0.89325168E+000  0.10977797E+001  0.24003233E+001
  0.77796107E+000  0.89325157E+000  0.10977797E+001  0.24003232E+001
  0.77796098E+000  0.89325147E+000  0.10977797E+001  0.24003230E+001
  0.77796090E+000  0.89325138E+000  0.10977797E+001  0.24003228E+001
  0.77796083E+000  0.89325130E+000  0.10977797E+001  0.24003226E+001
  0.77796076E+000  0.89325122E+000  0.10977798E+001  0.24003224E+001
  0.77796070E+000  0.89325115E+000  0.10977798E+001  0.24003222E+001
  0.77796065E+000  0.89325108E+000  0.10977798E+001  0.24003221E+001
  0.77796060E+000  0.89325102E+000  0.10977799E+001  0.24003219E+001
  0.77796056E+000  0.89325097E+000  0.10977799E+001  0.24003217E+001
  0.77796052E+000  0.89325091E+000  0.10977799E+001  0.24003216E+001
  0.77796049E+000  0.89325086E+000  0.10977800E+001  0.24003214E+001
  0.77796046E+000  0.89325082E+000  0.10977800E+001  0.24003212E+001
  0.77796043E+000  0.89325078E+000  0.10977801E+001  0.24003211E+001
  0.77796041E+000  0.89325074E+000  0.10977801E+001  0.24003209E+001
  0.77796038E+000  0.89325070E+000  0.10977801E+001  0.24003208E+001
  0.77796036E+000  0.89325066E+000  0.10977802E+001  0.24003206E+001
  0.77796035E+000  0.89325063E+000  0.10977802E+001  0.24003204E+001
  0.77796033E+000  0.89325060E+000  0.10977803E+001  0.24003203E+001
  0.77796032E+000  0.89325057E+000  0.10977803E+001  0.24003201E+001
  0.77796030E+000  0.89325054E+000  0.10977803E+001  0.24003200E+001
  0.77796029E+000  0.89325052E+000  0.10977804E+001  0.24003198E+001
  0.77796028E+000  0.89325049E+000  0.10977804E+001  0.24003196E+001
  0.77796027E+000  0.89325047E+000  0.10977804E+001  0.24003195E+001
  0.77796027E+000  0.89325045E+000  0.10977805E+001  0.24003193E+001
  0.77796026E+000  0.89325042E+000  0.10977805E+001  0.24003191E+001
  0.77796025E+000  0.89325040E+000  0.10977805E+001  0.24003190E+001
  0.77796025E+000  0.89325038E+000  0.10977806E+001  0.24003188E+001
  0.77796024E+000  0.89325037E+000  0.10977806E+001  0.24003186E+001
  0.77796024E+000  0.89325035E+000  0.10977806E+001  0.24003184E+001
  0.77796023E+000  0.89325033E+000  0.10977807E+001  0.24003183E+001
  0.77796023E+000  0.89325032E+000  0.10977807E+001  0.24003181E+001
  0.77796022E+000  0.89325030E+000  0.10977807E+001  0.24003179E+001
  0.77796022E+000  0.89325029E+000  0.10977807E+001  0.24003177E+001
  0.77796022E+000  0.89325027E+000  0.10977807E+001  0.24003175E+001
  0.77796022E+000  0.89325026E+000  0.10977808E+001  0.24003173E+001
  0.77796021E+000  0.89325025E+000  0.10977808E+001  0.24003171E+001
  0.77796021E+000  0.89325023E+000  0.10977808E+001  0.24003170E+001
  0.77796021E+000  0.89325022E+000  0.10977808E+001  0.24003168E+001
  0.77796021E+000  0.89325021E+000  0.10977808E+001  0.24003165E+001
  0.77796021E+000  0.89325020E+000  0.10977808E+001  0.24003163E+001
  0.77796020E+000  0.89325019E+000  0.10977808E+001  0.24003161E+001
  0.77796020E+000  0.89325018E+000  0.10977809E+001  0.24003159E+001
  0.77796020E+000  0.89325017E+000  0.10977809E+001  0.24003157E+001
  0.77796020E+000  0.89325016E+000  0.10977809E+001  0.24003155E+001
  0.77796020E+000  0.89325016E+000  0.10977809E+001  0.24003152E+001
  0.77796020E+000  0.89325015E+000  0.10977809E+001  0.24003150E+001
  0.77796019E+000  0.89325014E+000  0.10977809E+001  0.24003148E+001
  0.77796019E+000  0.89325013E+000  0.10977809E+001  0.24003145E+001
  0.77796019E+000  0.89325013E+000  0.10977809E+001  0.24003143E+001
  0.77796019E+000  0.89325012E+000  0.10977809E+001  0.24003141E+001
  0.77796019E+000  0.89325011E+000  0.10977809E+001  0.24003138E+001
  0.77796019E+000  0.89325011E+000  0.10977809E+001  0.24003135E+001
  0.77796019E+000  0.89325010E+000  0.10977809E+001  0.24003133E+001
  0.77796019E+000  0.89325009E+000  0.10977809E+001  0.24003130E+001
  0.77796018E+000  0.89325009E+000  0.10977809E+001  0.24003128E+001
  0.77796018E+000  0.89325008E+000  0.10977810E+001  0.24003125E+001
  0.77796018E+000  0.89325008E+000  0.10977810E+001  0.24003122E+001
  0.77796018E+000  0.89325007E+000  0.10977810E+001  0.24003119E+001
  0.77796018E+000  0.89325007E+000  0.10977810E+001  0.24003117E+001
  0.77796018E+000  0.89325006E+000  0.10977810E+001  0.24003114E+001
  0.77796018E+000  0.89325006E+000  0.10977810E+001  0.24003111E+001
  0.77796017E+000  0.89325005E+000  0.10977810E+001  0.24003108E+001
  0.77796017E+000  0.89325005E+000  0.10977810E+001  0.24003105E+001
  0.77796017E+000  0.89325004E+000  0.10977810E+001  0.24003102E+001
  0.77796017E+000  0.89325004E+000  0.10977810E+001  0.24003099E+001
  0.77796017E+000  0.89325004E+000  0.10977810E+001  0.24003097E+001
  0.77796017E+000  0.89325003E+000  0.10977810E+001  0.24003094E+001
  0.77796016E+000  0.89325003E+000  0.10977810E+001  0.24003091E+001
  0.77796016E+000  0.89325002E+000  0.10977810E+001  0.24003088E+001
  0.77796016E+000  0.89325002E+000  0.10977810E+001  0.24003085E+001
  0.77796016E+000  0.89325002E+000  0.10977810E+001  0.24003082E+001
  0.77796016E+000  0.89325001E+000  0.10977810E+001  0.24003079E+001
  0.77796015E+000  0.89325001E+000  0.10977810E+001  0.24003076E+001
  0.77796015E+000  0.89325001E+000  0.10977810E+001  0.24003073E+001
  0.77796015E+000  0.89325000E+000  0.10977810E+001  0.24003069E+001
  0.77796015E+000  0.89325000E+000  0.10977809E+001  0.24003066E+001
  0.77796015E+000  0.89325000E+000  0.10977809E+001  0.24003063E+001
  0.77796014E+000  0.89324999E+000  0.10977809E+001  0.24003060E+001
  0.77796014E+000  0.89324999E+000  0.10977809E+001  0.24003057E+001
  0.77796014E+000  0.89324999E+000  0.10977809E+001  0.24003054E+001
  0.77796014E+000  0.89324998E+000  0.10977809E+001  0.24003051E+001
  0.77796014E+000  0.89324998E+000  0.10977809E+001  0.24003048E+001
  0.77796013E+000  0.89324998E+000  0.10977809E+001  0.24003046E+001
  0.77796013E+000  0.89324997E+000  0.10977809E+001  0.24003043E+001
  0.77796013E+000  0.89324997E+000  0.10977809E+001  0.24003040E+001
  0.77796013E+000  0.89324997E+000  0.10977809E+001  0.24003037E+001
  0.77796012E+000  0.89324996E+000  0.10977809E+001  0.24003034E+001
  0.77796012E+000  0.89324996E+000  0.10977809E+001  0.24003031E+001
  0.77796012E+000  0.89324996E+000  0.10977809E+001  0.24003028E+001
  0.77796011E+000  0.89324995E+000  0.10977809E+001  0.24003025E+001
  0.77796011E+000  0.89324994E+000  0.10977809E+001  0.24003023E+001
  0.77796010E+000  0.89324993E+000  0.10977809E+001  0.24003020E+001
