  0.96892665E+000
  0.96894949E+000
  0.96898162E+000
  0.96901127E+000
  0.96903723E+000
  0.96905976E+000
  0.96907928E+000
  0.96909618E+000
  0.96911083E+000
  0.96912354E+000
  0.96913457E+000
  0.96914416E+000
  0.96915251E+000
  0.96915979E+000
  0.96916614E+000
  0.96917169E+000
  0.96917656E+000
  0.96918083E+000
  0.96918458E+000
  0.96918788E+000
  0.96919080E+000
  0.96919337E+000
  0.96919566E+000
  0.96919768E+000
  0.96919949E+000
  0.96920111E+000
  0.96920255E+000
  0.96920386E+000
  0.96920503E+000
  0.96920610E+000
  0.96920707E+000
  0.96920796E+000
  0.96920879E+000
  0.96920955E+000
  0.96921026E+000
  0.96921093E+000
  0.96921156E+000
  0.96921216E+000
  0.96921273E+000
  0.96921329E+000
  0.96921382E+000
  0.96921434E+000
  0.96921485E+000
  0.96921536E+000
  0.96921585E+000
  0.96921634E+000
  0.96921683E+000
  0.96921732E+000
  0.96921781E+000
  0.96921830E+000
  0.96921879E+000
  0.96921929E+000
  0.96921979E+000
  0.96922029E+000
  0.96922080E+000
  0.96922132E+000
  0.96922184E+000
  0.96922237E+000
  0.96922290E+000
  0.96922344E+000
  0.96922398E+000
  0.96922453E+000
  0.96922508E+000
  0.96922563E+000
  0.96922619E+000
  0.96922674E+000
  0.96922730E+000
  0.96922786E+000
  0.96922841E+000
  0.96922896E+000
  0.96922951E+000
  0.96923005E+000
  0.96923059E+000
  0.96923112E+000
  0.96923164E+000
  0.96923216E+000
  0.96923266E+000
  0.96923316E+000
  0.96923364E+000
  0.96923411E+000
  0.96923457E+000
  0.96923501E+000
  0.96923544E+000
  0.96923586E+000
  0.96923626E+000
  0.96923665E+000
  0.96923702E+000
  0.96923738E+000
  0.96923772E+000
  0.96923805E+000
  0.96923836E+000
  0.96923865E+000
  0.96923893E+000
  0.96923920E+000
  0.96923945E+000
  0.96923968E+000
  0.96923991E+000
  0.96924012E+000
  0.96924031E+000
  0.96924050E+000
  0.96924067E+000
  0.96924083E+000
  0.96924098E+000
  0.96924112E+000
  0.96924125E+000
  0.96924138E+000
  0.96924149E+000
  0.96924160E+000
  0.96924170E+000
  0.96924179E+000
  0.96924188E+000
  0.96924196E+000
  0.96924204E+000
  0.96924211E+000
  0.96924218E+000
  0.96924225E+000
  0.96924231E+000
  0.96924236E+000
  0.96924242E+000
  0.96924247E+000
  0.96924252E+000
  0.96924257E+000
  0.96924262E+000
  0.96924266E+000
  0.96924270E+000
  0.96924274E+000
  0.96924278E+000
  0.96924282E+000
  0.96924286E+000
  0.96924290E+000
  0.96924293E+000
  0.96924297E+000
  0.96924300E+000
  0.96924303E+000
  0.96924306E+000
  0.96924309E+000
  0.96924312E+000
  0.96924315E+000
  0.96924318E+000
  0.96924321E+000
  0.96924324E+000
  0.96924326E+000
  0.96924329E+000
  0.96924332E+000
  0.96924334E+000
  0.96924337E+000
  0.96924339E+000
  0.96924341E+000
  0.96924343E+000
  0.96924346E+000
  0.96924348E+000
  0.96924350E+000
  0.96924352E+000
  0.96924354E+000
  0.96924356E+000
  0.96924358E+000
  0.96924360E+000
  0.96924361E+000
  0.96924363E+000
  0.96924365E+000
  0.96924366E+000
  0.96924368E+000
  0.96924370E+000
  0.96924371E+000
  0.96924373E+000
  0.96924374E+000
  0.96924376E+000
  0.96924377E+000
  0.96924378E+000
  0.96924380E+000
  0.96924381E+000
  0.96924382E+000
  0.96924383E+000
  0.96924385E+000
  0.96924386E+000
  0.96924387E+000
  0.96924388E+000
  0.96924389E+000
  0.96924390E+000
  0.96924391E+000
  0.96924392E+000
  0.96924393E+000
  0.96924394E+000
  0.96924395E+000
  0.96924396E+000
  0.96924396E+000
  0.96924397E+000
  0.96924398E+000
  0.96924399E+000
  0.96924400E+000
  0.96924400E+000
  0.96924401E+000
  0.96924402E+000
  0.96924402E+000
  0.96924403E+000
  0.96924404E+000
  0.96924405E+000
  0.96924406E+000
  0.96924407E+000
  0.96924407E+000
