  0.49263722E+000
  0.49265297E+000
  0.49267469E+000
  0.49269477E+000
  0.49271238E+000
  0.49272769E+000
  0.49274096E+000
  0.49275246E+000
  0.49276243E+000
  0.49277108E+000
  0.49277859E+000
  0.49278511E+000
  0.49279079E+000
  0.49279573E+000
  0.49280004E+000
  0.49280381E+000
  0.49280711E+000
  0.49281000E+000
  0.49281253E+000
  0.49281476E+000
  0.49281672E+000
  0.49281846E+000
  0.49281999E+000
  0.49282136E+000
  0.49282257E+000
  0.49282365E+000
  0.49282461E+000
  0.49282548E+000
  0.49282626E+000
  0.49282697E+000
  0.49282762E+000
  0.49282821E+000
  0.49282875E+000
  0.49282925E+000
  0.49282972E+000
  0.49283016E+000
  0.49283057E+000
  0.49283097E+000
  0.49283134E+000
  0.49283170E+000
  0.49283205E+000
  0.49283239E+000
  0.49283273E+000
  0.49283305E+000
  0.49283338E+000
  0.49283369E+000
  0.49283401E+000
  0.49283433E+000
  0.49283465E+000
  0.49283497E+000
  0.49283529E+000
  0.49283561E+000
  0.49283594E+000
  0.49283627E+000
  0.49283660E+000
  0.49283693E+000
  0.49283727E+000
  0.49283762E+000
  0.49283797E+000
  0.49283832E+000
  0.49283867E+000
  0.49283903E+000
  0.49283938E+000
  0.49283974E+000
  0.49284011E+000
  0.49284047E+000
  0.49284083E+000
  0.49284119E+000
  0.49284156E+000
  0.49284192E+000
  0.49284227E+000
  0.49284263E+000
  0.49284298E+000
  0.49284332E+000
  0.49284367E+000
  0.49284400E+000
  0.49284433E+000
  0.49284465E+000
  0.49284497E+000
  0.49284528E+000
  0.49284558E+000
  0.49284587E+000
  0.49284615E+000
  0.49284642E+000
  0.49284668E+000
  0.49284694E+000
  0.49284718E+000
  0.49284741E+000
  0.49284764E+000
  0.49284785E+000
  0.49284805E+000
  0.49284824E+000
  0.49284842E+000
  0.49284860E+000
  0.49284876E+000
  0.49284891E+000
  0.49284906E+000
  0.49284919E+000
  0.49284932E+000
  0.49284944E+000
  0.49284955E+000
  0.49284965E+000
  0.49284975E+000
  0.49284984E+000
  0.49284993E+000
  0.49285000E+000
  0.49285008E+000
  0.49285014E+000
  0.49285021E+000
  0.49285027E+000
  0.49285032E+000
  0.49285037E+000
  0.49285042E+000
  0.49285046E+000
  0.49285051E+000
  0.49285055E+000
  0.49285058E+000
  0.49285062E+000
  0.49285065E+000
  0.49285068E+000
  0.49285071E+000
  0.49285074E+000
  0.49285077E+000
  0.49285079E+000
  0.49285082E+000
  0.49285084E+000
  0.49285087E+000
  0.49285089E+000
  0.49285091E+000
  0.49285093E+000
  0.49285095E+000
  0.49285097E+000
  0.49285099E+000
  0.49285101E+000
  0.49285103E+000
  0.49285104E+000
  0.49285106E+000
  0.49285108E+000
  0.49285109E+000
  0.49285111E+000
  0.49285112E+000
  0.49285114E+000
  0.49285115E+000
  0.49285117E+000
  0.49285118E+000
  0.49285120E+000
  0.49285121E+000
  0.49285122E+000
  0.49285123E+000
  0.49285125E+000
  0.49285126E+000
  0.49285127E+000
  0.49285128E+000
  0.49285129E+000
  0.49285130E+000
  0.49285131E+000
  0.49285132E+000
  0.49285133E+000
  0.49285134E+000
  0.49285135E+000
  0.49285136E+000
  0.49285137E+000
  0.49285138E+000
  0.49285139E+000
  0.49285140E+000
  0.49285141E+000
  0.49285141E+000
  0.49285142E+000
  0.49285143E+000
  0.49285144E+000
  0.49285144E+000
  0.49285145E+000
  0.49285146E+000
  0.49285146E+000
  0.49285147E+000
  0.49285148E+000
  0.49285148E+000
  0.49285149E+000
  0.49285149E+000
  0.49285150E+000
  0.49285150E+000
  0.49285151E+000
  0.49285151E+000
  0.49285152E+000
  0.49285152E+000
  0.49285153E+000
  0.49285153E+000
  0.49285154E+000
  0.49285154E+000
  0.49285155E+000
  0.49285155E+000
  0.49285155E+000
  0.49285156E+000
  0.49285156E+000
  0.49285157E+000
  0.49285157E+000
  0.49285158E+000
  0.49285158E+000
  0.49285159E+000
  0.49285159E+000
