  0.15110474E+001
  0.15110728E+001
  0.15111071E+001
  0.15111385E+001
  0.15111659E+001
  0.15111896E+001
  0.15112101E+001
  0.15112277E+001
  0.15112430E+001
  0.15112562E+001
  0.15112677E+001
  0.15112776E+001
  0.15112862E+001
  0.15112937E+001
  0.15113002E+001
  0.15113058E+001
  0.15113108E+001
  0.15113151E+001
  0.15113189E+001
  0.15113222E+001
  0.15113251E+001
  0.15113277E+001
  0.15113300E+001
  0.15113320E+001
  0.15113338E+001
  0.15113354E+001
  0.15113368E+001
  0.15113381E+001
  0.15113393E+001
  0.15113403E+001
  0.15113413E+001
  0.15113422E+001
  0.15113430E+001
  0.15113437E+001
  0.15113444E+001
  0.15113451E+001
  0.15113457E+001
  0.15113463E+001
  0.15113469E+001
  0.15113475E+001
  0.15113480E+001
  0.15113486E+001
  0.15113491E+001
  0.15113496E+001
  0.15113502E+001
  0.15113507E+001
  0.15113512E+001
  0.15113517E+001
  0.15113523E+001
  0.15113528E+001
  0.15113533E+001
  0.15113539E+001
  0.15113544E+001
  0.15113550E+001
  0.15113555E+001
  0.15113561E+001
  0.15113567E+001
  0.15113572E+001
  0.15113578E+001
  0.15113584E+001
  0.15113590E+001
  0.15113596E+001
  0.15113602E+001
  0.15113608E+001
  0.15113614E+001
  0.15113620E+001
  0.15113626E+001
  0.15113632E+001
  0.15113638E+001
  0.15113644E+001
  0.15113650E+001
  0.15113655E+001
  0.15113661E+001
  0.15113667E+001
  0.15113672E+001
  0.15113677E+001
  0.15113683E+001
  0.15113688E+001
  0.15113692E+001
  0.15113697E+001
  0.15113702E+001
  0.15113706E+001
  0.15113710E+001
  0.15113714E+001
  0.15113718E+001
  0.15113722E+001
  0.15113725E+001
  0.15113728E+001
  0.15113732E+001
  0.15113734E+001
  0.15113737E+001
  0.15113739E+001
  0.15113742E+001
  0.15113744E+001
  0.15113746E+001
  0.15113747E+001
  0.15113749E+001
  0.15113750E+001
  0.15113751E+001
  0.15113752E+001
  0.15113753E+001
  0.15113754E+001
  0.15113755E+001
  0.15113755E+001
  0.15113756E+001
  0.15113756E+001
  0.15113756E+001
  0.15113756E+001
  0.15113756E+001
  0.15113756E+001
  0.15113756E+001
  0.15113756E+001
  0.15113756E+001
  0.15113755E+001
  0.15113755E+001
  0.15113755E+001
  0.15113754E+001
  0.15113754E+001
  0.15113753E+001
  0.15113753E+001
  0.15113752E+001
  0.15113752E+001
  0.15113751E+001
  0.15113750E+001
  0.15113750E+001
  0.15113749E+001
  0.15113748E+001
  0.15113748E+001
  0.15113747E+001
  0.15113747E+001
  0.15113746E+001
  0.15113745E+001
  0.15113744E+001
  0.15113744E+001
  0.15113743E+001
  0.15113742E+001
  0.15113742E+001
  0.15113741E+001
  0.15113740E+001
  0.15113739E+001
  0.15113739E+001
  0.15113738E+001
  0.15113737E+001
  0.15113736E+001
  0.15113735E+001
  0.15113735E+001
  0.15113734E+001
  0.15113733E+001
  0.15113732E+001
  0.15113731E+001
  0.15113730E+001
  0.15113730E+001
  0.15113729E+001
  0.15113728E+001
  0.15113727E+001
  0.15113726E+001
  0.15113725E+001
  0.15113724E+001
  0.15113723E+001
  0.15113722E+001
  0.15113721E+001
  0.15113720E+001
  0.15113719E+001
  0.15113718E+001
  0.15113717E+001
  0.15113716E+001
  0.15113715E+001
  0.15113714E+001
  0.15113713E+001
  0.15113712E+001
  0.15113711E+001
  0.15113710E+001
  0.15113709E+001
  0.15113708E+001
  0.15113707E+001
  0.15113706E+001
  0.15113705E+001
  0.15113704E+001
  0.15113703E+001
  0.15113702E+001
  0.15113701E+001
  0.15113700E+001
  0.15113699E+001
  0.15113698E+001
  0.15113697E+001
  0.15113696E+001
  0.15113695E+001
  0.15113694E+001
  0.15113693E+001
  0.15113692E+001
  0.15113691E+001
  0.15113690E+001
  0.15113689E+001
  0.15113688E+001
  0.15113687E+001
  0.15113686E+001
  0.15113685E+001
  0.15113684E+001
  0.15113683E+001
  0.15113683E+001
