 -0.47077723E-001  0.61853225E-001  0.14542415E+001  0.42332906E+002
 -0.47056315E-001  0.61867400E-001  0.14543371E+001  0.42333106E+002
 -0.47040155E-001  0.61877776E-001  0.14544112E+001  0.42333275E+002
 -0.47028524E-001  0.61885383E-001  0.14544690E+001  0.42333416E+002
 -0.47020521E-001  0.61890902E-001  0.14545137E+001  0.42333534E+002
 -0.47015400E-001  0.61894787E-001  0.14545476E+001  0.42333632E+002
 -0.47012538E-001  0.61897383E-001  0.14545727E+001  0.42333713E+002
 -0.47011422E-001  0.61898966E-001  0.14545906E+001  0.42333780E+002
 -0.47011637E-001  0.61899753E-001  0.14546027E+001  0.42333835E+002
 -0.47012849E-001  0.61899920E-001  0.14546100E+001  0.42333880E+002
 -0.47014792E-001  0.61899603E-001  0.14546134E+001  0.42333917E+002
 -0.47017253E-001  0.61898915E-001  0.14546137E+001  0.42333946E+002
 -0.47020066E-001  0.61897944E-001  0.14546115E+001  0.42333970E+002
 -0.47023097E-001  0.61896761E-001  0.14546073E+001  0.42333989E+002
 -0.47026246E-001  0.61895424E-001  0.14546015E+001  0.42334004E+002
 -0.47029433E-001  0.61893978E-001  0.14545945E+001  0.42334015E+002
 -0.47032598E-001  0.61892459E-001  0.14545866E+001  0.42334024E+002
 -0.47035695E-001  0.61890898E-001  0.14545780E+001  0.42334030E+002
 -0.47038691E-001  0.61889318E-001  0.14545689E+001  0.42334034E+002
 -0.47041564E-001  0.61887737E-001  0.14545595E+001  0.42334037E+002
 -0.47044295E-001  0.61886171E-001  0.14545500E+001  0.42334039E+002
 -0.47046876E-001  0.61884631E-001  0.14545403E+001  0.42334039E+002
 -0.47049300E-001  0.61883127E-001  0.14545307E+001  0.42334039E+002
 -0.47051567E-001  0.61881666E-001  0.14545212E+001  0.42334038E+002
 -0.47053675E-001  0.61880254E-001  0.14545118E+001  0.42334036E+002
 -0.47055630E-001  0.61878896E-001  0.14545027E+001  0.42334035E+002
 -0.47057435E-001  0.61877595E-001  0.14544939E+001  0.42334033E+002
 -0.47059097E-001  0.61876353E-001  0.14544853E+001  0.42334031E+002
 -0.47060622E-001  0.61875173E-001  0.14544771E+001  0.42334029E+002
 -0.47062017E-001  0.61874057E-001  0.14544693E+001  0.42334027E+002
 -0.47063290E-001  0.61873004E-001  0.14544618E+001  0.42334025E+002
 -0.47064449E-001  0.61872015E-001  0.14544547E+001  0.42334023E+002
 -0.47065502E-001  0.61871091E-001  0.14544481E+001  0.42334022E+002
 -0.47066456E-001  0.61870230E-001  0.14544418E+001  0.42334021E+002
 -0.47067319E-001  0.61869432E-001  0.14544360E+001  0.42334020E+002
 -0.47068099E-001  0.61868696E-001  0.14544306E+001  0.42334019E+002
 -0.47068802E-001  0.61868021E-001  0.14544256E+001  0.42334019E+002
 -0.47069435E-001  0.61867404E-001  0.14544210E+001  0.42334019E+002
 -0.47070004E-001  0.61866845E-001  0.14544169E+001  0.42334019E+002
 -0.47070515E-001  0.61866340E-001  0.14544131E+001  0.42334020E+002
 -0.47070974E-001  0.61865887E-001  0.14544097E+001  0.42334021E+002
 -0.47071385E-001  0.61865484E-001  0.14544067E+001  0.42334023E+002
 -0.47071753E-001  0.61865127E-001  0.14544040E+001  0.42334025E+002
 -0.47072083E-001  0.61864814E-001  0.14544017E+001  0.42334027E+002
 -0.47072378E-001  0.61864541E-001  0.14543996E+001  0.42334030E+002
 -0.47072642E-001  0.61864305E-001  0.14543979E+001  0.42334033E+002
 -0.47072878E-001  0.61864102E-001  0.14543964E+001  0.42334036E+002
 -0.47073090E-001  0.61863929E-001  0.14543951E+001  0.42334040E+002
 -0.47073279E-001  0.61863783E-001  0.14543941E+001  0.42334044E+002
 -0.47073449E-001  0.61863660E-001  0.14543932E+001  0.42334048E+002
 -0.47073601E-001  0.61863558E-001  0.14543926E+001  0.42334052E+002
 -0.47073738E-001  0.61863472E-001  0.14543920E+001  0.42334057E+002
 -0.47073861E-001  0.61863401E-001  0.14543916E+001  0.42334062E+002
 -0.47073973E-001  0.61863343E-001  0.14543913E+001  0.42334067E+002
 -0.47074074E-001  0.61863293E-001  0.14543911E+001  0.42334072E+002
 -0.47074166E-001  0.61863251E-001  0.14543910E+001  0.42334078E+002
 -0.47074251E-001  0.61863214E-001  0.14543909E+001  0.42334083E+002
 -0.47074329E-001  0.61863181E-001  0.14543908E+001  0.42334089E+002
 -0.47074402E-001  0.61863151E-001  0.14543907E+001  0.42334094E+002
 -0.47074471E-001  0.61863121E-001  0.14543907E+001  0.42334100E+002
 -0.47074535E-001  0.61863091E-001  0.14543906E+001  0.42334106E+002
 -0.47074597E-001  0.61863061E-001  0.14543906E+001  0.42334112E+002
 -0.47074657E-001  0.61863028E-001  0.14543905E+001  0.42334117E+002
 -0.47074714E-001  0.61862993E-001  0.14543904E+001  0.42334123E+002
 -0.47074771E-001  0.61862954E-001  0.14543902E+001  0.42334129E+002
 -0.47074827E-001  0.61862912E-001  0.14543900E+001  0.42334134E+002
 -0.47074882E-001  0.61862866E-001  0.14543897E+001  0.42334140E+002
 -0.47074937E-001  0.61862815E-001  0.14543894E+001  0.42334145E+002
 -0.47074993E-001  0.61862759E-001  0.14543890E+001  0.42334150E+002
 -0.47075048E-001  0.61862699E-001  0.14543886E+001  0.42334155E+002
 -0.47075104E-001  0.61862632E-001  0.14543881E+001  0.42334160E+002
 -0.47075161E-001  0.61862560E-001  0.14543875E+001  0.42334165E+002
 -0.47075218E-001  0.61862483E-001  0.14543868E+001  0.42334169E+002
 -0.47075276E-001  0.61862399E-001  0.14543861E+001  0.42334173E+002
 -0.47075335E-001  0.61862310E-001  0.14543853E+001  0.42334177E+002
 -0.47075394E-001  0.61862214E-001  0.14543843E+001  0.42334181E+002
 -0.47075454E-001  0.61862113E-001  0.14543834E+001  0.42334184E+002
 -0.47075515E-001  0.61862005E-001  0.14543823E+001  0.42334187E+002
 -0.47075577E-001  0.61861891E-001  0.14543811E+001  0.42334190E+002
 -0.47075639E-001  0.61861772E-001  0.14543799E+001  0.42334192E+002
 -0.47075701E-001  0.61861646E-001  0.14543785E+001  0.42334194E+002
 -0.47075764E-001  0.61861515E-001  0.14543771E+001  0.42334196E+002
 -0.47075827E-001  0.61861378E-001  0.14543756E+001  0.42334197E+002
 -0.47075890E-001  0.61861236E-001  0.14543740E+001  0.42334198E+002
 -0.47075952E-001  0.61861089E-001  0.14543723E+001  0.42334198E+002
 -0.47076015E-001  0.61860937E-001  0.14543705E+001  0.42334198E+002
 -0.47076077E-001  0.61860780E-001  0.14543687E+001  0.42334198E+002
 -0.47076139E-001  0.61860619E-001  0.14543667E+001  0.42334197E+002
 -0.47076200E-001  0.61860454E-001  0.14543648E+001  0.42334196E+002
 -0.47076261E-001  0.61860285E-001  0.14543627E+001  0.42334195E+002
 -0.47076320E-001  0.61860113E-001  0.14543606E+001  0.42334193E+002
 -0.47076379E-001  0.61859939E-001  0.14543584E+001  0.42334191E+002
 -0.47076437E-001  0.61859762E-001  0.14543561E+001  0.42334188E+002
 -0.47076493E-001  0.61859583E-001  0.14543538E+001  0.42334185E+002
 -0.47076548E-001  0.61859402E-001  0.14543514E+001  0.42334182E+002
 -0.47076601E-001  0.61859220E-001  0.14543490E+001  0.42334178E+002
 -0.47076654E-001  0.61859038E-001  0.14543466E+001  0.42334174E+002
 -0.47076704E-001  0.61858855E-001  0.14543441E+001  0.42334170E+002
 -0.47076753E-001  0.61858672E-001  0.14543416E+001  0.42334166E+002
 -0.47076801E-001  0.61858489E-001  0.14543391E+001  0.42334161E+002
 -0.47076846E-001  0.61858308E-001  0.14543365E+001  0.42334156E+002
 -0.47076890E-001  0.61858128E-001  0.14543340E+001  0.42334150E+002
 -0.47076933E-001  0.61857949E-001  0.14543314E+001  0.42334145E+002
 -0.47076973E-001  0.61857772E-001  0.14543288E+001  0.42334139E+002
 -0.47077012E-001  0.61857598E-001  0.14543262E+001  0.42334133E+002
 -0.47077050E-001  0.61857426E-001  0.14543237E+001  0.42334127E+002
 -0.47077085E-001  0.61857257E-001  0.14543211E+001  0.42334121E+002
 -0.47077119E-001  0.61857091E-001  0.14543186E+001  0.42334114E+002
 -0.47077152E-001  0.61856929E-001  0.14543161E+001  0.42334107E+002
 -0.47077182E-001  0.61856770E-001  0.14543136E+001  0.42334100E+002
 -0.47077212E-001  0.61856615E-001  0.14543111E+001  0.42334093E+002
 -0.47077240E-001  0.61856464E-001  0.14543087E+001  0.42334086E+002
 -0.47077266E-001  0.61856317E-001  0.14543063E+001  0.42334079E+002
 -0.47077291E-001  0.61856174E-001  0.14543039E+001  0.42334072E+002
 -0.47077315E-001  0.61856036E-001  0.14543016E+001  0.42334064E+002
 -0.47077337E-001  0.61855901E-001  0.14542993E+001  0.42334057E+002
 -0.47077359E-001  0.61855772E-001  0.14542970E+001  0.42334049E+002
 -0.47077379E-001  0.61855646E-001  0.14542949E+001  0.42334042E+002
 -0.47077398E-001  0.61855525E-001  0.14542927E+001  0.42334034E+002
 -0.47077416E-001  0.61855408E-001  0.14542906E+001  0.42334026E+002
 -0.47077433E-001  0.61855296E-001  0.14542886E+001  0.42334018E+002
 -0.47077450E-001  0.61855188E-001  0.14542866E+001  0.42334010E+002
 -0.47077465E-001  0.61855084E-001  0.14542847E+001  0.42334002E+002
 -0.47077480E-001  0.61854985E-001  0.14542828E+001  0.42333994E+002
 -0.47077493E-001  0.61854889E-001  0.14542810E+001  0.42333986E+002
 -0.47077506E-001  0.61854798E-001  0.14542792E+001  0.42333978E+002
 -0.47077519E-001  0.61854710E-001  0.14542775E+001  0.42333970E+002
 -0.47077530E-001  0.61854627E-001  0.14542758E+001  0.42333962E+002
 -0.47077541E-001  0.61854547E-001  0.14542742E+001  0.42333954E+002
 -0.47077552E-001  0.61854471E-001  0.14542727E+001  0.42333945E+002
 -0.47077562E-001  0.61854399E-001  0.14542712E+001  0.42333937E+002
 -0.47077571E-001  0.61854330E-001  0.14542698E+001  0.42333929E+002
 -0.47077580E-001  0.61854264E-001  0.14542684E+001  0.42333920E+002
 -0.47077589E-001  0.61854201E-001  0.14542670E+001  0.42333912E+002
 -0.47077597E-001  0.61854142E-001  0.14542658E+001  0.42333903E+002
 -0.47077604E-001  0.61854086E-001  0.14542645E+001  0.42333894E+002
 -0.47077611E-001  0.61854032E-001  0.14542633E+001  0.42333886E+002
 -0.47077618E-001  0.61853982E-001  0.14542622E+001  0.42333877E+002
 -0.47077625E-001  0.61853934E-001  0.14542611E+001  0.42333868E+002
 -0.47077631E-001  0.61853888E-001  0.14542601E+001  0.42333859E+002
 -0.47077636E-001  0.61853845E-001  0.14542591E+001  0.42333850E+002
 -0.47077642E-001  0.61853805E-001  0.14542581E+001  0.42333841E+002
 -0.47077647E-001  0.61853766E-001  0.14542572E+001  0.42333832E+002
 -0.47077652E-001  0.61853730E-001  0.14542563E+001  0.42333822E+002
 -0.47077656E-001  0.61853696E-001  0.14542555E+001  0.42333813E+002
 -0.47077660E-001  0.61853664E-001  0.14542547E+001  0.42333804E+002
 -0.47077665E-001  0.61853634E-001  0.14542540E+001  0.42333794E+002
 -0.47077668E-001  0.61853605E-001  0.14542533E+001  0.42333785E+002
 -0.47077672E-001  0.61853578E-001  0.14542526E+001  0.42333775E+002
 -0.47077675E-001  0.61853553E-001  0.14542519E+001  0.42333765E+002
 -0.47077678E-001  0.61853530E-001  0.14542513E+001  0.42333755E+002
 -0.47077681E-001  0.61853507E-001  0.14542507E+001  0.42333745E+002
 -0.47077684E-001  0.61853487E-001  0.14542502E+001  0.42333735E+002
 -0.47077687E-001  0.61853467E-001  0.14542497E+001  0.42333725E+002
 -0.47077689E-001  0.61853449E-001  0.14542492E+001  0.42333715E+002
 -0.47077691E-001  0.61853432E-001  0.14542487E+001  0.42333705E+002
 -0.47077693E-001  0.61853416E-001  0.14542483E+001  0.42333694E+002
 -0.47077695E-001  0.61853401E-001  0.14542478E+001  0.42333684E+002
 -0.47077697E-001  0.61853387E-001  0.14542474E+001  0.42333674E+002
 -0.47077699E-001  0.61853375E-001  0.14542471E+001  0.42333663E+002
 -0.47077700E-001  0.61853363E-001  0.14542467E+001  0.42333652E+002
 -0.47077702E-001  0.61853351E-001  0.14542464E+001  0.42333642E+002
 -0.47077703E-001  0.61853341E-001  0.14542461E+001  0.42333631E+002
 -0.47077705E-001  0.61853332E-001  0.14542458E+001  0.42333620E+002
 -0.47077706E-001  0.61853323E-001  0.14542455E+001  0.42333609E+002
 -0.47077707E-001  0.61853314E-001  0.14542452E+001  0.42333599E+002
 -0.47077708E-001  0.61853307E-001  0.14542450E+001  0.42333588E+002
 -0.47077709E-001  0.61853300E-001  0.14542448E+001  0.42333577E+002
 -0.47077710E-001  0.61853293E-001  0.14542445E+001  0.42333566E+002
 -0.47077711E-001  0.61853287E-001  0.14542443E+001  0.42333555E+002
 -0.47077711E-001  0.61853282E-001  0.14542441E+001  0.42333544E+002
 -0.47077712E-001  0.61853277E-001  0.14542440E+001  0.42333532E+002
 -0.47077713E-001  0.61853272E-001  0.14542438E+001  0.42333521E+002
 -0.47077713E-001  0.61853268E-001  0.14542436E+001  0.42333510E+002
 -0.47077714E-001  0.61853264E-001  0.14542435E+001  0.42333499E+002
 -0.47077714E-001  0.61853261E-001  0.14542434E+001  0.42333488E+002
 -0.47077715E-001  0.61853257E-001  0.14542432E+001  0.42333477E+002
 -0.47077715E-001  0.61853254E-001  0.14542431E+001  0.42333466E+002
 -0.47077716E-001  0.61853252E-001  0.14542430E+001  0.42333455E+002
 -0.47077716E-001  0.61853249E-001  0.14542429E+001  0.42333444E+002
 -0.47077716E-001  0.61853247E-001  0.14542428E+001  0.42333433E+002
 -0.47077717E-001  0.61853246E-001  0.14542427E+001  0.42333422E+002
 -0.47077717E-001  0.61853244E-001  0.14542426E+001  0.42333411E+002
 -0.47077717E-001  0.61853243E-001  0.14542426E+001  0.42333401E+002
 -0.47077718E-001  0.61853241E-001  0.14542425E+001  0.42333390E+002
 -0.47077718E-001  0.61853240E-001  0.14542424E+001  0.42333379E+002
 -0.47077718E-001  0.61853240E-001  0.14542424E+001  0.42333369E+002
 -0.47077718E-001  0.61853239E-001  0.14542423E+001  0.42333358E+002
 -0.47077718E-001  0.61853239E-001  0.14542423E+001  0.42333348E+002
 -0.47077718E-001  0.61853238E-001  0.14542422E+001  0.42333337E+002
 -0.47077718E-001  0.61853238E-001  0.14542422E+001  0.42333327E+002
 -0.47077718E-001  0.61853238E-001  0.14542421E+001  0.42333317E+002
 -0.47077718E-001  0.61853239E-001  0.14542421E+001  0.42333307E+002
 -0.47077718E-001  0.61853239E-001  0.14542421E+001  0.42333297E+002
 -0.47077718E-001  0.61853240E-001  0.14542421E+001  0.42333287E+002
 -0.47077717E-001  0.61853241E-001  0.14542421E+001  0.42333278E+002
 -0.47077716E-001  0.61853242E-001  0.14542420E+001  0.42333268E+002
 -0.47077715E-001  0.61853243E-001  0.14542420E+001  0.42333259E+002
 -0.47077714E-001  0.61853244E-001  0.14542420E+001  0.42333250E+002
 -0.47077712E-001  0.61853245E-001  0.14542420E+001  0.42333240E+002
