  0.57550740E+000  0.93968373E+000  0.10813114E+001  0.34476875E+001
  0.57553136E+000  0.93973127E+000  0.10813267E+001  0.34477022E+001
  0.57556053E+000  0.93977820E+000  0.10813632E+001  0.34477267E+001
  0.57558730E+000  0.93981915E+000  0.10813979E+001  0.34477499E+001
  0.57561081E+000  0.93985443E+000  0.10814282E+001  0.34477704E+001
  0.57563126E+000  0.93988470E+000  0.10814544E+001  0.34477884E+001
  0.57564900E+000  0.93991066E+000  0.10814770E+001  0.34478040E+001
  0.57566439E+000  0.93993292E+000  0.10814964E+001  0.34478177E+001
  0.57567776E+000  0.93995203E+000  0.10815132E+001  0.34478295E+001
  0.57568937E+000  0.93996844E+000  0.10815277E+001  0.34478399E+001
  0.57569946E+000  0.93998256E+000  0.10815402E+001  0.34478489E+001
  0.57570825E+000  0.93999471E+000  0.10815510E+001  0.34478568E+001
  0.57571591E+000  0.94000519E+000  0.10815604E+001  0.34478637E+001
  0.57572261E+000  0.94001423E+000  0.10815685E+001  0.34478697E+001
  0.57572846E+000  0.94002204E+000  0.10815755E+001  0.34478750E+001
  0.57573360E+000  0.94002880E+000  0.10815817E+001  0.34478796E+001
  0.57573811E+000  0.94003466E+000  0.10815870E+001  0.34478837E+001
  0.57574208E+000  0.94003974E+000  0.10815916E+001  0.34478873E+001
  0.57574559E+000  0.94004416E+000  0.10815957E+001  0.34478905E+001
  0.57574869E+000  0.94004801E+000  0.10815992E+001  0.34478934E+001
  0.57575144E+000  0.94005136E+000  0.10816023E+001  0.34478959E+001
  0.57575389E+000  0.94005429E+000  0.10816050E+001  0.34478981E+001
  0.57575607E+000  0.94005686E+000  0.10816073E+001  0.34479001E+001
  0.57575802E+000  0.94005911E+000  0.10816094E+001  0.34479019E+001
  0.57575977E+000  0.94006110E+000  0.10816112E+001  0.34479035E+001
  0.57576135E+000  0.94006285E+000  0.10816128E+001  0.34479050E+001
  0.57576277E+000  0.94006440E+000  0.10816142E+001  0.34479063E+001
  0.57576406E+000  0.94006578E+000  0.10816154E+001  0.34479076E+001
  0.57576524E+000  0.94006701E+000  0.10816166E+001  0.34479087E+001
  0.57576631E+000  0.94006812E+000  0.10816175E+001  0.34479097E+001
  0.57576729E+000  0.94006912E+000  0.10816184E+001  0.34479107E+001
  0.57576819E+000  0.94007003E+000  0.10816192E+001  0.34479116E+001
  0.57576903E+000  0.94007086E+000  0.10816200E+001  0.34479125E+001
  0.57576980E+000  0.94007163E+000  0.10816206E+001  0.34479133E+001
  0.57577053E+000  0.94007234E+000  0.10816213E+001  0.34479141E+001
  0.57577121E+000  0.94007300E+000  0.10816218E+001  0.34479148E+001
  0.57577184E+000  0.94007363E+000  0.10816224E+001  0.34479155E+001
  0.57577245E+000  0.94007423E+000  0.10816229E+001  0.34479162E+001
  0.57577302E+000  0.94007480E+000  0.10816234E+001  0.34479169E+001
  0.57577357E+000  0.94007536E+000  0.10816239E+001  0.34479176E+001
  0.57577410E+000  0.94007590E+000  0.10816244E+001  0.34479182E+001
  0.57577461E+000  0.94007642E+000  0.10816249E+001  0.34479189E+001
  0.57577510E+000  0.94007694E+000  0.10816253E+001  0.34479196E+001
  0.57577558E+000  0.94007745E+000  0.10816258E+001  0.34479202E+001
  0.57577605E+000  0.94007795E+000  0.10816263E+001  0.34479209E+001
  0.57577651E+000  0.94007846E+000  0.10816267E+001  0.34479215E+001
  0.57577697E+000  0.94007897E+000  0.10816272E+001  0.34479222E+001
  0.57577742E+000  0.94007947E+000  0.10816277E+001  0.34479228E+001
  0.57577786E+000  0.94007998E+000  0.10816281E+001  0.34479235E+001
  0.57577831E+000  0.94008050E+000  0.10816286E+001  0.34479242E+001
  0.57577876E+000  0.94008101E+000  0.10816291E+001  0.34479249E+001
  0.57577921E+000  0.94008154E+000  0.10816296E+001  0.34479256E+001
  0.57577965E+000  0.94008207E+000  0.10816301E+001  0.34479263E+001
  0.57578011E+000  0.94008261E+000  0.10816306E+001  0.34479270E+001
  0.57578056E+000  0.94008315E+000  0.10816312E+001  0.34479277E+001
  0.57578102E+000  0.94008370E+000  0.10816317E+001  0.34479284E+001
  0.57578148E+000  0.94008426E+000  0.10816322E+001  0.34479291E+001
  0.57578195E+000  0.94008483E+000  0.10816327E+001  0.34479299E+001
  0.57578242E+000  0.94008540E+000  0.10816333E+001  0.34479306E+001
  0.57578289E+000  0.94008597E+000  0.10816338E+001  0.34479314E+001
  0.57578337E+000  0.94008656E+000  0.10816344E+001  0.34479321E+001
  0.57578385E+000  0.94008715E+000  0.10816349E+001  0.34479329E+001
  0.57578433E+000  0.94008774E+000  0.10816355E+001  0.34479337E+001
  0.57578481E+000  0.94008833E+000  0.10816360E+001  0.34479344E+001
  0.57578529E+000  0.94008893E+000  0.10816366E+001  0.34479352E+001
  0.57578578E+000  0.94008952E+000  0.10816371E+001  0.34479360E+001
  0.57578626E+000  0.94009012E+000  0.10816377E+001  0.34479368E+001
  0.57578674E+000  0.94009071E+000  0.10816382E+001  0.34479375E+001
  0.57578721E+000  0.94009131E+000  0.10816388E+001  0.34479383E+001
  0.57578768E+000  0.94009189E+000  0.10816393E+001  0.34479391E+001
  0.57578815E+000  0.94009248E+000  0.10816398E+001  0.34479398E+001
  0.57578861E+000  0.94009305E+000  0.10816404E+001  0.34479406E+001
  0.57578906E+000  0.94009362E+000  0.10816409E+001  0.34479413E+001
  0.57578951E+000  0.94009418E+000  0.10816414E+001  0.34479420E+001
  0.57578994E+000  0.94009473E+000  0.10816418E+001  0.34479427E+001
  0.57579037E+000  0.94009527E+000  0.10816423E+001  0.34479434E+001
  0.57579079E+000  0.94009579E+000  0.10816428E+001  0.34479441E+001
  0.57579119E+000  0.94009631E+000  0.10816432E+001  0.34479448E+001
  0.57579158E+000  0.94009680E+000  0.10816436E+001  0.34479454E+001
  0.57579196E+000  0.94009729E+000  0.10816440E+001  0.34479461E+001
  0.57579232E+000  0.94009775E+000  0.10816444E+001  0.34479467E+001
  0.57579267E+000  0.94009821E+000  0.10816448E+001  0.34479473E+001
  0.57579300E+000  0.94009864E+000  0.10816451E+001  0.34479478E+001
  0.57579332E+000  0.94009905E+000  0.10816454E+001  0.34479484E+001
  0.57579363E+000  0.94009945E+000  0.10816457E+001  0.34479489E+001
  0.57579391E+000  0.94009983E+000  0.10816460E+001  0.34479494E+001
  0.57579419E+000  0.94010019E+000  0.10816463E+001  0.34479499E+001
  0.57579444E+000  0.94010053E+000  0.10816465E+001  0.34479503E+001
  0.57579468E+000  0.94010085E+000  0.10816467E+001  0.34479508E+001
  0.57579490E+000  0.94010116E+000  0.10816469E+001  0.34479512E+001
  0.57579511E+000  0.94010144E+000  0.10816471E+001  0.34479516E+001
  0.57579530E+000  0.94010170E+000  0.10816473E+001  0.34479519E+001
  0.57579548E+000  0.94010195E+000  0.10816474E+001  0.34479523E+001
  0.57579564E+000  0.94010218E+000  0.10816475E+001  0.34479526E+001
  0.57579578E+000  0.94010239E+000  0.10816476E+001  0.34479529E+001
  0.57579592E+000  0.94010258E+000  0.10816477E+001  0.34479531E+001
  0.57579603E+000  0.94010276E+000  0.10816478E+001  0.34479534E+001
  0.57579614E+000  0.94010292E+000  0.10816478E+001  0.34479536E+001
  0.57579623E+000  0.94010307E+000  0.10816478E+001  0.34479538E+001
  0.57579631E+000  0.94010320E+000  0.10816479E+001  0.34479540E+001
  0.57579638E+000  0.94010331E+000  0.10816479E+001  0.34479542E+001
  0.57579643E+000  0.94010342E+000  0.10816479E+001  0.34479543E+001
  0.57579648E+000  0.94010351E+000  0.10816478E+001  0.34479545E+001
  0.57579652E+000  0.94010359E+000  0.10816478E+001  0.34479546E+001
  0.57579655E+000  0.94010366E+000  0.10816477E+001  0.34479547E+001
  0.57579657E+000  0.94010372E+000  0.10816477E+001  0.34479548E+001
  0.57579658E+000  0.94010377E+000  0.10816476E+001  0.34479549E+001
  0.57579659E+000  0.94010381E+000  0.10816476E+001  0.34479549E+001
  0.57579659E+000  0.94010384E+000  0.10816475E+001  0.34479550E+001
  0.57579659E+000  0.94010387E+000  0.10816474E+001  0.34479550E+001
  0.57579658E+000  0.94010389E+000  0.10816473E+001  0.34479551E+001
  0.57579656E+000  0.94010390E+000  0.10816472E+001  0.34479551E+001
  0.57579654E+000  0.94010391E+000  0.10816471E+001  0.34479551E+001
  0.57579652E+000  0.94010391E+000  0.10816470E+001  0.34479551E+001
  0.57579650E+000  0.94010391E+000  0.10816469E+001  0.34479551E+001
  0.57579647E+000  0.94010391E+000  0.10816468E+001  0.34479551E+001
  0.57579644E+000  0.94010390E+000  0.10816467E+001  0.34479551E+001
  0.57579641E+000  0.94010389E+000  0.10816466E+001  0.34479550E+001
  0.57579637E+000  0.94010388E+000  0.10816464E+001  0.34479550E+001
  0.57579634E+000  0.94010386E+000  0.10816463E+001  0.34479549E+001
  0.57579630E+000  0.94010384E+000  0.10816462E+001  0.34479549E+001
  0.57579627E+000  0.94010383E+000  0.10816461E+001  0.34479548E+001
  0.57579623E+000  0.94010381E+000  0.10816460E+001  0.34479548E+001
  0.57579620E+000  0.94010379E+000  0.10816459E+001  0.34479547E+001
  0.57579616E+000  0.94010377E+000  0.10816458E+001  0.34479546E+001
  0.57579612E+000  0.94010375E+000  0.10816457E+001  0.34479545E+001
  0.57579609E+000  0.94010373E+000  0.10816456E+001  0.34479544E+001
  0.57579605E+000  0.94010371E+000  0.10816455E+001  0.34479543E+001
  0.57579601E+000  0.94010369E+000  0.10816454E+001  0.34479542E+001
  0.57579598E+000  0.94010366E+000  0.10816453E+001  0.34479541E+001
  0.57579594E+000  0.94010364E+000  0.10816452E+001  0.34479540E+001
  0.57579591E+000  0.94010362E+000  0.10816451E+001  0.34479539E+001
  0.57579588E+000  0.94010360E+000  0.10816450E+001  0.34479538E+001
  0.57579584E+000  0.94010358E+000  0.10816449E+001  0.34479536E+001
  0.57579581E+000  0.94010356E+000  0.10816448E+001  0.34479535E+001
  0.57579578E+000  0.94010354E+000  0.10816447E+001  0.34479533E+001
  0.57579575E+000  0.94010352E+000  0.10816446E+001  0.34479532E+001
  0.57579572E+000  0.94010351E+000  0.10816445E+001  0.34479530E+001
  0.57579569E+000  0.94010349E+000  0.10816445E+001  0.34479528E+001
  0.57579566E+000  0.94010347E+000  0.10816444E+001  0.34479526E+001
  0.57579564E+000  0.94010345E+000  0.10816443E+001  0.34479525E+001
  0.57579561E+000  0.94010344E+000  0.10816442E+001  0.34479523E+001
  0.57579559E+000  0.94010342E+000  0.10816442E+001  0.34479521E+001
  0.57579556E+000  0.94010341E+000  0.10816441E+001  0.34479519E+001
  0.57579554E+000  0.94010339E+000  0.10816440E+001  0.34479516E+001
  0.57579552E+000  0.94010338E+000  0.10816440E+001  0.34479514E+001
  0.57579549E+000  0.94010336E+000  0.10816439E+001  0.34479512E+001
  0.57579547E+000  0.94010335E+000  0.10816438E+001  0.34479509E+001
  0.57579545E+000  0.94010334E+000  0.10816438E+001  0.34479507E+001
  0.57579543E+000  0.94010332E+000  0.10816437E+001  0.34479504E+001
  0.57579541E+000  0.94010331E+000  0.10816437E+001  0.34479502E+001
  0.57579540E+000  0.94010330E+000  0.10816436E+001  0.34479499E+001
  0.57579538E+000  0.94010329E+000  0.10816436E+001  0.34479496E+001
  0.57579536E+000  0.94010328E+000  0.10816435E+001  0.34479493E+001
  0.57579535E+000  0.94010327E+000  0.10816435E+001  0.34479490E+001
  0.57579533E+000  0.94010326E+000  0.10816435E+001  0.34479487E+001
  0.57579532E+000  0.94010325E+000  0.10816434E+001  0.34479484E+001
  0.57579530E+000  0.94010325E+000  0.10816434E+001  0.34479481E+001
  0.57579529E+000  0.94010324E+000  0.10816433E+001  0.34479478E+001
  0.57579528E+000  0.94010323E+000  0.10816433E+001  0.34479475E+001
  0.57579527E+000  0.94010322E+000  0.10816433E+001  0.34479472E+001
  0.57579526E+000  0.94010322E+000  0.10816432E+001  0.34479468E+001
  0.57579524E+000  0.94010321E+000  0.10816432E+001  0.34479465E+001
  0.57579523E+000  0.94010321E+000  0.10816432E+001  0.34479461E+001
  0.57579522E+000  0.94010320E+000  0.10816431E+001  0.34479458E+001
  0.57579522E+000  0.94010319E+000  0.10816431E+001  0.34479454E+001
  0.57579521E+000  0.94010319E+000  0.10816431E+001  0.34479450E+001
  0.57579520E+000  0.94010319E+000  0.10816431E+001  0.34479447E+001
  0.57579519E+000  0.94010318E+000  0.10816430E+001  0.34479443E+001
  0.57579518E+000  0.94010318E+000  0.10816430E+001  0.34479439E+001
  0.57579518E+000  0.94010317E+000  0.10816430E+001  0.34479436E+001
  0.57579517E+000  0.94010317E+000  0.10816430E+001  0.34479432E+001
  0.57579516E+000  0.94010317E+000  0.10816430E+001  0.34479428E+001
  0.57579516E+000  0.94010317E+000  0.10816429E+001  0.34479424E+001
  0.57579515E+000  0.94010316E+000  0.10816429E+001  0.34479420E+001
  0.57579515E+000  0.94010316E+000  0.10816429E+001  0.34479416E+001
  0.57579514E+000  0.94010316E+000  0.10816429E+001  0.34479412E+001
  0.57579514E+000  0.94010316E+000  0.10816429E+001  0.34479408E+001
  0.57579514E+000  0.94010316E+000  0.10816429E+001  0.34479404E+001
  0.57579513E+000  0.94010315E+000  0.10816428E+001  0.34479400E+001
  0.57579513E+000  0.94010315E+000  0.10816428E+001  0.34479396E+001
  0.57579513E+000  0.94010315E+000  0.10816428E+001  0.34479392E+001
  0.57579512E+000  0.94010315E+000  0.10816428E+001  0.34479388E+001
  0.57579512E+000  0.94010315E+000  0.10816428E+001  0.34479385E+001
  0.57579512E+000  0.94010315E+000  0.10816428E+001  0.34479381E+001
  0.57579512E+000  0.94010315E+000  0.10816428E+001  0.34479377E+001
  0.57579511E+000  0.94010315E+000  0.10816428E+001  0.34479373E+001
  0.57579511E+000  0.94010315E+000  0.10816428E+001  0.34479369E+001
  0.57579511E+000  0.94010315E+000  0.10816428E+001  0.34479365E+001
  0.57579511E+000  0.94010315E+000  0.10816428E+001  0.34479361E+001
  0.57579511E+000  0.94010315E+000  0.10816427E+001  0.34479357E+001
  0.57579511E+000  0.94010315E+000  0.10816427E+001  0.34479353E+001
  0.57579511E+000  0.94010315E+000  0.10816427E+001  0.34479350E+001
  0.57579511E+000  0.94010315E+000  0.10816427E+001  0.34479346E+001
  0.57579511E+000  0.94010315E+000  0.10816427E+001  0.34479342E+001
  0.57579511E+000  0.94010315E+000  0.10816427E+001  0.34479339E+001
  0.57579511E+000  0.94010315E+000  0.10816427E+001  0.34479335E+001
  0.57579511E+000  0.94010316E+000  0.10816427E+001  0.34479331E+001
  0.57579512E+000  0.94010317E+000  0.10816427E+001  0.34479328E+001
  0.57579511E+000  0.94010317E+000  0.10816427E+001  0.34479324E+001
