  0.68673222E+000
  0.68674841E+000
  0.68677118E+000
  0.68679220E+000
  0.68681060E+000
  0.68682657E+000
  0.68684040E+000
  0.68685238E+000
  0.68686276E+000
  0.68687177E+000
  0.68687959E+000
  0.68688638E+000
  0.68689230E+000
  0.68689746E+000
  0.68690196E+000
  0.68690590E+000
  0.68690935E+000
  0.68691237E+000
  0.68691503E+000
  0.68691737E+000
  0.68691944E+000
  0.68692126E+000
  0.68692288E+000
  0.68692432E+000
  0.68692560E+000
  0.68692674E+000
  0.68692777E+000
  0.68692869E+000
  0.68692953E+000
  0.68693028E+000
  0.68693097E+000
  0.68693161E+000
  0.68693219E+000
  0.68693273E+000
  0.68693323E+000
  0.68693371E+000
  0.68693415E+000
  0.68693458E+000
  0.68693499E+000
  0.68693538E+000
  0.68693576E+000
  0.68693613E+000
  0.68693649E+000
  0.68693684E+000
  0.68693720E+000
  0.68693754E+000
  0.68693789E+000
  0.68693824E+000
  0.68693858E+000
  0.68693893E+000
  0.68693928E+000
  0.68693963E+000
  0.68693999E+000
  0.68694034E+000
  0.68694071E+000
  0.68694107E+000
  0.68694144E+000
  0.68694182E+000
  0.68694219E+000
  0.68694257E+000
  0.68694296E+000
  0.68694335E+000
  0.68694374E+000
  0.68694413E+000
  0.68694452E+000
  0.68694492E+000
  0.68694531E+000
  0.68694570E+000
  0.68694610E+000
  0.68694649E+000
  0.68694688E+000
  0.68694726E+000
  0.68694764E+000
  0.68694802E+000
  0.68694839E+000
  0.68694875E+000
  0.68694911E+000
  0.68694946E+000
  0.68694980E+000
  0.68695014E+000
  0.68695046E+000
  0.68695078E+000
  0.68695108E+000
  0.68695138E+000
  0.68695166E+000
  0.68695194E+000
  0.68695220E+000
  0.68695245E+000
  0.68695270E+000
  0.68695293E+000
  0.68695315E+000
  0.68695336E+000
  0.68695355E+000
  0.68695374E+000
  0.68695392E+000
  0.68695409E+000
  0.68695424E+000
  0.68695439E+000
  0.68695453E+000
  0.68695466E+000
  0.68695479E+000
  0.68695490E+000
  0.68695501E+000
  0.68695511E+000
  0.68695520E+000
  0.68695529E+000
  0.68695537E+000
  0.68695544E+000
  0.68695552E+000
  0.68695558E+000
  0.68695564E+000
  0.68695570E+000
  0.68695576E+000
  0.68695581E+000
  0.68695586E+000
  0.68695590E+000
  0.68695595E+000
  0.68695599E+000
  0.68695603E+000
  0.68695606E+000
  0.68695610E+000
  0.68695613E+000
  0.68695616E+000
  0.68695620E+000
  0.68695623E+000
  0.68695626E+000
  0.68695628E+000
  0.68695631E+000
  0.68695634E+000
  0.68695636E+000
  0.68695639E+000
  0.68695641E+000
  0.68695644E+000
  0.68695646E+000
  0.68695648E+000
  0.68695650E+000
  0.68695653E+000
  0.68695655E+000
  0.68695657E+000
  0.68695659E+000
  0.68695661E+000
  0.68695662E+000
  0.68695664E+000
  0.68695666E+000
  0.68695668E+000
  0.68695670E+000
  0.68695671E+000
  0.68695673E+000
  0.68695675E+000
  0.68695676E+000
  0.68695678E+000
  0.68695679E+000
  0.68695681E+000
  0.68695682E+000
  0.68695683E+000
  0.68695685E+000
  0.68695686E+000
  0.68695687E+000
  0.68695688E+000
  0.68695690E+000
  0.68695691E+000
  0.68695692E+000
  0.68695693E+000
  0.68695694E+000
  0.68695695E+000
  0.68695696E+000
  0.68695697E+000
  0.68695698E+000
  0.68695699E+000
  0.68695700E+000
  0.68695701E+000
  0.68695702E+000
  0.68695703E+000
  0.68695704E+000
  0.68695704E+000
  0.68695705E+000
  0.68695706E+000
  0.68695707E+000
  0.68695708E+000
  0.68695708E+000
  0.68695709E+000
  0.68695710E+000
  0.68695710E+000
  0.68695711E+000
  0.68695711E+000
  0.68695712E+000
  0.68695713E+000
  0.68695713E+000
  0.68695714E+000
  0.68695714E+000
  0.68695715E+000
  0.68695715E+000
  0.68695716E+000
  0.68695716E+000
  0.68695717E+000
  0.68695717E+000
  0.68695718E+000
  0.68695719E+000
  0.68695719E+000
  0.68695720E+000
