  0.10950479E+002
  0.10950562E+002
  0.10950630E+002
  0.10950684E+002
  0.10950728E+002
  0.10950763E+002
  0.10950791E+002
  0.10950813E+002
  0.10950830E+002
  0.10950843E+002
  0.10950852E+002
  0.10950859E+002
  0.10950864E+002
  0.10950866E+002
  0.10950867E+002
  0.10950867E+002
  0.10950866E+002
  0.10950865E+002
  0.10950862E+002
  0.10950859E+002
  0.10950856E+002
  0.10950853E+002
  0.10950850E+002
  0.10950846E+002
  0.10950842E+002
  0.10950839E+002
  0.10950835E+002
  0.10950832E+002
  0.10950829E+002
  0.10950826E+002
  0.10950823E+002
  0.10950820E+002
  0.10950818E+002
  0.10950815E+002
  0.10950813E+002
  0.10950811E+002
  0.10950810E+002
  0.10950808E+002
  0.10950807E+002
  0.10950806E+002
  0.10950805E+002
  0.10950805E+002
  0.10950804E+002
  0.10950804E+002
  0.10950804E+002
  0.10950804E+002
  0.10950805E+002
  0.10950805E+002
  0.10950806E+002
  0.10950807E+002
  0.10950807E+002
  0.10950808E+002
  0.10950809E+002
  0.10950811E+002
  0.10950812E+002
  0.10950813E+002
  0.10950814E+002
  0.10950816E+002
  0.10950817E+002
  0.10950819E+002
  0.10950820E+002
  0.10950821E+002
  0.10950823E+002
  0.10950824E+002
  0.10950826E+002
  0.10950827E+002
  0.10950828E+002
  0.10950829E+002
  0.10950831E+002
  0.10950832E+002
  0.10950833E+002
  0.10950834E+002
  0.10950835E+002
  0.10950835E+002
  0.10950836E+002
  0.10950837E+002
  0.10950837E+002
  0.10950838E+002
  0.10950838E+002
  0.10950838E+002
  0.10950838E+002
  0.10950838E+002
  0.10950838E+002
  0.10950838E+002
  0.10950838E+002
  0.10950837E+002
  0.10950837E+002
  0.10950836E+002
  0.10950835E+002
  0.10950834E+002
  0.10950833E+002
  0.10950832E+002
  0.10950831E+002
  0.10950829E+002
  0.10950828E+002
  0.10950826E+002
  0.10950825E+002
  0.10950823E+002
  0.10950821E+002
  0.10950819E+002
  0.10950817E+002
  0.10950815E+002
  0.10950813E+002
  0.10950811E+002
  0.10950809E+002
  0.10950806E+002
  0.10950804E+002
  0.10950802E+002
  0.10950799E+002
  0.10950797E+002
  0.10950795E+002
  0.10950792E+002
  0.10950790E+002
  0.10950787E+002
  0.10950785E+002
  0.10950782E+002
  0.10950780E+002
  0.10950777E+002
  0.10950775E+002
  0.10950772E+002
  0.10950770E+002
  0.10950767E+002
  0.10950765E+002
  0.10950762E+002
  0.10950760E+002
  0.10950757E+002
  0.10950755E+002
  0.10950752E+002
  0.10950750E+002
  0.10950747E+002
  0.10950745E+002
  0.10950742E+002
  0.10950740E+002
  0.10950737E+002
  0.10950735E+002
  0.10950733E+002
  0.10950730E+002
  0.10950728E+002
  0.10950725E+002
  0.10950723E+002
  0.10950720E+002
  0.10950717E+002
  0.10950715E+002
  0.10950712E+002
  0.10950710E+002
  0.10950707E+002
  0.10950705E+002
  0.10950702E+002
  0.10950700E+002
  0.10950697E+002
  0.10950694E+002
  0.10950692E+002
  0.10950689E+002
  0.10950686E+002
  0.10950684E+002
  0.10950681E+002
  0.10950678E+002
  0.10950676E+002
  0.10950673E+002
  0.10950670E+002
  0.10950667E+002
  0.10950665E+002
  0.10950662E+002
  0.10950659E+002
  0.10950656E+002
  0.10950654E+002
  0.10950651E+002
  0.10950648E+002
  0.10950645E+002
  0.10950642E+002
  0.10950640E+002
  0.10950637E+002
  0.10950634E+002
  0.10950631E+002
  0.10950628E+002
  0.10950625E+002
  0.10950623E+002
  0.10950620E+002
  0.10950617E+002
  0.10950614E+002
  0.10950612E+002
  0.10950609E+002
  0.10950606E+002
  0.10950603E+002
  0.10950601E+002
  0.10950598E+002
  0.10950595E+002
  0.10950593E+002
  0.10950590E+002
  0.10950587E+002
  0.10950585E+002
  0.10950582E+002
  0.10950580E+002
  0.10950577E+002
  0.10950575E+002
  0.10950573E+002
  0.10950570E+002
  0.10950568E+002
  0.10950565E+002
  0.10950563E+002
