  0.37555754E+000
  0.37555634E+000
  0.37555529E+000
  0.37555437E+000
  0.37555357E+000
  0.37555287E+000
  0.37555226E+000
  0.37555173E+000
  0.37555126E+000
  0.37555085E+000
  0.37555050E+000
  0.37555019E+000
  0.37554992E+000
  0.37554968E+000
  0.37554947E+000
  0.37554929E+000
  0.37554913E+000
  0.37554899E+000
  0.37554887E+000
  0.37554877E+000
  0.37554868E+000
  0.37554860E+000
  0.37554853E+000
  0.37554847E+000
  0.37554842E+000
  0.37554837E+000
  0.37554834E+000
  0.37554830E+000
  0.37554828E+000
  0.37554825E+000
  0.37554823E+000
  0.37554821E+000
  0.37554820E+000
  0.37554819E+000
  0.37554817E+000
  0.37554816E+000
  0.37554816E+000
  0.37554815E+000
  0.37554814E+000
  0.37554814E+000
  0.37554813E+000
  0.37554812E+000
  0.37554812E+000
  0.37554811E+000
  0.37554811E+000
  0.37554810E+000
  0.37554810E+000
  0.37554809E+000
  0.37554809E+000
  0.37554809E+000
  0.37554808E+000
  0.37554808E+000
  0.37554808E+000
  0.37554808E+000
  0.37554808E+000
  0.37554808E+000
  0.37554809E+000
  0.37554809E+000
  0.37554810E+000
  0.37554811E+000
  0.37554813E+000
  0.37554815E+000
  0.37554817E+000
  0.37554820E+000
  0.37554823E+000
  0.37554827E+000
  0.37554831E+000
  0.37554835E+000
  0.37554841E+000
  0.37554846E+000
  0.37554853E+000
  0.37554860E+000
  0.37554867E+000
  0.37554875E+000
  0.37554884E+000
  0.37554894E+000
  0.37554904E+000
  0.37554914E+000
  0.37554926E+000
  0.37554938E+000
  0.37554950E+000
  0.37554963E+000
  0.37554977E+000
  0.37554991E+000
  0.37555006E+000
  0.37555021E+000
  0.37555037E+000
  0.37555053E+000
  0.37555070E+000
  0.37555087E+000
  0.37555104E+000
  0.37555121E+000
  0.37555139E+000
  0.37555157E+000
  0.37555175E+000
  0.37555193E+000
  0.37555211E+000
  0.37555229E+000
  0.37555247E+000
  0.37555265E+000
  0.37555283E+000
  0.37555301E+000
  0.37555319E+000
  0.37555336E+000
  0.37555353E+000
  0.37555370E+000
  0.37555386E+000
  0.37555402E+000
  0.37555418E+000
  0.37555433E+000
  0.37555448E+000
  0.37555463E+000
  0.37555477E+000
  0.37555491E+000
  0.37555504E+000
  0.37555517E+000
  0.37555529E+000
  0.37555541E+000
  0.37555553E+000
  0.37555564E+000
  0.37555575E+000
  0.37555585E+000
  0.37555594E+000
  0.37555604E+000
  0.37555613E+000
  0.37555621E+000
  0.37555629E+000
  0.37555637E+000
  0.37555644E+000
  0.37555651E+000
  0.37555658E+000
  0.37555664E+000
  0.37555670E+000
  0.37555675E+000
  0.37555681E+000
  0.37555686E+000
  0.37555690E+000
  0.37555695E+000
  0.37555699E+000
  0.37555703E+000
  0.37555707E+000
  0.37555710E+000
  0.37555713E+000
  0.37555717E+000
  0.37555719E+000
  0.37555722E+000
  0.37555725E+000
  0.37555727E+000
  0.37555729E+000
  0.37555731E+000
  0.37555733E+000
  0.37555735E+000
  0.37555737E+000
  0.37555738E+000
  0.37555740E+000
  0.37555741E+000
  0.37555742E+000
  0.37555743E+000
  0.37555744E+000
  0.37555745E+000
  0.37555746E+000
  0.37555747E+000
  0.37555748E+000
  0.37555749E+000
  0.37555749E+000
  0.37555750E+000
  0.37555750E+000
  0.37555751E+000
  0.37555751E+000
  0.37555752E+000
  0.37555752E+000
  0.37555752E+000
  0.37555753E+000
  0.37555753E+000
  0.37555753E+000
  0.37555753E+000
  0.37555753E+000
  0.37555754E+000
  0.37555754E+000
  0.37555754E+000
  0.37555754E+000
  0.37555754E+000
  0.37555754E+000
  0.37555754E+000
  0.37555754E+000
  0.37555754E+000
  0.37555754E+000
  0.37555754E+000
  0.37555754E+000
  0.37555754E+000
  0.37555754E+000
  0.37555754E+000
  0.37555753E+000
  0.37555753E+000
  0.37555753E+000
  0.37555753E+000
  0.37555753E+000
  0.37555753E+000
  0.37555753E+000
  0.37555754E+000
