  0.52304222E+000
  0.52162344E+000
  0.52163060E+000
  0.52182682E+000
  0.52201651E+000
  0.52218066E+000
  0.52231934E+000
  0.52243568E+000
  0.52253318E+000
  0.52261494E+000
  0.52268353E+000
  0.52274109E+000
  0.52278942E+000
  0.52282969E+000
  0.52286333E+000
  0.52289151E+000
  0.52291514E+000
  0.52293496E+000
  0.52295160E+000
  0.52296556E+000
  0.52297728E+000
  0.52298711E+000
  0.52299536E+000
  0.52300228E+000
  0.52300808E+000
  0.52301294E+000
  0.52301702E+000
  0.52302042E+000
  0.52302327E+000
  0.52302565E+000
  0.52302763E+000
  0.52302927E+000
  0.52303063E+000
  0.52303174E+000
  0.52303265E+000
  0.52303338E+000
  0.52303396E+000
  0.52303441E+000
  0.52303474E+000
  0.52303497E+000
  0.52303512E+000
  0.52303519E+000
  0.52303519E+000
  0.52303513E+000
  0.52303503E+000
  0.52303487E+000
  0.52303468E+000
  0.52303444E+000
  0.52303418E+000
  0.52303390E+000
  0.52303359E+000
  0.52303327E+000
  0.52303294E+000
  0.52303259E+000
  0.52303225E+000
  0.52303191E+000
  0.52303157E+000
  0.52303124E+000
  0.52303092E+000
  0.52303061E+000
  0.52303032E+000
  0.52303005E+000
  0.52302980E+000
  0.52302957E+000
  0.52302936E+000
  0.52302918E+000
  0.52302902E+000
  0.52302889E+000
  0.52302879E+000
  0.52302871E+000
  0.52302866E+000
  0.52302863E+000
  0.52302863E+000
  0.52302866E+000
  0.52302871E+000
  0.52302879E+000
  0.52302890E+000
  0.52302903E+000
  0.52302918E+000
  0.52302935E+000
  0.52302955E+000
  0.52302976E+000
  0.52302999E+000
  0.52303024E+000
  0.52303051E+000
  0.52303079E+000
  0.52303108E+000
  0.52303138E+000
  0.52303169E+000
  0.52303201E+000
  0.52303233E+000
  0.52303266E+000
  0.52303299E+000
  0.52303332E+000
  0.52303365E+000
  0.52303398E+000
  0.52303431E+000
  0.52303463E+000
  0.52303495E+000
  0.52303526E+000
  0.52303556E+000
  0.52303586E+000
  0.52303615E+000
  0.52303643E+000
  0.52303670E+000
  0.52303696E+000
  0.52303721E+000
  0.52303745E+000
  0.52303768E+000
  0.52303790E+000
  0.52303811E+000
  0.52303832E+000
  0.52303851E+000
  0.52303869E+000
  0.52303886E+000
  0.52303903E+000
  0.52303918E+000
  0.52303933E+000
  0.52303947E+000
  0.52303961E+000
  0.52303974E+000
  0.52303986E+000
  0.52303997E+000
  0.52304008E+000
  0.52304018E+000
  0.52304028E+000
  0.52304038E+000
  0.52304047E+000
  0.52304055E+000
  0.52304063E+000
  0.52304071E+000
  0.52304078E+000
  0.52304085E+000
  0.52304092E+000
  0.52304098E+000
  0.52304104E+000
  0.52304110E+000
  0.52304116E+000
  0.52304121E+000
  0.52304126E+000
  0.52304131E+000
  0.52304136E+000
  0.52304140E+000
  0.52304144E+000
  0.52304148E+000
  0.52304152E+000
  0.52304156E+000
  0.52304159E+000
  0.52304162E+000
  0.52304166E+000
  0.52304169E+000
  0.52304171E+000
  0.52304174E+000
  0.52304177E+000
  0.52304179E+000
  0.52304181E+000
  0.52304183E+000
  0.52304185E+000
  0.52304187E+000
  0.52304189E+000
  0.52304191E+000
  0.52304192E+000
  0.52304194E+000
  0.52304195E+000
  0.52304197E+000
  0.52304198E+000
  0.52304199E+000
  0.52304200E+000
  0.52304201E+000
  0.52304202E+000
  0.52304203E+000
  0.52304204E+000
  0.52304205E+000
  0.52304206E+000
  0.52304207E+000
  0.52304207E+000
  0.52304208E+000
  0.52304209E+000
  0.52304209E+000
  0.52304210E+000
  0.52304210E+000
  0.52304211E+000
  0.52304211E+000
  0.52304212E+000
  0.52304212E+000
  0.52304213E+000
  0.52304213E+000
  0.52304213E+000
  0.52304214E+000
  0.52304214E+000
  0.52304214E+000
  0.52304214E+000
  0.52304214E+000
  0.52304214E+000
  0.52304214E+000
  0.52304213E+000
  0.52304212E+000
  0.52304211E+000
  0.52304205E+000
  0.52304192E+000
