  0.52114316E-006
  0.52114804E-006
  0.52115763E-006
  0.52116604E-006
  0.52117226E-006
  0.52117654E-006
  0.52117924E-006
  0.52118069E-006
  0.52118117E-006
  0.52118089E-006
  0.52118004E-006
  0.52117874E-006
  0.52117710E-006
  0.52117523E-006
  0.52117319E-006
  0.52117105E-006
  0.52116885E-006
  0.52116664E-006
  0.52116444E-006
  0.52116229E-006
  0.52116021E-006
  0.52115821E-006
  0.52115631E-006
  0.52115452E-006
  0.52115283E-006
  0.52115126E-006
  0.52114981E-006
  0.52114847E-006
  0.52114724E-006
  0.52114612E-006
  0.52114509E-006
  0.52114416E-006
  0.52114331E-006
  0.52114254E-006
  0.52114184E-006
  0.52114120E-006
  0.52114062E-006
  0.52114008E-006
  0.52113959E-006
  0.52113913E-006
  0.52113871E-006
  0.52113832E-006
  0.52113795E-006
  0.52113760E-006
  0.52113727E-006
  0.52113696E-006
  0.52113667E-006
  0.52113640E-006
  0.52113614E-006
  0.52113589E-006
  0.52113566E-006
  0.52113545E-006
  0.52113524E-006
  0.52113506E-006
  0.52113488E-006
  0.52113471E-006
  0.52113456E-006
  0.52113442E-006
  0.52113429E-006
  0.52113417E-006
  0.52113406E-006
  0.52113396E-006
  0.52113387E-006
  0.52113379E-006
  0.52113372E-006
  0.52113366E-006
  0.52113361E-006
  0.52113357E-006
  0.52113353E-006
  0.52113351E-006
  0.52113350E-006
  0.52113349E-006
  0.52113350E-006
  0.52113351E-006
  0.52113354E-006
  0.52113357E-006
  0.52113361E-006
  0.52113367E-006
  0.52113373E-006
  0.52113381E-006
  0.52113389E-006
  0.52113399E-006
  0.52113409E-006
  0.52113420E-006
  0.52113432E-006
  0.52113446E-006
  0.52113459E-006
  0.52113474E-006
  0.52113490E-006
  0.52113506E-006
  0.52113523E-006
  0.52113541E-006
  0.52113559E-006
  0.52113577E-006
  0.52113597E-006
  0.52113616E-006
  0.52113636E-006
  0.52113656E-006
  0.52113677E-006
  0.52113697E-006
  0.52113718E-006
  0.52113739E-006
  0.52113759E-006
  0.52113780E-006
  0.52113800E-006
  0.52113821E-006
  0.52113841E-006
  0.52113860E-006
  0.52113880E-006
  0.52113899E-006
  0.52113918E-006
  0.52113936E-006
  0.52113954E-006
  0.52113971E-006
  0.52113988E-006
  0.52114005E-006
  0.52114020E-006
  0.52114036E-006
  0.52114051E-006
  0.52114065E-006
  0.52114079E-006
  0.52114092E-006
  0.52114105E-006
  0.52114117E-006
  0.52114128E-006
  0.52114140E-006
  0.52114150E-006
  0.52114160E-006
  0.52114170E-006
  0.52114179E-006
  0.52114188E-006
  0.52114196E-006
  0.52114204E-006
  0.52114211E-006
  0.52114218E-006
  0.52114225E-006
  0.52114231E-006
  0.52114237E-006
  0.52114242E-006
  0.52114248E-006
  0.52114253E-006
  0.52114257E-006
  0.52114262E-006
  0.52114266E-006
  0.52114270E-006
  0.52114273E-006
  0.52114277E-006
  0.52114280E-006
  0.52114283E-006
  0.52114285E-006
  0.52114288E-006
  0.52114290E-006
  0.52114293E-006
  0.52114295E-006
  0.52114297E-006
  0.52114298E-006
  0.52114300E-006
  0.52114302E-006
  0.52114303E-006
  0.52114304E-006
  0.52114305E-006
  0.52114307E-006
  0.52114308E-006
  0.52114309E-006
  0.52114309E-006
  0.52114310E-006
  0.52114311E-006
  0.52114311E-006
  0.52114312E-006
  0.52114313E-006
  0.52114313E-006
  0.52114314E-006
  0.52114314E-006
  0.52114314E-006
  0.52114315E-006
  0.52114315E-006
  0.52114315E-006
  0.52114315E-006
  0.52114315E-006
  0.52114316E-006
  0.52114316E-006
  0.52114316E-006
  0.52114316E-006
  0.52114316E-006
  0.52114316E-006
  0.52114316E-006
  0.52114316E-006
  0.52114316E-006
  0.52114316E-006
  0.52114316E-006
  0.52114315E-006
  0.52114315E-006
  0.52114315E-006
  0.52114315E-006
  0.52114315E-006
  0.52114315E-006
  0.52114315E-006
  0.52114315E-006
  0.52114315E-006
  0.52114316E-006
