  0.23372266E+000
  0.23230117E+000
  0.23230300E+000
  0.23249455E+000
  0.23268079E+000
  0.23284257E+000
  0.23297975E+000
  0.23309528E+000
  0.23319252E+000
  0.23327443E+000
  0.23334349E+000
  0.23340178E+000
  0.23345101E+000
  0.23349232E+000
  0.23352709E+000
  0.23355646E+000
  0.23358131E+000
  0.23360237E+000
  0.23362022E+000
  0.23363538E+000
  0.23364825E+000
  0.23365919E+000
  0.23366850E+000
  0.23367641E+000
  0.23368315E+000
  0.23368888E+000
  0.23369376E+000
  0.23369791E+000
  0.23370144E+000
  0.23370445E+000
  0.23370699E+000
  0.23370915E+000
  0.23371098E+000
  0.23371252E+000
  0.23371382E+000
  0.23371491E+000
  0.23371581E+000
  0.23371655E+000
  0.23371716E+000
  0.23371764E+000
  0.23371802E+000
  0.23371831E+000
  0.23371852E+000
  0.23371866E+000
  0.23371873E+000
  0.23371875E+000
  0.23371871E+000
  0.23371864E+000
  0.23371852E+000
  0.23371837E+000
  0.23371819E+000
  0.23371799E+000
  0.23371777E+000
  0.23371753E+000
  0.23371729E+000
  0.23371703E+000
  0.23371678E+000
  0.23371653E+000
  0.23371628E+000
  0.23371604E+000
  0.23371581E+000
  0.23371559E+000
  0.23371539E+000
  0.23371521E+000
  0.23371504E+000
  0.23371489E+000
  0.23371476E+000
  0.23371465E+000
  0.23371457E+000
  0.23371450E+000
  0.23371446E+000
  0.23371444E+000
  0.23371443E+000
  0.23371445E+000
  0.23371449E+000
  0.23371456E+000
  0.23371464E+000
  0.23371473E+000
  0.23371485E+000
  0.23371498E+000
  0.23371513E+000
  0.23371529E+000
  0.23371547E+000
  0.23371565E+000
  0.23371585E+000
  0.23371605E+000
  0.23371627E+000
  0.23371649E+000
  0.23371671E+000
  0.23371694E+000
  0.23371717E+000
  0.23371740E+000
  0.23371763E+000
  0.23371785E+000
  0.23371808E+000
  0.23371830E+000
  0.23371852E+000
  0.23371873E+000
  0.23371893E+000
  0.23371913E+000
  0.23371932E+000
  0.23371950E+000
  0.23371968E+000
  0.23371984E+000
  0.23372000E+000
  0.23372015E+000
  0.23372029E+000
  0.23372042E+000
  0.23372054E+000
  0.23372066E+000
  0.23372076E+000
  0.23372086E+000
  0.23372095E+000
  0.23372104E+000
  0.23372112E+000
  0.23372119E+000
  0.23372126E+000
  0.23372133E+000
  0.23372138E+000
  0.23372144E+000
  0.23372149E+000
  0.23372154E+000
  0.23372158E+000
  0.23372162E+000
  0.23372166E+000
  0.23372170E+000
  0.23372173E+000
  0.23372177E+000
  0.23372180E+000
  0.23372183E+000
  0.23372186E+000
  0.23372189E+000
  0.23372191E+000
  0.23372194E+000
  0.23372196E+000
  0.23372199E+000
  0.23372201E+000
  0.23372203E+000
  0.23372206E+000
  0.23372208E+000
  0.23372210E+000
  0.23372212E+000
  0.23372214E+000
  0.23372216E+000
  0.23372218E+000
  0.23372220E+000
  0.23372221E+000
  0.23372223E+000
  0.23372225E+000
  0.23372226E+000
  0.23372228E+000
  0.23372229E+000
  0.23372231E+000
  0.23372232E+000
  0.23372233E+000
  0.23372235E+000
  0.23372236E+000
  0.23372237E+000
  0.23372238E+000
  0.23372239E+000
  0.23372240E+000
  0.23372241E+000
  0.23372242E+000
  0.23372243E+000
  0.23372244E+000
  0.23372245E+000
  0.23372246E+000
  0.23372247E+000
  0.23372247E+000
  0.23372248E+000
  0.23372249E+000
  0.23372249E+000
  0.23372250E+000
  0.23372251E+000
  0.23372251E+000
  0.23372252E+000
  0.23372252E+000
  0.23372253E+000
  0.23372253E+000
  0.23372254E+000
  0.23372254E+000
  0.23372255E+000
  0.23372255E+000
  0.23372256E+000
  0.23372256E+000
  0.23372256E+000
  0.23372257E+000
  0.23372257E+000
  0.23372258E+000
  0.23372258E+000
  0.23372258E+000
  0.23372258E+000
  0.23372258E+000
  0.23372258E+000
  0.23372258E+000
  0.23372258E+000
  0.23372256E+000
  0.23372255E+000
  0.23372249E+000
  0.23372236E+000
