  0.93159550E+000
  0.93154292E+000
  0.93150553E+000
  0.93147915E+000
  0.93146106E+000
  0.93144942E+000
  0.93144279E+000
  0.93144003E+000
  0.93144024E+000
  0.93144270E+000
  0.93144683E+000
  0.93145217E+000
  0.93145836E+000
  0.93146513E+000
  0.93147223E+000
  0.93147951E+000
  0.93148681E+000
  0.93149403E+000
  0.93150110E+000
  0.93150796E+000
  0.93151455E+000
  0.93152086E+000
  0.93152686E+000
  0.93153254E+000
  0.93153790E+000
  0.93154294E+000
  0.93154765E+000
  0.93155206E+000
  0.93155616E+000
  0.93155996E+000
  0.93156348E+000
  0.93156673E+000
  0.93156973E+000
  0.93157247E+000
  0.93157499E+000
  0.93157728E+000
  0.93157937E+000
  0.93158126E+000
  0.93158297E+000
  0.93158451E+000
  0.93158589E+000
  0.93158712E+000
  0.93158822E+000
  0.93158919E+000
  0.93159004E+000
  0.93159078E+000
  0.93159143E+000
  0.93159198E+000
  0.93159246E+000
  0.93159287E+000
  0.93159320E+000
  0.93159349E+000
  0.93159372E+000
  0.93159390E+000
  0.93159405E+000
  0.93159417E+000
  0.93159426E+000
  0.93159432E+000
  0.93159436E+000
  0.93159439E+000
  0.93159441E+000
  0.93159442E+000
  0.93159442E+000
  0.93159441E+000
  0.93159440E+000
  0.93159439E+000
  0.93159438E+000
  0.93159437E+000
  0.93159436E+000
  0.93159435E+000
  0.93159434E+000
  0.93159434E+000
  0.93159434E+000
  0.93159434E+000
  0.93159435E+000
  0.93159435E+000
  0.93159437E+000
  0.93159438E+000
  0.93159440E+000
  0.93159443E+000
  0.93159445E+000
  0.93159448E+000
  0.93159451E+000
  0.93159455E+000
  0.93159458E+000
  0.93159462E+000
  0.93159466E+000
  0.93159470E+000
  0.93159475E+000
  0.93159479E+000
  0.93159483E+000
  0.93159487E+000
  0.93159492E+000
  0.93159496E+000
  0.93159500E+000
  0.93159504E+000
  0.93159509E+000
  0.93159513E+000
  0.93159516E+000
  0.93159520E+000
  0.93159523E+000
  0.93159527E+000
  0.93159530E+000
  0.93159533E+000
  0.93159536E+000
  0.93159538E+000
  0.93159541E+000
  0.93159543E+000
  0.93159545E+000
  0.93159547E+000
  0.93159548E+000
  0.93159550E+000
  0.93159551E+000
  0.93159552E+000
  0.93159553E+000
  0.93159554E+000
  0.93159555E+000
  0.93159555E+000
  0.93159556E+000
  0.93159556E+000
  0.93159557E+000
  0.93159557E+000
  0.93159557E+000
  0.93159557E+000
  0.93159557E+000
  0.93159557E+000
  0.93159557E+000
  0.93159557E+000
  0.93159557E+000
  0.93159557E+000
  0.93159557E+000
  0.93159557E+000
  0.93159556E+000
  0.93159556E+000
  0.93159556E+000
  0.93159556E+000
  0.93159556E+000
  0.93159555E+000
  0.93159555E+000
  0.93159555E+000
  0.93159555E+000
  0.93159555E+000
  0.93159554E+000
  0.93159554E+000
  0.93159554E+000
  0.93159554E+000
  0.93159553E+000
  0.93159553E+000
  0.93159553E+000
  0.93159553E+000
  0.93159553E+000
  0.93159552E+000
  0.93159552E+000
  0.93159552E+000
  0.93159552E+000
  0.93159552E+000
  0.93159551E+000
  0.93159551E+000
  0.93159551E+000
  0.93159551E+000
  0.93159551E+000
  0.93159551E+000
  0.93159551E+000
  0.93159550E+000
  0.93159550E+000
  0.93159550E+000
  0.93159550E+000
  0.93159550E+000
  0.93159550E+000
  0.93159550E+000
  0.93159550E+000
  0.93159549E+000
  0.93159549E+000
  0.93159549E+000
  0.93159549E+000
  0.93159549E+000
  0.93159549E+000
  0.93159549E+000
  0.93159549E+000
  0.93159549E+000
  0.93159549E+000
  0.93159549E+000
  0.93159549E+000
  0.93159549E+000
  0.93159548E+000
  0.93159548E+000
  0.93159548E+000
  0.93159548E+000
  0.93159548E+000
  0.93159548E+000
  0.93159548E+000
  0.93159548E+000
  0.93159548E+000
  0.93159548E+000
  0.93159548E+000
  0.93159548E+000
  0.93159547E+000
  0.93159547E+000
  0.93159546E+000
  0.93159546E+000
