  0.91291450E+000
  0.91291128E+000
  0.91290872E+000
  0.91290675E+000
  0.91290526E+000
  0.91290416E+000
  0.91290338E+000
  0.91290285E+000
  0.91290252E+000
  0.91290236E+000
  0.91290232E+000
  0.91290239E+000
  0.91290253E+000
  0.91290273E+000
  0.91290298E+000
  0.91290326E+000
  0.91290356E+000
  0.91290387E+000
  0.91290420E+000
  0.91290453E+000
  0.91290485E+000
  0.91290518E+000
  0.91290549E+000
  0.91290580E+000
  0.91290610E+000
  0.91290639E+000
  0.91290666E+000
  0.91290693E+000
  0.91290718E+000
  0.91290741E+000
  0.91290763E+000
  0.91290784E+000
  0.91290804E+000
  0.91290822E+000
  0.91290839E+000
  0.91290854E+000
  0.91290868E+000
  0.91290881E+000
  0.91290893E+000
  0.91290904E+000
  0.91290913E+000
  0.91290922E+000
  0.91290930E+000
  0.91290936E+000
  0.91290942E+000
  0.91290948E+000
  0.91290952E+000
  0.91290956E+000
  0.91290959E+000
  0.91290962E+000
  0.91290964E+000
  0.91290966E+000
  0.91290968E+000
  0.91290969E+000
  0.91290970E+000
  0.91290971E+000
  0.91290972E+000
  0.91290973E+000
  0.91290974E+000
  0.91290975E+000
  0.91290976E+000
  0.91290977E+000
  0.91290978E+000
  0.91290979E+000
  0.91290980E+000
  0.91290982E+000
  0.91290983E+000
  0.91290985E+000
  0.91290987E+000
  0.91290990E+000
  0.91290992E+000
  0.91290995E+000
  0.91290998E+000
  0.91291001E+000
  0.91291005E+000
  0.91291008E+000
  0.91291012E+000
  0.91291017E+000
  0.91291021E+000
  0.91291026E+000
  0.91291032E+000
  0.91291037E+000
  0.91291043E+000
  0.91291049E+000
  0.91291055E+000
  0.91291062E+000
  0.91291069E+000
  0.91291076E+000
  0.91291083E+000
  0.91291091E+000
  0.91291099E+000
  0.91291107E+000
  0.91291115E+000
  0.91291123E+000
  0.91291132E+000
  0.91291141E+000
  0.91291149E+000
  0.91291158E+000
  0.91291167E+000
  0.91291177E+000
  0.91291186E+000
  0.91291195E+000
  0.91291204E+000
  0.91291214E+000
  0.91291223E+000
  0.91291232E+000
  0.91291241E+000
  0.91291251E+000
  0.91291260E+000
  0.91291269E+000
  0.91291278E+000
  0.91291287E+000
  0.91291296E+000
  0.91291304E+000
  0.91291313E+000
  0.91291321E+000
  0.91291330E+000
  0.91291338E+000
  0.91291346E+000
  0.91291354E+000
  0.91291362E+000
  0.91291369E+000
  0.91291376E+000
  0.91291384E+000
  0.91291391E+000
  0.91291397E+000
  0.91291404E+000
  0.91291411E+000
  0.91291417E+000
  0.91291423E+000
  0.91291429E+000
  0.91291434E+000
  0.91291440E+000
  0.91291445E+000
  0.91291450E+000
  0.91291455E+000
  0.91291460E+000
  0.91291464E+000
  0.91291469E+000
  0.91291473E+000
  0.91291477E+000
  0.91291481E+000
  0.91291484E+000
  0.91291488E+000
  0.91291491E+000
  0.91291494E+000
  0.91291497E+000
  0.91291500E+000
  0.91291502E+000
  0.91291505E+000
  0.91291507E+000
  0.91291509E+000
  0.91291511E+000
  0.91291513E+000
  0.91291515E+000
  0.91291516E+000
  0.91291518E+000
  0.91291519E+000
  0.91291520E+000
  0.91291521E+000
  0.91291522E+000
  0.91291523E+000
  0.91291523E+000
  0.91291524E+000
  0.91291524E+000
  0.91291525E+000
  0.91291525E+000
  0.91291525E+000
  0.91291525E+000
  0.91291525E+000
  0.91291525E+000
  0.91291525E+000
  0.91291525E+000
  0.91291524E+000
  0.91291524E+000
  0.91291523E+000
  0.91291523E+000
  0.91291522E+000
  0.91291521E+000
  0.91291521E+000
  0.91291520E+000
  0.91291519E+000
  0.91291518E+000
  0.91291518E+000
  0.91291517E+000
  0.91291516E+000
  0.91291515E+000
  0.91291514E+000
  0.91291513E+000
  0.91291512E+000
  0.91291510E+000
  0.91291509E+000
  0.91291508E+000
  0.91291507E+000
  0.91291506E+000
  0.91291505E+000
  0.91291504E+000
  0.91291502E+000
  0.91291501E+000
  0.91291500E+000
