  0.43070157E+000
  0.43069112E+000
  0.43068096E+000
  0.43067092E+000
  0.43066290E+000
  0.43065585E+000
  0.43064811E+000
  0.43064205E+000
  0.43063685E+000
  0.43063363E+000
  0.43063094E+000
  0.43062800E+000
  0.43062561E+000
  0.43062344E+000
  0.43062091E+000
  0.43061794E+000
  0.43061644E+000
  0.43061507E+000
  0.43061275E+000
  0.43061178E+000
  0.43061096E+000
  0.43061016E+000
  0.43060925E+000
  0.43060876E+000
  0.43060827E+000
  0.43060780E+000
  0.43060728E+000
  0.43060692E+000
  0.43060659E+000
  0.43060630E+000
  0.43060606E+000
  0.43060582E+000
  0.43060560E+000
  0.43060542E+000
  0.43060522E+000
  0.43060503E+000
  0.43060488E+000
  0.43060474E+000
  0.43060460E+000
  0.43060446E+000
  0.43060419E+000
  0.43060406E+000
  0.43060402E+000
  0.43060391E+000
  0.43060375E+000
  0.43060363E+000
  0.43060351E+000
  0.43060340E+000
  0.43060331E+000
  0.43060322E+000
  0.43060312E+000
  0.43060300E+000
  0.43060288E+000
  0.43060277E+000
  0.43060266E+000
  0.43060254E+000
  0.43060243E+000
  0.43060267E+000
  0.43060258E+000
  0.43060245E+000
  0.43060232E+000
  0.43060219E+000
  0.43060207E+000
  0.43060199E+000
  0.43060185E+000
  0.43060168E+000
  0.43060158E+000
  0.43060141E+000
  0.43060128E+000
  0.43060116E+000
  0.43060105E+000
  0.43060094E+000
  0.43060081E+000
  0.43060071E+000
  0.43060060E+000
  0.43060041E+000
  0.43060030E+000
  0.43060021E+000
  0.43060011E+000
  0.43060002E+000
  0.43059993E+000
  0.43059985E+000
  0.43059979E+000
  0.43059970E+000
  0.43059963E+000
  0.43059959E+000
  0.43059947E+000
  0.43059942E+000
  0.43059936E+000
  0.43059930E+000
  0.43059926E+000
  0.43059922E+000
  0.43059919E+000
  0.43059916E+000
  0.43059913E+000
  0.43059910E+000
  0.43059908E+000
  0.43059908E+000
  0.43059906E+000
  0.43059905E+000
  0.43059904E+000
  0.43059904E+000
  0.43059903E+000
  0.43059902E+000
  0.43059815E+000
  0.43059815E+000
  0.43059816E+000
  0.43059817E+000
  0.43059817E+000
  0.43059818E+000
  0.43059820E+000
  0.43059821E+000
  0.43059823E+000
  0.43059824E+000
  0.43059826E+000
  0.43059827E+000
  0.43059829E+000
  0.43059831E+000
  0.43059832E+000
  0.43059834E+000
  0.43059836E+000
  0.43059838E+000
  0.43059839E+000
  0.43059841E+000
  0.43059842E+000
  0.43059844E+000
  0.43059845E+000
  0.43059846E+000
  0.43059848E+000
  0.43059849E+000
  0.43059850E+000
  0.43059851E+000
  0.43059852E+000
  0.43059853E+000
  0.43059853E+000
  0.43059854E+000
  0.43059854E+000
  0.43059855E+000
  0.43059855E+000
  0.43059855E+000
  0.43059856E+000
  0.43059856E+000
  0.43059855E+000
  0.43059855E+000
  0.43059855E+000
  0.43059854E+000
  0.43059854E+000
  0.43059853E+000
  0.43059852E+000
  0.43059852E+000
  0.43059851E+000
  0.43059850E+000
  0.43059848E+000
  0.43059847E+000
  0.43059846E+000
  0.43059844E+000
  0.43059843E+000
  0.43059841E+000
  0.43059839E+000
  0.43059837E+000
  0.43059835E+000
  0.43059833E+000
  0.43059831E+000
  0.43059829E+000
  0.43059826E+000
  0.43059824E+000
  0.43059821E+000
  0.43059819E+000
  0.43059816E+000
  0.43059813E+000
  0.43059811E+000
  0.43059808E+000
  0.43059805E+000
  0.43059802E+000
  0.43059799E+000
  0.43059796E+000
  0.43059793E+000
  0.43059790E+000
  0.43059787E+000
  0.43059784E+000
  0.43059781E+000
  0.43059777E+000
  0.43059774E+000
  0.43059771E+000
  0.43059768E+000
  0.43059764E+000
  0.43059761E+000
  0.43059758E+000
  0.43059755E+000
  0.43059751E+000
  0.43059748E+000
  0.43059745E+000
  0.43059742E+000
  0.43059738E+000
  0.43059735E+000
  0.43059732E+000
  0.43059729E+000
  0.43059726E+000
  0.43059722E+000
  0.43059719E+000
