  0.44725324E-001
  0.44605747E-001
  0.44498618E-001
  0.44407362E-001
  0.44329516E-001
  0.44263239E-001
  0.44206848E-001
  0.44158868E-001
  0.44118036E-001
  0.44083277E-001
  0.44053679E-001
  0.44028466E-001
  0.44006983E-001
  0.43988672E-001
  0.43973063E-001
  0.43959756E-001
  0.43948408E-001
  0.43938731E-001
  0.43930479E-001
  0.43923442E-001
  0.43917441E-001
  0.43912322E-001
  0.43907954E-001
  0.43904226E-001
  0.43901040E-001
  0.43898314E-001
  0.43895975E-001
  0.43893963E-001
  0.43892223E-001
  0.43890711E-001
  0.43889385E-001
  0.43888212E-001
  0.43887161E-001
  0.43886208E-001
  0.43885331E-001
  0.43884511E-001
  0.43883731E-001
  0.43882980E-001
  0.43882244E-001
  0.43881516E-001
  0.43880787E-001
  0.43880051E-001
  0.43879302E-001
  0.43878538E-001
  0.43877754E-001
  0.43876949E-001
  0.43876120E-001
  0.43875266E-001
  0.43874387E-001
  0.43873482E-001
  0.43872551E-001
  0.43871594E-001
  0.43870611E-001
  0.43869605E-001
  0.43868574E-001
  0.43867522E-001
  0.43866448E-001
  0.43865354E-001
  0.43864243E-001
  0.43863116E-001
  0.43861974E-001
  0.43860821E-001
  0.43859657E-001
  0.43858486E-001
  0.43857309E-001
  0.43856130E-001
  0.43854949E-001
  0.43853771E-001
  0.43852597E-001
  0.43851429E-001
  0.43850271E-001
  0.43849124E-001
  0.43847991E-001
  0.43846875E-001
  0.43845777E-001
  0.43844700E-001
  0.43843645E-001
  0.43842616E-001
  0.43841613E-001
  0.43840639E-001
  0.43839695E-001
  0.43838781E-001
  0.43837901E-001
  0.43837054E-001
  0.43836241E-001
  0.43835464E-001
  0.43834723E-001
  0.43834018E-001
  0.43833349E-001
  0.43832716E-001
  0.43832119E-001
  0.43831558E-001
  0.43831033E-001
  0.43830541E-001
  0.43830084E-001
  0.43829659E-001
  0.43829266E-001
  0.43828904E-001
  0.43828572E-001
  0.43828267E-001
  0.43827989E-001
  0.43827737E-001
  0.43827509E-001
  0.43827303E-001
  0.43827119E-001
  0.43826954E-001
  0.43826807E-001
  0.43826678E-001
  0.43826564E-001
  0.43826464E-001
  0.43826377E-001
  0.43826302E-001
  0.43826237E-001
  0.43826183E-001
  0.43826136E-001
  0.43826098E-001
  0.43826066E-001
  0.43826040E-001
  0.43826020E-001
  0.43826004E-001
  0.43825992E-001
  0.43825984E-001
  0.43825978E-001
  0.43825975E-001
  0.43825975E-001
  0.43825976E-001
  0.43825978E-001
  0.43825982E-001
  0.43825987E-001
  0.43825993E-001
  0.43825999E-001
  0.43826006E-001
  0.43826014E-001
  0.43826021E-001
  0.43826029E-001
  0.43826037E-001
  0.43826045E-001
  0.43826053E-001
  0.43826060E-001
  0.43826068E-001
  0.43826076E-001
  0.43826083E-001
  0.43826090E-001
  0.43826097E-001
  0.43826104E-001
  0.43826110E-001
  0.43826116E-001
  0.43826122E-001
  0.43826128E-001
  0.43826133E-001
  0.43826138E-001
  0.43826142E-001
  0.43826147E-001
  0.43826151E-001
  0.43826155E-001
  0.43826158E-001
  0.43826161E-001
  0.43826164E-001
  0.43826166E-001
  0.43826168E-001
  0.43826170E-001
  0.43826172E-001
  0.43826173E-001
  0.43826174E-001
  0.43826175E-001
  0.43826176E-001
  0.43826176E-001
  0.43826176E-001
  0.43826176E-001
  0.43826176E-001
  0.43826175E-001
  0.43826174E-001
  0.43826173E-001
  0.43826172E-001
  0.43826171E-001
  0.43826170E-001
  0.43826168E-001
  0.43826166E-001
  0.43826164E-001
  0.43826163E-001
  0.43826161E-001
  0.43826158E-001
  0.43826156E-001
  0.43826154E-001
  0.43826152E-001
  0.43826149E-001
  0.43826147E-001
  0.43826144E-001
  0.43826141E-001
  0.43826139E-001
  0.43826136E-001
  0.43826133E-001
  0.43826129E-001
  0.43826126E-001
  0.43826121E-001
  0.43826116E-001
  0.43826110E-001
  0.43826102E-001
  0.43826087E-001
  0.43826055E-001
