  0.00000000E+000  0.00000000E+000  0.00000000E+000  0.00000000E+000  0.00000000E+000  0.93662127E-001  0.19283099E+001  0.12499507E+002  0.31295227E+002  0.78686205E+002  0.15900738E+003
  0.00000000E+000  0.00000000E+000  0.00000000E+000  0.00000000E+000  0.00000000E+000  0.93665433E-001  0.19283482E+001  0.12499675E+002  0.31295356E+002  0.78686543E+002  0.15900765E+003
  0.00000000E+000  0.00000000E+000  0.00000000E+000  0.00000000E+000  0.00000000E+000  0.93668381E-001  0.19283825E+001  0.12499824E+002  0.31295472E+002  0.78686847E+002  0.15900788E+003
  0.00000000E+000  0.00000000E+000  0.00000000E+000  0.00000000E+000  0.00000000E+000  0.93670956E-001  0.19284121E+001  0.12499953E+002  0.31295573E+002  0.78687110E+002  0.15900809E+003
  0.00000000E+000  0.00000000E+000  0.00000000E+000  0.00000000E+000  0.00000000E+000  0.93673190E-001  0.19284377E+001  0.12500063E+002  0.31295660E+002  0.78687337E+002  0.15900827E+003
  0.00000000E+000  0.00000000E+000  0.00000000E+000  0.00000000E+000  0.00000000E+000  0.93675119E-001  0.19284597E+001  0.12500158E+002  0.31295735E+002  0.78687531E+002  0.15900842E+003
  0.00000000E+000  0.00000000E+000  0.00000000E+000  0.00000000E+000  0.00000000E+000  0.93676778E-001  0.19284787E+001  0.12500240E+002  0.31295800E+002  0.78687698E+002  0.15900855E+003
  0.00000000E+000  0.00000000E+000  0.00000000E+000  0.00000000E+000  0.00000000E+000  0.93678202E-001  0.19284951E+001  0.12500310E+002  0.31295855E+002  0.78687842E+002  0.15900866E+003
  0.00000000E+000  0.00000000E+000  0.00000000E+000  0.00000000E+000  0.00000000E+000  0.93679418E-001  0.19285093E+001  0.12500370E+002  0.31295903E+002  0.78687966E+002  0.15900876E+003
  0.00000000E+000  0.00000000E+000  0.00000000E+000  0.00000000E+000  0.00000000E+000  0.93680455E-001  0.19285216E+001  0.12500423E+002  0.31295945E+002  0.78688073E+002  0.15900884E+003
  0.00000000E+000  0.00000000E+000  0.00000000E+000  0.00000000E+000  0.00000000E+000  0.93681334E-001  0.19285323E+001  0.12500468E+002  0.31295981E+002  0.78688165E+002  0.15900891E+003
  0.00000000E+000  0.00000000E+000  0.00000000E+000  0.00000000E+000  0.00000000E+000  0.93682077E-001  0.19285416E+001  0.12500507E+002  0.31296012E+002  0.78688246E+002  0.15900897E+003
  0.00000000E+000  0.00000000E+000  0.00000000E+000  0.00000000E+000  0.00000000E+000  0.93682701E-001  0.19285497E+001  0.12500540E+002  0.31296039E+002  0.78688316E+002  0.15900903E+003
  0.00000000E+000  0.00000000E+000  0.00000000E+000  0.00000000E+000  0.00000000E+000  0.93683221E-001  0.19285567E+001  0.12500570E+002  0.31296063E+002  0.78688377E+002  0.15900908E+003
  0.00000000E+000  0.00000000E+000  0.00000000E+000  0.00000000E+000  0.00000000E+000  0.93683651E-001  0.19285628E+001  0.12500596E+002  0.31296084E+002  0.78688431E+002  0.15900912E+003
  0.00000000E+000  0.00000000E+000  0.00000000E+000  0.00000000E+000  0.00000000E+000  0.93684003E-001  0.19285682E+001  0.12500618E+002  0.31296102E+002  0.78688479E+002  0.15900916E+003
  0.00000000E+000  0.00000000E+000  0.00000000E+000  0.00000000E+000  0.00000000E+000  0.93684286E-001  0.19285729E+001  0.12500638E+002  0.31296118E+002  0.78688521E+002  0.15900919E+003
  0.00000000E+000  0.00000000E+000  0.00000000E+000  0.00000000E+000  0.00000000E+000  0.93684510E-001  0.19285770E+001  0.12500655E+002  0.31296133E+002  0.78688558E+002  0.15900922E+003
  0.00000000E+000  0.00000000E+000  0.00000000E+000  0.00000000E+000  0.00000000E+000  0.93684681E-001  0.19285806E+001  0.12500671E+002  0.31296146E+002  0.78688592E+002  0.15900925E+003
  0.00000000E+000  0.00000000E+000  0.00000000E+000  0.00000000E+000  0.00000000E+000  0.93684807E-001  0.19285838E+001  0.12500684E+002  0.31296157E+002  0.78688622E+002  0.15900927E+003
  0.00000000E+000  0.00000000E+000  0.00000000E+000  0.00000000E+000  0.00000000E+000  0.93684892E-001  0.19285865E+001  0.12500696E+002  0.31296167E+002  0.78688649E+002  0.15900930E+003
  0.00000000E+000  0.00000000E+000  0.00000000E+000  0.00000000E+000  0.00000000E+000  0.93684943E-001  0.19285890E+001  0.12500707E+002  0.31296177E+002  0.78688675E+002  0.15900932E+003
  0.00000000E+000  0.00000000E+000  0.00000000E+000  0.00000000E+000  0.00000000E+000  0.93684963E-001  0.19285912E+001  0.12500717E+002  0.31296185E+002  0.78688698E+002  0.15900934E+003
  0.00000000E+000  0.00000000E+000  0.00000000E+000  0.00000000E+000  0.00000000E+000  0.93684956E-001  0.19285931E+001  0.12500725E+002  0.31296193E+002  0.78688719E+002  0.15900936E+003
  0.00000000E+000  0.00000000E+000  0.00000000E+000  0.00000000E+000  0.00000000E+000  0.93684925E-001  0.19285948E+001  0.12500733E+002  0.31296200E+002  0.78688739E+002  0.15900937E+003
  0.00000000E+000  0.00000000E+000  0.00000000E+000  0.00000000E+000  0.00000000E+000  0.93684873E-001  0.19285962E+001  0.12500741E+002  0.31296207E+002  0.78688758E+002  0.15900939E+003
  0.00000000E+000  0.00000000E+000  0.00000000E+000  0.00000000E+000  0.00000000E+000  0.93684803E-001  0.19285975E+001  0.12500747E+002  0.31296213E+002  0.78688776E+002  0.15900941E+003
  0.00000000E+000  0.00000000E+000  0.00000000E+000  0.00000000E+000  0.00000000E+000  0.93684717E-001  0.19285987E+001  0.12500753E+002  0.31296219E+002  0.78688793E+002  0.15900942E+003
  0.00000000E+000  0.00000000E+000  0.00000000E+000  0.00000000E+000  0.00000000E+000  0.93684617E-001  0.19285997E+001  0.12500759E+002  0.31296224E+002  0.78688810E+002  0.15900944E+003
  0.00000000E+000  0.00000000E+000  0.00000000E+000  0.00000000E+000  0.00000000E+000  0.93684504E-001  0.19286006E+001  0.12500764E+002  0.31296230E+002  0.78688827E+002  0.15900945E+003
  0.00000000E+000  0.00000000E+000  0.00000000E+000  0.00000000E+000  0.00000000E+000  0.93684380E-001  0.19286014E+001  0.12500769E+002  0.31296235E+002  0.78688843E+002  0.15900947E+003
  0.00000000E+000  0.00000000E+000  0.00000000E+000  0.00000000E+000  0.00000000E+000  0.93684247E-001  0.19286021E+001  0.12500774E+002  0.31296240E+002  0.78688859E+002  0.15900949E+003
  0.00000000E+000  0.00000000E+000  0.00000000E+000  0.00000000E+000  0.00000000E+000  0.93684105E-001  0.19286027E+001  0.12500779E+002  0.31296245E+002  0.78688874E+002  0.15900950E+003
  0.00000000E+000  0.00000000E+000  0.00000000E+000  0.00000000E+000  0.00000000E+000  0.93683955E-001  0.19286033E+001  0.12500783E+002  0.31296250E+002  0.78688890E+002  0.15900952E+003
  0.00000000E+000  0.00000000E+000  0.00000000E+000  0.00000000E+000  0.00000000E+000  0.93683800E-001  0.19286037E+001  0.12500787E+002  0.31296254E+002  0.78688906E+002  0.15900953E+003
  0.00000000E+000  0.00000000E+000  0.00000000E+000  0.00000000E+000  0.00000000E+000  0.93683639E-001  0.19286041E+001  0.12500791E+002  0.31296259E+002  0.78688923E+002  0.15900955E+003
  0.00000000E+000  0.00000000E+000  0.00000000E+000  0.00000000E+000  0.00000000E+000  0.93683474E-001  0.19286045E+001  0.12500795E+002  0.31296264E+002  0.78688939E+002  0.15900957E+003
  0.00000000E+000  0.00000000E+000  0.00000000E+000  0.00000000E+000  0.00000000E+000  0.93683306E-001  0.19286048E+001  0.12500799E+002  0.31296269E+002  0.78688956E+002  0.15900959E+003
  0.00000000E+000  0.00000000E+000  0.00000000E+000  0.00000000E+000  0.00000000E+000  0.93683134E-001  0.19286050E+001  0.12500803E+002  0.31296274E+002  0.78688973E+002  0.15900961E+003
  0.00000000E+000  0.00000000E+000  0.00000000E+000  0.00000000E+000  0.00000000E+000  0.93682961E-001  0.19286052E+001  0.12500807E+002  0.31296279E+002  0.78688990E+002  0.15900962E+003
  0.00000000E+000  0.00000000E+000  0.00000000E+000  0.00000000E+000  0.00000000E+000  0.93682786E-001  0.19286054E+001  0.12500811E+002  0.31296284E+002  0.78689008E+002  0.15900964E+003
  0.00000000E+000  0.00000000E+000  0.00000000E+000  0.00000000E+000  0.00000000E+000  0.93682610E-001  0.19286055E+001  0.12500814E+002  0.31296289E+002  0.78689026E+002  0.15900967E+003
  0.00000000E+000  0.00000000E+000  0.00000000E+000  0.00000000E+000  0.00000000E+000  0.93682435E-001  0.19286056E+001  0.12500818E+002  0.31296294E+002  0.78689045E+002  0.15900969E+003
  0.00000000E+000  0.00000000E+000  0.00000000E+000  0.00000000E+000  0.00000000E+000  0.93682260E-001  0.19286056E+001  0.12500822E+002  0.31296299E+002  0.78689065E+002  0.15900971E+003
  0.00000000E+000  0.00000000E+000  0.00000000E+000  0.00000000E+000  0.00000000E+000  0.93682086E-001  0.19286056E+001  0.12500825E+002  0.31296305E+002  0.78689084E+002  0.15900973E+003
  0.00000000E+000  0.00000000E+000  0.00000000E+000  0.00000000E+000  0.00000000E+000  0.93681915E-001  0.19286056E+001  0.12500829E+002  0.31296310E+002  0.78689105E+002  0.15900976E+003
  0.00000000E+000  0.00000000E+000  0.00000000E+000  0.00000000E+000  0.00000000E+000  0.93681745E-001  0.19286055E+001  0.12500832E+002  0.31296316E+002  0.78689126E+002  0.15900978E+003
  0.00000000E+000  0.00000000E+000  0.00000000E+000  0.00000000E+000  0.00000000E+000  0.93681578E-001  0.19286054E+001  0.12500836E+002  0.31296322E+002  0.78689147E+002  0.15900981E+003
  0.00000000E+000  0.00000000E+000  0.00000000E+000  0.00000000E+000  0.00000000E+000  0.93681413E-001  0.19286053E+001  0.12500839E+002  0.31296327E+002  0.78689169E+002  0.15900983E+003
  0.00000000E+000  0.00000000E+000  0.00000000E+000  0.00000000E+000  0.00000000E+000  0.93681252E-001  0.19286051E+001  0.12500843E+002  0.31296334E+002  0.78689192E+002  0.15900986E+003
  0.00000000E+000  0.00000000E+000  0.00000000E+000  0.00000000E+000  0.00000000E+000  0.93681094E-001  0.19286049E+001  0.12500846E+002  0.31296340E+002  0.78689215E+002  0.15900989E+003
  0.00000000E+000  0.00000000E+000  0.00000000E+000  0.00000000E+000  0.00000000E+000  0.93680939E-001  0.19286046E+001  0.12500850E+002  0.31296346E+002  0.78689239E+002  0.15900992E+003
  0.00000000E+000  0.00000000E+000  0.00000000E+000  0.00000000E+000  0.00000000E+000  0.93680788E-001  0.19286044E+001  0.12500853E+002  0.31296352E+002  0.78689263E+002  0.15900995E+003
  0.00000000E+000  0.00000000E+000  0.00000000E+000  0.00000000E+000  0.00000000E+000  0.93680639E-001  0.19286040E+001  0.12500856E+002  0.31296359E+002  0.78689288E+002  0.15900998E+003
  0.00000000E+000  0.00000000E+000  0.00000000E+000  0.00000000E+000  0.00000000E+000  0.93680494E-001  0.19286037E+001  0.12500859E+002  0.31296366E+002  0.78689313E+002  0.15901001E+003
  0.00000000E+000  0.00000000E+000  0.00000000E+000  0.00000000E+000  0.00000000E+000  0.93680350E-001  0.19286032E+001  0.12500862E+002  0.31296373E+002  0.78689339E+002  0.15901005E+003
  0.00000000E+000  0.00000000E+000  0.00000000E+000  0.00000000E+000  0.00000000E+000  0.93680209E-001  0.19286028E+001  0.12500865E+002  0.31296379E+002  0.78689366E+002  0.15901008E+003
  0.00000000E+000  0.00000000E+000  0.00000000E+000  0.00000000E+000  0.00000000E+000  0.93680070E-001  0.19286022E+001  0.12500868E+002  0.31296386E+002  0.78689393E+002  0.15901012E+003
  0.00000000E+000  0.00000000E+000  0.00000000E+000  0.00000000E+000  0.00000000E+000  0.93679931E-001  0.19286016E+001  0.12500870E+002  0.31296393E+002  0.78689420E+002  0.15901015E+003
  0.00000000E+000  0.00000000E+000  0.00000000E+000  0.00000000E+000  0.00000000E+000  0.93679793E-001  0.19286010E+001  0.12500873E+002  0.31296400E+002  0.78689448E+002  0.15901019E+003
  0.00000000E+000  0.00000000E+000  0.00000000E+000  0.00000000E+000  0.00000000E+000  0.93679654E-001  0.19286003E+001  0.12500875E+002  0.31296408E+002  0.78689476E+002  0.15901023E+003
  0.00000000E+000  0.00000000E+000  0.00000000E+000  0.00000000E+000  0.00000000E+000  0.93679515E-001  0.19285995E+001  0.12500877E+002  0.31296415E+002  0.78689504E+002  0.15901027E+003
  0.00000000E+000  0.00000000E+000  0.00000000E+000  0.00000000E+000  0.00000000E+000  0.93679375E-001  0.19285986E+001  0.12500878E+002  0.31296422E+002  0.78689533E+002  0.15901031E+003
  0.00000000E+000  0.00000000E+000  0.00000000E+000  0.00000000E+000  0.00000000E+000  0.93679232E-001  0.19285977E+001  0.12500880E+002  0.31296429E+002  0.78689562E+002  0.15901035E+003
  0.00000000E+000  0.00000000E+000  0.00000000E+000  0.00000000E+000  0.00000000E+000  0.93679086E-001  0.19285967E+001  0.12500881E+002  0.31296436E+002  0.78689591E+002  0.15901040E+003
  0.00000000E+000  0.00000000E+000  0.00000000E+000  0.00000000E+000  0.00000000E+000  0.93678938E-001  0.19285956E+001  0.12500881E+002  0.31296443E+002  0.78689621E+002  0.15901044E+003
  0.00000000E+000  0.00000000E+000  0.00000000E+000  0.00000000E+000  0.00000000E+000  0.93678785E-001  0.19285944E+001  0.12500881E+002  0.31296450E+002  0.78689650E+002  0.15901049E+003
  0.00000000E+000  0.00000000E+000  0.00000000E+000  0.00000000E+000  0.00000000E+000  0.93678628E-001  0.19285931E+001  0.12500881E+002  0.31296456E+002  0.78689680E+002  0.15901053E+003
  0.00000000E+000  0.00000000E+000  0.00000000E+000  0.00000000E+000  0.00000000E+000  0.93678466E-001  0.19285917E+001  0.12500881E+002  0.31296463E+002  0.78689710E+002  0.15901058E+003
  0.00000000E+000  0.00000000E+000  0.00000000E+000  0.00000000E+000  0.00000000E+000  0.93678298E-001  0.19285902E+001  0.12500880E+002  0.31296469E+002  0.78689739E+002  0.15901063E+003
  0.00000000E+000  0.00000000E+000  0.00000000E+000  0.00000000E+000  0.00000000E+000  0.93678125E-001  0.19285886E+001  0.12500878E+002  0.31296476E+002  0.78689769E+002  0.15901068E+003
  0.00000000E+000  0.00000000E+000  0.00000000E+000  0.00000000E+000  0.00000000E+000  0.93677946E-001  0.19285868E+001  0.12500877E+002  0.31296482E+002  0.78689798E+002  0.15901073E+003
  0.00000000E+000  0.00000000E+000  0.00000000E+000  0.00000000E+000  0.00000000E+000  0.93677761E-001  0.19285850E+001  0.12500874E+002  0.31296487E+002  0.78689827E+002  0.15901078E+003
  0.00000000E+000  0.00000000E+000  0.00000000E+000  0.00000000E+000  0.00000000E+000  0.93677569E-001  0.19285830E+001  0.12500871E+002  0.31296493E+002  0.78689855E+002  0.15901083E+003
  0.00000000E+000  0.00000000E+000  0.00000000E+000  0.00000000E+000  0.00000000E+000  0.93677370E-001  0.19285810E+001  0.12500868E+002  0.31296498E+002  0.78689883E+002  0.15901089E+003
  0.00000000E+000  0.00000000E+000  0.00000000E+000  0.00000000E+000  0.00000000E+000  0.93677164E-001  0.19285788E+001  0.12500863E+002  0.31296503E+002  0.78689911E+002  0.15901094E+003
  0.00000000E+000  0.00000000E+000  0.00000000E+000  0.00000000E+000  0.00000000E+000  0.93676951E-001  0.19285764E+001  0.12500859E+002  0.31296508E+002  0.78689938E+002  0.15901099E+003
  0.00000000E+000  0.00000000E+000  0.00000000E+000  0.00000000E+000  0.00000000E+000  0.93676731E-001  0.19285740E+001  0.12500853E+002  0.31296512E+002  0.78689965E+002  0.15901105E+003
  0.00000000E+000  0.00000000E+000  0.00000000E+000  0.00000000E+000  0.00000000E+000  0.93676504E-001  0.19285714E+001  0.12500848E+002  0.31296515E+002  0.78689991E+002  0.15901110E+003
  0.00000000E+000  0.00000000E+000  0.00000000E+000  0.00000000E+000  0.00000000E+000  0.93676270E-001  0.19285687E+001  0.12500841E+002  0.31296519E+002  0.78690016E+002  0.15901116E+003
  0.00000000E+000  0.00000000E+000  0.00000000E+000  0.00000000E+000  0.00000000E+000  0.93676030E-001  0.19285658E+001  0.12500834E+002  0.31296522E+002  0.78690040E+002  0.15901121E+003
  0.00000000E+000  0.00000000E+000  0.00000000E+000  0.00000000E+000  0.00000000E+000  0.93675782E-001  0.19285629E+001  0.12500826E+002  0.31296524E+002  0.78690064E+002  0.15901127E+003
  0.00000000E+000  0.00000000E+000  0.00000000E+000  0.00000000E+000  0.00000000E+000  0.93675528E-001  0.19285598E+001  0.12500817E+002  0.31296526E+002  0.78690086E+002  0.15901133E+003
  0.00000000E+000  0.00000000E+000  0.00000000E+000  0.00000000E+000  0.00000000E+000  0.93675268E-001  0.19285566E+001  0.12500808E+002  0.31296527E+002  0.78690108E+002  0.15901139E+003
  0.00000000E+000  0.00000000E+000  0.00000000E+000  0.00000000E+000  0.00000000E+000  0.93675001E-001  0.19285533E+001  0.12500798E+002  0.31296528E+002  0.78690129E+002  0.15901144E+003
  0.00000000E+000  0.00000000E+000  0.00000000E+000  0.00000000E+000  0.00000000E+000  0.93674729E-001  0.19285498E+001  0.12500788E+002  0.31296529E+002  0.78690148E+002  0.15901150E+003
  0.00000000E+000  0.00000000E+000  0.00000000E+000  0.00000000E+000  0.00000000E+000  0.93674451E-001  0.19285463E+001  0.12500777E+002  0.31296529E+002  0.78690167E+002  0.15901156E+003
  0.00000000E+000  0.00000000E+000  0.00000000E+000  0.00000000E+000  0.00000000E+000  0.93674169E-001  0.19285426E+001  0.12500765E+002  0.31296528E+002  0.78690184E+002  0.15901162E+003
  0.00000000E+000  0.00000000E+000  0.00000000E+000  0.00000000E+000  0.00000000E+000  0.93673882E-001  0.19285388E+001  0.12500752E+002  0.31296527E+002  0.78690200E+002  0.15901167E+003
  0.00000000E+000  0.00000000E+000  0.00000000E+000  0.00000000E+000  0.00000000E+000  0.93673591E-001  0.19285349E+001  0.12500739E+002  0.31296525E+002  0.78690215E+002  0.15901173E+003
  0.00000000E+000  0.00000000E+000  0.00000000E+000  0.00000000E+000  0.00000000E+000  0.93673296E-001  0.19285310E+001  0.12500726E+002  0.31296522E+002  0.78690229E+002  0.15901179E+003
  0.00000000E+000  0.00000000E+000  0.00000000E+000  0.00000000E+000  0.00000000E+000  0.93672999E-001  0.19285269E+001  0.12500711E+002  0.31296519E+002  0.78690241E+002  0.15901185E+003
  0.00000000E+000  0.00000000E+000  0.00000000E+000  0.00000000E+000  0.00000000E+000  0.93672698E-001  0.19285227E+001  0.12500697E+002  0.31296516E+002  0.78690252E+002  0.15901190E+003
  0.00000000E+000  0.00000000E+000  0.00000000E+000  0.00000000E+000  0.00000000E+000  0.93672397E-001  0.19285185E+001  0.12500681E+002  0.31296512E+002  0.78690262E+002  0.15901196E+003
  0.00000000E+000  0.00000000E+000  0.00000000E+000  0.00000000E+000  0.00000000E+000  0.93672093E-001  0.19285142E+001  0.12500666E+002  0.31296507E+002  0.78690271E+002  0.15901201E+003
  0.00000000E+000  0.00000000E+000  0.00000000E+000  0.00000000E+000  0.00000000E+000  0.93671789E-001  0.19285098E+001  0.12500649E+002  0.31296501E+002  0.78690278E+002  0.15901207E+003
  0.00000000E+000  0.00000000E+000  0.00000000E+000  0.00000000E+000  0.00000000E+000  0.93671485E-001  0.19285054E+001  0.12500632E+002  0.31296495E+002  0.78690283E+002  0.15901212E+003
  0.00000000E+000  0.00000000E+000  0.00000000E+000  0.00000000E+000  0.00000000E+000  0.93671182E-001  0.19285009E+001  0.12500615E+002  0.31296489E+002  0.78690287E+002  0.15901217E+003
  0.00000000E+000  0.00000000E+000  0.00000000E+000  0.00000000E+000  0.00000000E+000  0.93670879E-001  0.19284964E+001  0.12500598E+002  0.31296481E+002  0.78690290E+002  0.15901223E+003
  0.00000000E+000  0.00000000E+000  0.00000000E+000  0.00000000E+000  0.00000000E+000  0.93670579E-001  0.19284919E+001  0.12500579E+002  0.31296474E+002  0.78690292E+002  0.15901228E+003
  0.00000000E+000  0.00000000E+000  0.00000000E+000  0.00000000E+000  0.00000000E+000  0.93670280E-001  0.19284873E+001  0.12500561E+002  0.31296465E+002  0.78690292E+002  0.15901233E+003
  0.00000000E+000  0.00000000E+000  0.00000000E+000  0.00000000E+000  0.00000000E+000  0.93669984E-001  0.19284827E+001  0.12500542E+002  0.31296456E+002  0.78690290E+002  0.15901237E+003
  0.00000000E+000  0.00000000E+000  0.00000000E+000  0.00000000E+000  0.00000000E+000  0.93669692E-001  0.19284781E+001  0.12500523E+002  0.31296447E+002  0.78690287E+002  0.15901242E+003
  0.00000000E+000  0.00000000E+000  0.00000000E+000  0.00000000E+000  0.00000000E+000  0.93669403E-001  0.19284734E+001  0.12500504E+002  0.31296437E+002  0.78690283E+002  0.15901247E+003
  0.00000000E+000  0.00000000E+000  0.00000000E+000  0.00000000E+000  0.00000000E+000  0.93669119E-001  0.19284688E+001  0.12500485E+002  0.31296426E+002  0.78690277E+002  0.15901251E+003
  0.00000000E+000  0.00000000E+000  0.00000000E+000  0.00000000E+000  0.00000000E+000  0.93668839E-001  0.19284642E+001  0.12500465E+002  0.31296415E+002  0.78690270E+002  0.15901256E+003
  0.00000000E+000  0.00000000E+000  0.00000000E+000  0.00000000E+000  0.00000000E+000  0.93668565E-001  0.19284596E+001  0.12500445E+002  0.31296403E+002  0.78690261E+002  0.15901260E+003
  0.00000000E+000  0.00000000E+000  0.00000000E+000  0.00000000E+000  0.00000000E+000  0.93668296E-001  0.19284551E+001  0.12500426E+002  0.31296391E+002  0.78690251E+002  0.15901264E+003
  0.00000000E+000  0.00000000E+000  0.00000000E+000  0.00000000E+000  0.00000000E+000  0.93668033E-001  0.19284505E+001  0.12500406E+002  0.31296379E+002  0.78690239E+002  0.15901267E+003
  0.00000000E+000  0.00000000E+000  0.00000000E+000  0.00000000E+000  0.00000000E+000  0.93667776E-001  0.19284461E+001  0.12500386E+002  0.31296366E+002  0.78690226E+002  0.15901271E+003
  0.00000000E+000  0.00000000E+000  0.00000000E+000  0.00000000E+000  0.00000000E+000  0.93667525E-001  0.19284416E+001  0.12500366E+002  0.31296352E+002  0.78690212E+002  0.15901274E+003
  0.00000000E+000  0.00000000E+000  0.00000000E+000  0.00000000E+000  0.00000000E+000  0.93667281E-001  0.19284372E+001  0.12500345E+002  0.31296338E+002  0.78690196E+002  0.15901278E+003
  0.00000000E+000  0.00000000E+000  0.00000000E+000  0.00000000E+000  0.00000000E+000  0.93667044E-001  0.19284329E+001  0.12500325E+002  0.31296324E+002  0.78690178E+002  0.15901281E+003
  0.00000000E+000  0.00000000E+000  0.00000000E+000  0.00000000E+000  0.00000000E+000  0.93666813E-001  0.19284286E+001  0.12500305E+002  0.31296309E+002  0.78690160E+002  0.15901283E+003
  0.00000000E+000  0.00000000E+000  0.00000000E+000  0.00000000E+000  0.00000000E+000  0.93666590E-001  0.19284244E+001  0.12500285E+002  0.31296294E+002  0.78690140E+002  0.15901286E+003
  0.00000000E+000  0.00000000E+000  0.00000000E+000  0.00000000E+000  0.00000000E+000  0.93666374E-001  0.19284202E+001  0.12500266E+002  0.31296279E+002  0.78690118E+002  0.15901288E+003
  0.00000000E+000  0.00000000E+000  0.00000000E+000  0.00000000E+000  0.00000000E+000  0.93666165E-001  0.19284162E+001  0.12500246E+002  0.31296264E+002  0.78690095E+002  0.15901291E+003
  0.00000000E+000  0.00000000E+000  0.00000000E+000  0.00000000E+000  0.00000000E+000  0.93665963E-001  0.19284122E+001  0.12500226E+002  0.31296248E+002  0.78690071E+002  0.15901292E+003
  0.00000000E+000  0.00000000E+000  0.00000000E+000  0.00000000E+000  0.00000000E+000  0.93665768E-001  0.19284083E+001  0.12500207E+002  0.31296231E+002  0.78690046E+002  0.15901294E+003
  0.00000000E+000  0.00000000E+000  0.00000000E+000  0.00000000E+000  0.00000000E+000  0.93665581E-001  0.19284044E+001  0.12500188E+002  0.31296215E+002  0.78690019E+002  0.15901295E+003
  0.00000000E+000  0.00000000E+000  0.00000000E+000  0.00000000E+000  0.00000000E+000  0.93665401E-001  0.19284007E+001  0.12500169E+002  0.31296198E+002  0.78689991E+002  0.15901297E+003
  0.00000000E+000  0.00000000E+000  0.00000000E+000  0.00000000E+000  0.00000000E+000  0.93665228E-001  0.19283971E+001  0.12500150E+002  0.31296182E+002  0.78689962E+002  0.15901297E+003
  0.00000000E+000  0.00000000E+000  0.00000000E+000  0.00000000E+000  0.00000000E+000  0.93665062E-001  0.19283935E+001  0.12500131E+002  0.31296165E+002  0.78689931E+002  0.15901298E+003
  0.00000000E+000  0.00000000E+000  0.00000000E+000  0.00000000E+000  0.00000000E+000  0.93664902E-001  0.19283900E+001  0.12500113E+002  0.31296147E+002  0.78689899E+002  0.15901299E+003
  0.00000000E+000  0.00000000E+000  0.00000000E+000  0.00000000E+000  0.00000000E+000  0.93664750E-001  0.19283867E+001  0.12500095E+002  0.31296130E+002  0.78689866E+002  0.15901299E+003
  0.00000000E+000  0.00000000E+000  0.00000000E+000  0.00000000E+000  0.00000000E+000  0.93664604E-001  0.19283834E+001  0.12500077E+002  0.31296113E+002  0.78689832E+002  0.15901298E+003
  0.00000000E+000  0.00000000E+000  0.00000000E+000  0.00000000E+000  0.00000000E+000  0.93664464E-001  0.19283802E+001  0.12500060E+002  0.31296095E+002  0.78689796E+002  0.15901298E+003
  0.00000000E+000  0.00000000E+000  0.00000000E+000  0.00000000E+000  0.00000000E+000  0.93664331E-001  0.19283771E+001  0.12500042E+002  0.31296078E+002  0.78689760E+002  0.15901297E+003
  0.00000000E+000  0.00000000E+000  0.00000000E+000  0.00000000E+000  0.00000000E+000  0.93664204E-001  0.19283741E+001  0.12500026E+002  0.31296060E+002  0.78689722E+002  0.15901296E+003
  0.00000000E+000  0.00000000E+000  0.00000000E+000  0.00000000E+000  0.00000000E+000  0.93664083E-001  0.19283712E+001  0.12500009E+002  0.31296042E+002  0.78689684E+002  0.15901295E+003
  0.00000000E+000  0.00000000E+000  0.00000000E+000  0.00000000E+000  0.00000000E+000  0.93663967E-001  0.19283684E+001  0.12499993E+002  0.31296025E+002  0.78689644E+002  0.15901294E+003
  0.00000000E+000  0.00000000E+000  0.00000000E+000  0.00000000E+000  0.00000000E+000  0.93663857E-001  0.19283657E+001  0.12499977E+002  0.31296007E+002  0.78689603E+002  0.15901292E+003
  0.00000000E+000  0.00000000E+000  0.00000000E+000  0.00000000E+000  0.00000000E+000  0.93663753E-001  0.19283631E+001  0.12499961E+002  0.31295989E+002  0.78689562E+002  0.15901290E+003
  0.00000000E+000  0.00000000E+000  0.00000000E+000  0.00000000E+000  0.00000000E+000  0.93663654E-001  0.19283606E+001  0.12499946E+002  0.31295972E+002  0.78689519E+002  0.15901288E+003
  0.00000000E+000  0.00000000E+000  0.00000000E+000  0.00000000E+000  0.00000000E+000  0.93663559E-001  0.19283581E+001  0.12499931E+002  0.31295954E+002  0.78689476E+002  0.15901285E+003
  0.00000000E+000  0.00000000E+000  0.00000000E+000  0.00000000E+000  0.00000000E+000  0.93663470E-001  0.19283558E+001  0.12499916E+002  0.31295937E+002  0.78689432E+002  0.15901283E+003
  0.00000000E+000  0.00000000E+000  0.00000000E+000  0.00000000E+000  0.00000000E+000  0.93663385E-001  0.19283535E+001  0.12499902E+002  0.31295919E+002  0.78689387E+002  0.15901280E+003
  0.00000000E+000  0.00000000E+000  0.00000000E+000  0.00000000E+000  0.00000000E+000  0.93663305E-001  0.19283514E+001  0.12499888E+002  0.31295902E+002  0.78689341E+002  0.15901276E+003
  0.00000000E+000  0.00000000E+000  0.00000000E+000  0.00000000E+000  0.00000000E+000  0.93663229E-001  0.19283493E+001  0.12499874E+002  0.31295885E+002  0.78689294E+002  0.15901273E+003
  0.00000000E+000  0.00000000E+000  0.00000000E+000  0.00000000E+000  0.00000000E+000  0.93663158E-001  0.19283473E+001  0.12499861E+002  0.31295868E+002  0.78689247E+002  0.15901269E+003
  0.00000000E+000  0.00000000E+000  0.00000000E+000  0.00000000E+000  0.00000000E+000  0.93663090E-001  0.19283454E+001  0.12499848E+002  0.31295851E+002  0.78689199E+002  0.15901265E+003
  0.00000000E+000  0.00000000E+000  0.00000000E+000  0.00000000E+000  0.00000000E+000  0.93663026E-001  0.19283435E+001  0.12499835E+002  0.31295834E+002  0.78689151E+002  0.15901261E+003
  0.00000000E+000  0.00000000E+000  0.00000000E+000  0.00000000E+000  0.00000000E+000  0.93662965E-001  0.19283418E+001  0.12499823E+002  0.31295818E+002  0.78689102E+002  0.15901256E+003
  0.00000000E+000  0.00000000E+000  0.00000000E+000  0.00000000E+000  0.00000000E+000  0.93662908E-001  0.19283401E+001  0.12499811E+002  0.31295801E+002  0.78689053E+002  0.15901252E+003
  0.00000000E+000  0.00000000E+000  0.00000000E+000  0.00000000E+000  0.00000000E+000  0.93662855E-001  0.19283385E+001  0.12499799E+002  0.31295785E+002  0.78689003E+002  0.15901247E+003
  0.00000000E+000  0.00000000E+000  0.00000000E+000  0.00000000E+000  0.00000000E+000  0.93662804E-001  0.19283369E+001  0.12499788E+002  0.31295769E+002  0.78688953E+002  0.15901242E+003
  0.00000000E+000  0.00000000E+000  0.00000000E+000  0.00000000E+000  0.00000000E+000  0.93662757E-001  0.19283355E+001  0.12499777E+002  0.31295754E+002  0.78688903E+002  0.15901237E+003
  0.00000000E+000  0.00000000E+000  0.00000000E+000  0.00000000E+000  0.00000000E+000  0.93662712E-001  0.19283341E+001  0.12499767E+002  0.31295738E+002  0.78688852E+002  0.15901231E+003
  0.00000000E+000  0.00000000E+000  0.00000000E+000  0.00000000E+000  0.00000000E+000  0.93662670E-001  0.19283327E+001  0.12499756E+002  0.31295723E+002  0.78688801E+002  0.15901226E+003
  0.00000000E+000  0.00000000E+000  0.00000000E+000  0.00000000E+000  0.00000000E+000  0.93662630E-001  0.19283314E+001  0.12499746E+002  0.31295708E+002  0.78688750E+002  0.15901220E+003
  0.00000000E+000  0.00000000E+000  0.00000000E+000  0.00000000E+000  0.00000000E+000  0.93662594E-001  0.19283302E+001  0.12499737E+002  0.31295693E+002  0.78688699E+002  0.15901214E+003
  0.00000000E+000  0.00000000E+000  0.00000000E+000  0.00000000E+000  0.00000000E+000  0.93662559E-001  0.19283291E+001  0.12499727E+002  0.31295679E+002  0.78688648E+002  0.15901208E+003
  0.00000000E+000  0.00000000E+000  0.00000000E+000  0.00000000E+000  0.00000000E+000  0.93662527E-001  0.19283280E+001  0.12499718E+002  0.31295665E+002  0.78688597E+002  0.15901202E+003
  0.00000000E+000  0.00000000E+000  0.00000000E+000  0.00000000E+000  0.00000000E+000  0.93662496E-001  0.19283270E+001  0.12499709E+002  0.31295651E+002  0.78688546E+002  0.15901195E+003
  0.00000000E+000  0.00000000E+000  0.00000000E+000  0.00000000E+000  0.00000000E+000  0.93662468E-001  0.19283260E+001  0.12499701E+002  0.31295637E+002  0.78688494E+002  0.15901189E+003
  0.00000000E+000  0.00000000E+000  0.00000000E+000  0.00000000E+000  0.00000000E+000  0.93662441E-001  0.19283250E+001  0.12499693E+002  0.31295624E+002  0.78688443E+002  0.15901182E+003
  0.00000000E+000  0.00000000E+000  0.00000000E+000  0.00000000E+000  0.00000000E+000  0.93662417E-001  0.19283241E+001  0.12499685E+002  0.31295610E+002  0.78688393E+002  0.15901175E+003
  0.00000000E+000  0.00000000E+000  0.00000000E+000  0.00000000E+000  0.00000000E+000  0.93662394E-001  0.19283233E+001  0.12499677E+002  0.31295598E+002  0.78688342E+002  0.15901168E+003
  0.00000000E+000  0.00000000E+000  0.00000000E+000  0.00000000E+000  0.00000000E+000  0.93662372E-001  0.19283225E+001  0.12499670E+002  0.31295585E+002  0.78688292E+002  0.15901161E+003
  0.00000000E+000  0.00000000E+000  0.00000000E+000  0.00000000E+000  0.00000000E+000  0.93662352E-001  0.19283218E+001  0.12499663E+002  0.31295573E+002  0.78688242E+002  0.15901154E+003
  0.00000000E+000  0.00000000E+000  0.00000000E+000  0.00000000E+000  0.00000000E+000  0.93662334E-001  0.19283210E+001  0.12499656E+002  0.31295561E+002  0.78688192E+002  0.15901147E+003
  0.00000000E+000  0.00000000E+000  0.00000000E+000  0.00000000E+000  0.00000000E+000  0.93662316E-001  0.19283204E+001  0.12499650E+002  0.31295549E+002  0.78688142E+002  0.15901140E+003
  0.00000000E+000  0.00000000E+000  0.00000000E+000  0.00000000E+000  0.00000000E+000  0.93662301E-001  0.19283197E+001  0.12499643E+002  0.31295538E+002  0.78688093E+002  0.15901133E+003
  0.00000000E+000  0.00000000E+000  0.00000000E+000  0.00000000E+000  0.00000000E+000  0.93662286E-001  0.19283191E+001  0.12499637E+002  0.31295527E+002  0.78688045E+002  0.15901125E+003
  0.00000000E+000  0.00000000E+000  0.00000000E+000  0.00000000E+000  0.00000000E+000  0.93662272E-001  0.19283186E+001  0.12499631E+002  0.31295516E+002  0.78687997E+002  0.15901118E+003
  0.00000000E+000  0.00000000E+000  0.00000000E+000  0.00000000E+000  0.00000000E+000  0.93662259E-001  0.19283180E+001  0.12499626E+002  0.31295506E+002  0.78687949E+002  0.15901111E+003
  0.00000000E+000  0.00000000E+000  0.00000000E+000  0.00000000E+000  0.00000000E+000  0.93662248E-001  0.19283175E+001  0.12499620E+002  0.31295495E+002  0.78687902E+002  0.15901103E+003
  0.00000000E+000  0.00000000E+000  0.00000000E+000  0.00000000E+000  0.00000000E+000  0.93662237E-001  0.19283171E+001  0.12499615E+002  0.31295486E+002  0.78687856E+002  0.15901096E+003
  0.00000000E+000  0.00000000E+000  0.00000000E+000  0.00000000E+000  0.00000000E+000  0.93662227E-001  0.19283166E+001  0.12499610E+002  0.31295476E+002  0.78687810E+002  0.15901088E+003
  0.00000000E+000  0.00000000E+000  0.00000000E+000  0.00000000E+000  0.00000000E+000  0.93662218E-001  0.19283162E+001  0.12499606E+002  0.31295467E+002  0.78687765E+002  0.15901081E+003
  0.00000000E+000  0.00000000E+000  0.00000000E+000  0.00000000E+000  0.00000000E+000  0.93662209E-001  0.19283158E+001  0.12499601E+002  0.31295457E+002  0.78687720E+002  0.15901073E+003
  0.00000000E+000  0.00000000E+000  0.00000000E+000  0.00000000E+000  0.00000000E+000  0.93662202E-001  0.19283154E+001  0.12499597E+002  0.31295449E+002  0.78687677E+002  0.15901066E+003
  0.00000000E+000  0.00000000E+000  0.00000000E+000  0.00000000E+000  0.00000000E+000  0.93662195E-001  0.19283151E+001  0.12499592E+002  0.31295440E+002  0.78687633E+002  0.15901058E+003
  0.00000000E+000  0.00000000E+000  0.00000000E+000  0.00000000E+000  0.00000000E+000  0.93662188E-001  0.19283147E+001  0.12499588E+002  0.31295432E+002  0.78687591E+002  0.15901051E+003
  0.00000000E+000  0.00000000E+000  0.00000000E+000  0.00000000E+000  0.00000000E+000  0.93662182E-001  0.19283144E+001  0.12499585E+002  0.31295424E+002  0.78687549E+002  0.15901044E+003
  0.00000000E+000  0.00000000E+000  0.00000000E+000  0.00000000E+000  0.00000000E+000  0.93662177E-001  0.19283141E+001  0.12499581E+002  0.31295416E+002  0.78687508E+002  0.15901036E+003
  0.00000000E+000  0.00000000E+000  0.00000000E+000  0.00000000E+000  0.00000000E+000  0.93662172E-001  0.19283139E+001  0.12499577E+002  0.31295409E+002  0.78687468E+002  0.15901029E+003
  0.00000000E+000  0.00000000E+000  0.00000000E+000  0.00000000E+000  0.00000000E+000  0.93662168E-001  0.19283136E+001  0.12499574E+002  0.31295401E+002  0.78687428E+002  0.15901022E+003
  0.00000000E+000  0.00000000E+000  0.00000000E+000  0.00000000E+000  0.00000000E+000  0.93662164E-001  0.19283134E+001  0.12499571E+002  0.31295394E+002  0.78687390E+002  0.15901015E+003
  0.00000000E+000  0.00000000E+000  0.00000000E+000  0.00000000E+000  0.00000000E+000  0.93662161E-001  0.19283132E+001  0.12499568E+002  0.31295387E+002  0.78687352E+002  0.15901007E+003
  0.00000000E+000  0.00000000E+000  0.00000000E+000  0.00000000E+000  0.00000000E+000  0.93662158E-001  0.19283130E+001  0.12499565E+002  0.31295381E+002  0.78687315E+002  0.15901000E+003
  0.00000000E+000  0.00000000E+000  0.00000000E+000  0.00000000E+000  0.00000000E+000  0.93662155E-001  0.19283128E+001  0.12499562E+002  0.31295375E+002  0.78687278E+002  0.15900993E+003
  0.00000000E+000  0.00000000E+000  0.00000000E+000  0.00000000E+000  0.00000000E+000  0.93662153E-001  0.19283126E+001  0.12499559E+002  0.31295369E+002  0.78687243E+002  0.15900987E+003
  0.00000000E+000  0.00000000E+000  0.00000000E+000  0.00000000E+000  0.00000000E+000  0.93662151E-001  0.19283124E+001  0.12499557E+002  0.31295363E+002  0.78687208E+002  0.15900980E+003
  0.00000000E+000  0.00000000E+000  0.00000000E+000  0.00000000E+000  0.00000000E+000  0.93662149E-001  0.19283123E+001  0.12499554E+002  0.31295357E+002  0.78687174E+002  0.15900973E+003
  0.00000000E+000  0.00000000E+000  0.00000000E+000  0.00000000E+000  0.00000000E+000  0.93662148E-001  0.19283121E+001  0.12499552E+002  0.31295352E+002  0.78687141E+002  0.15900966E+003
  0.00000000E+000  0.00000000E+000  0.00000000E+000  0.00000000E+000  0.00000000E+000  0.93662147E-001  0.19283120E+001  0.12499550E+002  0.31295346E+002  0.78687109E+002  0.15900960E+003
  0.00000000E+000  0.00000000E+000  0.00000000E+000  0.00000000E+000  0.00000000E+000  0.93662146E-001  0.19283119E+001  0.12499548E+002  0.31295341E+002  0.78687078E+002  0.15900953E+003
  0.00000000E+000  0.00000000E+000  0.00000000E+000  0.00000000E+000  0.00000000E+000  0.93662146E-001  0.19283117E+001  0.12499546E+002  0.31295336E+002  0.78687047E+002  0.15900947E+003
  0.00000000E+000  0.00000000E+000  0.00000000E+000  0.00000000E+000  0.00000000E+000  0.93662146E-001  0.19283116E+001  0.12499544E+002  0.31295332E+002  0.78687017E+002  0.15900941E+003
  0.00000000E+000  0.00000000E+000  0.00000000E+000  0.00000000E+000  0.00000000E+000  0.93662146E-001  0.19283115E+001  0.12499542E+002  0.31295327E+002  0.78686988E+002  0.15900935E+003
  0.00000000E+000  0.00000000E+000  0.00000000E+000  0.00000000E+000  0.00000000E+000  0.93662146E-001  0.19283115E+001  0.12499540E+002  0.31295323E+002  0.78686960E+002  0.15900929E+003
  0.00000000E+000  0.00000000E+000  0.00000000E+000  0.00000000E+000  0.00000000E+000  0.93662147E-001  0.19283114E+001  0.12499539E+002  0.31295319E+002  0.78686933E+002  0.15900923E+003
  0.00000000E+000  0.00000000E+000  0.00000000E+000  0.00000000E+000  0.00000000E+000  0.93662147E-001  0.19283113E+001  0.12499537E+002  0.31295315E+002  0.78686906E+002  0.15900917E+003
  0.00000000E+000  0.00000000E+000  0.00000000E+000  0.00000000E+000  0.00000000E+000  0.93662148E-001  0.19283113E+001  0.12499536E+002  0.31295311E+002  0.78686880E+002  0.15900911E+003
  0.00000000E+000  0.00000000E+000  0.00000000E+000  0.00000000E+000  0.00000000E+000  0.93662149E-001  0.19283112E+001  0.12499534E+002  0.31295307E+002  0.78686855E+002  0.15900906E+003
  0.00000000E+000  0.00000000E+000  0.00000000E+000  0.00000000E+000  0.00000000E+000  0.93662149E-001  0.19283112E+001  0.12499533E+002  0.31295304E+002  0.78686831E+002  0.15900900E+003
  0.00000000E+000  0.00000000E+000  0.00000000E+000  0.00000000E+000  0.00000000E+000  0.93662149E-001  0.19283111E+001  0.12499532E+002  0.31295301E+002  0.78686808E+002  0.15900895E+003
  0.00000000E+000  0.00000000E+000  0.00000000E+000  0.00000000E+000  0.00000000E+000  0.93662148E-001  0.19283111E+001  0.12499531E+002  0.31295297E+002  0.78686785E+002  0.15900890E+003
  0.00000000E+000  0.00000000E+000  0.00000000E+000  0.00000000E+000  0.00000000E+000  0.93662145E-001  0.19283110E+001  0.12499530E+002  0.31295294E+002  0.78686762E+002  0.15900885E+003
