 -0.48122037E+000 -0.23336945E+000 -0.54907317E-002 -0.45313024E-002 -0.16530146E-002  0.22934688E+000  0.34247353E+001  0.16556435E+002  0.33185592E+002  0.10316519E+003  0.17234824E+003
 -0.48120487E+000 -0.23307429E+000 -0.54902212E-002 -0.45308009E-002 -0.16525401E-002  0.22935182E+000  0.34247416E+001  0.16556438E+002  0.33186545E+002  0.10316519E+003  0.17234824E+003
 -0.48119280E+000 -0.23284425E+000 -0.54898644E-002 -0.45304618E-002 -0.16522540E-002  0.22935258E+000  0.34247419E+001  0.16556438E+002  0.33187377E+002  0.10316519E+003  0.17234824E+003
 -0.48118410E+000 -0.23267519E+000 -0.54896209E-002 -0.45302337E-002 -0.16520723E-002  0.22935246E+000  0.34247414E+001  0.16556437E+002  0.33188078E+002  0.10316519E+003  0.17234824E+003
 -0.48117834E+000 -0.23255706E+000 -0.54894578E-002 -0.45300821E-002 -0.16519550E-002  0.22935218E+000  0.34247409E+001  0.16556437E+002  0.33188665E+002  0.10316519E+003  0.17234824E+003
 -0.48117497E+000 -0.23248021E+000 -0.54893541E-002 -0.45299862E-002 -0.16518828E-002  0.22935188E+000  0.34247404E+001  0.16556437E+002  0.33189156E+002  0.10316519E+003  0.17234824E+003
 -0.48117349E+000 -0.23243614E+000 -0.54892950E-002 -0.45299322E-002 -0.16518436E-002  0.22935159E+000  0.34247400E+001  0.16556436E+002  0.33189566E+002  0.10316519E+003  0.17234824E+003
 -0.48117342E+000 -0.23241774E+000 -0.54892698E-002 -0.45299096E-002 -0.16518291E-002  0.22935131E+000  0.34247397E+001  0.16556436E+002  0.33189908E+002  0.10316519E+003  0.17234824E+003
 -0.48117438E+000 -0.23241917E+000 -0.54892702E-002 -0.45299109E-002 -0.16518330E-002  0.22935104E+000  0.34247393E+001  0.16556436E+002  0.33190193E+002  0.10316519E+003  0.17234824E+003
 -0.48117606E+000 -0.23243567E+000 -0.54892900E-002 -0.45299302E-002 -0.16518508E-002  0.22935079E+000  0.34247390E+001  0.16556436E+002  0.33190431E+002  0.10316519E+003  0.17234824E+003
 -0.48117821E+000 -0.23246335E+000 -0.54893244E-002 -0.45299630E-002 -0.16518789E-002  0.22935055E+000  0.34247388E+001  0.16556436E+002  0.33190630E+002  0.10316519E+003  0.17234824E+003
 -0.48118065E+000 -0.23249905E+000 -0.54893697E-002 -0.45300059E-002 -0.16519146E-002  0.22935033E+000  0.34247386E+001  0.16556436E+002  0.33190795E+002  0.10316519E+003  0.17234824E+003
 -0.48118323E+000 -0.23254025E+000 -0.54894227E-002 -0.45300559E-002 -0.16519556E-002  0.22935013E+000  0.34247384E+001  0.16556436E+002  0.33190932E+002  0.10316519E+003  0.17234824E+003
 -0.48118586E+000 -0.23258491E+000 -0.54894813E-002 -0.45301110E-002 -0.16520004E-002  0.22934993E+000  0.34247382E+001  0.16556436E+002  0.33191046E+002  0.10316519E+003  0.17234824E+003
 -0.48118846E+000 -0.23263143E+000 -0.54895434E-002 -0.45301694E-002 -0.16520475E-002  0.22934975E+000  0.34247380E+001  0.16556435E+002  0.33191140E+002  0.10316519E+003  0.17234824E+003
 -0.48119099E+000 -0.23267855E+000 -0.54896075E-002 -0.45302296E-002 -0.16520958E-002  0.22934958E+000  0.34247379E+001  0.16556435E+002  0.33191218E+002  0.10316519E+003  0.17234824E+003
 -0.48119339E+000 -0.23272530E+000 -0.54896725E-002 -0.45302905E-002 -0.16521446E-002  0.22934942E+000  0.34247377E+001  0.16556435E+002  0.33191282E+002  0.10316519E+003  0.17234824E+003
 -0.48119566E+000 -0.23277097E+000 -0.54897374E-002 -0.45303513E-002 -0.16521932E-002  0.22934927E+000  0.34247376E+001  0.16556435E+002  0.33191335E+002  0.10316519E+003  0.17234824E+003
 -0.48119779E+000 -0.23281503E+000 -0.54898014E-002 -0.45304113E-002 -0.16522410E-002  0.22934913E+000  0.34247375E+001  0.16556435E+002  0.33191378E+002  0.10316519E+003  0.17234824E+003
 -0.48119976E+000 -0.23285711E+000 -0.54898638E-002 -0.45304698E-002 -0.16522877E-002  0.22934900E+000  0.34247374E+001  0.16556435E+002  0.33191413E+002  0.10316519E+003  0.17234824E+003
 -0.48120158E+000 -0.23289696E+000 -0.54899243E-002 -0.45305265E-002 -0.16523328E-002  0.22934887E+000  0.34247373E+001  0.16556435E+002  0.33191442E+002  0.10316519E+003  0.17234824E+003
 -0.48120325E+000 -0.23293444E+000 -0.54899825E-002 -0.45305810E-002 -0.16523763E-002  0.22934876E+000  0.34247372E+001  0.16556435E+002  0.33191466E+002  0.10316519E+003  0.17234824E+003
 -0.48120478E+000 -0.23296948E+000 -0.54900381E-002 -0.45306330E-002 -0.16524179E-002  0.22934865E+000  0.34247371E+001  0.16556435E+002  0.33191485E+002  0.10316519E+003  0.17234824E+003
 -0.48120617E+000 -0.23300207E+000 -0.54900909E-002 -0.45306825E-002 -0.16524575E-002  0.22934855E+000  0.34247371E+001  0.16556435E+002  0.33191502E+002  0.10316519E+003  0.17234824E+003
 -0.48120743E+000 -0.23303224E+000 -0.54901408E-002 -0.45307293E-002 -0.16524949E-002  0.22934845E+000  0.34247370E+001  0.16556435E+002  0.33191515E+002  0.10316519E+003  0.17234824E+003
 -0.48120858E+000 -0.23306007E+000 -0.54901877E-002 -0.45307733E-002 -0.16525303E-002  0.22934836E+000  0.34247369E+001  0.16556435E+002  0.33191527E+002  0.10316519E+003  0.17234824E+003
 -0.48120961E+000 -0.23308564E+000 -0.54902316E-002 -0.45308145E-002 -0.16525635E-002  0.22934828E+000  0.34247369E+001  0.16556435E+002  0.33191538E+002  0.10316519E+003  0.17234824E+003
 -0.48121054E+000 -0.23310908E+000 -0.54902725E-002 -0.45308530E-002 -0.16525945E-002  0.22934820E+000  0.34247368E+001  0.16556435E+002  0.33191547E+002  0.10316519E+003  0.17234824E+003
 -0.48121138E+000 -0.23313048E+000 -0.54903104E-002 -0.45308887E-002 -0.16526234E-002  0.22934813E+000  0.34247368E+001  0.16556435E+002  0.33191556E+002  0.10316519E+003  0.17234824E+003
 -0.48121214E+000 -0.23314999E+000 -0.54903455E-002 -0.45309217E-002 -0.16526502E-002  0.22934806E+000  0.34247367E+001  0.16556435E+002  0.33191565E+002  0.10316519E+003  0.17234824E+003
 -0.48121281E+000 -0.23316773E+000 -0.54903778E-002 -0.45309521E-002 -0.16526750E-002  0.22934800E+000  0.34247367E+001  0.16556435E+002  0.33191573E+002  0.10316519E+003  0.17234824E+003
 -0.48121342E+000 -0.23318382E+000 -0.54904075E-002 -0.45309801E-002 -0.16526978E-002  0.22934794E+000  0.34247367E+001  0.16556435E+002  0.33191583E+002  0.10316519E+003  0.17234824E+003
 -0.48121396E+000 -0.23319839E+000 -0.54904347E-002 -0.45310057E-002 -0.16527187E-002  0.22934789E+000  0.34247366E+001  0.16556435E+002  0.33191592E+002  0.10316519E+003  0.17234824E+003
 -0.48121444E+000 -0.23321156E+000 -0.54904594E-002 -0.45310290E-002 -0.16527378E-002  0.22934784E+000  0.34247366E+001  0.16556435E+002  0.33191603E+002  0.10316519E+003  0.17234824E+003
 -0.48121487E+000 -0.23322345E+000 -0.54904820E-002 -0.45310503E-002 -0.16527552E-002  0.22934779E+000  0.34247366E+001  0.16556435E+002  0.33191615E+002  0.10316519E+003  0.17234824E+003
 -0.48121526E+000 -0.23323417E+000 -0.54905024E-002 -0.45310695E-002 -0.16527709E-002  0.22934775E+000  0.34247366E+001  0.16556435E+002  0.33191627E+002  0.10316519E+003  0.17234824E+003
 -0.48121560E+000 -0.23324382E+000 -0.54905209E-002 -0.45310869E-002 -0.16527851E-002  0.22934771E+000  0.34247365E+001  0.16556435E+002  0.33191641E+002  0.10316519E+003  0.17234824E+003
 -0.48121590E+000 -0.23325250E+000 -0.54905375E-002 -0.45311026E-002 -0.16527978E-002  0.22934768E+000  0.34247365E+001  0.16556435E+002  0.33191656E+002  0.10316519E+003  0.17234824E+003
 -0.48121617E+000 -0.23326029E+000 -0.54905525E-002 -0.45311167E-002 -0.16528092E-002  0.22934765E+000  0.34247365E+001  0.16556435E+002  0.33191673E+002  0.10316519E+003  0.17234824E+003
 -0.48121641E+000 -0.23326730E+000 -0.54905660E-002 -0.45311293E-002 -0.16528193E-002  0.22934762E+000  0.34247365E+001  0.16556435E+002  0.33191691E+002  0.10316519E+003  0.17234824E+003
 -0.48121662E+000 -0.23327358E+000 -0.54905781E-002 -0.45311406E-002 -0.16528283E-002  0.22934759E+000  0.34247365E+001  0.16556435E+002  0.33191710E+002  0.10316519E+003  0.17234824E+003
 -0.48121681E+000 -0.23327922E+000 -0.54905889E-002 -0.45311507E-002 -0.16528362E-002  0.22934757E+000  0.34247365E+001  0.16556435E+002  0.33191731E+002  0.10316519E+003  0.17234824E+003
 -0.48121698E+000 -0.23328427E+000 -0.54905985E-002 -0.45311597E-002 -0.16528431E-002  0.22934755E+000  0.34247364E+001  0.16556435E+002  0.33191754E+002  0.10316519E+003  0.17234824E+003
 -0.48121713E+000 -0.23328880E+000 -0.54906071E-002 -0.45311676E-002 -0.16528491E-002  0.22934754E+000  0.34247364E+001  0.16556435E+002  0.33191778E+002  0.10316519E+003  0.17234824E+003
 -0.48121726E+000 -0.23329287E+000 -0.54906148E-002 -0.45311747E-002 -0.16528544E-002  0.22934752E+000  0.34247364E+001  0.16556435E+002  0.33191804E+002  0.10316519E+003  0.17234824E+003
 -0.48121738E+000 -0.23329651E+000 -0.54906216E-002 -0.45311809E-002 -0.16528589E-002  0.22934751E+000  0.34247364E+001  0.16556435E+002  0.33191831E+002  0.10316519E+003  0.17234824E+003
 -0.48121749E+000 -0.23329978E+000 -0.54906276E-002 -0.45311864E-002 -0.16528628E-002  0.22934750E+000  0.34247364E+001  0.16556435E+002  0.33191860E+002  0.10316519E+003  0.17234824E+003
 -0.48121758E+000 -0.23330271E+000 -0.54906330E-002 -0.45311913E-002 -0.16528661E-002  0.22934749E+000  0.34247364E+001  0.16556435E+002  0.33191890E+002  0.10316519E+003  0.17234824E+003
 -0.48121767E+000 -0.23330534E+000 -0.54906377E-002 -0.45311955E-002 -0.16528690E-002  0.22934748E+000  0.34247364E+001  0.16556435E+002  0.33191922E+002  0.10316519E+003  0.17234824E+003
 -0.48121774E+000 -0.23330771E+000 -0.54906419E-002 -0.45311993E-002 -0.16528714E-002  0.22934748E+000  0.34247364E+001  0.16556435E+002  0.33191955E+002  0.10316519E+003  0.17234824E+003
 -0.48121781E+000 -0.23330984E+000 -0.54906456E-002 -0.45312026E-002 -0.16528734E-002  0.22934747E+000  0.34247364E+001  0.16556435E+002  0.33191989E+002  0.10316519E+003  0.17234824E+003
 -0.48121788E+000 -0.23331177E+000 -0.54906489E-002 -0.45312055E-002 -0.16528751E-002  0.22934747E+000  0.34247364E+001  0.16556435E+002  0.33192025E+002  0.10316519E+003  0.17234824E+003
 -0.48121793E+000 -0.23331351E+000 -0.54906518E-002 -0.45312080E-002 -0.16528765E-002  0.22934747E+000  0.34247364E+001  0.16556435E+002  0.33192062E+002  0.10316519E+003  0.17234824E+003
 -0.48121799E+000 -0.23331509E+000 -0.54906544E-002 -0.45312102E-002 -0.16528777E-002  0.22934747E+000  0.34247364E+001  0.16556435E+002  0.33192100E+002  0.10316519E+003  0.17234824E+003
 -0.48121803E+000 -0.23331653E+000 -0.54906567E-002 -0.45312122E-002 -0.16528787E-002  0.22934747E+000  0.34247364E+001  0.16556435E+002  0.33192140E+002  0.10316519E+003  0.17234824E+003
 -0.48121808E+000 -0.23331786E+000 -0.54906588E-002 -0.45312139E-002 -0.16528795E-002  0.22934747E+000  0.34247364E+001  0.16556435E+002  0.33192180E+002  0.10316519E+003  0.17234824E+003
 -0.48121812E+000 -0.23331908E+000 -0.54906606E-002 -0.45312155E-002 -0.16528802E-002  0.22934747E+000  0.34247364E+001  0.16556435E+002  0.33192221E+002  0.10316519E+003  0.17234824E+003
 -0.48121816E+000 -0.23332021E+000 -0.54906623E-002 -0.45312169E-002 -0.16528809E-002  0.22934747E+000  0.34247364E+001  0.16556435E+002  0.33192262E+002  0.10316519E+003  0.17234824E+003
 -0.48121820E+000 -0.23332127E+000 -0.54906638E-002 -0.45312182E-002 -0.16528814E-002  0.22934747E+000  0.34247364E+001  0.16556435E+002  0.33192305E+002  0.10316519E+003  0.17234824E+003
 -0.48121824E+000 -0.23332226E+000 -0.54906652E-002 -0.45312193E-002 -0.16528819E-002  0.22934747E+000  0.34247364E+001  0.16556435E+002  0.33192348E+002  0.10316519E+003  0.17234824E+003
 -0.48121827E+000 -0.23332321E+000 -0.54906665E-002 -0.45312204E-002 -0.16528824E-002  0.22934747E+000  0.34247364E+001  0.16556435E+002  0.33192391E+002  0.10316519E+003  0.17234824E+003
 -0.48121831E+000 -0.23332412E+000 -0.54906677E-002 -0.45312214E-002 -0.16528829E-002  0.22934747E+000  0.34247364E+001  0.16556435E+002  0.33192435E+002  0.10316519E+003  0.17234824E+003
 -0.48121834E+000 -0.23332499E+000 -0.54906688E-002 -0.45312224E-002 -0.16528834E-002  0.22934747E+000  0.34247364E+001  0.16556435E+002  0.33192478E+002  0.10316519E+003  0.17234824E+003
 -0.48121838E+000 -0.23332584E+000 -0.54906699E-002 -0.45312234E-002 -0.16528839E-002  0.22934747E+000  0.34247364E+001  0.16556435E+002  0.33192522E+002  0.10316519E+003  0.17234824E+003
 -0.48121841E+000 -0.23332668E+000 -0.54906709E-002 -0.45312243E-002 -0.16528844E-002  0.22934747E+000  0.34247364E+001  0.16556435E+002  0.33192565E+002  0.10316519E+003  0.17234824E+003
 -0.48121845E+000 -0.23332750E+000 -0.54906720E-002 -0.45312252E-002 -0.16528850E-002  0.22934747E+000  0.34247364E+001  0.16556435E+002  0.33192608E+002  0.10316519E+003  0.17234824E+003
 -0.48121848E+000 -0.23332832E+000 -0.54906730E-002 -0.45312262E-002 -0.16528856E-002  0.22934747E+000  0.34247364E+001  0.16556435E+002  0.33192651E+002  0.10316519E+003  0.17234824E+003
 -0.48121852E+000 -0.23332913E+000 -0.54906740E-002 -0.45312271E-002 -0.16528863E-002  0.22934747E+000  0.34247364E+001  0.16556435E+002  0.33192692E+002  0.10316519E+003  0.17234824E+003
 -0.48121855E+000 -0.23332995E+000 -0.54906751E-002 -0.45312281E-002 -0.16528871E-002  0.22934746E+000  0.34247364E+001  0.16556435E+002  0.33192733E+002  0.10316519E+003  0.17234824E+003
 -0.48121859E+000 -0.23333077E+000 -0.54906761E-002 -0.45312291E-002 -0.16528880E-002  0.22934746E+000  0.34247364E+001  0.16556435E+002  0.33192774E+002  0.10316519E+003  0.17234824E+003
 -0.48121863E+000 -0.23333159E+000 -0.54906772E-002 -0.45312301E-002 -0.16528889E-002  0.22934746E+000  0.34247364E+001  0.16556435E+002  0.33192812E+002  0.10316519E+003  0.17234824E+003
 -0.48121866E+000 -0.23333243E+000 -0.54906782E-002 -0.45312311E-002 -0.16528900E-002  0.22934746E+000  0.34247364E+001  0.16556435E+002  0.33192850E+002  0.10316519E+003  0.17234824E+003
 -0.48121870E+000 -0.23333327E+000 -0.54906793E-002 -0.45312322E-002 -0.16528911E-002  0.22934745E+000  0.34247364E+001  0.16556435E+002  0.33192886E+002  0.10316519E+003  0.17234824E+003
 -0.48121874E+000 -0.23333412E+000 -0.54906804E-002 -0.45312334E-002 -0.16528923E-002  0.22934745E+000  0.34247363E+001  0.16556435E+002  0.33192921E+002  0.10316519E+003  0.17234824E+003
 -0.48121878E+000 -0.23333498E+000 -0.54906816E-002 -0.45312346E-002 -0.16528936E-002  0.22934745E+000  0.34247363E+001  0.16556435E+002  0.33192954E+002  0.10316519E+003  0.17234824E+003
 -0.48121882E+000 -0.23333585E+000 -0.54906827E-002 -0.45312358E-002 -0.16528950E-002  0.22934744E+000  0.34247363E+001  0.16556435E+002  0.33192985E+002  0.10316519E+003  0.17234824E+003
 -0.48121886E+000 -0.23333673E+000 -0.54906839E-002 -0.45312370E-002 -0.16528965E-002  0.22934744E+000  0.34247363E+001  0.16556435E+002  0.33193013E+002  0.10316519E+003  0.17234824E+003
 -0.48121890E+000 -0.23333762E+000 -0.54906851E-002 -0.45312383E-002 -0.16528982E-002  0.22934743E+000  0.34247363E+001  0.16556435E+002  0.33193040E+002  0.10316519E+003  0.17234824E+003
 -0.48121894E+000 -0.23333851E+000 -0.54906863E-002 -0.45312397E-002 -0.16528999E-002  0.22934742E+000  0.34247363E+001  0.16556435E+002  0.33193064E+002  0.10316519E+003  0.17234824E+003
 -0.48121899E+000 -0.23333941E+000 -0.54906876E-002 -0.45312411E-002 -0.16529016E-002  0.22934742E+000  0.34247363E+001  0.16556435E+002  0.33193086E+002  0.10316519E+003  0.17234824E+003
 -0.48121903E+000 -0.23334032E+000 -0.54906888E-002 -0.45312425E-002 -0.16529035E-002  0.22934741E+000  0.34247363E+001  0.16556435E+002  0.33193105E+002  0.10316519E+003  0.17234824E+003
 -0.48121907E+000 -0.23334123E+000 -0.54906901E-002 -0.45312439E-002 -0.16529055E-002  0.22934740E+000  0.34247363E+001  0.16556435E+002  0.33193122E+002  0.10316519E+003  0.17234824E+003
 -0.48121911E+000 -0.23334213E+000 -0.54906914E-002 -0.45312454E-002 -0.16529075E-002  0.22934740E+000  0.34247363E+001  0.16556435E+002  0.33193135E+002  0.10316519E+003  0.17234824E+003
 -0.48121916E+000 -0.23334304E+000 -0.54906927E-002 -0.45312469E-002 -0.16529097E-002  0.22934739E+000  0.34247363E+001  0.16556435E+002  0.33193146E+002  0.10316519E+003  0.17234824E+003
 -0.48121920E+000 -0.23334395E+000 -0.54906940E-002 -0.45312485E-002 -0.16529119E-002  0.22934738E+000  0.34247362E+001  0.16556435E+002  0.33193154E+002  0.10316519E+003  0.17234824E+003
 -0.48121924E+000 -0.23334485E+000 -0.54906953E-002 -0.45312500E-002 -0.16529142E-002  0.22934737E+000  0.34247362E+001  0.16556435E+002  0.33193158E+002  0.10316519E+003  0.17234824E+003
 -0.48121928E+000 -0.23334575E+000 -0.54906966E-002 -0.45312516E-002 -0.16529165E-002  0.22934736E+000  0.34247362E+001  0.16556435E+002  0.33193159E+002  0.10316519E+003  0.17234824E+003
 -0.48121932E+000 -0.23334664E+000 -0.54906979E-002 -0.45312531E-002 -0.16529189E-002  0.22934735E+000  0.34247362E+001  0.16556435E+002  0.33193157E+002  0.10316519E+003  0.17234824E+003
 -0.48121936E+000 -0.23334752E+000 -0.54906992E-002 -0.45312547E-002 -0.16529213E-002  0.22934734E+000  0.34247362E+001  0.16556435E+002  0.33193152E+002  0.10316519E+003  0.17234824E+003
 -0.48121940E+000 -0.23334839E+000 -0.54907005E-002 -0.45312563E-002 -0.16529238E-002  0.22934733E+000  0.34247362E+001  0.16556435E+002  0.33193143E+002  0.10316519E+003  0.17234824E+003
 -0.48121944E+000 -0.23334924E+000 -0.54907018E-002 -0.45312579E-002 -0.16529263E-002  0.22934732E+000  0.34247362E+001  0.16556435E+002  0.33193131E+002  0.10316519E+003  0.17234824E+003
 -0.48121948E+000 -0.23335008E+000 -0.54907030E-002 -0.45312595E-002 -0.16529289E-002  0.22934731E+000  0.34247361E+001  0.16556435E+002  0.33193115E+002  0.10316519E+003  0.17234824E+003
 -0.48121952E+000 -0.23335090E+000 -0.54907043E-002 -0.45312610E-002 -0.16529314E-002  0.22934730E+000  0.34247361E+001  0.16556435E+002  0.33193096E+002  0.10316519E+003  0.17234824E+003
 -0.48121956E+000 -0.23335171E+000 -0.54907055E-002 -0.45312626E-002 -0.16529340E-002  0.22934729E+000  0.34247361E+001  0.16556435E+002  0.33193073E+002  0.10316519E+003  0.17234824E+003
 -0.48121960E+000 -0.23335250E+000 -0.54907066E-002 -0.45312641E-002 -0.16529366E-002  0.22934728E+000  0.34247361E+001  0.16556435E+002  0.33193047E+002  0.10316519E+003  0.17234824E+003
 -0.48121963E+000 -0.23335326E+000 -0.54907078E-002 -0.45312656E-002 -0.16529392E-002  0.22934727E+000  0.34247361E+001  0.16556435E+002  0.33193017E+002  0.10316519E+003  0.17234824E+003
 -0.48121967E+000 -0.23335401E+000 -0.54907089E-002 -0.45312671E-002 -0.16529418E-002  0.22934726E+000  0.34247361E+001  0.16556435E+002  0.33192983E+002  0.10316519E+003  0.17234824E+003
 -0.48121970E+000 -0.23335473E+000 -0.54907100E-002 -0.45312686E-002 -0.16529444E-002  0.22934725E+000  0.34247360E+001  0.16556435E+002  0.33192947E+002  0.10316519E+003  0.17234824E+003
 -0.48121973E+000 -0.23335543E+000 -0.54907111E-002 -0.45312700E-002 -0.16529469E-002  0.22934724E+000  0.34247360E+001  0.16556435E+002  0.33192906E+002  0.10316519E+003  0.17234824E+003
 -0.48121977E+000 -0.23335610E+000 -0.54907121E-002 -0.45312714E-002 -0.16529495E-002  0.22934722E+000  0.34247360E+001  0.16556435E+002  0.33192862E+002  0.10316519E+003  0.17234824E+003
 -0.48121980E+000 -0.23335675E+000 -0.54907131E-002 -0.45312728E-002 -0.16529520E-002  0.22934721E+000  0.34247360E+001  0.16556435E+002  0.33192815E+002  0.10316519E+003  0.17234824E+003
 -0.48121983E+000 -0.23335738E+000 -0.54907141E-002 -0.45312741E-002 -0.16529545E-002  0.22934720E+000  0.34247360E+001  0.16556435E+002  0.33192764E+002  0.10316519E+003  0.17234824E+003
 -0.48121985E+000 -0.23335798E+000 -0.54907150E-002 -0.45312754E-002 -0.16529569E-002  0.22934719E+000  0.34247360E+001  0.16556435E+002  0.33192710E+002  0.10316519E+003  0.17234824E+003
 -0.48121988E+000 -0.23335856E+000 -0.54907159E-002 -0.45312767E-002 -0.16529593E-002  0.22934718E+000  0.34247359E+001  0.16556435E+002  0.33192653E+002  0.10316519E+003  0.17234824E+003
 -0.48121991E+000 -0.23335912E+000 -0.54907167E-002 -0.45312779E-002 -0.16529617E-002  0.22934717E+000  0.34247359E+001  0.16556435E+002  0.33192593E+002  0.10316519E+003  0.17234824E+003
 -0.48121993E+000 -0.23335965E+000 -0.54907175E-002 -0.45312791E-002 -0.16529640E-002  0.22934716E+000  0.34247359E+001  0.16556435E+002  0.33192530E+002  0.10316519E+003  0.17234824E+003
 -0.48121995E+000 -0.23336016E+000 -0.54907183E-002 -0.45312803E-002 -0.16529662E-002  0.22934715E+000  0.34247359E+001  0.16556435E+002  0.33192463E+002  0.10316519E+003  0.17234824E+003
 -0.48121998E+000 -0.23336064E+000 -0.54907190E-002 -0.45312814E-002 -0.16529684E-002  0.22934714E+000  0.34247359E+001  0.16556435E+002  0.33192394E+002  0.10316519E+003  0.17234824E+003
 -0.48122000E+000 -0.23336110E+000 -0.54907197E-002 -0.45312824E-002 -0.16529705E-002  0.22934713E+000  0.34247359E+001  0.16556435E+002  0.33192322E+002  0.10316519E+003  0.17234824E+003
 -0.48122002E+000 -0.23336154E+000 -0.54907204E-002 -0.45312834E-002 -0.16529726E-002  0.22934712E+000  0.34247358E+001  0.16556435E+002  0.33192248E+002  0.10316519E+003  0.17234824E+003
 -0.48122004E+000 -0.23336196E+000 -0.54907210E-002 -0.45312844E-002 -0.16529746E-002  0.22934711E+000  0.34247358E+001  0.16556435E+002  0.33192171E+002  0.10316519E+003  0.17234824E+003
 -0.48122006E+000 -0.23336236E+000 -0.54907216E-002 -0.45312853E-002 -0.16529766E-002  0.22934710E+000  0.34247358E+001  0.16556435E+002  0.33192091E+002  0.10316519E+003  0.17234824E+003
 -0.48122008E+000 -0.23336274E+000 -0.54907222E-002 -0.45312862E-002 -0.16529785E-002  0.22934709E+000  0.34247358E+001  0.16556435E+002  0.33192010E+002  0.10316519E+003  0.17234824E+003
 -0.48122009E+000 -0.23336310E+000 -0.54907227E-002 -0.45312871E-002 -0.16529803E-002  0.22934708E+000  0.34247358E+001  0.16556435E+002  0.33191926E+002  0.10316519E+003  0.17234824E+003
 -0.48122011E+000 -0.23336344E+000 -0.54907232E-002 -0.45312879E-002 -0.16529820E-002  0.22934707E+000  0.34247358E+001  0.16556435E+002  0.33191839E+002  0.10316519E+003  0.17234824E+003
 -0.48122012E+000 -0.23336376E+000 -0.54907237E-002 -0.45312887E-002 -0.16529837E-002  0.22934706E+000  0.34247357E+001  0.16556435E+002  0.33191751E+002  0.10316519E+003  0.17234824E+003
 -0.48122014E+000 -0.23336407E+000 -0.54907242E-002 -0.45312894E-002 -0.16529853E-002  0.22934705E+000  0.34247357E+001  0.16556435E+002  0.33191661E+002  0.10316519E+003  0.17234824E+003
 -0.48122015E+000 -0.23336436E+000 -0.54907246E-002 -0.45312902E-002 -0.16529869E-002  0.22934704E+000  0.34247357E+001  0.16556435E+002  0.33191570E+002  0.10316519E+003  0.17234824E+003
 -0.48122016E+000 -0.23336463E+000 -0.54907250E-002 -0.45312908E-002 -0.16529884E-002  0.22934704E+000  0.34247357E+001  0.16556435E+002  0.33191477E+002  0.10316519E+003  0.17234824E+003
 -0.48122017E+000 -0.23336490E+000 -0.54907254E-002 -0.45312915E-002 -0.16529898E-002  0.22934703E+000  0.34247357E+001  0.16556435E+002  0.33191382E+002  0.10316519E+003  0.17234824E+003
 -0.48122019E+000 -0.23336514E+000 -0.54907257E-002 -0.45312921E-002 -0.16529912E-002  0.22934702E+000  0.34247357E+001  0.16556435E+002  0.33191286E+002  0.10316519E+003  0.17234824E+003
 -0.48122020E+000 -0.23336538E+000 -0.54907261E-002 -0.45312927E-002 -0.16529925E-002  0.22934702E+000  0.34247357E+001  0.16556435E+002  0.33191189E+002  0.10316519E+003  0.17234824E+003
 -0.48122021E+000 -0.23336560E+000 -0.54907264E-002 -0.45312932E-002 -0.16529938E-002  0.22934701E+000  0.34247356E+001  0.16556435E+002  0.33191090E+002  0.10316519E+003  0.17234824E+003
 -0.48122022E+000 -0.23336581E+000 -0.54907267E-002 -0.45312938E-002 -0.16529950E-002  0.22934700E+000  0.34247356E+001  0.16556435E+002  0.33190991E+002  0.10316519E+003  0.17234824E+003
 -0.48122022E+000 -0.23336601E+000 -0.54907270E-002 -0.45312943E-002 -0.16529961E-002  0.22934700E+000  0.34247356E+001  0.16556435E+002  0.33190891E+002  0.10316519E+003  0.17234824E+003
 -0.48122023E+000 -0.23336620E+000 -0.54907273E-002 -0.45312947E-002 -0.16529972E-002  0.22934699E+000  0.34247356E+001  0.16556435E+002  0.33190790E+002  0.10316519E+003  0.17234824E+003
 -0.48122024E+000 -0.23336638E+000 -0.54907275E-002 -0.45312952E-002 -0.16529982E-002  0.22934698E+000  0.34247356E+001  0.16556435E+002  0.33190689E+002  0.10316519E+003  0.17234824E+003
 -0.48122025E+000 -0.23336655E+000 -0.54907278E-002 -0.45312956E-002 -0.16529992E-002  0.22934698E+000  0.34247356E+001  0.16556435E+002  0.33190587E+002  0.10316519E+003  0.17234824E+003
 -0.48122026E+000 -0.23336672E+000 -0.54907280E-002 -0.45312960E-002 -0.16530002E-002  0.22934697E+000  0.34247356E+001  0.16556435E+002  0.33190484E+002  0.10316519E+003  0.17234824E+003
 -0.48122026E+000 -0.23336687E+000 -0.54907282E-002 -0.45312964E-002 -0.16530011E-002  0.22934697E+000  0.34247356E+001  0.16556435E+002  0.33190382E+002  0.10316519E+003  0.17234824E+003
 -0.48122027E+000 -0.23336702E+000 -0.54907284E-002 -0.45312968E-002 -0.16530019E-002  0.22934696E+000  0.34247356E+001  0.16556435E+002  0.33190279E+002  0.10316519E+003  0.17234824E+003
 -0.48122028E+000 -0.23336715E+000 -0.54907286E-002 -0.45312971E-002 -0.16530027E-002  0.22934696E+000  0.34247355E+001  0.16556435E+002  0.33190177E+002  0.10316519E+003  0.17234824E+003
 -0.48122028E+000 -0.23336729E+000 -0.54907288E-002 -0.45312974E-002 -0.16530035E-002  0.22934695E+000  0.34247355E+001  0.16556435E+002  0.33190074E+002  0.10316519E+003  0.17234824E+003
 -0.48122029E+000 -0.23336741E+000 -0.54907290E-002 -0.45312977E-002 -0.16530042E-002  0.22934695E+000  0.34247355E+001  0.16556435E+002  0.33189972E+002  0.10316519E+003  0.17234824E+003
 -0.48122029E+000 -0.23336753E+000 -0.54907291E-002 -0.45312980E-002 -0.16530049E-002  0.22934695E+000  0.34247355E+001  0.16556435E+002  0.33189869E+002  0.10316519E+003  0.17234824E+003
 -0.48122030E+000 -0.23336764E+000 -0.54907293E-002 -0.45312983E-002 -0.16530055E-002  0.22934694E+000  0.34247355E+001  0.16556435E+002  0.33189768E+002  0.10316519E+003  0.17234824E+003
 -0.48122030E+000 -0.23336775E+000 -0.54907294E-002 -0.45312986E-002 -0.16530061E-002  0.22934694E+000  0.34247355E+001  0.16556435E+002  0.33189666E+002  0.10316519E+003  0.17234824E+003
 -0.48122030E+000 -0.23336785E+000 -0.54907296E-002 -0.45312988E-002 -0.16530067E-002  0.22934693E+000  0.34247355E+001  0.16556435E+002  0.33189566E+002  0.10316519E+003  0.17234824E+003
 -0.48122031E+000 -0.23336794E+000 -0.54907297E-002 -0.45312991E-002 -0.16530072E-002  0.22934693E+000  0.34247355E+001  0.16556435E+002  0.33189466E+002  0.10316519E+003  0.17234824E+003
 -0.48122031E+000 -0.23336803E+000 -0.54907298E-002 -0.45312993E-002 -0.16530077E-002  0.22934693E+000  0.34247355E+001  0.16556435E+002  0.33189367E+002  0.10316519E+003  0.17234824E+003
 -0.48122032E+000 -0.23336812E+000 -0.54907299E-002 -0.45312995E-002 -0.16530082E-002  0.22934693E+000  0.34247355E+001  0.16556435E+002  0.33189268E+002  0.10316519E+003  0.17234824E+003
 -0.48122032E+000 -0.23336820E+000 -0.54907300E-002 -0.45312997E-002 -0.16530087E-002  0.22934692E+000  0.34247355E+001  0.16556435E+002  0.33189171E+002  0.10316519E+003  0.17234824E+003
 -0.48122032E+000 -0.23336828E+000 -0.54907301E-002 -0.45312999E-002 -0.16530091E-002  0.22934692E+000  0.34247355E+001  0.16556435E+002  0.33189074E+002  0.10316519E+003  0.17234824E+003
 -0.48122033E+000 -0.23336835E+000 -0.54907302E-002 -0.45313000E-002 -0.16530095E-002  0.22934692E+000  0.34247354E+001  0.16556435E+002  0.33188979E+002  0.10316519E+003  0.17234824E+003
 -0.48122033E+000 -0.23336842E+000 -0.54907303E-002 -0.45313002E-002 -0.16530099E-002  0.22934692E+000  0.34247354E+001  0.16556435E+002  0.33188885E+002  0.10316519E+003  0.17234824E+003
 -0.48122033E+000 -0.23336848E+000 -0.54907304E-002 -0.45313004E-002 -0.16530102E-002  0.22934691E+000  0.34247354E+001  0.16556435E+002  0.33188791E+002  0.10316519E+003  0.17234824E+003
 -0.48122033E+000 -0.23336854E+000 -0.54907305E-002 -0.45313005E-002 -0.16530105E-002  0.22934691E+000  0.34247354E+001  0.16556435E+002  0.33188700E+002  0.10316519E+003  0.17234824E+003
 -0.48122034E+000 -0.23336860E+000 -0.54907306E-002 -0.45313006E-002 -0.16530109E-002  0.22934691E+000  0.34247354E+001  0.16556435E+002  0.33188609E+002  0.10316519E+003  0.17234824E+003
 -0.48122034E+000 -0.23336865E+000 -0.54907306E-002 -0.45313008E-002 -0.16530111E-002  0.22934691E+000  0.34247354E+001  0.16556435E+002  0.33188520E+002  0.10316519E+003  0.17234824E+003
 -0.48122034E+000 -0.23336870E+000 -0.54907307E-002 -0.45313009E-002 -0.16530114E-002  0.22934691E+000  0.34247354E+001  0.16556435E+002  0.33188432E+002  0.10316519E+003  0.17234824E+003
 -0.48122034E+000 -0.23336875E+000 -0.54907308E-002 -0.45313010E-002 -0.16530117E-002  0.22934690E+000  0.34247354E+001  0.16556435E+002  0.33188346E+002  0.10316519E+003  0.17234824E+003
 -0.48122034E+000 -0.23336879E+000 -0.54907308E-002 -0.45313011E-002 -0.16530119E-002  0.22934690E+000  0.34247354E+001  0.16556435E+002  0.33188261E+002  0.10316519E+003  0.17234824E+003
 -0.48122035E+000 -0.23336884E+000 -0.54907309E-002 -0.45313012E-002 -0.16530121E-002  0.22934690E+000  0.34247354E+001  0.16556435E+002  0.33188178E+002  0.10316519E+003  0.17234824E+003
 -0.48122035E+000 -0.23336888E+000 -0.54907309E-002 -0.45313013E-002 -0.16530123E-002  0.22934690E+000  0.34247354E+001  0.16556435E+002  0.33188096E+002  0.10316519E+003  0.17234824E+003
 -0.48122035E+000 -0.23336891E+000 -0.54907310E-002 -0.45313014E-002 -0.16530125E-002  0.22934690E+000  0.34247354E+001  0.16556435E+002  0.33188016E+002  0.10316519E+003  0.17234824E+003
 -0.48122035E+000 -0.23336895E+000 -0.54907310E-002 -0.45313014E-002 -0.16530127E-002  0.22934690E+000  0.34247354E+001  0.16556435E+002  0.33187937E+002  0.10316519E+003  0.17234824E+003
 -0.48122035E+000 -0.23336898E+000 -0.54907311E-002 -0.45313015E-002 -0.16530128E-002  0.22934690E+000  0.34247354E+001  0.16556435E+002  0.33187860E+002  0.10316519E+003  0.17234824E+003
 -0.48122035E+000 -0.23336901E+000 -0.54907311E-002 -0.45313016E-002 -0.16530130E-002  0.22934689E+000  0.34247354E+001  0.16556435E+002  0.33187785E+002  0.10316519E+003  0.17234824E+003
 -0.48122035E+000 -0.23336904E+000 -0.54907312E-002 -0.45313016E-002 -0.16530131E-002  0.22934689E+000  0.34247354E+001  0.16556435E+002  0.33187712E+002  0.10316519E+003  0.17234824E+003
 -0.48122035E+000 -0.23336907E+000 -0.54907312E-002 -0.45313017E-002 -0.16530133E-002  0.22934689E+000  0.34247354E+001  0.16556435E+002  0.33187640E+002  0.10316519E+003  0.17234824E+003
 -0.48122035E+000 -0.23336909E+000 -0.54907312E-002 -0.45313017E-002 -0.16530134E-002  0.22934689E+000  0.34247354E+001  0.16556435E+002  0.33187569E+002  0.10316519E+003  0.17234824E+003
 -0.48122036E+000 -0.23336911E+000 -0.54907313E-002 -0.45313018E-002 -0.16530135E-002  0.22934689E+000  0.34247354E+001  0.16556435E+002  0.33187501E+002  0.10316519E+003  0.17234824E+003
 -0.48122036E+000 -0.23336913E+000 -0.54907313E-002 -0.45313018E-002 -0.16530136E-002  0.22934689E+000  0.34247354E+001  0.16556435E+002  0.33187434E+002  0.10316519E+003  0.17234824E+003
 -0.48122036E+000 -0.23336915E+000 -0.54907313E-002 -0.45313019E-002 -0.16530137E-002  0.22934689E+000  0.34247354E+001  0.16556435E+002  0.33187369E+002  0.10316519E+003  0.17234824E+003
 -0.48122036E+000 -0.23336917E+000 -0.54907313E-002 -0.45313019E-002 -0.16530138E-002  0.22934689E+000  0.34247354E+001  0.16556435E+002  0.33187305E+002  0.10316519E+003  0.17234824E+003
 -0.48122036E+000 -0.23336919E+000 -0.54907313E-002 -0.45313020E-002 -0.16530139E-002  0.22934689E+000  0.34247354E+001  0.16556435E+002  0.33187243E+002  0.10316519E+003  0.17234824E+003
 -0.48122036E+000 -0.23336921E+000 -0.54907314E-002 -0.45313020E-002 -0.16530139E-002  0.22934689E+000  0.34247354E+001  0.16556435E+002  0.33187183E+002  0.10316519E+003  0.17234824E+003
 -0.48122036E+000 -0.23336922E+000 -0.54907314E-002 -0.45313020E-002 -0.16530140E-002  0.22934689E+000  0.34247354E+001  0.16556435E+002  0.33187125E+002  0.10316519E+003  0.17234824E+003
 -0.48122036E+000 -0.23336924E+000 -0.54907314E-002 -0.45313021E-002 -0.16530141E-002  0.22934689E+000  0.34247354E+001  0.16556435E+002  0.33187068E+002  0.10316519E+003  0.17234824E+003
 -0.48122036E+000 -0.23336925E+000 -0.54907314E-002 -0.45313021E-002 -0.16530141E-002  0.22934689E+000  0.34247354E+001  0.16556435E+002  0.33187013E+002  0.10316519E+003  0.17234824E+003
 -0.48122036E+000 -0.23336926E+000 -0.54907314E-002 -0.45313021E-002 -0.16530142E-002  0.22934689E+000  0.34247354E+001  0.16556435E+002  0.33186959E+002  0.10316519E+003  0.17234824E+003
 -0.48122036E+000 -0.23336927E+000 -0.54907314E-002 -0.45313021E-002 -0.16530142E-002  0.22934689E+000  0.34247354E+001  0.16556435E+002  0.33186907E+002  0.10316519E+003  0.17234824E+003
 -0.48122036E+000 -0.23336928E+000 -0.54907315E-002 -0.45313021E-002 -0.16530143E-002  0.22934688E+000  0.34247354E+001  0.16556435E+002  0.33186856E+002  0.10316519E+003  0.17234824E+003
 -0.48122036E+000 -0.23336929E+000 -0.54907315E-002 -0.45313022E-002 -0.16530143E-002  0.22934688E+000  0.34247354E+001  0.16556435E+002  0.33186807E+002  0.10316519E+003  0.17234824E+003
 -0.48122036E+000 -0.23336930E+000 -0.54907315E-002 -0.45313022E-002 -0.16530143E-002  0.22934688E+000  0.34247353E+001  0.16556435E+002  0.33186760E+002  0.10316519E+003  0.17234824E+003
 -0.48122036E+000 -0.23336931E+000 -0.54907315E-002 -0.45313022E-002 -0.16530144E-002  0.22934688E+000  0.34247353E+001  0.16556435E+002  0.33186714E+002  0.10316519E+003  0.17234824E+003
 -0.48122036E+000 -0.23336932E+000 -0.54907315E-002 -0.45313022E-002 -0.16530144E-002  0.22934688E+000  0.34247353E+001  0.16556435E+002  0.33186670E+002  0.10316519E+003  0.17234824E+003
 -0.48122036E+000 -0.23336933E+000 -0.54907315E-002 -0.45313022E-002 -0.16530144E-002  0.22934688E+000  0.34247353E+001  0.16556435E+002  0.33186627E+002  0.10316519E+003  0.17234824E+003
 -0.48122036E+000 -0.23336933E+000 -0.54907315E-002 -0.45313022E-002 -0.16530144E-002  0.22934688E+000  0.34247353E+001  0.16556435E+002  0.33186585E+002  0.10316519E+003  0.17234824E+003
 -0.48122036E+000 -0.23336934E+000 -0.54907315E-002 -0.45313022E-002 -0.16530144E-002  0.22934688E+000  0.34247353E+001  0.16556435E+002  0.33186545E+002  0.10316519E+003  0.17234824E+003
 -0.48122036E+000 -0.23336934E+000 -0.54907315E-002 -0.45313022E-002 -0.16530145E-002  0.22934688E+000  0.34247353E+001  0.16556435E+002  0.33186506E+002  0.10316519E+003  0.17234824E+003
 -0.48122036E+000 -0.23336935E+000 -0.54907315E-002 -0.45313023E-002 -0.16530145E-002  0.22934688E+000  0.34247353E+001  0.16556435E+002  0.33186469E+002  0.10316519E+003  0.17234824E+003
 -0.48122036E+000 -0.23336935E+000 -0.54907315E-002 -0.45313023E-002 -0.16530145E-002  0.22934688E+000  0.34247353E+001  0.16556435E+002  0.33186433E+002  0.10316519E+003  0.17234824E+003
 -0.48122036E+000 -0.23336936E+000 -0.54907315E-002 -0.45313023E-002 -0.16530145E-002  0.22934688E+000  0.34247353E+001  0.16556435E+002  0.33186398E+002  0.10316519E+003  0.17234824E+003
 -0.48122036E+000 -0.23336936E+000 -0.54907316E-002 -0.45313023E-002 -0.16530145E-002  0.22934688E+000  0.34247353E+001  0.16556435E+002  0.33186364E+002  0.10316519E+003  0.17234824E+003
 -0.48122036E+000 -0.23336937E+000 -0.54907316E-002 -0.45313023E-002 -0.16530145E-002  0.22934688E+000  0.34247353E+001  0.16556435E+002  0.33186332E+002  0.10316519E+003  0.17234824E+003
 -0.48122036E+000 -0.23336937E+000 -0.54907316E-002 -0.45313023E-002 -0.16530145E-002  0.22934688E+000  0.34247353E+001  0.16556435E+002  0.33186301E+002  0.10316519E+003  0.17234824E+003
 -0.48122036E+000 -0.23336937E+000 -0.54907316E-002 -0.45313023E-002 -0.16530145E-002  0.22934688E+000  0.34247353E+001  0.16556435E+002  0.33186271E+002  0.10316519E+003  0.17234824E+003
 -0.48122036E+000 -0.23336937E+000 -0.54907316E-002 -0.45313023E-002 -0.16530145E-002  0.22934688E+000  0.34247353E+001  0.16556435E+002  0.33186242E+002  0.10316519E+003  0.17234824E+003
 -0.48122036E+000 -0.23336938E+000 -0.54907316E-002 -0.45313023E-002 -0.16530145E-002  0.22934688E+000  0.34247353E+001  0.16556435E+002  0.33186214E+002  0.10316519E+003  0.17234824E+003
 -0.48122036E+000 -0.23336938E+000 -0.54907316E-002 -0.45313023E-002 -0.16530145E-002  0.22934688E+000  0.34247353E+001  0.16556435E+002  0.33186188E+002  0.10316519E+003  0.17234824E+003
 -0.48122036E+000 -0.23336938E+000 -0.54907316E-002 -0.45313023E-002 -0.16530145E-002  0.22934688E+000  0.34247353E+001  0.16556435E+002  0.33186162E+002  0.10316519E+003  0.17234824E+003
 -0.48122036E+000 -0.23336938E+000 -0.54907316E-002 -0.45313023E-002 -0.16530145E-002  0.22934688E+000  0.34247353E+001  0.16556435E+002  0.33186138E+002  0.10316519E+003  0.17234824E+003
 -0.48122036E+000 -0.23336937E+000 -0.54907316E-002 -0.45313023E-002 -0.16530144E-002  0.22934688E+000  0.34247353E+001  0.16556435E+002  0.33186114E+002  0.10316519E+003  0.17234824E+003
 -0.48122036E+000 -0.23336937E+000 -0.54907315E-002 -0.45313022E-002 -0.16530144E-002  0.22934688E+000  0.34247353E+001  0.16556435E+002  0.33186092E+002  0.10316519E+003  0.17234824E+003
 -0.48122036E+000 -0.23336936E+000 -0.54907315E-002 -0.45313022E-002 -0.16530144E-002  0.22934688E+000  0.34247353E+001  0.16556435E+002  0.33186070E+002  0.10316519E+003  0.17234824E+003
 -0.48122036E+000 -0.23336935E+000 -0.54907315E-002 -0.45313022E-002 -0.16530144E-002  0.22934688E+000  0.34247353E+001  0.16556435E+002  0.33186050E+002  0.10316519E+003  0.17234824E+003
 -0.48122036E+000 -0.23336934E+000 -0.54907315E-002 -0.45313022E-002 -0.16530144E-002  0.22934688E+000  0.34247353E+001  0.16556435E+002  0.33186030E+002  0.10316519E+003  0.17234824E+003
 -0.48122036E+000 -0.23336932E+000 -0.54907314E-002 -0.45313021E-002 -0.16530143E-002  0.22934688E+000  0.34247353E+001  0.16556435E+002  0.33186011E+002  0.10316519E+003  0.17234824E+003
 -0.48122036E+000 -0.23336930E+000 -0.54907313E-002 -0.45313020E-002 -0.16530142E-002  0.22934688E+000  0.34247353E+001  0.16556435E+002  0.33185992E+002  0.10316519E+003  0.17234824E+003
