  0.30314791E+000  0.31897108E+000  0.46050490E+000  0.62825741E+000  0.80349275E+000  0.91068429E+000  0.12875511E+001  0.18878475E+001  0.26318463E+001  0.41001668E+001  0.58396087E+001
  0.30312533E+000  0.31890362E+000  0.46050052E+000  0.62819235E+000  0.80345148E+000  0.91066424E+000  0.12874872E+001  0.18878016E+001  0.26318256E+001  0.41001199E+001  0.58395926E+001
  0.30310616E+000  0.31884320E+000  0.46044145E+000  0.62813407E+000  0.80341537E+000  0.91064613E+000  0.12874300E+001  0.18879364E+001  0.26318089E+001  0.41000784E+001  0.58395780E+001
  0.30308987E+000  0.31879173E+000  0.46039114E+000  0.62789485E+000  0.80338449E+000  0.91060198E+000  0.12873813E+001  0.18879205E+001  0.26317951E+001  0.41000430E+001  0.58395653E+001
  0.30307602E+000  0.31874784E+000  0.46034823E+000  0.62804208E+000  0.80335822E+000  0.91058669E+000  0.12873397E+001  0.18879068E+001  0.26317835E+001  0.41000126E+001  0.58395544E+001
  0.30306422E+000  0.31871047E+000  0.46031169E+000  0.62800603E+000  0.80333589E+000  0.91045494E+000  0.12873043E+001  0.18878954E+001  0.26317736E+001  0.40999866E+001  0.58395451E+001
  0.30305418E+000  0.31867868E+000  0.46028061E+000  0.62797536E+000  0.80331690E+000  0.91044523E+000  0.12872742E+001  0.18878875E+001  0.26317651E+001  0.40999645E+001  0.58395371E+001
  0.30304560E+000  0.31865163E+000  0.46025416E+000  0.62794927E+000  0.80325045E+000  0.91043695E+000  0.12872486E+001  0.18878806E+001  0.26317576E+001  0.40999456E+001  0.58393787E+001
  0.30303828E+000  0.31862861E+000  0.46023166E+000  0.62792706E+000  0.80323783E+000  0.91042990E+000  0.12872268E+001  0.18878744E+001  0.26317509E+001  0.40999295E+001  0.58392892E+001
  0.30303201E+000  0.31860902E+000  0.46021250E+000  0.62790815E+000  0.80322708E+000  0.91042387E+000  0.12872082E+001  0.18878690E+001  0.26317449E+001  0.40998157E+001  0.58392129E+001
  0.30302665E+000  0.31859234E+000  0.46019619E+000  0.62789206E+000  0.80321791E+000  0.91041871E+000  0.12871924E+001  0.18878642E+001  0.26317395E+001  0.40998039E+001  0.58391479E+001
  0.30302204E+000  0.31857813E+000  0.46018230E+000  0.62787835E+000  0.80321008E+000  0.91041429E+000  0.12871790E+001  0.18878600E+001  0.26317346E+001  0.40997938E+001  0.58390924E+001
  0.30301809E+000  0.31856602E+000  0.46017046E+000  0.62786666E+000  0.80320339E+000  0.91041049E+000  0.12871675E+001  0.18878562E+001  0.26317307E+001  0.40997852E+001  0.58390451E+001
  0.30301469E+000  0.31855570E+000  0.46016037E+000  0.62785671E+000  0.80319767E+000  0.91040722E+000  0.12871577E+001  0.18878529E+001  0.26317275E+001  0.40997778E+001  0.58390048E+001
  0.30301176E+000  0.31854691E+000  0.46015177E+000  0.62784822E+000  0.80319278E+000  0.91040440E+000  0.12871494E+001  0.18878499E+001  0.26317244E+001  0.40997715E+001  0.58395029E+001
  0.30300923E+000  0.31853941E+000  0.46014443E+000  0.62784098E+000  0.80318859E+000  0.91040196E+000  0.12871423E+001  0.18878473E+001  0.26317216E+001  0.40997661E+001  0.58395008E+001
  0.30300704E+000  0.31853301E+000  0.46013818E+000  0.62783481E+000  0.80318500E+000  0.91039984E+000  0.12871362E+001  0.18878449E+001  0.26317189E+001  0.40997615E+001  0.58394990E+001
  0.30300515E+000  0.31852756E+000  0.46013285E+000  0.62782955E+000  0.80318192E+000  0.91039800E+000  0.12871310E+001  0.18878427E+001  0.26317164E+001  0.40997575E+001  0.58394974E+001
  0.30300350E+000  0.31852291E+000  0.46012830E+000  0.62782506E+000  0.80317928E+000  0.91039639E+000  0.12871266E+001  0.18878408E+001  0.26317140E+001  0.40997541E+001  0.58394959E+001
  0.30300206E+000  0.31851894E+000  0.46012442E+000  0.62782124E+000  0.80317700E+000  0.91039497E+000  0.12871229E+001  0.18878390E+001  0.26317118E+001  0.40997511E+001  0.58394946E+001
  0.30300080E+000  0.31851556E+000  0.46012112E+000  0.62781797E+000  0.80317504E+000  0.91039372E+000  0.12871197E+001  0.18878374E+001  0.26317097E+001  0.40997486E+001  0.58394935E+001
  0.30299970E+000  0.31851268E+000  0.46011830E+000  0.62781519E+000  0.80317335E+000  0.91039262E+000  0.12871169E+001  0.18878360E+001  0.26317077E+001  0.40997464E+001  0.58394925E+001
  0.30299872E+000  0.31851022E+000  0.46011589E+000  0.62781281E+000  0.80317188E+000  0.91039163E+000  0.12871146E+001  0.18878346E+001  0.26317058E+001  0.40997445E+001  0.58394916E+001
  0.30299786E+000  0.31850812E+000  0.46011384E+000  0.62781079E+000  0.80317060E+000  0.91039074E+000  0.12871126E+001  0.18878333E+001  0.26317040E+001  0.40997429E+001  0.58394907E+001
  0.30299708E+000  0.31850632E+000  0.46011208E+000  0.62780905E+000  0.80316949E+000  0.91038994E+000  0.12871109E+001  0.18878322E+001  0.26317023E+001  0.40997414E+001  0.58394900E+001
  0.30299638E+000  0.31850478E+000  0.46011058E+000  0.62780757E+000  0.80316851E+000  0.91038920E+000  0.12871095E+001  0.18878311E+001  0.26317007E+001  0.40997402E+001  0.58394892E+001
  0.30299575E+000  0.31850347E+000  0.46010929E+000  0.62780630E+000  0.80316765E+000  0.91038852E+000  0.12871082E+001  0.18878300E+001  0.26316992E+001  0.40997391E+001  0.58394886E+001
  0.30299517E+000  0.31850233E+000  0.46010818E+000  0.62780521E+000  0.80316688E+000  0.91038788E+000  0.12871071E+001  0.18878291E+001  0.26316977E+001  0.40997381E+001  0.58394879E+001
  0.30299463E+000  0.31850135E+000  0.46010722E+000  0.62780426E+000  0.80316619E+000  0.91038728E+000  0.12871062E+001  0.18878281E+001  0.26316963E+001  0.40997373E+001  0.58394873E+001
  0.30299413E+000  0.31850050E+000  0.46010639E+000  0.62780344E+000  0.80316556E+000  0.91038671E+000  0.12871054E+001  0.18878272E+001  0.26316950E+001  0.40997365E+001  0.58394867E+001
  0.30299365E+000  0.31849975E+000  0.46010566E+000  0.62780272E+000  0.80316498E+000  0.91038616E+000  0.12871047E+001  0.18878264E+001  0.26316937E+001  0.40997358E+001  0.58394861E+001
  0.30299319E+000  0.31849909E+000  0.46010501E+000  0.62780208E+000  0.80316445E+000  0.91038562E+000  0.12871041E+001  0.18878256E+001  0.26316925E+001  0.40997352E+001  0.58394856E+001
  0.30299275E+000  0.31849850E+000  0.46010443E+000  0.62780151E+000  0.80316394E+000  0.91038509E+000  0.12871035E+001  0.18878248E+001  0.26316913E+001  0.40997346E+001  0.58394850E+001
  0.30299232E+000  0.31849796E+000  0.46010391E+000  0.62780099E+000  0.80316346E+000  0.91038457E+000  0.12871030E+001  0.18878240E+001  0.26316902E+001  0.40997340E+001  0.58394844E+001
  0.30299189E+000  0.31849747E+000  0.46010342E+000  0.62780051E+000  0.80316299E+000  0.91038405E+000  0.12871025E+001  0.18878233E+001  0.26316891E+001  0.40997335E+001  0.58394839E+001
  0.30299147E+000  0.31849701E+000  0.46010297E+000  0.62780007E+000  0.80316254E+000  0.91038352E+000  0.12871021E+001  0.18878225E+001  0.26316880E+001  0.40997330E+001  0.58394833E+001
  0.30299105E+000  0.31849657E+000  0.46010254E+000  0.62779964E+000  0.80316209E+000  0.91038299E+000  0.12871017E+001  0.18878218E+001  0.26316870E+001  0.40997325E+001  0.58394827E+001
  0.30299062E+000  0.31849614E+000  0.46010213E+000  0.62779923E+000  0.80316164E+000  0.91038245E+000  0.12871013E+001  0.18878211E+001  0.26316861E+001  0.40997320E+001  0.58394822E+001
  0.30299019E+000  0.31849573E+000  0.46010172E+000  0.62779883E+000  0.80316118E+000  0.91038190E+000  0.12871009E+001  0.18878204E+001  0.26316851E+001  0.40997316E+001  0.58394816E+001
  0.30298975E+000  0.31849532E+000  0.46010132E+000  0.62779844E+000  0.80316073E+000  0.91038133E+000  0.12871005E+001  0.18878197E+001  0.26316842E+001  0.40997311E+001  0.58394809E+001
  0.30298930E+000  0.31849491E+000  0.46010092E+000  0.62779804E+000  0.80316026E+000  0.91038076E+000  0.12871001E+001  0.18878190E+001  0.26316833E+001  0.40997306E+001  0.58394803E+001
  0.30298884E+000  0.31849449E+000  0.46010051E+000  0.62779764E+000  0.80315978E+000  0.91038016E+000  0.12870997E+001  0.18878183E+001  0.26316825E+001  0.40997301E+001  0.58394797E+001
  0.30298838E+000  0.31849407E+000  0.46010010E+000  0.62779723E+000  0.80315930E+000  0.91037956E+000  0.12870993E+001  0.18878176E+001  0.26316816E+001  0.40997296E+001  0.58394790E+001
  0.30298790E+000  0.31849364E+000  0.46009968E+000  0.62779682E+000  0.80315880E+000  0.91037893E+000  0.12870989E+001  0.18878169E+001  0.26316808E+001  0.40997291E+001  0.58394784E+001
  0.30298741E+000  0.31849320E+000  0.46009925E+000  0.62779639E+000  0.80315828E+000  0.91037829E+000  0.12870985E+001  0.18878163E+001  0.26316800E+001  0.40997286E+001  0.58394777E+001
  0.30298690E+000  0.31849275E+000  0.46009881E+000  0.62779595E+000  0.80315776E+000  0.91037763E+000  0.12870981E+001  0.18878156E+001  0.26316792E+001  0.40997281E+001  0.58394770E+001
  0.30298639E+000  0.31849228E+000  0.46009835E+000  0.62779550E+000  0.80315721E+000  0.91037695E+000  0.12870976E+001  0.18878149E+001  0.26316784E+001  0.40997276E+001  0.58394762E+001
  0.30298586E+000  0.31849180E+000  0.46009788E+000  0.62779504E+000  0.80315666E+000  0.91037625E+000  0.12870972E+001  0.18878142E+001  0.26316776E+001  0.40997271E+001  0.58394755E+001
  0.30298532E+000  0.31849130E+000  0.46009739E+000  0.62779456E+000  0.80315608E+000  0.91037554E+000  0.12870967E+001  0.18878135E+001  0.26316768E+001  0.40997265E+001  0.58394748E+001
  0.30298476E+000  0.31849079E+000  0.46009690E+000  0.62779407E+000  0.80315550E+000  0.91037481E+000  0.12870962E+001  0.18878129E+001  0.26316760E+001  0.40997259E+001  0.58394740E+001
  0.30298420E+000  0.31849027E+000  0.46009638E+000  0.62779356E+000  0.80315490E+000  0.91037406E+000  0.12870957E+001  0.18878122E+001  0.26316753E+001  0.40997254E+001  0.58394732E+001
  0.30298362E+000  0.31848973E+000  0.46009586E+000  0.62779304E+000  0.80315428E+000  0.91037330E+000  0.12870952E+001  0.18878115E+001  0.26316745E+001  0.40997248E+001  0.58394724E+001
  0.30298303E+000  0.31848918E+000  0.46009531E+000  0.62779251E+000  0.80315365E+000  0.91037252E+000  0.12870947E+001  0.18878108E+001  0.26316737E+001  0.40997242E+001  0.58394716E+001
  0.30298243E+000  0.31848861E+000  0.46009476E+000  0.62779196E+000  0.80315301E+000  0.91037173E+000  0.12870941E+001  0.18878101E+001  0.26316729E+001  0.40997235E+001  0.58394708E+001
  0.30298182E+000  0.31848803E+000  0.46009419E+000  0.62779140E+000  0.80315235E+000  0.91037092E+000  0.12870936E+001  0.18878094E+001  0.26316721E+001  0.40997229E+001  0.58394699E+001
  0.30298120E+000  0.31848743E+000  0.46009361E+000  0.62779083E+000  0.80315169E+000  0.91037009E+000  0.12870930E+001  0.18878086E+001  0.26316714E+001  0.40997223E+001  0.58394691E+001
  0.30298057E+000  0.31848683E+000  0.46009302E+000  0.62779024E+000  0.80315101E+000  0.91036926E+000  0.12870924E+001  0.18878079E+001  0.26316706E+001  0.40997216E+001  0.58394682E+001
  0.30297993E+000  0.31846316E+000  0.46009242E+000  0.62778965E+000  0.80315032E+000  0.91036842E+000  0.12870919E+001  0.18878072E+001  0.26316698E+001  0.40997210E+001  0.58394674E+001
  0.30297928E+000  0.31846252E+000  0.46009181E+000  0.62778905E+000  0.80314963E+000  0.91036756E+000  0.12870913E+001  0.18878065E+001  0.26316690E+001  0.40997203E+001  0.58394665E+001
  0.30297863E+000  0.31846188E+000  0.46009118E+000  0.62778843E+000  0.80314892E+000  0.91036670E+000  0.12870907E+001  0.18878057E+001  0.26316682E+001  0.40997197E+001  0.58394656E+001
  0.30297798E+000  0.31846122E+000  0.46009056E+000  0.62778781E+000  0.80314821E+000  0.91036583E+000  0.12870901E+001  0.18878050E+001  0.26316674E+001  0.40997190E+001  0.58394647E+001
  0.30297732E+000  0.31846056E+000  0.46008992E+000  0.62778718E+000  0.80314750E+000  0.91036496E+000  0.12870894E+001  0.18878043E+001  0.26316666E+001  0.40997183E+001  0.58394638E+001
  0.30297665E+000  0.31845989E+000  0.46008928E+000  0.62778655E+000  0.80314678E+000  0.91036408E+000  0.12870888E+001  0.18878036E+001  0.26316658E+001  0.40997176E+001  0.58394630E+001
  0.30297599E+000  0.31845922E+000  0.46008863E+000  0.62778591E+000  0.80314606E+000  0.91036320E+000  0.12870882E+001  0.18878028E+001  0.26316650E+001  0.40997169E+001  0.58394621E+001
  0.30297533E+000  0.31845855E+000  0.46008798E+000  0.62778528E+000  0.80314534E+000  0.91036232E+000  0.12870876E+001  0.18878021E+001  0.26316642E+001  0.40997162E+001  0.58394612E+001
  0.30297466E+000  0.31845788E+000  0.46008733E+000  0.62778463E+000  0.80314462E+000  0.91036144E+000  0.12870869E+001  0.18878013E+001  0.26316633E+001  0.40997155E+001  0.58394603E+001
  0.30297400E+000  0.31845721E+000  0.46008668E+000  0.62778399E+000  0.80314390E+000  0.91036057E+000  0.12870863E+001  0.18878006E+001  0.26316625E+001  0.40997149E+001  0.58394595E+001
  0.30297335E+000  0.31845654E+000  0.46008604E+000  0.62778335E+000  0.80314318E+000  0.91035970E+000  0.12870857E+001  0.18877999E+001  0.26316617E+001  0.40997142E+001  0.58394586E+001
  0.30297269E+000  0.31845587E+000  0.46008539E+000  0.62778271E+000  0.80314247E+000  0.91035884E+000  0.12870851E+001  0.18877992E+001  0.26316609E+001  0.40997135E+001  0.58394577E+001
  0.30297205E+000  0.31845521E+000  0.46008474E+000  0.62778208E+000  0.80314177E+000  0.91035798E+000  0.12870844E+001  0.18877985E+001  0.26316602E+001  0.40997128E+001  0.58394569E+001
  0.30297141E+000  0.31845455E+000  0.46008411E+000  0.62778145E+000  0.80314108E+000  0.91035714E+000  0.12870838E+001  0.18877977E+001  0.26316594E+001  0.40997122E+001  0.58394561E+001
  0.30297078E+000  0.31845390E+000  0.46008347E+000  0.62778082E+000  0.80314039E+000  0.91035630E+000  0.12870832E+001  0.18877970E+001  0.26316586E+001  0.40997115E+001  0.58394553E+001
  0.30297016E+000  0.31845326E+000  0.46008285E+000  0.62778021E+000  0.80313971E+000  0.91035548E+000  0.12870826E+001  0.18877963E+001  0.26316579E+001  0.40997109E+001  0.58394545E+001
  0.30296956E+000  0.31845263E+000  0.46008224E+000  0.62777960E+000  0.80313905E+000  0.91035468E+000  0.12870820E+001  0.18877957E+001  0.26316571E+001  0.40997102E+001  0.58394537E+001
  0.30296896E+000  0.31845201E+000  0.46008163E+000  0.62777900E+000  0.80313840E+000  0.91035389E+000  0.12870814E+001  0.18877950E+001  0.26316564E+001  0.40997096E+001  0.58394530E+001
  0.30296838E+000  0.31845140E+000  0.46008104E+000  0.62777842E+000  0.80313776E+000  0.91035312E+000  0.12870808E+001  0.18877943E+001  0.26316557E+001  0.40997090E+001  0.58394522E+001
  0.30296781E+000  0.31845081E+000  0.46008046E+000  0.62777785E+000  0.80313714E+000  0.91035237E+000  0.12870803E+001  0.18877937E+001  0.26316550E+001  0.40997084E+001  0.58394515E+001
  0.30296726E+000  0.31845023E+000  0.46007989E+000  0.62777729E+000  0.80313654E+000  0.91035164E+000  0.12870797E+001  0.18877931E+001  0.26316543E+001  0.40997078E+001  0.58394508E+001
  0.30296672E+000  0.31844967E+000  0.46007934E+000  0.62777674E+000  0.80313595E+000  0.91035093E+000  0.12870792E+001  0.18877925E+001  0.26316536E+001  0.40997073E+001  0.58394502E+001
  0.30296621E+000  0.31844912E+000  0.46007880E+000  0.62777621E+000  0.80313538E+000  0.91035025E+000  0.12870787E+001  0.18877919E+001  0.26316530E+001  0.40997067E+001  0.58394495E+001
  0.30296571E+000  0.31844859E+000  0.46007828E+000  0.62777570E+000  0.80313484E+000  0.91034958E+000  0.12870782E+001  0.18877913E+001  0.26316524E+001  0.40997062E+001  0.58394489E+001
  0.30296523E+000  0.31844808E+000  0.46007778E+000  0.62777520E+000  0.80313431E+000  0.91034895E+000  0.12870777E+001  0.18877907E+001  0.26316518E+001  0.40997057E+001  0.58394483E+001
  0.30296476E+000  0.31844759E+000  0.46007729E+000  0.62777472E+000  0.80313380E+000  0.91034834E+000  0.12870772E+001  0.18877902E+001  0.26316512E+001  0.40997052E+001  0.58394478E+001
  0.30296432E+000  0.31844712E+000  0.46007682E+000  0.62777426E+000  0.80313331E+000  0.91034775E+000  0.12870768E+001  0.18877896E+001  0.26316507E+001  0.40997047E+001  0.58394472E+001
  0.30296390E+000  0.31844666E+000  0.46007638E+000  0.62777382E+000  0.80313285E+000  0.91034719E+000  0.12870763E+001  0.18877891E+001  0.26316501E+001  0.40997043E+001  0.58394467E+001
  0.30296350E+000  0.31844623E+000  0.46007595E+000  0.62777340E+000  0.80313241E+000  0.91034666E+000  0.12870759E+001  0.18877886E+001  0.26316496E+001  0.40997039E+001  0.58394462E+001
  0.30296311E+000  0.31844582E+000  0.46007554E+000  0.62777299E+000  0.80313199E+000  0.91034615E+000  0.12870755E+001  0.18877882E+001  0.26316492E+001  0.40997034E+001  0.58394458E+001
  0.30296275E+000  0.31844543E+000  0.46007515E+000  0.62777261E+000  0.80313159E+000  0.91034567E+000  0.12870751E+001  0.18877877E+001  0.26316487E+001  0.40997031E+001  0.58394454E+001
  0.30296241E+000  0.31844506E+000  0.46007478E+000  0.62777225E+000  0.80313121E+000  0.91034522E+000  0.12870748E+001  0.18877873E+001  0.26316483E+001  0.40997027E+001  0.58394450E+001
  0.30296209E+000  0.31844471E+000  0.46007443E+000  0.62777190E+000  0.80313086E+000  0.91034479E+000  0.12870744E+001  0.18877869E+001  0.26316479E+001  0.40997024E+001  0.58394446E+001
  0.30296179E+000  0.31844438E+000  0.46007411E+000  0.62777158E+000  0.80313052E+000  0.91034439E+000  0.12870741E+001  0.18877865E+001  0.26316475E+001  0.40997020E+001  0.58394443E+001
  0.30296150E+000  0.31844407E+000  0.46007380E+000  0.62777127E+000  0.80313021E+000  0.91034402E+000  0.12870738E+001  0.18877861E+001  0.26316471E+001  0.40997017E+001  0.58394440E+001
  0.30296124E+000  0.31844378E+000  0.46007351E+000  0.62777099E+000  0.80312992E+000  0.91034367E+000  0.12870735E+001  0.18877858E+001  0.26316467E+001  0.40997014E+001  0.58394437E+001
  0.30296099E+000  0.31844351E+000  0.46007324E+000  0.62777072E+000  0.80312965E+000  0.91034334E+000  0.12870733E+001  0.18877854E+001  0.26316464E+001  0.40997012E+001  0.58394434E+001
  0.30296077E+000  0.31844325E+000  0.46007298E+000  0.62777047E+000  0.80312940E+000  0.91034304E+000  0.12870730E+001  0.18877851E+001  0.26316461E+001  0.40997009E+001  0.58394432E+001
  0.30296056E+000  0.31844302E+000  0.46007275E+000  0.62777024E+000  0.80312916E+000  0.91034276E+000  0.12870728E+001  0.18877848E+001  0.26316458E+001  0.40997007E+001  0.58394430E+001
  0.30296036E+000  0.31844281E+000  0.46007253E+000  0.62777003E+000  0.80312895E+000  0.91034251E+000  0.12870726E+001  0.18877845E+001  0.26316455E+001  0.40997005E+001  0.58394428E+001
  0.30296019E+000  0.31844261E+000  0.46007233E+000  0.62776983E+000  0.80312875E+000  0.91034227E+000  0.12870724E+001  0.18877842E+001  0.26316453E+001  0.40997003E+001  0.58394426E+001
  0.30296002E+000  0.31844243E+000  0.46007215E+000  0.62776965E+000  0.80312857E+000  0.91034206E+000  0.12870722E+001  0.18877840E+001  0.26316450E+001  0.40997001E+001  0.58394424E+001
  0.30295988E+000  0.31844226E+000  0.46007198E+000  0.62776948E+000  0.80312841E+000  0.91034186E+000  0.12870721E+001  0.18877837E+001  0.26316448E+001  0.40997000E+001  0.58394423E+001
  0.30295974E+000  0.31844211E+000  0.46007183E+000  0.62776933E+000  0.80312826E+000  0.91034169E+000  0.12870719E+001  0.18877835E+001  0.26316446E+001  0.40996998E+001  0.58394422E+001
  0.30295962E+000  0.31844197E+000  0.46007169E+000  0.62776920E+000  0.80312812E+000  0.91034153E+000  0.12870718E+001  0.18877833E+001  0.26316444E+001  0.40996997E+001  0.58394421E+001
  0.30295951E+000  0.31844185E+000  0.46007157E+000  0.62776907E+000  0.80312800E+000  0.91034138E+000  0.12870717E+001  0.18877830E+001  0.26316442E+001  0.40996996E+001  0.58394420E+001
  0.30295942E+000  0.31844174E+000  0.46007145E+000  0.62776896E+000  0.80312789E+000  0.91034125E+000  0.12870716E+001  0.18877828E+001  0.26316440E+001  0.40996995E+001  0.58394419E+001
  0.30295933E+000  0.31844164E+000  0.46007135E+000  0.62776886E+000  0.80312780E+000  0.91034114E+000  0.12870715E+001  0.18877826E+001  0.26316439E+001  0.40996994E+001  0.58394418E+001
  0.30295925E+000  0.31844155E+000  0.46007126E+000  0.62776877E+000  0.80312771E+000  0.91034104E+000  0.12870714E+001  0.18877825E+001  0.26316437E+001  0.40996993E+001  0.58394418E+001
  0.30295919E+000  0.31844147E+000  0.46007118E+000  0.62776869E+000  0.80312763E+000  0.91034095E+000  0.12870713E+001  0.18877823E+001  0.26316436E+001  0.40996992E+001  0.58394417E+001
  0.30295913E+000  0.31844140E+000  0.46007111E+000  0.62776862E+000  0.80312756E+000  0.91034087E+000  0.12870712E+001  0.18877821E+001  0.26316434E+001  0.40996991E+001  0.58394417E+001
  0.30295908E+000  0.31844134E+000  0.46007104E+000  0.62776856E+000  0.80312751E+000  0.91034080E+000  0.12870712E+001  0.18877819E+001  0.26316433E+001  0.40996991E+001  0.58394416E+001
  0.30295903E+000  0.31844128E+000  0.46007099E+000  0.62776850E+000  0.80312745E+000  0.91034074E+000  0.12870711E+001  0.18877818E+001  0.26316432E+001  0.40996990E+001  0.58394416E+001
  0.30295899E+000  0.31844124E+000  0.46007094E+000  0.62776846E+000  0.80312741E+000  0.91034069E+000  0.12870711E+001  0.18877816E+001  0.26316430E+001  0.40996990E+001  0.58394416E+001
  0.30295896E+000  0.31844120E+000  0.46007090E+000  0.62776842E+000  0.80312737E+000  0.91034065E+000  0.12870710E+001  0.18877815E+001  0.26316429E+001  0.40996990E+001  0.58394416E+001
  0.30295893E+000  0.31844116E+000  0.46007087E+000  0.62776838E+000  0.80312734E+000  0.91034061E+000  0.12870710E+001  0.18877813E+001  0.26316428E+001  0.40996989E+001  0.58394416E+001
  0.30295891E+000  0.31844113E+000  0.46007083E+000  0.62776835E+000  0.80312731E+000  0.91034058E+000  0.12870710E+001  0.18877812E+001  0.26316427E+001  0.40996989E+001  0.58394416E+001
  0.30295889E+000  0.31844111E+000  0.46007081E+000  0.62776833E+000  0.80312729E+000  0.91034055E+000  0.12870709E+001  0.18877810E+001  0.26316426E+001  0.40996989E+001  0.58394416E+001
  0.30295887E+000  0.31844109E+000  0.46007079E+000  0.62776830E+000  0.80312727E+000  0.91034053E+000  0.12870709E+001  0.18877809E+001  0.26316425E+001  0.40996988E+001  0.58394416E+001
  0.30295886E+000  0.31844107E+000  0.46007077E+000  0.62776829E+000  0.80312725E+000  0.91034052E+000  0.12870709E+001  0.18877807E+001  0.26316424E+001  0.40996988E+001  0.58394416E+001
  0.30295885E+000  0.31844106E+000  0.46007076E+000  0.62776827E+000  0.80312724E+000  0.91034050E+000  0.12870709E+001  0.18877806E+001  0.26316423E+001  0.40996988E+001  0.58394416E+001
  0.30295884E+000  0.31844105E+000  0.46007075E+000  0.62776826E+000  0.80312723E+000  0.91034049E+000  0.12870709E+001  0.18877804E+001  0.26316422E+001  0.40996988E+001  0.58394416E+001
  0.30295884E+000  0.31844104E+000  0.46007074E+000  0.62776825E+000  0.80312722E+000  0.91034049E+000  0.12870709E+001  0.18877803E+001  0.26316421E+001  0.40996988E+001  0.58394416E+001
  0.30295883E+000  0.31844104E+000  0.46007073E+000  0.62776825E+000  0.80312721E+000  0.91034048E+000  0.12870709E+001  0.18877802E+001  0.26316420E+001  0.40996988E+001  0.58394416E+001
  0.30295883E+000  0.31844103E+000  0.46007073E+000  0.62776824E+000  0.80312721E+000  0.91034048E+000  0.12870708E+001  0.18877800E+001  0.26316419E+001  0.40996988E+001  0.58394417E+001
  0.30295883E+000  0.31844103E+000  0.46007072E+000  0.62776824E+000  0.80312721E+000  0.91034048E+000  0.12870708E+001  0.18877799E+001  0.26316418E+001  0.40996988E+001  0.58394417E+001
  0.30295883E+000  0.31844103E+000  0.46007072E+000  0.62776824E+000  0.80312721E+000  0.91034048E+000  0.12870708E+001  0.18877798E+001  0.26316417E+001  0.40996988E+001  0.58394417E+001
  0.30295883E+000  0.31844103E+000  0.46007072E+000  0.62776824E+000  0.80312720E+000  0.91034048E+000  0.12870708E+001  0.18877796E+001  0.26316416E+001  0.40996988E+001  0.58394417E+001
  0.30295883E+000  0.31844103E+000  0.46007072E+000  0.62776824E+000  0.80312721E+000  0.91034048E+000  0.12870708E+001  0.18877795E+001  0.26316415E+001  0.40996988E+001  0.58394417E+001
  0.30295883E+000  0.31844103E+000  0.46007072E+000  0.62776824E+000  0.80312721E+000  0.91034049E+000  0.12870708E+001  0.18877794E+001  0.26316414E+001  0.40996987E+001  0.58394417E+001
  0.30295884E+000  0.31844103E+000  0.46007072E+000  0.62776824E+000  0.80312721E+000  0.91034049E+000  0.12870708E+001  0.18877792E+001  0.26316413E+001  0.40996987E+001  0.58394417E+001
  0.30295884E+000  0.31844104E+000  0.46007073E+000  0.62776824E+000  0.80312721E+000  0.91034050E+000  0.12870708E+001  0.18877791E+001  0.26316411E+001  0.40996987E+001  0.58394417E+001
  0.30295884E+000  0.31844104E+000  0.46007073E+000  0.62776825E+000  0.80312721E+000  0.91034050E+000  0.12870709E+001  0.18877790E+001  0.26316410E+001  0.40996987E+001  0.58394417E+001
  0.30295885E+000  0.31844105E+000  0.46007073E+000  0.62776825E+000  0.80312722E+000  0.91034051E+000  0.12870709E+001  0.18877789E+001  0.26316409E+001  0.40996987E+001  0.58394417E+001
  0.30295885E+000  0.31844105E+000  0.46007074E+000  0.62776825E+000  0.80312722E+000  0.91034051E+000  0.12870709E+001  0.18877787E+001  0.26316408E+001  0.40996987E+001  0.58394417E+001
  0.30295886E+000  0.31844105E+000  0.46007074E+000  0.62776826E+000  0.80312722E+000  0.91034052E+000  0.12870709E+001  0.18877786E+001  0.26316407E+001  0.40996987E+001  0.58394417E+001
  0.30295886E+000  0.31844106E+000  0.46007075E+000  0.62776826E+000  0.80312723E+000  0.91034052E+000  0.12870709E+001  0.18877785E+001  0.26316406E+001  0.40996987E+001  0.58394417E+001
  0.30295887E+000  0.31844106E+000  0.46007075E+000  0.62776827E+000  0.80312723E+000  0.91034053E+000  0.12870709E+001  0.18877783E+001  0.26316405E+001  0.40996987E+001  0.58394417E+001
  0.30295887E+000  0.31844107E+000  0.46007075E+000  0.62776827E+000  0.80312724E+000  0.91034054E+000  0.12870709E+001  0.18877782E+001  0.26316404E+001  0.40996987E+001  0.58394417E+001
  0.30295888E+000  0.31844107E+000  0.46007076E+000  0.62776828E+000  0.80312724E+000  0.91034054E+000  0.12870709E+001  0.18877781E+001  0.26316403E+001  0.40996987E+001  0.58394417E+001
  0.30295888E+000  0.31844108E+000  0.46007076E+000  0.62776828E+000  0.80312724E+000  0.91034055E+000  0.12870709E+001  0.18877780E+001  0.26316402E+001  0.40996987E+001  0.58394416E+001
  0.30295888E+000  0.31844108E+000  0.46007077E+000  0.62776828E+000  0.80312725E+000  0.91034056E+000  0.12870709E+001  0.18877778E+001  0.26316400E+001  0.40996987E+001  0.58394416E+001
  0.30295889E+000  0.31844108E+000  0.46007077E+000  0.62776829E+000  0.80312725E+000  0.91034056E+000  0.12870709E+001  0.18877777E+001  0.26316399E+001  0.40996987E+001  0.58394416E+001
  0.30295889E+000  0.31844109E+000  0.46007078E+000  0.62776829E+000  0.80312725E+000  0.91034057E+000  0.12870709E+001  0.18877776E+001  0.26316398E+001  0.40996987E+001  0.58394416E+001
  0.30295890E+000  0.31844109E+000  0.46007078E+000  0.62776830E+000  0.80312726E+000  0.91034057E+000  0.12870709E+001  0.18877775E+001  0.26316397E+001  0.40996987E+001  0.58394416E+001
  0.30295890E+000  0.31844110E+000  0.46007078E+000  0.62776830E+000  0.80312726E+000  0.91034058E+000  0.12870709E+001  0.18877774E+001  0.26316396E+001  0.40996987E+001  0.58394415E+001
  0.30295890E+000  0.31844110E+000  0.46007079E+000  0.62776830E+000  0.80312726E+000  0.91034058E+000  0.12870709E+001  0.18877772E+001  0.26316395E+001  0.40996987E+001  0.58394415E+001
  0.30295891E+000  0.31844111E+000  0.46007079E+000  0.62776831E+000  0.80312727E+000  0.91034059E+000  0.12870709E+001  0.18877771E+001  0.26316394E+001  0.40996987E+001  0.58394415E+001
  0.30295891E+000  0.31844111E+000  0.46007079E+000  0.62776831E+000  0.80312727E+000  0.91034059E+000  0.12870709E+001  0.18877770E+001  0.26316392E+001  0.40996987E+001  0.58394414E+001
  0.30295891E+000  0.31844111E+000  0.46007080E+000  0.62776831E+000  0.80312727E+000  0.91034060E+000  0.12870709E+001  0.18877769E+001  0.26316391E+001  0.40996987E+001  0.58394414E+001
  0.30295892E+000  0.31844112E+000  0.46007080E+000  0.62776832E+000  0.80312728E+000  0.91034060E+000  0.12870709E+001  0.18877768E+001  0.26316390E+001  0.40996986E+001  0.58394414E+001
  0.30295892E+000  0.31844112E+000  0.46007080E+000  0.62776832E+000  0.80312728E+000  0.91034060E+000  0.12870709E+001  0.18877767E+001  0.26316389E+001  0.40996986E+001  0.58394413E+001
  0.30295892E+000  0.31844112E+000  0.46007081E+000  0.62776832E+000  0.80312728E+000  0.91034061E+000  0.12870709E+001  0.18877766E+001  0.26316388E+001  0.40996986E+001  0.58394413E+001
  0.30295893E+000  0.31844112E+000  0.46007081E+000  0.62776833E+000  0.80312728E+000  0.91034061E+000  0.12870709E+001  0.18877765E+001  0.26316387E+001  0.40996986E+001  0.58394413E+001
  0.30295893E+000  0.31844113E+000  0.46007081E+000  0.62776833E+000  0.80312729E+000  0.91034062E+000  0.12870709E+001  0.18877764E+001  0.26316386E+001  0.40996986E+001  0.58394412E+001
  0.30295893E+000  0.31844113E+000  0.46007082E+000  0.62776833E+000  0.80312729E+000  0.91034062E+000  0.12870709E+001  0.18877763E+001  0.26316384E+001  0.40996986E+001  0.58394412E+001
  0.30295893E+000  0.31844113E+000  0.46007082E+000  0.62776833E+000  0.80312729E+000  0.91034062E+000  0.12870709E+001  0.18877761E+001  0.26316383E+001  0.40996986E+001  0.58394411E+001
  0.30295893E+000  0.31844113E+000  0.46007082E+000  0.62776833E+000  0.80312729E+000  0.91034062E+000  0.12870709E+001  0.18877760E+001  0.26316382E+001  0.40996986E+001  0.58394411E+001
  0.30295893E+000  0.31844114E+000  0.46007082E+000  0.62776834E+000  0.80312729E+000  0.91034063E+000  0.12870709E+001  0.18877760E+001  0.26316381E+001  0.40996986E+001  0.58394410E+001
  0.30295894E+000  0.31844114E+000  0.46007082E+000  0.62776834E+000  0.80312729E+000  0.91034063E+000  0.12870709E+001  0.18877759E+001  0.26316380E+001  0.40996986E+001  0.58394410E+001
  0.30295894E+000  0.31844114E+000  0.46007082E+000  0.62776834E+000  0.80312729E+000  0.91034063E+000  0.12870709E+001  0.18877758E+001  0.26316379E+001  0.40996986E+001  0.58394409E+001
  0.30295894E+000  0.31844114E+000  0.46007083E+000  0.62776834E+000  0.80312729E+000  0.91034063E+000  0.12870709E+001  0.18877757E+001  0.26316378E+001  0.40996985E+001  0.58394409E+001
  0.30295894E+000  0.31844114E+000  0.46007083E+000  0.62776834E+000  0.80312730E+000  0.91034063E+000  0.12870709E+001  0.18877756E+001  0.26316377E+001  0.40996985E+001  0.58394408E+001
  0.30295894E+000  0.31844114E+000  0.46007083E+000  0.62776834E+000  0.80312730E+000  0.91034063E+000  0.12870709E+001  0.18877755E+001  0.26316376E+001  0.40996985E+001  0.58394408E+001
  0.30295894E+000  0.31844114E+000  0.46007083E+000  0.62776834E+000  0.80312730E+000  0.91034063E+000  0.12870709E+001  0.18877754E+001  0.26316375E+001  0.40996985E+001  0.58394407E+001
  0.30295894E+000  0.31844114E+000  0.46007083E+000  0.62776835E+000  0.80312730E+000  0.91034063E+000  0.12870709E+001  0.18877753E+001  0.26316374E+001  0.40996985E+001  0.58394407E+001
  0.30295894E+000  0.31844114E+000  0.46007083E+000  0.62776835E+000  0.80312730E+000  0.91034063E+000  0.12870709E+001  0.18877752E+001  0.26316373E+001  0.40996985E+001  0.58394406E+001
  0.30295894E+000  0.31844114E+000  0.46007083E+000  0.62776835E+000  0.80312730E+000  0.91034063E+000  0.12870709E+001  0.18877752E+001  0.26316372E+001  0.40996985E+001  0.58394406E+001
  0.30295894E+000  0.31844114E+000  0.46007083E+000  0.62776835E+000  0.80312730E+000  0.91034063E+000  0.12870709E+001  0.18877751E+001  0.26316371E+001  0.40996985E+001  0.58394405E+001
  0.30295894E+000  0.31844114E+000  0.46007083E+000  0.62776835E+000  0.80312730E+000  0.91034063E+000  0.12870709E+001  0.18877750E+001  0.26316370E+001  0.40996985E+001  0.58394405E+001
  0.30295894E+000  0.31844114E+000  0.46007083E+000  0.62776835E+000  0.80312729E+000  0.91034063E+000  0.12870709E+001  0.18877749E+001  0.26316369E+001  0.40996985E+001  0.58394404E+001
  0.30295894E+000  0.31844114E+000  0.46007083E+000  0.62776835E+000  0.80312729E+000  0.91034063E+000  0.12870709E+001  0.18877749E+001  0.26316368E+001  0.40996984E+001  0.58394403E+001
  0.30295894E+000  0.31844114E+000  0.46007083E+000  0.62776835E+000  0.80312729E+000  0.91034063E+000  0.12870709E+001  0.18877748E+001  0.26316367E+001  0.40996984E+001  0.58394403E+001
  0.30295894E+000  0.31844114E+000  0.46007083E+000  0.62776835E+000  0.80312729E+000  0.91034063E+000  0.12870709E+001  0.18877747E+001  0.26316366E+001  0.40996984E+001  0.58394402E+001
  0.30295894E+000  0.31844114E+000  0.46007083E+000  0.62776835E+000  0.80312729E+000  0.91034063E+000  0.12870709E+001  0.18877746E+001  0.26316365E+001  0.40996984E+001  0.58394402E+001
  0.30295894E+000  0.31844114E+000  0.46007083E+000  0.62776835E+000  0.80312729E+000  0.91034063E+000  0.12870709E+001  0.18877746E+001  0.26316364E+001  0.40996984E+001  0.58394401E+001
  0.30295894E+000  0.31844114E+000  0.46007083E+000  0.62776834E+000  0.80312729E+000  0.91034063E+000  0.12870709E+001  0.18877745E+001  0.26316364E+001  0.40996984E+001  0.58394400E+001
  0.30295894E+000  0.31844114E+000  0.46007083E+000  0.62776834E+000  0.80312729E+000  0.91034063E+000  0.12870709E+001  0.18877745E+001  0.26316363E+001  0.40996984E+001  0.58394400E+001
  0.30295893E+000  0.31844114E+000  0.46007083E+000  0.62776834E+000  0.80312729E+000  0.91034062E+000  0.12870709E+001  0.18877744E+001  0.26316362E+001  0.40996984E+001  0.58394399E+001
  0.30295893E+000  0.31844114E+000  0.46007083E+000  0.62776834E+000  0.80312729E+000  0.91034062E+000  0.12870709E+001  0.18877743E+001  0.26316361E+001  0.40996983E+001  0.58394399E+001
  0.30295893E+000  0.31844114E+000  0.46007083E+000  0.62776834E+000  0.80312728E+000  0.91034062E+000  0.12870709E+001  0.18877743E+001  0.26316360E+001  0.40996983E+001  0.58394398E+001
  0.30295893E+000  0.31844114E+000  0.46007082E+000  0.62776834E+000  0.80312728E+000  0.91034062E+000  0.12870709E+001  0.18877742E+001  0.26316360E+001  0.40996983E+001  0.58394398E+001
  0.30295893E+000  0.31844114E+000  0.46007082E+000  0.62776834E+000  0.80312728E+000  0.91034062E+000  0.12870709E+001  0.18877742E+001  0.26316359E+001  0.40996983E+001  0.58394397E+001
  0.30295893E+000  0.31844113E+000  0.46007082E+000  0.62776834E+000  0.80312728E+000  0.91034062E+000  0.12870709E+001  0.18877741E+001  0.26316358E+001  0.40996983E+001  0.58394396E+001
  0.30295893E+000  0.31844113E+000  0.46007082E+000  0.62776834E+000  0.80312728E+000  0.91034061E+000  0.12870709E+001  0.18877741E+001  0.26316357E+001  0.40996983E+001  0.58394396E+001
  0.30295893E+000  0.31844113E+000  0.46007082E+000  0.62776834E+000  0.80312728E+000  0.91034061E+000  0.12870709E+001  0.18877740E+001  0.26316357E+001  0.40996983E+001  0.58394395E+001
  0.30295892E+000  0.31844113E+000  0.46007082E+000  0.62776833E+000  0.80312727E+000  0.91034061E+000  0.12870709E+001  0.18877740E+001  0.26316356E+001  0.40996983E+001  0.58394395E+001
  0.30295892E+000  0.31844113E+000  0.46007082E+000  0.62776833E+000  0.80312727E+000  0.91034061E+000  0.12870709E+001  0.18877739E+001  0.26316355E+001  0.40996983E+001  0.58394394E+001
  0.30295892E+000  0.31844113E+000  0.46007082E+000  0.62776833E+000  0.80312727E+000  0.91034061E+000  0.12870709E+001  0.18877739E+001  0.26316355E+001  0.40996983E+001  0.58394394E+001
  0.30295892E+000  0.31844113E+000  0.46007082E+000  0.62776833E+000  0.80312727E+000  0.91034060E+000  0.12870709E+001  0.18877738E+001  0.26316354E+001  0.40996982E+001  0.58394393E+001
  0.30295892E+000  0.31844113E+000  0.46007081E+000  0.62776833E+000  0.80312727E+000  0.91034060E+000  0.12870709E+001  0.18877738E+001  0.26316353E+001  0.40996982E+001  0.58394393E+001
  0.30295892E+000  0.31844112E+000  0.46007081E+000  0.62776833E+000  0.80312727E+000  0.91034060E+000  0.12870709E+001  0.18877738E+001  0.26316353E+001  0.40996982E+001  0.58394392E+001
  0.30295891E+000  0.31844112E+000  0.46007081E+000  0.62776833E+000  0.80312726E+000  0.91034059E+000  0.12870709E+001  0.18877737E+001  0.26316352E+001  0.40996982E+001  0.58394392E+001
  0.30295891E+000  0.31844112E+000  0.46007081E+000  0.62776832E+000  0.80312726E+000  0.91034059E+000  0.12870709E+001  0.18877737E+001  0.26316352E+001  0.40996982E+001  0.58394391E+001
  0.30295891E+000  0.31844112E+000  0.46007081E+000  0.62776832E+000  0.80312726E+000  0.91034059E+000  0.12870709E+001  0.18877737E+001  0.26316351E+001  0.40996982E+001  0.58394391E+001
  0.30295891E+000  0.31844112E+000  0.46007081E+000  0.62776832E+000  0.80312726E+000  0.91034058E+000  0.12870709E+001  0.18877736E+001  0.26316351E+001  0.40996982E+001  0.58394390E+001
  0.30295890E+000  0.31844111E+000  0.46007080E+000  0.62776832E+000  0.80312725E+000  0.91034058E+000  0.12870709E+001  0.18877736E+001  0.26316350E+001  0.40996982E+001  0.58394389E+001
  0.30295890E+000  0.31844111E+000  0.46007080E+000  0.62776832E+000  0.80312725E+000  0.91034057E+000  0.12870709E+001  0.18877736E+001  0.26316350E+001  0.40996982E+001  0.58394389E+001
  0.30295889E+000  0.31844111E+000  0.46007080E+000  0.62776831E+000  0.80312724E+000  0.91034057E+000  0.12870709E+001  0.18877735E+001  0.26316349E+001  0.40996982E+001  0.58394389E+001
  0.30295889E+000  0.31844110E+000  0.46007079E+000  0.62776831E+000  0.80312724E+000  0.91034056E+000  0.12870709E+001  0.18877735E+001  0.26316349E+001  0.40996981E+001  0.58394388E+001
  0.30295888E+000  0.31844110E+000  0.46007079E+000  0.62776831E+000  0.80312723E+000  0.91034055E+000  0.12870709E+001  0.18877735E+001  0.26316348E+001  0.40996981E+001  0.58394388E+001
  0.30295888E+000  0.31844109E+000  0.46007078E+000  0.62776830E+000  0.80312722E+000  0.91034054E+000  0.12870709E+001  0.18877734E+001  0.26316348E+001  0.40996981E+001  0.58394387E+001
  0.30295889E+000  0.31844108E+000  0.46007076E+000  0.62776828E+000  0.80312723E+000  0.91034056E+000  0.12870709E+001  0.18877734E+001  0.26316347E+001  0.40996981E+001  0.58394387E+001
