 -0.57432092E+000 -0.43190780E+000 -0.11426195E+000 -0.56729871E-002 -0.39447190E-002 -0.10642722E-002  0.10817903E-002  0.96014761E+000  0.25658122E+001  0.51504776E+001  0.73807482E+001
 -0.57424392E+000 -0.43179201E+000 -0.11410753E+000 -0.56712577E-002 -0.39382888E-002 -0.10500074E-002  0.10832016E-002  0.96029613E+000  0.25659639E+001  0.51506740E+001  0.73809174E+001
 -0.57418658E+000 -0.43170174E+000 -0.11399396E+000 -0.56707736E-002 -0.39378285E-002 -0.10495867E-002  0.10834285E-002  0.96041268E+000  0.25660852E+001  0.51508332E+001  0.73810561E+001
 -0.57414775E+000 -0.43163636E+000 -0.11391253E+000 -0.56706139E-002 -0.39383204E-002 -0.10511647E-002  0.10833892E-002  0.96050136E+000  0.25661787E+001  0.51509584E+001  0.73811667E+001
 -0.57412432E+000 -0.43159227E+000 -0.11385541E+000 -0.56705791E-002 -0.39389152E-002 -0.10528086E-002  0.10832941E-002  0.96056746E+000  0.25662486E+001  0.51510539E+001  0.73812525E+001
 -0.57411298E+000 -0.43156559E+000 -0.11381717E+000 -0.56706149E-002 -0.39394953E-002 -0.10542960E-002  0.10831895E-002  0.96061522E+000  0.25662987E+001  0.51511240E+001  0.73813169E+001
 -0.57411069E+000 -0.43155259E+000 -0.11379378E+000 -0.56706931E-002 -0.39400332E-002 -0.10555999E-002  0.10830873E-002  0.96064805E+000  0.25663325E+001  0.51511723E+001  0.73813626E+001
 -0.57411482E+000 -0.43155005E+000 -0.11378212E+000 -0.56707968E-002 -0.39405223E-002 -0.10567313E-002  0.10829902E-002  0.96066872E+000  0.25663532E+001  0.51512022E+001  0.73813924E+001
 -0.57412327E+000 -0.43155528E+000 -0.11377971E+000 -0.56709150E-002 -0.39409633E-002 -0.10577104E-002  0.10828991E-002  0.96067951E+000  0.25663633E+001  0.51512169E+001  0.73814085E+001
 -0.57413442E+000 -0.43156610E+000 -0.11378453E+000 -0.56710399E-002 -0.39413588E-002 -0.10585570E-002  0.10828144E-002  0.96068230E+000  0.25663648E+001  0.51512191E+001  0.73814132E+001
 -0.57414706E+000 -0.43158078E+000 -0.11379494E+000 -0.56711667E-002 -0.39417126E-002 -0.10592891E-002  0.10827357E-002  0.96067863E+000  0.25663596E+001  0.51512112E+001  0.73814084E+001
 -0.57416032E+000 -0.43159798E+000 -0.11380961E+000 -0.56712924E-002 -0.39420287E-002 -0.10599226E-002  0.10826630E-002  0.96066981E+000  0.25663489E+001  0.51511953E+001  0.73813957E+001
 -0.57417361E+000 -0.43161665E+000 -0.11382742E+000 -0.56714147E-002 -0.39423109E-002 -0.10604712E-002  0.10825958E-002  0.96065691E+000  0.25663340E+001  0.51511730E+001  0.73813767E+001
 -0.57418652E+000 -0.43163601E+000 -0.11384746E+000 -0.56715334E-002 -0.39425628E-002 -0.10609452E-002  0.10825338E-002  0.96064080E+000  0.25663157E+001  0.51511458E+001  0.73813527E+001
 -0.57419880E+000 -0.43165546E+000 -0.11386898E+000 -0.56716475E-002 -0.39427881E-002 -0.10613558E-002  0.10824764E-002  0.96062222E+000  0.25662949E+001  0.51511149E+001  0.73813248E+001
 -0.57421029E+000 -0.43167457E+000 -0.11389136E+000 -0.56717559E-002 -0.39429897E-002 -0.10617127E-002  0.10824234E-002  0.96060178E+000  0.25662722E+001  0.51510812E+001  0.73812940E+001
 -0.57422094E+000 -0.43169303E+000 -0.11391411E+000 -0.56718581E-002 -0.39431700E-002 -0.10620232E-002  0.10823743E-002  0.96057998E+000  0.25662481E+001  0.51510456E+001  0.73812610E+001
 -0.57423070E+000 -0.43171065E+000 -0.11393683E+000 -0.56719540E-002 -0.39433315E-002 -0.10622939E-002  0.10823288E-002  0.96055724E+000  0.25662230E+001  0.51510087E+001  0.73812266E+001
 -0.57423961E+000 -0.43172728E+000 -0.11395920E+000 -0.56720436E-002 -0.39434760E-002 -0.10625301E-002  0.10822865E-002  0.96053389E+000  0.25661974E+001  0.51509711E+001  0.73811912E+001
 -0.57424768E+000 -0.43174285E+000 -0.11398098E+000 -0.56721269E-002 -0.39436055E-002 -0.10627364E-002  0.10822472E-002  0.96051022E+000  0.25661715E+001  0.51509331E+001  0.73811554E+001
 -0.57425498E+000 -0.43175733E+000 -0.11400197E+000 -0.56722041E-002 -0.39437214E-002 -0.10629170E-002  0.10822107E-002  0.96048646E+000  0.25661455E+001  0.51508953E+001  0.73811196E+001
 -0.57426154E+000 -0.43177072E+000 -0.11402204E+000 -0.56722755E-002 -0.39438253E-002 -0.10630750E-002  0.10821766E-002  0.96046281E+000  0.25661197E+001  0.51508578E+001  0.73810841E+001
 -0.57426744E+000 -0.43178303E+000 -0.11404109E+000 -0.56723413E-002 -0.39439184E-002 -0.10632135E-002  0.10821449E-002  0.96043943E+000  0.25660943E+001  0.51508209E+001  0.73810491E+001
 -0.57427272E+000 -0.43179432E+000 -0.11405906E+000 -0.56724017E-002 -0.39440017E-002 -0.10633349E-002  0.10821153E-002  0.96041645E+000  0.25660693E+001  0.51507849E+001  0.73810148E+001
 -0.57427744E+000 -0.43180462E+000 -0.11407591E+000 -0.56724572E-002 -0.39440763E-002 -0.10634415E-002  0.10820877E-002  0.96039400E+000  0.25660450E+001  0.51507498E+001  0.73809816E+001
 -0.57428165E+000 -0.43181399E+000 -0.11409162E+000 -0.56725078E-002 -0.39441430E-002 -0.10635350E-002  0.10820619E-002  0.96037215E+000  0.25660214E+001  0.51507159E+001  0.73809494E+001
 -0.57428540E+000 -0.43182249E+000 -0.11410621E+000 -0.56725540E-002 -0.39442027E-002 -0.10636171E-002  0.10820378E-002  0.96035100E+000  0.25659986E+001  0.51506832E+001  0.73809184E+001
 -0.57428873E+000 -0.43183019E+000 -0.11411970E+000 -0.56725960E-002 -0.39442559E-002 -0.10636891E-002  0.10820153E-002  0.96033061E+000  0.25659766E+001  0.51506520E+001  0.73808888E+001
 -0.57429170E+000 -0.43183714E+000 -0.11413212E+000 -0.56726341E-002 -0.39443034E-002 -0.10637523E-002  0.10819944E-002  0.96031103E+000  0.25659556E+001  0.51506221E+001  0.73808606E+001
 -0.57429432E+000 -0.43184341E+000 -0.11414352E+000 -0.56726685E-002 -0.39443457E-002 -0.10638076E-002  0.10819748E-002  0.96029232E+000  0.25659356E+001  0.51505938E+001  0.73808339E+001
 -0.57429665E+000 -0.43184904E+000 -0.11415393E+000 -0.56726995E-002 -0.39443833E-002 -0.10638561E-002  0.10819567E-002  0.96027450E+000  0.25659165E+001  0.51505670E+001  0.73808087E+001
 -0.57429871E+000 -0.43185410E+000 -0.11416343E+000 -0.56727274E-002 -0.39444166E-002 -0.10638985E-002  0.10819398E-002  0.96025761E+000  0.25658985E+001  0.51505419E+001  0.73807851E+001
 -0.57430054E+000 -0.43185863E+000 -0.11417205E+000 -0.56727524E-002 -0.39444461E-002 -0.10639354E-002  0.10819242E-002  0.96024168E+000  0.25658816E+001  0.51505183E+001  0.73807631E+001
 -0.57430215E+000 -0.43186269E+000 -0.11417987E+000 -0.56727748E-002 -0.39444721E-002 -0.10639676E-002  0.10819097E-002  0.96022671E+000  0.25658658E+001  0.51504964E+001  0.73807427E+001
 -0.57430357E+000 -0.43186632E+000 -0.11418693E+000 -0.56727947E-002 -0.39444950E-002 -0.10639955E-002  0.10818964E-002  0.96021272E+000  0.25658511E+001  0.51504762E+001  0.73807239E+001
 -0.57430482E+000 -0.43186956E+000 -0.11419331E+000 -0.56728124E-002 -0.39445152E-002 -0.10640197E-002  0.10818841E-002  0.96019971E+000  0.25658374E+001  0.51504575E+001  0.73807067E+001
 -0.57430592E+000 -0.43187245E+000 -0.11419905E+000 -0.56728282E-002 -0.39445328E-002 -0.10640405E-002  0.10818729E-002  0.96018767E+000  0.25658249E+001  0.51504405E+001  0.73806910E+001
 -0.57430690E+000 -0.43187502E+000 -0.11420420E+000 -0.56728421E-002 -0.39445482E-002 -0.10640584E-002  0.10818627E-002  0.96017661E+000  0.25658134E+001  0.51504251E+001  0.73806769E+001
 -0.57430775E+000 -0.43187732E+000 -0.11420882E+000 -0.56728544E-002 -0.39445616E-002 -0.10640736E-002  0.10818534E-002  0.96016650E+000  0.25658030E+001  0.51504113E+001  0.73806643E+001
 -0.57430851E+000 -0.43187936E+000 -0.11421296E+000 -0.56728652E-002 -0.39445732E-002 -0.10640865E-002  0.10818450E-002  0.96015732E+000  0.25657936E+001  0.51503990E+001  0.73806532E+001
 -0.57430917E+000 -0.43188118E+000 -0.11421667E+000 -0.56728747E-002 -0.39445832E-002 -0.10640973E-002  0.10818375E-002  0.96014905E+000  0.25657852E+001  0.51503881E+001  0.73806435E+001
 -0.57430975E+000 -0.43188280E+000 -0.11421997E+000 -0.56728830E-002 -0.39445917E-002 -0.10641062E-002  0.10818308E-002  0.96014166E+000  0.25657777E+001  0.51503786E+001  0.73806351E+001
 -0.57431027E+000 -0.43188424E+000 -0.11422292E+000 -0.56728903E-002 -0.39445990E-002 -0.10641135E-002  0.10818249E-002  0.96013510E+000  0.25657712E+001  0.51503705E+001  0.73806279E+001
 -0.57431072E+000 -0.43188552E+000 -0.11422555E+000 -0.56728966E-002 -0.39446052E-002 -0.10641194E-002  0.10818197E-002  0.96012935E+000  0.25657655E+001  0.51503636E+001  0.73806219E+001
 -0.57431112E+000 -0.43188665E+000 -0.11422789E+000 -0.56729022E-002 -0.39446103E-002 -0.10641239E-002  0.10818151E-002  0.96012436E+000  0.25657607E+001  0.51503579E+001  0.73806171E+001
 -0.57431147E+000 -0.43188767E+000 -0.11422998E+000 -0.56729070E-002 -0.39446146E-002 -0.10641274E-002  0.10818112E-002  0.96012008E+000  0.25657567E+001  0.51503532E+001  0.73806132E+001
 -0.57431178E+000 -0.43188856E+000 -0.11423183E+000 -0.56729111E-002 -0.39446181E-002 -0.10641298E-002  0.10818079E-002  0.96011646E+000  0.25657533E+001  0.51503496E+001  0.73806104E+001
 -0.57431206E+000 -0.43188937E+000 -0.11423347E+000 -0.56729147E-002 -0.39446209E-002 -0.10641313E-002  0.10818051E-002  0.96011345E+000  0.25657506E+001  0.51503469E+001  0.73806083E+001
 -0.57431230E+000 -0.43189008E+000 -0.11423493E+000 -0.56729178E-002 -0.39446232E-002 -0.10641321E-002  0.10818029E-002  0.96011101E+000  0.25657486E+001  0.51503451E+001  0.73806071E+001
 -0.57431252E+000 -0.43189071E+000 -0.11423622E+000 -0.56729204E-002 -0.39446249E-002 -0.10641322E-002  0.10818010E-002  0.96010908E+000  0.25657470E+001  0.51503440E+001  0.73806066E+001
 -0.57431271E+000 -0.43189128E+000 -0.11423737E+000 -0.56729227E-002 -0.39446261E-002 -0.10641318E-002  0.10817996E-002  0.96010761E+000  0.25657460E+001  0.51503436E+001  0.73806067E+001
 -0.57431289E+000 -0.43189179E+000 -0.11423838E+000 -0.56729246E-002 -0.39446270E-002 -0.10641309E-002  0.10817985E-002  0.96010655E+000  0.25657454E+001  0.51503438E+001  0.73806073E+001
 -0.57431304E+000 -0.43189225E+000 -0.11423929E+000 -0.56729262E-002 -0.39446275E-002 -0.10641296E-002  0.10817978E-002  0.96010585E+000  0.25657452E+001  0.51503445E+001  0.73806085E+001
 -0.57431319E+000 -0.43189266E+000 -0.11424009E+000 -0.56729276E-002 -0.39446278E-002 -0.10641280E-002  0.10817973E-002  0.96010547E+000  0.25657453E+001  0.51503457E+001  0.73806100E+001
 -0.57431332E+000 -0.43189303E+000 -0.11424080E+000 -0.56729288E-002 -0.39446278E-002 -0.10641261E-002  0.10817970E-002  0.96010536E+000  0.25657457E+001  0.51503473E+001  0.73806120E+001
 -0.57431344E+000 -0.43189337E+000 -0.11424144E+000 -0.56729299E-002 -0.39446277E-002 -0.10641241E-002  0.10817970E-002  0.96010549E+000  0.25657463E+001  0.51503493E+001  0.73806142E+001
 -0.57431355E+000 -0.43189368E+000 -0.11424202E+000 -0.56729307E-002 -0.39446275E-002 -0.10641221E-002  0.10817971E-002  0.96010582E+000  0.25657472E+001  0.51503515E+001  0.73806168E+001
 -0.57431366E+000 -0.43189397E+000 -0.11424254E+000 -0.56729315E-002 -0.39446272E-002 -0.10641199E-002  0.10817973E-002  0.96010631E+000  0.25657483E+001  0.51503540E+001  0.73806195E+001
 -0.57431376E+000 -0.43189424E+000 -0.11424301E+000 -0.56729322E-002 -0.39446268E-002 -0.10641178E-002  0.10817977E-002  0.96010694E+000  0.25657494E+001  0.51503567E+001  0.73806224E+001
 -0.57431387E+000 -0.43189449E+000 -0.11424344E+000 -0.56729328E-002 -0.39446264E-002 -0.10641157E-002  0.10817981E-002  0.96010768E+000  0.25657507E+001  0.51503595E+001  0.73806255E+001
 -0.57431396E+000 -0.43189473E+000 -0.11424384E+000 -0.56729334E-002 -0.39446260E-002 -0.10641137E-002  0.10817986E-002  0.96010851E+000  0.25657521E+001  0.51503625E+001  0.73806287E+001
 -0.57431406E+000 -0.43189496E+000 -0.11424422E+000 -0.56729339E-002 -0.39446256E-002 -0.10641118E-002  0.10817992E-002  0.96010940E+000  0.25657536E+001  0.51503655E+001  0.73806320E+001
 -0.57431416E+000 -0.43189519E+000 -0.11424457E+000 -0.56729344E-002 -0.39446253E-002 -0.10641101E-002  0.10817997E-002  0.96011034E+000  0.25657551E+001  0.51503687E+001  0.73806354E+001
 -0.57431426E+000 -0.43189541E+000 -0.11424491E+000 -0.56729349E-002 -0.39446251E-002 -0.10641086E-002  0.10818003E-002  0.96011132E+000  0.25657567E+001  0.51503719E+001  0.73806388E+001
 -0.57431436E+000 -0.43189562E+000 -0.11424523E+000 -0.56729354E-002 -0.39446249E-002 -0.10641073E-002  0.10818009E-002  0.96011232E+000  0.25657583E+001  0.51503751E+001  0.73806422E+001
 -0.57431447E+000 -0.43189584E+000 -0.11424555E+000 -0.56729360E-002 -0.39446248E-002 -0.10641062E-002  0.10818015E-002  0.96011334E+000  0.25657599E+001  0.51503783E+001  0.73806456E+001
 -0.57431457E+000 -0.43189606E+000 -0.11424586E+000 -0.56729365E-002 -0.39446249E-002 -0.10641054E-002  0.10818020E-002  0.96011436E+000  0.25657615E+001  0.51503815E+001  0.73806491E+001
 -0.57431468E+000 -0.43189628E+000 -0.11424617E+000 -0.56729371E-002 -0.39446250E-002 -0.10641048E-002  0.10818025E-002  0.96011538E+000  0.25657631E+001  0.51503848E+001  0.73806525E+001
 -0.57431479E+000 -0.43189650E+000 -0.11424648E+000 -0.56729377E-002 -0.39446253E-002 -0.10641045E-002  0.10818030E-002  0.96011639E+000  0.25657647E+001  0.51503880E+001  0.73806559E+001
 -0.57431491E+000 -0.43189672E+000 -0.11424679E+000 -0.56729384E-002 -0.39446257E-002 -0.10641045E-002  0.10818034E-002  0.96011739E+000  0.25657662E+001  0.51503911E+001  0.73806592E+001
 -0.57431503E+000 -0.43189695E+000 -0.11424710E+000 -0.56729391E-002 -0.39446262E-002 -0.10641047E-002  0.10818039E-002  0.96011837E+000  0.25657678E+001  0.51503942E+001  0.73806625E+001
 -0.57431515E+000 -0.43189718E+000 -0.11424741E+000 -0.56729399E-002 -0.39446269E-002 -0.10641053E-002  0.10818042E-002  0.96011933E+000  0.25657693E+001  0.51503973E+001  0.73806658E+001
 -0.57431527E+000 -0.43189742E+000 -0.11424773E+000 -0.56729407E-002 -0.39446277E-002 -0.10641061E-002  0.10818046E-002  0.96012027E+000  0.25657708E+001  0.51504003E+001  0.73806690E+001
 -0.57431539E+000 -0.43189766E+000 -0.11424806E+000 -0.56729415E-002 -0.39446286E-002 -0.10641072E-002  0.10818048E-002  0.96012118E+000  0.25657723E+001  0.51504033E+001  0.73806721E+001
 -0.57431552E+000 -0.43189790E+000 -0.11424839E+000 -0.56729424E-002 -0.39446297E-002 -0.10641085E-002  0.10818051E-002  0.96012207E+000  0.25657737E+001  0.51504062E+001  0.73806751E+001
 -0.57431565E+000 -0.43189815E+000 -0.11424872E+000 -0.56729433E-002 -0.39446309E-002 -0.10641102E-002  0.10818053E-002  0.96012293E+000  0.25657751E+001  0.51504090E+001  0.73806781E+001
 -0.57431579E+000 -0.43189840E+000 -0.11424906E+000 -0.56729443E-002 -0.39446322E-002 -0.10641120E-002  0.10818054E-002  0.96012376E+000  0.25657764E+001  0.51504117E+001  0.73806810E+001
 -0.57431592E+000 -0.43189865E+000 -0.11424940E+000 -0.56729453E-002 -0.39446336E-002 -0.10641142E-002  0.10818055E-002  0.96012457E+000  0.25657777E+001  0.51504143E+001  0.73806838E+001
 -0.57431606E+000 -0.43189891E+000 -0.11424975E+000 -0.56729463E-002 -0.39446352E-002 -0.10641166E-002  0.10818056E-002  0.96012534E+000  0.25657790E+001  0.51504169E+001  0.73806865E+001
 -0.57431620E+000 -0.43189916E+000 -0.11425011E+000 -0.56729474E-002 -0.39446368E-002 -0.10641192E-002  0.10818056E-002  0.96012609E+000  0.25657802E+001  0.51504194E+001  0.73806892E+001
 -0.57431634E+000 -0.43189942E+000 -0.11425046E+000 -0.56729485E-002 -0.39446386E-002 -0.10641220E-002  0.10818056E-002  0.96012680E+000  0.25657814E+001  0.51504218E+001  0.73806917E+001
 -0.57431647E+000 -0.43189969E+000 -0.11425082E+000 -0.56729497E-002 -0.39446404E-002 -0.10641250E-002  0.10818056E-002  0.96012749E+000  0.25657825E+001  0.51504241E+001  0.73806941E+001
 -0.57431661E+000 -0.43189995E+000 -0.11425118E+000 -0.56729508E-002 -0.39446424E-002 -0.10641282E-002  0.10818055E-002  0.96012814E+000  0.25657836E+001  0.51504263E+001  0.73806965E+001
 -0.57431675E+000 -0.43190021E+000 -0.11425154E+000 -0.56729520E-002 -0.39446444E-002 -0.10641316E-002  0.10818054E-002  0.96012877E+000  0.25657846E+001  0.51504285E+001  0.73806988E+001
 -0.57431689E+000 -0.43190047E+000 -0.11425190E+000 -0.56729532E-002 -0.39446464E-002 -0.10641351E-002  0.10818053E-002  0.96012937E+000  0.25657856E+001  0.51504305E+001  0.73807009E+001
 -0.57431703E+000 -0.43190073E+000 -0.11425226E+000 -0.56729544E-002 -0.39446486E-002 -0.10641388E-002  0.10818051E-002  0.96012994E+000  0.25657866E+001  0.51504325E+001  0.73807030E+001
 -0.57431717E+000 -0.43190099E+000 -0.11425262E+000 -0.56729556E-002 -0.39446507E-002 -0.10641426E-002  0.10818049E-002  0.96013049E+000  0.25657875E+001  0.51504343E+001  0.73807049E+001
 -0.57431731E+000 -0.43190125E+000 -0.11425297E+000 -0.56729568E-002 -0.39446530E-002 -0.10641465E-002  0.10818047E-002  0.96013100E+000  0.25657884E+001  0.51504361E+001  0.73807068E+001
 -0.57431745E+000 -0.43190150E+000 -0.11425332E+000 -0.56729580E-002 -0.39446552E-002 -0.10641504E-002  0.10818045E-002  0.96013150E+000  0.25657892E+001  0.51504378E+001  0.73807086E+001
 -0.57431758E+000 -0.43190175E+000 -0.11425367E+000 -0.56729593E-002 -0.39446574E-002 -0.10641544E-002  0.10818042E-002  0.96013197E+000  0.25657900E+001  0.51504394E+001  0.73807103E+001
 -0.57431771E+000 -0.43190199E+000 -0.11425401E+000 -0.56729604E-002 -0.39446597E-002 -0.10641584E-002  0.10818039E-002  0.96013242E+000  0.25657907E+001  0.51504409E+001  0.73807119E+001
 -0.57431784E+000 -0.43190223E+000 -0.11425434E+000 -0.56729616E-002 -0.39446620E-002 -0.10641625E-002  0.10818037E-002  0.96013284E+000  0.25657915E+001  0.51504424E+001  0.73807135E+001
 -0.57431797E+000 -0.43190247E+000 -0.11425467E+000 -0.56729628E-002 -0.39446642E-002 -0.10641666E-002  0.10818034E-002  0.96013325E+000  0.25657921E+001  0.51504438E+001  0.73807149E+001
 -0.57431809E+000 -0.43190270E+000 -0.11425499E+000 -0.56729639E-002 -0.39446664E-002 -0.10641706E-002  0.10818031E-002  0.96013363E+000  0.25657928E+001  0.51504451E+001  0.73807163E+001
 -0.57431821E+000 -0.43190292E+000 -0.11425530E+000 -0.56729650E-002 -0.39446687E-002 -0.10641747E-002  0.10818028E-002  0.96013400E+000  0.25657934E+001  0.51504463E+001  0.73807176E+001
 -0.57431833E+000 -0.43190314E+000 -0.11425561E+000 -0.56729661E-002 -0.39446708E-002 -0.10641787E-002  0.10818025E-002  0.96013436E+000  0.25657940E+001  0.51504475E+001  0.73807188E+001
 -0.57431844E+000 -0.43190335E+000 -0.11425590E+000 -0.56729672E-002 -0.39446730E-002 -0.10641826E-002  0.10818022E-002  0.96013470E+000  0.25657945E+001  0.51504486E+001  0.73807199E+001
 -0.57431855E+000 -0.43190355E+000 -0.11425618E+000 -0.56729682E-002 -0.39446751E-002 -0.10641865E-002  0.10818019E-002  0.96013502E+000  0.25657951E+001  0.51504496E+001  0.73807210E+001
 -0.57431866E+000 -0.43190375E+000 -0.11425646E+000 -0.56729692E-002 -0.39446771E-002 -0.10641902E-002  0.10818016E-002  0.96013533E+000  0.25657956E+001  0.51504506E+001  0.73807221E+001
 -0.57431876E+000 -0.43190394E+000 -0.11425672E+000 -0.56729701E-002 -0.39446791E-002 -0.10641939E-002  0.10818013E-002  0.96013564E+000  0.25657961E+001  0.51504516E+001  0.73807230E+001
 -0.57431886E+000 -0.43190412E+000 -0.11425697E+000 -0.56729711E-002 -0.39446810E-002 -0.10641975E-002  0.10818010E-002  0.96013593E+000  0.25657965E+001  0.51504525E+001  0.73807239E+001
 -0.57431895E+000 -0.43190429E+000 -0.11425721E+000 -0.56729719E-002 -0.39446829E-002 -0.10642010E-002  0.10818007E-002  0.96013621E+000  0.25657970E+001  0.51504533E+001  0.73807248E+001
 -0.57431904E+000 -0.43190446E+000 -0.11425744E+000 -0.56729728E-002 -0.39446846E-002 -0.10642044E-002  0.10818005E-002  0.96013648E+000  0.25657974E+001  0.51504541E+001  0.73807256E+001
 -0.57431913E+000 -0.43190462E+000 -0.11425767E+000 -0.56729736E-002 -0.39446864E-002 -0.10642077E-002  0.10818002E-002  0.96013675E+000  0.25657978E+001  0.51504549E+001  0.73807264E+001
 -0.57431921E+000 -0.43190477E+000 -0.11425788E+000 -0.56729743E-002 -0.39446880E-002 -0.10642108E-002  0.10818000E-002  0.96013701E+000  0.25657982E+001  0.51504556E+001  0.73807272E+001
 -0.57431929E+000 -0.43190492E+000 -0.11425808E+000 -0.56729750E-002 -0.39446896E-002 -0.10642138E-002  0.10817997E-002  0.96013727E+000  0.25657986E+001  0.51504563E+001  0.73807279E+001
 -0.57431937E+000 -0.43190505E+000 -0.11425827E+000 -0.56729757E-002 -0.39446911E-002 -0.10642167E-002  0.10817995E-002  0.96013752E+000  0.25657990E+001  0.51504570E+001  0.73807285E+001
 -0.57431944E+000 -0.43190518E+000 -0.11425845E+000 -0.56729764E-002 -0.39446925E-002 -0.10642195E-002  0.10817993E-002  0.96013776E+000  0.25657993E+001  0.51504576E+001  0.73807292E+001
 -0.57431951E+000 -0.43190531E+000 -0.11425862E+000 -0.56729770E-002 -0.39446939E-002 -0.10642221E-002  0.10817990E-002  0.96013801E+000  0.25657997E+001  0.51504583E+001  0.73807298E+001
 -0.57431958E+000 -0.43190543E+000 -0.11425878E+000 -0.56729775E-002 -0.39446952E-002 -0.10642246E-002  0.10817988E-002  0.96013824E+000  0.25658000E+001  0.51504588E+001  0.73807304E+001
 -0.57431964E+000 -0.43190554E+000 -0.11425893E+000 -0.56729781E-002 -0.39446964E-002 -0.10642270E-002  0.10817987E-002  0.96013848E+000  0.25658004E+001  0.51504594E+001  0.73807310E+001
 -0.57431970E+000 -0.43190565E+000 -0.11425908E+000 -0.56729786E-002 -0.39446976E-002 -0.10642293E-002  0.10817985E-002  0.96013871E+000  0.25658007E+001  0.51504600E+001  0.73807315E+001
 -0.57431975E+000 -0.43190575E+000 -0.11425921E+000 -0.56729790E-002 -0.39446987E-002 -0.10642315E-002  0.10817983E-002  0.96013894E+000  0.25658010E+001  0.51504605E+001  0.73807320E+001
 -0.57431981E+000 -0.43190584E+000 -0.11425934E+000 -0.56729795E-002 -0.39446997E-002 -0.10642335E-002  0.10817981E-002  0.96013917E+000  0.25658013E+001  0.51504610E+001  0.73807325E+001
 -0.57431986E+000 -0.43190593E+000 -0.11425946E+000 -0.56729799E-002 -0.39447007E-002 -0.10642355E-002  0.10817980E-002  0.96013939E+000  0.25658016E+001  0.51504615E+001  0.73807330E+001
 -0.57431991E+000 -0.43190602E+000 -0.11425958E+000 -0.56729803E-002 -0.39447017E-002 -0.10642373E-002  0.10817978E-002  0.96013962E+000  0.25658019E+001  0.51504620E+001  0.73807335E+001
 -0.57431995E+000 -0.43190610E+000 -0.11425968E+000 -0.56729806E-002 -0.39447025E-002 -0.10642390E-002  0.10817977E-002  0.96013984E+000  0.25658022E+001  0.51504625E+001  0.73807340E+001
 -0.57432000E+000 -0.43190618E+000 -0.11425979E+000 -0.56729810E-002 -0.39447034E-002 -0.10642407E-002  0.10817975E-002  0.96014005E+000  0.25658025E+001  0.51504630E+001  0.73807344E+001
 -0.57432004E+000 -0.43190625E+000 -0.11425988E+000 -0.56729813E-002 -0.39447041E-002 -0.10642422E-002  0.10817974E-002  0.96014027E+000  0.25658028E+001  0.51504634E+001  0.73807349E+001
 -0.57432008E+000 -0.43190632E+000 -0.11425998E+000 -0.56729816E-002 -0.39447049E-002 -0.10642437E-002  0.10817973E-002  0.96014048E+000  0.25658031E+001  0.51504639E+001  0.73807353E+001
 -0.57432011E+000 -0.43190639E+000 -0.11426006E+000 -0.56729818E-002 -0.39447056E-002 -0.10642451E-002  0.10817972E-002  0.96014069E+000  0.25658033E+001  0.51504643E+001  0.73807357E+001
 -0.57432015E+000 -0.43190645E+000 -0.11426014E+000 -0.56729821E-002 -0.39447062E-002 -0.10642464E-002  0.10817970E-002  0.96014089E+000  0.25658036E+001  0.51504647E+001  0.73807361E+001
 -0.57432018E+000 -0.43190651E+000 -0.11426022E+000 -0.56729823E-002 -0.39447069E-002 -0.10642477E-002  0.10817969E-002  0.96014110E+000  0.25658039E+001  0.51504652E+001  0.73807365E+001
 -0.57432022E+000 -0.43190656E+000 -0.11426030E+000 -0.56729826E-002 -0.39447074E-002 -0.10642489E-002  0.10817968E-002  0.96014130E+000  0.25658041E+001  0.51504656E+001  0.73807369E+001
 -0.57432025E+000 -0.43190662E+000 -0.11426037E+000 -0.56729828E-002 -0.39447080E-002 -0.10642500E-002  0.10817967E-002  0.96014149E+000  0.25658044E+001  0.51504660E+001  0.73807373E+001
 -0.57432028E+000 -0.43190667E+000 -0.11426043E+000 -0.56729830E-002 -0.39447085E-002 -0.10642511E-002  0.10817966E-002  0.96014169E+000  0.25658046E+001  0.51504663E+001  0.73807376E+001
 -0.57432031E+000 -0.43190672E+000 -0.11426050E+000 -0.56729832E-002 -0.39447090E-002 -0.10642521E-002  0.10817965E-002  0.96014188E+000  0.25658049E+001  0.51504667E+001  0.73807380E+001
 -0.57432033E+000 -0.43190677E+000 -0.11426056E+000 -0.56729834E-002 -0.39447095E-002 -0.10642531E-002  0.10817964E-002  0.96014206E+000  0.25658051E+001  0.51504671E+001  0.73807383E+001
 -0.57432036E+000 -0.43190681E+000 -0.11426062E+000 -0.56729835E-002 -0.39447100E-002 -0.10642540E-002  0.10817963E-002  0.96014224E+000  0.25658054E+001  0.51504674E+001  0.73807387E+001
 -0.57432039E+000 -0.43190686E+000 -0.11426067E+000 -0.56729837E-002 -0.39447104E-002 -0.10642549E-002  0.10817962E-002  0.96014242E+000  0.25658056E+001  0.51504678E+001  0.73807390E+001
 -0.57432041E+000 -0.43190690E+000 -0.11426073E+000 -0.56729839E-002 -0.39447108E-002 -0.10642557E-002  0.10817960E-002  0.96014260E+000  0.25658058E+001  0.51504681E+001  0.73807393E+001
 -0.57432043E+000 -0.43190694E+000 -0.11426078E+000 -0.56729840E-002 -0.39447112E-002 -0.10642565E-002  0.10817959E-002  0.96014277E+000  0.25658060E+001  0.51504685E+001  0.73807396E+001
 -0.57432045E+000 -0.43190697E+000 -0.11426083E+000 -0.56729841E-002 -0.39447116E-002 -0.10642572E-002  0.10817958E-002  0.96014293E+000  0.25658062E+001  0.51504688E+001  0.73807399E+001
 -0.57432048E+000 -0.43190701E+000 -0.11426088E+000 -0.56729843E-002 -0.39447119E-002 -0.10642580E-002  0.10817957E-002  0.96014309E+000  0.25658064E+001  0.51504691E+001  0.73807402E+001
 -0.57432050E+000 -0.43190705E+000 -0.11426092E+000 -0.56729844E-002 -0.39447123E-002 -0.10642587E-002  0.10817956E-002  0.96014325E+000  0.25658067E+001  0.51504694E+001  0.73807405E+001
 -0.57432052E+000 -0.43190708E+000 -0.11426097E+000 -0.56729845E-002 -0.39447126E-002 -0.10642593E-002  0.10817955E-002  0.96014341E+000  0.25658068E+001  0.51504697E+001  0.73807408E+001
 -0.57432053E+000 -0.43190711E+000 -0.11426101E+000 -0.56729846E-002 -0.39447129E-002 -0.10642599E-002  0.10817954E-002  0.96014356E+000  0.25658070E+001  0.51504700E+001  0.73807410E+001
 -0.57432055E+000 -0.43190714E+000 -0.11426105E+000 -0.56729848E-002 -0.39447132E-002 -0.10642605E-002  0.10817953E-002  0.96014370E+000  0.25658072E+001  0.51504702E+001  0.73807413E+001
 -0.57432057E+000 -0.43190717E+000 -0.11426109E+000 -0.56729849E-002 -0.39447135E-002 -0.10642611E-002  0.10817952E-002  0.96014384E+000  0.25658074E+001  0.51504705E+001  0.73807416E+001
 -0.57432059E+000 -0.43190720E+000 -0.11426113E+000 -0.56729850E-002 -0.39447137E-002 -0.10642617E-002  0.10817951E-002  0.96014398E+000  0.25658076E+001  0.51504708E+001  0.73807418E+001
 -0.57432060E+000 -0.43190723E+000 -0.11426116E+000 -0.56729851E-002 -0.39447140E-002 -0.10642622E-002  0.10817950E-002  0.96014412E+000  0.25658077E+001  0.51504710E+001  0.73807420E+001
 -0.57432062E+000 -0.43190726E+000 -0.11426120E+000 -0.56729851E-002 -0.39447142E-002 -0.10642627E-002  0.10817949E-002  0.96014425E+000  0.25658079E+001  0.51504713E+001  0.73807423E+001
 -0.57432063E+000 -0.43190728E+000 -0.11426123E+000 -0.56729852E-002 -0.39447145E-002 -0.10642632E-002  0.10817948E-002  0.96014437E+000  0.25658081E+001  0.51504715E+001  0.73807425E+001
 -0.57432065E+000 -0.43190730E+000 -0.11426126E+000 -0.56729853E-002 -0.39447147E-002 -0.10642636E-002  0.10817947E-002  0.96014449E+000  0.25658082E+001  0.51504717E+001  0.73807427E+001
 -0.57432066E+000 -0.43190733E+000 -0.11426129E+000 -0.56729854E-002 -0.39447149E-002 -0.10642641E-002  0.10817946E-002  0.96014461E+000  0.25658084E+001  0.51504720E+001  0.73807429E+001
 -0.57432067E+000 -0.43190735E+000 -0.11426132E+000 -0.56729855E-002 -0.39447151E-002 -0.10642645E-002  0.10817945E-002  0.96014473E+000  0.25658085E+001  0.51504722E+001  0.73807431E+001
 -0.57432068E+000 -0.43190737E+000 -0.11426135E+000 -0.56729856E-002 -0.39447153E-002 -0.10642649E-002  0.10817944E-002  0.96014484E+000  0.25658087E+001  0.51504724E+001  0.73807433E+001
 -0.57432069E+000 -0.43190739E+000 -0.11426138E+000 -0.56729856E-002 -0.39447155E-002 -0.10642652E-002  0.10817943E-002  0.96014495E+000  0.25658088E+001  0.51504726E+001  0.73807435E+001
 -0.57432071E+000 -0.43190741E+000 -0.11426140E+000 -0.56729857E-002 -0.39447157E-002 -0.10642656E-002  0.10817942E-002  0.96014505E+000  0.25658089E+001  0.51504728E+001  0.73807437E+001
 -0.57432072E+000 -0.43190743E+000 -0.11426143E+000 -0.56729858E-002 -0.39447158E-002 -0.10642659E-002  0.10817941E-002  0.96014515E+000  0.25658091E+001  0.51504730E+001  0.73807438E+001
 -0.57432073E+000 -0.43190745E+000 -0.11426145E+000 -0.56729858E-002 -0.39447160E-002 -0.10642663E-002  0.10817940E-002  0.96014525E+000  0.25658092E+001  0.51504732E+001  0.73807440E+001
 -0.57432074E+000 -0.43190746E+000 -0.11426147E+000 -0.56729859E-002 -0.39447161E-002 -0.10642666E-002  0.10817939E-002  0.96014534E+000  0.25658093E+001  0.51504733E+001  0.73807442E+001
 -0.57432075E+000 -0.43190748E+000 -0.11426150E+000 -0.56729859E-002 -0.39447163E-002 -0.10642669E-002  0.10817938E-002  0.96014543E+000  0.25658094E+001  0.51504735E+001  0.73807443E+001
 -0.57432075E+000 -0.43190750E+000 -0.11426152E+000 -0.56729860E-002 -0.39447164E-002 -0.10642671E-002  0.10817937E-002  0.96014552E+000  0.25658095E+001  0.51504737E+001  0.73807445E+001
 -0.57432076E+000 -0.43190751E+000 -0.11426154E+000 -0.56729860E-002 -0.39447166E-002 -0.10642674E-002  0.10817936E-002  0.96014560E+000  0.25658096E+001  0.51504738E+001  0.73807446E+001
 -0.57432077E+000 -0.43190752E+000 -0.11426156E+000 -0.56729861E-002 -0.39447167E-002 -0.10642676E-002  0.10817935E-002  0.96014568E+000  0.25658097E+001  0.51504740E+001  0.73807448E+001
 -0.57432078E+000 -0.43190754E+000 -0.11426158E+000 -0.56729861E-002 -0.39447168E-002 -0.10642679E-002  0.10817934E-002  0.96014576E+000  0.25658098E+001  0.51504741E+001  0.73807449E+001
 -0.57432078E+000 -0.43190755E+000 -0.11426159E+000 -0.56729862E-002 -0.39447169E-002 -0.10642681E-002  0.10817933E-002  0.96014584E+000  0.25658099E+001  0.51504743E+001  0.73807450E+001
 -0.57432079E+000 -0.43190756E+000 -0.11426161E+000 -0.56729862E-002 -0.39447170E-002 -0.10642683E-002  0.10817932E-002  0.96014591E+000  0.25658100E+001  0.51504744E+001  0.73807452E+001
 -0.57432080E+000 -0.43190757E+000 -0.11426163E+000 -0.56729863E-002 -0.39447171E-002 -0.10642685E-002  0.10817931E-002  0.96014598E+000  0.25658101E+001  0.51504745E+001  0.73807453E+001
 -0.57432080E+000 -0.43190759E+000 -0.11426164E+000 -0.56729863E-002 -0.39447172E-002 -0.10642687E-002  0.10817930E-002  0.96014605E+000  0.25658102E+001  0.51504747E+001  0.73807454E+001
 -0.57432081E+000 -0.43190760E+000 -0.11426165E+000 -0.56729863E-002 -0.39447173E-002 -0.10642689E-002  0.10817930E-002  0.96014612E+000  0.25658103E+001  0.51504748E+001  0.73807455E+001
 -0.57432082E+000 -0.43190761E+000 -0.11426167E+000 -0.56729864E-002 -0.39447174E-002 -0.10642691E-002  0.10817929E-002  0.96014618E+000  0.25658104E+001  0.51504749E+001  0.73807456E+001
 -0.57432082E+000 -0.43190762E+000 -0.11426168E+000 -0.56729864E-002 -0.39447175E-002 -0.10642692E-002  0.10817928E-002  0.96014624E+000  0.25658104E+001  0.51504750E+001  0.73807457E+001
 -0.57432083E+000 -0.43190762E+000 -0.11426169E+000 -0.56729864E-002 -0.39447175E-002 -0.10642694E-002  0.10817927E-002  0.96014630E+000  0.25658105E+001  0.51504751E+001  0.73807458E+001
 -0.57432083E+000 -0.43190763E+000 -0.11426171E+000 -0.56729865E-002 -0.39447176E-002 -0.10642695E-002  0.10817926E-002  0.96014636E+000  0.25658106E+001  0.51504752E+001  0.73807459E+001
 -0.57432084E+000 -0.43190764E+000 -0.11426172E+000 -0.56729865E-002 -0.39447177E-002 -0.10642696E-002  0.10817926E-002  0.96014641E+000  0.25658107E+001  0.51504753E+001  0.73807460E+001
 -0.57432084E+000 -0.43190765E+000 -0.11426173E+000 -0.56729865E-002 -0.39447178E-002 -0.10642698E-002  0.10817925E-002  0.96014646E+000  0.25658107E+001  0.51504754E+001  0.73807461E+001
 -0.57432084E+000 -0.43190766E+000 -0.11426174E+000 -0.56729865E-002 -0.39447178E-002 -0.10642699E-002  0.10817924E-002  0.96014651E+000  0.25658108E+001  0.51504755E+001  0.73807462E+001
 -0.57432085E+000 -0.43190766E+000 -0.11426175E+000 -0.56729866E-002 -0.39447179E-002 -0.10642700E-002  0.10817923E-002  0.96014656E+000  0.25658109E+001  0.51504756E+001  0.73807463E+001
 -0.57432085E+000 -0.43190767E+000 -0.11426176E+000 -0.56729866E-002 -0.39447179E-002 -0.10642701E-002  0.10817923E-002  0.96014661E+000  0.25658109E+001  0.51504757E+001  0.73807464E+001
 -0.57432085E+000 -0.43190768E+000 -0.11426177E+000 -0.56729866E-002 -0.39447180E-002 -0.10642702E-002  0.10817922E-002  0.96014665E+000  0.25658110E+001  0.51504758E+001  0.73807464E+001
 -0.57432086E+000 -0.43190768E+000 -0.11426178E+000 -0.56729866E-002 -0.39447180E-002 -0.10642703E-002  0.10817921E-002  0.96014670E+000  0.25658110E+001  0.51504759E+001  0.73807465E+001
 -0.57432086E+000 -0.43190769E+000 -0.11426178E+000 -0.56729867E-002 -0.39447181E-002 -0.10642704E-002  0.10817921E-002  0.96014674E+000  0.25658111E+001  0.51504759E+001  0.73807466E+001
 -0.57432086E+000 -0.43190769E+000 -0.11426179E+000 -0.56729867E-002 -0.39447181E-002 -0.10642705E-002  0.10817920E-002  0.96014678E+000  0.25658111E+001  0.51504760E+001  0.73807467E+001
 -0.57432087E+000 -0.43190770E+000 -0.11426180E+000 -0.56729867E-002 -0.39447182E-002 -0.10642706E-002  0.10817920E-002  0.96014681E+000  0.25658112E+001  0.51504761E+001  0.73807467E+001
 -0.57432087E+000 -0.43190770E+000 -0.11426181E+000 -0.56729867E-002 -0.39447182E-002 -0.10642706E-002  0.10817919E-002  0.96014685E+000  0.25658112E+001  0.51504762E+001  0.73807468E+001
 -0.57432087E+000 -0.43190771E+000 -0.11426181E+000 -0.56729867E-002 -0.39447182E-002 -0.10642707E-002  0.10817918E-002  0.96014689E+000  0.25658113E+001  0.51504762E+001  0.73807469E+001
 -0.57432087E+000 -0.43190771E+000 -0.11426182E+000 -0.56729867E-002 -0.39447183E-002 -0.10642708E-002  0.10817918E-002  0.96014692E+000  0.25658113E+001  0.51504763E+001  0.73807469E+001
 -0.57432088E+000 -0.43190772E+000 -0.11426182E+000 -0.56729868E-002 -0.39447183E-002 -0.10642708E-002  0.10817917E-002  0.96014695E+000  0.25658114E+001  0.51504763E+001  0.73807470E+001
 -0.57432088E+000 -0.43190772E+000 -0.11426183E+000 -0.56729868E-002 -0.39447183E-002 -0.10642709E-002  0.10817917E-002  0.96014698E+000  0.25658114E+001  0.51504764E+001  0.73807470E+001
 -0.57432088E+000 -0.43190772E+000 -0.11426184E+000 -0.56729868E-002 -0.39447184E-002 -0.10642710E-002  0.10817916E-002  0.96014701E+000  0.25658114E+001  0.51504765E+001  0.73807471E+001
 -0.57432088E+000 -0.43190773E+000 -0.11426184E+000 -0.56729868E-002 -0.39447184E-002 -0.10642710E-002  0.10817916E-002  0.96014704E+000  0.25658115E+001  0.51504765E+001  0.73807471E+001
 -0.57432088E+000 -0.43190773E+000 -0.11426185E+000 -0.56729868E-002 -0.39447184E-002 -0.10642711E-002  0.10817915E-002  0.96014707E+000  0.25658115E+001  0.51504766E+001  0.73807472E+001
 -0.57432089E+000 -0.43190773E+000 -0.11426185E+000 -0.56729868E-002 -0.39447184E-002 -0.10642711E-002  0.10817915E-002  0.96014709E+000  0.25658115E+001  0.51504766E+001  0.73807472E+001
 -0.57432089E+000 -0.43190774E+000 -0.11426185E+000 -0.56729868E-002 -0.39447185E-002 -0.10642712E-002  0.10817915E-002  0.96014712E+000  0.25658116E+001  0.51504767E+001  0.73807473E+001
 -0.57432089E+000 -0.43190774E+000 -0.11426186E+000 -0.56729868E-002 -0.39447185E-002 -0.10642712E-002  0.10817914E-002  0.96014714E+000  0.25658116E+001  0.51504767E+001  0.73807473E+001
 -0.57432089E+000 -0.43190774E+000 -0.11426186E+000 -0.56729869E-002 -0.39447185E-002 -0.10642712E-002  0.10817914E-002  0.96014717E+000  0.25658116E+001  0.51504768E+001  0.73807474E+001
 -0.57432089E+000 -0.43190774E+000 -0.11426187E+000 -0.56729869E-002 -0.39447185E-002 -0.10642713E-002  0.10817913E-002  0.96014719E+000  0.25658117E+001  0.51504768E+001  0.73807474E+001
 -0.57432089E+000 -0.43190775E+000 -0.11426187E+000 -0.56729869E-002 -0.39447185E-002 -0.10642713E-002  0.10817913E-002  0.96014721E+000  0.25658117E+001  0.51504768E+001  0.73807474E+001
 -0.57432089E+000 -0.43190775E+000 -0.11426187E+000 -0.56729869E-002 -0.39447186E-002 -0.10642713E-002  0.10817913E-002  0.96014723E+000  0.25658117E+001  0.51504769E+001  0.73807475E+001
 -0.57432089E+000 -0.43190775E+000 -0.11426187E+000 -0.56729869E-002 -0.39447186E-002 -0.10642713E-002  0.10817912E-002  0.96014726E+000  0.25658117E+001  0.51504769E+001  0.73807475E+001
 -0.57432090E+000 -0.43190775E+000 -0.11426188E+000 -0.56729869E-002 -0.39447186E-002 -0.10642713E-002  0.10817912E-002  0.96014728E+000  0.25658118E+001  0.51504770E+001  0.73807476E+001
 -0.57432090E+000 -0.43190775E+000 -0.11426188E+000 -0.56729869E-002 -0.39447186E-002 -0.10642713E-002  0.10817912E-002  0.96014730E+000  0.25658118E+001  0.51504770E+001  0.73807476E+001
 -0.57432090E+000 -0.43190775E+000 -0.11426188E+000 -0.56729869E-002 -0.39447185E-002 -0.10642713E-002  0.10817911E-002  0.96014732E+000  0.25658118E+001  0.51504771E+001  0.73807477E+001
 -0.57432090E+000 -0.43190775E+000 -0.11426188E+000 -0.56729869E-002 -0.39447185E-002 -0.10642712E-002  0.10817911E-002  0.96014735E+000  0.25658119E+001  0.51504771E+001  0.73807477E+001
 -0.57432089E+000 -0.43190775E+000 -0.11426187E+000 -0.56729868E-002 -0.39447184E-002 -0.10642711E-002  0.10817911E-002  0.96014738E+000  0.25658119E+001  0.51504772E+001  0.73807478E+001
 -0.57432089E+000 -0.43190774E+000 -0.11426186E+000 -0.56729868E-002 -0.39447184E-002 -0.10642710E-002  0.10817911E-002  0.96014741E+000  0.25658119E+001  0.51504773E+001  0.73807478E+001
 -0.57432089E+000 -0.43190774E+000 -0.11426185E+000 -0.56729867E-002 -0.39447181E-002 -0.10642704E-002  0.10817912E-002  0.96014745E+000  0.25658120E+001  0.51504773E+001  0.73807479E+001
 -0.57432088E+000 -0.43190773E+000 -0.11426183E+000 -0.56729864E-002 -0.39447174E-002 -0.10642690E-002  0.10817913E-002  0.96014747E+000  0.25658120E+001  0.51504773E+001  0.73807479E+001
