  0.20558952E-001  0.61960396E-001  0.13480604E+000  0.69691988E+000  0.22449072E+000  0.27159777E+000  0.20978372E+001  0.75965149E+000  0.14249600E+000  0.45581043E+001  0.45321868E-001  0.20304692E-001  0.75901290E+001  0.11536868E-001  0.91843851E+001  0.61219587E-001  0.25661173E+002  0.31155396E-002  0.47992912E+001  0.13170474E+000  0.14224585E+001  0.95967601E-003  0.21120708E+000  0.29629048E+000  0.23838263E+000  0.62882625E+000  0.54705824E-001  0.10911082E+000  0.27796887E-001  0.11721287E-001  0.48406169E-002  0.84171325E-003  0.18345152E-003
  0.86084668E-003  0.23584975E-002  0.46990588E-002  0.28941405E-001  0.70197946E-002  0.90662766E-002  0.78647831E-001  0.31866454E-001  0.87345749E-002  0.15495563E+000  0.10803711E-001  0.83398883E-003  0.22687575E+000  0.34112966E-002  0.29130160E+000  0.23034545E-002  0.10348375E+001  0.77744025E-003  0.28304124E+000  0.52276288E-002  0.37855848E+000  0.24404930E-003  0.11080689E-001  0.12100121E+000  0.19498505E-001  0.69622346E-001  0.25370053E-001  0.16731402E-001  0.10757213E-001  0.57369448E-002  0.25994456E-002  0.47285410E-003  0.10227034E-003
  0.57710405E-003  0.15998595E-002  0.32117924E-002  0.19390579E-001  0.47997122E-002  0.58372781E-002  0.53440275E-001  0.19350072E-001  0.55963547E-002  0.10602630E+000  0.64748264E-002  0.55552691E-003  0.15547586E+000  0.23274688E-002  0.18712119E+000  0.15305228E-002  0.62678298E+000  0.55421546E-003  0.18067314E+000  0.31105047E-002  0.21895138E+000  0.15387792E-003  0.50852373E-002  0.79710196E-001  0.74613158E-002  0.27078624E-001  0.18126851E-001  0.74430030E-002  0.65858516E-002  0.42627715E-002  0.19144849E-002  0.37064193E-003  0.80575055E-004
  0.45074966E-003  0.12489203E-002  0.25401620E-002  0.15131602E-001  0.38287659E-002  0.45475757E-002  0.41802291E-001  0.14191036E-001  0.42104127E-002  0.83787147E-001  0.47419586E-002  0.43222325E-003  0.12372821E+000  0.18301263E-002  0.14474182E+000  0.11948528E-002  0.45329266E+000  0.44822333E-003  0.13470829E+000  0.24127717E-002  0.15760741E+000  0.11963580E-003  0.37210393E-002  0.61932203E-001  0.48813071E-002  0.16763304E-001  0.14853714E-001  0.48834915E-002  0.48664590E-002  0.35826399E-002  0.15825817E-002  0.32176622E-003  0.70408396E-004
  0.37904387E-003  0.10400915E-002  0.21645437E-002  0.12710113E-001  0.32923561E-002  0.38777574E-002  0.34872408E-001  0.11694091E-001  0.34850220E-002  0.71413734E-001  0.37829121E-002  0.36218046E-003  0.10523640E+000  0.15537875E-002  0.12083210E+000  0.99701176E-003  0.36074766E+000  0.39214197E-003  0.10859269E+000  0.20446173E-002  0.12411453E+000  0.10265698E-003  0.30882774E-002  0.51698962E-001  0.38161201E-002  0.12395078E-001  0.12882657E-001  0.37125502E-002  0.38924344E-002  0.31658706E-002  0.13727823E-002  0.29069493E-003  0.64084956E-004
  0.33236156E-003  0.89894741E-003  0.19241368E-002  0.11135129E-001  0.30005216E-002  0.35404595E-002  0.30197699E-001  0.10606558E-001  0.31038039E-002  0.63702313E-001  0.31882270E-002  0.31674155E-003  0.94253437E-001  0.13993361E-002  0.10617432E+000  0.86396621E-003  0.31049305E+000  0.35643728E-003  0.91876262E-001  0.18169338E-002  0.10039678E+000  0.92306637E-004  0.27311204E-002  0.44974373E-001  0.32425860E-002  0.10128410E-001  0.11532665E-001  0.30400826E-002  0.32314351E-002  0.28761373E-002  0.12246660E-002  0.26835321E-003  0.59621212E-004
  0.29860101E-003  0.79495901E-003  0.17500818E-002  0.10002218E-001  0.28865333E-002  0.34652380E-002  0.26790327E-001  0.10415628E-001  0.29790764E-002  0.58449579E-001  0.28691806E-002  0.28430022E-003  0.88329843E-001  0.13503769E-002  0.97543830E-001  0.76710045E-003  0.27975332E+000  0.32241547E-003  0.80691613E-001  0.16622070E-002  0.83528369E-001  0.85264904E-004  0.25299019E-002  0.40260700E-001  0.29089515E-002  0.88002395E-002  0.10533412E-001  0.26092135E-002  0.27501218E-002  0.26597600E-002  0.11140758E-002  0.25110544E-003  0.56235343E-004
  0.27169031E-003  0.71181115E-003  0.16045986E-002  0.91055862E-002  0.29622412E-002  0.37449592E-002  0.24118353E-001  0.11449227E-001  0.31927080E-002  0.54506778E-001  0.28455679E-002  0.25910355E-003  0.86339571E-001  0.14163211E-002  0.94139537E-001  0.69154808E-003  0.26378706E+000  0.31887148E-003  0.73610141E-001  0.15468421E-002  0.72850931E-001  0.80586113E-004  0.24404461E-002  0.36905140E-001  0.27404669E-002  0.80349159E-002  0.97683958E-002  0.23270778E-002  0.24026306E-002  0.24911068E-002  0.10295162E-002  0.23732651E-003  0.53551911E-004
  0.24783576E-003  0.63906768E-003  0.14590450E-002  0.83512220E-002  0.33577012E-002  0.47795720E-002  0.21857467E-001  0.15428546E-001  0.42827626E-002  0.50984943E-001  0.34380668E-002  0.23850805E-003  0.10467784E+000  0.16644763E-002  0.97439258E-001  0.62870317E-003  0.26617784E+000  0.39609178E-003  0.71171267E-001  0.14476021E-002  0.66890245E-001  0.78789847E-004  0.27598265E-002  0.34679525E-001  0.27483349E-002  0.77899176E-002  0.92005052E-002  0.21756107E-002  0.21640619E-002  0.23578117E-002  0.96589017E-003  0.22643358E-003  0.51384756E-004
  0.57973132E-004  0.14014418E-003  0.31161569E-003  0.21157502E-002  0.86671617E-003  0.18277564E-002  0.52253236E-002  0.67563394E-002  0.20643165E-002  0.12220741E-001  0.20569903E-002  0.82013559E-004  0.39447766E-001  0.12317500E-002  0.88430358E-001  0.20244321E-003  0.31785103E+000  0.41220755E-003  0.93881382E-001  0.47003513E-003  0.86607618E-001  0.11614972E-003  0.13616908E-002  0.48919931E-001  0.27497342E-002  0.97468135E-002  0.14995531E-001  0.28996199E-002  0.27953562E-002  0.40166876E-002  0.14732052E-002  0.40143400E-003  0.95590825E-004
  0.57428727E-004  0.14771078E-003  0.30552378E-003  0.19466431E-002  0.55999489E-003  0.81961625E-003  0.50396827E-002  0.31603267E-002  0.98015108E-003  0.10471440E-001  0.90908628E-003  0.56488923E-004  0.19241424E-001  0.59951934E-003  0.28192797E-001  0.14524324E-003  0.10769061E+000  0.20632597E-003  0.33100397E-001  0.30169327E-003  0.30665533E-001  0.58445713E-004  0.56519860E-003  0.20369107E-001  0.86147871E-003  0.32997049E-002  0.70102040E-002  0.10253064E-002  0.99076774E-003  0.19958559E-002  0.62610389E-003  0.19899373E-003  0.51082663E-004
  0.31028673E-004  0.79783613E-004  0.16524393E-003  0.10495593E-002  0.30274232E-003  0.42893548E-003  0.27219672E-002  0.17175763E-002  0.54350822E-003  0.56839188E-002  0.49390660E-003  0.31155422E-004  0.10500088E-001  0.36838046E-003  0.14733478E-001  0.80352653E-004  0.58472369E-001  0.13827877E-003  0.18326887E-001  0.16725683E-003  0.16630312E-001  0.40880399E-004  0.30934564E-003  0.12466031E-001  0.44266698E-003  0.17658466E-002  0.46848661E-002  0.55959521E-003  0.52854616E-003  0.14006318E-002  0.38347121E-003  0.13724592E-003  0.37814961E-004
  0.17683825E-004  0.45141750E-004  0.92829145E-004  0.59848397E-003  0.16672418E-003  0.24483862E-003  0.15389593E-002  0.10120048E-002  0.32746684E-003  0.32000206E-002  0.28519276E-003  0.17832632E-004  0.58082137E-002  0.22743447E-003  0.84609288E-002  0.45585091E-004  0.34544975E-001  0.96132597E-004  0.11084399E-001  0.94442918E-004  0.96362063E-002  0.29565441E-004  0.17163549E-003  0.77368308E-002  0.25176453E-003  0.10337228E-002  0.32441005E-002  0.33470179E-003  0.30230488E-003  0.10046524E-002  0.23949279E-003  0.96308269E-004  0.28151302E-004
  0.10584817E-004  0.26674820E-004  0.54137080E-004  0.36055236E-003  0.94986072E-004  0.14620199E-003  0.90990078E-003  0.63464121E-003  0.20907665E-003  0.18670599E-002  0.17134084E-003  0.10767486E-004  0.33207305E-002  0.13243689E-003  0.50694715E-002  0.27021147E-004  0.21801719E-001  0.69152213E-004  0.71210155E-002  0.55196323E-004  0.57758450E-002  0.21483464E-004  0.98193258E-004  0.44856343E-002  0.15016417E-003  0.64752503E-003  0.23279784E-002  0.21327100E-003  0.18015045E-003  0.73583030E-003  0.14335194E-003  0.69309761E-004  0.21139110E-004
  0.66202206E-005  0.16402771E-004  0.32634440E-004  0.22871834E-003  0.55576806E-004  0.92514619E-004  0.56271263E-003  0.41505902E-003  0.14024657E-003  0.11270177E-002  0.11257427E-003  0.68463552E-005  0.19464971E-002  0.82656796E-004  0.33053549E-002  0.16758458E-004  0.14331933E-001  0.51103793E-004  0.48041810E-002  0.33389974E-004  0.38025076E-002  0.16038896E-004  0.57594288E-004  0.28018804E-002  0.96861612E-004  0.42308972E-003  0.17282788E-002  0.14271617E-003  0.11664254E-003  0.55126930E-003  0.89136856E-004  0.51378825E-004  0.16080929E-004
  0.42988335E-005  0.10333681E-004  0.20097791E-004  0.15004874E-003  0.32970154E-004  0.51678056E-004  0.35888491E-003  0.28165089E-003  0.97916430E-004  0.69759113E-003  0.79746590E-004  0.45081593E-005  0.11568397E-002  0.53972533E-004  0.18596006E-002  0.10737006E-004  0.99275105E-002  0.38042726E-004  0.33789471E-002  0.20747541E-004  0.27292614E-002  0.12278197E-004  0.34314058E-004  0.18394446E-002  0.55160544E-004  0.29030776E-003  0.13106962E-002  0.99478693E-004  0.82036115E-004  0.42261113E-003  0.58007674E-004  0.38992413E-004  0.12432145E-004
  0.28167851E-005  0.65447630E-005  0.12388182E-004  0.97847996E-004  0.19595362E-004  0.27334126E-004  0.22958467E-003  0.17773215E-003  0.69208530E-004  0.43360256E-003  0.57148202E-004  0.29539007E-005  0.68907950E-003  0.35772167E-004  0.97550397E-003  0.69133637E-005  0.64345494E-002  0.24444840E-004  0.24079869E-002  0.12977250E-004  0.19766216E-002  0.95327446E-005  0.20534848E-004  0.12145459E-002  0.29280333E-004  0.18836087E-003  0.84451450E-003  0.70341285E-004  0.58629691E-004  0.32960160E-003  0.38152026E-004  0.26540520E-004  0.97481862E-005
  0.18042871E-005  0.41684484E-005  0.76356734E-005  0.62282740E-004  0.11651702E-004  0.15056363E-004  0.14533275E-003  0.93163616E-004  0.48454678E-004  0.26876596E-003  0.41087338E-004  0.18821575E-005  0.41101113E-003  0.25909189E-004  0.53576551E-003  0.44025102E-005  0.33795333E-002  0.15608455E-004  0.17122053E-002  0.80990577E-005  0.14351047E-002  0.73975976E-005  0.12316597E-004  0.89244971E-003  0.16096989E-004  0.10129758E-003  0.53924510E-003  0.49754413E-004  0.42039789E-004  0.25794760E-003  0.27138366E-004  0.17338420E-004  0.76812558E-005
  0.11500089E-005  0.26729634E-005  0.48286119E-005  0.39515523E-004  0.70836963E-005  0.85417059E-005  0.92449602E-004  0.45848272E-004  0.31474119E-004  0.16875465E-003  0.28894747E-004  0.11926430E-005  0.25006381E-003  0.18864769E-004  0.30353215E-003  0.28056586E-005  0.16486053E-002  0.10155852E-004  0.11283526E-002  0.51123223E-005  0.10198979E-002  0.54848341E-005  0.75319896E-005  0.65866945E-003  0.91417671E-005  0.50368166E-004  0.35056277E-003  0.33016744E-004  0.29671870E-004  0.19300546E-003  0.19545638E-004  0.11260278E-004  0.58717948E-005
  0.73880006E-006  0.17370129E-005  0.31219818E-005  0.25294412E-004  0.44791716E-005  0.50857471E-005  0.59705786E-004  0.23975029E-004  0.18359530E-004  0.10813643E-003  0.19437588E-004  0.76216660E-006  0.15663296E-003  0.13406272E-004  0.17967655E-003  0.18054620E-005  0.85656996E-003  0.68054638E-005  0.65722391E-003  0.32840683E-005  0.69293080E-003  0.33006452E-005  0.47397006E-005  0.47345105E-003  0.54271695E-005  0.26215817E-004  0.23552545E-003  0.19620366E-004  0.20208188E-004  0.11402918E-003  0.13821567E-004  0.73593507E-005  0.37832809E-005
  0.51226024E-006  0.11834944E-005  0.20899761E-005  0.17553687E-004  0.29532249E-005  0.32270898E-005  0.40580523E-004  0.13402472E-004  0.10760083E-004  0.71860579E-004  0.12483582E-004  0.52416577E-006  0.10220469E-003  0.92278642E-005  0.11249882E-003  0.12200430E-005  0.47254864E-003  0.48372953E-005  0.38113987E-003  0.21745309E-005  0.44661530E-003  0.19202219E-005  0.30989042E-005  0.32946723E-003  0.34058117E-005  0.14487714E-004  0.17052637E-003  0.11513169E-004  0.13145090E-004  0.66954682E-004  0.95718307E-005  0.50918605E-005  0.22801578E-005
  0.32105926E-006  0.82177250E-006  0.15160433E-005  0.10918116E-004  0.21125720E-005  0.22542346E-005  0.28138356E-004  0.80228395E-005  0.65068421E-005  0.52188372E-004  0.77139807E-005  0.32666229E-006  0.72973918E-004  0.60883013E-005  0.78306852E-004  0.84258001E-006  0.28002541E-003  0.33238661E-005  0.22815908E-003  0.15617127E-005  0.27378911E-003  0.11218256E-005  0.21945224E-005  0.21820196E-003  0.23569435E-005  0.85828528E-005  0.11898241E-003  0.69415722E-005  0.81750346E-005  0.39261933E-004  0.63794498E-005  0.34745251E-005  0.13125948E-005
  0.19911068E-006  0.50046862E-006  0.94823964E-006  0.67844847E-005  0.13814242E-005  0.14640140E-005  0.17000563E-004  0.48880790E-005  0.39075312E-005  0.32390380E-004  0.45678501E-005  0.20234260E-006  0.47521070E-004  0.38240378E-005  0.50547422E-004  0.51234910E-006  0.16932681E-003  0.22016235E-005  0.13593815E-003  0.98023540E-006  0.16041401E-003  0.73915568E-006  0.14373736E-005  0.13618290E-003  0.15363226E-005  0.52037324E-005  0.79324849E-004  0.41753697E-005  0.48834945E-005  0.26406790E-004  0.40336407E-005  0.23084248E-005  0.82028574E-006
  0.12085343E-006  0.30095159E-006  0.56815807E-006  0.41175948E-005  0.83290220E-006  0.89907584E-006  0.10255680E-004  0.29144536E-005  0.22433998E-005  0.19296865E-004  0.26055789E-005  0.12252882E-006  0.28364659E-004  0.22638226E-005  0.30860951E-004  0.30772200E-006  0.10032539E-003  0.13844406E-005  0.77459568E-004  0.58586446E-006  0.90634399E-004  0.48408384E-006  0.86500737E-006  0.79868812E-004  0.94308246E-006  0.30871945E-005  0.49702894E-004  0.24014838E-005  0.28087461E-005  0.17550110E-004  0.24158561E-005  0.14607914E-005  0.52222427E-006
  0.71964687E-007  0.18168671E-006  0.33968787E-006  0.24501425E-005  0.49277329E-006  0.53421316E-006  0.61902122E-005  0.16626332E-005  0.12508931E-005  0.11590400E-004  0.14453039E-005  0.72743312E-007  0.16779150E-004  0.12676012E-005  0.18119052E-004  0.18473726E-006  0.56600196E-004  0.81236281E-006  0.42791991E-004  0.34954643E-006  0.49880439E-004  0.30254535E-006  0.51191699E-006  0.44311317E-004  0.55550133E-006  0.17480294E-005  0.28939800E-004  0.13303948E-005  0.15593179E-005  0.10995418E-004  0.13723760E-005  0.86639998E-006  0.32239044E-006
  0.42892474E-007  0.11048027E-006  0.20942574E-006  0.14596125E-005  0.30425266E-006  0.32650556E-006  0.37612686E-005  0.99698427E-006  0.71580429E-006  0.71374706E-005  0.79936513E-006  0.43242613E-007  0.10386502E-004  0.68283066E-006  0.11166715E-004  0.11177256E-006  0.34042133E-004  0.44572359E-006  0.24407905E-004  0.21357558E-006  0.27337351E-004  0.17600090E-006  0.31384019E-006  0.23664021E-004  0.34017003E-006  0.10424346E-005  0.15737966E-004  0.75326601E-006  0.85325505E-006  0.63688380E-005  0.74465321E-006  0.48406258E-006  0.18855531E-006
  0.25632912E-007  0.67384762E-007  0.13011277E-006  0.87200849E-006  0.19207683E-006  0.20813298E-006  0.22929740E-005  0.62360893E-006  0.41253028E-006  0.44305629E-005  0.43677219E-006  0.25790556E-007  0.65475198E-005  0.35989566E-006  0.71040182E-005  0.67937567E-007  0.21308918E-004  0.23141962E-006  0.14129668E-004  0.13186677E-006  0.14973330E-004  0.94601893E-007  0.19619172E-006  0.12371131E-004  0.21444916E-006  0.64686700E-006  0.81003842E-005  0.43351102E-006  0.46503024E-006  0.33968702E-005  0.39043041E-006  0.25577685E-006  0.10296887E-006
  0.15461656E-007  0.41403060E-007  0.81482528E-007  0.52584252E-006  0.12268846E-006  0.13525096E-006  0.14083320E-005  0.40390241E-006  0.24485912E-006  0.27729190E-005  0.24222475E-006  0.15530345E-007  0.41781121E-005  0.18675903E-006  0.46097710E-005  0.41637173E-007  0.13775504E-004  0.11637344E-006  0.83657238E-005  0.82225790E-007  0.83050998E-005  0.47607569E-007  0.12445970E-006  0.64285929E-005  0.13803089E-006  0.41417634E-006  0.40303417E-005  0.25408336E-006  0.25629675E-006  0.16931377E-005  0.20205193E-006  0.12901764E-006  0.53017493E-007
  0.94748019E-008  0.25759897E-007  0.51600823E-007  0.32217489E-006  0.79309943E-007  0.89264812E-007  0.87602115E-006  0.26788925E-006  0.14839913E-006  0.17553420E-005  0.13775017E-006  0.95045672E-008  0.26991946E-005  0.98521909E-007  0.30395822E-005  0.25859726E-007  0.91256120E-005  0.57340686E-007  0.50612811E-005  0.51916809E-007  0.47097914E-005  0.23104765E-007  0.80072050E-007  0.33873582E-005  0.90484556E-007  0.27236457E-006  0.19858784E-005  0.15219481E-006  0.14372072E-006  0.81334463E-006  0.10567873E-006  0.63544778E-007  0.26181463E-007
  0.59291792E-008  0.16301365E-007  0.33144165E-007  0.20158020E-006  0.51929881E-007  0.59726554E-007  0.55426025E-006  0.18100164E-006  0.91748645E-007  0.11271719E-005  0.80377398E-007  0.59417399E-008  0.17665986E-005  0.53756187E-007  0.20325600E-005  0.16343959E-007  0.61612452E-005  0.28998538E-007  0.31256532E-005  0.33280615E-007  0.27427815E-005  0.11301569E-007  0.52265072E-007  0.18414019E-005  0.60274210E-007  0.18301086E-006  0.10019665E-005  0.93315114E-007  0.82745362E-007  0.39286400E-006  0.56768510E-007  0.31726005E-007  0.12749231E-007
  0.38026867E-008  0.10532317E-007  0.21664544E-007  0.12926890E-006  0.34515325E-007  0.40531432E-007  0.35805851E-006  0.12433328E-006  0.57904836E-007  0.73662148E-006  0.48293037E-007  0.38079319E-008  0.11738194E-005  0.30554157E-007  0.13787533E-005  0.10550533E-007  0.42301270E-005  0.15478071E-007  0.19711565E-005  0.21724039E-007  0.16457365E-005  0.57063427E-008  0.34664669E-007  0.10438255E-005  0.40781171E-007  0.12525655E-006  0.53191556E-006  0.58564445E-007  0.49235130E-007  0.19864530E-006  0.31722638E-007  0.16615096E-007  0.63760869E-008
  0.25047577E-008  0.69671319E-008  0.14452423E-007  0.85141939E-007  0.23343838E-007  0.27938223E-007  0.23683892E-006  0.86830866E-007  0.37373799E-007  0.49134478E-006  0.29982499E-007  0.25070990E-008  0.79375141E-006  0.18221631E-007  0.95013189E-006  0.69754600E-008  0.29532956E-005  0.88310425E-008  0.12716362E-005  0.14479734E-007  0.10208519E-005  0.31618838E-008  0.23412912E-007  0.62137216E-006  0.28055356E-007  0.87266907E-007  0.30225318E-006  0.37658472E-007  0.30364570E-007  0.10910237E-006  0.18669559E-007  0.92848495E-008  0.34308829E-008
  0.16981746E-008  0.47330716E-008  0.98736981E-008  0.57721207E-007  0.16120030E-007  0.19616133E-007  0.16088450E-006  0.61766966E-007  0.24737776E-007  0.33564915E-006  0.19293135E-007  0.16992229E-008  0.54804793E-006  0.11437508E-007  0.66698630E-006  0.47369216E-008  0.21003521E-005  0.54098839E-008  0.84140772E-006  0.98864695E-008  0.65651143E-006  0.19140212E-008  0.16152646E-007  0.38957413E-006  0.19672292E-007  0.61978063E-007  0.18467361E-006  0.24864430E-007  0.19454348E-007  0.65656516E-007  0.11616214E-007  0.55857938E-008  0.20279669E-008
  0.11922156E-008  0.33248347E-008  0.69601897E-008  0.40522509E-007  0.11454718E-007  0.14138071E-007  0.11301104E-006  0.45081483E-007  0.16917570E-007  0.23658849E-006  0.12955168E-007  0.11927042E-008  0.38939415E-006  0.75890286E-008  0.48065118E-006  0.33266309E-008  0.15327088E-005  0.35571124E-008  0.57527191E-006  0.69661733E-008  0.44065676E-006  0.12583760E-008  0.11470198E-007  0.25828567E-006  0.14165158E-007  0.45184411E-007  0.12122260E-006  0.16974942E-007  0.13025222E-007  0.43008525E-007  0.76635774E-008  0.36279492E-008  0.13090335E-008
  0.87908967E-009  0.24509448E-008  0.51406868E-008  0.29878755E-007  0.85093185E-008  0.10629055E-007  0.83305316E-007  0.34304769E-007  0.12139474E-007  0.17473361E-006  0.92092745E-008  0.87933223E-009  0.28924925E-006  0.53827353E-008  0.36132290E-006  0.24518609E-008  0.11661897E-005  0.25240974E-008  0.41272774E-006  0.51437055E-008  0.31315842E-006  0.89756577E-009  0.85170464E-008  0.18310286E-006  0.10642588E-007  0.34356391E-007  0.85927888E-007  0.12166323E-007  0.92407767E-008  0.30608071E-007  0.54151089E-008  0.25540928E-008  0.91977390E-009
  0.71119818E-009  0.19813359E-008  0.41590170E-008  0.24171814E-007  0.69117817E-008  0.87214545E-008  0.67341054E-007  0.28488417E-007  0.95503141E-008  0.14135831E-006  0.72346575E-008  0.71130123E-009  0.23492700E-006  0.42478817E-008  0.29644528E-006  0.19817204E-008  0.96834674E-006  0.20023819E-008  0.32464601E-006  0.41603166E-008  0.24595162E-006  0.71627456E-009  0.69151770E-008  0.14443885E-006  0.87274944E-008  0.28511604E-007  0.68113657E-007  0.95620702E-008  0.72481881E-008  0.24387136E-007  0.42616175E-008  0.20150575E-008  0.72579916E-009
  0.12905371E-008  0.35892322E-008  0.75357184E-008  0.43857047E-007  0.12571122E-007  0.16069375E-007  0.12197158E-006  0.53561791E-007  0.16629182E-007  0.25607269E-006  0.12802281E-007  0.12901381E-008  0.42715843E-006  0.76533011E-008  0.54599443E-006  0.35877343E-008  0.18198107E-005  0.36606633E-008  0.56498030E-006  0.75311883E-008  0.43491437E-006  0.13237683E-008  0.12560413E-007  0.25994096E-006  0.16051005E-007  0.53489106E-007  0.12428129E-006  0.16604718E-007  0.12776059E-007  0.44903631E-007  0.76284524E-008  0.36393829E-008  0.13084554E-008
  0.45385648E-009  0.12654274E-008  0.26524824E-008  0.15430202E-007  0.44077275E-008  0.56105307E-008  0.43026764E-007  0.18628959E-007  0.56005078E-008  0.90205478E-007  0.42531756E-008  0.45444673E-009  0.14993342E-006  0.24897024E-008  0.19089722E-006  0.12676503E-008  0.63395638E-006  0.11570759E-008  0.19063500E-006  0.26593294E-008  0.14485119E-006  0.40782842E-009  0.44242080E-008  0.84885218E-007  0.56390160E-008  0.18740953E-007  0.39540987E-007  0.56415527E-008  0.42975449E-008  0.14006409E-007  0.25323104E-008  0.11942851E-008  0.43506610E-009
  0.25176159E-023  0.47213200E-023  0.71086745E-023  0.85740283E-022  0.78453050E-023  0.59547973E-023  0.16075141E-021  0.50165463E-023  0.69413214E-023  0.24203770E-021  0.15090228E-022  0.31126223E-023  0.26712315E-021  0.46003767E-022  0.20276042E-021  0.56646759E-023  0.17078091E-021  0.16371439E-021  0.23633027E-021  0.84621851E-023  0.51360723E-021  0.41889691E-021  0.92635550E-023  0.15662600E-020  0.69876553E-023  0.57564109E-023  0.55946314E-020  0.79987610E-023  0.16701377E-022  0.14486118E-019  0.50703277E-022  0.23381579E-021  0.12988134E-020
  0.42292352E-031  0.68518376E-031  0.97971677E-031  0.14516311E-029  0.10227312E-030  0.73976333E-031  0.23513171E-029  0.53448275E-031  0.74432314E-031  0.33626085E-029  0.11460275E-030  0.17434508E-030  0.35108993E-029  0.35373513E-030  0.25400748E-029  0.27524893E-030  0.18351302E-029  0.36671246E-029  0.25567515E-029  0.39277138E-030  0.39363865E-029  0.26971048E-028  0.40863301E-030  0.12136835E-028  0.29527371E-030  0.21013083E-030  0.12665124E-027  0.29854368E-030  0.44217610E-030  0.94393565E-027  0.11372014E-029  0.17956031E-028  0.24411870E-027
