  0.16178489E-002  0.82530442E-002  0.30271886E-001  0.22917654E-003  0.74826060E-001  0.12080793E+000  0.61809789E-003  0.40892262E+000  0.10381545E+000  0.13785974E-002  0.83497207E-001  0.38018690E-006  0.23487472E-002  0.51205533E-001  0.29235167E-002  0.11762625E-005  0.86945425E-002  0.21225160E-001  0.19422986E-002  0.28631318E-005  0.12281717E-002  0.70083600E-002  0.50764740E-005  0.54974362E-003  0.63973084E-005  0.19065217E-004  0.14758307E-003  0.42599552E-005  0.26684253E-005  0.24446754E-004  0.11678006E-005  0.32002627E-006  0.65494401E-007
  0.86118342E-004  0.37710233E-003  0.12614033E-002  0.24047012E-003  0.30052929E-002  0.50808048E-002  0.63491620E-003  0.20557214E-001  0.67035948E-002  0.13955458E-002  0.65641761E-002  0.60705634E-006  0.23682048E-002  0.56148697E-002  0.29780088E-002  0.15621461E-005  0.91926574E-002  0.35093393E-002  0.21840829E-002  0.34302260E-005  0.14652413E-002  0.10713416E-002  0.57702796E-005  0.74704699E-003  0.71542232E-005  0.21883398E-004  0.25645647E-003  0.51477131E-005  0.33663471E-005  0.48962155E-004  0.16387706E-005  0.53771804E-006  0.10681167E-006
  0.56015671E-004  0.24969279E-003  0.75973273E-003  0.28051290E-003  0.16257152E-002  0.24281263E-002  0.72124469E-003  0.88354070E-002  0.25736350E-002  0.15184446E-002  0.21528084E-002  0.11132252E-005  0.25026295E-002  0.14987700E-002  0.30958797E-002  0.24648787E-005  0.96170205E-002  0.88179451E-003  0.23196149E-002  0.47473325E-005  0.15534219E-002  0.31689530E-003  0.73194159E-005  0.79677374E-003  0.86166103E-005  0.26106638E-004  0.29001715E-003  0.61429101E-005  0.39092413E-005  0.59385129E-004  0.18613297E-005  0.62065512E-006  0.12484254E-006
  0.58004934E-004  0.24883256E-003  0.71559260E-003  0.39783271E-003  0.14406394E-002  0.20552730E-002  0.10007883E-002  0.71755118E-002  0.19799134E-002  0.19978601E-002  0.16025419E-002  0.22944684E-005  0.31580900E-002  0.99878733E-003  0.38075497E-002  0.46474751E-005  0.11782034E-001  0.47248883E-003  0.28445194E-002  0.79993020E-005  0.18891070E-002  0.15157119E-003  0.11287786E-004  0.95243738E-003  0.12537007E-004  0.37261112E-004  0.34320653E-003  0.86446756E-005  0.53063811E-005  0.71916678E-004  0.24061393E-005  0.76770595E-006  0.14941240E-006
  0.73307324E-004  0.29604434E-003  0.78897770E-003  0.62163844E-003  0.14983214E-002  0.20399695E-002  0.15648919E-002  0.69023478E-002  0.18612623E-002  0.29636995E-002  0.14332098E-002  0.47991047E-005  0.44744763E-002  0.84824929E-003  0.52245972E-002  0.93722996E-005  0.16003942E-001  0.36969449E-003  0.38402713E-002  0.14747816E-004  0.25104656E-002  0.10080145E-003  0.19227198E-004  0.12389455E-002  0.20170027E-004  0.58581607E-004  0.43561480E-003  0.13347836E-004  0.78566426E-005  0.89232213E-004  0.33739252E-005  0.10158031E-005  0.18559924E-006
  0.12899727E-003  0.47741164E-003  0.11616248E-002  0.10096481E-002  0.20553738E-002  0.26684408E-002  0.24810232E-002  0.88617491E-002  0.23788473E-002  0.44149948E-002  0.17259768E-002  0.83155757E-005  0.63125316E-002  0.96929373E-003  0.70998698E-002  0.15795743E-004  0.21487641E-001  0.39733415E-003  0.51141473E-002  0.23104005E-004  0.32600348E-002  0.98555121E-004  0.28175347E-004  0.15655250E-002  0.28150678E-004  0.80205716E-004  0.53209148E-003  0.18028041E-004  0.10190433E-004  0.10342301E-003  0.41671380E-005  0.11870505E-005  0.20291300E-006
  0.27070359E-003  0.88059966E-003  0.19178515E-002  0.17616268E-002  0.31330701E-002  0.38632239E-002  0.40209211E-002  0.12722317E-001  0.33991452E-002  0.66774340E-002  0.24666492E-002  0.12458546E-004  0.90659506E-002  0.13497926E-002  0.98728721E-002  0.22373668E-004  0.29380074E-001  0.53518999E-003  0.69872366E-002  0.30600549E-004  0.43759680E-002  0.13195537E-003  0.35319391E-004  0.20400286E-002  0.33974361E-004  0.95403542E-004  0.67367195E-003  0.21278783E-004  0.11730884E-004  0.12213551E-003  0.46281974E-005  0.12658287E-005  0.20575540E-006
  0.53083069E-003  0.14841990E-002  0.28861872E-002  0.32235224E-002  0.43696046E-002  0.51728453E-002  0.68900901E-002  0.16818338E-001  0.47149674E-002  0.10919922E-001  0.32407802E-002  0.19195914E-004  0.14330729E-001  0.17415263E-002  0.15244213E-001  0.31262271E-004  0.45222265E-001  0.66547939E-003  0.10667817E-001  0.40292101E-004  0.65989146E-002  0.14331437E-003  0.44546464E-004  0.30511904E-002  0.41656305E-004  0.11579216E-003  0.97718662E-003  0.25775988E-004  0.13905240E-004  0.16039288E-003  0.53581745E-005  0.14209435E-005  0.22008152E-006
  0.95958845E-003  0.23629369E-002  0.42747244E-002  0.53418071E-002  0.60800303E-002  0.67847661E-002  0.10950259E-001  0.22980277E-001  0.68796618E-002  0.16977861E-001  0.51226574E-002  0.23587353E-004  0.21920222E-001  0.25936637E-002  0.23034883E-001  0.35925435E-004  0.67781449E-001  0.10091164E-002  0.16068858E-001  0.43215534E-004  0.99293669E-002  0.26509845E-003  0.46353952E-004  0.45226516E-002  0.42448463E-004  0.11745102E-003  0.13797967E-002  0.26222980E-004  0.14044026E-004  0.20102832E-003  0.53045441E-005  0.13759653E-005  0.20788725E-006
  0.18328580E-002  0.40911877E-002  0.67388468E-002  0.22518759E-001  0.92148237E-002  0.10522477E-001  0.20073968E-001  0.33954143E-001  0.11837784E-001  0.23435134E-001  0.87504397E-002  0.19607779E-004  0.29610576E-001  0.50213875E-002  0.30965727E-001  0.23896307E-004  0.88753242E-001  0.19606197E-002  0.20680493E-001  0.26983521E-004  0.30512050E-001  0.41419442E-003  0.28372601E-004  0.55028406E-002  0.25757235E-004  0.70919131E-004  0.14345841E-002  0.15949359E-004  0.90825527E-005  0.18178753E-003  0.31948094E-005  0.81674357E-006  0.12114671E-006
  0.37340842E-002  0.85209849E-002  0.13508356E-001  0.13039392E+001  0.17535839E-001  0.17493663E-001  0.41718122E+001  0.63394972E-001  0.29951787E-001  0.91049513E+001  0.28679615E-001  0.82338367E-004  0.15425836E+002  0.17859390E-001  0.19783403E+002  0.14280386E-003  0.63532398E+002  0.75525346E-002  0.16070619E+002  0.19259359E-003  0.11804711E+002  0.17967494E-002  0.22787844E-003  0.39840575E+001  0.22510102E-003  0.63516916E-003  0.56672304E+000  0.14211440E-003  0.81258658E-004  0.50599286E-001  0.20841196E-004  0.25579885E-005  0.23780756E-006
  0.36312088E-002  0.65058621E-002  0.94995964E-002  0.23790605E+000  0.10923300E-001  0.97689890E-002  0.62628120E+000  0.31219124E-001  0.23264231E-001  0.13983712E+001  0.19324398E-001  0.61372099E-003  0.24151652E+001  0.11458037E-001  0.32510985E+001  0.10005191E-002  0.14185899E+002  0.47630245E-002  0.62001448E+001  0.13062823E-002  0.51288805E+001  0.11700321E-002  0.15057619E-002  0.53845735E+001  0.14719103E-002  0.43689192E-002  0.10660701E+001  0.11479027E-002  0.67975624E-003  0.18138347E+000  0.27329402E-003  0.35814100E-004  0.35791434E-005
  0.11502496E-002  0.21120700E-002  0.29809445E-002  0.55196902E-001  0.33894953E-002  0.31188842E-002  0.10910963E+000  0.88819128E-002  0.53645517E-002  0.16633399E+000  0.49216828E-002  0.12269744E-002  0.20150486E+000  0.29797169E-002  0.19477877E+000  0.16164457E-002  0.59930300E+000  0.13920697E-002  0.37274481E+000  0.15664254E-002  0.34152058E+000  0.33665666E-003  0.14808231E-002  0.23683578E+000  0.13632397E-002  0.39616358E-002  0.16000910E+000  0.11326394E-002  0.66830640E-003  0.41533820E-001  0.26473829E-003  0.40945939E-004  0.45393038E-005
  0.17635462E-003  0.40784509E-003  0.70200945E-003  0.73642842E-002  0.96222054E-003  0.99168374E-003  0.17918052E-001  0.29447040E-002  0.14470718E-002  0.32229246E-001  0.12050077E-002  0.78303345E-003  0.46701102E-001  0.72378959E-003  0.51471764E-001  0.15447485E-002  0.15605580E+000  0.45414095E-003  0.64873704E-001  0.21393329E-002  0.55312481E-001  0.11322097E-003  0.21420486E-002  0.39187181E-001  0.17323466E-002  0.45965502E-002  0.41831821E-001  0.14040668E-002  0.70600302E-003  0.51316068E-002  0.26906543E-003  0.44486316E-004  0.46737841E-005
  0.70025026E-004  0.16420257E-003  0.29438955E-003  0.31042160E-002  0.42689797E-003  0.48330789E-003  0.77206343E-002  0.15056709E-002  0.54052086E-003  0.14503349E-001  0.42052522E-003  0.44668712E-003  0.21916214E-001  0.25232766E-003  0.25974429E-001  0.85477442E-003  0.82158047E-001  0.25969792E-003  0.26420376E-001  0.12379792E-002  0.20485984E-001  0.72348553E-004  0.16053072E-002  0.15368271E-001  0.16071194E-002  0.47051291E-002  0.48531920E-001  0.16714304E-002  0.10290572E-002  0.25499595E-002  0.33299278E-003  0.53080610E-004  0.49958967E-005
  0.45849417E-004  0.10871528E-003  0.19612712E-003  0.19760380E-002  0.28766546E-003  0.33478614E-003  0.49659203E-002  0.10629984E-002  0.31874898E-003  0.93933822E-002  0.23162974E-003  0.34544346E-003  0.14334802E-001  0.13665954E-003  0.17223672E-001  0.67269543E-003  0.55106478E-001  0.18708171E-003  0.15717074E-001  0.10109174E-002  0.11738139E-001  0.61645563E-004  0.11652070E-002  0.89489552E-002  0.11699356E-002  0.35597023E-002  0.38817245E-001  0.11013979E-002  0.76501405E-003  0.19623649E-002  0.34646279E-003  0.78084015E-004  0.55820381E-005
  0.33385067E-004  0.81912796E-004  0.15031730E-003  0.13811145E-002  0.22363422E-003  0.26397370E-003  0.35696808E-002  0.84631791E-003  0.23732995E-003  0.68589770E-002  0.17106673E-003  0.28966227E-003  0.10580055E-001  0.10026779E-003  0.12833810E-001  0.59183776E-003  0.41382690E-001  0.13140806E-003  0.11377992E-001  0.86224533E-003  0.84409089E-002  0.56987203E-004  0.10591048E-002  0.60927330E-002  0.10561170E-002  0.31400000E-002  0.26907441E-001  0.91910609E-003  0.57751936E-003  0.17882944E-002  0.26547377E-003  0.77240523E-004  0.79757759E-005
  0.25089598E-004  0.64967045E-004  0.12387074E-003  0.10051089E-002  0.18866974E-003  0.22637101E-003  0.27224693E-002  0.73190847E-003  0.20129215E-003  0.53905671E-002  0.14602532E-003  0.23584835E-003  0.84622978E-002  0.84835622E-004  0.10382210E-001  0.51558729E-003  0.33731024E-001  0.85967298E-004  0.91967106E-002  0.79330383E-003  0.68455139E-002  0.54763332E-004  0.97025174E-003  0.45864478E-002  0.98532119E-003  0.29511582E-002  0.18056682E-001  0.86535160E-003  0.54751481E-003  0.18622722E-002  0.24099481E-003  0.74508983E-004  0.89832265E-005
  0.17773463E-004  0.48895940E-004  0.96688372E-004  0.69416003E-003  0.15001569E-003  0.18144139E-003  0.19914916E-002  0.58792886E-003  0.15919577E-003  0.40766792E-002  0.11491016E-003  0.18334578E-003  0.65035998E-002  0.65381382E-004  0.80344356E-002  0.44517090E-003  0.26185693E-001  0.43350387E-004  0.70673497E-002  0.71606369E-003  0.52401858E-002  0.50197458E-004  0.89302949E-003  0.32548316E-002  0.89948263E-003  0.27384323E-002  0.37589391E-002  0.77455993E-003  0.50277200E-003  0.23516016E-002  0.21546092E-003  0.65437907E-004  0.72293171E-005
  0.12575492E-004  0.37366478E-004  0.78141938E-004  0.48425359E-003  0.12549706E-003  0.15480622E-003  0.14964917E-002  0.50541743E-003  0.13713070E-003  0.32286210E-002  0.99795094E-004  0.13519642E-003  0.53142915E-002  0.56740570E-004  0.66717053E-002  0.37560307E-003  0.21879105E-001  0.34393545E-004  0.59261442E-002  0.64168482E-003  0.44115909E-002  0.46388884E-004  0.83267385E-003  0.26965783E-002  0.84859189E-003  0.25860037E-002  0.23190295E-002  0.72504958E-003  0.46486804E-003  0.20613775E-002  0.20823268E-003  0.64815751E-004  0.72713408E-005
  0.82972400E-005  0.26777323E-004  0.59760321E-004  0.31537287E-003  0.99528116E-004  0.12515930E-003  0.10584173E-002  0.41148207E-003  0.11141623E-003  0.24348457E-002  0.81470629E-004  0.91686787E-004  0.41522353E-002  0.46422651E-004  0.53151468E-002  0.30271522E-003  0.17569496E-001  0.27225750E-004  0.47650418E-002  0.56271955E-003  0.35691532E-002  0.42463445E-004  0.76025917E-003  0.21699617E-002  0.79242029E-003  0.23935697E-002  0.17929017E-002  0.67195702E-003  0.43431246E-003  0.31102053E-002  0.19678424E-003  0.62252014E-004  0.78822462E-005
  0.54839257E-005  0.19152381E-004  0.46379106E-004  0.20621774E-003  0.81143728E-004  0.10486952E-003  0.74875366E-003  0.34877970E-003  0.94998600E-004  0.18671201E-002  0.70255391E-004  0.57061889E-004  0.33403559E-002  0.40213229E-004  0.43876198E-002  0.23379158E-003  0.14668028E-001  0.22312248E-004  0.40024024E-002  0.48413508E-003  0.30235125E-002  0.36116027E-004  0.68788940E-003  0.18293791E-002  0.73832391E-003  0.22529412E-002  0.13740044E-002  0.62318070E-003  0.40868734E-003  0.44133984E-002  0.18780523E-003  0.60927287E-004  0.98448708E-005
  0.35965265E-005  0.13221813E-004  0.35174333E-004  0.13351181E-003  0.65278776E-004  0.87130426E-004  0.51067868E-003  0.29376295E-003  0.80677835E-004  0.13994933E-002  0.60449108E-004  0.32043579E-004  0.26547002E-002  0.34860558E-004  0.35991927E-002  0.17049879E-003  0.12202411E-001  0.18367176E-004  0.33595854E-002  0.40321542E-003  0.25658157E-002  0.25072250E-004  0.61249628E-003  0.15509877E-002  0.67865024E-003  0.20990721E-002  0.10411601E-002  0.57602132E-003  0.38101316E-003  0.27990161E-002  0.17727185E-003  0.58942431E-004  0.11223526E-004
  0.23890129E-005  0.87423693E-005  0.25856114E-004  0.87707569E-004  0.51532945E-004  0.71535249E-004  0.33387611E-003  0.24519725E-003  0.68096313E-004  0.10181141E-002  0.51872436E-004  0.16267990E-004  0.20740489E-002  0.30245455E-004  0.29236981E-002  0.11569733E-003  0.10081548E-001  0.15304425E-004  0.28091815E-002  0.32322692E-003  0.21768051E-002  0.17203368E-004  0.53331258E-003  0.13223953E-002  0.61568057E-003  0.19302237E-002  0.81049461E-003  0.52785865E-003  0.35227626E-003  0.22698802E-002  0.16779272E-003  0.57142678E-004  0.12425237E-004
  0.16484679E-005  0.55439141E-005  0.18310401E-004  0.59875128E-004  0.39751089E-004  0.57866407E-004  0.20926282E-003  0.20234735E-003  0.57006340E-004  0.71386950E-003  0.44348775E-004  0.78245025E-005  0.15847793E-002  0.26237373E-004  0.23427073E-002  0.72280018E-004  0.82457296E-002  0.12904939E-004  0.23320296E-002  0.24779388E-003  0.18431821E-002  0.10016255E-004  0.45197521E-003  0.11299962E-002  0.54837063E-003  0.17476990E-002  0.63412062E-003  0.47981150E-003  0.32217385E-003  0.13498901E-002  0.15785895E-003  0.55177366E-004  0.13078323E-004
  0.11917222E-005  0.34086629E-005  0.12417707E-004  0.42880420E-004  0.29818152E-004  0.45960179E-004  0.12711450E-003  0.16462167E-003  0.47221159E-004  0.47952804E-003  0.37726218E-004  0.40483889E-005  0.11783116E-002  0.22735515E-004  0.18447347E-002  0.41018638E-004  0.66535058E-002  0.11069138E-004  0.19171038E-002  0.17996935E-003  0.15544274E-002  0.54352748E-005  0.37112886E-003  0.96606443E-003  0.47811963E-003  0.15563692E-002  0.51150792E-003  0.42979017E-003  0.29471908E-003  0.47819969E-003  0.14730730E-003  0.52973409E-004  0.13044006E-004
  0.88837446E-006  0.20804259E-005  0.80234154E-005  0.31782792E-004  0.21634885E-004  0.35706382E-004  0.76722441E-004  0.13159878E-003  0.38599361E-004  0.30706716E-003  0.31861783E-004  0.25610168E-005  0.84801968E-003  0.19657803E-004  0.14217802E-002  0.21037466E-004  0.52778190E-002  0.96279665E-005  0.15557406E-002  0.12265570E-003  0.13029067E-002  0.38939537E-005  0.29387530E-003  0.82620005E-003  0.40679234E-003  0.13589232E-002  0.43120639E-003  0.37882596E-003  0.26781510E-003  0.21724171E-003  0.13644216E-003  0.50546676E-004  0.12807184E-004
  0.66455647E-006  0.12995369E-005  0.49218803E-005  0.23686680E-004  0.15090908E-004  0.27018354E-004  0.47468065E-004  0.10299540E-003  0.31042555E-004  0.18675493E-003  0.26645765E-004  0.18461470E-005  0.58701134E-003  0.16933763E-004  0.10677964E-002  0.99163322E-005  0.41005293E-002  0.84166426E-005  0.12424291E-002  0.77558492E-004  0.10816041E-002  0.33099671E-005  0.22282681E-003  0.70493809E-003  0.33656212E-003  0.11593504E-002  0.36989254E-003  0.32783790E-003  0.24029559E-003  0.16614937E-003  0.12514869E-003  0.47962342E-004  0.12504323E-004
  0.49174091E-006  0.84977236E-006  0.28701394E-005  0.17474442E-004  0.10053907E-004  0.19816622E-004  0.30804051E-004  0.78615866E-004  0.24484476E-004  0.10797530E-003  0.22016749E-004  0.14118001E-005  0.38823971E-003  0.14518442E-004  0.77763616E-003  0.46074002E-005  0.31081832E-002  0.73549357E-005  0.97348475E-003  0.44983810E-004  0.88763770E-003  0.28814063E-005  0.16060224E-003  0.59892961E-003  0.26942505E-003  0.96384483E-003  0.31868436E-003  0.27834658E-003  0.21260037E-003  0.13870329E-003  0.11403794E-003  0.45164253E-004  0.12149585E-004
  0.35729166E-006  0.58041485E-006  0.16074739E-005  0.12664153E-004  0.63541403E-005  0.14014678E-004  0.20922155E-004  0.58272173E-004  0.18873742E-004  0.59951133E-004  0.17933716E-004  0.10646814E-005  0.24365452E-003  0.12364327E-004  0.54623796E-003  0.24009783E-005  0.22887182E-002  0.64206412E-005  0.74549474E-003  0.23686015E-004  0.71824538E-003  0.25279481E-005  0.10908847E-003  0.50582992E-003  0.20762946E-003  0.77738558E-003  0.27491930E-003  0.23091323E-003  0.18543423E-003  0.12097370E-003  0.10302454E-003  0.42339844E-004  0.11754625E-004
  0.25481357E-006  0.40455626E-006  0.88568402E-006  0.90113691E-005  0.37838730E-005  0.95010544E-005  0.14520552E-004  0.41744622E-004  0.14167524E-004  0.32743316E-004  0.14366854E-004  0.78895335E-006  0.14411590E-003  0.10455416E-004  0.36791344E-003  0.14855883E-005  0.16291257E-002  0.55888621E-005  0.55621205E-003  0.11281347E-004  0.57161818E-003  0.22082763E-005  0.69160747E-004  0.42451727E-003  0.15308519E-003  0.60557502E-003  0.23634596E-003  0.18656572E-003  0.15908322E-003  0.10261291E-003  0.92721896E-004  0.39416071E-004  0.11316172E-004
  0.17834120E-006  0.28152362E-006  0.49808864E-006  0.62943594E-005  0.21108384E-005  0.61337353E-005  0.10066411E-004  0.28748347E-004  0.10314605E-004  0.18257312E-004  0.11285880E-004  0.57315382E-006  0.79853907E-004  0.87529548E-005  0.23607757E-003  0.99636898E-006  0.11152288E-002  0.48491732E-005  0.40245117E-003  0.49397250E-005  0.44645982E-003  0.19371941E-005  0.40468294E-004  0.35322788E-003  0.10725812E-003  0.45328198E-003  0.20283255E-003  0.14615858E-003  0.13387914E-003  0.88030705E-004  0.82971452E-004  0.36408110E-004  0.10833186E-004
  0.12285220E-006  0.19428840E-006  0.29582361E-006  0.43280476E-005  0.11007699E-005  0.37429624E-005  0.69242008E-005  0.18915674E-004  0.72518085E-005  0.10762380E-004  0.86726429E-005  0.40770471E-006  0.41355040E-004  0.72402634E-005  0.14319227E-003  0.70170043E-006  0.72954321E-003  0.41919512E-005  0.28139452E-003  0.21224491E-005  0.34093443E-003  0.17030768E-005  0.21574785E-004  0.29021103E-003  0.70846825E-004  0.32403113E-003  0.17362232E-003  0.11052234E-003  0.11021494E-003  0.75816174E-004  0.73291559E-004  0.33404916E-004  0.10320004E-004
  0.83446438E-007  0.13231880E-006  0.18667980E-006  0.29350493E-005  0.54027096E-006  0.21410725E-005  0.47010657E-005  0.11809087E-004  0.49014489E-005  0.67502236E-005  0.64982860E-005  0.28398125E-006  0.20149796E-004  0.59099373E-005  0.81447451E-004  0.48283657E-006  0.45296643E-003  0.36067913E-005  0.18911110E-003  0.10157930E-005  0.25408385E-003  0.14970549E-005  0.10341142E-004  0.23538045E-003  0.43693443E-004  0.21968700E-003  0.14808744E-003  0.80297349E-004  0.88467543E-004  0.65564881E-004  0.63891032E-004  0.30404494E-004  0.97776322E-005
  0.56275196E-007  0.89515789E-007  0.12258224E-006  0.19766668E-005  0.25640099E-006  0.11377934E-005  0.31717997E-005  0.69353054E-005  0.31667008E-005  0.44101756E-005  0.47348346E-005  0.19431284E-006  0.94839726E-005  0.47484145E-005  0.43033181E-004  0.32680117E-006  0.26459292E-003  0.30821491E-005  0.12154869E-003  0.55628108E-006  0.18415980E-003  0.13161809E-005  0.44050250E-005  0.18814956E-003  0.24874922E-004  0.14013288E-003  0.12574952E-003  0.55711825E-004  0.69023004E-004  0.56849414E-004  0.54835429E-004  0.27478575E-004  0.92139479E-005
  0.37831386E-007  0.60401309E-007  0.82205267E-007  0.13270601E-005  0.12456092E-006  0.55702817E-006  0.21345112E-005  0.37939957E-005  0.19452036E-005  0.29442124E-005  0.33421748E-005  0.13105056E-006  0.45659321E-005  0.37496276E-005  0.20948500E-004  0.21835540E-006  0.14402869E-003  0.26146171E-005  0.74290739E-004  0.33987189E-006  0.12928914E-003  0.11560751E-005  0.16740026E-005  0.14779831E-003  0.12892613E-004  0.83221505E-004  0.10592738E-003  0.36667595E-004  0.52154902E-004  0.49338703E-004  0.46252183E-004  0.24646587E-004  0.86325626E-005
  0.25562875E-007  0.40959481E-007  0.55919879E-007  0.89575447E-006  0.66705888E-007  0.25018303E-006  0.14443261E-005  0.19096501E-005  0.11280636E-005  0.19954687E-005  0.22773235E-005  0.87926590E-007  0.24242899E-005  0.29036470E-005  0.93512254E-005  0.14535197E-006  0.72128349E-004  0.22005283E-005  0.42864734E-004  0.22467921E-006  0.87682429E-004  0.10131287E-005  0.60405361E-006  0.11379923E-003  0.59780690E-005  0.45428366E-004  0.88494407E-004  0.22720158E-004  0.38000660E-004  0.42798103E-004  0.38250781E-004  0.21930744E-004  0.80414342E-005
  0.17451803E-007  0.28033876E-007  0.38330505E-007  0.61102848E-006  0.40449788E-007  0.10415404E-006  0.98671349E-006  0.87148356E-006  0.61365814E-006  0.13632663E-005  0.14924487E-005  0.59235388E-007  0.14597922E-005  0.21994161E-005  0.38660254E-005  0.97172243E-007  0.32758900E-004  0.18336959E-005  0.23209937E-004  0.14786857E-006  0.57193554E-004  0.88393313E-006  0.23695572E-006  0.85798874E-004  0.24294139E-005  0.22430657E-004  0.73309809E-004  0.13132055E-004  0.26570931E-004  0.37062258E-004  0.30944695E-004  0.19374239E-004  0.74488033E-005
  0.12034764E-007  0.19370769E-007  0.26545093E-007  0.42116110E-006  0.26913575E-007  0.42296922E-007  0.68090624E-006  0.35451007E-006  0.31112549E-006  0.94177818E-006  0.93586558E-006  0.40431815E-007  0.96687311E-006  0.16266723E-005  0.15569838E-005  0.65917004E-007  0.13263099E-004  0.15107343E-005  0.11711626E-004  0.99088745E-007  0.35693048E-004  0.76765272E-006  0.11893373E-006  0.63202127E-004  0.84975795E-006  0.98015119E-005  0.60134427E-004  0.69971149E-005  0.17734530E-004  0.32007613E-004  0.24428121E-004  0.17044400E-004  0.68593893E-005
  0.83976843E-008  0.13526709E-007  0.18572714E-007  0.29381478E-006  0.18710142E-007  0.18772383E-007  0.47508685E-006  0.12633048E-006  0.14628763E-006  0.65780287E-006  0.55933144E-006  0.28167981E-007  0.66996266E-006  0.11714066E-005  0.68444685E-006  0.45690421E-007  0.47023245E-005  0.12279143E-005  0.54806636E-005  0.67962949E-007  0.21240949E-004  0.66290059E-006  0.75361088E-007  0.45295573E-004  0.25808589E-006  0.36769198E-005  0.48708310E-004  0.33899898E-005  0.11230810E-004  0.27454948E-004  0.18762417E-004  0.14802148E-004  0.62807504E-005
  0.58966107E-008  0.94874447E-008  0.13036897E-007  0.20629803E-006  0.13142628E-007  0.10169164E-007  0.33302358E-006  0.39448183E-007  0.64080728E-007  0.46106502E-006  0.31727491E-006  0.20021672E-007  0.46952078E-006  0.81818785E-006  0.36800887E-006  0.32299684E-007  0.14597696E-005  0.98272107E-006  0.23893666E-005  0.47642448E-007  0.12001225E-004  0.56905029E-006  0.52846283E-007  0.31502117E-004  0.76708863E-007  0.11376770E-005  0.38802164E-004  0.14715192E-005  0.66942527E-005  0.23410122E-004  0.13983106E-004  0.12671736E-004  0.57169666E-005
  0.41354084E-008  0.66438641E-008  0.91451309E-008  0.14473160E-006  0.92225067E-008  0.65672789E-008  0.23320222E-006  0.11677625E-007  0.26744703E-007  0.32322082E-006  0.17005900E-006  0.14454062E-007  0.32902755E-006  0.55298881E-006  0.23680984E-006  0.23216991E-007  0.42874096E-006  0.77264821E-006  0.99218059E-006  0.34048279E-007  0.64047717E-005  0.48484395E-006  0.37370827E-007  0.21211473E-004  0.32114375E-007  0.27500091E-006  0.30377362E-004  0.56562657E-006  0.37223322E-005  0.19842403E-004  0.10073543E-004  0.10680699E-004  0.51777827E-005
  0.28897453E-008  0.46311843E-008  0.63838258E-008  0.10122110E-006  0.64392944E-008  0.45231074E-008  0.16265168E-006  0.42709029E-008  0.11217862E-007  0.22566243E-006  0.86047913E-007  0.10561535E-007  0.22960414E-006  0.36038075E-006  0.16282341E-006  0.16900325E-007  0.15537345E-006  0.59544399E-006  0.41384312E-006  0.24676597E-007  0.32284806E-005  0.40917443E-006  0.26819942E-007  0.13778794E-004  0.20209909E-007  0.53157264E-007  0.23339252E-004  0.19266679E-006  0.19126497E-005  0.16701850E-004  0.69827186E-005  0.88488404E-005  0.46681600E-005
  0.19981337E-008  0.31888583E-008  0.43956315E-008  0.70087128E-007  0.44295984E-008  0.31152689E-008  0.11212501E-006  0.23189070E-008  0.51377159E-008  0.15549205E-006  0.41290722E-007  0.77810655E-008  0.15798073E-006  0.22542497E-006  0.11211882E-006  0.12395360E-007  0.84007190E-007  0.44876390E-006  0.18861292E-006  0.18011941E-007  0.15440402E-005  0.34159425E-006  0.19429303E-007  0.85880846E-005  0.14727511E-007  0.13537801E-007  0.17553027E-004  0.61111463E-007  0.90136861E-006  0.13942000E-004  0.46338044E-005  0.71947887E-005  0.42047823E-005
  0.13521557E-008  0.21484437E-008  0.29648806E-008  0.47535891E-007  0.29896153E-008  0.21039923E-008  0.75702260E-007  0.15110351E-008  0.27036918E-008  0.10507382E-006  0.19008710E-007  0.57709270E-008  0.10678330E-006  0.13456382E-006  0.75808851E-007  0.91583112E-008  0.54758949E-007  0.32948437E-006  0.99000573E-007  0.13267628E-007  0.70888534E-006  0.28117608E-006  0.14230598E-007  0.51121911E-005  0.10750335E-007  0.79156247E-008  0.12877011E-004  0.22200134E-007  0.38868963E-006  0.11513145E-004  0.29273323E-005  0.57330270E-005  0.38223822E-005
  0.88979703E-009  0.14064625E-008  0.19431395E-008  0.31384277E-007  0.19607548E-008  0.13806495E-008  0.49718200E-007  0.98580690E-009  0.15637754E-008  0.69077433E-007  0.85466620E-008  0.43265983E-008  0.70239262E-007  0.76278139E-007  0.49882669E-007  0.68424196E-008  0.35802633E-007  0.23424414E-006  0.57260640E-007  0.98919274E-008  0.31823594E-006  0.22666099E-006  0.10563705E-007  0.28924186E-005  0.79139500E-008  0.58015371E-008  0.91471197E-005  0.11031636E-007  0.15605089E-006  0.93348081E-005  0.17511044E-005  0.44721798E-005  0.34660733E-005
  0.56001545E-009  0.87962529E-009  0.12156266E-008  0.19849908E-007  0.12261165E-008  0.86332366E-009  0.31248343E-007  0.61364024E-009  0.92127920E-009  0.43424117E-007  0.38143470E-008  0.33108952E-008  0.44127534E-007  0.40703343E-007  0.31329062E-007  0.52171158E-008  0.22383488E-007  0.15974281E-006  0.33845896E-007  0.75261505E-008  0.14213916E-006  0.17755726E-006  0.80011393E-008  0.15429169E-005  0.59609608E-008  0.43459495E-008  0.62503769E-005  0.70521056E-008  0.59374392E-007  0.73823434E-005  0.98736453E-006  0.34188873E-005  0.31560833E-005
  0.32419804E-009  0.50515355E-009  0.69879271E-009  0.11576373E-007  0.70591651E-009  0.49852095E-009  0.18079913E-007  0.35345264E-009  0.51889824E-009  0.25150864E-007  0.17015151E-008  0.26182844E-008  0.25598366E-007  0.20102999E-007  0.18227318E-007  0.41084673E-008  0.12988655E-007  0.10290904E-006  0.19195000E-007  0.59293101E-008  0.63668889E-007  0.13311357E-006  0.63072681E-008  0.76348279E-006  0.47033169E-008  0.34179815E-008  0.40513303E-005  0.52738528E-008  0.25422988E-007  0.56375785E-005  0.52458717E-006  0.25809815E-005  0.29470018E-005
  0.15823758E-009  0.24458169E-009  0.33903733E-009  0.57100329E-008  0.34359029E-009  0.24401279E-009  0.88478218E-008  0.17296653E-009  0.25255796E-009  0.12335111E-007  0.69533043E-009  0.21687904E-008  0.12595652E-007  0.87979967E-008  0.90191540E-008  0.33870497E-008  0.64248156E-008  0.60311808E-007  0.94409723E-008  0.49119283E-008  0.26231613E-007  0.92354985E-007  0.52741676E-008  0.33636337E-006  0.39937996E-008  0.29275739E-008  0.24071002E-005  0.45142788E-008  0.14537558E-007  0.40412655E-005  0.31500762E-006  0.25275620E-005  0.47990897E-005
  0.92320147E-010  0.14174835E-009  0.19674874E-009  0.33626426E-008  0.19984976E-009  0.14256899E-009  0.51771152E-008  0.10106453E-009  0.14744118E-009  0.72280409E-008  0.34876992E-009  0.19373799E-008  0.73982141E-008  0.45568237E-008  0.53211205E-008  0.30158856E-008  0.37903783E-008  0.44355330E-007  0.55641074E-008  0.43842885E-008  0.13285670E-007  0.71821204E-007  0.47307981E-008  0.17580435E-006  0.36127297E-008  0.26605643E-008  0.17933689E-005  0.41131159E-008  0.10213888E-007  0.32107220E-005  0.21100372E-006  0.29421259E-005  0.61112924E-005
