  0.10529480E+002
  0.10532947E+002
  0.10535315E+002
  0.10537230E+002
  0.10538764E+002
  0.10540000E+002
  0.10540994E+002
  0.10541789E+002
  0.10542419E+002
  0.10542913E+002
  0.10543292E+002
  0.10543576E+002
  0.10543781E+002
  0.10543918E+002
  0.10544000E+002
  0.10544034E+002
  0.10544028E+002
  0.10543989E+002
  0.10543921E+002
  0.10543828E+002
  0.10543715E+002
  0.10543584E+002
  0.10543438E+002
  0.10543278E+002
  0.10543107E+002
  0.10542927E+002
  0.10542738E+002
  0.10542541E+002
  0.10542338E+002
  0.10542129E+002
  0.10541915E+002
  0.10541697E+002
  0.10541474E+002
  0.10541249E+002
  0.10541021E+002
  0.10540790E+002
  0.10540557E+002
  0.10540322E+002
  0.10540086E+002
  0.10539849E+002
  0.10539612E+002
  0.10539374E+002
  0.10539137E+002
  0.10538901E+002
  0.10538666E+002
  0.10538432E+002
  0.10538201E+002
  0.10537973E+002
  0.10537747E+002
  0.10537526E+002
  0.10537309E+002
  0.10537097E+002
  0.10536890E+002
  0.10536689E+002
  0.10536495E+002
  0.10536308E+002
  0.10536128E+002
  0.10535956E+002
  0.10535792E+002
  0.10535637E+002
  0.10535492E+002
  0.10535355E+002
  0.10535228E+002
  0.10535111E+002
  0.10535003E+002
  0.10534905E+002
  0.10534817E+002
  0.10534738E+002
  0.10534669E+002
  0.10534609E+002
  0.10534557E+002
  0.10534515E+002
  0.10534480E+002
  0.10534454E+002
  0.10534434E+002
  0.10534422E+002
  0.10534415E+002
  0.10534414E+002
  0.10534418E+002
  0.10534427E+002
  0.10534439E+002
  0.10534455E+002
  0.10534473E+002
  0.10534493E+002
  0.10534515E+002
  0.10534537E+002
  0.10534560E+002
  0.10534583E+002
  0.10534605E+002
  0.10534626E+002
  0.10534645E+002
  0.10534663E+002
  0.10534679E+002
  0.10534692E+002
  0.10534703E+002
  0.10534711E+002
  0.10534716E+002
  0.10534718E+002
  0.10534717E+002
  0.10534713E+002
  0.10534705E+002
  0.10534695E+002
  0.10534681E+002
  0.10534664E+002
  0.10534644E+002
  0.10534622E+002
  0.10534596E+002
  0.10534568E+002
  0.10534538E+002
  0.10534505E+002
  0.10534469E+002
  0.10534432E+002
  0.10534392E+002
  0.10534351E+002
  0.10534308E+002
  0.10534263E+002
  0.10534217E+002
  0.10534169E+002
  0.10534121E+002
  0.10534071E+002
  0.10534020E+002
  0.10533968E+002
  0.10533916E+002
  0.10533862E+002
  0.10533808E+002
  0.10533754E+002
  0.10533698E+002
  0.10533643E+002
  0.10533587E+002
  0.10533530E+002
  0.10533474E+002
  0.10533417E+002
  0.10533360E+002
  0.10533302E+002
  0.10533245E+002
  0.10533187E+002
  0.10533130E+002
  0.10533072E+002
  0.10533014E+002
  0.10532956E+002
  0.10532899E+002
  0.10532841E+002
  0.10532783E+002
  0.10532726E+002
  0.10532668E+002
  0.10532611E+002
  0.10532554E+002
  0.10532497E+002
  0.10532441E+002
  0.10532384E+002
  0.10532328E+002
  0.10532272E+002
  0.10532216E+002
  0.10532161E+002
  0.10532106E+002
  0.10532051E+002
  0.10531997E+002
  0.10531943E+002
  0.10531890E+002
  0.10531837E+002
  0.10531784E+002
  0.10531732E+002
  0.10531681E+002
  0.10531630E+002
  0.10531579E+002
  0.10531529E+002
  0.10531480E+002
  0.10531431E+002
  0.10531383E+002
  0.10531335E+002
  0.10531288E+002
  0.10531242E+002
  0.10531196E+002
  0.10531151E+002
  0.10531107E+002
  0.10531063E+002
  0.10531020E+002
  0.10530978E+002
  0.10530936E+002
  0.10530895E+002
  0.10530855E+002
  0.10530816E+002
  0.10530777E+002
  0.10530739E+002
  0.10530702E+002
  0.10530666E+002
  0.10530630E+002
  0.10530595E+002
  0.10530561E+002
  0.10530527E+002
  0.10530495E+002
  0.10530463E+002
  0.10530431E+002
  0.10530401E+002
  0.10530371E+002
  0.10530342E+002
  0.10530314E+002
  0.10530286E+002
  0.10530260E+002
  0.10530234E+002
