  0.57869253E+000  0.28796536E+000  0.23381821E+001  0.38913086E+002
  0.57887055E+000  0.28809586E+000  0.23508243E+001  0.38914001E+002
  0.57891192E+000  0.28818007E+000  0.23535412E+001  0.38920632E+002
  0.57912169E+000  0.28844664E+000  0.23590383E+001  0.38922316E+002
  0.57914346E+000  0.31248415E+000  0.23356833E+001  0.38927749E+002
  0.57916008E+000  0.31261351E+000  0.23415742E+001  0.38926657E+002
  0.57924538E+000  0.31336696E+000  0.23454101E+001  0.38925958E+002
  0.57925471E+000  0.31340106E+000  0.23519324E+001  0.38922573E+002
  0.57927000E+000  0.31397470E+000  0.23349902E+001  0.38912449E+002
  0.57927389E+000  0.31399658E+000  0.23350808E+001  0.38914154E+002
  0.57927565E+000  0.31401495E+000  0.23519177E+001  0.38927965E+002
  0.57928881E+000  0.31405043E+000  0.23519657E+001  0.38929005E+002
  0.57929252E+000  0.31405587E+000  0.23586983E+001  0.38923081E+002
  0.57929024E+000  0.31406407E+000  0.23596465E+001  0.38922677E+002
  0.57929117E+000  0.31490722E+000  0.23587973E+001  0.38923008E+002
  0.57930297E+000  0.31489851E+000  0.23597846E+001  0.38922155E+002
  0.57929827E+000  0.31490033E+000  0.23608719E+001  0.38921048E+002
  0.57929302E+000  0.31490370E+000  0.23649041E+001  0.38916860E+002
  0.57928729E+000  0.31490302E+000  0.23648304E+001  0.38916668E+002
  0.57928117E+000  0.31490140E+000  0.23660263E+001  0.38915110E+002
  0.57927473E+000  0.31489897E+000  0.23659324E+001  0.38914760E+002
  0.57926802E+000  0.31489587E+000  0.23658305E+001  0.38914347E+002
  0.57926108E+000  0.31492162E+000  0.23656923E+001  0.38913881E+002
  0.57925396E+000  0.31491953E+000  0.23655753E+001  0.38913369E+002
  0.57924669E+000  0.31491504E+000  0.23669322E+001  0.38911341E+002
  0.57923930E+000  0.31491024E+000  0.23668074E+001  0.38910755E+002
  0.57923181E+000  0.31490519E+000  0.23666786E+001  0.38910139E+002
  0.57922425E+000  0.31489996E+000  0.23665461E+001  0.38909498E+002
  0.57921663E+000  0.31489459E+000  0.23664104E+001  0.38908834E+002
  0.57920898E+000  0.31488913E+000  0.23662720E+001  0.38908150E+002
  0.57920130E+000  0.31488361E+000  0.23661311E+001  0.38907448E+002
  0.57919362E+000  0.31487808E+000  0.23659880E+001  0.38906731E+002
  0.57918593E+000  0.31487255E+000  0.23658431E+001  0.38906001E+002
  0.57917827E+000  0.31486706E+000  0.23656966E+001  0.38905259E+002
  0.57917063E+000  0.31486162E+000  0.23655488E+001  0.38904506E+002
  0.57916304E+000  0.31485627E+000  0.23639220E+001  0.38905222E+002
  0.57915550E+000  0.31485101E+000  0.23637722E+001  0.38904453E+002
  0.57914802E+000  0.31484587E+000  0.23636219E+001  0.38903677E+002
  0.57914062E+000  0.31483881E+000  0.23634733E+001  0.38902896E+002
  0.57913331E+000  0.31483393E+000  0.23633228E+001  0.38902112E+002
  0.57912610E+000  0.31479979E+000  0.23632019E+001  0.38901324E+002
  0.57911901E+000  0.31479520E+000  0.23630523E+001  0.38900536E+002
  0.57911204E+000  0.31479076E+000  0.23629036E+001  0.38899747E+002
  0.57910521E+000  0.31478649E+000  0.23627561E+001  0.38898960E+002
  0.57909854E+000  0.31478239E+000  0.23626102E+001  0.38898176E+002
  0.57909203E+000  0.31477847E+000  0.23624663E+001  0.38897397E+002
  0.57908570E+000  0.31477473E+000  0.23623245E+001  0.38896624E+002
  0.57907956E+000  0.31477118E+000  0.23621854E+001  0.38895859E+002
  0.57907363E+000  0.31476782E+000  0.23620491E+001  0.38895103E+002
  0.57906793E+000  0.31476466E+000  0.23619162E+001  0.38894359E+002
  0.57906246E+000  0.31476170E+000  0.23617868E+001  0.38893629E+002
  0.57905724E+000  0.31475896E+000  0.23616614E+001  0.38892913E+002
  0.57905229E+000  0.31475642E+000  0.23615403E+001  0.38892215E+002
  0.57904762E+000  0.31475410E+000  0.23614238E+001  0.38891536E+002
  0.57904325E+000  0.31475199E+000  0.23600305E+001  0.38892158E+002
  0.57903918E+000  0.31475011E+000  0.23599240E+001  0.38891522E+002
  0.57903545E+000  0.31474844E+000  0.23598230E+001  0.38890909E+002
  0.57903205E+000  0.31474700E+000  0.23597277E+001  0.38890321E+002
  0.57902900E+000  0.31474578E+000  0.23596383E+001  0.38889761E+002
  0.57902631E+000  0.31474478E+000  0.23595551E+001  0.38889229E+002
  0.57902400E+000  0.31474400E+000  0.23594782E+001  0.38888725E+002
  0.57902206E+000  0.31474344E+000  0.23594078E+001  0.38888252E+002
  0.57902052E+000  0.31474309E+000  0.23593439E+001  0.38887810E+002
  0.57901936E+000  0.31474295E+000  0.23592866E+001  0.38887398E+002
  0.57901859E+000  0.31474302E+000  0.23592359E+001  0.38887019E+002
  0.57901822E+000  0.31474330E+000  0.23591918E+001  0.38886671E+002
  0.57901823E+000  0.31474376E+000  0.23591542E+001  0.38886355E+002
  0.57901863E+000  0.31474442E+000  0.23591231E+001  0.38886070E+002
  0.57901941E+000  0.31474525E+000  0.23590983E+001  0.38885817E+002
  0.57902055E+000  0.31474626E+000  0.23590795E+001  0.38885593E+002
  0.57902204E+000  0.31474743E+000  0.23590666E+001  0.38885399E+002
  0.57902387E+000  0.31474875E+000  0.23590593E+001  0.38885232E+002
  0.57902603E+000  0.31475021E+000  0.23590573E+001  0.38885093E+002
  0.57902848E+000  0.31475180E+000  0.23549635E+001  0.38889076E+002
  0.57903122E+000  0.31475351E+000  0.23549711E+001  0.38888986E+002
  0.57903421E+000  0.31475533E+000  0.23549830E+001  0.38888919E+002
  0.57903743E+000  0.31475724E+000  0.23549987E+001  0.38888872E+002
  0.57904087E+000  0.31475924E+000  0.23550180E+001  0.38888844E+002
  0.57904448E+000  0.31476131E+000  0.23550402E+001  0.38888833E+002
  0.57904825E+000  0.31476344E+000  0.23550651E+001  0.38888836E+002
  0.57905215E+000  0.31476562E+000  0.23550922E+001  0.38888852E+002
  0.57905615E+000  0.31476784E+000  0.23551211E+001  0.38888879E+002
  0.57906023E+000  0.31477008E+000  0.23551514E+001  0.38888915E+002
  0.57906435E+000  0.31477234E+000  0.23551828E+001  0.38888958E+002
  0.57906849E+000  0.31477461E+000  0.23552147E+001  0.38889006E+002
  0.57907263E+000  0.31477687E+000  0.23552469E+001  0.38889057E+002
  0.57907675E+000  0.31477912E+000  0.23552790E+001  0.38889110E+002
  0.57908082E+000  0.31478134E+000  0.23553107E+001  0.38889162E+002
  0.57908482E+000  0.31478354E+000  0.23553416E+001  0.38889213E+002
  0.57908874E+000  0.31478569E+000  0.23553716E+001  0.38889261E+002
  0.57909256E+000  0.31478779E+000  0.23554004E+001  0.38889304E+002
  0.57909625E+000  0.31478983E+000  0.23554277E+001  0.38889343E+002
  0.57909982E+000  0.31479182E+000  0.23554533E+001  0.38889374E+002
  0.57910324E+000  0.31479373E+000  0.23554772E+001  0.38889398E+002
  0.57910651E+000  0.31479558E+000  0.23554991E+001  0.38889414E+002
  0.57910962E+000  0.31479734E+000  0.23555189E+001  0.38889422E+002
  0.57911257E+000  0.31479902E+000  0.23555365E+001  0.38889420E+002
  0.57911534E+000  0.31480062E+000  0.23555520E+001  0.38889408E+002
  0.57911795E+000  0.31480213E+000  0.23555652E+001  0.38889386E+002
  0.57912038E+000  0.31480355E+000  0.23555761E+001  0.38889355E+002
  0.57912263E+000  0.31480488E+000  0.23555847E+001  0.38889313E+002
  0.57912472E+000  0.31480612E+000  0.23555910E+001  0.38889261E+002
  0.57912663E+000  0.31480727E+000  0.23555951E+001  0.38889199E+002
  0.57912838E+000  0.31480833E+000  0.23555970E+001  0.38889128E+002
  0.57912996E+000  0.31480930E+000  0.23555968E+001  0.38889046E+002
  0.57913139E+000  0.31481018E+000  0.23555945E+001  0.38888956E+002
  0.57913267E+000  0.31481098E+000  0.23555903E+001  0.38888856E+002
  0.57913380E+000  0.31481169E+000  0.23555841E+001  0.38888748E+002
  0.57913480E+000  0.31481233E+000  0.23555762E+001  0.38888632E+002
  0.57913567E+000  0.31481289E+000  0.23555666E+001  0.38888508E+002
  0.57913642E+000  0.31481337E+000  0.23555554E+001  0.38888376E+002
  0.57913705E+000  0.31481379E+000  0.23555428E+001  0.38888238E+002
  0.57913758E+000  0.31481414E+000  0.23555288E+001  0.38888093E+002
  0.57913801E+000  0.31481443E+000  0.23555136E+001  0.38887942E+002
  0.57913835E+000  0.31481466E+000  0.23554973E+001  0.38887785E+002
  0.57913860E+000  0.31481484E+000  0.23554799E+001  0.38887624E+002
  0.57913879E+000  0.31481497E+000  0.23554617E+001  0.38887457E+002
  0.57913890E+000  0.31481506E+000  0.23554427E+001  0.38887286E+002
  0.57913896E+000  0.31481510E+000  0.23554230E+001  0.38887110E+002
  0.57913896E+000  0.31481511E+000  0.23594999E+001  0.38882834E+002
  0.57913892E+000  0.31481509E+000  0.23594793E+001  0.38882651E+002
  0.57913884E+000  0.31481504E+000  0.23594582E+001  0.38882465E+002
  0.57913872E+000  0.31481496E+000  0.23594369E+001  0.38882276E+002
  0.57913858E+000  0.31481486E+000  0.23594153E+001  0.38882085E+002
  0.57913841E+000  0.31481474E+000  0.23593937E+001  0.38881891E+002
  0.57913822E+000  0.31481461E+000  0.23593720E+001  0.38881694E+002
  0.57913802E+000  0.31481447E+000  0.23593504E+001  0.38881495E+002
  0.57913780E+000  0.31481431E+000  0.23593289E+001  0.38881295E+002
  0.57913758E+000  0.31481415E+000  0.23593075E+001  0.38881093E+002
  0.57913736E+000  0.31481398E+000  0.23592864E+001  0.38880889E+002
  0.57913713E+000  0.31481381E+000  0.23592655E+001  0.38880683E+002
  0.57913690E+000  0.31481364E+000  0.23592449E+001  0.38880477E+002
  0.57913668E+000  0.31481347E+000  0.23592247E+001  0.38880269E+002
  0.57913647E+000  0.31481331E+000  0.23592049E+001  0.38880060E+002
  0.57913626E+000  0.31481314E+000  0.23591854E+001  0.38879850E+002
  0.57913606E+000  0.31481298E+000  0.23591664E+001  0.38879639E+002
  0.57913587E+000  0.31481283E+000  0.23591479E+001  0.38879427E+002
  0.57913569E+000  0.31481268E+000  0.23591298E+001  0.38879214E+002
  0.57913552E+000  0.31481254E+000  0.23591122E+001  0.38879001E+002
  0.57913536E+000  0.31481241E+000  0.23590950E+001  0.38878788E+002
  0.57913522E+000  0.31481228E+000  0.23590784E+001  0.38878574E+002
  0.57913509E+000  0.31481217E+000  0.23590623E+001  0.38878359E+002
  0.57913496E+000  0.31481206E+000  0.23590466E+001  0.38878145E+002
  0.57913486E+000  0.31481196E+000  0.23590315E+001  0.38877930E+002
  0.57913476E+000  0.31481187E+000  0.23590168E+001  0.38877715E+002
  0.57913467E+000  0.31481178E+000  0.23590026E+001  0.38877501E+002
  0.57913460E+000  0.31481171E+000  0.23589889E+001  0.38877286E+002
  0.57913453E+000  0.31481164E+000  0.23589757E+001  0.38877072E+002
  0.57913448E+000  0.31481158E+000  0.23589629E+001  0.38876858E+002
  0.57913443E+000  0.31481153E+000  0.23589505E+001  0.38876645E+002
  0.57913439E+000  0.31481148E+000  0.23589386E+001  0.38876432E+002
  0.57913436E+000  0.31481144E+000  0.23589271E+001  0.38876220E+002
  0.57913434E+000  0.31481140E+000  0.23589159E+001  0.38876008E+002
  0.57913433E+000  0.31481137E+000  0.23589052E+001  0.38875798E+002
  0.57913432E+000  0.31481134E+000  0.23588948E+001  0.38875588E+002
  0.57913431E+000  0.31481132E+000  0.23588848E+001  0.38875380E+002
  0.57913431E+000  0.31481130E+000  0.23588751E+001  0.38875172E+002
  0.57913431E+000  0.31481129E+000  0.23588658E+001  0.38874966E+002
  0.57913431E+000  0.31481127E+000  0.23588567E+001  0.38874762E+002
  0.57913432E+000  0.31481126E+000  0.23588480E+001  0.38874558E+002
  0.57913433E+000  0.31481125E+000  0.23588395E+001  0.38874357E+002
  0.57913434E+000  0.31481124E+000  0.23588312E+001  0.38874157E+002
  0.57913435E+000  0.31481124E+000  0.23588233E+001  0.38873958E+002
  0.57913436E+000  0.31481123E+000  0.23588155E+001  0.38873762E+002
  0.57913436E+000  0.31481122E+000  0.23588080E+001  0.38873567E+002
  0.57913437E+000  0.31481121E+000  0.23588007E+001  0.38873375E+002
  0.57913438E+000  0.31481120E+000  0.23587936E+001  0.38873184E+002
  0.57913438E+000  0.31481120E+000  0.23587866E+001  0.38872996E+002
  0.57913438E+000  0.31481119E+000  0.23587799E+001  0.38872810E+002
  0.57913438E+000  0.31481117E+000  0.23587733E+001  0.38872626E+002
  0.57913437E+000  0.31481116E+000  0.23587669E+001  0.38872445E+002
  0.57913437E+000  0.31481115E+000  0.23587606E+001  0.38872265E+002
  0.57913435E+000  0.31481113E+000  0.23587545E+001  0.38872089E+002
  0.57913434E+000  0.31481111E+000  0.23587485E+001  0.38871915E+002
  0.57913432E+000  0.31481109E+000  0.23587426E+001  0.38871743E+002
  0.57913430E+000  0.31481107E+000  0.23587369E+001  0.38871574E+002
  0.57913428E+000  0.31481105E+000  0.23587312E+001  0.38871408E+002
  0.57913425E+000  0.31481102E+000  0.23587257E+001  0.38871245E+002
  0.57913422E+000  0.31481100E+000  0.23587203E+001  0.38871084E+002
  0.57913419E+000  0.31481097E+000  0.23587150E+001  0.38870926E+002
  0.57913415E+000  0.31481094E+000  0.23587098E+001  0.38870771E+002
  0.57913411E+000  0.31481091E+000  0.23587047E+001  0.38870618E+002
  0.57913407E+000  0.31481088E+000  0.23586997E+001  0.38870469E+002
  0.57913402E+000  0.31481084E+000  0.23586948E+001  0.38870322E+002
  0.57913398E+000  0.31481081E+000  0.23586900E+001  0.38870178E+002
  0.57913393E+000  0.31481077E+000  0.23586853E+001  0.38870037E+002
  0.57913388E+000  0.31481074E+000  0.23586807E+001  0.38869899E+002
  0.57913383E+000  0.31481070E+000  0.23586761E+001  0.38869764E+002
  0.57913378E+000  0.31481067E+000  0.23586717E+001  0.38869632E+002
  0.57913372E+000  0.31481063E+000  0.23586674E+001  0.38869502E+002
  0.57913367E+000  0.31481059E+000  0.23586632E+001  0.38869376E+002
  0.57913362E+000  0.31481056E+000  0.23586591E+001  0.38869252E+002
  0.57913357E+000  0.31481052E+000  0.23586551E+001  0.38869131E+002
  0.57913352E+000  0.31481049E+000  0.23586512E+001  0.38869013E+002
  0.57913347E+000  0.31481045E+000  0.23586474E+001  0.38868898E+002
  0.57913342E+000  0.31481042E+000  0.23586437E+001  0.38868786E+002
  0.57913338E+000  0.31481039E+000  0.23586402E+001  0.38868676E+002
  0.57913333E+000  0.31481036E+000  0.23586367E+001  0.38868570E+002
  0.57913329E+000  0.31481033E+000  0.23586334E+001  0.38868466E+002
  0.57913325E+000  0.31481030E+000  0.23586303E+001  0.38868366E+002
