  0.49046815E-002  0.57116700E-001  0.10123147E+001  0.41043590E+002
  0.49046648E-002  0.57131663E-001  0.10126139E+001  0.41057141E+002
  0.49046771E-002  0.57141861E-001  0.10128208E+001  0.41066398E+002
  0.49046826E-002  0.57149839E-001  0.10129859E+001  0.41073883E+002
  0.49046772E-002  0.57155966E-001  0.10131157E+001  0.41079884E+002
  0.49046592E-002  0.57160631E-001  0.10132171E+001  0.41084722E+002
  0.49046297E-002  0.57164115E-001  0.10132953E+001  0.41088617E+002
  0.49045908E-002  0.57166633E-001  0.10133544E+001  0.41091736E+002
  0.49045445E-002  0.57168356E-001  0.10133976E+001  0.41094212E+002
  0.49044932E-002  0.57169424E-001  0.10134276E+001  0.41096155E+002
  0.49044391E-002  0.57169950E-001  0.10134467E+001  0.41097652E+002
  0.49043842E-002  0.57170026E-001  0.10134567E+001  0.41098779E+002
  0.49043299E-002  0.57169728E-001  0.10134590E+001  0.41099595E+002
  0.49042773E-002  0.57169120E-001  0.10134548E+001  0.41100150E+002
  0.49042274E-002  0.57168251E-001  0.10134454E+001  0.41100486E+002
  0.49041808E-002  0.57167165E-001  0.10134314E+001  0.41100639E+002
  0.49041377E-002  0.57165895E-001  0.10134135E+001  0.41100635E+002
  0.49040985E-002  0.57164470E-001  0.10133925E+001  0.41100500E+002
  0.49040633E-002  0.57162914E-001  0.10133687E+001  0.41100253E+002
  0.49040319E-002  0.57161244E-001  0.10133426E+001  0.41099911E+002
  0.49040042E-002  0.57159476E-001  0.10133144E+001  0.41099488E+002
  0.49039801E-002  0.57157623E-001  0.10132846E+001  0.41098995E+002
  0.49039593E-002  0.57155696E-001  0.10132532E+001  0.41098443E+002
  0.49039415E-002  0.57153701E-001  0.10132206E+001  0.41097840E+002
  0.49039265E-002  0.57151647E-001  0.10131869E+001  0.41097192E+002
  0.49039138E-002  0.57149538E-001  0.10131522E+001  0.41096506E+002
  0.49039034E-002  0.57147378E-001  0.10131166E+001  0.41095787E+002
  0.49038948E-002  0.57145171E-001  0.10130803E+001  0.41095039E+002
  0.49038879E-002  0.57142920E-001  0.10130433E+001  0.41094265E+002
  0.49038823E-002  0.57140626E-001  0.10130058E+001  0.41093470E+002
  0.49038778E-002  0.57138292E-001  0.10129678E+001  0.41092654E+002
  0.49038742E-002  0.57135919E-001  0.10129294E+001  0.41091822E+002
  0.49038713E-002  0.57133510E-001  0.10128906E+001  0.41090975E+002
  0.49038690E-002  0.57131066E-001  0.10128515E+001  0.41090114E+002
  0.49038669E-002  0.57128590E-001  0.10128122E+001  0.41089243E+002
  0.49038651E-002  0.57126083E-001  0.10127727E+001  0.41088361E+002
  0.49038633E-002  0.57123550E-001  0.10127331E+001  0.41087471E+002
  0.49038614E-002  0.57120994E-001  0.10126935E+001  0.41086575E+002
  0.49038594E-002  0.57118419E-001  0.10126540E+001  0.41085673E+002
  0.49038571E-002  0.57115832E-001  0.10126146E+001  0.41084768E+002
  0.49038546E-002  0.57113239E-001  0.10125754E+001  0.41083860E+002
  0.49038519E-002  0.57110646E-001  0.10125365E+001  0.41082952E+002
  0.49038489E-002  0.57108062E-001  0.10124980E+001  0.41082044E+002
  0.49038457E-002  0.57105496E-001  0.10124601E+001  0.41081139E+002
  0.49038425E-002  0.57102958E-001  0.10124227E+001  0.41080238E+002
  0.49038392E-002  0.57100460E-001  0.10123861E+001  0.41079344E+002
  0.49038360E-002  0.57098013E-001  0.10123504E+001  0.41078457E+002
  0.49038331E-002  0.57095628E-001  0.10123155E+001  0.41077580E+002
  0.49038307E-002  0.57093319E-001  0.10122818E+001  0.41076715E+002
  0.49038289E-002  0.57091097E-001  0.10122492E+001  0.41075864E+002
  0.49038280E-002  0.57088977E-001  0.10122179E+001  0.41075029E+002
  0.49038280E-002  0.57086969E-001  0.10121880E+001  0.41074213E+002
  0.49038292E-002  0.57085086E-001  0.10121597E+001  0.41073416E+002
  0.49038318E-002  0.57083339E-001  0.10121330E+001  0.41072641E+002
  0.49038359E-002  0.57081738E-001  0.10121080E+001  0.41071891E+002
  0.49038416E-002  0.57080294E-001  0.10120848E+001  0.41071166E+002
  0.49038490E-002  0.57079014E-001  0.10120636E+001  0.41070469E+002
  0.49038583E-002  0.57077906E-001  0.10120443E+001  0.41069802E+002
  0.49038694E-002  0.57076976E-001  0.10120271E+001  0.41069166E+002
  0.49038824E-002  0.57076229E-001  0.10120120E+001  0.41068563E+002
  0.49038973E-002  0.57075668E-001  0.10119990E+001  0.41067993E+002
  0.49039141E-002  0.57075296E-001  0.10119882E+001  0.41067458E+002
  0.49039327E-002  0.57075112E-001  0.10119796E+001  0.41066959E+002
  0.49039532E-002  0.57075117E-001  0.10119732E+001  0.41066495E+002
  0.49039753E-002  0.57075310E-001  0.10119689E+001  0.41066068E+002
  0.49039992E-002  0.57075685E-001  0.10119668E+001  0.41065678E+002
  0.49040246E-002  0.57076241E-001  0.10119668E+001  0.41065324E+002
  0.49040516E-002  0.57076970E-001  0.10119688E+001  0.41065007E+002
  0.49040798E-002  0.57077865E-001  0.10119728E+001  0.41064725E+002
  0.49041094E-002  0.57078920E-001  0.10119787E+001  0.41064478E+002
  0.49041400E-002  0.57080125E-001  0.10119864E+001  0.41064264E+002
  0.49041717E-002  0.57081470E-001  0.10119959E+001  0.41064083E+002
  0.49042043E-002  0.57082943E-001  0.10120069E+001  0.41063933E+002
  0.49042376E-002  0.57084533E-001  0.10120193E+001  0.41063812E+002
  0.49042715E-002  0.57086228E-001  0.10120331E+001  0.41063719E+002
  0.49043059E-002  0.57088015E-001  0.10120482E+001  0.41063651E+002
  0.49043404E-002  0.57089880E-001  0.10120642E+001  0.41063607E+002
  0.49043751E-002  0.57091808E-001  0.10120812E+001  0.41063585E+002
  0.49044096E-002  0.57093787E-001  0.10120990E+001  0.41063582E+002
  0.49044438E-002  0.57095801E-001  0.10121174E+001  0.41063595E+002
  0.49044774E-002  0.57097837E-001  0.10121362E+001  0.41063624E+002
  0.49045104E-002  0.57099881E-001  0.10121554E+001  0.41063665E+002
  0.49045425E-002  0.57101920E-001  0.10121749E+001  0.41063716E+002
  0.49045735E-002  0.57103939E-001  0.10121943E+001  0.41063775E+002
  0.49046032E-002  0.57105928E-001  0.10122138E+001  0.41063840E+002
  0.49046315E-002  0.57107874E-001  0.10122330E+001  0.41063908E+002
  0.49046582E-002  0.57109767E-001  0.10122519E+001  0.41063978E+002
  0.49046831E-002  0.57111596E-001  0.10122705E+001  0.41064048E+002
  0.49047062E-002  0.57113353E-001  0.10122885E+001  0.41064117E+002
  0.49047274E-002  0.57115030E-001  0.10123060E+001  0.41064181E+002
  0.49047465E-002  0.57116619E-001  0.10123228E+001  0.41064241E+002
  0.49047634E-002  0.57118115E-001  0.10123389E+001  0.41064295E+002
  0.49047783E-002  0.57119514E-001  0.10123542E+001  0.41064341E+002
  0.49047910E-002  0.57120812E-001  0.10123687E+001  0.41064378E+002
  0.49048015E-002  0.57122007E-001  0.10123823E+001  0.41064407E+002
  0.49048100E-002  0.57123096E-001  0.10123950E+001  0.41064425E+002
  0.49048163E-002  0.57124080E-001  0.10124068E+001  0.41064432E+002
  0.49048207E-002  0.57124959E-001  0.10124177E+001  0.41064429E+002
  0.49048232E-002  0.57125735E-001  0.10124276E+001  0.41064414E+002
  0.49048238E-002  0.57126409E-001  0.10124366E+001  0.41064387E+002
  0.49048228E-002  0.57126985E-001  0.10124447E+001  0.41064349E+002
  0.49048203E-002  0.57127467E-001  0.10124519E+001  0.41064299E+002
  0.49048163E-002  0.57127858E-001  0.10124582E+001  0.41064238E+002
  0.49048111E-002  0.57128162E-001  0.10124637E+001  0.41064165E+002
  0.49048048E-002  0.57128386E-001  0.10124683E+001  0.41064081E+002
  0.49047975E-002  0.57128534E-001  0.10124721E+001  0.41063987E+002
  0.49047894E-002  0.57128612E-001  0.10124752E+001  0.41063882E+002
  0.49047807E-002  0.57128626E-001  0.10124776E+001  0.41063767E+002
  0.49047715E-002  0.57128580E-001  0.10124793E+001  0.41063643E+002
  0.49047619E-002  0.57128482E-001  0.10124804E+001  0.41063509E+002
  0.49047521E-002  0.57128336E-001  0.10124809E+001  0.41063368E+002
  0.49047422E-002  0.57128149E-001  0.10124808E+001  0.41063218E+002
  0.49047323E-002  0.57127925E-001  0.10124803E+001  0.41063061E+002
  0.49047226E-002  0.57127671E-001  0.10124792E+001  0.41062897E+002
  0.49047130E-002  0.57127390E-001  0.10124778E+001  0.41062726E+002
  0.49047038E-002  0.57127087E-001  0.10124760E+001  0.41062549E+002
  0.49046950E-002  0.57126768E-001  0.10124738E+001  0.41062367E+002
  0.49046866E-002  0.57126436E-001  0.10124713E+001  0.41062180E+002
  0.49046787E-002  0.57126095E-001  0.10124686E+001  0.41061988E+002
  0.49046713E-002  0.57125749E-001  0.10124657E+001  0.41061792E+002
  0.49046645E-002  0.57125400E-001  0.10124625E+001  0.41061592E+002
  0.49046583E-002  0.57125051E-001  0.10124592E+001  0.41061389E+002
  0.49046527E-002  0.57124706E-001  0.10124557E+001  0.41061182E+002
  0.49046477E-002  0.57124365E-001  0.10124522E+001  0.41060972E+002
  0.49046433E-002  0.57124031E-001  0.10124485E+001  0.41060760E+002
  0.49046395E-002  0.57123707E-001  0.10124448E+001  0.41060546E+002
  0.49046362E-002  0.57123392E-001  0.10124411E+001  0.41060329E+002
  0.49046335E-002  0.57123088E-001  0.10124374E+001  0.41060111E+002
  0.49046313E-002  0.57122796E-001  0.10124336E+001  0.41059891E+002
  0.49046296E-002  0.57122516E-001  0.10124299E+001  0.41059670E+002
  0.49046284E-002  0.57122250E-001  0.10124262E+001  0.41059447E+002
  0.49046276E-002  0.57121997E-001  0.10124226E+001  0.41059223E+002
  0.49046272E-002  0.57121757E-001  0.10124190E+001  0.41058999E+002
  0.49046271E-002  0.57121530E-001  0.10124155E+001  0.41058773E+002
  0.49046274E-002  0.57121317E-001  0.10124121E+001  0.41058547E+002
  0.49046279E-002  0.57121117E-001  0.10124088E+001  0.41058320E+002
  0.49046287E-002  0.57120930E-001  0.10124056E+001  0.41058093E+002
  0.49046298E-002  0.57120754E-001  0.10124025E+001  0.41057865E+002
  0.49046310E-002  0.57120591E-001  0.10123994E+001  0.41057637E+002
  0.49046323E-002  0.57120438E-001  0.10123965E+001  0.41057409E+002
  0.49046338E-002  0.57120297E-001  0.10123937E+001  0.41057181E+002
  0.49046354E-002  0.57120165E-001  0.10123910E+001  0.41056953E+002
  0.49046370E-002  0.57120043E-001  0.10123885E+001  0.41056726E+002
  0.49046387E-002  0.57119930E-001  0.10123860E+001  0.41056498E+002
  0.49046405E-002  0.57119825E-001  0.10123836E+001  0.41056271E+002
  0.49046422E-002  0.57119727E-001  0.10123814E+001  0.41056044E+002
  0.49046440E-002  0.57119637E-001  0.10123792E+001  0.41055818E+002
  0.49046457E-002  0.57119552E-001  0.10123771E+001  0.41055593E+002
  0.49046474E-002  0.57119474E-001  0.10123752E+001  0.41055368E+002
  0.49046491E-002  0.57119401E-001  0.10123733E+001  0.41055144E+002
  0.49046507E-002  0.57119332E-001  0.10123715E+001  0.41054921E+002
  0.49046522E-002  0.57119267E-001  0.10123698E+001  0.41054699E+002
  0.49046537E-002  0.57119207E-001  0.10123682E+001  0.41054478E+002
  0.49046551E-002  0.57119149E-001  0.10123666E+001  0.41054258E+002
  0.49046565E-002  0.57119094E-001  0.10123652E+001  0.41054040E+002
  0.49046578E-002  0.57119041E-001  0.10123637E+001  0.41053823E+002
  0.49046590E-002  0.57118991E-001  0.10123624E+001  0.41053607E+002
  0.49046601E-002  0.57118942E-001  0.10123611E+001  0.41053393E+002
  0.49046611E-002  0.57118894E-001  0.10123598E+001  0.41053181E+002
  0.49046621E-002  0.57118847E-001  0.10123586E+001  0.41052970E+002
  0.49046630E-002  0.57118801E-001  0.10123575E+001  0.41052761E+002
  0.49046639E-002  0.57118755E-001  0.10123563E+001  0.41052554E+002
  0.49046646E-002  0.57118710E-001  0.10123552E+001  0.41052349E+002
  0.49046653E-002  0.57118665E-001  0.10123542E+001  0.41052146E+002
  0.49046660E-002  0.57118620E-001  0.10123531E+001  0.41051945E+002
  0.49046666E-002  0.57118575E-001  0.10123521E+001  0.41051746E+002
  0.49046671E-002  0.57118530E-001  0.10123511E+001  0.41051549E+002
  0.49046676E-002  0.57118485E-001  0.10123501E+001  0.41051355E+002
  0.49046680E-002  0.57118439E-001  0.10123492E+001  0.41051163E+002
  0.49046684E-002  0.57118393E-001  0.10123482E+001  0.41050974E+002
  0.49046687E-002  0.57118346E-001  0.10123473E+001  0.41050787E+002
  0.49046690E-002  0.57118299E-001  0.10123464E+001  0.41050602E+002
  0.49046693E-002  0.57118252E-001  0.10123455E+001  0.41050421E+002
  0.49046696E-002  0.57118204E-001  0.10123446E+001  0.41050242E+002
  0.49046698E-002  0.57118156E-001  0.10123437E+001  0.41050065E+002
  0.49046700E-002  0.57118108E-001  0.10123428E+001  0.41049891E+002
  0.49046702E-002  0.57118059E-001  0.10123419E+001  0.41049720E+002
  0.49046704E-002  0.57118011E-001  0.10123410E+001  0.41049552E+002
  0.49046705E-002  0.57117962E-001  0.10123402E+001  0.41049387E+002
  0.49046707E-002  0.57117913E-001  0.10123393E+001  0.41049224E+002
  0.49046708E-002  0.57117865E-001  0.10123384E+001  0.41049065E+002
  0.49046710E-002  0.57117816E-001  0.10123376E+001  0.41048908E+002
  0.49046711E-002  0.57117768E-001  0.10123367E+001  0.41048754E+002
  0.49046712E-002  0.57117721E-001  0.10123359E+001  0.41048604E+002
  0.49046714E-002  0.57117674E-001  0.10123351E+001  0.41048456E+002
  0.49046715E-002  0.57117627E-001  0.10123343E+001  0.41048311E+002
  0.49046717E-002  0.57117582E-001  0.10123335E+001  0.41048169E+002
  0.49046718E-002  0.57117537E-001  0.10123327E+001  0.41048030E+002
  0.49046720E-002  0.57117493E-001  0.10123319E+001  0.41047894E+002
  0.49046721E-002  0.57117451E-001  0.10123311E+001  0.41047761E+002
  0.49046723E-002  0.57117409E-001  0.10123304E+001  0.41047631E+002
  0.49046725E-002  0.57117369E-001  0.10123297E+001  0.41047504E+002
  0.49046727E-002  0.57117330E-001  0.10123289E+001  0.41047380E+002
  0.49046729E-002  0.57117293E-001  0.10123282E+001  0.41047258E+002
  0.49046731E-002  0.57117257E-001  0.10123276E+001  0.41047140E+002
  0.49046733E-002  0.57117222E-001  0.10123269E+001  0.41047025E+002
  0.49046735E-002  0.57117189E-001  0.10123263E+001  0.41046912E+002
  0.49046737E-002  0.57117157E-001  0.10123257E+001  0.41046803E+002
  0.49046739E-002  0.57117127E-001  0.10123251E+001  0.41046697E+002
  0.49046741E-002  0.57117097E-001  0.10123246E+001  0.41046594E+002
