  0.42099906E+000
  0.42095067E+000
  0.42093261E+000
  0.42092470E+000
  0.42092102E+000
  0.42091964E+000
  0.42091971E+000
  0.42092079E+000
  0.42092257E+000
  0.42092483E+000
  0.42092742E+000
  0.42093023E+000
  0.42093316E+000
  0.42093616E+000
  0.42093919E+000
  0.42094221E+000
  0.42094520E+000
  0.42094815E+000
  0.42095106E+000
  0.42095393E+000
  0.42095675E+000
  0.42095952E+000
  0.42096225E+000
  0.42096495E+000
  0.42096760E+000
  0.42097023E+000
  0.42097282E+000
  0.42097539E+000
  0.42097792E+000
  0.42098042E+000
  0.42098288E+000
  0.42098531E+000
  0.42098770E+000
  0.42099004E+000
  0.42099232E+000
  0.42099453E+000
  0.42099667E+000
  0.42099873E+000
  0.42100070E+000
  0.42100256E+000
  0.42100431E+000
  0.42100594E+000
  0.42100743E+000
  0.42100879E+000
  0.42101000E+000
  0.42101107E+000
  0.42101199E+000
  0.42101275E+000
  0.42101337E+000
  0.42101384E+000
  0.42101417E+000
  0.42101436E+000
  0.42101443E+000
  0.42101437E+000
  0.42101420E+000
  0.42101393E+000
  0.42101357E+000
  0.42101313E+000
  0.42101261E+000
  0.42101203E+000
  0.42101139E+000
  0.42101071E+000
  0.42100999E+000
  0.42100924E+000
  0.42100846E+000
  0.42100767E+000
  0.42100687E+000
  0.42100606E+000
  0.42100526E+000
  0.42100445E+000
  0.42100365E+000
  0.42100287E+000
  0.42100209E+000
  0.42100134E+000
  0.42100060E+000
  0.42099988E+000
  0.42099919E+000
  0.42099852E+000
  0.42099787E+000
  0.42099725E+000
  0.42099666E+000
  0.42099609E+000
  0.42099556E+000
  0.42099505E+000
  0.42099457E+000
  0.42099413E+000
  0.42099371E+000
  0.42099332E+000
  0.42099297E+000
  0.42099265E+000
  0.42099235E+000
  0.42099209E+000
  0.42099186E+000
  0.42099166E+000
  0.42099149E+000
  0.42099135E+000
  0.42099123E+000
  0.42099114E+000
  0.42099108E+000
  0.42099105E+000
  0.42099104E+000
  0.42099105E+000
  0.42099108E+000
  0.42099113E+000
  0.42099120E+000
  0.42099129E+000
  0.42099139E+000
  0.42099151E+000
  0.42099164E+000
  0.42099178E+000
  0.42099193E+000
  0.42099209E+000
  0.42099226E+000
  0.42099243E+000
  0.42099260E+000
  0.42099278E+000
  0.42099296E+000
  0.42099314E+000
  0.42099333E+000
  0.42099351E+000
  0.42099369E+000
  0.42099387E+000
  0.42099404E+000
  0.42099422E+000
  0.42099439E+000
  0.42099456E+000
  0.42099472E+000
  0.42099488E+000
  0.42099503E+000
  0.42099518E+000
  0.42099532E+000
  0.42099546E+000
  0.42099560E+000
  0.42099573E+000
  0.42099585E+000
  0.42099597E+000
  0.42099609E+000
  0.42099620E+000
  0.42099631E+000
  0.42099641E+000
  0.42099651E+000
  0.42099660E+000
  0.42099669E+000
  0.42099678E+000
  0.42099686E+000
  0.42099694E+000
  0.42099701E+000
  0.42099709E+000
  0.42099715E+000
  0.42099722E+000
  0.42099728E+000
  0.42099734E+000
  0.42099740E+000
  0.42099746E+000
  0.42099751E+000
  0.42099756E+000
  0.42099761E+000
  0.42099766E+000
  0.42099770E+000
  0.42099774E+000
  0.42099779E+000
  0.42099783E+000
  0.42099787E+000
  0.42099790E+000
  0.42099794E+000
  0.42099798E+000
  0.42099801E+000
  0.42099805E+000
  0.42099808E+000
  0.42099811E+000
  0.42099814E+000
  0.42099817E+000
  0.42099820E+000
  0.42099823E+000
  0.42099826E+000
  0.42099829E+000
  0.42099832E+000
  0.42099835E+000
  0.42099837E+000
  0.42099840E+000
  0.42099842E+000
  0.42099845E+000
  0.42099847E+000
  0.42099850E+000
  0.42099852E+000
  0.42099855E+000
  0.42099857E+000
  0.42099859E+000
  0.42099861E+000
  0.42099864E+000
  0.42099866E+000
  0.42099868E+000
  0.42099870E+000
  0.42099872E+000
  0.42099873E+000
  0.42099875E+000
  0.42099877E+000
  0.42099878E+000
  0.42099880E+000
  0.42099881E+000
