  0.63003212E+000  0.11260882E+000  0.16435917E+000  0.77699621E+000
  0.63033204E+000  0.11232293E+000  0.16411464E+000  0.77703316E+000
  0.63031859E+000  0.11232982E+000  0.16408826E+000  0.77699388E+000
  0.63033352E+000  0.11231291E+000  0.16388458E+000  0.77716789E+000
  0.63032412E+000  0.11234821E+000  0.16386075E+000  0.77715112E+000
  0.63031701E+000  0.11236687E+000  0.16369156E+000  0.77730321E+000
  0.63031654E+000  0.11302521E+000  0.16174347E+000  0.77859371E+000
  0.63031310E+000  0.11302343E+000  0.16161930E+000  0.77872742E+000
  0.63032312E+000  0.11303770E+000  0.16171856E+000  0.77812229E+000
  0.63032187E+000  0.11303587E+000  0.16171969E+000  0.77813076E+000
  0.63032131E+000  0.11303412E+000  0.16159269E+000  0.77876167E+000
  0.63032664E+000  0.11304102E+000  0.16158000E+000  0.77877335E+000
  0.63032717E+000  0.11303940E+000  0.16145406E+000  0.77891212E+000
  0.63032815E+000  0.11303821E+000  0.16143710E+000  0.77894129E+000
  0.63033174E+000  0.11303456E+000  0.16143839E+000  0.77895216E+000
  0.63034088E+000  0.11302560E+000  0.16142084E+000  0.77898159E+000
  0.63034286E+000  0.11302413E+000  0.16140120E+000  0.77901270E+000
  0.63034508E+000  0.11302273E+000  0.16096154E+000  0.77946334E+000
  0.63034753E+000  0.11302139E+000  0.16096291E+000  0.77947252E+000
  0.63035016E+000  0.11302012E+000  0.16094044E+000  0.77950507E+000
  0.63035297E+000  0.11301893E+000  0.16094172E+000  0.77951345E+000
  0.63035593E+000  0.11301783E+000  0.16094294E+000  0.77952147E+000
  0.63035903E+000  0.11301759E+000  0.16094335E+000  0.77952914E+000
  0.63036224E+000  0.11301669E+000  0.16094446E+000  0.77953649E+000
  0.63036557E+000  0.11301588E+000  0.16091811E+000  0.77957096E+000
  0.63036898E+000  0.11301517E+000  0.16091914E+000  0.77957773E+000
  0.63037246E+000  0.11301457E+000  0.16092012E+000  0.77958423E+000
  0.63037601E+000  0.11301408E+000  0.16092106E+000  0.77959048E+000
  0.63037961E+000  0.11301371E+000  0.16092196E+000  0.77959649E+000
  0.63038323E+000  0.11301346E+000  0.16092281E+000  0.77960226E+000
  0.63038687E+000  0.11301334E+000  0.16092362E+000  0.77960781E+000
  0.63039052E+000  0.11301333E+000  0.16092439E+000  0.77961312E+000
  0.63039414E+000  0.11301345E+000  0.16092511E+000  0.77961819E+000
  0.63039774E+000  0.11301369E+000  0.16092579E+000  0.77962302E+000
  0.63040128E+000  0.11301405E+000  0.16092643E+000  0.77962760E+000
  0.63040477E+000  0.11301452E+000  0.16095446E+000  0.77960448E+000
  0.63040817E+000  0.11301511E+000  0.16095501E+000  0.77960851E+000
  0.63041148E+000  0.11301580E+000  0.16095550E+000  0.77961225E+000
  0.63041469E+000  0.11301657E+000  0.16095597E+000  0.77961567E+000
  0.63041778E+000  0.11301744E+000  0.16095636E+000  0.77961876E+000
  0.63042074E+000  0.11301763E+000  0.16095748E+000  0.77962149E+000
  0.63042355E+000  0.11301866E+000  0.16095776E+000  0.77962387E+000
  0.63042621E+000  0.11301975E+000  0.16095800E+000  0.77962587E+000
  0.63042872E+000  0.11302089E+000  0.16095817E+000  0.77962748E+000
  0.63043106E+000  0.11302207E+000  0.16095829E+000  0.77962870E+000
  0.63043323E+000  0.11302328E+000  0.16095835E+000  0.77962952E+000
  0.63043523E+000  0.11302451E+000  0.16095835E+000  0.77962995E+000
  0.63043705E+000  0.11302575E+000  0.16095831E+000  0.77962999E+000
  0.63043870E+000  0.11302700E+000  0.16095821E+000  0.77962966E+000
  0.63044018E+000  0.11302824E+000  0.16095807E+000  0.77962896E+000
  0.63044149E+000  0.11302947E+000  0.16095789E+000  0.77962792E+000
  0.63044262E+000  0.11303068E+000  0.16095767E+000  0.77962657E+000
  0.63044360E+000  0.11303187E+000  0.16095742E+000  0.77962491E+000
  0.63044442E+000  0.11303302E+000  0.16095714E+000  0.77962299E+000
  0.63044508E+000  0.11303414E+000  0.16098065E+000  0.77959702E+000
  0.63044561E+000  0.11303523E+000  0.16098034E+000  0.77959465E+000
  0.63044599E+000  0.11303626E+000  0.16098002E+000  0.77959210E+000
  0.63044624E+000  0.11303726E+000  0.16097970E+000  0.77958940E+000
  0.63044637E+000  0.11303820E+000  0.16097938E+000  0.77958658E+000
  0.63044638E+000  0.11303910E+000  0.16097907E+000  0.77958366E+000
  0.63044628E+000  0.11303994E+000  0.16097876E+000  0.77958068E+000
  0.63044607E+000  0.11304073E+000  0.16097847E+000  0.77957766E+000
  0.63044576E+000  0.11304147E+000  0.16097820E+000  0.77957462E+000
  0.63044536E+000  0.11304215E+000  0.16097794E+000  0.77957159E+000
  0.63044488E+000  0.11304278E+000  0.16097770E+000  0.77956859E+000
  0.63044431E+000  0.11304336E+000  0.16097749E+000  0.77956563E+000
  0.63044366E+000  0.11304389E+000  0.16097730E+000  0.77956274E+000
  0.63044294E+000  0.11304436E+000  0.16097712E+000  0.77955993E+000
  0.63044215E+000  0.11304479E+000  0.16097697E+000  0.77955720E+000
  0.63044130E+000  0.11304517E+000  0.16097685E+000  0.77955458E+000
  0.63044040E+000  0.11304550E+000  0.16097674E+000  0.77955208E+000
  0.63043944E+000  0.11304580E+000  0.16097664E+000  0.77954969E+000
  0.63043843E+000  0.11304605E+000  0.16097657E+000  0.77954743E+000
  0.63043738E+000  0.11304626E+000  0.16141764E+000  0.77910416E+000
  0.63043629E+000  0.11304645E+000  0.16141759E+000  0.77910216E+000
  0.63043518E+000  0.11304660E+000  0.16141755E+000  0.77910030E+000
  0.63043403E+000  0.11304672E+000  0.16141751E+000  0.77909857E+000
  0.63043287E+000  0.11304682E+000  0.16141749E+000  0.77909699E+000
  0.63043169E+000  0.11304690E+000  0.16141746E+000  0.77909553E+000
  0.63043049E+000  0.11304695E+000  0.16141743E+000  0.77909421E+000
  0.63042929E+000  0.11304700E+000  0.16141741E+000  0.77909303E+000
  0.63042810E+000  0.11304702E+000  0.16141738E+000  0.77909196E+000
  0.63042690E+000  0.11304704E+000  0.16141735E+000  0.77909103E+000
  0.63042572E+000  0.11304705E+000  0.16141731E+000  0.77909021E+000
  0.63042455E+000  0.11304706E+000  0.16141727E+000  0.77908951E+000
  0.63042340E+000  0.11304705E+000  0.16141722E+000  0.77908892E+000
  0.63042228E+000  0.11304705E+000  0.16141717E+000  0.77908844E+000
  0.63042118E+000  0.11304705E+000  0.16141712E+000  0.77908805E+000
  0.63042012E+000  0.11304704E+000  0.16141706E+000  0.77908776E+000
  0.63041909E+000  0.11304703E+000  0.16141700E+000  0.77908756E+000
  0.63041810E+000  0.11304703E+000  0.16141694E+000  0.77908744E+000
  0.63041715E+000  0.11304703E+000  0.16141688E+000  0.77908740E+000
  0.63041625E+000  0.11304703E+000  0.16141683E+000  0.77908743E+000
  0.63041540E+000  0.11304704E+000  0.16141678E+000  0.77908753E+000
  0.63041459E+000  0.11304705E+000  0.16141673E+000  0.77908768E+000
  0.63041384E+000  0.11304706E+000  0.16141669E+000  0.77908789E+000
  0.63041313E+000  0.11304708E+000  0.16141666E+000  0.77908815E+000
  0.63041248E+000  0.11304710E+000  0.16141665E+000  0.77908845E+000
  0.63041189E+000  0.11304712E+000  0.16141664E+000  0.77908878E+000
  0.63041135E+000  0.11304715E+000  0.16141664E+000  0.77908915E+000
  0.63041086E+000  0.11304718E+000  0.16141666E+000  0.77908954E+000
  0.63041042E+000  0.11304721E+000  0.16141669E+000  0.77908996E+000
  0.63041004E+000  0.11304725E+000  0.16141674E+000  0.77909039E+000
  0.63040970E+000  0.11304729E+000  0.16141679E+000  0.77909083E+000
  0.63040942E+000  0.11304734E+000  0.16141686E+000  0.77909129E+000
  0.63040918E+000  0.11304739E+000  0.16141694E+000  0.77909175E+000
  0.63040899E+000  0.11304744E+000  0.16141703E+000  0.77909221E+000
  0.63040884E+000  0.11304749E+000  0.16141713E+000  0.77909267E+000
  0.63040874E+000  0.11304755E+000  0.16141724E+000  0.77909313E+000
  0.63040867E+000  0.11304761E+000  0.16141735E+000  0.77909359E+000
  0.63040864E+000  0.11304767E+000  0.16141748E+000  0.77909403E+000
  0.63040865E+000  0.11304774E+000  0.16141760E+000  0.77909447E+000
  0.63040868E+000  0.11304781E+000  0.16141774E+000  0.77909490E+000
  0.63040875E+000  0.11304787E+000  0.16141787E+000  0.77909531E+000
  0.63040885E+000  0.11304794E+000  0.16141800E+000  0.77909571E+000
  0.63040897E+000  0.11304801E+000  0.16141814E+000  0.77909610E+000
  0.63040911E+000  0.11304808E+000  0.16141828E+000  0.77909648E+000
  0.63040927E+000  0.11304815E+000  0.16141841E+000  0.77909684E+000
  0.63040945E+000  0.11304822E+000  0.16141854E+000  0.77909719E+000
  0.63040965E+000  0.11304829E+000  0.16097750E+000  0.77953869E+000
  0.63040986E+000  0.11304836E+000  0.16097762E+000  0.77953901E+000
  0.63041008E+000  0.11304843E+000  0.16097775E+000  0.77953932E+000
  0.63041032E+000  0.11304849E+000  0.16097786E+000  0.77953961E+000
  0.63041056E+000  0.11304856E+000  0.16097797E+000  0.77953988E+000
  0.63041080E+000  0.11304862E+000  0.16097808E+000  0.77954015E+000
  0.63041106E+000  0.11304868E+000  0.16097818E+000  0.77954040E+000
  0.63041131E+000  0.11304873E+000  0.16097828E+000  0.77954064E+000
  0.63041157E+000  0.11304879E+000  0.16097837E+000  0.77954087E+000
  0.63041183E+000  0.11304884E+000  0.16097845E+000  0.77954109E+000
  0.63041209E+000  0.11304889E+000  0.16097854E+000  0.77954129E+000
  0.63041235E+000  0.11304894E+000  0.16097861E+000  0.77954149E+000
  0.63041261E+000  0.11304898E+000  0.16097868E+000  0.77954167E+000
  0.63041287E+000  0.11304903E+000  0.16097875E+000  0.77954185E+000
  0.63041312E+000  0.11304907E+000  0.16097881E+000  0.77954201E+000
  0.63041336E+000  0.11304910E+000  0.16097887E+000  0.77954217E+000
  0.63041361E+000  0.11304914E+000  0.16097893E+000  0.77954232E+000
  0.63041384E+000  0.11304917E+000  0.16097898E+000  0.77954247E+000
  0.63041407E+000  0.11304920E+000  0.16097902E+000  0.77954260E+000
  0.63041430E+000  0.11304923E+000  0.16097907E+000  0.77954273E+000
  0.63041452E+000  0.11304926E+000  0.16097911E+000  0.77954285E+000
  0.63041473E+000  0.11304929E+000  0.16097915E+000  0.77954296E+000
  0.63041493E+000  0.11304931E+000  0.16097919E+000  0.77954307E+000
  0.63041513E+000  0.11304934E+000  0.16097922E+000  0.77954317E+000
  0.63041532E+000  0.11304936E+000  0.16097925E+000  0.77954327E+000
  0.63041550E+000  0.11304938E+000  0.16097929E+000  0.77954336E+000
  0.63041568E+000  0.11304941E+000  0.16097931E+000  0.77954345E+000
  0.63041585E+000  0.11304943E+000  0.16097934E+000  0.77954353E+000
  0.63041601E+000  0.11304945E+000  0.16097937E+000  0.77954361E+000
  0.63041617E+000  0.11304946E+000  0.16097939E+000  0.77954369E+000
  0.63041632E+000  0.11304948E+000  0.16097942E+000  0.77954376E+000
  0.63041646E+000  0.11304950E+000  0.16097944E+000  0.77954382E+000
  0.63041660E+000  0.11304952E+000  0.16097946E+000  0.77954389E+000
  0.63041673E+000  0.11304954E+000  0.16097949E+000  0.77954395E+000
  0.63041685E+000  0.11304955E+000  0.16097951E+000  0.77954401E+000
  0.63041697E+000  0.11304957E+000  0.16097953E+000  0.77954406E+000
  0.63041709E+000  0.11304959E+000  0.16097955E+000  0.77954411E+000
  0.63041720E+000  0.11304960E+000  0.16097957E+000  0.77954416E+000
  0.63041731E+000  0.11304962E+000  0.16097959E+000  0.77954421E+000
  0.63041741E+000  0.11304963E+000  0.16097960E+000  0.77954425E+000
  0.63041751E+000  0.11304965E+000  0.16097962E+000  0.77954430E+000
  0.63041761E+000  0.11304966E+000  0.16097964E+000  0.77954434E+000
  0.63041770E+000  0.11304967E+000  0.16097966E+000  0.77954438E+000
  0.63041779E+000  0.11304969E+000  0.16097967E+000  0.77954441E+000
  0.63041787E+000  0.11304970E+000  0.16097969E+000  0.77954445E+000
  0.63041796E+000  0.11304971E+000  0.16097971E+000  0.77954448E+000
  0.63041804E+000  0.11304973E+000  0.16097972E+000  0.77954452E+000
  0.63041812E+000  0.11304974E+000  0.16097974E+000  0.77954455E+000
  0.63041820E+000  0.11304975E+000  0.16097975E+000  0.77954458E+000
  0.63041828E+000  0.11304976E+000  0.16097977E+000  0.77954461E+000
  0.63041835E+000  0.11304977E+000  0.16097978E+000  0.77954464E+000
  0.63041842E+000  0.11304978E+000  0.16097980E+000  0.77954466E+000
  0.63041850E+000  0.11304979E+000  0.16097981E+000  0.77954469E+000
  0.63041857E+000  0.11304980E+000  0.16097983E+000  0.77954471E+000
  0.63041864E+000  0.11304981E+000  0.16097984E+000  0.77954474E+000
  0.63041871E+000  0.11304982E+000  0.16097985E+000  0.77954476E+000
  0.63041878E+000  0.11304983E+000  0.16097987E+000  0.77954478E+000
  0.63041885E+000  0.11304984E+000  0.16097988E+000  0.77954480E+000
  0.63041891E+000  0.11304985E+000  0.16097989E+000  0.77954482E+000
  0.63041898E+000  0.11304985E+000  0.16097991E+000  0.77954484E+000
  0.63041905E+000  0.11304986E+000  0.16097992E+000  0.77954486E+000
  0.63041911E+000  0.11304987E+000  0.16097993E+000  0.77954488E+000
  0.63041918E+000  0.11304988E+000  0.16097994E+000  0.77954490E+000
  0.63041924E+000  0.11304988E+000  0.16097995E+000  0.77954492E+000
  0.63041931E+000  0.11304989E+000  0.16097996E+000  0.77954493E+000
  0.63041937E+000  0.11304990E+000  0.16097997E+000  0.77954495E+000
  0.63041943E+000  0.11304990E+000  0.16097998E+000  0.77954497E+000
  0.63041949E+000  0.11304991E+000  0.16097999E+000  0.77954498E+000
  0.63041955E+000  0.11304991E+000  0.16098000E+000  0.77954499E+000
  0.63041961E+000  0.11304992E+000  0.16098001E+000  0.77954501E+000
  0.63041967E+000  0.11304992E+000  0.16098002E+000  0.77954502E+000
  0.63041973E+000  0.11304993E+000  0.16098003E+000  0.77954503E+000
  0.63041979E+000  0.11304994E+000  0.16098004E+000  0.77954504E+000
  0.63041984E+000  0.11304994E+000  0.16098005E+000  0.77954505E+000
  0.63041989E+000  0.11304995E+000  0.16098006E+000  0.77954506E+000
  0.63041995E+000  0.11304995E+000  0.16098006E+000  0.77954507E+000
  0.63042000E+000  0.11304996E+000  0.16098007E+000  0.77954508E+000
  0.63042004E+000  0.11304996E+000  0.16098008E+000  0.77954508E+000
  0.63042009E+000  0.11304997E+000  0.16098008E+000  0.77954509E+000
  0.63042014E+000  0.11304997E+000  0.16098009E+000  0.77954509E+000
  0.63042018E+000  0.11304997E+000  0.16098010E+000  0.77954510E+000
