 -0.51982404E-001  0.47365254E-002  0.44192679E+000  0.12893155E+001
 -0.51980518E-001  0.47356575E-002  0.44190182E+000  0.12891459E+001
 -0.51979225E-001  0.47352558E-002  0.44188627E+000  0.12890883E+001
 -0.51978193E-001  0.47350414E-002  0.44187481E+000  0.12890673E+001
 -0.51977388E-001  0.47349382E-002  0.44186640E+000  0.12890603E+001
 -0.51976765E-001  0.47349058E-002  0.44186035E+000  0.12890602E+001
 -0.51976292E-001  0.47349208E-002  0.44185618E+000  0.12890642E+001
 -0.51975943E-001  0.47349679E-002  0.44185352E+000  0.12890708E+001
 -0.51975699E-001  0.47350365E-002  0.44185208E+000  0.12890790E+001
 -0.51975541E-001  0.47351193E-002  0.44185164E+000  0.12890883E+001
 -0.51975456E-001  0.47352115E-002  0.44185199E+000  0.12890981E+001
 -0.51975431E-001  0.47353095E-002  0.44185299E+000  0.12891082E+001
 -0.51975457E-001  0.47354109E-002  0.44185452E+000  0.12891183E+001
 -0.51975524E-001  0.47355139E-002  0.44185647E+000  0.12891284E+001
 -0.51975625E-001  0.47356174E-002  0.44185876E+000  0.12891382E+001
 -0.51975755E-001  0.47357206E-002  0.44186133E+000  0.12891477E+001
 -0.51975907E-001  0.47358232E-002  0.44186412E+000  0.12891569E+001
 -0.51976078E-001  0.47359250E-002  0.44186710E+000  0.12891658E+001
 -0.51976264E-001  0.47360259E-002  0.44187022E+000  0.12891744E+001
 -0.51976462E-001  0.47361260E-002  0.44187346E+000  0.12891827E+001
 -0.51976670E-001  0.47362254E-002  0.44187680E+000  0.12891908E+001
 -0.51976884E-001  0.47363244E-002  0.44188022E+000  0.12891986E+001
 -0.51977105E-001  0.47364232E-002  0.44188370E+000  0.12892062E+001
 -0.51977329E-001  0.47365221E-002  0.44188722E+000  0.12892135E+001
 -0.51977557E-001  0.47366212E-002  0.44189079E+000  0.12892207E+001
 -0.51977787E-001  0.47367208E-002  0.44189438E+000  0.12892278E+001
 -0.51978019E-001  0.47368212E-002  0.44189799E+000  0.12892347E+001
 -0.51978252E-001  0.47369224E-002  0.44190160E+000  0.12892414E+001
 -0.51978486E-001  0.47370246E-002  0.44190522E+000  0.12892481E+001
 -0.51978720E-001  0.47371278E-002  0.44190882E+000  0.12892546E+001
 -0.51978955E-001  0.47372320E-002  0.44191240E+000  0.12892610E+001
 -0.51979190E-001  0.47373368E-002  0.44191595E+000  0.12892673E+001
 -0.51979425E-001  0.47374421E-002  0.44191946E+000  0.12892735E+001
 -0.51979661E-001  0.47375475E-002  0.44192291E+000  0.12892795E+001
 -0.51979898E-001  0.47376525E-002  0.44192629E+000  0.12892854E+001
 -0.51980134E-001  0.47377563E-002  0.44192960E+000  0.12892911E+001
 -0.51980371E-001  0.47378584E-002  0.44193281E+000  0.12892966E+001
 -0.51980608E-001  0.47379579E-002  0.44193591E+000  0.12893018E+001
 -0.51980846E-001  0.47380539E-002  0.44193889E+000  0.12893069E+001
 -0.51981083E-001  0.47381454E-002  0.44194174E+000  0.12893116E+001
 -0.51981321E-001  0.47382316E-002  0.44194444E+000  0.12893161E+001
 -0.51981558E-001  0.47383116E-002  0.44194698E+000  0.12893202E+001
 -0.51981795E-001  0.47383845E-002  0.44194936E+000  0.12893239E+001
 -0.51982030E-001  0.47384495E-002  0.44195156E+000  0.12893273E+001
 -0.51982264E-001  0.47385061E-002  0.44195357E+000  0.12893304E+001
 -0.51982497E-001  0.47385538E-002  0.44195539E+000  0.12893330E+001
 -0.51982726E-001  0.47385922E-002  0.44195702E+000  0.12893352E+001
 -0.51982953E-001  0.47386213E-002  0.44195846E+000  0.12893370E+001
 -0.51983175E-001  0.47386410E-002  0.44195969E+000  0.12893385E+001
 -0.51983393E-001  0.47386516E-002  0.44196074E+000  0.12893395E+001
 -0.51983605E-001  0.47386534E-002  0.44196160E+000  0.12893402E+001
 -0.51983810E-001  0.47386468E-002  0.44196228E+000  0.12893405E+001
 -0.51984008E-001  0.47386325E-002  0.44196278E+000  0.12893405E+001
 -0.51984198E-001  0.47386109E-002  0.44196311E+000  0.12893401E+001
 -0.51984378E-001  0.47385828E-002  0.44196328E+000  0.12893395E+001
 -0.51984548E-001  0.47385487E-002  0.44196329E+000  0.12893386E+001
 -0.51984706E-001  0.47385093E-002  0.44196317E+000  0.12893375E+001
 -0.51984852E-001  0.47384651E-002  0.44196291E+000  0.12893361E+001
 -0.51984985E-001  0.47384168E-002  0.44196253E+000  0.12893346E+001
 -0.51985105E-001  0.47383647E-002  0.44196203E+000  0.12893330E+001
 -0.51985210E-001  0.47383094E-002  0.44196142E+000  0.12893312E+001
 -0.51985300E-001  0.47382512E-002  0.44196072E+000  0.12893293E+001
 -0.51985374E-001  0.47381905E-002  0.44195992E+000  0.12893274E+001
 -0.51985433E-001  0.47381277E-002  0.44195904E+000  0.12893254E+001
 -0.51985477E-001  0.47380629E-002  0.44195809E+000  0.12893233E+001
 -0.51985504E-001  0.47379966E-002  0.44195706E+000  0.12893213E+001
 -0.51985516E-001  0.47379289E-002  0.44195598E+000  0.12893193E+001
 -0.51985512E-001  0.47378601E-002  0.44195484E+000  0.12893172E+001
 -0.51985492E-001  0.47377903E-002  0.44195364E+000  0.12893152E+001
 -0.51985458E-001  0.47377199E-002  0.44195241E+000  0.12893133E+001
 -0.51985409E-001  0.47376490E-002  0.44195114E+000  0.12893114E+001
 -0.51985347E-001  0.47375778E-002  0.44194983E+000  0.12893096E+001
 -0.51985272E-001  0.47375067E-002  0.44194850E+000  0.12893078E+001
 -0.51985184E-001  0.47374356E-002  0.44194715E+000  0.12893061E+001
 -0.51985086E-001  0.47373650E-002  0.44194578E+000  0.12893045E+001
 -0.51984976E-001  0.47372948E-002  0.44194441E+000  0.12893030E+001
 -0.51984858E-001  0.47372255E-002  0.44194303E+000  0.12893015E+001
 -0.51984731E-001  0.47371570E-002  0.44194165E+000  0.12893001E+001
 -0.51984596E-001  0.47370897E-002  0.44194028E+000  0.12892989E+001
 -0.51984455E-001  0.47370236E-002  0.44193891E+000  0.12892977E+001
 -0.51984310E-001  0.47369590E-002  0.44193757E+000  0.12892966E+001
 -0.51984159E-001  0.47368961E-002  0.44193624E+000  0.12892955E+001
 -0.51984006E-001  0.47368350E-002  0.44193494E+000  0.12892946E+001
 -0.51983851E-001  0.47367759E-002  0.44193367E+000  0.12892938E+001
 -0.51983694E-001  0.47367189E-002  0.44193243E+000  0.12892930E+001
 -0.51983538E-001  0.47366642E-002  0.44193122E+000  0.12892923E+001
 -0.51983382E-001  0.47366120E-002  0.44193006E+000  0.12892917E+001
 -0.51983228E-001  0.47365623E-002  0.44192893E+000  0.12892912E+001
 -0.51983076E-001  0.47365154E-002  0.44192785E+000  0.12892907E+001
 -0.51982928E-001  0.47364712E-002  0.44192682E+000  0.12892904E+001
 -0.51982784E-001  0.47364300E-002  0.44192584E+000  0.12892901E+001
 -0.51982644E-001  0.47363917E-002  0.44192491E+000  0.12892899E+001
 -0.51982510E-001  0.47363565E-002  0.44192403E+000  0.12892897E+001
 -0.51982381E-001  0.47363244E-002  0.44192320E+000  0.12892897E+001
 -0.51982259E-001  0.47362954E-002  0.44192242E+000  0.12892897E+001
 -0.51982143E-001  0.47362695E-002  0.44192170E+000  0.12892897E+001
 -0.51982035E-001  0.47362466E-002  0.44192104E+000  0.12892898E+001
 -0.51981933E-001  0.47362268E-002  0.44192043E+000  0.12892900E+001
 -0.51981839E-001  0.47362101E-002  0.44191987E+000  0.12892902E+001
 -0.51981752E-001  0.47361962E-002  0.44191936E+000  0.12892905E+001
 -0.51981673E-001  0.47361851E-002  0.44191891E+000  0.12892909E+001
 -0.51981601E-001  0.47361767E-002  0.44191851E+000  0.12892913E+001
 -0.51981537E-001  0.47361709E-002  0.44191816E+000  0.12892917E+001
 -0.51981480E-001  0.47361676E-002  0.44191785E+000  0.12892921E+001
 -0.51981430E-001  0.47361665E-002  0.44191760E+000  0.12892926E+001
 -0.51981388E-001  0.47361675E-002  0.44191738E+000  0.12892932E+001
 -0.51981352E-001  0.47361704E-002  0.44191721E+000  0.12892937E+001
 -0.51981322E-001  0.47361751E-002  0.44191708E+000  0.12892943E+001
 -0.51981299E-001  0.47361814E-002  0.44191699E+000  0.12892948E+001
 -0.51981282E-001  0.47361891E-002  0.44191694E+000  0.12892954E+001
 -0.51981270E-001  0.47361980E-002  0.44191692E+000  0.12892960E+001
 -0.51981263E-001  0.47362079E-002  0.44191693E+000  0.12892966E+001
 -0.51981262E-001  0.47362187E-002  0.44191697E+000  0.12892973E+001
 -0.51981264E-001  0.47362303E-002  0.44191704E+000  0.12892979E+001
 -0.51981271E-001  0.47362424E-002  0.44191713E+000  0.12892985E+001
 -0.51981282E-001  0.47362548E-002  0.44191724E+000  0.12892991E+001
 -0.51981295E-001  0.47362676E-002  0.44191738E+000  0.12892997E+001
 -0.51981312E-001  0.47362804E-002  0.44191753E+000  0.12893002E+001
 -0.51981332E-001  0.47362933E-002  0.44191770E+000  0.12893008E+001
 -0.51981353E-001  0.47363061E-002  0.44191788E+000  0.12893014E+001
 -0.51981377E-001  0.47363187E-002  0.44191808E+000  0.12893019E+001
 -0.51981402E-001  0.47363310E-002  0.44191828E+000  0.12893024E+001
 -0.51981428E-001  0.47363429E-002  0.44191850E+000  0.12893029E+001
 -0.51981456E-001  0.47363544E-002  0.44191872E+000  0.12893034E+001
 -0.51981484E-001  0.47363655E-002  0.44191894E+000  0.12893039E+001
 -0.51981513E-001  0.47363760E-002  0.44191917E+000  0.12893043E+001
 -0.51981542E-001  0.47363860E-002  0.44191940E+000  0.12893048E+001
 -0.51981571E-001  0.47363955E-002  0.44191963E+000  0.12893052E+001
 -0.51981600E-001  0.47364043E-002  0.44191986E+000  0.12893056E+001
 -0.51981629E-001  0.47364126E-002  0.44192008E+000  0.12893060E+001
 -0.51981657E-001  0.47364203E-002  0.44192031E+000  0.12893064E+001
 -0.51981685E-001  0.47364273E-002  0.44192053E+000  0.12893067E+001
 -0.51981712E-001  0.47364339E-002  0.44192075E+000  0.12893071E+001
 -0.51981739E-001  0.47364398E-002  0.44192096E+000  0.12893074E+001
 -0.51981765E-001  0.47364453E-002  0.44192117E+000  0.12893077E+001
 -0.51981789E-001  0.47364502E-002  0.44192137E+000  0.12893080E+001
 -0.51981813E-001  0.47364546E-002  0.44192156E+000  0.12893083E+001
 -0.51981836E-001  0.47364586E-002  0.44192175E+000  0.12893086E+001
 -0.51981858E-001  0.47364621E-002  0.44192193E+000  0.12893089E+001
 -0.51981879E-001  0.47364653E-002  0.44192210E+000  0.12893091E+001
 -0.51981899E-001  0.47364680E-002  0.44192227E+000  0.12893094E+001
 -0.51981918E-001  0.47364705E-002  0.44192243E+000  0.12893096E+001
 -0.51981936E-001  0.47364726E-002  0.44192258E+000  0.12893098E+001
 -0.51981953E-001  0.47364744E-002  0.44192272E+000  0.12893100E+001
 -0.51981969E-001  0.47364760E-002  0.44192286E+000  0.12893102E+001
 -0.51981984E-001  0.47364774E-002  0.44192299E+000  0.12893104E+001
 -0.51981998E-001  0.47364786E-002  0.44192312E+000  0.12893106E+001
 -0.51982012E-001  0.47364796E-002  0.44192323E+000  0.12893108E+001
 -0.51982025E-001  0.47364805E-002  0.44192335E+000  0.12893110E+001
 -0.51982037E-001  0.47364812E-002  0.44192345E+000  0.12893111E+001
 -0.51982048E-001  0.47364819E-002  0.44192355E+000  0.12893113E+001
 -0.51982059E-001  0.47364824E-002  0.44192365E+000  0.12893115E+001
 -0.51982069E-001  0.47364830E-002  0.44192374E+000  0.12893116E+001
 -0.51982078E-001  0.47364834E-002  0.44192383E+000  0.12893118E+001
 -0.51982087E-001  0.47364838E-002  0.44192391E+000  0.12893119E+001
 -0.51982096E-001  0.47364842E-002  0.44192399E+000  0.12893120E+001
 -0.51982104E-001  0.47364846E-002  0.44192406E+000  0.12893122E+001
 -0.51982112E-001  0.47364851E-002  0.44192413E+000  0.12893123E+001
 -0.51982119E-001  0.47364855E-002  0.44192420E+000  0.12893124E+001
 -0.51982126E-001  0.47364859E-002  0.44192427E+000  0.12893125E+001
 -0.51982133E-001  0.47364864E-002  0.44192433E+000  0.12893126E+001
 -0.51982140E-001  0.47364869E-002  0.44192439E+000  0.12893127E+001
 -0.51982146E-001  0.47364874E-002  0.44192445E+000  0.12893128E+001
 -0.51982153E-001  0.47364880E-002  0.44192451E+000  0.12893129E+001
 -0.51982159E-001  0.47364886E-002  0.44192457E+000  0.12893130E+001
 -0.51982165E-001  0.47364892E-002  0.44192463E+000  0.12893131E+001
 -0.51982171E-001  0.47364899E-002  0.44192468E+000  0.12893132E+001
 -0.51982177E-001  0.47364907E-002  0.44192474E+000  0.12893133E+001
 -0.51982182E-001  0.47364915E-002  0.44192479E+000  0.12893134E+001
 -0.51982188E-001  0.47364923E-002  0.44192484E+000  0.12893135E+001
 -0.51982194E-001  0.47364932E-002  0.44192490E+000  0.12893135E+001
 -0.51982199E-001  0.47364941E-002  0.44192495E+000  0.12893136E+001
 -0.51982205E-001  0.47364950E-002  0.44192500E+000  0.12893137E+001
 -0.51982211E-001  0.47364960E-002  0.44192505E+000  0.12893138E+001
 -0.51982216E-001  0.47364970E-002  0.44192510E+000  0.12893138E+001
 -0.51982222E-001  0.47364980E-002  0.44192515E+000  0.12893139E+001
 -0.51982228E-001  0.47364991E-002  0.44192520E+000  0.12893140E+001
 -0.51982233E-001  0.47365002E-002  0.44192526E+000  0.12893140E+001
 -0.51982239E-001  0.47365013E-002  0.44192531E+000  0.12893141E+001
 -0.51982244E-001  0.47365024E-002  0.44192536E+000  0.12893141E+001
 -0.51982250E-001  0.47365035E-002  0.44192541E+000  0.12893142E+001
 -0.51982255E-001  0.47365046E-002  0.44192546E+000  0.12893143E+001
 -0.51982261E-001  0.47365057E-002  0.44192551E+000  0.12893143E+001
 -0.51982266E-001  0.47365068E-002  0.44192556E+000  0.12893144E+001
 -0.51982272E-001  0.47365078E-002  0.44192560E+000  0.12893144E+001
 -0.51982277E-001  0.47365089E-002  0.44192565E+000  0.12893145E+001
 -0.51982283E-001  0.47365100E-002  0.44192570E+000  0.12893145E+001
 -0.51982288E-001  0.47365110E-002  0.44192575E+000  0.12893146E+001
 -0.51982293E-001  0.47365120E-002  0.44192579E+000  0.12893146E+001
 -0.51982298E-001  0.47365129E-002  0.44192584E+000  0.12893146E+001
 -0.51982303E-001  0.47365139E-002  0.44192588E+000  0.12893147E+001
 -0.51982308E-001  0.47365148E-002  0.44192593E+000  0.12893147E+001
 -0.51982313E-001  0.47365156E-002  0.44192597E+000  0.12893148E+001
 -0.51982318E-001  0.47365164E-002  0.44192601E+000  0.12893148E+001
 -0.51982322E-001  0.47365172E-002  0.44192605E+000  0.12893148E+001
 -0.51982327E-001  0.47365180E-002  0.44192609E+000  0.12893149E+001
 -0.51982331E-001  0.47365187E-002  0.44192613E+000  0.12893149E+001
 -0.51982335E-001  0.47365193E-002  0.44192616E+000  0.12893149E+001
 -0.51982339E-001  0.47365200E-002  0.44192620E+000  0.12893150E+001
 -0.51982343E-001  0.47365206E-002  0.44192623E+000  0.12893150E+001
