 -0.16986735E-001
 -0.16988288E-001
 -0.16989153E-001
 -0.16989538E-001
 -0.16989594E-001
 -0.16989427E-001
 -0.16989113E-001
 -0.16988707E-001
 -0.16988252E-001
 -0.16987775E-001
 -0.16987299E-001
 -0.16986838E-001
 -0.16986403E-001
 -0.16985999E-001
 -0.16985630E-001
 -0.16985299E-001
 -0.16985004E-001
 -0.16984747E-001
 -0.16984524E-001
 -0.16984335E-001
 -0.16984177E-001
 -0.16984049E-001
 -0.16983947E-001
 -0.16983869E-001
 -0.16983814E-001
 -0.16983779E-001
 -0.16983762E-001
 -0.16983761E-001
 -0.16983774E-001
 -0.16983799E-001
 -0.16983836E-001
 -0.16983882E-001
 -0.16983937E-001
 -0.16983999E-001
 -0.16984066E-001
 -0.16984139E-001
 -0.16984217E-001
 -0.16984298E-001
 -0.16984382E-001
 -0.16984469E-001
 -0.16984557E-001
 -0.16984648E-001
 -0.16984739E-001
 -0.16984832E-001
 -0.16984925E-001
 -0.16985018E-001
 -0.16985112E-001
 -0.16985206E-001
 -0.16985299E-001
 -0.16985392E-001
 -0.16985484E-001
 -0.16985575E-001
 -0.16985665E-001
 -0.16985754E-001
 -0.16985840E-001
 -0.16985924E-001
 -0.16986006E-001
 -0.16986086E-001
 -0.16986162E-001
 -0.16986235E-001
 -0.16986305E-001
 -0.16986371E-001
 -0.16986433E-001
 -0.16986491E-001
 -0.16986545E-001
 -0.16986595E-001
 -0.16986640E-001
 -0.16986681E-001
 -0.16986717E-001
 -0.16986748E-001
 -0.16986776E-001
 -0.16986799E-001
 -0.16986817E-001
 -0.16986832E-001
 -0.16986843E-001
 -0.16986849E-001
 -0.16986853E-001
 -0.16986852E-001
 -0.16986849E-001
 -0.16986843E-001
 -0.16986835E-001
 -0.16986824E-001
 -0.16986811E-001
 -0.16986796E-001
 -0.16986780E-001
 -0.16986763E-001
 -0.16986744E-001
 -0.16986725E-001
 -0.16986706E-001
 -0.16986686E-001
 -0.16986666E-001
 -0.16986647E-001
 -0.16986628E-001
 -0.16986609E-001
 -0.16986591E-001
 -0.16986574E-001
 -0.16986558E-001
 -0.16986543E-001
 -0.16986529E-001
 -0.16986516E-001
 -0.16986504E-001
 -0.16986494E-001
 -0.16986484E-001
 -0.16986476E-001
 -0.16986469E-001
 -0.16986463E-001
 -0.16986458E-001
 -0.16986454E-001
 -0.16986452E-001
 -0.16986450E-001
 -0.16986449E-001
 -0.16986449E-001
 -0.16986450E-001
 -0.16986452E-001
 -0.16986454E-001
 -0.16986457E-001
 -0.16986460E-001
 -0.16986464E-001
 -0.16986469E-001
 -0.16986473E-001
 -0.16986478E-001
 -0.16986484E-001
 -0.16986489E-001
 -0.16986495E-001
 -0.16986501E-001
 -0.16986507E-001
 -0.16986513E-001
 -0.16986519E-001
 -0.16986525E-001
 -0.16986531E-001
 -0.16986537E-001
 -0.16986543E-001
 -0.16986549E-001
 -0.16986555E-001
 -0.16986560E-001
 -0.16986566E-001
 -0.16986571E-001
 -0.16986576E-001
 -0.16986582E-001
 -0.16986587E-001
 -0.16986591E-001
 -0.16986596E-001
 -0.16986601E-001
 -0.16986605E-001
 -0.16986609E-001
 -0.16986613E-001
 -0.16986617E-001
 -0.16986621E-001
 -0.16986625E-001
 -0.16986628E-001
 -0.16986632E-001
 -0.16986635E-001
 -0.16986638E-001
 -0.16986641E-001
 -0.16986644E-001
 -0.16986647E-001
 -0.16986649E-001
 -0.16986652E-001
 -0.16986654E-001
 -0.16986657E-001
 -0.16986659E-001
 -0.16986661E-001
 -0.16986663E-001
 -0.16986665E-001
 -0.16986667E-001
 -0.16986669E-001
 -0.16986671E-001
 -0.16986673E-001
 -0.16986675E-001
 -0.16986677E-001
 -0.16986678E-001
 -0.16986680E-001
 -0.16986681E-001
 -0.16986683E-001
 -0.16986685E-001
 -0.16986686E-001
 -0.16986688E-001
 -0.16986689E-001
 -0.16986691E-001
 -0.16986692E-001
 -0.16986693E-001
 -0.16986695E-001
 -0.16986696E-001
 -0.16986697E-001
 -0.16986699E-001
 -0.16986700E-001
 -0.16986701E-001
 -0.16986703E-001
 -0.16986704E-001
 -0.16986705E-001
 -0.16986706E-001
 -0.16986707E-001
 -0.16986708E-001
 -0.16986710E-001
 -0.16986711E-001
 -0.16986712E-001
 -0.16986713E-001
 -0.16986714E-001
 -0.16986715E-001
 -0.16986716E-001
