  0.43798579E+000
  0.43793896E+000
  0.43792177E+000
  0.43791424E+000
  0.43791062E+000
  0.43790907E+000
  0.43790882E+000
  0.43790950E+000
  0.43791082E+000
  0.43791261E+000
  0.43791472E+000
  0.43791707E+000
  0.43791957E+000
  0.43792216E+000
  0.43792482E+000
  0.43792750E+000
  0.43793020E+000
  0.43793290E+000
  0.43793559E+000
  0.43793826E+000
  0.43794092E+000
  0.43794357E+000
  0.43794620E+000
  0.43794882E+000
  0.43795142E+000
  0.43795401E+000
  0.43795658E+000
  0.43795915E+000
  0.43796169E+000
  0.43796422E+000
  0.43796672E+000
  0.43796920E+000
  0.43797164E+000
  0.43797403E+000
  0.43797638E+000
  0.43797867E+000
  0.43798089E+000
  0.43798303E+000
  0.43798508E+000
  0.43798703E+000
  0.43798887E+000
  0.43799058E+000
  0.43799217E+000
  0.43799362E+000
  0.43799493E+000
  0.43799609E+000
  0.43799710E+000
  0.43799796E+000
  0.43799867E+000
  0.43799923E+000
  0.43799965E+000
  0.43799994E+000
  0.43800009E+000
  0.43800012E+000
  0.43800004E+000
  0.43799986E+000
  0.43799958E+000
  0.43799921E+000
  0.43799877E+000
  0.43799826E+000
  0.43799770E+000
  0.43799708E+000
  0.43799642E+000
  0.43799573E+000
  0.43799501E+000
  0.43799427E+000
  0.43799351E+000
  0.43799274E+000
  0.43799197E+000
  0.43799120E+000
  0.43799043E+000
  0.43798967E+000
  0.43798891E+000
  0.43798817E+000
  0.43798744E+000
  0.43798673E+000
  0.43798604E+000
  0.43798537E+000
  0.43798472E+000
  0.43798409E+000
  0.43798349E+000
  0.43798292E+000
  0.43798237E+000
  0.43798185E+000
  0.43798135E+000
  0.43798089E+000
  0.43798045E+000
  0.43798005E+000
  0.43797968E+000
  0.43797933E+000
  0.43797902E+000
  0.43797874E+000
  0.43797849E+000
  0.43797827E+000
  0.43797808E+000
  0.43797792E+000
  0.43797779E+000
  0.43797769E+000
  0.43797761E+000
  0.43797756E+000
  0.43797754E+000
  0.43797754E+000
  0.43797756E+000
  0.43797761E+000
  0.43797767E+000
  0.43797775E+000
  0.43797785E+000
  0.43797797E+000
  0.43797809E+000
  0.43797823E+000
  0.43797838E+000
  0.43797854E+000
  0.43797871E+000
  0.43797888E+000
  0.43797906E+000
  0.43797924E+000
  0.43797942E+000
  0.43797961E+000
  0.43797980E+000
  0.43797998E+000
  0.43798017E+000
  0.43798035E+000
  0.43798053E+000
  0.43798071E+000
  0.43798089E+000
  0.43798106E+000
  0.43798123E+000
  0.43798140E+000
  0.43798156E+000
  0.43798171E+000
  0.43798186E+000
  0.43798201E+000
  0.43798215E+000
  0.43798228E+000
  0.43798241E+000
  0.43798254E+000
  0.43798266E+000
  0.43798278E+000
  0.43798289E+000
  0.43798300E+000
  0.43798310E+000
  0.43798320E+000
  0.43798329E+000
  0.43798338E+000
  0.43798347E+000
  0.43798355E+000
  0.43798363E+000
  0.43798371E+000
  0.43798378E+000
  0.43798385E+000
  0.43798391E+000
  0.43798398E+000
  0.43798404E+000
  0.43798410E+000
  0.43798415E+000
  0.43798421E+000
  0.43798426E+000
  0.43798431E+000
  0.43798436E+000
  0.43798440E+000
  0.43798445E+000
  0.43798449E+000
  0.43798453E+000
  0.43798457E+000
  0.43798461E+000
  0.43798465E+000
  0.43798468E+000
  0.43798472E+000
  0.43798475E+000
  0.43798479E+000
  0.43798482E+000
  0.43798485E+000
  0.43798489E+000
  0.43798492E+000
  0.43798495E+000
  0.43798498E+000
  0.43798501E+000
  0.43798503E+000
  0.43798506E+000
  0.43798509E+000
  0.43798512E+000
  0.43798514E+000
  0.43798517E+000
  0.43798520E+000
  0.43798522E+000
  0.43798525E+000
  0.43798527E+000
  0.43798529E+000
  0.43798532E+000
  0.43798534E+000
  0.43798536E+000
  0.43798538E+000
  0.43798540E+000
  0.43798542E+000
  0.43798544E+000
  0.43798546E+000
  0.43798548E+000
  0.43798550E+000
  0.43798551E+000
  0.43798553E+000
