  0.12923318E+001
  0.12923920E+001
  0.12924659E+001
  0.12925335E+001
  0.12925896E+001
  0.12926356E+001
  0.12926730E+001
  0.12927032E+001
  0.12927275E+001
  0.12927467E+001
  0.12927618E+001
  0.12927733E+001
  0.12927819E+001
  0.12927880E+001
  0.12927921E+001
  0.12927944E+001
  0.12927951E+001
  0.12927947E+001
  0.12927931E+001
  0.12927906E+001
  0.12927873E+001
  0.12927834E+001
  0.12927788E+001
  0.12927738E+001
  0.12927684E+001
  0.12927625E+001
  0.12927564E+001
  0.12927500E+001
  0.12927433E+001
  0.12927365E+001
  0.12927294E+001
  0.12927222E+001
  0.12927148E+001
  0.12927073E+001
  0.12926997E+001
  0.12926921E+001
  0.12926843E+001
  0.12926765E+001
  0.12926686E+001
  0.12926607E+001
  0.12926527E+001
  0.12926448E+001
  0.12926368E+001
  0.12926288E+001
  0.12926209E+001
  0.12926130E+001
  0.12926052E+001
  0.12925974E+001
  0.12925897E+001
  0.12925822E+001
  0.12925747E+001
  0.12925675E+001
  0.12925603E+001
  0.12925534E+001
  0.12925466E+001
  0.12925401E+001
  0.12925338E+001
  0.12925277E+001
  0.12925220E+001
  0.12925164E+001
  0.12925112E+001
  0.12925063E+001
  0.12925017E+001
  0.12924973E+001
  0.12924933E+001
  0.12924897E+001
  0.12924863E+001
  0.12924832E+001
  0.12924805E+001
  0.12924781E+001
  0.12924759E+001
  0.12924740E+001
  0.12924724E+001
  0.12924711E+001
  0.12924700E+001
  0.12924692E+001
  0.12924685E+001
  0.12924681E+001
  0.12924678E+001
  0.12924677E+001
  0.12924677E+001
  0.12924678E+001
  0.12924681E+001
  0.12924684E+001
  0.12924688E+001
  0.12924692E+001
  0.12924697E+001
  0.12924702E+001
  0.12924707E+001
  0.12924711E+001
  0.12924716E+001
  0.12924720E+001
  0.12924724E+001
  0.12924727E+001
  0.12924730E+001
  0.12924732E+001
  0.12924733E+001
  0.12924734E+001
  0.12924733E+001
  0.12924732E+001
  0.12924730E+001
  0.12924727E+001
  0.12924724E+001
  0.12924720E+001
  0.12924714E+001
  0.12924708E+001
  0.12924702E+001
  0.12924694E+001
  0.12924686E+001
  0.12924678E+001
  0.12924668E+001
  0.12924658E+001
  0.12924648E+001
  0.12924637E+001
  0.12924625E+001
  0.12924613E+001
  0.12924601E+001
  0.12924588E+001
  0.12924575E+001
  0.12924562E+001
  0.12924548E+001
  0.12924534E+001
  0.12924520E+001
  0.12924506E+001
  0.12924491E+001
  0.12924477E+001
  0.12924462E+001
  0.12924447E+001
  0.12924431E+001
  0.12924416E+001
  0.12924400E+001
  0.12924385E+001
  0.12924369E+001
  0.12924353E+001
  0.12924338E+001
  0.12924322E+001
  0.12924306E+001
  0.12924290E+001
  0.12924274E+001
  0.12924257E+001
  0.12924241E+001
  0.12924225E+001
  0.12924209E+001
  0.12924193E+001
  0.12924176E+001
  0.12924160E+001
  0.12924144E+001
  0.12924127E+001
  0.12924111E+001
  0.12924095E+001
  0.12924079E+001
  0.12924063E+001
  0.12924046E+001
  0.12924030E+001
  0.12924014E+001
  0.12923998E+001
  0.12923982E+001
  0.12923967E+001
  0.12923951E+001
  0.12923935E+001
  0.12923920E+001
  0.12923904E+001
  0.12923889E+001
  0.12923874E+001
  0.12923859E+001
  0.12923844E+001
  0.12923829E+001
  0.12923814E+001
  0.12923800E+001
  0.12923785E+001
  0.12923771E+001
  0.12923757E+001
  0.12923743E+001
  0.12923729E+001
  0.12923716E+001
  0.12923703E+001
  0.12923689E+001
  0.12923677E+001
  0.12923664E+001
  0.12923651E+001
  0.12923639E+001
  0.12923627E+001
  0.12923615E+001
  0.12923603E+001
  0.12923592E+001
  0.12923581E+001
  0.12923569E+001
  0.12923559E+001
  0.12923548E+001
  0.12923538E+001
  0.12923527E+001
  0.12923518E+001
  0.12923508E+001
  0.12923498E+001
  0.12923489E+001
  0.12923480E+001
  0.12923471E+001
  0.12923463E+001
  0.12923454E+001
  0.12923446E+001
