  0.73486907E+000
  0.73497295E+000
  0.73498838E+000
  0.73498377E+000
  0.73497462E+000
  0.73496445E+000
  0.73495415E+000
  0.73494402E+000
  0.73493425E+000
  0.73492493E+000
  0.73491615E+000
  0.73490798E+000
  0.73490046E+000
  0.73489359E+000
  0.73488738E+000
  0.73488182E+000
  0.73487688E+000
  0.73487253E+000
  0.73486873E+000
  0.73486544E+000
  0.73486262E+000
  0.73486023E+000
  0.73485822E+000
  0.73485655E+000
  0.73485520E+000
  0.73485411E+000
  0.73485326E+000
  0.73485261E+000
  0.73485215E+000
  0.73485183E+000
  0.73485165E+000
  0.73485157E+000
  0.73485158E+000
  0.73485167E+000
  0.73485182E+000
  0.73485201E+000
  0.73485224E+000
  0.73485250E+000
  0.73485279E+000
  0.73485309E+000
  0.73485341E+000
  0.73485375E+000
  0.73485409E+000
  0.73485445E+000
  0.73485481E+000
  0.73485519E+000
  0.73485558E+000
  0.73485598E+000
  0.73485640E+000
  0.73485682E+000
  0.73485726E+000
  0.73485772E+000
  0.73485818E+000
  0.73485866E+000
  0.73485915E+000
  0.73485965E+000
  0.73486016E+000
  0.73486068E+000
  0.73486120E+000
  0.73486172E+000
  0.73486225E+000
  0.73486278E+000
  0.73486330E+000
  0.73486382E+000
  0.73486434E+000
  0.73486484E+000
  0.73486534E+000
  0.73486583E+000
  0.73486631E+000
  0.73486677E+000
  0.73486721E+000
  0.73486764E+000
  0.73486806E+000
  0.73486845E+000
  0.73486882E+000
  0.73486918E+000
  0.73486951E+000
  0.73486982E+000
  0.73487011E+000
  0.73487038E+000
  0.73487062E+000
  0.73487085E+000
  0.73487105E+000
  0.73487124E+000
  0.73487140E+000
  0.73487155E+000
  0.73487168E+000
  0.73487179E+000
  0.73487189E+000
  0.73487197E+000
  0.73487205E+000
  0.73487211E+000
  0.73487216E+000
  0.73487220E+000
  0.73487223E+000
  0.73487226E+000
  0.73487228E+000
  0.73487229E+000
  0.73487231E+000
  0.73487232E+000
  0.73487232E+000
  0.73487233E+000
  0.73487233E+000
  0.73487233E+000
  0.73487233E+000
  0.73487233E+000
  0.73487233E+000
  0.73487233E+000
  0.73487233E+000
  0.73487233E+000
  0.73487233E+000
  0.73487233E+000
  0.73487233E+000
  0.73487233E+000
  0.73487232E+000
  0.73487232E+000
  0.73487232E+000
  0.73487232E+000
  0.73487231E+000
  0.73487231E+000
  0.73487230E+000
  0.73487230E+000
  0.73487229E+000
  0.73487229E+000
  0.73487228E+000
  0.73487227E+000
  0.73487226E+000
  0.73487226E+000
  0.73487225E+000
  0.73487224E+000
  0.73487223E+000
  0.73487222E+000
  0.73487221E+000
  0.73487220E+000
  0.73487219E+000
  0.73487218E+000
  0.73487217E+000
  0.73487216E+000
  0.73487215E+000
  0.73487214E+000
  0.73487213E+000
  0.73487212E+000
  0.73487211E+000
  0.73487210E+000
  0.73487209E+000
  0.73487208E+000
  0.73487207E+000
  0.73487207E+000
  0.73487206E+000
  0.73487205E+000
  0.73487205E+000
  0.73487204E+000
  0.73487203E+000
  0.73487203E+000
  0.73487202E+000
  0.73487202E+000
  0.73487201E+000
  0.73487201E+000
  0.73487200E+000
  0.73487200E+000
  0.73487199E+000
  0.73487199E+000
  0.73487199E+000
  0.73487198E+000
  0.73487198E+000
  0.73487197E+000
  0.73487197E+000
  0.73487196E+000
  0.73487196E+000
  0.73487196E+000
  0.73487195E+000
  0.73487195E+000
  0.73487194E+000
  0.73487194E+000
  0.73487194E+000
  0.73487193E+000
  0.73487193E+000
  0.73487192E+000
  0.73487192E+000
  0.73487191E+000
  0.73487191E+000
  0.73487190E+000
  0.73487190E+000
  0.73487189E+000
  0.73487189E+000
  0.73487188E+000
  0.73487188E+000
  0.73487188E+000
  0.73487187E+000
  0.73487187E+000
  0.73487186E+000
  0.73487186E+000
  0.73487185E+000
  0.73487185E+000
  0.73487185E+000
  0.73487184E+000
  0.73487184E+000
  0.73487184E+000
  0.73487183E+000
  0.73487183E+000
