 -0.37164325E+000
 -0.37217058E+000
 -0.37238107E+000
 -0.37250375E+000
 -0.37259048E+000
 -0.37265707E+000
 -0.37270955E+000
 -0.37275114E+000
 -0.37278387E+000
 -0.37280936E+000
 -0.37282885E+000
 -0.37284337E+000
 -0.37285375E+000
 -0.37286069E+000
 -0.37286475E+000
 -0.37286639E+000
 -0.37286601E+000
 -0.37286392E+000
 -0.37286038E+000
 -0.37285563E+000
 -0.37284985E+000
 -0.37284318E+000
 -0.37283576E+000
 -0.37282770E+000
 -0.37281908E+000
 -0.37280998E+000
 -0.37280046E+000
 -0.37279057E+000
 -0.37278037E+000
 -0.37276989E+000
 -0.37275916E+000
 -0.37274822E+000
 -0.37273708E+000
 -0.37272577E+000
 -0.37271430E+000
 -0.37270271E+000
 -0.37269100E+000
 -0.37267919E+000
 -0.37266730E+000
 -0.37265536E+000
 -0.37264337E+000
 -0.37263137E+000
 -0.37261936E+000
 -0.37260738E+000
 -0.37259544E+000
 -0.37258358E+000
 -0.37257181E+000
 -0.37256016E+000
 -0.37254866E+000
 -0.37253734E+000
 -0.37252622E+000
 -0.37251534E+000
 -0.37250471E+000
 -0.37249437E+000
 -0.37248434E+000
 -0.37247465E+000
 -0.37246532E+000
 -0.37245638E+000
 -0.37244784E+000
 -0.37243972E+000
 -0.37243204E+000
 -0.37242481E+000
 -0.37241804E+000
 -0.37241174E+000
 -0.37240591E+000
 -0.37240056E+000
 -0.37239569E+000
 -0.37239128E+000
 -0.37238734E+000
 -0.37238386E+000
 -0.37238081E+000
 -0.37237819E+000
 -0.37237597E+000
 -0.37237415E+000
 -0.37237269E+000
 -0.37237157E+000
 -0.37237078E+000
 -0.37237027E+000
 -0.37237003E+000
 -0.37237003E+000
 -0.37237023E+000
 -0.37237062E+000
 -0.37237116E+000
 -0.37237183E+000
 -0.37237259E+000
 -0.37237343E+000
 -0.37237432E+000
 -0.37237523E+000
 -0.37237615E+000
 -0.37237705E+000
 -0.37237792E+000
 -0.37237873E+000
 -0.37237947E+000
 -0.37238014E+000
 -0.37238071E+000
 -0.37238119E+000
 -0.37238155E+000
 -0.37238180E+000
 -0.37238192E+000
 -0.37238193E+000
 -0.37238181E+000
 -0.37238156E+000
 -0.37238119E+000
 -0.37238070E+000
 -0.37238009E+000
 -0.37237936E+000
 -0.37237852E+000
 -0.37237757E+000
 -0.37237651E+000
 -0.37237537E+000
 -0.37237412E+000
 -0.37237280E+000
 -0.37237139E+000
 -0.37236990E+000
 -0.37236835E+000
 -0.37236674E+000
 -0.37236506E+000
 -0.37236334E+000
 -0.37236156E+000
 -0.37235975E+000
 -0.37235789E+000
 -0.37235600E+000
 -0.37235407E+000
 -0.37235212E+000
 -0.37235014E+000
 -0.37234814E+000
 -0.37234612E+000
 -0.37234409E+000
 -0.37234203E+000
 -0.37233997E+000
 -0.37233790E+000
 -0.37233581E+000
 -0.37233372E+000
 -0.37233162E+000
 -0.37232951E+000
 -0.37232740E+000
 -0.37232528E+000
 -0.37232317E+000
 -0.37232105E+000
 -0.37231893E+000
 -0.37231681E+000
 -0.37231469E+000
 -0.37231257E+000
 -0.37231045E+000
 -0.37230834E+000
 -0.37230623E+000
 -0.37230412E+000
 -0.37230202E+000
 -0.37229992E+000
 -0.37229783E+000
 -0.37229575E+000
 -0.37229367E+000
 -0.37229161E+000
 -0.37228955E+000
 -0.37228750E+000
 -0.37228546E+000
 -0.37228343E+000
 -0.37228142E+000
 -0.37227942E+000
 -0.37227743E+000
 -0.37227546E+000
 -0.37227350E+000
 -0.37227156E+000
 -0.37226963E+000
 -0.37226772E+000
 -0.37226583E+000
 -0.37226396E+000
 -0.37226211E+000
 -0.37226027E+000
 -0.37225846E+000
 -0.37225667E+000
 -0.37225490E+000
 -0.37225316E+000
 -0.37225143E+000
 -0.37224973E+000
 -0.37224806E+000
 -0.37224641E+000
 -0.37224478E+000
 -0.37224318E+000
 -0.37224161E+000
 -0.37224006E+000
 -0.37223853E+000
 -0.37223704E+000
 -0.37223557E+000
 -0.37223412E+000
 -0.37223271E+000
 -0.37223132E+000
 -0.37222996E+000
 -0.37222863E+000
 -0.37222732E+000
 -0.37222604E+000
 -0.37222479E+000
 -0.37222357E+000
 -0.37222238E+000
 -0.37222121E+000
 -0.37222007E+000
 -0.37221896E+000
 -0.37221788E+000
 -0.37221683E+000
 -0.37221583E+000
