  0.96926300E+000
  0.96925854E+000
  0.96924113E+000
  0.96922482E+000
  0.96921120E+000
  0.96919999E+000
  0.96919082E+000
  0.96918334E+000
  0.96917730E+000
  0.96917245E+000
  0.96916862E+000
  0.96916565E+000
  0.96916340E+000
  0.96916177E+000
  0.96916065E+000
  0.96915999E+000
  0.96915969E+000
  0.96915973E+000
  0.96916003E+000
  0.96916058E+000
  0.96916132E+000
  0.96916224E+000
  0.96916331E+000
  0.96916450E+000
  0.96916581E+000
  0.96916721E+000
  0.96916869E+000
  0.96917025E+000
  0.96917186E+000
  0.96917353E+000
  0.96917525E+000
  0.96917701E+000
  0.96917880E+000
  0.96918062E+000
  0.96918247E+000
  0.96918434E+000
  0.96918624E+000
  0.96918815E+000
  0.96919007E+000
  0.96919200E+000
  0.96919395E+000
  0.96919590E+000
  0.96919785E+000
  0.96919980E+000
  0.96920175E+000
  0.96920369E+000
  0.96920561E+000
  0.96920753E+000
  0.96920942E+000
  0.96921129E+000
  0.96921313E+000
  0.96921493E+000
  0.96921669E+000
  0.96921841E+000
  0.96922009E+000
  0.96922170E+000
  0.96922326E+000
  0.96922475E+000
  0.96922618E+000
  0.96922753E+000
  0.96922881E+000
  0.96923001E+000
  0.96923113E+000
  0.96923217E+000
  0.96923313E+000
  0.96923400E+000
  0.96923479E+000
  0.96923549E+000
  0.96923611E+000
  0.96923665E+000
  0.96923711E+000
  0.96923749E+000
  0.96923779E+000
  0.96923802E+000
  0.96923819E+000
  0.96923829E+000
  0.96923833E+000
  0.96923831E+000
  0.96923824E+000
  0.96923813E+000
  0.96923798E+000
  0.96923779E+000
  0.96923757E+000
  0.96923732E+000
  0.96923705E+000
  0.96923677E+000
  0.96923648E+000
  0.96923618E+000
  0.96923588E+000
  0.96923558E+000
  0.96923528E+000
  0.96923500E+000
  0.96923472E+000
  0.96923446E+000
  0.96923422E+000
  0.96923400E+000
  0.96923380E+000
  0.96923362E+000
  0.96923346E+000
  0.96923332E+000
  0.96923321E+000
  0.96923313E+000
  0.96923306E+000
  0.96923303E+000
  0.96923301E+000
  0.96923302E+000
  0.96923304E+000
  0.96923309E+000
  0.96923316E+000
  0.96923324E+000
  0.96923334E+000
  0.96923346E+000
  0.96923359E+000
  0.96923373E+000
  0.96923388E+000
  0.96923405E+000
  0.96923422E+000
  0.96923440E+000
  0.96923459E+000
  0.96923478E+000
  0.96923498E+000
  0.96923518E+000
  0.96923538E+000
  0.96923558E+000
  0.96923579E+000
  0.96923599E+000
  0.96923619E+000
  0.96923640E+000
  0.96923660E+000
  0.96923680E+000
  0.96923699E+000
  0.96923718E+000
  0.96923737E+000
  0.96923756E+000
  0.96923774E+000
  0.96923792E+000
  0.96923810E+000
  0.96923827E+000
  0.96923844E+000
  0.96923860E+000
  0.96923876E+000
  0.96923892E+000
  0.96923907E+000
  0.96923921E+000
  0.96923936E+000
  0.96923950E+000
  0.96923963E+000
  0.96923976E+000
  0.96923989E+000
  0.96924001E+000
  0.96924013E+000
  0.96924025E+000
  0.96924036E+000
  0.96924047E+000
  0.96924058E+000
  0.96924068E+000
  0.96924078E+000
  0.96924088E+000
  0.96924097E+000
  0.96924106E+000
  0.96924115E+000
  0.96924124E+000
  0.96924132E+000
  0.96924141E+000
  0.96924149E+000
  0.96924156E+000
  0.96924164E+000
  0.96924171E+000
  0.96924179E+000
  0.96924186E+000
  0.96924192E+000
  0.96924199E+000
  0.96924206E+000
  0.96924212E+000
  0.96924218E+000
  0.96924224E+000
  0.96924230E+000
  0.96924236E+000
  0.96924242E+000
  0.96924247E+000
  0.96924253E+000
  0.96924258E+000
  0.96924263E+000
  0.96924269E+000
  0.96924274E+000
  0.96924278E+000
  0.96924283E+000
  0.96924288E+000
  0.96924293E+000
  0.96924297E+000
  0.96924301E+000
  0.96924306E+000
  0.96924310E+000
  0.96924314E+000
  0.96924318E+000
  0.96924321E+000
  0.96924325E+000
  0.96924329E+000
  0.96924332E+000
  0.96924335E+000
