  0.49286323E+000
  0.49286152E+000
  0.49285277E+000
  0.49284455E+000
  0.49283769E+000
  0.49283205E+000
  0.49282744E+000
  0.49282369E+000
  0.49282065E+000
  0.49281823E+000
  0.49281630E+000
  0.49281481E+000
  0.49281368E+000
  0.49281285E+000
  0.49281228E+000
  0.49281193E+000
  0.49281177E+000
  0.49281176E+000
  0.49281189E+000
  0.49281214E+000
  0.49281249E+000
  0.49281292E+000
  0.49281342E+000
  0.49281399E+000
  0.49281461E+000
  0.49281528E+000
  0.49281598E+000
  0.49281672E+000
  0.49281749E+000
  0.49281828E+000
  0.49281910E+000
  0.49281993E+000
  0.49282078E+000
  0.49282164E+000
  0.49282252E+000
  0.49282340E+000
  0.49282430E+000
  0.49282520E+000
  0.49282610E+000
  0.49282701E+000
  0.49282792E+000
  0.49282884E+000
  0.49282975E+000
  0.49283066E+000
  0.49283157E+000
  0.49283247E+000
  0.49283337E+000
  0.49283426E+000
  0.49283514E+000
  0.49283600E+000
  0.49283685E+000
  0.49283769E+000
  0.49283850E+000
  0.49283930E+000
  0.49284007E+000
  0.49284081E+000
  0.49284153E+000
  0.49284221E+000
  0.49284287E+000
  0.49284349E+000
  0.49284407E+000
  0.49284462E+000
  0.49284513E+000
  0.49284561E+000
  0.49284604E+000
  0.49284643E+000
  0.49284679E+000
  0.49284711E+000
  0.49284738E+000
  0.49284762E+000
  0.49284783E+000
  0.49284799E+000
  0.49284813E+000
  0.49284823E+000
  0.49284829E+000
  0.49284833E+000
  0.49284835E+000
  0.49284833E+000
  0.49284830E+000
  0.49284824E+000
  0.49284817E+000
  0.49284808E+000
  0.49284797E+000
  0.49284786E+000
  0.49284774E+000
  0.49284760E+000
  0.49284747E+000
  0.49284733E+000
  0.49284719E+000
  0.49284705E+000
  0.49284692E+000
  0.49284679E+000
  0.49284666E+000
  0.49284654E+000
  0.49284643E+000
  0.49284633E+000
  0.49284623E+000
  0.49284615E+000
  0.49284607E+000
  0.49284601E+000
  0.49284596E+000
  0.49284592E+000
  0.49284589E+000
  0.49284587E+000
  0.49284586E+000
  0.49284587E+000
  0.49284588E+000
  0.49284590E+000
  0.49284593E+000
  0.49284597E+000
  0.49284602E+000
  0.49284607E+000
  0.49284614E+000
  0.49284621E+000
  0.49284628E+000
  0.49284636E+000
  0.49284645E+000
  0.49284653E+000
  0.49284663E+000
  0.49284672E+000
  0.49284682E+000
  0.49284692E+000
  0.49284702E+000
  0.49284712E+000
  0.49284723E+000
  0.49284733E+000
  0.49284743E+000
  0.49284754E+000
  0.49284764E+000
  0.49284774E+000
  0.49284784E+000
  0.49284794E+000
  0.49284804E+000
  0.49284814E+000
  0.49284824E+000
  0.49284833E+000
  0.49284842E+000
  0.49284852E+000
  0.49284860E+000
  0.49284869E+000
  0.49284877E+000
  0.49284886E+000
  0.49284894E+000
  0.49284902E+000
  0.49284909E+000
  0.49284917E+000
  0.49284924E+000
  0.49284931E+000
  0.49284938E+000
  0.49284944E+000
  0.49284951E+000
  0.49284957E+000
  0.49284963E+000
  0.49284969E+000
  0.49284974E+000
  0.49284980E+000
  0.49284985E+000
  0.49284991E+000
  0.49284996E+000
  0.49285000E+000
  0.49285005E+000
  0.49285010E+000
  0.49285014E+000
  0.49285019E+000
  0.49285023E+000
  0.49285027E+000
  0.49285031E+000
  0.49285035E+000
  0.49285039E+000
  0.49285043E+000
  0.49285046E+000
  0.49285050E+000
  0.49285053E+000
  0.49285057E+000
  0.49285060E+000
  0.49285063E+000
  0.49285066E+000
  0.49285069E+000
  0.49285072E+000
  0.49285075E+000
  0.49285078E+000
  0.49285081E+000
  0.49285084E+000
  0.49285086E+000
  0.49285089E+000
  0.49285092E+000
  0.49285094E+000
  0.49285097E+000
  0.49285099E+000
  0.49285101E+000
  0.49285104E+000
  0.49285106E+000
  0.49285108E+000
  0.49285110E+000
  0.49285112E+000
  0.49285114E+000
  0.49285116E+000
  0.49285118E+000
  0.49285120E+000
  0.49285121E+000
