  0.57637541E+000  0.94040321E+000  0.10840205E+001  0.34867027E+001
  0.57620498E+000  0.94031854E+000  0.10833334E+001  0.34751983E+001
  0.57613458E+000  0.94028314E+000  0.10830386E+001  0.34705887E+001
  0.57607416E+000  0.94025269E+000  0.10827848E+001  0.34666527E+001
  0.57602642E+000  0.94022815E+000  0.10825839E+001  0.34635507E+001
  0.57598752E+000  0.94020678E+000  0.10824213E+001  0.34610245E+001
  0.57595535E+000  0.94018906E+000  0.10822865E+001  0.34589364E+001
  0.57592858E+000  0.94017432E+000  0.10821737E+001  0.34571995E+001
  0.57590624E+000  0.94016202E+000  0.10818810E+001  0.34540684E+001
  0.57588756E+000  0.94015173E+000  0.10818018E+001  0.34528483E+001
  0.57587190E+000  0.94014312E+000  0.10819350E+001  0.34535232E+001
  0.57585875E+000  0.94013590E+000  0.10818797E+001  0.34526711E+001
  0.57584772E+000  0.94012985E+000  0.10818332E+001  0.34519566E+001
  0.57583846E+000  0.94012479E+000  0.10817942E+001  0.34513570E+001
  0.57583067E+000  0.94012054E+000  0.10817615E+001  0.34508533E+001
  0.57582412E+000  0.94011696E+000  0.10817340E+001  0.34504300E+001
  0.57581862E+000  0.94011397E+000  0.10817110E+001  0.34500746E+001
  0.57581399E+000  0.94011147E+000  0.10816917E+001  0.34497766E+001
  0.57581011E+000  0.94010938E+000  0.10816756E+001  0.34495269E+001
  0.57580686E+000  0.94010764E+000  0.10816622E+001  0.34493183E+001
  0.57580414E+000  0.94010619E+000  0.10816511E+001  0.34491443E+001
  0.57580187E+000  0.94010499E+000  0.10816419E+001  0.34489998E+001
  0.57579998E+000  0.94010399E+000  0.10816344E+001  0.34488800E+001
  0.57579842E+000  0.94010318E+000  0.10816283E+001  0.34487813E+001
  0.57579713E+000  0.94010251E+000  0.10816234E+001  0.34487004E+001
  0.57579607E+000  0.94010196E+000  0.10816194E+001  0.34486346E+001
  0.57579520E+000  0.94010152E+000  0.10816163E+001  0.34485814E+001
  0.57579449E+000  0.94010116E+000  0.10816139E+001  0.34485389E+001
  0.57579393E+000  0.94010087E+000  0.10816122E+001  0.34485052E+001
  0.57579347E+000  0.94010064E+000  0.10816109E+001  0.34484790E+001
  0.57579311E+000  0.94010046E+000  0.10816100E+001  0.34484588E+001
  0.57579283E+000  0.94010031E+000  0.10816094E+001  0.34484438E+001
  0.57579261E+000  0.94010020E+000  0.10816092E+001  0.34484329E+001
  0.57579245E+000  0.94010011E+000  0.10816092E+001  0.34484254E+001
  0.57579232E+000  0.94010004E+000  0.10816093E+001  0.34484207E+001
  0.57579224E+000  0.94009999E+000  0.10816096E+001  0.34484183E+001
  0.57579219E+000  0.94009995E+000  0.10816101E+001  0.34484177E+001
  0.57579216E+000  0.94009992E+000  0.10816106E+001  0.34484187E+001
  0.57579215E+000  0.94009990E+000  0.10816113E+001  0.34484208E+001
  0.57579216E+000  0.94009989E+000  0.10816120E+001  0.34484240E+001
  0.57579219E+000  0.94009989E+000  0.10816127E+001  0.34484280E+001
  0.57579223E+000  0.94009990E+000  0.10816136E+001  0.34484328E+001
  0.57579228E+000  0.94009991E+000  0.10816144E+001  0.34484381E+001
  0.57579235E+000  0.94009994E+000  0.10816153E+001  0.34484439E+001
  0.57579243E+000  0.94009997E+000  0.10816163E+001  0.34484503E+001
  0.57579252E+000  0.94010000E+000  0.10816173E+001  0.34484570E+001
  0.57579261E+000  0.94010005E+000  0.10816183E+001  0.34484641E+001
  0.57579272E+000  0.94010011E+000  0.10816193E+001  0.34484716E+001
  0.57579284E+000  0.94010017E+000  0.10816204E+001  0.34484794E+001
  0.57579297E+000  0.94010025E+000  0.10816215E+001  0.34484875E+001
  0.57579311E+000  0.94010033E+000  0.10816226E+001  0.34484959E+001
  0.57579325E+000  0.94010042E+000  0.10816237E+001  0.34485046E+001
  0.57579341E+000  0.94010052E+000  0.10816249E+001  0.34485136E+001
  0.57579357E+000  0.94010063E+000  0.10816261E+001  0.34485228E+001
  0.57579374E+000  0.94010075E+000  0.10816273E+001  0.34485322E+001
  0.57579391E+000  0.94010087E+000  0.10816285E+001  0.34485418E+001
  0.57579409E+000  0.94010101E+000  0.10816298E+001  0.34485516E+001
  0.57579428E+000  0.94010114E+000  0.10816310E+001  0.34485615E+001
  0.57579446E+000  0.94010129E+000  0.10816323E+001  0.34485715E+001
  0.57579466E+000  0.94010144E+000  0.10816335E+001  0.34485815E+001
  0.57579485E+000  0.94010159E+000  0.10816348E+001  0.34485916E+001
  0.57579505E+000  0.94010175E+000  0.10816361E+001  0.34486017E+001
  0.57579524E+000  0.94010191E+000  0.10816373E+001  0.34486117E+001
  0.57579544E+000  0.94010207E+000  0.10816386E+001  0.34486217E+001
  0.57579564E+000  0.94010223E+000  0.10816398E+001  0.34486316E+001
  0.57579584E+000  0.94010240E+000  0.10816410E+001  0.34486413E+001
  0.57579604E+000  0.94010257E+000  0.10816422E+001  0.34486508E+001
  0.57579624E+000  0.94010273E+000  0.10816434E+001  0.34486601E+001
  0.57579643E+000  0.94010290E+000  0.10816445E+001  0.34486692E+001
  0.57579662E+000  0.94010306E+000  0.10816457E+001  0.34486780E+001
  0.57579681E+000  0.94010323E+000  0.10816468E+001  0.34486866E+001
  0.57579700E+000  0.94010339E+000  0.10816478E+001  0.34486948E+001
  0.57579719E+000  0.94010355E+000  0.10816488E+001  0.34487026E+001
  0.57579737E+000  0.94010371E+000  0.10816498E+001  0.34487101E+001
  0.57579755E+000  0.94010386E+000  0.10816508E+001  0.34487172E+001
  0.57579772E+000  0.94010401E+000  0.10816517E+001  0.34487238E+001
  0.57579789E+000  0.94010416E+000  0.10816526E+001  0.34487301E+001
  0.57579806E+000  0.94010430E+000  0.10816534E+001  0.34487359E+001
  0.57579822E+000  0.94010444E+000  0.10816542E+001  0.34487412E+001
  0.57579838E+000  0.94010457E+000  0.10816550E+001  0.34487461E+001
  0.57579853E+000  0.94010470E+000  0.10816557E+001  0.34487504E+001
  0.57579868E+000  0.94010482E+000  0.10816563E+001  0.34487543E+001
  0.57579882E+000  0.94010494E+000  0.10816569E+001  0.34487577E+001
  0.57579895E+000  0.94010505E+000  0.10816575E+001  0.34487606E+001
  0.57579908E+000  0.94010515E+000  0.10816580E+001  0.34487630E+001
  0.57579921E+000  0.94010525E+000  0.10816585E+001  0.34487649E+001
  0.57579932E+000  0.94010534E+000  0.10816589E+001  0.34487662E+001
  0.57579943E+000  0.94010542E+000  0.10816593E+001  0.34487671E+001
  0.57579953E+000  0.94010550E+000  0.10816597E+001  0.34487675E+001
  0.57579963E+000  0.94010557E+000  0.10816600E+001  0.34487674E+001
  0.57579972E+000  0.94010564E+000  0.10816602E+001  0.34487669E+001
  0.57579980E+000  0.94010570E+000  0.10816605E+001  0.34487659E+001
  0.57579987E+000  0.94010575E+000  0.10816606E+001  0.34487644E+001
  0.57579993E+000  0.94010580E+000  0.10816608E+001  0.34487625E+001
  0.57579999E+000  0.94010584E+000  0.10816609E+001  0.34487602E+001
  0.57580004E+000  0.94010587E+000  0.10816610E+001  0.34487576E+001
  0.57580008E+000  0.94010590E+000  0.10816610E+001  0.34487545E+001
  0.57580012E+000  0.94010592E+000  0.10816610E+001  0.34487510E+001
  0.57580014E+000  0.94010594E+000  0.10816610E+001  0.34487473E+001
  0.57580016E+000  0.94010595E+000  0.10816610E+001  0.34487432E+001
  0.57580017E+000  0.94010595E+000  0.10816609E+001  0.34487387E+001
  0.57580017E+000  0.94010595E+000  0.10816608E+001  0.34487340E+001
  0.57580017E+000  0.94010595E+000  0.10816607E+001  0.34487291E+001
  0.57580015E+000  0.94010594E+000  0.10816605E+001  0.34487238E+001
  0.57580013E+000  0.94010593E+000  0.10816603E+001  0.34487184E+001
  0.57580011E+000  0.94010591E+000  0.10816602E+001  0.34487127E+001
  0.57580008E+000  0.94010589E+000  0.10816599E+001  0.34487068E+001
  0.57580004E+000  0.94010587E+000  0.10816597E+001  0.34487007E+001
  0.57579999E+000  0.94010584E+000  0.10816595E+001  0.34486944E+001
  0.57579994E+000  0.94010581E+000  0.10816592E+001  0.34486880E+001
  0.57579988E+000  0.94010578E+000  0.10816590E+001  0.34486814E+001
  0.57579982E+000  0.94010574E+000  0.10816587E+001  0.34486747E+001
  0.57579976E+000  0.94010570E+000  0.10816584E+001  0.34486678E+001
  0.57579969E+000  0.94010566E+000  0.10816581E+001  0.34486608E+001
  0.57579961E+000  0.94010562E+000  0.10816578E+001  0.34486538E+001
  0.57579954E+000  0.94010558E+000  0.10816575E+001  0.34486466E+001
  0.57579946E+000  0.94010553E+000  0.10816572E+001  0.34486393E+001
  0.57579937E+000  0.94010549E+000  0.10816568E+001  0.34486320E+001
  0.57579929E+000  0.94010544E+000  0.10816565E+001  0.34486245E+001
  0.57579920E+000  0.94010539E+000  0.10816562E+001  0.34486170E+001
  0.57579911E+000  0.94010534E+000  0.10816559E+001  0.34486094E+001
  0.57579902E+000  0.94010529E+000  0.10816555E+001  0.34486018E+001
  0.57579893E+000  0.94010524E+000  0.10816552E+001  0.34485941E+001
  0.57579884E+000  0.94010519E+000  0.10816549E+001  0.34485863E+001
  0.57579875E+000  0.94010514E+000  0.10816545E+001  0.34485785E+001
  0.57579865E+000  0.94010509E+000  0.10816542E+001  0.34485706E+001
  0.57579856E+000  0.94010504E+000  0.10816539E+001  0.34485626E+001
  0.57579847E+000  0.94010500E+000  0.10816536E+001  0.34485547E+001
  0.57579838E+000  0.94010495E+000  0.10816533E+001  0.34485466E+001
  0.57579829E+000  0.94010490E+000  0.10816530E+001  0.34485385E+001
  0.57579820E+000  0.94010485E+000  0.10816527E+001  0.34485304E+001
  0.57579811E+000  0.94010480E+000  0.10816524E+001  0.34485223E+001
  0.57579802E+000  0.94010476E+000  0.10816521E+001  0.34485141E+001
  0.57579794E+000  0.94010471E+000  0.10816518E+001  0.34485058E+001
  0.57579785E+000  0.94010467E+000  0.10816516E+001  0.34484975E+001
  0.57579777E+000  0.94010462E+000  0.10816513E+001  0.34484892E+001
  0.57579769E+000  0.94010458E+000  0.10816510E+001  0.34484809E+001
  0.57579761E+000  0.94010454E+000  0.10816508E+001  0.34484725E+001
  0.57579754E+000  0.94010450E+000  0.10816505E+001  0.34484641E+001
  0.57579746E+000  0.94010446E+000  0.10816503E+001  0.34484557E+001
  0.57579739E+000  0.94010442E+000  0.10816501E+001  0.34484473E+001
  0.57579732E+000  0.94010438E+000  0.10816498E+001  0.34484388E+001
  0.57579725E+000  0.94010434E+000  0.10816496E+001  0.34484304E+001
  0.57579718E+000  0.94010431E+000  0.10816494E+001  0.34484219E+001
  0.57579712E+000  0.94010427E+000  0.10816492E+001  0.34484134E+001
  0.57579706E+000  0.94010424E+000  0.10816490E+001  0.34484049E+001
  0.57579700E+000  0.94010421E+000  0.10816488E+001  0.34483964E+001
  0.57579694E+000  0.94010418E+000  0.10816486E+001  0.34483879E+001
  0.57579688E+000  0.94010415E+000  0.10816485E+001  0.34483794E+001
  0.57579683E+000  0.94010412E+000  0.10816483E+001  0.34483709E+001
  0.57579678E+000  0.94010409E+000  0.10816481E+001  0.34483625E+001
  0.57579672E+000  0.94010406E+000  0.10816480E+001  0.34483541E+001
  0.57579668E+000  0.94010403E+000  0.10816478E+001  0.34483456E+001
  0.57579663E+000  0.94010401E+000  0.10816477E+001  0.34483373E+001
  0.57579658E+000  0.94010398E+000  0.10816475E+001  0.34483289E+001
  0.57579654E+000  0.94010396E+000  0.10816474E+001  0.34483206E+001
  0.57579650E+000  0.94010393E+000  0.10816472E+001  0.34483123E+001
  0.57579645E+000  0.94010391E+000  0.10816471E+001  0.34483041E+001
  0.57579641E+000  0.94010389E+000  0.10816470E+001  0.34482959E+001
  0.57579637E+000  0.94010387E+000  0.10816468E+001  0.34482877E+001
  0.57579634E+000  0.94010385E+000  0.10816467E+001  0.34482797E+001
  0.57579630E+000  0.94010383E+000  0.10816466E+001  0.34482716E+001
  0.57579626E+000  0.94010381E+000  0.10816465E+001  0.34482637E+001
  0.57579623E+000  0.94010379E+000  0.10816464E+001  0.34482558E+001
  0.57579620E+000  0.94010377E+000  0.10816463E+001  0.34482480E+001
  0.57579616E+000  0.94010375E+000  0.10816462E+001  0.34482402E+001
  0.57579613E+000  0.94010373E+000  0.10816461E+001  0.34482326E+001
  0.57579610E+000  0.94010372E+000  0.10816460E+001  0.34482250E+001
  0.57579607E+000  0.94010370E+000  0.10816459E+001  0.34482175E+001
  0.57579604E+000  0.94010368E+000  0.10816458E+001  0.34482101E+001
  0.57579601E+000  0.94010367E+000  0.10816457E+001  0.34482028E+001
  0.57579598E+000  0.94010365E+000  0.10816456E+001  0.34481956E+001
  0.57579596E+000  0.94010363E+000  0.10816455E+001  0.34481884E+001
  0.57579593E+000  0.94010362E+000  0.10816454E+001  0.34481814E+001
  0.57579590E+000  0.94010360E+000  0.10816453E+001  0.34481745E+001
  0.57579588E+000  0.94010359E+000  0.10816452E+001  0.34481677E+001
  0.57579585E+000  0.94010358E+000  0.10816451E+001  0.34481610E+001
  0.57579583E+000  0.94010356E+000  0.10816450E+001  0.34481543E+001
  0.57579580E+000  0.94010355E+000  0.10816450E+001  0.34481479E+001
  0.57579578E+000  0.94010353E+000  0.10816449E+001  0.34481415E+001
  0.57579575E+000  0.94010352E+000  0.10816448E+001  0.34481352E+001
  0.57579573E+000  0.94010351E+000  0.10816447E+001  0.34481290E+001
  0.57579571E+000  0.94010350E+000  0.10816447E+001  0.34481230E+001
  0.57579569E+000  0.94010348E+000  0.10816446E+001  0.34481170E+001
  0.57579566E+000  0.94010347E+000  0.10816445E+001  0.34481112E+001
  0.57579564E+000  0.94010346E+000  0.10816444E+001  0.34481055E+001
  0.57579562E+000  0.94010345E+000  0.10816444E+001  0.34480999E+001
  0.57579560E+000  0.94010344E+000  0.10816443E+001  0.34480944E+001
  0.57579558E+000  0.94010342E+000  0.10816442E+001  0.34480891E+001
  0.57579556E+000  0.94010341E+000  0.10816442E+001  0.34480839E+001
  0.57579554E+000  0.94010340E+000  0.10816441E+001  0.34480787E+001
  0.57579552E+000  0.94010339E+000  0.10816440E+001  0.34480737E+001
  0.57579551E+000  0.94010338E+000  0.10816440E+001  0.34480689E+001
  0.57579549E+000  0.94010337E+000  0.10816439E+001  0.34480641E+001
  0.57579547E+000  0.94010336E+000  0.10816439E+001  0.34480594E+001
  0.57579545E+000  0.94010335E+000  0.10816438E+001  0.34480549E+001
  0.57579544E+000  0.94010334E+000  0.10816438E+001  0.34480505E+001
  0.57579542E+000  0.94010334E+000  0.10816437E+001  0.34480462E+001
  0.57579541E+000  0.94010333E+000  0.10816437E+001  0.34480421E+001
  0.57579539E+000  0.94010332E+000  0.10816436E+001  0.34480380E+001
