  0.68697061E+000
  0.68696745E+000
  0.68695511E+000
  0.68694355E+000
  0.68693390E+000
  0.68692596E+000
  0.68691945E+000
  0.68691415E+000
  0.68690987E+000
  0.68690644E+000
  0.68690372E+000
  0.68690161E+000
  0.68690002E+000
  0.68689886E+000
  0.68689807E+000
  0.68689760E+000
  0.68689739E+000
  0.68689742E+000
  0.68689763E+000
  0.68689802E+000
  0.68689855E+000
  0.68689920E+000
  0.68689995E+000
  0.68690080E+000
  0.68690173E+000
  0.68690272E+000
  0.68690377E+000
  0.68690487E+000
  0.68690602E+000
  0.68690720E+000
  0.68690842E+000
  0.68690966E+000
  0.68691093E+000
  0.68691223E+000
  0.68691354E+000
  0.68691486E+000
  0.68691621E+000
  0.68691756E+000
  0.68691892E+000
  0.68692029E+000
  0.68692167E+000
  0.68692305E+000
  0.68692444E+000
  0.68692582E+000
  0.68692720E+000
  0.68692857E+000
  0.68692994E+000
  0.68693130E+000
  0.68693264E+000
  0.68693396E+000
  0.68693526E+000
  0.68693654E+000
  0.68693779E+000
  0.68693901E+000
  0.68694020E+000
  0.68694134E+000
  0.68694245E+000
  0.68694350E+000
  0.68694451E+000
  0.68694547E+000
  0.68694638E+000
  0.68694723E+000
  0.68694803E+000
  0.68694876E+000
  0.68694944E+000
  0.68695006E+000
  0.68695062E+000
  0.68695112E+000
  0.68695155E+000
  0.68695194E+000
  0.68695226E+000
  0.68695253E+000
  0.68695274E+000
  0.68695291E+000
  0.68695303E+000
  0.68695310E+000
  0.68695312E+000
  0.68695311E+000
  0.68695307E+000
  0.68695299E+000
  0.68695288E+000
  0.68695274E+000
  0.68695259E+000
  0.68695241E+000
  0.68695222E+000
  0.68695202E+000
  0.68695182E+000
  0.68695160E+000
  0.68695139E+000
  0.68695118E+000
  0.68695097E+000
  0.68695077E+000
  0.68695057E+000
  0.68695039E+000
  0.68695022E+000
  0.68695006E+000
  0.68694991E+000
  0.68694979E+000
  0.68694967E+000
  0.68694958E+000
  0.68694950E+000
  0.68694944E+000
  0.68694940E+000
  0.68694937E+000
  0.68694936E+000
  0.68694936E+000
  0.68694938E+000
  0.68694941E+000
  0.68694946E+000
  0.68694952E+000
  0.68694959E+000
  0.68694967E+000
  0.68694977E+000
  0.68694987E+000
  0.68694998E+000
  0.68695009E+000
  0.68695022E+000
  0.68695034E+000
  0.68695048E+000
  0.68695061E+000
  0.68695075E+000
  0.68695089E+000
  0.68695104E+000
  0.68695118E+000
  0.68695132E+000
  0.68695147E+000
  0.68695161E+000
  0.68695176E+000
  0.68695190E+000
  0.68695204E+000
  0.68695218E+000
  0.68695232E+000
  0.68695245E+000
  0.68695258E+000
  0.68695271E+000
  0.68695284E+000
  0.68695296E+000
  0.68695309E+000
  0.68695320E+000
  0.68695332E+000
  0.68695343E+000
  0.68695354E+000
  0.68695365E+000
  0.68695375E+000
  0.68695386E+000
  0.68695395E+000
  0.68695405E+000
  0.68695414E+000
  0.68695423E+000
  0.68695432E+000
  0.68695440E+000
  0.68695449E+000
  0.68695457E+000
  0.68695464E+000
  0.68695472E+000
  0.68695479E+000
  0.68695486E+000
  0.68695493E+000
  0.68695500E+000
  0.68695506E+000
  0.68695513E+000
  0.68695519E+000
  0.68695525E+000
  0.68695531E+000
  0.68695536E+000
  0.68695542E+000
  0.68695547E+000
  0.68695553E+000
  0.68695558E+000
  0.68695563E+000
  0.68695568E+000
  0.68695572E+000
  0.68695577E+000
  0.68695581E+000
  0.68695586E+000
  0.68695590E+000
  0.68695594E+000
  0.68695599E+000
  0.68695603E+000
  0.68695607E+000
  0.68695610E+000
  0.68695614E+000
  0.68695618E+000
  0.68695621E+000
  0.68695625E+000
  0.68695628E+000
  0.68695632E+000
  0.68695635E+000
  0.68695638E+000
  0.68695642E+000
  0.68695645E+000
  0.68695648E+000
  0.68695651E+000
  0.68695653E+000
  0.68695656E+000
  0.68695659E+000
  0.68695662E+000
  0.68695664E+000
  0.68695666E+000
  0.68695669E+000
