  0.89096194E+000
  0.89095805E+000
  0.89094283E+000
  0.89092857E+000
  0.89091667E+000
  0.89090688E+000
  0.89089886E+000
  0.89089232E+000
  0.89088704E+000
  0.89088281E+000
  0.89087946E+000
  0.89087686E+000
  0.89087490E+000
  0.89087347E+000
  0.89087250E+000
  0.89087191E+000
  0.89087166E+000
  0.89087168E+000
  0.89087195E+000
  0.89087243E+000
  0.89087308E+000
  0.89087388E+000
  0.89087481E+000
  0.89087586E+000
  0.89087700E+000
  0.89087822E+000
  0.89087952E+000
  0.89088088E+000
  0.89088229E+000
  0.89088375E+000
  0.89088525E+000
  0.89088679E+000
  0.89088835E+000
  0.89088995E+000
  0.89089156E+000
  0.89089320E+000
  0.89089485E+000
  0.89089652E+000
  0.89089820E+000
  0.89089990E+000
  0.89090159E+000
  0.89090330E+000
  0.89090500E+000
  0.89090671E+000
  0.89090841E+000
  0.89091010E+000
  0.89091179E+000
  0.89091346E+000
  0.89091512E+000
  0.89091675E+000
  0.89091836E+000
  0.89091993E+000
  0.89092147E+000
  0.89092298E+000
  0.89092444E+000
  0.89092585E+000
  0.89092721E+000
  0.89092852E+000
  0.89092976E+000
  0.89093095E+000
  0.89093206E+000
  0.89093311E+000
  0.89093409E+000
  0.89093500E+000
  0.89093584E+000
  0.89093660E+000
  0.89093729E+000
  0.89093790E+000
  0.89093844E+000
  0.89093891E+000
  0.89093931E+000
  0.89093965E+000
  0.89093991E+000
  0.89094012E+000
  0.89094026E+000
  0.89094035E+000
  0.89094038E+000
  0.89094037E+000
  0.89094031E+000
  0.89094021E+000
  0.89094008E+000
  0.89093991E+000
  0.89093972E+000
  0.89093950E+000
  0.89093927E+000
  0.89093902E+000
  0.89093877E+000
  0.89093850E+000
  0.89093824E+000
  0.89093798E+000
  0.89093772E+000
  0.89093747E+000
  0.89093723E+000
  0.89093701E+000
  0.89093679E+000
  0.89093660E+000
  0.89093642E+000
  0.89093626E+000
  0.89093613E+000
  0.89093601E+000
  0.89093591E+000
  0.89093584E+000
  0.89093578E+000
  0.89093575E+000
  0.89093573E+000
  0.89093574E+000
  0.89093576E+000
  0.89093580E+000
  0.89093586E+000
  0.89093594E+000
  0.89093602E+000
  0.89093613E+000
  0.89093624E+000
  0.89093636E+000
  0.89093650E+000
  0.89093664E+000
  0.89093679E+000
  0.89093695E+000
  0.89093711E+000
  0.89093728E+000
  0.89093745E+000
  0.89093763E+000
  0.89093780E+000
  0.89093798E+000
  0.89093816E+000
  0.89093834E+000
  0.89093852E+000
  0.89093869E+000
  0.89093887E+000
  0.89093904E+000
  0.89093921E+000
  0.89093938E+000
  0.89093955E+000
  0.89093971E+000
  0.89093987E+000
  0.89094003E+000
  0.89094018E+000
  0.89094033E+000
  0.89094048E+000
  0.89094062E+000
  0.89094076E+000
  0.89094090E+000
  0.89094103E+000
  0.89094116E+000
  0.89094128E+000
  0.89094140E+000
  0.89094152E+000
  0.89094164E+000
  0.89094175E+000
  0.89094185E+000
  0.89094196E+000
  0.89094206E+000
  0.89094216E+000
  0.89094225E+000
  0.89094235E+000
  0.89094244E+000
  0.89094253E+000
  0.89094261E+000
  0.89094269E+000
  0.89094277E+000
  0.89094285E+000
  0.89094293E+000
  0.89094300E+000
  0.89094307E+000
  0.89094314E+000
  0.89094321E+000
  0.89094328E+000
  0.89094334E+000
  0.89094340E+000
  0.89094347E+000
  0.89094353E+000
  0.89094358E+000
  0.89094364E+000
  0.89094370E+000
  0.89094375E+000
  0.89094381E+000
  0.89094386E+000
  0.89094391E+000
  0.89094396E+000
  0.89094401E+000
  0.89094405E+000
  0.89094410E+000
  0.89094415E+000
  0.89094419E+000
  0.89094424E+000
  0.89094428E+000
  0.89094432E+000
  0.89094436E+000
  0.89094440E+000
  0.89094444E+000
  0.89094448E+000
  0.89094451E+000
  0.89094455E+000
  0.89094459E+000
  0.89094462E+000
  0.89094465E+000
  0.89094469E+000
  0.89094472E+000
  0.89094475E+000
  0.89094477E+000
