  0.10950479E+002
  0.10953897E+002
  0.10956248E+002
  0.10958154E+002
  0.10959685E+002
  0.10960920E+002
  0.10961914E+002
  0.10962710E+002
  0.10963342E+002
  0.10963838E+002
  0.10964220E+002
  0.10964506E+002
  0.10964714E+002
  0.10964854E+002
  0.10964939E+002
  0.10964976E+002
  0.10964974E+002
  0.10964937E+002
  0.10964872E+002
  0.10964782E+002
  0.10964672E+002
  0.10964544E+002
  0.10964400E+002
  0.10964243E+002
  0.10964075E+002
  0.10963897E+002
  0.10963710E+002
  0.10963516E+002
  0.10963316E+002
  0.10963109E+002
  0.10962898E+002
  0.10962682E+002
  0.10962462E+002
  0.10962239E+002
  0.10962013E+002
  0.10961784E+002
  0.10961553E+002
  0.10961321E+002
  0.10961087E+002
  0.10960852E+002
  0.10960616E+002
  0.10960380E+002
  0.10960145E+002
  0.10959910E+002
  0.10959676E+002
  0.10959443E+002
  0.10959213E+002
  0.10958985E+002
  0.10958761E+002
  0.10958540E+002
  0.10958323E+002
  0.10958111E+002
  0.10957904E+002
  0.10957703E+002
  0.10957509E+002
  0.10957321E+002
  0.10957141E+002
  0.10956969E+002
  0.10956805E+002
  0.10956650E+002
  0.10956503E+002
  0.10956366E+002
  0.10956238E+002
  0.10956120E+002
  0.10956011E+002
  0.10955913E+002
  0.10955823E+002
  0.10955744E+002
  0.10955674E+002
  0.10955613E+002
  0.10955561E+002
  0.10955518E+002
  0.10955483E+002
  0.10955455E+002
  0.10955435E+002
  0.10955422E+002
  0.10955414E+002
  0.10955413E+002
  0.10955416E+002
  0.10955424E+002
  0.10955436E+002
  0.10955451E+002
  0.10955469E+002
  0.10955488E+002
  0.10955509E+002
  0.10955531E+002
  0.10955554E+002
  0.10955576E+002
  0.10955598E+002
  0.10955618E+002
  0.10955637E+002
  0.10955655E+002
  0.10955670E+002
  0.10955684E+002
  0.10955694E+002
  0.10955702E+002
  0.10955707E+002
  0.10955709E+002
  0.10955708E+002
  0.10955704E+002
  0.10955696E+002
  0.10955686E+002
  0.10955672E+002
  0.10955655E+002
  0.10955636E+002
  0.10955613E+002
  0.10955588E+002
  0.10955560E+002
  0.10955529E+002
  0.10955496E+002
  0.10955461E+002
  0.10955424E+002
  0.10955384E+002
  0.10955343E+002
  0.10955300E+002
  0.10955256E+002
  0.10955210E+002
  0.10955163E+002
  0.10955114E+002
  0.10955064E+002
  0.10955014E+002
  0.10954962E+002
  0.10954910E+002
  0.10954856E+002
  0.10954803E+002
  0.10954748E+002
  0.10954693E+002
  0.10954638E+002
  0.10954582E+002
  0.10954526E+002
  0.10954469E+002
  0.10954412E+002
  0.10954355E+002
  0.10954298E+002
  0.10954241E+002
  0.10954183E+002
  0.10954126E+002
  0.10954068E+002
  0.10954010E+002
  0.10953953E+002
  0.10953895E+002
  0.10953838E+002
  0.10953780E+002
  0.10953723E+002
  0.10953665E+002
  0.10953608E+002
  0.10953551E+002
  0.10953494E+002
  0.10953438E+002
  0.10953381E+002
  0.10953325E+002
  0.10953269E+002
  0.10953214E+002
  0.10953158E+002
  0.10953103E+002
  0.10953049E+002
  0.10952995E+002
  0.10952941E+002
  0.10952887E+002
  0.10952835E+002
  0.10952782E+002
  0.10952730E+002
  0.10952678E+002
  0.10952627E+002
  0.10952577E+002
  0.10952527E+002
  0.10952478E+002
  0.10952429E+002
  0.10952381E+002
  0.10952333E+002
  0.10952286E+002
  0.10952240E+002
  0.10952194E+002
  0.10952149E+002
  0.10952105E+002
  0.10952061E+002
  0.10952018E+002
  0.10951976E+002
  0.10951935E+002
  0.10951894E+002
  0.10951854E+002
  0.10951814E+002
  0.10951776E+002
  0.10951738E+002
  0.10951701E+002
  0.10951664E+002
  0.10951628E+002
  0.10951594E+002
  0.10951559E+002
  0.10951526E+002
  0.10951493E+002
  0.10951461E+002
  0.10951430E+002
  0.10951400E+002
  0.10951370E+002
  0.10951341E+002
  0.10951313E+002
  0.10951285E+002
  0.10951258E+002
  0.10951233E+002
