  0.37555754E+000
  0.37555348E+000
  0.37555113E+000
  0.37555001E+000
  0.37554985E+000
  0.37555044E+000
  0.37555163E+000
  0.37555328E+000
  0.37555528E+000
  0.37555756E+000
  0.37556003E+000
  0.37556266E+000
  0.37556538E+000
  0.37556818E+000
  0.37557101E+000
  0.37557386E+000
  0.37557670E+000
  0.37557954E+000
  0.37558235E+000
  0.37558512E+000
  0.37558785E+000
  0.37559053E+000
  0.37559317E+000
  0.37559574E+000
  0.37559826E+000
  0.37560072E+000
  0.37560312E+000
  0.37560545E+000
  0.37560771E+000
  0.37560990E+000
  0.37561203E+000
  0.37561407E+000
  0.37561604E+000
  0.37561793E+000
  0.37561973E+000
  0.37562144E+000
  0.37562306E+000
  0.37562458E+000
  0.37562600E+000
  0.37562731E+000
  0.37562851E+000
  0.37562959E+000
  0.37563055E+000
  0.37563138E+000
  0.37563207E+000
  0.37563262E+000
  0.37563303E+000
  0.37563328E+000
  0.37563338E+000
  0.37563332E+000
  0.37563309E+000
  0.37563270E+000
  0.37563214E+000
  0.37563140E+000
  0.37563049E+000
  0.37562942E+000
  0.37562817E+000
  0.37562675E+000
  0.37562517E+000
  0.37562342E+000
  0.37562153E+000
  0.37561948E+000
  0.37561730E+000
  0.37561499E+000
  0.37561255E+000
  0.37561001E+000
  0.37560737E+000
  0.37560464E+000
  0.37560184E+000
  0.37559898E+000
  0.37559607E+000
  0.37559314E+000
  0.37559019E+000
  0.37558723E+000
  0.37558429E+000
  0.37558138E+000
  0.37557850E+000
  0.37557568E+000
  0.37557293E+000
  0.37557025E+000
  0.37556766E+000
  0.37556517E+000
  0.37556279E+000
  0.37556052E+000
  0.37555837E+000
  0.37555635E+000
  0.37555447E+000
  0.37555272E+000
  0.37555111E+000
  0.37554964E+000
  0.37554831E+000
  0.37554711E+000
  0.37554605E+000
  0.37554513E+000
  0.37554434E+000
  0.37554367E+000
  0.37554312E+000
  0.37554269E+000
  0.37554236E+000
  0.37554214E+000
  0.37554201E+000
  0.37554196E+000
  0.37554200E+000
  0.37554211E+000
  0.37554228E+000
  0.37554252E+000
  0.37554280E+000
  0.37554313E+000
  0.37554349E+000
  0.37554389E+000
  0.37554431E+000
  0.37554475E+000
  0.37554521E+000
  0.37554567E+000
  0.37554614E+000
  0.37554661E+000
  0.37554708E+000
  0.37554754E+000
  0.37554800E+000
  0.37554844E+000
  0.37554887E+000
  0.37554929E+000
  0.37554969E+000
  0.37555007E+000
  0.37555044E+000
  0.37555079E+000
  0.37555112E+000
  0.37555143E+000
  0.37555173E+000
  0.37555200E+000
  0.37555226E+000
  0.37555250E+000
  0.37555272E+000
  0.37555293E+000
  0.37555312E+000
  0.37555330E+000
  0.37555347E+000
  0.37555362E+000
  0.37555376E+000
  0.37555389E+000
  0.37555400E+000
  0.37555411E+000
  0.37555421E+000
  0.37555430E+000
  0.37555439E+000
  0.37555447E+000
  0.37555454E+000
  0.37555461E+000
  0.37555467E+000
  0.37555473E+000
  0.37555479E+000
  0.37555484E+000
  0.37555490E+000
  0.37555495E+000
  0.37555500E+000
  0.37555504E+000
  0.37555509E+000
  0.37555514E+000
  0.37555519E+000
  0.37555523E+000
  0.37555528E+000
  0.37555533E+000
  0.37555538E+000
  0.37555543E+000
  0.37555548E+000
  0.37555553E+000
  0.37555558E+000
  0.37555563E+000
  0.37555568E+000
  0.37555574E+000
  0.37555579E+000
  0.37555585E+000
  0.37555590E+000
  0.37555596E+000
  0.37555602E+000
  0.37555607E+000
  0.37555613E+000
  0.37555619E+000
  0.37555625E+000
  0.37555630E+000
  0.37555636E+000
  0.37555641E+000
  0.37555647E+000
  0.37555652E+000
  0.37555658E+000
  0.37555663E+000
  0.37555668E+000
  0.37555673E+000
  0.37555678E+000
  0.37555682E+000
  0.37555687E+000
  0.37555691E+000
  0.37555695E+000
  0.37555699E+000
  0.37555703E+000
  0.37555707E+000
  0.37555710E+000
  0.37555714E+000
  0.37555717E+000
  0.37555720E+000
