  0.52304222E+000
  0.52446543E+000
  0.52430297E+000
  0.52404134E+000
  0.52381651E+000
  0.52363110E+000
  0.52347822E+000
  0.52335193E+000
  0.52324754E+000
  0.52316126E+000
  0.52309000E+000
  0.52303126E+000
  0.52298300E+000
  0.52294350E+000
  0.52291132E+000
  0.52288529E+000
  0.52286446E+000
  0.52284799E+000
  0.52283522E+000
  0.52282556E+000
  0.52281854E+000
  0.52281375E+000
  0.52281084E+000
  0.52280952E+000
  0.52280955E+000
  0.52281072E+000
  0.52281283E+000
  0.52281576E+000
  0.52281935E+000
  0.52282350E+000
  0.52282812E+000
  0.52283312E+000
  0.52283845E+000
  0.52284404E+000
  0.52284986E+000
  0.52285586E+000
  0.52286201E+000
  0.52286828E+000
  0.52287466E+000
  0.52288113E+000
  0.52288768E+000
  0.52289429E+000
  0.52290095E+000
  0.52290765E+000
  0.52291439E+000
  0.52292114E+000
  0.52292792E+000
  0.52293469E+000
  0.52294145E+000
  0.52294819E+000
  0.52295489E+000
  0.52296154E+000
  0.52296811E+000
  0.52297460E+000
  0.52298098E+000
  0.52298723E+000
  0.52299334E+000
  0.52299928E+000
  0.52300503E+000
  0.52301059E+000
  0.52301592E+000
  0.52302102E+000
  0.52302586E+000
  0.52303044E+000
  0.52303474E+000
  0.52303875E+000
  0.52304246E+000
  0.52304586E+000
  0.52304895E+000
  0.52305173E+000
  0.52305419E+000
  0.52305634E+000
  0.52305817E+000
  0.52305970E+000
  0.52306093E+000
  0.52306187E+000
  0.52306254E+000
  0.52306294E+000
  0.52306309E+000
  0.52306301E+000
  0.52306272E+000
  0.52306223E+000
  0.52306156E+000
  0.52306074E+000
  0.52305978E+000
  0.52305870E+000
  0.52305753E+000
  0.52305627E+000
  0.52305496E+000
  0.52305361E+000
  0.52305223E+000
  0.52305085E+000
  0.52304947E+000
  0.52304811E+000
  0.52304678E+000
  0.52304549E+000
  0.52304426E+000
  0.52304308E+000
  0.52304197E+000
  0.52304092E+000
  0.52303995E+000
  0.52303906E+000
  0.52303825E+000
  0.52303751E+000
  0.52303685E+000
  0.52303627E+000
  0.52303576E+000
  0.52303532E+000
  0.52303495E+000
  0.52303465E+000
  0.52303441E+000
  0.52303423E+000
  0.52303410E+000
  0.52303401E+000
  0.52303398E+000
  0.52303398E+000
  0.52303402E+000
  0.52303409E+000
  0.52303419E+000
  0.52303431E+000
  0.52303446E+000
  0.52303462E+000
  0.52303479E+000
  0.52303498E+000
  0.52303518E+000
  0.52303538E+000
  0.52303559E+000
  0.52303580E+000
  0.52303602E+000
  0.52303623E+000
  0.52303644E+000
  0.52303665E+000
  0.52303685E+000
  0.52303705E+000
  0.52303725E+000
  0.52303743E+000
  0.52303762E+000
  0.52303779E+000
  0.52303796E+000
  0.52303813E+000
  0.52303829E+000
  0.52303844E+000
  0.52303858E+000
  0.52303872E+000
  0.52303885E+000
  0.52303897E+000
  0.52303909E+000
  0.52303920E+000
  0.52303931E+000
  0.52303941E+000
  0.52303950E+000
  0.52303960E+000
  0.52303968E+000
  0.52303976E+000
  0.52303984E+000
  0.52303992E+000
  0.52303999E+000
  0.52304005E+000
  0.52304012E+000
  0.52304018E+000
  0.52304024E+000
  0.52304029E+000
  0.52304035E+000
  0.52304040E+000
  0.52304045E+000
  0.52304049E+000
  0.52304054E+000
  0.52304059E+000
  0.52304063E+000
  0.52304067E+000
  0.52304071E+000
  0.52304075E+000
  0.52304079E+000
  0.52304083E+000
  0.52304087E+000
  0.52304091E+000
  0.52304095E+000
  0.52304099E+000
  0.52304102E+000
  0.52304106E+000
  0.52304109E+000
  0.52304113E+000
  0.52304117E+000
  0.52304120E+000
  0.52304124E+000
  0.52304127E+000
  0.52304130E+000
  0.52304134E+000
  0.52304137E+000
  0.52304140E+000
  0.52304144E+000
  0.52304147E+000
  0.52304150E+000
  0.52304153E+000
  0.52304156E+000
  0.52304159E+000
  0.52304162E+000
  0.52304165E+000
  0.52304168E+000
  0.52304170E+000
