  0.69328195E-001
  0.69342762E-001
  0.69346746E-001
  0.69346964E-001
  0.69345681E-001
  0.69343709E-001
  0.69341413E-001
  0.69338993E-001
  0.69336567E-001
  0.69334206E-001
  0.69331958E-001
  0.69329849E-001
  0.69327896E-001
  0.69326106E-001
  0.69324483E-001
  0.69323023E-001
  0.69321724E-001
  0.69320579E-001
  0.69319581E-001
  0.69318722E-001
  0.69317993E-001
  0.69317386E-001
  0.69316893E-001
  0.69316503E-001
  0.69316209E-001
  0.69316002E-001
  0.69315875E-001
  0.69315819E-001
  0.69315827E-001
  0.69315893E-001
  0.69316009E-001
  0.69316171E-001
  0.69316371E-001
  0.69316606E-001
  0.69316869E-001
  0.69317158E-001
  0.69317468E-001
  0.69317795E-001
  0.69318138E-001
  0.69318492E-001
  0.69318855E-001
  0.69319227E-001
  0.69319604E-001
  0.69319985E-001
  0.69320369E-001
  0.69320754E-001
  0.69321139E-001
  0.69321524E-001
  0.69321906E-001
  0.69322286E-001
  0.69322662E-001
  0.69323033E-001
  0.69323398E-001
  0.69323757E-001
  0.69324108E-001
  0.69324449E-001
  0.69324781E-001
  0.69325103E-001
  0.69325412E-001
  0.69325708E-001
  0.69325991E-001
  0.69326260E-001
  0.69326513E-001
  0.69326751E-001
  0.69326973E-001
  0.69327178E-001
  0.69327367E-001
  0.69327538E-001
  0.69327693E-001
  0.69327831E-001
  0.69327952E-001
  0.69328057E-001
  0.69328146E-001
  0.69328220E-001
  0.69328279E-001
  0.69328324E-001
  0.69328356E-001
  0.69328375E-001
  0.69328382E-001
  0.69328379E-001
  0.69328366E-001
  0.69328344E-001
  0.69328314E-001
  0.69328277E-001
  0.69328234E-001
  0.69328186E-001
  0.69328134E-001
  0.69328078E-001
  0.69328020E-001
  0.69327961E-001
  0.69327900E-001
  0.69327839E-001
  0.69327779E-001
  0.69327720E-001
  0.69327662E-001
  0.69327606E-001
  0.69327553E-001
  0.69327502E-001
  0.69327455E-001
  0.69327410E-001
  0.69327369E-001
  0.69327332E-001
  0.69327299E-001
  0.69327269E-001
  0.69327243E-001
  0.69327220E-001
  0.69327202E-001
  0.69327186E-001
  0.69327175E-001
  0.69327166E-001
  0.69327161E-001
  0.69327158E-001
  0.69327159E-001
  0.69327162E-001
  0.69327167E-001
  0.69327175E-001
  0.69327185E-001
  0.69327197E-001
  0.69327210E-001
  0.69327225E-001
  0.69327241E-001
  0.69327258E-001
  0.69327277E-001
  0.69327296E-001
  0.69327316E-001
  0.69327336E-001
  0.69327357E-001
  0.69327378E-001
  0.69327399E-001
  0.69327421E-001
  0.69327442E-001
  0.69327463E-001
  0.69327485E-001
  0.69327506E-001
  0.69327527E-001
  0.69327547E-001
  0.69327567E-001
  0.69327587E-001
  0.69327606E-001
  0.69327625E-001
  0.69327643E-001
  0.69327661E-001
  0.69327678E-001
  0.69327695E-001
  0.69327711E-001
  0.69327727E-001
  0.69327742E-001
  0.69327757E-001
  0.69327771E-001
  0.69327785E-001
  0.69327798E-001
  0.69327811E-001
  0.69327823E-001
  0.69327835E-001
  0.69327846E-001
  0.69327857E-001
  0.69327867E-001
  0.69327878E-001
  0.69327887E-001
  0.69327897E-001
  0.69327905E-001
  0.69327914E-001
  0.69327922E-001
  0.69327931E-001
  0.69327938E-001
  0.69327946E-001
  0.69327953E-001
  0.69327960E-001
  0.69327967E-001
  0.69327974E-001
  0.69327980E-001
  0.69327986E-001
  0.69327992E-001
  0.69327998E-001
  0.69328004E-001
  0.69328010E-001
  0.69328015E-001
  0.69328021E-001
  0.69328026E-001
  0.69328031E-001
  0.69328036E-001
  0.69328042E-001
  0.69328046E-001
  0.69328051E-001
  0.69328056E-001
  0.69328061E-001
  0.69328065E-001
  0.69328070E-001
  0.69328074E-001
  0.69328079E-001
  0.69328083E-001
  0.69328087E-001
  0.69328092E-001
  0.69328096E-001
  0.69328100E-001
  0.69328103E-001
  0.69328107E-001
  0.69328111E-001
  0.69328115E-001
  0.69328118E-001
