  0.52114316E-006
  0.52113953E-006
  0.52113746E-006
  0.52113634E-006
  0.52113585E-006
  0.52113579E-006
  0.52113604E-006
  0.52113652E-006
  0.52113719E-006
  0.52113800E-006
  0.52113891E-006
  0.52113991E-006
  0.52114097E-006
  0.52114208E-006
  0.52114323E-006
  0.52114442E-006
  0.52114563E-006
  0.52114688E-006
  0.52114815E-006
  0.52114946E-006
  0.52115081E-006
  0.52115220E-006
  0.52115364E-006
  0.52115514E-006
  0.52115670E-006
  0.52115834E-006
  0.52116006E-006
  0.52116186E-006
  0.52116376E-006
  0.52116575E-006
  0.52116786E-006
  0.52117006E-006
  0.52117238E-006
  0.52117481E-006
  0.52117735E-006
  0.52117999E-006
  0.52118272E-006
  0.52118554E-006
  0.52118843E-006
  0.52119138E-006
  0.52119436E-006
  0.52119736E-006
  0.52120036E-006
  0.52120332E-006
  0.52120623E-006
  0.52120905E-006
  0.52121177E-006
  0.52121434E-006
  0.52121675E-006
  0.52121896E-006
  0.52122097E-006
  0.52122274E-006
  0.52122426E-006
  0.52122551E-006
  0.52122647E-006
  0.52122714E-006
  0.52122751E-006
  0.52122757E-006
  0.52122732E-006
  0.52122676E-006
  0.52122589E-006
  0.52122472E-006
  0.52122326E-006
  0.52122151E-006
  0.52121948E-006
  0.52121720E-006
  0.52121467E-006
  0.52121192E-006
  0.52120897E-006
  0.52120583E-006
  0.52120252E-006
  0.52119908E-006
  0.52119551E-006
  0.52119186E-006
  0.52118814E-006
  0.52118437E-006
  0.52118058E-006
  0.52117680E-006
  0.52117304E-006
  0.52116933E-006
  0.52116569E-006
  0.52116213E-006
  0.52115869E-006
  0.52115536E-006
  0.52115217E-006
  0.52114913E-006
  0.52114625E-006
  0.52114354E-006
  0.52114101E-006
  0.52113867E-006
  0.52113651E-006
  0.52113454E-006
  0.52113275E-006
  0.52113116E-006
  0.52112975E-006
  0.52112852E-006
  0.52112746E-006
  0.52112657E-006
  0.52112585E-006
  0.52112528E-006
  0.52112485E-006
  0.52112455E-006
  0.52112438E-006
  0.52112432E-006
  0.52112437E-006
  0.52112451E-006
  0.52112473E-006
  0.52112503E-006
  0.52112539E-006
  0.52112580E-006
  0.52112627E-006
  0.52112677E-006
  0.52112729E-006
  0.52112785E-006
  0.52112841E-006
  0.52112899E-006
  0.52112957E-006
  0.52113015E-006
  0.52113073E-006
  0.52113129E-006
  0.52113185E-006
  0.52113239E-006
  0.52113291E-006
  0.52113341E-006
  0.52113389E-006
  0.52113435E-006
  0.52113479E-006
  0.52113520E-006
  0.52113559E-006
  0.52113596E-006
  0.52113630E-006
  0.52113663E-006
  0.52113693E-006
  0.52113721E-006
  0.52113747E-006
  0.52113771E-006
  0.52113793E-006
  0.52113813E-006
  0.52113832E-006
  0.52113849E-006
  0.52113865E-006
  0.52113880E-006
  0.52113893E-006
  0.52113906E-006
  0.52113917E-006
  0.52113928E-006
  0.52113938E-006
  0.52113947E-006
  0.52113955E-006
  0.52113963E-006
  0.52113970E-006
  0.52113977E-006
  0.52113984E-006
  0.52113991E-006
  0.52113997E-006
  0.52114003E-006
  0.52114009E-006
  0.52114015E-006
  0.52114021E-006
  0.52114027E-006
  0.52114033E-006
  0.52114039E-006
  0.52114045E-006
  0.52114051E-006
  0.52114057E-006
  0.52114063E-006
  0.52114070E-006
  0.52114076E-006
  0.52114083E-006
  0.52114089E-006
  0.52114096E-006
  0.52114103E-006
  0.52114110E-006
  0.52114117E-006
  0.52114124E-006
  0.52114131E-006
  0.52114138E-006
  0.52114145E-006
  0.52114152E-006
  0.52114159E-006
  0.52114166E-006
  0.52114173E-006
  0.52114180E-006
  0.52114187E-006
  0.52114193E-006
  0.52114200E-006
  0.52114206E-006
  0.52114212E-006
  0.52114219E-006
  0.52114224E-006
  0.52114230E-006
  0.52114235E-006
  0.52114241E-006
  0.52114246E-006
  0.52114251E-006
  0.52114255E-006
  0.52114260E-006
  0.52114264E-006
  0.52114268E-006
  0.52114272E-006
