  0.23372266E+000
  0.23514788E+000
  0.23498657E+000
  0.23472556E+000
  0.23450101E+000
  0.23431563E+000
  0.23416261E+000
  0.23403605E+000
  0.23393129E+000
  0.23384456E+000
  0.23377280E+000
  0.23371350E+000
  0.23366465E+000
  0.23362453E+000
  0.23359171E+000
  0.23356503E+000
  0.23354352E+000
  0.23352637E+000
  0.23351289E+000
  0.23350250E+000
  0.23349473E+000
  0.23348917E+000
  0.23348546E+000
  0.23348331E+000
  0.23348247E+000
  0.23348273E+000
  0.23348389E+000
  0.23348581E+000
  0.23348835E+000
  0.23349139E+000
  0.23349484E+000
  0.23349862E+000
  0.23350266E+000
  0.23350691E+000
  0.23351132E+000
  0.23351585E+000
  0.23352048E+000
  0.23352519E+000
  0.23352997E+000
  0.23353480E+000
  0.23353969E+000
  0.23354463E+000
  0.23354963E+000
  0.23355469E+000
  0.23355981E+000
  0.23356500E+000
  0.23357027E+000
  0.23357561E+000
  0.23358104E+000
  0.23358654E+000
  0.23359213E+000
  0.23359779E+000
  0.23360353E+000
  0.23360932E+000
  0.23361516E+000
  0.23362104E+000
  0.23362695E+000
  0.23363285E+000
  0.23363875E+000
  0.23364461E+000
  0.23365043E+000
  0.23365618E+000
  0.23366183E+000
  0.23366739E+000
  0.23367281E+000
  0.23367808E+000
  0.23368320E+000
  0.23368813E+000
  0.23369286E+000
  0.23369738E+000
  0.23370167E+000
  0.23370573E+000
  0.23370954E+000
  0.23371310E+000
  0.23371640E+000
  0.23371943E+000
  0.23372220E+000
  0.23372470E+000
  0.23372694E+000
  0.23372892E+000
  0.23373065E+000
  0.23373213E+000
  0.23373338E+000
  0.23373440E+000
  0.23373521E+000
  0.23373582E+000
  0.23373625E+000
  0.23373650E+000
  0.23373659E+000
  0.23373654E+000
  0.23373636E+000
  0.23373607E+000
  0.23373568E+000
  0.23373521E+000
  0.23373466E+000
  0.23373406E+000
  0.23373341E+000
  0.23373272E+000
  0.23373201E+000
  0.23373129E+000
  0.23373056E+000
  0.23372983E+000
  0.23372911E+000
  0.23372841E+000
  0.23372772E+000
  0.23372706E+000
  0.23372643E+000
  0.23372583E+000
  0.23372526E+000
  0.23372472E+000
  0.23372423E+000
  0.23372376E+000
  0.23372334E+000
  0.23372295E+000
  0.23372260E+000
  0.23372228E+000
  0.23372200E+000
  0.23372175E+000
  0.23372153E+000
  0.23372134E+000
  0.23372117E+000
  0.23372104E+000
  0.23372092E+000
  0.23372083E+000
  0.23372076E+000
  0.23372071E+000
  0.23372068E+000
  0.23372066E+000
  0.23372065E+000
  0.23372066E+000
  0.23372068E+000
  0.23372071E+000
  0.23372075E+000
  0.23372079E+000
  0.23372084E+000
  0.23372090E+000
  0.23372096E+000
  0.23372102E+000
  0.23372109E+000
  0.23372116E+000
  0.23372122E+000
  0.23372129E+000
  0.23372136E+000
  0.23372143E+000
  0.23372150E+000
  0.23372156E+000
  0.23372163E+000
  0.23372169E+000
  0.23372175E+000
  0.23372181E+000
  0.23372186E+000
  0.23372191E+000
  0.23372196E+000
  0.23372201E+000
  0.23372205E+000
  0.23372209E+000
  0.23372213E+000
  0.23372216E+000
  0.23372219E+000
  0.23372222E+000
  0.23372224E+000
  0.23372227E+000
  0.23372229E+000
  0.23372231E+000
  0.23372232E+000
  0.23372233E+000
  0.23372235E+000
  0.23372235E+000
  0.23372236E+000
  0.23372237E+000
  0.23372237E+000
  0.23372237E+000
  0.23372238E+000
  0.23372238E+000
  0.23372238E+000
  0.23372238E+000
  0.23372237E+000
  0.23372237E+000
  0.23372237E+000
  0.23372237E+000
  0.23372236E+000
  0.23372236E+000
  0.23372236E+000
  0.23372236E+000
  0.23372235E+000
  0.23372235E+000
  0.23372235E+000
  0.23372235E+000
  0.23372235E+000
  0.23372235E+000
  0.23372235E+000
  0.23372235E+000
  0.23372235E+000
  0.23372236E+000
  0.23372236E+000
  0.23372237E+000
  0.23372237E+000
  0.23372238E+000
  0.23372239E+000
  0.23372238E+000
