  0.82261485E+000
  0.82261962E+000
  0.82262276E+000
  0.82262540E+000
  0.82262761E+000
  0.82262952E+000
  0.82263118E+000
  0.82263263E+000
  0.82263391E+000
  0.82263505E+000
  0.82263607E+000
  0.82263699E+000
  0.82263783E+000
  0.82263859E+000
  0.82263929E+000
  0.82263994E+000
  0.82264055E+000
  0.82264111E+000
  0.82264165E+000
  0.82264216E+000
  0.82264264E+000
  0.82264310E+000
  0.82264355E+000
  0.82264398E+000
  0.82264440E+000
  0.82264480E+000
  0.82264520E+000
  0.82264559E+000
  0.82264597E+000
  0.82264634E+000
  0.82264671E+000
  0.82264707E+000
  0.82264742E+000
  0.82264777E+000
  0.82264812E+000
  0.82264845E+000
  0.82264879E+000
  0.82264911E+000
  0.82264942E+000
  0.82264973E+000
  0.82265003E+000
  0.82265031E+000
  0.82265059E+000
  0.82265085E+000
  0.82265109E+000
  0.82265133E+000
  0.82265154E+000
  0.82265174E+000
  0.82265192E+000
  0.82265207E+000
  0.82265221E+000
  0.82265232E+000
  0.82265241E+000
  0.82265248E+000
  0.82265252E+000
  0.82265253E+000
  0.82265252E+000
  0.82265248E+000
  0.82265241E+000
  0.82265231E+000
  0.82265219E+000
  0.82265203E+000
  0.82265185E+000
  0.82265164E+000
  0.82265140E+000
  0.82265114E+000
  0.82265085E+000
  0.82265054E+000
  0.82265020E+000
  0.82264984E+000
  0.82264947E+000
  0.82264907E+000
  0.82264866E+000
  0.82264823E+000
  0.82264779E+000
  0.82264734E+000
  0.82264688E+000
  0.82264642E+000
  0.82264595E+000
  0.82264548E+000
  0.82264501E+000
  0.82264454E+000
  0.82264408E+000
  0.82264362E+000
  0.82264317E+000
  0.82264274E+000
  0.82264231E+000
  0.82264189E+000
  0.82264150E+000
  0.82264111E+000
  0.82264074E+000
  0.82264039E+000
  0.82264006E+000
  0.82263975E+000
  0.82263945E+000
  0.82263918E+000
  0.82263892E+000
  0.82263868E+000
  0.82263846E+000
  0.82263826E+000
  0.82263808E+000
  0.82263791E+000
  0.82263775E+000
  0.82263762E+000
  0.82263749E+000
  0.82263738E+000
  0.82263728E+000
  0.82263719E+000
  0.82263711E+000
  0.82263704E+000
  0.82263698E+000
  0.82263692E+000
  0.82263687E+000
  0.82263683E+000
  0.82263678E+000
  0.82263674E+000
  0.82263669E+000
  0.82263665E+000
  0.82263661E+000
  0.82263656E+000
  0.82263652E+000
  0.82263646E+000
  0.82263641E+000
  0.82263635E+000
  0.82263628E+000
  0.82263621E+000
  0.82263613E+000
  0.82263604E+000
  0.82263595E+000
  0.82263585E+000
  0.82263574E+000
  0.82263562E+000
  0.82263550E+000
  0.82263537E+000
  0.82263523E+000
  0.82263508E+000
  0.82263492E+000
  0.82263475E+000
  0.82263458E+000
  0.82263439E+000
  0.82263420E+000
  0.82263401E+000
  0.82263380E+000
  0.82263359E+000
  0.82263337E+000
  0.82263314E+000
  0.82263291E+000
  0.82263267E+000
  0.82263242E+000
  0.82263217E+000
  0.82263192E+000
  0.82263166E+000
  0.82263140E+000
  0.82263113E+000
  0.82263086E+000
  0.82263059E+000
  0.82263031E+000
  0.82263003E+000
  0.82262975E+000
  0.82262947E+000
  0.82262919E+000
  0.82262891E+000
  0.82262862E+000
  0.82262834E+000
  0.82262806E+000
  0.82262777E+000
  0.82262749E+000
  0.82262721E+000
  0.82262694E+000
  0.82262666E+000
  0.82262638E+000
  0.82262611E+000
  0.82262584E+000
  0.82262558E+000
  0.82262531E+000
  0.82262505E+000
  0.82262479E+000
  0.82262454E+000
  0.82262429E+000
  0.82262404E+000
  0.82262380E+000
  0.82262356E+000
  0.82262333E+000
  0.82262310E+000
  0.82262287E+000
  0.82262265E+000
  0.82262243E+000
  0.82262222E+000
  0.82262201E+000
  0.82262180E+000
  0.82262160E+000
  0.82262140E+000
  0.82262121E+000
  0.82262102E+000
  0.82262084E+000
  0.82262066E+000
  0.82262048E+000
  0.82262031E+000
  0.82262014E+000
  0.82261998E+000
