  0.43354482E+000
  0.43267122E+000
  0.43232309E+000
  0.43202708E+000
  0.43179052E+000
  0.43159953E+000
  0.43144249E+000
  0.43131091E+000
  0.43120249E+000
  0.43110939E+000
  0.43103043E+000
  0.43096738E+000
  0.43091350E+000
  0.43086793E+000
  0.43082951E+000
  0.43079677E+000
  0.43077089E+000
  0.43074805E+000
  0.43072955E+000
  0.43071364E+000
  0.43070031E+000
  0.43068927E+000
  0.43067905E+000
  0.43067176E+000
  0.43066648E+000
  0.43066108E+000
  0.43065670E+000
  0.43065331E+000
  0.43065082E+000
  0.43064873E+000
  0.43064768E+000
  0.43064675E+000
  0.43064594E+000
  0.43064572E+000
  0.43064547E+000
  0.43064472E+000
  0.43064444E+000
  0.43064435E+000
  0.43064479E+000
  0.43064413E+000
  0.43064428E+000
  0.43064422E+000
  0.43064498E+000
  0.43064570E+000
  0.43064563E+000
  0.43064612E+000
  0.43064605E+000
  0.43064718E+000
  0.43064815E+000
  0.43064873E+000
  0.43064914E+000
  0.43064984E+000
  0.43065038E+000
  0.43065097E+000
  0.43065157E+000
  0.43065229E+000
  0.43065313E+000
  0.43065323E+000
  0.43065372E+000
  0.43065456E+000
  0.43065662E+000
  0.43065627E+000
  0.43065652E+000
  0.43065775E+000
  0.43065867E+000
  0.43065939E+000
  0.43065992E+000
  0.43066088E+000
  0.43066148E+000
  0.43066216E+000
  0.43066262E+000
  0.43066306E+000
  0.43066379E+000
  0.43066422E+000
  0.43066436E+000
  0.43066478E+000
  0.43066522E+000
  0.43066584E+000
  0.43066623E+000
  0.43066658E+000
  0.43066689E+000
  0.43066716E+000
  0.43066733E+000
  0.43066751E+000
  0.43066765E+000
  0.43066775E+000
  0.43066782E+000
  0.43066784E+000
  0.43066785E+000
  0.43066782E+000
  0.43066773E+000
  0.43066761E+000
  0.43066741E+000
  0.43066732E+000
  0.43066711E+000
  0.43066680E+000
  0.43066654E+000
  0.43066618E+000
  0.43066590E+000
  0.43066562E+000
  0.43066526E+000
  0.43066468E+000
  0.43066431E+000
  0.43066390E+000
  0.43066350E+000
  0.43066220E+000
  0.43066174E+000
  0.43066167E+000
  0.43066117E+000
  0.43066061E+000
  0.43066011E+000
  0.43065961E+000
  0.43065907E+000
  0.43065854E+000
  0.43065802E+000
  0.43065749E+000
  0.43065695E+000
  0.43065640E+000
  0.43065584E+000
  0.43065524E+000
  0.43065468E+000
  0.43065409E+000
  0.43065350E+000
  0.43065289E+000
  0.43065228E+000
  0.43065167E+000
  0.43065107E+000
  0.43065045E+000
  0.43064982E+000
  0.43064919E+000
  0.43064855E+000
  0.43064790E+000
  0.43064725E+000
  0.43064659E+000
  0.43064593E+000
  0.43064527E+000
  0.43064459E+000
  0.43064392E+000
  0.43064324E+000
  0.43064255E+000
  0.43064186E+000
  0.43064117E+000
  0.43064047E+000
  0.43063977E+000
  0.43063906E+000
  0.43063836E+000
  0.43063765E+000
  0.43063694E+000
  0.43063623E+000
  0.43063552E+000
  0.43063481E+000
  0.43063409E+000
  0.43063338E+000
  0.43063267E+000
  0.43063195E+000
  0.43063124E+000
  0.43063054E+000
  0.43062983E+000
  0.43062913E+000
  0.43062843E+000
  0.43062774E+000
  0.43062704E+000
  0.43062636E+000
  0.43062567E+000
  0.43062500E+000
  0.43062433E+000
  0.43062366E+000
  0.43062300E+000
  0.43062235E+000
  0.43062170E+000
  0.43062107E+000
  0.43062044E+000
  0.43061982E+000
  0.43061920E+000
  0.43061860E+000
  0.43061800E+000
  0.43061741E+000
  0.43061683E+000
  0.43061627E+000
  0.43061571E+000
  0.43061516E+000
  0.43061461E+000
  0.43061408E+000
  0.43061356E+000
  0.43061305E+000
  0.43061255E+000
  0.43061206E+000
  0.43061158E+000
  0.43061111E+000
  0.43061065E+000
  0.43061020E+000
  0.43060976E+000
  0.43060933E+000
  0.43060891E+000
  0.43060850E+000
  0.43060810E+000
  0.43060771E+000
  0.43060734E+000
  0.43060697E+000
  0.43060661E+000
