  0.93159550E+000
  0.93163953E+000
  0.93165109E+000
  0.93165270E+000
  0.93165074E+000
  0.93164720E+000
  0.93164289E+000
  0.93163822E+000
  0.93163346E+000
  0.93162878E+000
  0.93162429E+000
  0.93162006E+000
  0.93161613E+000
  0.93161252E+000
  0.93160925E+000
  0.93160630E+000
  0.93160367E+000
  0.93160133E+000
  0.93159927E+000
  0.93159746E+000
  0.93159588E+000
  0.93159451E+000
  0.93159333E+000
  0.93159231E+000
  0.93159143E+000
  0.93159068E+000
  0.93159003E+000
  0.93158948E+000
  0.93158900E+000
  0.93158858E+000
  0.93158821E+000
  0.93158789E+000
  0.93158760E+000
  0.93158734E+000
  0.93158710E+000
  0.93158687E+000
  0.93158667E+000
  0.93158648E+000
  0.93158630E+000
  0.93158614E+000
  0.93158600E+000
  0.93158588E+000
  0.93158578E+000
  0.93158571E+000
  0.93158567E+000
  0.93158566E+000
  0.93158569E+000
  0.93158575E+000
  0.93158585E+000
  0.93158599E+000
  0.93158616E+000
  0.93158637E+000
  0.93158662E+000
  0.93158690E+000
  0.93158721E+000
  0.93158754E+000
  0.93158790E+000
  0.93158827E+000
  0.93158866E+000
  0.93158907E+000
  0.93158948E+000
  0.93158990E+000
  0.93159031E+000
  0.93159073E+000
  0.93159114E+000
  0.93159154E+000
  0.93159193E+000
  0.93159231E+000
  0.93159268E+000
  0.93159303E+000
  0.93159337E+000
  0.93159368E+000
  0.93159398E+000
  0.93159426E+000
  0.93159452E+000
  0.93159476E+000
  0.93159497E+000
  0.93159517E+000
  0.93159535E+000
  0.93159551E+000
  0.93159565E+000
  0.93159578E+000
  0.93159588E+000
  0.93159598E+000
  0.93159605E+000
  0.93159612E+000
  0.93159617E+000
  0.93159620E+000
  0.93159623E+000
  0.93159625E+000
  0.93159626E+000
  0.93159626E+000
  0.93159625E+000
  0.93159624E+000
  0.93159622E+000
  0.93159620E+000
  0.93159618E+000
  0.93159615E+000
  0.93159612E+000
  0.93159608E+000
  0.93159605E+000
  0.93159601E+000
  0.93159597E+000
  0.93159594E+000
  0.93159590E+000
  0.93159586E+000
  0.93159582E+000
  0.93159579E+000
  0.93159575E+000
  0.93159571E+000
  0.93159568E+000
  0.93159565E+000
  0.93159561E+000
  0.93159558E+000
  0.93159555E+000
  0.93159553E+000
  0.93159550E+000
  0.93159547E+000
  0.93159545E+000
  0.93159542E+000
  0.93159540E+000
  0.93159538E+000
  0.93159536E+000
  0.93159534E+000
  0.93159533E+000
  0.93159531E+000
  0.93159529E+000
  0.93159528E+000
  0.93159527E+000
  0.93159526E+000
  0.93159524E+000
  0.93159523E+000
  0.93159523E+000
  0.93159522E+000
  0.93159521E+000
  0.93159520E+000
  0.93159520E+000
  0.93159519E+000
  0.93159519E+000
  0.93159518E+000
  0.93159518E+000
  0.93159518E+000
  0.93159518E+000
  0.93159517E+000
  0.93159517E+000
  0.93159517E+000
  0.93159517E+000
  0.93159517E+000
  0.93159517E+000
  0.93159517E+000
  0.93159518E+000
  0.93159518E+000
  0.93159518E+000
  0.93159518E+000
  0.93159518E+000
  0.93159519E+000
  0.93159519E+000
  0.93159519E+000
  0.93159520E+000
  0.93159520E+000
  0.93159521E+000
  0.93159521E+000
  0.93159521E+000
  0.93159522E+000
  0.93159522E+000
  0.93159523E+000
  0.93159523E+000
  0.93159523E+000
  0.93159524E+000
  0.93159524E+000
  0.93159525E+000
  0.93159525E+000
  0.93159526E+000
  0.93159526E+000
  0.93159526E+000
  0.93159527E+000
  0.93159527E+000
  0.93159528E+000
  0.93159528E+000
  0.93159529E+000
  0.93159529E+000
  0.93159530E+000
  0.93159530E+000
  0.93159530E+000
  0.93159531E+000
  0.93159531E+000
  0.93159532E+000
  0.93159532E+000
  0.93159532E+000
  0.93159533E+000
  0.93159533E+000
  0.93159533E+000
  0.93159534E+000
  0.93159534E+000
  0.93159535E+000
  0.93159535E+000
  0.93159535E+000
  0.93159536E+000
  0.93159536E+000
  0.93159536E+000
