  0.35418922E+000
  0.35421805E+000
  0.35424341E+000
  0.35426609E+000
  0.35428554E+000
  0.35430393E+000
  0.35431725E+000
  0.35432562E+000
  0.35433397E+000
  0.35434006E+000
  0.35434514E+000
  0.35434893E+000
  0.35435194E+000
  0.35435394E+000
  0.35435538E+000
  0.35435614E+000
  0.35435615E+000
  0.35435596E+000
  0.35435599E+000
  0.35435510E+000
  0.35435377E+000
  0.35435236E+000
  0.35435074E+000
  0.35434882E+000
  0.35434941E+000
  0.35434726E+000
  0.35434506E+000
  0.35434271E+000
  0.35433994E+000
  0.35433734E+000
  0.35433482E+000
  0.35433163E+000
  0.35432906E+000
  0.35432629E+000
  0.35432359E+000
  0.35431848E+000
  0.35431559E+000
  0.35431287E+000
  0.35431002E+000
  0.35430728E+000
  0.35430449E+000
  0.35430170E+000
  0.35429883E+000
  0.35429583E+000
  0.35429306E+000
  0.35429033E+000
  0.35428760E+000
  0.35428484E+000
  0.35428193E+000
  0.35427959E+000
  0.35427697E+000
  0.35427442E+000
  0.35427177E+000
  0.35426926E+000
  0.35426695E+000
  0.35426453E+000
  0.35426222E+000
  0.35426012E+000
  0.35425796E+000
  0.35425590E+000
  0.35425401E+000
  0.35425217E+000
  0.35425099E+000
  0.35424933E+000
  0.35424794E+000
  0.35424658E+000
  0.35424531E+000
  0.35424420E+000
  0.35424319E+000
  0.35424230E+000
  0.35424150E+000
  0.35424081E+000
  0.35424019E+000
  0.35423967E+000
  0.35423918E+000
  0.35423880E+000
  0.35423851E+000
  0.35423828E+000
  0.35423810E+000
  0.35423798E+000
  0.35423790E+000
  0.35423787E+000
  0.35423786E+000
  0.35423788E+000
  0.35423791E+000
  0.35423797E+000
  0.35423804E+000
  0.35423811E+000
  0.35423822E+000
  0.35423829E+000
  0.35423837E+000
  0.35423841E+000
  0.35423844E+000
  0.35423844E+000
  0.35423843E+000
  0.35423840E+000
  0.35423834E+000
  0.35423825E+000
  0.35423813E+000
  0.35423799E+000
  0.35423781E+000
  0.35423763E+000
  0.35423741E+000
  0.35423715E+000
  0.35423687E+000
  0.35423658E+000
  0.35423626E+000
  0.35423594E+000
  0.35423557E+000
  0.35423518E+000
  0.35423477E+000
  0.35423434E+000
  0.35423389E+000
  0.35423343E+000
  0.35423294E+000
  0.35423245E+000
  0.35423194E+000
  0.35423142E+000
  0.35423088E+000
  0.35423035E+000
  0.35422980E+000
  0.35422923E+000
  0.35422865E+000
  0.35422807E+000
  0.35422747E+000
  0.35422687E+000
  0.35422626E+000
  0.35422565E+000
  0.35422502E+000
  0.35422439E+000
  0.35422375E+000
  0.35422311E+000
  0.35422246E+000
  0.35422180E+000
  0.35422114E+000
  0.35422047E+000
  0.35421980E+000
  0.35421912E+000
  0.35421843E+000
  0.35421774E+000
  0.35421705E+000
  0.35421635E+000
  0.35421565E+000
  0.35421495E+000
  0.35421424E+000
  0.35421353E+000
  0.35421282E+000
  0.35421210E+000
  0.35421138E+000
  0.35421066E+000
  0.35420994E+000
  0.35420922E+000
  0.35420850E+000
  0.35420778E+000
  0.35420705E+000
  0.35420633E+000
  0.35420561E+000
  0.35420490E+000
  0.35420418E+000
  0.35420347E+000
  0.35420276E+000
  0.35420205E+000
  0.35420135E+000
  0.35420065E+000
  0.35419995E+000
  0.35419926E+000
  0.35419858E+000
  0.35419790E+000
  0.35419723E+000
  0.35419656E+000
  0.35419590E+000
  0.35419525E+000
  0.35419461E+000
  0.35419397E+000
  0.35419335E+000
  0.35419273E+000
  0.35419211E+000
  0.35419151E+000
  0.35419092E+000
  0.35419033E+000
  0.35418976E+000
  0.35418919E+000
  0.35418864E+000
  0.35418809E+000
  0.35418755E+000
  0.35418703E+000
  0.35418651E+000
  0.35418600E+000
  0.35418551E+000
  0.35418502E+000
  0.35418455E+000
  0.35418408E+000
  0.35418363E+000
  0.35418318E+000
  0.35418275E+000
  0.35418233E+000
  0.35418191E+000
  0.35418151E+000
  0.35418111E+000
  0.35418073E+000
