 -0.57432092E+000 -0.43190780E+000 -0.11426195E+000 -0.56729871E-002 -0.39447190E-002 -0.10642722E-002  0.10817903E-002  0.96014761E+000  0.25658122E+001  0.51504776E+001  0.73807482E+001
 -0.57433284E+000 -0.43192886E+000 -0.11429718E+000 -0.56741135E-002 -0.39505353E-002 -0.10779050E-002  0.10754337E-002  0.96004179E+000  0.25657430E+001  0.51503648E+001  0.73806052E+001
 -0.57433940E+000 -0.43194227E+000 -0.11431687E+000 -0.56740501E-002 -0.39499379E-002 -0.10764175E-002  0.10753724E-002  0.95996385E+000  0.25656870E+001  0.51502710E+001  0.73804893E+001
 -0.57434185E+000 -0.43194917E+000 -0.11432572E+000 -0.56738767E-002 -0.39489037E-002 -0.10739487E-002  0.10763591E-002  0.95990802E+000  0.25656418E+001  0.51501937E+001  0.73803966E+001
 -0.57434137E+000 -0.43195093E+000 -0.11432733E+000 -0.56737107E-002 -0.39479973E-002 -0.10718083E-002  0.10773762E-002  0.95986924E+000  0.25656056E+001  0.51501306E+001  0.73803234E+001
 -0.57433891E+000 -0.43194886E+000 -0.11432414E+000 -0.56735631E-002 -0.39472386E-002 -0.10700312E-002  0.10782602E-002  0.95984350E+000  0.25655765E+001  0.51500796E+001  0.73802669E+001
 -0.57433520E+000 -0.43194409E+000 -0.11431785E+000 -0.56734336E-002 -0.39466050E-002 -0.10685573E-002  0.10790032E-002  0.95982763E+000  0.25655534E+001  0.51500389E+001  0.73802245E+001
 -0.57433081E+000 -0.43193756E+000 -0.11430960E+000 -0.56733206E-002 -0.39460753E-002 -0.10673331E-002  0.10796165E-002  0.95981918E+000  0.25655351E+001  0.51500072E+001  0.73801942E+001
 -0.57432614E+000 -0.43193001E+000 -0.11430024E+000 -0.56732222E-002 -0.39456323E-002 -0.10663158E-002  0.10801277E-002  0.95981623E+000  0.25655207E+001  0.51499830E+001  0.73801741E+001
 -0.57432147E+000 -0.43192201E+000 -0.11429035E+000 -0.56731368E-002 -0.39452620E-002 -0.10654706E-002  0.10805547E-002  0.95981730E+000  0.25655095E+001  0.51499654E+001  0.73801628E+001
 -0.57431700E+000 -0.43191397E+000 -0.11428035E+000 -0.56730627E-002 -0.39449525E-002 -0.10647689E-002  0.10809109E-002  0.95982127E+000  0.25655011E+001  0.51499535E+001  0.73801588E+001
 -0.57431283E+000 -0.43190618E+000 -0.11427056E+000 -0.56729988E-002 -0.39446945E-002 -0.10641874E-002  0.10812077E-002  0.95982732E+000  0.25654950E+001  0.51499465E+001  0.73801611E+001
 -0.57430905E+000 -0.43189885E+000 -0.11426118E+000 -0.56729436E-002 -0.39444799E-002 -0.10637069E-002  0.10814553E-002  0.95983480E+000  0.25654908E+001  0.51499439E+001  0.73801686E+001
 -0.57430567E+000 -0.43189210E+000 -0.11425236E+000 -0.56728963E-002 -0.39443020E-002 -0.10633114E-002  0.10816615E-002  0.95984326E+000  0.25654884E+001  0.51499450E+001  0.73801807E+001
 -0.57430272E+000 -0.43188599E+000 -0.11424419E+000 -0.56728559E-002 -0.39441552E-002 -0.10629873E-002  0.10818330E-002  0.95985236E+000  0.25654874E+001  0.51499495E+001  0.73801966E+001
 -0.57430017E+000 -0.43188055E+000 -0.11423673E+000 -0.56728214E-002 -0.39440347E-002 -0.10627234E-002  0.10819751E-002  0.95986188E+000  0.25654878E+001  0.51499570E+001  0.73802158E+001
 -0.57429802E+000 -0.43187578E+000 -0.11423000E+000 -0.56727924E-002 -0.39439368E-002 -0.10625107E-002  0.10820922E-002  0.95987163E+000  0.25654894E+001  0.51499671E+001  0.73802378E+001
 -0.57429622E+000 -0.43187167E+000 -0.11422400E+000 -0.56727680E-002 -0.39438580E-002 -0.10623412E-002  0.10821881E-002  0.95988152E+000  0.25654922E+001  0.51499796E+001  0.73802621E+001
 -0.57429476E+000 -0.43186817E+000 -0.11421873E+000 -0.56727479E-002 -0.39437956E-002 -0.10622084E-002  0.10822660E-002  0.95989147E+000  0.25654959E+001  0.51499941E+001  0.73802884E+001
 -0.57429360E+000 -0.43186526E+000 -0.11421416E+000 -0.56727315E-002 -0.39437472E-002 -0.10621068E-002  0.10823286E-002  0.95990144E+000  0.25655006E+001  0.51500105E+001  0.73803164E+001
 -0.57429271E+000 -0.43186288E+000 -0.11421025E+000 -0.56727183E-002 -0.39437109E-002 -0.10620317E-002  0.10823783E-002  0.95991140E+000  0.25655062E+001  0.51500286E+001  0.73803459E+001
 -0.57429206E+000 -0.43186100E+000 -0.11420699E+000 -0.56727081E-002 -0.39436848E-002 -0.10619792E-002  0.10824168E-002  0.95992134E+000  0.25655126E+001  0.51500480E+001  0.73803765E+001
 -0.57429163E+000 -0.43185956E+000 -0.11420431E+000 -0.56727004E-002 -0.39436675E-002 -0.10619459E-002  0.10824460E-002  0.95993128E+000  0.25655197E+001  0.51500688E+001  0.73804080E+001
 -0.57429139E+000 -0.43185853E+000 -0.11420218E+000 -0.56726950E-002 -0.39436577E-002 -0.10619289E-002  0.10824672E-002  0.95994120E+000  0.25655276E+001  0.51500906E+001  0.73804403E+001
 -0.57429132E+000 -0.43185786E+000 -0.11420055E+000 -0.56726917E-002 -0.39436545E-002 -0.10619258E-002  0.10824816E-002  0.95995113E+000  0.25655363E+001  0.51501134E+001  0.73804730E+001
 -0.57429140E+000 -0.43185751E+000 -0.11419939E+000 -0.56726901E-002 -0.39436567E-002 -0.10619345E-002  0.10824904E-002  0.95996108E+000  0.25655455E+001  0.51501369E+001  0.73805061E+001
 -0.57429161E+000 -0.43185744E+000 -0.11419865E+000 -0.56726900E-002 -0.39436637E-002 -0.10619531E-002  0.10824945E-002  0.95997107E+000  0.25655554E+001  0.51501612E+001  0.73805394E+001
 -0.57429192E+000 -0.43185762E+000 -0.11419829E+000 -0.56726914E-002 -0.39436747E-002 -0.10619802E-002  0.10824946E-002  0.95998109E+000  0.25655658E+001  0.51501859E+001  0.73805726E+001
 -0.57429234E+000 -0.43185803E+000 -0.11419827E+000 -0.56726939E-002 -0.39436891E-002 -0.10620144E-002  0.10824914E-002  0.95999116E+000  0.25655768E+001  0.51502110E+001  0.73806055E+001
 -0.57429284E+000 -0.43185862E+000 -0.11419854E+000 -0.56726975E-002 -0.39437064E-002 -0.10620546E-002  0.10824855E-002  0.96000128E+000  0.25655882E+001  0.51502363E+001  0.73806380E+001
 -0.57429342E+000 -0.43185939E+000 -0.11419909E+000 -0.56727019E-002 -0.39437261E-002 -0.10620998E-002  0.10824774E-002  0.96001145E+000  0.25656000E+001  0.51502617E+001  0.73806699E+001
 -0.57429405E+000 -0.43186029E+000 -0.11419987E+000 -0.56727072E-002 -0.39437479E-002 -0.10621492E-002  0.10824675E-002  0.96002166E+000  0.25656121E+001  0.51502869E+001  0.73807010E+001
 -0.57429474E+000 -0.43186132E+000 -0.11420086E+000 -0.56727131E-002 -0.39437715E-002 -0.10622021E-002  0.10824563E-002  0.96003190E+000  0.25656245E+001  0.51503120E+001  0.73807311E+001
 -0.57429548E+000 -0.43186246E+000 -0.11420202E+000 -0.56727196E-002 -0.39437964E-002 -0.10622579E-002  0.10824439E-002  0.96004215E+000  0.25656371E+001  0.51503367E+001  0.73807600E+001
 -0.57429625E+000 -0.43186368E+000 -0.11420334E+000 -0.56727266E-002 -0.39438227E-002 -0.10623161E-002  0.10824306E-002  0.96005238E+000  0.25656499E+001  0.51503608E+001  0.73807877E+001
 -0.57429706E+000 -0.43186498E+000 -0.11420479E+000 -0.56727339E-002 -0.39438499E-002 -0.10623764E-002  0.10824168E-002  0.96006255E+000  0.25656627E+001  0.51503842E+001  0.73808138E+001
 -0.57429789E+000 -0.43186635E+000 -0.11420635E+000 -0.56727417E-002 -0.39438779E-002 -0.10624383E-002  0.10824024E-002  0.96007262E+000  0.25656754E+001  0.51504068E+001  0.73808382E+001
 -0.57429875E+000 -0.43186776E+000 -0.11420800E+000 -0.56727497E-002 -0.39439067E-002 -0.10625017E-002  0.10823877E-002  0.96008254E+000  0.25656880E+001  0.51504284E+001  0.73808609E+001
 -0.57429963E+000 -0.43186922E+000 -0.11420972E+000 -0.56727579E-002 -0.39439361E-002 -0.10625662E-002  0.10823727E-002  0.96009226E+000  0.25657004E+001  0.51504488E+001  0.73808817E+001
 -0.57430052E+000 -0.43187072E+000 -0.11421151E+000 -0.56727664E-002 -0.39439659E-002 -0.10626317E-002  0.10823575E-002  0.96010173E+000  0.25657125E+001  0.51504681E+001  0.73809005E+001
 -0.57430142E+000 -0.43187224E+000 -0.11421335E+000 -0.56727750E-002 -0.39439962E-002 -0.10626981E-002  0.10823422E-002  0.96011087E+000  0.25657243E+001  0.51504860E+001  0.73809172E+001
 -0.57430234E+000 -0.43187379E+000 -0.11421524E+000 -0.56727838E-002 -0.39440268E-002 -0.10627651E-002  0.10823268E-002  0.96011965E+000  0.25657356E+001  0.51505025E+001  0.73809318E+001
 -0.57430327E+000 -0.43187535E+000 -0.11421715E+000 -0.56727926E-002 -0.39440576E-002 -0.10628326E-002  0.10823114E-002  0.96012798E+000  0.25657463E+001  0.51505175E+001  0.73809444E+001
 -0.57430420E+000 -0.43187693E+000 -0.11421909E+000 -0.56728015E-002 -0.39440887E-002 -0.10629007E-002  0.10822959E-002  0.96013583E+000  0.25657565E+001  0.51505310E+001  0.73809548E+001
 -0.57430513E+000 -0.43187851E+000 -0.11422105E+000 -0.56728105E-002 -0.39441200E-002 -0.10629690E-002  0.10822803E-002  0.96014315E+000  0.25657661E+001  0.51505430E+001  0.73809632E+001
 -0.57430607E+000 -0.43188010E+000 -0.11422301E+000 -0.56728195E-002 -0.39441513E-002 -0.10630376E-002  0.10822646E-002  0.96014988E+000  0.25657750E+001  0.51505534E+001  0.73809696E+001
 -0.57430701E+000 -0.43188169E+000 -0.11422499E+000 -0.56728285E-002 -0.39441827E-002 -0.10631063E-002  0.10822489E-002  0.96015601E+000  0.25657832E+001  0.51505623E+001  0.73809741E+001
 -0.57430795E+000 -0.43188328E+000 -0.11422696E+000 -0.56728376E-002 -0.39442141E-002 -0.10631750E-002  0.10822331E-002  0.96016150E+000  0.25657907E+001  0.51505697E+001  0.73809767E+001
 -0.57430888E+000 -0.43188487E+000 -0.11422893E+000 -0.56728465E-002 -0.39442455E-002 -0.10632436E-002  0.10822173E-002  0.96016634E+000  0.25657975E+001  0.51505757E+001  0.73809776E+001
 -0.57430981E+000 -0.43188644E+000 -0.11423089E+000 -0.56728555E-002 -0.39442767E-002 -0.10633119E-002  0.10822013E-002  0.96017053E+000  0.25658036E+001  0.51505804E+001  0.73809770E+001
 -0.57431073E+000 -0.43188800E+000 -0.11423284E+000 -0.56728643E-002 -0.39443077E-002 -0.10633799E-002  0.10821854E-002  0.96017407E+000  0.25658090E+001  0.51505838E+001  0.73809748E+001
 -0.57431164E+000 -0.43188954E+000 -0.11423476E+000 -0.56728731E-002 -0.39443384E-002 -0.10634472E-002  0.10821694E-002  0.96017697E+000  0.25658137E+001  0.51505859E+001  0.73809713E+001
 -0.57431253E+000 -0.43189106E+000 -0.11423667E+000 -0.56728818E-002 -0.39443688E-002 -0.10635138E-002  0.10821533E-002  0.96017926E+000  0.25658178E+001  0.51505870E+001  0.73809666E+001
 -0.57431341E+000 -0.43189255E+000 -0.11423854E+000 -0.56728903E-002 -0.39443988E-002 -0.10635795E-002  0.10821373E-002  0.96018096E+000  0.25658213E+001  0.51505870E+001  0.73809608E+001
 -0.57431427E+000 -0.43189401E+000 -0.11424037E+000 -0.56728986E-002 -0.39444282E-002 -0.10636441E-002  0.10821214E-002  0.96018211E+000  0.25658242E+001  0.51505862E+001  0.73809540E+001
 -0.57431510E+000 -0.43189544E+000 -0.11424216E+000 -0.56729068E-002 -0.39444570E-002 -0.10637074E-002  0.10821055E-002  0.96018274E+000  0.25658266E+001  0.51505844E+001  0.73809464E+001
 -0.57431591E+000 -0.43189682E+000 -0.11424391E+000 -0.56729147E-002 -0.39444851E-002 -0.10637691E-002  0.10820898E-002  0.96018290E+000  0.25658284E+001  0.51505820E+001  0.73809380E+001
 -0.57431669E+000 -0.43189815E+000 -0.11424560E+000 -0.56729225E-002 -0.39445125E-002 -0.10638292E-002  0.10820743E-002  0.96018263E+000  0.25658298E+001  0.51505788E+001  0.73809290E+001
 -0.57431744E+000 -0.43189944E+000 -0.11424723E+000 -0.56729299E-002 -0.39445390E-002 -0.10638874E-002  0.10820590E-002  0.96018197E+000  0.25658308E+001  0.51505751E+001  0.73809194E+001
 -0.57431815E+000 -0.43190067E+000 -0.11424880E+000 -0.56729371E-002 -0.39445645E-002 -0.10639435E-002  0.10820440E-002  0.96018097E+000  0.25658314E+001  0.51505708E+001  0.73809095E+001
 -0.57431883E+000 -0.43190183E+000 -0.11425030E+000 -0.56729440E-002 -0.39445890E-002 -0.10639974E-002  0.10820293E-002  0.96017966E+000  0.25658317E+001  0.51505662E+001  0.73808992E+001
 -0.57431947E+000 -0.43190294E+000 -0.11425172E+000 -0.56729505E-002 -0.39446124E-002 -0.10640488E-002  0.10820149E-002  0.96017808E+000  0.25658316E+001  0.51505611E+001  0.73808887E+001
 -0.57432006E+000 -0.43190398E+000 -0.11425307E+000 -0.56729567E-002 -0.39446346E-002 -0.10640977E-002  0.10820010E-002  0.96017627E+000  0.25658312E+001  0.51505557E+001  0.73808781E+001
 -0.57432061E+000 -0.43190494E+000 -0.11425433E+000 -0.56729625E-002 -0.39446555E-002 -0.10641439E-002  0.10819876E-002  0.96017426E+000  0.25658305E+001  0.51505501E+001  0.73808673E+001
 -0.57432112E+000 -0.43190584E+000 -0.11425551E+000 -0.56729680E-002 -0.39446752E-002 -0.10641872E-002  0.10819746E-002  0.96017209E+000  0.25658296E+001  0.51505442E+001  0.73808566E+001
 -0.57432157E+000 -0.43190666E+000 -0.11425660E+000 -0.56729731E-002 -0.39446935E-002 -0.10642276E-002  0.10819621E-002  0.96016978E+000  0.25658285E+001  0.51505382E+001  0.73808458E+001
 -0.57432199E+000 -0.43190740E+000 -0.11425760E+000 -0.56729777E-002 -0.39447105E-002 -0.10642650E-002  0.10819502E-002  0.96016737E+000  0.25658272E+001  0.51505321E+001  0.73808352E+001
 -0.57432235E+000 -0.43190807E+000 -0.11425851E+000 -0.56729820E-002 -0.39447260E-002 -0.10642993E-002  0.10819389E-002  0.96016486E+000  0.25658257E+001  0.51505259E+001  0.73808248E+001
 -0.57432266E+000 -0.43190866E+000 -0.11425933E+000 -0.56729859E-002 -0.39447401E-002 -0.10643304E-002  0.10819282E-002  0.96016230E+000  0.25658240E+001  0.51505196E+001  0.73808145E+001
 -0.57432293E+000 -0.43190917E+000 -0.11426005E+000 -0.56729893E-002 -0.39447527E-002 -0.10643583E-002  0.10819181E-002  0.96015969E+000  0.25658222E+001  0.51505134E+001  0.73808045E+001
 -0.57432315E+000 -0.43190960E+000 -0.11426069E+000 -0.56729924E-002 -0.39447639E-002 -0.10643830E-002  0.10819086E-002  0.96015705E+000  0.25658202E+001  0.51505071E+001  0.73807947E+001
 -0.57432332E+000 -0.43190996E+000 -0.11426123E+000 -0.56729951E-002 -0.39447737E-002 -0.10644046E-002  0.10818997E-002  0.96015441E+000  0.25658181E+001  0.51505009E+001  0.73807852E+001
 -0.57432345E+000 -0.43191025E+000 -0.11426169E+000 -0.56729973E-002 -0.39447820E-002 -0.10644230E-002  0.10818915E-002  0.96015176E+000  0.25658160E+001  0.51504948E+001  0.73807761E+001
 -0.57432354E+000 -0.43191046E+000 -0.11426206E+000 -0.56729992E-002 -0.39447889E-002 -0.10644384E-002  0.10818840E-002  0.96014914E+000  0.25658137E+001  0.51504887E+001  0.73807672E+001
 -0.57432358E+000 -0.43191061E+000 -0.11426235E+000 -0.56730007E-002 -0.39447945E-002 -0.10644507E-002  0.10818771E-002  0.96014654E+000  0.25658114E+001  0.51504827E+001  0.73807586E+001
 -0.57432358E+000 -0.43191069E+000 -0.11426257E+000 -0.56730019E-002 -0.39447988E-002 -0.10644602E-002  0.10818708E-002  0.96014398E+000  0.25658090E+001  0.51504769E+001  0.73807504E+001
 -0.57432355E+000 -0.43191072E+000 -0.11426270E+000 -0.56730027E-002 -0.39448018E-002 -0.10644669E-002  0.10818651E-002  0.96014147E+000  0.25658066E+001  0.51504711E+001  0.73807426E+001
 -0.57432348E+000 -0.43191068E+000 -0.11426277E+000 -0.56730032E-002 -0.39448036E-002 -0.10644709E-002  0.10818600E-002  0.96013902E+000  0.25658041E+001  0.51504655E+001  0.73807350E+001
 -0.57432338E+000 -0.43191059E+000 -0.11426277E+000 -0.56730034E-002 -0.39448043E-002 -0.10644724E-002  0.10818555E-002  0.96013664E+000  0.25658017E+001  0.51504601E+001  0.73807279E+001
 -0.57432326E+000 -0.43191045E+000 -0.11426271E+000 -0.56730033E-002 -0.39448039E-002 -0.10644716E-002  0.10818516E-002  0.96013432E+000  0.25657992E+001  0.51504548E+001  0.73807210E+001
 -0.57432310E+000 -0.43191027E+000 -0.11426260E+000 -0.56730029E-002 -0.39448026E-002 -0.10644687E-002  0.10818482E-002  0.96013209E+000  0.25657967E+001  0.51504496E+001  0.73807146E+001
 -0.57432293E+000 -0.43191005E+000 -0.11426244E+000 -0.56730023E-002 -0.39448004E-002 -0.10644638E-002  0.10818453E-002  0.96012994E+000  0.25657942E+001  0.51504447E+001  0.73807084E+001
 -0.57432274E+000 -0.43190980E+000 -0.11426223E+000 -0.56730015E-002 -0.39447974E-002 -0.10644571E-002  0.10818428E-002  0.96012788E+000  0.25657918E+001  0.51504399E+001  0.73807026E+001
 -0.57432253E+000 -0.43190952E+000 -0.11426198E+000 -0.56730006E-002 -0.39447937E-002 -0.10644489E-002  0.10818408E-002  0.96012591E+000  0.25657894E+001  0.51504353E+001  0.73806972E+001
 -0.57432230E+000 -0.43190921E+000 -0.11426170E+000 -0.56729994E-002 -0.39447894E-002 -0.10644393E-002  0.10818393E-002  0.96012404E+000  0.25657871E+001  0.51504310E+001  0.73806921E+001
 -0.57432207E+000 -0.43190888E+000 -0.11426140E+000 -0.56729981E-002 -0.39447845E-002 -0.10644285E-002  0.10818380E-002  0.96012228E+000  0.25657848E+001  0.51504268E+001  0.73806873E+001
 -0.57432183E+000 -0.43190854E+000 -0.11426107E+000 -0.56729967E-002 -0.39447793E-002 -0.10644168E-002  0.10818372E-002  0.96012061E+000  0.25657827E+001  0.51504229E+001  0.73806829E+001
 -0.57432159E+000 -0.43190819E+000 -0.11426072E+000 -0.56729953E-002 -0.39447736E-002 -0.10644042E-002  0.10818366E-002  0.96011906E+000  0.25657806E+001  0.51504193E+001  0.73806789E+001
 -0.57432134E+000 -0.43190783E+000 -0.11426037E+000 -0.56729937E-002 -0.39447677E-002 -0.10643911E-002  0.10818363E-002  0.96011762E+000  0.25657786E+001  0.51504158E+001  0.73806752E+001
 -0.57432110E+000 -0.43190747E+000 -0.11426000E+000 -0.56729921E-002 -0.39447617E-002 -0.10643776E-002  0.10818362E-002  0.96011628E+000  0.25657767E+001  0.51504126E+001  0.73806718E+001
 -0.57432085E+000 -0.43190711E+000 -0.11425964E+000 -0.56729905E-002 -0.39447555E-002 -0.10643638E-002  0.10818363E-002  0.96011506E+000  0.25657749E+001  0.51504097E+001  0.73806688E+001
 -0.57432062E+000 -0.43190675E+000 -0.11425927E+000 -0.56729888E-002 -0.39447493E-002 -0.10643500E-002  0.10818365E-002  0.96011396E+000  0.25657732E+001  0.51504070E+001  0.73806661E+001
 -0.57432039E+000 -0.43190640E+000 -0.11425891E+000 -0.56729872E-002 -0.39447431E-002 -0.10643362E-002  0.10818369E-002  0.96011296E+000  0.25657717E+001  0.51504046E+001  0.73806638E+001
 -0.57432017E+000 -0.43190607E+000 -0.11425855E+000 -0.56729856E-002 -0.39447370E-002 -0.10643226E-002  0.10818375E-002  0.96011208E+000  0.25657703E+001  0.51504025E+001  0.73806617E+001
 -0.57431995E+000 -0.43190574E+000 -0.11425821E+000 -0.56729841E-002 -0.39447311E-002 -0.10643094E-002  0.10818380E-002  0.96011131E+000  0.25657691E+001  0.51504006E+001  0.73806601E+001
 -0.57431975E+000 -0.43190544E+000 -0.11425789E+000 -0.56729825E-002 -0.39447253E-002 -0.10642965E-002  0.10818387E-002  0.96011065E+000  0.25657679E+001  0.51503990E+001  0.73806587E+001
 -0.57431956E+000 -0.43190514E+000 -0.11425758E+000 -0.56729811E-002 -0.39447198E-002 -0.10642842E-002  0.10818393E-002  0.96011010E+000  0.25657670E+001  0.51503977E+001  0.73806577E+001
 -0.57431939E+000 -0.43190487E+000 -0.11425728E+000 -0.56729797E-002 -0.39447145E-002 -0.10642724E-002  0.10818400E-002  0.96010965E+000  0.25657661E+001  0.51503966E+001  0.73806569E+001
 -0.57431922E+000 -0.43190462E+000 -0.11425701E+000 -0.56729784E-002 -0.39447095E-002 -0.10642613E-002  0.10818407E-002  0.96010930E+000  0.25657654E+001  0.51503958E+001  0.73806565E+001
 -0.57431907E+000 -0.43190439E+000 -0.11425676E+000 -0.56729772E-002 -0.39447049E-002 -0.10642509E-002  0.10818413E-002  0.96010906E+000  0.25657648E+001  0.51503952E+001  0.73806564E+001
 -0.57431894E+000 -0.43190417E+000 -0.11425653E+000 -0.56729761E-002 -0.39447005E-002 -0.10642413E-002  0.10818419E-002  0.96010891E+000  0.25657644E+001  0.51503949E+001  0.73806565E+001
 -0.57431882E+000 -0.43190398E+000 -0.11425633E+000 -0.56729750E-002 -0.39446965E-002 -0.10642324E-002  0.10818424E-002  0.96010885E+000  0.25657641E+001  0.51503948E+001  0.73806569E+001
 -0.57431871E+000 -0.43190381E+000 -0.11425614E+000 -0.56729741E-002 -0.39446929E-002 -0.10642242E-002  0.10818429E-002  0.96010887E+000  0.25657640E+001  0.51503949E+001  0.73806575E+001
 -0.57431862E+000 -0.43190366E+000 -0.11425599E+000 -0.56729733E-002 -0.39446896E-002 -0.10642169E-002  0.10818433E-002  0.96010898E+000  0.25657639E+001  0.51503952E+001  0.73806583E+001
 -0.57431854E+000 -0.43190354E+000 -0.11425585E+000 -0.56729725E-002 -0.39446867E-002 -0.10642104E-002  0.10818437E-002  0.96010917E+000  0.25657640E+001  0.51503958E+001  0.73806594E+001
 -0.57431847E+000 -0.43190343E+000 -0.11425574E+000 -0.56729719E-002 -0.39446841E-002 -0.10642046E-002  0.10818439E-002  0.96010943E+000  0.25657642E+001  0.51503965E+001  0.73806606E+001
 -0.57431841E+000 -0.43190334E+000 -0.11425565E+000 -0.56729713E-002 -0.39446819E-002 -0.10641995E-002  0.10818441E-002  0.96010976E+000  0.25657644E+001  0.51503974E+001  0.73806620E+001
 -0.57431837E+000 -0.43190327E+000 -0.11425558E+000 -0.56729708E-002 -0.39446800E-002 -0.10641952E-002  0.10818442E-002  0.96011014E+000  0.25657648E+001  0.51503984E+001  0.73806636E+001
 -0.57431834E+000 -0.43190322E+000 -0.11425553E+000 -0.56729704E-002 -0.39446784E-002 -0.10641916E-002  0.10818442E-002  0.96011059E+000  0.25657653E+001  0.51503996E+001  0.73806652E+001
 -0.57431832E+000 -0.43190319E+000 -0.11425550E+000 -0.56729701E-002 -0.39446771E-002 -0.10641886E-002  0.10818441E-002  0.96011108E+000  0.25657659E+001  0.51504009E+001  0.73806670E+001
 -0.57431831E+000 -0.43190317E+000 -0.11425549E+000 -0.56729699E-002 -0.39446761E-002 -0.10641863E-002  0.10818439E-002  0.96011163E+000  0.25657665E+001  0.51504023E+001  0.73806689E+001
 -0.57431830E+000 -0.43190317E+000 -0.11425550E+000 -0.56729698E-002 -0.39446753E-002 -0.10641845E-002  0.10818437E-002  0.96011221E+000  0.25657672E+001  0.51504038E+001  0.73806709E+001
 -0.57431831E+000 -0.43190318E+000 -0.11425553E+000 -0.56729697E-002 -0.39446748E-002 -0.10641832E-002  0.10818434E-002  0.96011283E+000  0.25657679E+001  0.51504054E+001  0.73806729E+001
 -0.57431832E+000 -0.43190320E+000 -0.11425557E+000 -0.56729697E-002 -0.39446745E-002 -0.10641825E-002  0.10818430E-002  0.96011348E+000  0.25657687E+001  0.51504070E+001  0.73806750E+001
 -0.57431834E+000 -0.43190324E+000 -0.11425562E+000 -0.56729697E-002 -0.39446744E-002 -0.10641822E-002  0.10818425E-002  0.96011416E+000  0.25657696E+001  0.51504087E+001  0.73806771E+001
 -0.57431837E+000 -0.43190329E+000 -0.11425569E+000 -0.56729698E-002 -0.39446745E-002 -0.10641823E-002  0.10818420E-002  0.96011486E+000  0.25657705E+001  0.51504105E+001  0.73806793E+001
 -0.57431840E+000 -0.43190334E+000 -0.11425577E+000 -0.56729699E-002 -0.39446748E-002 -0.10641828E-002  0.10818414E-002  0.96011557E+000  0.25657714E+001  0.51504123E+001  0.73806814E+001
 -0.57431844E+000 -0.43190341E+000 -0.11425586E+000 -0.56729701E-002 -0.39446752E-002 -0.10641836E-002  0.10818407E-002  0.96011631E+000  0.25657723E+001  0.51504141E+001  0.73806835E+001
 -0.57431848E+000 -0.43190348E+000 -0.11425595E+000 -0.56729703E-002 -0.39446757E-002 -0.10641847E-002  0.10818400E-002  0.96011705E+000  0.25657733E+001  0.51504159E+001  0.73806856E+001
 -0.57431853E+000 -0.43190355E+000 -0.11425606E+000 -0.56729706E-002 -0.39446764E-002 -0.10641861E-002  0.10818392E-002  0.96011780E+000  0.25657743E+001  0.51504177E+001  0.73806877E+001
 -0.57431858E+000 -0.43190364E+000 -0.11425617E+000 -0.56729709E-002 -0.39446772E-002 -0.10641876E-002  0.10818384E-002  0.96011855E+000  0.25657753E+001  0.51504195E+001  0.73806898E+001
 -0.57431863E+000 -0.43190372E+000 -0.11425629E+000 -0.56729712E-002 -0.39446780E-002 -0.10641893E-002  0.10818376E-002  0.96011931E+000  0.25657763E+001  0.51504213E+001  0.73806918E+001
 -0.57431868E+000 -0.43190382E+000 -0.11425641E+000 -0.56729715E-002 -0.39446789E-002 -0.10641912E-002  0.10818367E-002  0.96012006E+000  0.25657773E+001  0.51504231E+001  0.73806938E+001
 -0.57431874E+000 -0.43190391E+000 -0.11425654E+000 -0.56729719E-002 -0.39446799E-002 -0.10641932E-002  0.10818359E-002  0.96012081E+000  0.25657782E+001  0.51504248E+001  0.73806957E+001
 -0.57431879E+000 -0.43190401E+000 -0.11425667E+000 -0.56729722E-002 -0.39446809E-002 -0.10641953E-002  0.10818349E-002  0.96012155E+000  0.25657792E+001  0.51504265E+001  0.73806976E+001
 -0.57431885E+000 -0.43190410E+000 -0.11425680E+000 -0.56729726E-002 -0.39446819E-002 -0.10641975E-002  0.10818340E-002  0.96012229E+000  0.25657802E+001  0.51504282E+001  0.73806994E+001
 -0.57431891E+000 -0.43190420E+000 -0.11425693E+000 -0.56729730E-002 -0.39446830E-002 -0.10641997E-002  0.10818331E-002  0.96012302E+000  0.25657812E+001  0.51504298E+001  0.73807011E+001
 -0.57431896E+000 -0.43190430E+000 -0.11425707E+000 -0.56729734E-002 -0.39446841E-002 -0.10642020E-002  0.10818321E-002  0.96012373E+000  0.25657821E+001  0.51504314E+001  0.73807028E+001
 -0.57431902E+000 -0.43190440E+000 -0.11425720E+000 -0.56729737E-002 -0.39446852E-002 -0.10642042E-002  0.10818311E-002  0.96012443E+000  0.25657830E+001  0.51504329E+001  0.73807044E+001
 -0.57431908E+000 -0.43190450E+000 -0.11425733E+000 -0.56729741E-002 -0.39446863E-002 -0.10642065E-002  0.10818302E-002  0.96012512E+000  0.25657839E+001  0.51504344E+001  0.73807060E+001
 -0.57431913E+000 -0.43190460E+000 -0.11425747E+000 -0.56729745E-002 -0.39446874E-002 -0.10642087E-002  0.10818292E-002  0.96012579E+000  0.25657848E+001  0.51504359E+001  0.73807075E+001
 -0.57431919E+000 -0.43190470E+000 -0.11425760E+000 -0.56729749E-002 -0.39446884E-002 -0.10642110E-002  0.10818282E-002  0.96012645E+000  0.25657857E+001  0.51504373E+001  0.73807089E+001
 -0.57431924E+000 -0.43190480E+000 -0.11425773E+000 -0.56729753E-002 -0.39446895E-002 -0.10642131E-002  0.10818273E-002  0.96012709E+000  0.25657865E+001  0.51504386E+001  0.73807103E+001
 -0.57431930E+000 -0.43190489E+000 -0.11425786E+000 -0.56729757E-002 -0.39446905E-002 -0.10642153E-002  0.10818263E-002  0.96012772E+000  0.25657873E+001  0.51504399E+001  0.73807116E+001
 -0.57431935E+000 -0.43190498E+000 -0.11425798E+000 -0.56729760E-002 -0.39446916E-002 -0.10642174E-002  0.10818253E-002  0.96012832E+000  0.25657881E+001  0.51504412E+001  0.73807128E+001
 -0.57431940E+000 -0.43190507E+000 -0.11425811E+000 -0.56729764E-002 -0.39446925E-002 -0.10642194E-002  0.10818244E-002  0.96012892E+000  0.25657889E+001  0.51504424E+001  0.73807140E+001
 -0.57431945E+000 -0.43190516E+000 -0.11425823E+000 -0.56729768E-002 -0.39446935E-002 -0.10642214E-002  0.10818235E-002  0.96012949E+000  0.25657896E+001  0.51504435E+001  0.73807152E+001
 -0.57431950E+000 -0.43190525E+000 -0.11425835E+000 -0.56729771E-002 -0.39446944E-002 -0.10642233E-002  0.10818225E-002  0.96013005E+000  0.25657903E+001  0.51504447E+001  0.73807162E+001
 -0.57431955E+000 -0.43190533E+000 -0.11425846E+000 -0.56729775E-002 -0.39446953E-002 -0.10642251E-002  0.10818216E-002  0.96013059E+000  0.25657910E+001  0.51504457E+001  0.73807173E+001
 -0.57431959E+000 -0.43190541E+000 -0.11425857E+000 -0.56729778E-002 -0.39446962E-002 -0.10642269E-002  0.10818207E-002  0.96013111E+000  0.25657917E+001  0.51504467E+001  0.73807183E+001
 -0.57431964E+000 -0.43190549E+000 -0.11425868E+000 -0.56729781E-002 -0.39446970E-002 -0.10642286E-002  0.10818199E-002  0.96013161E+000  0.25657923E+001  0.51504477E+001  0.73807192E+001
 -0.57431968E+000 -0.43190557E+000 -0.11425879E+000 -0.56729784E-002 -0.39446978E-002 -0.10642302E-002  0.10818190E-002  0.96013210E+000  0.25657930E+001  0.51504487E+001  0.73807201E+001
 -0.57431972E+000 -0.43190564E+000 -0.11425889E+000 -0.56729787E-002 -0.39446986E-002 -0.10642318E-002  0.10818182E-002  0.96013257E+000  0.25657936E+001  0.51504496E+001  0.73807210E+001
 -0.57431976E+000 -0.43190571E+000 -0.11425899E+000 -0.56729790E-002 -0.39446993E-002 -0.10642333E-002  0.10818173E-002  0.96013303E+000  0.25657941E+001  0.51504504E+001  0.73807218E+001
 -0.57431980E+000 -0.43190578E+000 -0.11425908E+000 -0.56729793E-002 -0.39447001E-002 -0.10642347E-002  0.10818165E-002  0.96013347E+000  0.25657947E+001  0.51504513E+001  0.73807226E+001
 -0.57431984E+000 -0.43190584E+000 -0.11425918E+000 -0.56729795E-002 -0.39447007E-002 -0.10642360E-002  0.10818157E-002  0.96013390E+000  0.25657952E+001  0.51504521E+001  0.73807233E+001
 -0.57431987E+000 -0.43190591E+000 -0.11425927E+000 -0.56729798E-002 -0.39447014E-002 -0.10642373E-002  0.10818150E-002  0.96013431E+000  0.25657957E+001  0.51504528E+001  0.73807240E+001
 -0.57431991E+000 -0.43190597E+000 -0.11425935E+000 -0.56729800E-002 -0.39447020E-002 -0.10642386E-002  0.10818142E-002  0.96013470E+000  0.25657962E+001  0.51504535E+001  0.73807247E+001
 -0.57431994E+000 -0.43190603E+000 -0.11425943E+000 -0.56729803E-002 -0.39447026E-002 -0.10642398E-002  0.10818135E-002  0.96013508E+000  0.25657967E+001  0.51504542E+001  0.73807254E+001
 -0.57431997E+000 -0.43190608E+000 -0.11425951E+000 -0.56729805E-002 -0.39447031E-002 -0.10642409E-002  0.10818128E-002  0.96013545E+000  0.25657972E+001  0.51504549E+001  0.73807260E+001
 -0.57432000E+000 -0.43190614E+000 -0.11425959E+000 -0.56729807E-002 -0.39447037E-002 -0.10642419E-002  0.10818121E-002  0.96013581E+000  0.25657976E+001  0.51504556E+001  0.73807266E+001
 -0.57432003E+000 -0.43190619E+000 -0.11425966E+000 -0.56729809E-002 -0.39447042E-002 -0.10642429E-002  0.10818114E-002  0.96013615E+000  0.25657981E+001  0.51504562E+001  0.73807272E+001
 -0.57432005E+000 -0.43190624E+000 -0.11425973E+000 -0.56729811E-002 -0.39447047E-002 -0.10642439E-002  0.10818108E-002  0.96013649E+000  0.25657985E+001  0.51504568E+001  0.73807278E+001
 -0.57432008E+000 -0.43190629E+000 -0.11425980E+000 -0.56729813E-002 -0.39447051E-002 -0.10642448E-002  0.10818101E-002  0.96013681E+000  0.25657989E+001  0.51504574E+001  0.73807283E+001
 -0.57432011E+000 -0.43190633E+000 -0.11425987E+000 -0.56729815E-002 -0.39447056E-002 -0.10642457E-002  0.10818095E-002  0.96013712E+000  0.25657993E+001  0.51504579E+001  0.73807288E+001
 -0.57432013E+000 -0.43190638E+000 -0.11425993E+000 -0.56729817E-002 -0.39447060E-002 -0.10642465E-002  0.10818089E-002  0.96013742E+000  0.25657996E+001  0.51504585E+001  0.73807294E+001
 -0.57432015E+000 -0.43190642E+000 -0.11425999E+000 -0.56729818E-002 -0.39447064E-002 -0.10642473E-002  0.10818083E-002  0.96013771E+000  0.25658000E+001  0.51504590E+001  0.73807299E+001
 -0.57432018E+000 -0.43190646E+000 -0.11426005E+000 -0.56729820E-002 -0.39447068E-002 -0.10642480E-002  0.10818078E-002  0.96013799E+000  0.25658003E+001  0.51504595E+001  0.73807303E+001
 -0.57432020E+000 -0.43190650E+000 -0.11426011E+000 -0.56729821E-002 -0.39447071E-002 -0.10642488E-002  0.10818072E-002  0.96013827E+000  0.25658007E+001  0.51504600E+001  0.73807308E+001
 -0.57432022E+000 -0.43190654E+000 -0.11426016E+000 -0.56729823E-002 -0.39447075E-002 -0.10642494E-002  0.10818067E-002  0.96013853E+000  0.25658010E+001  0.51504605E+001  0.73807313E+001
 -0.57432024E+000 -0.43190657E+000 -0.11426021E+000 -0.56729824E-002 -0.39447078E-002 -0.10642501E-002  0.10818062E-002  0.96013879E+000  0.25658013E+001  0.51504610E+001  0.73807317E+001
 -0.57432026E+000 -0.43190661E+000 -0.11426027E+000 -0.56729826E-002 -0.39447081E-002 -0.10642507E-002  0.10818057E-002  0.96013904E+000  0.25658016E+001  0.51504614E+001  0.73807321E+001
 -0.57432028E+000 -0.43190664E+000 -0.11426031E+000 -0.56729827E-002 -0.39447085E-002 -0.10642513E-002  0.10818052E-002  0.96013928E+000  0.25658019E+001  0.51504619E+001  0.73807326E+001
 -0.57432029E+000 -0.43190667E+000 -0.11426036E+000 -0.56729828E-002 -0.39447087E-002 -0.10642519E-002  0.10818047E-002  0.96013952E+000  0.25658022E+001  0.51504623E+001  0.73807330E+001
 -0.57432031E+000 -0.43190671E+000 -0.11426041E+000 -0.56729830E-002 -0.39447090E-002 -0.10642525E-002  0.10818043E-002  0.96013975E+000  0.25658025E+001  0.51504627E+001  0.73807334E+001
 -0.57432033E+000 -0.43190674E+000 -0.11426045E+000 -0.56729831E-002 -0.39447093E-002 -0.10642530E-002  0.10818038E-002  0.96013997E+000  0.25658028E+001  0.51504631E+001  0.73807338E+001
 -0.57432034E+000 -0.43190677E+000 -0.11426050E+000 -0.56729832E-002 -0.39447096E-002 -0.10642535E-002  0.10818034E-002  0.96014019E+000  0.25658030E+001  0.51504635E+001  0.73807342E+001
 -0.57432036E+000 -0.43190680E+000 -0.11426054E+000 -0.56729833E-002 -0.39447098E-002 -0.10642541E-002  0.10818030E-002  0.96014041E+000  0.25658033E+001  0.51504639E+001  0.73807346E+001
 -0.57432038E+000 -0.43190682E+000 -0.11426058E+000 -0.56729834E-002 -0.39447101E-002 -0.10642545E-002  0.10818026E-002  0.96014062E+000  0.25658036E+001  0.51504643E+001  0.73807350E+001
 -0.57432039E+000 -0.43190685E+000 -0.11426062E+000 -0.56729835E-002 -0.39447103E-002 -0.10642550E-002  0.10818022E-002  0.96014082E+000  0.25658038E+001  0.51504647E+001  0.73807353E+001
 -0.57432041E+000 -0.43190688E+000 -0.11426066E+000 -0.56729836E-002 -0.39447106E-002 -0.10642555E-002  0.10818018E-002  0.96014102E+000  0.25658040E+001  0.51504651E+001  0.73807357E+001
 -0.57432042E+000 -0.43190690E+000 -0.11426069E+000 -0.56729837E-002 -0.39447108E-002 -0.10642560E-002  0.10818015E-002  0.96014122E+000  0.25658043E+001  0.51504654E+001  0.73807361E+001
 -0.57432043E+000 -0.43190693E+000 -0.11426073E+000 -0.56729838E-002 -0.39447110E-002 -0.10642564E-002  0.10818011E-002  0.96014141E+000  0.25658045E+001  0.51504658E+001  0.73807364E+001
 -0.57432045E+000 -0.43190696E+000 -0.11426077E+000 -0.56729839E-002 -0.39447113E-002 -0.10642568E-002  0.10818008E-002  0.96014160E+000  0.25658048E+001  0.51504662E+001  0.73807368E+001
 -0.57432046E+000 -0.43190698E+000 -0.11426080E+000 -0.56729840E-002 -0.39447115E-002 -0.10642573E-002  0.10818005E-002  0.96014178E+000  0.25658050E+001  0.51504665E+001  0.73807371E+001
 -0.57432048E+000 -0.43190700E+000 -0.11426084E+000 -0.56729841E-002 -0.39447117E-002 -0.10642577E-002  0.10818001E-002  0.96014197E+000  0.25658052E+001  0.51504669E+001  0.73807375E+001
 -0.57432049E+000 -0.43190703E+000 -0.11426087E+000 -0.56729842E-002 -0.39447119E-002 -0.10642581E-002  0.10817998E-002  0.96014215E+000  0.25658054E+001  0.51504672E+001  0.73807378E+001
 -0.57432050E+000 -0.43190705E+000 -0.11426090E+000 -0.56729843E-002 -0.39447121E-002 -0.10642585E-002  0.10817995E-002  0.96014232E+000  0.25658056E+001  0.51504675E+001  0.73807382E+001
 -0.57432052E+000 -0.43190708E+000 -0.11426094E+000 -0.56729844E-002 -0.39447123E-002 -0.10642590E-002  0.10817992E-002  0.96014249E+000  0.25658059E+001  0.51504679E+001  0.73807385E+001
 -0.57432053E+000 -0.43190710E+000 -0.11426097E+000 -0.56729844E-002 -0.39447125E-002 -0.10642594E-002  0.10817989E-002  0.96014266E+000  0.25658061E+001  0.51504682E+001  0.73807388E+001
 -0.57432054E+000 -0.43190712E+000 -0.11426100E+000 -0.56729845E-002 -0.39447127E-002 -0.10642598E-002  0.10817987E-002  0.96014283E+000  0.25658063E+001  0.51504685E+001  0.73807392E+001
 -0.57432055E+000 -0.43190714E+000 -0.11426103E+000 -0.56729846E-002 -0.39447129E-002 -0.10642602E-002  0.10817984E-002  0.96014299E+000  0.25658065E+001  0.51504688E+001  0.73807395E+001
 -0.57432057E+000 -0.43190717E+000 -0.11426106E+000 -0.56729847E-002 -0.39447131E-002 -0.10642605E-002  0.10817981E-002  0.96014315E+000  0.25658067E+001  0.51504691E+001  0.73807398E+001
 -0.57432058E+000 -0.43190719E+000 -0.11426109E+000 -0.56729848E-002 -0.39447133E-002 -0.10642609E-002  0.10817979E-002  0.96014331E+000  0.25658069E+001  0.51504694E+001  0.73807401E+001
 -0.57432059E+000 -0.43190721E+000 -0.11426112E+000 -0.56729848E-002 -0.39447135E-002 -0.10642613E-002  0.10817976E-002  0.96014347E+000  0.25658071E+001  0.51504698E+001  0.73807404E+001
 -0.57432060E+000 -0.43190723E+000 -0.11426115E+000 -0.56729849E-002 -0.39447137E-002 -0.10642617E-002  0.10817974E-002  0.96014362E+000  0.25658072E+001  0.51504700E+001  0.73807407E+001
 -0.57432061E+000 -0.43190725E+000 -0.11426118E+000 -0.56729850E-002 -0.39447139E-002 -0.10642621E-002  0.10817972E-002  0.96014377E+000  0.25658074E+001  0.51504703E+001  0.73807410E+001
 -0.57432063E+000 -0.43190727E+000 -0.11426121E+000 -0.56729851E-002 -0.39447141E-002 -0.10642624E-002  0.10817969E-002  0.96014391E+000  0.25658076E+001  0.51504706E+001  0.73807413E+001
 -0.57432064E+000 -0.43190729E+000 -0.11426123E+000 -0.56729851E-002 -0.39447143E-002 -0.10642628E-002  0.10817967E-002  0.96014405E+000  0.25658078E+001  0.51504709E+001  0.73807416E+001
 -0.57432065E+000 -0.43190731E+000 -0.11426126E+000 -0.56729852E-002 -0.39447145E-002 -0.10642632E-002  0.10817965E-002  0.96014419E+000  0.25658080E+001  0.51504712E+001  0.73807419E+001
 -0.57432066E+000 -0.43190733E+000 -0.11426129E+000 -0.56729853E-002 -0.39447146E-002 -0.10642635E-002  0.10817963E-002  0.96014433E+000  0.25658081E+001  0.51504714E+001  0.73807421E+001
 -0.57432067E+000 -0.43190735E+000 -0.11426131E+000 -0.56729854E-002 -0.39447148E-002 -0.10642639E-002  0.10817961E-002  0.96014446E+000  0.25658083E+001  0.51504717E+001  0.73807424E+001
 -0.57432068E+000 -0.43190737E+000 -0.11426134E+000 -0.56729854E-002 -0.39447150E-002 -0.10642642E-002  0.10817959E-002  0.96014459E+000  0.25658084E+001  0.51504720E+001  0.73807427E+001
 -0.57432069E+000 -0.43190739E+000 -0.11426136E+000 -0.56729855E-002 -0.39447152E-002 -0.10642646E-002  0.10817957E-002  0.96014472E+000  0.25658086E+001  0.51504722E+001  0.73807429E+001
 -0.57432070E+000 -0.43190740E+000 -0.11426139E+000 -0.56729856E-002 -0.39447153E-002 -0.10642649E-002  0.10817955E-002  0.96014484E+000  0.25658088E+001  0.51504724E+001  0.73807431E+001
 -0.57432071E+000 -0.43190742E+000 -0.11426141E+000 -0.56729856E-002 -0.39447155E-002 -0.10642652E-002  0.10817953E-002  0.96014496E+000  0.25658089E+001  0.51504727E+001  0.73807434E+001
 -0.57432072E+000 -0.43190744E+000 -0.11426144E+000 -0.56729857E-002 -0.39447157E-002 -0.10642656E-002  0.10817952E-002  0.96014507E+000  0.25658090E+001  0.51504729E+001  0.73807436E+001
 -0.57432073E+000 -0.43190745E+000 -0.11426146E+000 -0.56729858E-002 -0.39447158E-002 -0.10642659E-002  0.10817950E-002  0.96014518E+000  0.25658092E+001  0.51504731E+001  0.73807438E+001
 -0.57432074E+000 -0.43190747E+000 -0.11426148E+000 -0.56729858E-002 -0.39447160E-002 -0.10642662E-002  0.10817948E-002  0.96014528E+000  0.25658093E+001  0.51504733E+001  0.73807440E+001
 -0.57432075E+000 -0.43190748E+000 -0.11426150E+000 -0.56729859E-002 -0.39447161E-002 -0.10642665E-002  0.10817946E-002  0.96014538E+000  0.25658094E+001  0.51504735E+001  0.73807442E+001
