 -0.48122037E+000 -0.23336945E+000 -0.54907317E-002 -0.45313024E-002 -0.16530146E-002  0.22934688E+000  0.34247353E+001  0.16556435E+002  0.33185592E+002  0.10316519E+003  0.17234824E+003
 -0.48121900E+000 -0.23332869E+000 -0.54907094E-002 -0.45312735E-002 -0.16529656E-002  0.22934665E+000  0.34247323E+001  0.16556425E+002  0.33227601E+002  0.10316522E+003  0.17234809E+003
 -0.48121802E+000 -0.23330087E+000 -0.54906859E-002 -0.45312461E-002 -0.16529268E-002  0.22934727E+000  0.34247344E+001  0.16556427E+002  0.33256917E+002  0.10316525E+003  0.17234810E+003
 -0.48121724E+000 -0.23327994E+000 -0.54906638E-002 -0.45312220E-002 -0.16528966E-002  0.22934797E+000  0.34247367E+001  0.16556430E+002  0.33280967E+002  0.10316527E+003  0.17234814E+003
 -0.48121665E+000 -0.23326503E+000 -0.54906454E-002 -0.45312027E-002 -0.16528745E-002  0.22934855E+000  0.34247386E+001  0.16556432E+002  0.33297563E+002  0.10316529E+003  0.17234818E+003
 -0.48121622E+000 -0.23325489E+000 -0.54906307E-002 -0.45311878E-002 -0.16528593E-002  0.22934902E+000  0.34247400E+001  0.16556434E+002  0.33299382E+002  0.10316531E+003  0.17234822E+003
 -0.48121594E+000 -0.23324852E+000 -0.54906192E-002 -0.45311768E-002 -0.16528497E-002  0.22934940E+000  0.34247412E+001  0.16556436E+002  0.33300845E+002  0.10316533E+003  0.17234824E+003
 -0.48121579E+000 -0.23324511E+000 -0.54906106E-002 -0.45311691E-002 -0.16528447E-002  0.22934969E+000  0.34247422E+001  0.16556437E+002  0.33302021E+002  0.10316534E+003  0.17234827E+003
 -0.48121573E+000 -0.23324402E+000 -0.54906044E-002 -0.45311641E-002 -0.16528434E-002  0.22934991E+000  0.34247429E+001  0.16556438E+002  0.33302957E+002  0.10316535E+003  0.17234829E+003
 -0.48121576E+000 -0.23324474E+000 -0.54906001E-002 -0.45311614E-002 -0.16528451E-002  0.22935008E+000  0.34247435E+001  0.16556439E+002  0.33303692E+002  0.10316536E+003  0.17234830E+003
 -0.48121584E+000 -0.23324684E+000 -0.54905976E-002 -0.45311605E-002 -0.16528493E-002  0.22935020E+000  0.34247439E+001  0.16556440E+002  0.33304259E+002  0.10316536E+003  0.17234832E+003
 -0.48121598E+000 -0.23324998E+000 -0.54905965E-002 -0.45311612E-002 -0.16528555E-002  0.22935028E+000  0.34247443E+001  0.16556440E+002  0.33304685E+002  0.10316537E+003  0.17234833E+003
 -0.48121615E+000 -0.23325389E+000 -0.54905966E-002 -0.45311633E-002 -0.16528634E-002  0.22935032E+000  0.34247445E+001  0.16556441E+002  0.33304992E+002  0.10316537E+003  0.17234834E+003
 -0.48121634E+000 -0.23325835E+000 -0.54905977E-002 -0.45311664E-002 -0.16528727E-002  0.22935034E+000  0.34247446E+001  0.16556441E+002  0.33305199E+002  0.10316537E+003  0.17234835E+003
 -0.48121655E+000 -0.23326317E+000 -0.54905996E-002 -0.45311704E-002 -0.16528831E-002  0.22935034E+000  0.34247447E+001  0.16556441E+002  0.33305322E+002  0.10316538E+003  0.17234835E+003
 -0.48121676E+000 -0.23326821E+000 -0.54906022E-002 -0.45311753E-002 -0.16528944E-002  0.22935032E+000  0.34247448E+001  0.16556442E+002  0.33305376E+002  0.10316538E+003  0.17234836E+003
 -0.48121698E+000 -0.23327336E+000 -0.54906054E-002 -0.45311807E-002 -0.16529066E-002  0.22935028E+000  0.34247447E+001  0.16556442E+002  0.33305370E+002  0.10316538E+003  0.17234836E+003
 -0.48121720E+000 -0.23327853E+000 -0.54906091E-002 -0.45311867E-002 -0.16529194E-002  0.22935022E+000  0.34247447E+001  0.16556442E+002  0.33305313E+002  0.10316538E+003  0.17234836E+003
 -0.48121742E+000 -0.23328366E+000 -0.54906132E-002 -0.45311931E-002 -0.16529329E-002  0.22935016E+000  0.34247446E+001  0.16556442E+002  0.33305214E+002  0.10316538E+003  0.17234836E+003
 -0.48121764E+000 -0.23328870E+000 -0.54906176E-002 -0.45311999E-002 -0.16529469E-002  0.22935008E+000  0.34247444E+001  0.16556442E+002  0.33305078E+002  0.10316538E+003  0.17234837E+003
 -0.48121785E+000 -0.23329362E+000 -0.54906222E-002 -0.45312070E-002 -0.16529615E-002  0.22935000E+000  0.34247443E+001  0.16556442E+002  0.33304910E+002  0.10316538E+003  0.17234837E+003
 -0.48121806E+000 -0.23329840E+000 -0.54906271E-002 -0.45312145E-002 -0.16529766E-002  0.22934991E+000  0.34247441E+001  0.16556442E+002  0.33304716E+002  0.10316537E+003  0.17234837E+003
 -0.48121826E+000 -0.23330302E+000 -0.54906321E-002 -0.45312221E-002 -0.16529922E-002  0.22934981E+000  0.34247439E+001  0.16556442E+002  0.33304498E+002  0.10316537E+003  0.17234837E+003
 -0.48121846E+000 -0.23330749E+000 -0.54906372E-002 -0.45312300E-002 -0.16530084E-002  0.22934970E+000  0.34247437E+001  0.16556442E+002  0.33304260E+002  0.10316537E+003  0.17234837E+003
 -0.48121865E+000 -0.23331180E+000 -0.54906425E-002 -0.45312381E-002 -0.16530251E-002  0.22934960E+000  0.34247435E+001  0.16556442E+002  0.33304005E+002  0.10316537E+003  0.17234837E+003
 -0.48121884E+000 -0.23331596E+000 -0.54906477E-002 -0.45312464E-002 -0.16530425E-002  0.22934948E+000  0.34247432E+001  0.16556442E+002  0.33303735E+002  0.10316537E+003  0.17234837E+003
 -0.48121902E+000 -0.23331997E+000 -0.54906530E-002 -0.45312549E-002 -0.16530604E-002  0.22934937E+000  0.34247430E+001  0.16556441E+002  0.33303452E+002  0.10316537E+003  0.17234837E+003
 -0.48121920E+000 -0.23332386E+000 -0.54906584E-002 -0.45312635E-002 -0.16530790E-002  0.22934925E+000  0.34247427E+001  0.16556441E+002  0.33303157E+002  0.10316536E+003  0.17234836E+003
 -0.48121938E+000 -0.23332763E+000 -0.54906637E-002 -0.45312724E-002 -0.16530983E-002  0.22934912E+000  0.34247425E+001  0.16556441E+002  0.33302852E+002  0.10316536E+003  0.17234836E+003
 -0.48121956E+000 -0.23333129E+000 -0.54906691E-002 -0.45312814E-002 -0.16531184E-002  0.22934900E+000  0.34247422E+001  0.16556441E+002  0.33302539E+002  0.10316536E+003  0.17234836E+003
 -0.48121973E+000 -0.23333486E+000 -0.54906744E-002 -0.45312906E-002 -0.16531392E-002  0.22934887E+000  0.34247419E+001  0.16556441E+002  0.33302217E+002  0.10316536E+003  0.17234836E+003
 -0.48121990E+000 -0.23333835E+000 -0.54906798E-002 -0.45313000E-002 -0.16531609E-002  0.22934874E+000  0.34247416E+001  0.16556441E+002  0.33301889E+002  0.10316536E+003  0.17234836E+003
 -0.48122008E+000 -0.23334176E+000 -0.54906851E-002 -0.45313097E-002 -0.16531833E-002  0.22934860E+000  0.34247413E+001  0.16556441E+002  0.33301555E+002  0.10316535E+003  0.17234836E+003
 -0.48122025E+000 -0.23334511E+000 -0.54906905E-002 -0.45313195E-002 -0.16532065E-002  0.22934847E+000  0.34247411E+001  0.16556440E+002  0.33301215E+002  0.10316535E+003  0.17234836E+003
 -0.48122042E+000 -0.23334842E+000 -0.54906958E-002 -0.45313295E-002 -0.16532305E-002  0.22934833E+000  0.34247408E+001  0.16556440E+002  0.33300871E+002  0.10316535E+003  0.17234835E+003
 -0.48122059E+000 -0.23335167E+000 -0.54907012E-002 -0.45313397E-002 -0.16532553E-002  0.22934819E+000  0.34247405E+001  0.16556440E+002  0.33300522E+002  0.10316535E+003  0.17234835E+003
 -0.48122076E+000 -0.23335489E+000 -0.54907065E-002 -0.45313500E-002 -0.16532807E-002  0.22934805E+000  0.34247402E+001  0.16556440E+002  0.33300170E+002  0.10316534E+003  0.17234835E+003
 -0.48122092E+000 -0.23335808E+000 -0.54907118E-002 -0.45313606E-002 -0.16533068E-002  0.22934791E+000  0.34247399E+001  0.16556440E+002  0.33299815E+002  0.10316534E+003  0.17234835E+003
 -0.48122109E+000 -0.23336125E+000 -0.54907172E-002 -0.45313712E-002 -0.16533335E-002  0.22934777E+000  0.34247396E+001  0.16556440E+002  0.33299458E+002  0.10316534E+003  0.17234835E+003
 -0.48122126E+000 -0.23336438E+000 -0.54907225E-002 -0.45313820E-002 -0.16533605E-002  0.22934762E+000  0.34247393E+001  0.16556439E+002  0.33299099E+002  0.10316533E+003  0.17234835E+003
 -0.48122143E+000 -0.23336749E+000 -0.54907278E-002 -0.45313928E-002 -0.16533878E-002  0.22934748E+000  0.34247390E+001  0.16556439E+002  0.33298739E+002  0.10316533E+003  0.17234834E+003
 -0.48122160E+000 -0.23337058E+000 -0.54907331E-002 -0.45314036E-002 -0.16534152E-002  0.22934734E+000  0.34247387E+001  0.16556439E+002  0.33298377E+002  0.10316533E+003  0.17234834E+003
 -0.48122177E+000 -0.23337364E+000 -0.54907384E-002 -0.45314144E-002 -0.16534425E-002  0.22934719E+000  0.34247384E+001  0.16556439E+002  0.33298016E+002  0.10316533E+003  0.17234834E+003
 -0.48122193E+000 -0.23337667E+000 -0.54907436E-002 -0.45314251E-002 -0.16534696E-002  0.22934705E+000  0.34247382E+001  0.16556439E+002  0.33297655E+002  0.10316532E+003  0.17234834E+003
 -0.48122209E+000 -0.23337966E+000 -0.54907488E-002 -0.45314357E-002 -0.16534962E-002  0.22934691E+000  0.34247379E+001  0.16556439E+002  0.33297294E+002  0.10316532E+003  0.17234834E+003
 -0.48122225E+000 -0.23338262E+000 -0.54907540E-002 -0.45314460E-002 -0.16535221E-002  0.22934677E+000  0.34247376E+001  0.16556438E+002  0.33294988E+002  0.10316532E+003  0.17234834E+003
 -0.48122241E+000 -0.23338552E+000 -0.54907590E-002 -0.45314560E-002 -0.16535471E-002  0.22934663E+000  0.34247373E+001  0.16556438E+002  0.33291908E+002  0.10316532E+003  0.17234833E+003
 -0.48122256E+000 -0.23338837E+000 -0.54907640E-002 -0.45314657E-002 -0.16535710E-002  0.22934650E+000  0.34247371E+001  0.16556438E+002  0.33288853E+002  0.10316531E+003  0.17234833E+003
 -0.48122271E+000 -0.23339116E+000 -0.54907688E-002 -0.45314750E-002 -0.16535936E-002  0.22934637E+000  0.34247368E+001  0.16556438E+002  0.33285829E+002  0.10316531E+003  0.17234833E+003
 -0.48122285E+000 -0.23339387E+000 -0.54907735E-002 -0.45314837E-002 -0.16536146E-002  0.22934624E+000  0.34247366E+001  0.16556438E+002  0.33282842E+002  0.10316531E+003  0.17234833E+003
 -0.48122298E+000 -0.23339649E+000 -0.54907780E-002 -0.45314919E-002 -0.16536339E-002  0.22934612E+000  0.34247363E+001  0.16556438E+002  0.33279899E+002  0.10316531E+003  0.17234833E+003
 -0.48122311E+000 -0.23339901E+000 -0.54907823E-002 -0.45314995E-002 -0.16536512E-002  0.22934600E+000  0.34247361E+001  0.16556437E+002  0.33277006E+002  0.10316530E+003  0.17234832E+003
 -0.48122323E+000 -0.23340142E+000 -0.54907865E-002 -0.45315065E-002 -0.16536665E-002  0.22934589E+000  0.34247359E+001  0.16556437E+002  0.33274170E+002  0.10316530E+003  0.17234832E+003
 -0.48122334E+000 -0.23340371E+000 -0.54907904E-002 -0.45315126E-002 -0.16536796E-002  0.22934578E+000  0.34247357E+001  0.16556437E+002  0.33271398E+002  0.10316530E+003  0.17234832E+003
 -0.48122343E+000 -0.23340585E+000 -0.54907940E-002 -0.45315181E-002 -0.16536903E-002  0.22934568E+000  0.34247355E+001  0.16556437E+002  0.33268696E+002  0.10316530E+003  0.17234832E+003
 -0.48122352E+000 -0.23340785E+000 -0.54907974E-002 -0.45315227E-002 -0.16536986E-002  0.22934558E+000  0.34247353E+001  0.16556437E+002  0.33266071E+002  0.10316529E+003  0.17234832E+003
 -0.48122360E+000 -0.23340968E+000 -0.54908004E-002 -0.45315264E-002 -0.16537044E-002  0.22934550E+000  0.34247351E+001  0.16556437E+002  0.33263529E+002  0.10316529E+003  0.17234832E+003
 -0.48122366E+000 -0.23341135E+000 -0.54908032E-002 -0.45315293E-002 -0.16537076E-002  0.22934542E+000  0.34247349E+001  0.16556437E+002  0.33261077E+002  0.10316529E+003  0.17234832E+003
 -0.48122371E+000 -0.23341283E+000 -0.54908056E-002 -0.45315312E-002 -0.16537082E-002  0.22934535E+000  0.34247348E+001  0.16556436E+002  0.33258720E+002  0.10316529E+003  0.17234831E+003
 -0.48122375E+000 -0.23341411E+000 -0.54908077E-002 -0.45315323E-002 -0.16537061E-002  0.22934529E+000  0.34247347E+001  0.16556436E+002  0.33256463E+002  0.10316529E+003  0.17234831E+003
 -0.48122377E+000 -0.23341520E+000 -0.54908094E-002 -0.45315324E-002 -0.16537015E-002  0.22934523E+000  0.34247345E+001  0.16556436E+002  0.33254310E+002  0.10316528E+003  0.17234831E+003
 -0.48122379E+000 -0.23341608E+000 -0.54908107E-002 -0.45315316E-002 -0.16536942E-002  0.22934519E+000  0.34247344E+001  0.16556436E+002  0.33252267E+002  0.10316528E+003  0.17234831E+003
 -0.48122378E+000 -0.23341675E+000 -0.54908117E-002 -0.45315299E-002 -0.16536844E-002  0.22934515E+000  0.34247343E+001  0.16556436E+002  0.33250337E+002  0.10316528E+003  0.17234831E+003
 -0.48122377E+000 -0.23341721E+000 -0.54908123E-002 -0.45315273E-002 -0.16536721E-002  0.22934512E+000  0.34247343E+001  0.16556436E+002  0.33248522E+002  0.10316528E+003  0.17234831E+003
 -0.48122374E+000 -0.23341745E+000 -0.54908126E-002 -0.45315238E-002 -0.16536575E-002  0.22934511E+000  0.34247342E+001  0.16556436E+002  0.33246825E+002  0.10316528E+003  0.17234831E+003
 -0.48122370E+000 -0.23341748E+000 -0.54908125E-002 -0.45315195E-002 -0.16536405E-002  0.22934510E+000  0.34247341E+001  0.16556436E+002  0.33245248E+002  0.10316528E+003  0.17234831E+003
 -0.48122364E+000 -0.23341729E+000 -0.54908120E-002 -0.45315143E-002 -0.16536215E-002  0.22934510E+000  0.34247341E+001  0.16556436E+002  0.33243791E+002  0.10316528E+003  0.17234831E+003
 -0.48122358E+000 -0.23341690E+000 -0.54908111E-002 -0.45315084E-002 -0.16536004E-002  0.22934510E+000  0.34247341E+001  0.16556436E+002  0.33242453E+002  0.10316527E+003  0.17234831E+003
 -0.48122350E+000 -0.23341630E+000 -0.54908099E-002 -0.45315018E-002 -0.16535774E-002  0.22934512E+000  0.34247341E+001  0.16556436E+002  0.33241235E+002  0.10316527E+003  0.17234830E+003
 -0.48122341E+000 -0.23341550E+000 -0.54908084E-002 -0.45314944E-002 -0.16535527E-002  0.22934514E+000  0.34247341E+001  0.16556436E+002  0.33240134E+002  0.10316527E+003  0.17234830E+003
 -0.48122331E+000 -0.23341451E+000 -0.54908065E-002 -0.45314865E-002 -0.16535265E-002  0.22934517E+000  0.34247341E+001  0.16556436E+002  0.33239149E+002  0.10316527E+003  0.17234830E+003
 -0.48122320E+000 -0.23341334E+000 -0.54908043E-002 -0.45314780E-002 -0.16534990E-002  0.22934521E+000  0.34247341E+001  0.16556436E+002  0.33238276E+002  0.10316527E+003  0.17234830E+003
 -0.48122308E+000 -0.23341200E+000 -0.54908019E-002 -0.45314690E-002 -0.16534704E-002  0.22934526E+000  0.34247342E+001  0.16556436E+002  0.33237510E+002  0.10316527E+003  0.17234830E+003
 -0.48122295E+000 -0.23341050E+000 -0.54907992E-002 -0.45314596E-002 -0.16534408E-002  0.22934531E+000  0.34247342E+001  0.16556435E+002  0.33236849E+002  0.10316527E+003  0.17234830E+003
 -0.48122282E+000 -0.23340885E+000 -0.54907963E-002 -0.45314498E-002 -0.16534104E-002  0.22934537E+000  0.34247343E+001  0.16556435E+002  0.33236286E+002  0.10316527E+003  0.17234830E+003
 -0.48122268E+000 -0.23340706E+000 -0.54907931E-002 -0.45314397E-002 -0.16533795E-002  0.22934544E+000  0.34247344E+001  0.16556435E+002  0.33235815E+002  0.10316527E+003  0.17234830E+003
 -0.48122253E+000 -0.23340515E+000 -0.54907898E-002 -0.45314294E-002 -0.16533483E-002  0.22934550E+000  0.34247344E+001  0.16556435E+002  0.33235431E+002  0.10316527E+003  0.17234830E+003
 -0.48122238E+000 -0.23340314E+000 -0.54907863E-002 -0.45314189E-002 -0.16533169E-002  0.22934558E+000  0.34247345E+001  0.16556435E+002  0.33235127E+002  0.10316527E+003  0.17234830E+003
 -0.48122222E+000 -0.23340103E+000 -0.54907826E-002 -0.45314084E-002 -0.16532856E-002  0.22934566E+000  0.34247346E+001  0.16556435E+002  0.33234895E+002  0.10316527E+003  0.17234830E+003
 -0.48122207E+000 -0.23339884E+000 -0.54907789E-002 -0.45313978E-002 -0.16532546E-002  0.22934574E+000  0.34247347E+001  0.16556435E+002  0.33234728E+002  0.10316527E+003  0.17234830E+003
 -0.48122191E+000 -0.23339659E+000 -0.54907751E-002 -0.45313873E-002 -0.16532239E-002  0.22934582E+000  0.34247348E+001  0.16556436E+002  0.33234619E+002  0.10316527E+003  0.17234830E+003
 -0.48122175E+000 -0.23339429E+000 -0.54907712E-002 -0.45313768E-002 -0.16531939E-002  0.22934591E+000  0.34247349E+001  0.16556436E+002  0.33234558E+002  0.10316527E+003  0.17234830E+003
 -0.48122159E+000 -0.23339196E+000 -0.54907673E-002 -0.45313666E-002 -0.16531646E-002  0.22934600E+000  0.34247350E+001  0.16556436E+002  0.33234540E+002  0.10316527E+003  0.17234830E+003
 -0.48122143E+000 -0.23338961E+000 -0.54907634E-002 -0.45313565E-002 -0.16531361E-002  0.22934609E+000  0.34247351E+001  0.16556436E+002  0.33234555E+002  0.10316527E+003  0.17234830E+003
 -0.48122128E+000 -0.23338726E+000 -0.54907595E-002 -0.45313468E-002 -0.16531088E-002  0.22934618E+000  0.34247352E+001  0.16556436E+002  0.33234596E+002  0.10316526E+003  0.17234830E+003
 -0.48122112E+000 -0.23338491E+000 -0.54907556E-002 -0.45313373E-002 -0.16530825E-002  0.22934627E+000  0.34247353E+001  0.16556436E+002  0.33234656E+002  0.10316526E+003  0.17234830E+003
 -0.48122098E+000 -0.23338259E+000 -0.54907518E-002 -0.45313282E-002 -0.16530575E-002  0.22934636E+000  0.34247354E+001  0.16556436E+002  0.33234726E+002  0.10316526E+003  0.17234830E+003
 -0.48122083E+000 -0.23338030E+000 -0.54907481E-002 -0.45313195E-002 -0.16530339E-002  0.22934645E+000  0.34247355E+001  0.16556436E+002  0.33234801E+002  0.10316526E+003  0.17234830E+003
 -0.48122069E+000 -0.23337806E+000 -0.54907445E-002 -0.45313113E-002 -0.16530116E-002  0.22934653E+000  0.34247356E+001  0.16556436E+002  0.33234873E+002  0.10316526E+003  0.17234830E+003
 -0.48122056E+000 -0.23337588E+000 -0.54907410E-002 -0.45313035E-002 -0.16529909E-002  0.22934662E+000  0.34247357E+001  0.16556436E+002  0.33234936E+002  0.10316526E+003  0.17234830E+003
 -0.48122043E+000 -0.23337377E+000 -0.54907377E-002 -0.45312961E-002 -0.16529716E-002  0.22934670E+000  0.34247358E+001  0.16556436E+002  0.33234985E+002  0.10316526E+003  0.17234830E+003
 -0.48122031E+000 -0.23337173E+000 -0.54907345E-002 -0.45312893E-002 -0.16529539E-002  0.22934678E+000  0.34247359E+001  0.16556436E+002  0.33235014E+002  0.10316526E+003  0.17234830E+003
 -0.48122020E+000 -0.23336978E+000 -0.54907314E-002 -0.45312830E-002 -0.16529377E-002  0.22934685E+000  0.34247359E+001  0.16556436E+002  0.33235018E+002  0.10316526E+003  0.17234830E+003
 -0.48122010E+000 -0.23336792E+000 -0.54907286E-002 -0.45312772E-002 -0.16529231E-002  0.22934693E+000  0.34247360E+001  0.16556436E+002  0.33234994E+002  0.10316526E+003  0.17234830E+003
 -0.48122000E+000 -0.23336616E+000 -0.54907259E-002 -0.45312719E-002 -0.16529100E-002  0.22934699E+000  0.34247361E+001  0.16556436E+002  0.33234938E+002  0.10316526E+003  0.17234830E+003
 -0.48121991E+000 -0.23336451E+000 -0.54907234E-002 -0.45312671E-002 -0.16528985E-002  0.22934706E+000  0.34247362E+001  0.16556436E+002  0.33234847E+002  0.10316526E+003  0.17234830E+003
 -0.48121983E+000 -0.23336297E+000 -0.54907211E-002 -0.45312629E-002 -0.16528884E-002  0.22934712E+000  0.34247362E+001  0.16556436E+002  0.33234718E+002  0.10316526E+003  0.17234830E+003
 -0.48121976E+000 -0.23336153E+000 -0.54907189E-002 -0.45312591E-002 -0.16528797E-002  0.22934717E+000  0.34247363E+001  0.16556436E+002  0.33234550E+002  0.10316526E+003  0.17234830E+003
 -0.48121969E+000 -0.23336021E+000 -0.54907170E-002 -0.45312558E-002 -0.16528725E-002  0.22934722E+000  0.34247363E+001  0.16556436E+002  0.33234342E+002  0.10316526E+003  0.17234830E+003
 -0.48121963E+000 -0.23335901E+000 -0.54907153E-002 -0.45312531E-002 -0.16528665E-002  0.22934727E+000  0.34247364E+001  0.16556436E+002  0.33234091E+002  0.10316526E+003  0.17234830E+003
 -0.48121959E+000 -0.23335792E+000 -0.54907137E-002 -0.45312507E-002 -0.16528618E-002  0.22934731E+000  0.34247364E+001  0.16556436E+002  0.33233799E+002  0.10316526E+003  0.17234830E+003
 -0.48121954E+000 -0.23335695E+000 -0.54907124E-002 -0.45312488E-002 -0.16528582E-002  0.22934735E+000  0.34247364E+001  0.16556436E+002  0.33233465E+002  0.10316526E+003  0.17234830E+003
 -0.48121951E+000 -0.23335608E+000 -0.54907112E-002 -0.45312473E-002 -0.16528558E-002  0.22934738E+000  0.34247365E+001  0.16556436E+002  0.33233090E+002  0.10316526E+003  0.17234830E+003
 -0.48121948E+000 -0.23335533E+000 -0.54907102E-002 -0.45312462E-002 -0.16528544E-002  0.22934741E+000  0.34247365E+001  0.16556436E+002  0.33232674E+002  0.10316526E+003  0.17234830E+003
 -0.48121946E+000 -0.23335469E+000 -0.54907093E-002 -0.45312454E-002 -0.16528539E-002  0.22934743E+000  0.34247365E+001  0.16556436E+002  0.33232219E+002  0.10316526E+003  0.17234830E+003
 -0.48121944E+000 -0.23335415E+000 -0.54907086E-002 -0.45312450E-002 -0.16528542E-002  0.22934745E+000  0.34247365E+001  0.16556436E+002  0.33231727E+002  0.10316526E+003  0.17234830E+003
 -0.48121943E+000 -0.23335371E+000 -0.54907081E-002 -0.45312449E-002 -0.16528553E-002  0.22934747E+000  0.34247365E+001  0.16556436E+002  0.33231198E+002  0.10316525E+003  0.17234830E+003
 -0.48121943E+000 -0.23335337E+000 -0.54907077E-002 -0.45312451E-002 -0.16528571E-002  0.22934748E+000  0.34247365E+001  0.16556436E+002  0.33230635E+002  0.10316525E+003  0.17234830E+003
 -0.48121943E+000 -0.23335311E+000 -0.54907075E-002 -0.45312455E-002 -0.16528596E-002  0.22934749E+000  0.34247365E+001  0.16556436E+002  0.33230040E+002  0.10316525E+003  0.17234830E+003
 -0.48121943E+000 -0.23335294E+000 -0.54907074E-002 -0.45312461E-002 -0.16528625E-002  0.22934749E+000  0.34247365E+001  0.16556436E+002  0.33229416E+002  0.10316525E+003  0.17234830E+003
 -0.48121944E+000 -0.23335286E+000 -0.54907073E-002 -0.45312470E-002 -0.16528659E-002  0.22934749E+000  0.34247365E+001  0.16556436E+002  0.33228764E+002  0.10316525E+003  0.17234830E+003
 -0.48121945E+000 -0.23335284E+000 -0.54907074E-002 -0.45312480E-002 -0.16528696E-002  0.22934749E+000  0.34247365E+001  0.16556436E+002  0.33228087E+002  0.10316525E+003  0.17234830E+003
 -0.48121946E+000 -0.23335289E+000 -0.54907076E-002 -0.45312491E-002 -0.16528737E-002  0.22934749E+000  0.34247365E+001  0.16556436E+002  0.33227388E+002  0.10316525E+003  0.17234830E+003
 -0.48121948E+000 -0.23335301E+000 -0.54907079E-002 -0.45312504E-002 -0.16528781E-002  0.22934748E+000  0.34247365E+001  0.16556436E+002  0.33226669E+002  0.10316525E+003  0.17234830E+003
 -0.48121950E+000 -0.23335318E+000 -0.54907082E-002 -0.45312518E-002 -0.16528826E-002  0.22934747E+000  0.34247364E+001  0.16556436E+002  0.33225932E+002  0.10316525E+003  0.17234830E+003
 -0.48121952E+000 -0.23335340E+000 -0.54907086E-002 -0.45312533E-002 -0.16528872E-002  0.22934746E+000  0.34247364E+001  0.16556436E+002  0.33225179E+002  0.10316525E+003  0.17234829E+003
 -0.48121955E+000 -0.23335366E+000 -0.54907091E-002 -0.45312548E-002 -0.16528920E-002  0.22934745E+000  0.34247364E+001  0.16556436E+002  0.33224415E+002  0.10316524E+003  0.17234829E+003
 -0.48121957E+000 -0.23335396E+000 -0.54907096E-002 -0.45312564E-002 -0.16528968E-002  0.22934744E+000  0.34247364E+001  0.16556436E+002  0.33223639E+002  0.10316524E+003  0.17234829E+003
 -0.48121960E+000 -0.23335430E+000 -0.54907102E-002 -0.45312580E-002 -0.16529016E-002  0.22934743E+000  0.34247364E+001  0.16556436E+002  0.33222855E+002  0.10316524E+003  0.17234829E+003
 -0.48121962E+000 -0.23335466E+000 -0.54907108E-002 -0.45312596E-002 -0.16529063E-002  0.22934741E+000  0.34247363E+001  0.16556436E+002  0.33222066E+002  0.10316524E+003  0.17234829E+003
 -0.48121965E+000 -0.23335505E+000 -0.54907114E-002 -0.45312613E-002 -0.16529110E-002  0.22934740E+000  0.34247363E+001  0.16556436E+002  0.33221272E+002  0.10316524E+003  0.17234829E+003
 -0.48121968E+000 -0.23335545E+000 -0.54907120E-002 -0.45312629E-002 -0.16529156E-002  0.22934738E+000  0.34247363E+001  0.16556436E+002  0.33220476E+002  0.10316524E+003  0.17234829E+003
 -0.48121970E+000 -0.23335587E+000 -0.54907127E-002 -0.45312645E-002 -0.16529201E-002  0.22934736E+000  0.34247363E+001  0.16556436E+002  0.33219679E+002  0.10316524E+003  0.17234829E+003
 -0.48121973E+000 -0.23335630E+000 -0.54907133E-002 -0.45312661E-002 -0.16529245E-002  0.22934735E+000  0.34247362E+001  0.16556436E+002  0.33218884E+002  0.10316524E+003  0.17234829E+003
 -0.48121976E+000 -0.23335673E+000 -0.54907140E-002 -0.45312676E-002 -0.16529287E-002  0.22934733E+000  0.34247362E+001  0.16556436E+002  0.33218092E+002  0.10316524E+003  0.17234829E+003
 -0.48121978E+000 -0.23335717E+000 -0.54907146E-002 -0.45312691E-002 -0.16529327E-002  0.22934731E+000  0.34247362E+001  0.16556435E+002  0.33217304E+002  0.10316524E+003  0.17234829E+003
 -0.48121981E+000 -0.23335761E+000 -0.54907153E-002 -0.45312706E-002 -0.16529366E-002  0.22934730E+000  0.34247362E+001  0.16556435E+002  0.33216522E+002  0.10316523E+003  0.17234829E+003
 -0.48121983E+000 -0.23335804E+000 -0.54907159E-002 -0.45312720E-002 -0.16529402E-002  0.22934728E+000  0.34247361E+001  0.16556435E+002  0.33215747E+002  0.10316523E+003  0.17234828E+003
 -0.48121986E+000 -0.23335847E+000 -0.54907165E-002 -0.45312733E-002 -0.16529437E-002  0.22934726E+000  0.34247361E+001  0.16556435E+002  0.33214979E+002  0.10316523E+003  0.17234828E+003
 -0.48121988E+000 -0.23335890E+000 -0.54907171E-002 -0.45312746E-002 -0.16529471E-002  0.22934725E+000  0.34247361E+001  0.16556435E+002  0.33214221E+002  0.10316523E+003  0.17234828E+003
 -0.48121990E+000 -0.23335931E+000 -0.54907177E-002 -0.45312758E-002 -0.16529502E-002  0.22934723E+000  0.34247361E+001  0.16556435E+002  0.33213473E+002  0.10316523E+003  0.17234828E+003
 -0.48121992E+000 -0.23335971E+000 -0.54907183E-002 -0.45312770E-002 -0.16529531E-002  0.22934722E+000  0.34247361E+001  0.16556435E+002  0.33212735E+002  0.10316523E+003  0.17234828E+003
 -0.48121994E+000 -0.23336010E+000 -0.54907189E-002 -0.45312781E-002 -0.16529559E-002  0.22934720E+000  0.34247360E+001  0.16556435E+002  0.33212009E+002  0.10316523E+003  0.17234828E+003
 -0.48121996E+000 -0.23336047E+000 -0.54907194E-002 -0.45312791E-002 -0.16529585E-002  0.22934719E+000  0.34247360E+001  0.16556435E+002  0.33211294E+002  0.10316523E+003  0.17234828E+003
 -0.48121998E+000 -0.23336084E+000 -0.54907199E-002 -0.45312801E-002 -0.16529609E-002  0.22934718E+000  0.34247360E+001  0.16556435E+002  0.33210593E+002  0.10316523E+003  0.17234828E+003
 -0.48122000E+000 -0.23336118E+000 -0.54907204E-002 -0.45312810E-002 -0.16529632E-002  0.22934716E+000  0.34247360E+001  0.16556435E+002  0.33209904E+002  0.10316523E+003  0.17234828E+003
 -0.48122001E+000 -0.23336152E+000 -0.54907208E-002 -0.45312819E-002 -0.16529652E-002  0.22934715E+000  0.34247359E+001  0.16556435E+002  0.33209229E+002  0.10316522E+003  0.17234828E+003
 -0.48122003E+000 -0.23336183E+000 -0.54907213E-002 -0.45312827E-002 -0.16529672E-002  0.22934714E+000  0.34247359E+001  0.16556435E+002  0.33208567E+002  0.10316522E+003  0.17234828E+003
 -0.48122004E+000 -0.23336213E+000 -0.54907217E-002 -0.45312835E-002 -0.16529690E-002  0.22934713E+000  0.34247359E+001  0.16556435E+002  0.33207919E+002  0.10316522E+003  0.17234827E+003
 -0.48122005E+000 -0.23336242E+000 -0.54907221E-002 -0.45312842E-002 -0.16529707E-002  0.22934712E+000  0.34247359E+001  0.16556435E+002  0.33207286E+002  0.10316522E+003  0.17234827E+003
 -0.48122007E+000 -0.23336269E+000 -0.54907224E-002 -0.45312849E-002 -0.16529722E-002  0.22934711E+000  0.34247359E+001  0.16556435E+002  0.33206666E+002  0.10316522E+003  0.17234827E+003
 -0.48122008E+000 -0.23336294E+000 -0.54907228E-002 -0.45312855E-002 -0.16529736E-002  0.22934710E+000  0.34247359E+001  0.16556435E+002  0.33206061E+002  0.10316522E+003  0.17234827E+003
 -0.48122009E+000 -0.23336319E+000 -0.54907231E-002 -0.45312860E-002 -0.16529749E-002  0.22934709E+000  0.34247358E+001  0.16556435E+002  0.33205470E+002  0.10316522E+003  0.17234827E+003
 -0.48122010E+000 -0.23336341E+000 -0.54907234E-002 -0.45312866E-002 -0.16529762E-002  0.22934709E+000  0.34247358E+001  0.16556435E+002  0.33204894E+002  0.10316522E+003  0.17234827E+003
 -0.48122011E+000 -0.23336363E+000 -0.54907237E-002 -0.45312871E-002 -0.16529773E-002  0.22934708E+000  0.34247358E+001  0.16556435E+002  0.33204331E+002  0.10316522E+003  0.17234827E+003
 -0.48122011E+000 -0.23336383E+000 -0.54907240E-002 -0.45312875E-002 -0.16529783E-002  0.22934707E+000  0.34247358E+001  0.16556435E+002  0.33203783E+002  0.10316522E+003  0.17234827E+003
 -0.48122012E+000 -0.23336402E+000 -0.54907242E-002 -0.45312880E-002 -0.16529793E-002  0.22934707E+000  0.34247358E+001  0.16556435E+002  0.33203249E+002  0.10316522E+003  0.17234827E+003
 -0.48122013E+000 -0.23336419E+000 -0.54907245E-002 -0.45312884E-002 -0.16529802E-002  0.22934706E+000  0.34247358E+001  0.16556435E+002  0.33202729E+002  0.10316522E+003  0.17234827E+003
 -0.48122014E+000 -0.23336436E+000 -0.54907247E-002 -0.45312887E-002 -0.16529810E-002  0.22934705E+000  0.34247358E+001  0.16556435E+002  0.33202222E+002  0.10316521E+003  0.17234827E+003
 -0.48122014E+000 -0.23336452E+000 -0.54907249E-002 -0.45312891E-002 -0.16529818E-002  0.22934705E+000  0.34247357E+001  0.16556435E+002  0.33201730E+002  0.10316521E+003  0.17234827E+003
 -0.48122015E+000 -0.23336466E+000 -0.54907251E-002 -0.45312894E-002 -0.16529826E-002  0.22934704E+000  0.34247357E+001  0.16556435E+002  0.33201250E+002  0.10316521E+003  0.17234826E+003
 -0.48122015E+000 -0.23336480E+000 -0.54907253E-002 -0.45312897E-002 -0.16529833E-002  0.22934704E+000  0.34247357E+001  0.16556435E+002  0.33200783E+002  0.10316521E+003  0.17234826E+003
 -0.48122016E+000 -0.23336493E+000 -0.54907254E-002 -0.45312900E-002 -0.16529839E-002  0.22934704E+000  0.34247357E+001  0.16556435E+002  0.33200330E+002  0.10316521E+003  0.17234826E+003
 -0.48122016E+000 -0.23336506E+000 -0.54907256E-002 -0.45312903E-002 -0.16529846E-002  0.22934703E+000  0.34247357E+001  0.16556435E+002  0.33199888E+002  0.10316521E+003  0.17234826E+003
 -0.48122017E+000 -0.23336517E+000 -0.54907258E-002 -0.45312906E-002 -0.16529852E-002  0.22934703E+000  0.34247357E+001  0.16556435E+002  0.33199459E+002  0.10316521E+003  0.17234826E+003
 -0.48122017E+000 -0.23336528E+000 -0.54907259E-002 -0.45312909E-002 -0.16529858E-002  0.22934702E+000  0.34247357E+001  0.16556435E+002  0.33199042E+002  0.10316521E+003  0.17234826E+003
 -0.48122018E+000 -0.23336539E+000 -0.54907260E-002 -0.45312911E-002 -0.16529864E-002  0.22934702E+000  0.34247357E+001  0.16556435E+002  0.33198637E+002  0.10316521E+003  0.17234826E+003
 -0.48122018E+000 -0.23336549E+000 -0.54907262E-002 -0.45312914E-002 -0.16529870E-002  0.22934702E+000  0.34247357E+001  0.16556435E+002  0.33198243E+002  0.10316521E+003  0.17234826E+003
 -0.48122019E+000 -0.23336559E+000 -0.54907263E-002 -0.45312916E-002 -0.16529875E-002  0.22934701E+000  0.34247356E+001  0.16556435E+002  0.33197861E+002  0.10316521E+003  0.17234826E+003
 -0.48122019E+000 -0.23336568E+000 -0.54907264E-002 -0.45312918E-002 -0.16529881E-002  0.22934701E+000  0.34247356E+001  0.16556435E+002  0.33197489E+002  0.10316521E+003  0.17234826E+003
 -0.48122019E+000 -0.23336577E+000 -0.54907266E-002 -0.45312921E-002 -0.16529886E-002  0.22934701E+000  0.34247356E+001  0.16556435E+002  0.33197127E+002  0.10316521E+003  0.17234826E+003
 -0.48122020E+000 -0.23336586E+000 -0.54907267E-002 -0.45312923E-002 -0.16529892E-002  0.22934700E+000  0.34247356E+001  0.16556435E+002  0.33196776E+002  0.10316521E+003  0.17234826E+003
 -0.48122020E+000 -0.23336594E+000 -0.54907268E-002 -0.45312925E-002 -0.16529898E-002  0.22934700E+000  0.34247356E+001  0.16556435E+002  0.33196434E+002  0.10316521E+003  0.17234826E+003
 -0.48122020E+000 -0.23336602E+000 -0.54907269E-002 -0.45312927E-002 -0.16529903E-002  0.22934700E+000  0.34247356E+001  0.16556435E+002  0.33196102E+002  0.10316521E+003  0.17234826E+003
 -0.48122021E+000 -0.23336610E+000 -0.54907270E-002 -0.45312930E-002 -0.16529909E-002  0.22934700E+000  0.34247356E+001  0.16556435E+002  0.33195779E+002  0.10316520E+003  0.17234826E+003
 -0.48122021E+000 -0.23336618E+000 -0.54907271E-002 -0.45312932E-002 -0.16529915E-002  0.22934699E+000  0.34247356E+001  0.16556435E+002  0.33195466E+002  0.10316520E+003  0.17234826E+003
 -0.48122022E+000 -0.23336626E+000 -0.54907272E-002 -0.45312934E-002 -0.16529920E-002  0.22934699E+000  0.34247356E+001  0.16556435E+002  0.33195161E+002  0.10316520E+003  0.17234825E+003
 -0.48122022E+000 -0.23336634E+000 -0.54907273E-002 -0.45312936E-002 -0.16529926E-002  0.22934699E+000  0.34247356E+001  0.16556435E+002  0.33194864E+002  0.10316520E+003  0.17234825E+003
 -0.48122022E+000 -0.23336642E+000 -0.54907274E-002 -0.45312939E-002 -0.16529932E-002  0.22934699E+000  0.34247356E+001  0.16556435E+002  0.33194576E+002  0.10316520E+003  0.17234825E+003
 -0.48122023E+000 -0.23336650E+000 -0.54907276E-002 -0.45312941E-002 -0.16529938E-002  0.22934698E+000  0.34247356E+001  0.16556435E+002  0.33194295E+002  0.10316520E+003  0.17234825E+003
 -0.48122023E+000 -0.23336658E+000 -0.54907277E-002 -0.45312943E-002 -0.16529944E-002  0.22934698E+000  0.34247356E+001  0.16556435E+002  0.33194022E+002  0.10316520E+003  0.17234825E+003
 -0.48122023E+000 -0.23336665E+000 -0.54907278E-002 -0.45312946E-002 -0.16529950E-002  0.22934698E+000  0.34247355E+001  0.16556435E+002  0.33193756E+002  0.10316520E+003  0.17234825E+003
 -0.48122024E+000 -0.23336673E+000 -0.54907279E-002 -0.45312948E-002 -0.16529956E-002  0.22934697E+000  0.34247355E+001  0.16556435E+002  0.33193498E+002  0.10316520E+003  0.17234825E+003
 -0.48122024E+000 -0.23336681E+000 -0.54907280E-002 -0.45312950E-002 -0.16529963E-002  0.22934697E+000  0.34247355E+001  0.16556435E+002  0.33193246E+002  0.10316520E+003  0.17234825E+003
 -0.48122025E+000 -0.23336689E+000 -0.54907281E-002 -0.45312953E-002 -0.16529969E-002  0.22934697E+000  0.34247355E+001  0.16556435E+002  0.33193001E+002  0.10316520E+003  0.17234825E+003
 -0.48122025E+000 -0.23336696E+000 -0.54907282E-002 -0.45312955E-002 -0.16529975E-002  0.22934697E+000  0.34247355E+001  0.16556435E+002  0.33192763E+002  0.10316520E+003  0.17234825E+003
 -0.48122025E+000 -0.23336704E+000 -0.54907283E-002 -0.45312958E-002 -0.16529981E-002  0.22934696E+000  0.34247355E+001  0.16556435E+002  0.33192530E+002  0.10316520E+003  0.17234825E+003
 -0.48122026E+000 -0.23336712E+000 -0.54907284E-002 -0.45312960E-002 -0.16529988E-002  0.22934696E+000  0.34247355E+001  0.16556435E+002  0.33192304E+002  0.10316520E+003  0.17234825E+003
 -0.48122026E+000 -0.23336720E+000 -0.54907285E-002 -0.45312962E-002 -0.16529994E-002  0.22934696E+000  0.34247355E+001  0.16556435E+002  0.33192084E+002  0.10316520E+003  0.17234825E+003
 -0.48122027E+000 -0.23336727E+000 -0.54907286E-002 -0.45312965E-002 -0.16530000E-002  0.22934696E+000  0.34247355E+001  0.16556435E+002  0.33191869E+002  0.10316520E+003  0.17234825E+003
 -0.48122027E+000 -0.23336735E+000 -0.54907288E-002 -0.45312967E-002 -0.16530007E-002  0.22934695E+000  0.34247355E+001  0.16556435E+002  0.33191660E+002  0.10316520E+003  0.17234825E+003
 -0.48122027E+000 -0.23336743E+000 -0.54907289E-002 -0.45312970E-002 -0.16530013E-002  0.22934695E+000  0.34247355E+001  0.16556435E+002  0.33191456E+002  0.10316520E+003  0.17234825E+003
 -0.48122028E+000 -0.23336751E+000 -0.54907290E-002 -0.45312972E-002 -0.16530019E-002  0.22934695E+000  0.34247355E+001  0.16556435E+002  0.33191258E+002  0.10316520E+003  0.17234825E+003
 -0.48122028E+000 -0.23336758E+000 -0.54907291E-002 -0.45312974E-002 -0.16530025E-002  0.22934694E+000  0.34247355E+001  0.16556435E+002  0.33191065E+002  0.10316520E+003  0.17234825E+003
 -0.48122028E+000 -0.23336766E+000 -0.54907292E-002 -0.45312977E-002 -0.16530031E-002  0.22934694E+000  0.34247355E+001  0.16556435E+002  0.33190876E+002  0.10316520E+003  0.17234825E+003
 -0.48122029E+000 -0.23336773E+000 -0.54907293E-002 -0.45312979E-002 -0.16530037E-002  0.22934694E+000  0.34247355E+001  0.16556435E+002  0.33190693E+002  0.10316520E+003  0.17234825E+003
 -0.48122029E+000 -0.23336781E+000 -0.54907294E-002 -0.45312981E-002 -0.16530043E-002  0.22934694E+000  0.34247355E+001  0.16556435E+002  0.33190514E+002  0.10316520E+003  0.17234825E+003
 -0.48122030E+000 -0.23336788E+000 -0.54907295E-002 -0.45312983E-002 -0.16530048E-002  0.22934693E+000  0.34247355E+001  0.16556435E+002  0.33190340E+002  0.10316520E+003  0.17234825E+003
 -0.48122030E+000 -0.23336795E+000 -0.54907296E-002 -0.45312985E-002 -0.16530054E-002  0.22934693E+000  0.34247354E+001  0.16556435E+002  0.33190170E+002  0.10316520E+003  0.17234825E+003
 -0.48122030E+000 -0.23336802E+000 -0.54907297E-002 -0.45312987E-002 -0.16530059E-002  0.22934693E+000  0.34247354E+001  0.16556435E+002  0.33190006E+002  0.10316520E+003  0.17234825E+003
 -0.48122031E+000 -0.23336809E+000 -0.54907298E-002 -0.45312989E-002 -0.16530064E-002  0.22934693E+000  0.34247354E+001  0.16556435E+002  0.33189845E+002  0.10316520E+003  0.17234824E+003
 -0.48122031E+000 -0.23336816E+000 -0.54907299E-002 -0.45312991E-002 -0.16530069E-002  0.22934692E+000  0.34247354E+001  0.16556435E+002  0.33189689E+002  0.10316520E+003  0.17234824E+003
 -0.48122031E+000 -0.23336823E+000 -0.54907300E-002 -0.45312993E-002 -0.16530074E-002  0.22934692E+000  0.34247354E+001  0.16556435E+002  0.33189537E+002  0.10316520E+003  0.17234824E+003
 -0.48122032E+000 -0.23336829E+000 -0.54907301E-002 -0.45312995E-002 -0.16530079E-002  0.22934692E+000  0.34247354E+001  0.16556435E+002  0.33189390E+002  0.10316520E+003  0.17234824E+003
 -0.48122032E+000 -0.23336835E+000 -0.54907302E-002 -0.45312997E-002 -0.16530083E-002  0.22934692E+000  0.34247354E+001  0.16556435E+002  0.33189247E+002  0.10316519E+003  0.17234824E+003
 -0.48122032E+000 -0.23336841E+000 -0.54907303E-002 -0.45312999E-002 -0.16530087E-002  0.22934691E+000  0.34247354E+001  0.16556435E+002  0.33189108E+002  0.10316519E+003  0.17234824E+003
 -0.48122032E+000 -0.23336847E+000 -0.54907303E-002 -0.45313000E-002 -0.16530091E-002  0.22934691E+000  0.34247354E+001  0.16556435E+002  0.33188974E+002  0.10316519E+003  0.17234824E+003
 -0.48122033E+000 -0.23336853E+000 -0.54907304E-002 -0.45313002E-002 -0.16530095E-002  0.22934691E+000  0.34247354E+001  0.16556435E+002  0.33188844E+002  0.10316519E+003  0.17234824E+003
 -0.48122033E+000 -0.23336858E+000 -0.54907305E-002 -0.45313003E-002 -0.16530099E-002  0.22934691E+000  0.34247354E+001  0.16556435E+002  0.33188718E+002  0.10316519E+003  0.17234824E+003
 -0.48122033E+000 -0.23336863E+000 -0.54907306E-002 -0.45313005E-002 -0.16530103E-002  0.22934691E+000  0.34247354E+001  0.16556435E+002  0.33188598E+002  0.10316519E+003  0.17234824E+003
