  0.57913318E+000  0.31481018E+000  0.23544629E+001  0.38869520E+002
  0.57913070E+000  0.31474676E+000  0.23545334E+001  0.38869499E+002
  0.57912585E+000  0.31467623E+000  0.23546132E+001  0.38869480E+002
  0.57912905E+000  0.31479485E+000  0.23544926E+001  0.38869482E+002
  0.57913022E+000  0.31480689E+000  0.23544819E+001  0.38869485E+002
  0.57913094E+000  0.31480847E+000  0.23544823E+001  0.38869488E+002
  0.57913153E+000  0.31480897E+000  0.23544841E+001  0.38869492E+002
  0.57913209E+000  0.31480934E+000  0.23544861E+001  0.38869496E+002
  0.57913262E+000  0.31480966E+000  0.23544882E+001  0.38869499E+002
  0.57913313E+000  0.31480996E+000  0.23544904E+001  0.38869503E+002
  0.57913362E+000  0.31481025E+000  0.23544928E+001  0.38869506E+002
  0.57913411E+000  0.31481052E+000  0.23544952E+001  0.38869509E+002
  0.57913458E+000  0.31481078E+000  0.23544976E+001  0.38869513E+002
  0.57913504E+000  0.31481103E+000  0.23545002E+001  0.38869516E+002
  0.57913549E+000  0.31481128E+000  0.23545028E+001  0.38869519E+002
  0.57913593E+000  0.31481151E+000  0.23545055E+001  0.38869522E+002
  0.57913637E+000  0.31481174E+000  0.23545083E+001  0.38869526E+002
  0.57913680E+000  0.31481197E+000  0.23545112E+001  0.38869529E+002
  0.57913723E+000  0.31481219E+000  0.23545141E+001  0.38869532E+002
  0.57913766E+000  0.31481241E+000  0.23545171E+001  0.38869535E+002
  0.57913808E+000  0.31481263E+000  0.23545201E+001  0.38869538E+002
  0.57913850E+000  0.31481284E+000  0.23545232E+001  0.38869541E+002
  0.57913893E+000  0.31481305E+000  0.23545264E+001  0.38869544E+002
  0.57913935E+000  0.31481327E+000  0.23545297E+001  0.38869548E+002
  0.57913978E+000  0.31481348E+000  0.23545330E+001  0.38869551E+002
  0.57914020E+000  0.31481369E+000  0.23545364E+001  0.38869554E+002
  0.57914064E+000  0.31481390E+000  0.23545399E+001  0.38869557E+002
  0.57914107E+000  0.31481412E+000  0.23545435E+001  0.38869561E+002
  0.57914151E+000  0.31481433E+000  0.23545471E+001  0.38869564E+002
  0.57914196E+000  0.31481455E+000  0.23545509E+001  0.38869567E+002
  0.57914241E+000  0.31481477E+000  0.23545547E+001  0.38869571E+002
  0.57914287E+000  0.31481499E+000  0.23545586E+001  0.38869575E+002
  0.57914333E+000  0.31481521E+000  0.23545625E+001  0.38869578E+002
  0.57914380E+000  0.31481544E+000  0.23545666E+001  0.38869582E+002
  0.57914428E+000  0.31481567E+000  0.23545707E+001  0.38869586E+002
  0.57914477E+000  0.31481591E+000  0.23545749E+001  0.38869590E+002
  0.57914526E+000  0.31481615E+000  0.23545792E+001  0.38869594E+002
  0.57914577E+000  0.31481639E+000  0.23545835E+001  0.38869598E+002
  0.57914628E+000  0.31481664E+000  0.23545879E+001  0.38869602E+002
  0.57914679E+000  0.31481689E+000  0.23545924E+001  0.38869607E+002
  0.57914732E+000  0.31481714E+000  0.23545970E+001  0.38869612E+002
  0.57914785E+000  0.31481741E+000  0.23546016E+001  0.38869616E+002
  0.57914839E+000  0.31481767E+000  0.23546063E+001  0.38869621E+002
  0.57914894E+000  0.31481794E+000  0.23546110E+001  0.38869626E+002
  0.57914949E+000  0.31481822E+000  0.23546158E+001  0.38869631E+002
  0.57915005E+000  0.31481850E+000  0.23546207E+001  0.38869637E+002
  0.57915061E+000  0.31481878E+000  0.23546256E+001  0.38869642E+002
  0.57915118E+000  0.31481907E+000  0.23546305E+001  0.38869648E+002
  0.57915175E+000  0.31481936E+000  0.23546355E+001  0.38869654E+002
  0.57915232E+000  0.31481966E+000  0.23546406E+001  0.38869660E+002
  0.57915288E+000  0.31481995E+000  0.23546457E+001  0.38869666E+002
  0.57915345E+000  0.31482025E+000  0.23546508E+001  0.38869672E+002
  0.57915402E+000  0.31482055E+000  0.23546559E+001  0.38869678E+002
  0.57915457E+000  0.31482084E+000  0.23546610E+001  0.38869685E+002
  0.57915513E+000  0.31482114E+000  0.23546662E+001  0.38869691E+002
  0.57915567E+000  0.31482144E+000  0.23546714E+001  0.38869698E+002
  0.57915621E+000  0.31482173E+000  0.23546765E+001  0.38869705E+002
  0.57915673E+000  0.31482202E+000  0.23546817E+001  0.38869712E+002
  0.57915724E+000  0.31482230E+000  0.23546868E+001  0.38869719E+002
  0.57915773E+000  0.31482258E+000  0.23546919E+001  0.38869726E+002
  0.57915821E+000  0.31482285E+000  0.23546969E+001  0.38869733E+002
  0.57915867E+000  0.31482312E+000  0.23547018E+001  0.38869740E+002
  0.57915910E+000  0.31482337E+000  0.23547067E+001  0.38869748E+002
  0.57915952E+000  0.31482361E+000  0.23547115E+001  0.38869755E+002
  0.57915991E+000  0.31482385E+000  0.23547162E+001  0.38869763E+002
  0.57916027E+000  0.31482407E+000  0.23547207E+001  0.38869770E+002
  0.57916061E+000  0.31482428E+000  0.23547252E+001  0.38869778E+002
  0.57916091E+000  0.31482448E+000  0.23547294E+001  0.38869785E+002
  0.57916119E+000  0.31482466E+000  0.23547336E+001  0.38869793E+002
  0.57916143E+000  0.31482482E+000  0.23547375E+001  0.38869800E+002
  0.57916164E+000  0.31482497E+000  0.23547412E+001  0.38869808E+002
  0.57916182E+000  0.31482511E+000  0.23547448E+001  0.38869815E+002
  0.57916196E+000  0.31482522E+000  0.23547481E+001  0.38869823E+002
  0.57916207E+000  0.31482532E+000  0.23547511E+001  0.38869830E+002
  0.57916213E+000  0.31482540E+000  0.23547540E+001  0.38869837E+002
  0.57916217E+000  0.31482546E+000  0.23547566E+001  0.38869845E+002
  0.57916216E+000  0.31482551E+000  0.23547589E+001  0.38869852E+002
  0.57916212E+000  0.31482553E+000  0.23547609E+001  0.38869859E+002
  0.57916203E+000  0.31482553E+000  0.23547626E+001  0.38869866E+002
  0.57916191E+000  0.31482551E+000  0.23547641E+001  0.38869873E+002
  0.57916176E+000  0.31482548E+000  0.23547652E+001  0.38869879E+002
  0.57916157E+000  0.31482542E+000  0.23547661E+001  0.38869886E+002
  0.57916134E+000  0.31482535E+000  0.23547666E+001  0.38869892E+002
  0.57916107E+000  0.31482525E+000  0.23547669E+001  0.38869898E+002
  0.57916077E+000  0.31482514E+000  0.23547668E+001  0.38869904E+002
  0.57916044E+000  0.31482501E+000  0.23547664E+001  0.38869910E+002
  0.57916008E+000  0.31482486E+000  0.23547657E+001  0.38869916E+002
  0.57915969E+000  0.31482469E+000  0.23547647E+001  0.38869921E+002
  0.57915927E+000  0.31482451E+000  0.23547634E+001  0.38869927E+002
  0.57915882E+000  0.31482431E+000  0.23547618E+001  0.38869932E+002
  0.57915834E+000  0.31482409E+000  0.23588571E+001  0.38865839E+002
  0.57915785E+000  0.31482386E+000  0.23588550E+001  0.38865844E+002
  0.57915733E+000  0.31482362E+000  0.23588526E+001  0.38865848E+002
  0.57915679E+000  0.31482337E+000  0.23588499E+001  0.38865853E+002
  0.57915624E+000  0.31482310E+000  0.23588469E+001  0.38865857E+002
  0.57915567E+000  0.31482282E+000  0.23588438E+001  0.38865860E+002
  0.57915509E+000  0.31482254E+000  0.23588404E+001  0.38865864E+002
  0.57915449E+000  0.31482224E+000  0.23588368E+001  0.38865867E+002
  0.57915389E+000  0.31482194E+000  0.23588330E+001  0.38865871E+002
  0.57915328E+000  0.31482163E+000  0.23588290E+001  0.38865873E+002
  0.57915267E+000  0.31482132E+000  0.23588248E+001  0.38865876E+002
  0.57915205E+000  0.31482100E+000  0.23588205E+001  0.38865879E+002
  0.57915143E+000  0.31482068E+000  0.23588160E+001  0.38865881E+002
  0.57915081E+000  0.31482036E+000  0.23588114E+001  0.38865883E+002
  0.57915020E+000  0.31482003E+000  0.23588067E+001  0.38865885E+002
  0.57914958E+000  0.31481971E+000  0.23588019E+001  0.38865887E+002
  0.57914897E+000  0.31481938E+000  0.23587970E+001  0.38865889E+002
  0.57914837E+000  0.31481906E+000  0.23587920E+001  0.38865890E+002
  0.57914778E+000  0.31481873E+000  0.23587870E+001  0.38865892E+002
  0.57914719E+000  0.31481841E+000  0.23587819E+001  0.38865893E+002
  0.57914661E+000  0.31481810E+000  0.23587768E+001  0.38865894E+002
  0.57914605E+000  0.31481778E+000  0.23587717E+001  0.38865895E+002
  0.57914549E+000  0.31481747E+000  0.23587665E+001  0.38865896E+002
  0.57914495E+000  0.31481717E+000  0.23587613E+001  0.38865897E+002
  0.57914442E+000  0.31481687E+000  0.23587562E+001  0.38865897E+002
  0.57914390E+000  0.31481658E+000  0.23587510E+001  0.38865898E+002
  0.57914340E+000  0.31481629E+000  0.23587459E+001  0.38865898E+002
  0.57914291E+000  0.31481601E+000  0.23587408E+001  0.38865898E+002
  0.57914244E+000  0.31481574E+000  0.23587357E+001  0.38865899E+002
  0.57914198E+000  0.31481547E+000  0.23587307E+001  0.38865899E+002
  0.57914154E+000  0.31481522E+000  0.23587258E+001  0.38865899E+002
  0.57914111E+000  0.31481496E+000  0.23587209E+001  0.38865898E+002
  0.57914069E+000  0.31481472E+000  0.23587160E+001  0.38865898E+002
  0.57914029E+000  0.31481448E+000  0.23587112E+001  0.38865898E+002
  0.57913990E+000  0.31481426E+000  0.23587065E+001  0.38865897E+002
  0.57913953E+000  0.31481404E+000  0.23587019E+001  0.38865897E+002
  0.57913917E+000  0.31481382E+000  0.23586973E+001  0.38865896E+002
  0.57913883E+000  0.31481362E+000  0.23586929E+001  0.38865896E+002
  0.57913850E+000  0.31481342E+000  0.23586885E+001  0.38865895E+002
  0.57913819E+000  0.31481323E+000  0.23586842E+001  0.38865894E+002
  0.57913788E+000  0.31481305E+000  0.23586799E+001  0.38865893E+002
  0.57913759E+000  0.31481287E+000  0.23586758E+001  0.38865892E+002
  0.57913732E+000  0.31481271E+000  0.23586718E+001  0.38865891E+002
  0.57913705E+000  0.31481255E+000  0.23586678E+001  0.38865889E+002
  0.57913680E+000  0.31481240E+000  0.23586640E+001  0.38865888E+002
  0.57913656E+000  0.31481225E+000  0.23586602E+001  0.38865886E+002
  0.57913633E+000  0.31481211E+000  0.23586566E+001  0.38865885E+002
  0.57913611E+000  0.31481198E+000  0.23586530E+001  0.38865883E+002
  0.57913591E+000  0.31481185E+000  0.23586495E+001  0.38865881E+002
  0.57913571E+000  0.31481173E+000  0.23586462E+001  0.38865879E+002
  0.57913553E+000  0.31481162E+000  0.23586429E+001  0.38865877E+002
  0.57913535E+000  0.31481151E+000  0.23586397E+001  0.38865875E+002
  0.57913518E+000  0.31481141E+000  0.23586366E+001  0.38865873E+002
  0.57913502E+000  0.31481132E+000  0.23586336E+001  0.38865871E+002
  0.57913488E+000  0.31481123E+000  0.23586307E+001  0.38865868E+002
  0.57913473E+000  0.31481114E+000  0.23586278E+001  0.38865866E+002
  0.57913460E+000  0.31481106E+000  0.23586251E+001  0.38865863E+002
  0.57913448E+000  0.31481099E+000  0.23586224E+001  0.38865860E+002
  0.57913436E+000  0.31481092E+000  0.23586199E+001  0.38865857E+002
  0.57913425E+000  0.31481085E+000  0.23586174E+001  0.38865854E+002
  0.57913415E+000  0.31481079E+000  0.23586150E+001  0.38865851E+002
  0.57913405E+000  0.31481073E+000  0.23586127E+001  0.38865848E+002
  0.57913396E+000  0.31481068E+000  0.23586105E+001  0.38865845E+002
  0.57913388E+000  0.31481062E+000  0.23586083E+001  0.38865841E+002
  0.57913380E+000  0.31481058E+000  0.23586062E+001  0.38865838E+002
  0.57913372E+000  0.31481053E+000  0.23586042E+001  0.38865834E+002
  0.57913366E+000  0.31481049E+000  0.23586023E+001  0.38865830E+002
  0.57913359E+000  0.31481046E+000  0.23586005E+001  0.38865826E+002
  0.57913354E+000  0.31481042E+000  0.23585987E+001  0.38865823E+002
  0.57913348E+000  0.31481039E+000  0.23585970E+001  0.38865819E+002
  0.57913343E+000  0.31481036E+000  0.23585953E+001  0.38865814E+002
  0.57913339E+000  0.31481033E+000  0.23585937E+001  0.38865810E+002
  0.57913334E+000  0.31481031E+000  0.23585922E+001  0.38865806E+002
  0.57913331E+000  0.31481028E+000  0.23585907E+001  0.38865801E+002
  0.57913327E+000  0.31481026E+000  0.23585893E+001  0.38865797E+002
  0.57913324E+000  0.31481024E+000  0.23585880E+001  0.38865792E+002
  0.57913321E+000  0.31481022E+000  0.23585867E+001  0.38865788E+002
  0.57913318E+000  0.31481021E+000  0.23585855E+001  0.38865783E+002
  0.57913316E+000  0.31481019E+000  0.23585843E+001  0.38865778E+002
  0.57913314E+000  0.31481018E+000  0.23585831E+001  0.38865773E+002
  0.57913312E+000  0.31481017E+000  0.23585820E+001  0.38865768E+002
  0.57913310E+000  0.31481016E+000  0.23585810E+001  0.38865763E+002
  0.57913309E+000  0.31481015E+000  0.23585800E+001  0.38865758E+002
  0.57913307E+000  0.31481014E+000  0.23585791E+001  0.38865753E+002
  0.57913306E+000  0.31481013E+000  0.23585781E+001  0.38865748E+002
  0.57913305E+000  0.31481013E+000  0.23585773E+001  0.38865743E+002
  0.57913304E+000  0.31481012E+000  0.23585764E+001  0.38865738E+002
  0.57913303E+000  0.31481011E+000  0.23585756E+001  0.38865733E+002
  0.57913303E+000  0.31481011E+000  0.23585749E+001  0.38865727E+002
  0.57913302E+000  0.31481011E+000  0.23585742E+001  0.38865722E+002
  0.57913302E+000  0.31481010E+000  0.23585735E+001  0.38865717E+002
  0.57913302E+000  0.31481010E+000  0.23585728E+001  0.38865711E+002
  0.57913301E+000  0.31481010E+000  0.23585722E+001  0.38865706E+002
  0.57913301E+000  0.31481010E+000  0.23585716E+001  0.38865701E+002
  0.57913301E+000  0.31481010E+000  0.23585710E+001  0.38865695E+002
  0.57913301E+000  0.31481010E+000  0.23585705E+001  0.38865690E+002
  0.57913301E+000  0.31481010E+000  0.23585699E+001  0.38865685E+002
  0.57913301E+000  0.31481010E+000  0.23585694E+001  0.38865679E+002
  0.57913301E+000  0.31481010E+000  0.23585690E+001  0.38865674E+002
  0.57913301E+000  0.31481010E+000  0.23585685E+001  0.38865669E+002
  0.57913302E+000  0.31481010E+000  0.23585681E+001  0.38865663E+002
  0.57913302E+000  0.31481010E+000  0.23585677E+001  0.38865658E+002
  0.57913302E+000  0.31481010E+000  0.23585673E+001  0.38865653E+002
  0.57913302E+000  0.31481010E+000  0.23585669E+001  0.38865648E+002
  0.57913303E+000  0.31481010E+000  0.23585666E+001  0.38865643E+002
  0.57913303E+000  0.31481010E+000  0.23585662E+001  0.38865637E+002
  0.57913303E+000  0.31481010E+000  0.23585659E+001  0.38865632E+002
  0.57913304E+000  0.31481010E+000  0.23585656E+001  0.38865627E+002
  0.57913304E+000  0.31481011E+000  0.23585653E+001  0.38865622E+002
  0.57913304E+000  0.31481011E+000  0.23585651E+001  0.38865617E+002
