  0.49046815E-002  0.57116700E-001  0.10123147E+001  0.41043590E+002
  0.49050943E-002  0.57114707E-001  0.10123078E+001  0.41043583E+002
  0.49055207E-002  0.57112800E-001  0.10123013E+001  0.41043576E+002
  0.49053974E-002  0.57113161E-001  0.10123009E+001  0.41043579E+002
  0.49052872E-002  0.57113488E-001  0.10123010E+001  0.41043584E+002
  0.49051901E-002  0.57113788E-001  0.10123013E+001  0.41043590E+002
  0.49051048E-002  0.57114065E-001  0.10123016E+001  0.41043596E+002
  0.49050300E-002  0.57114322E-001  0.10123020E+001  0.41043602E+002
  0.49049643E-002  0.57114562E-001  0.10123024E+001  0.41043608E+002
  0.49049067E-002  0.57114786E-001  0.10123028E+001  0.41043614E+002
  0.49048561E-002  0.57114995E-001  0.10123032E+001  0.41043620E+002
  0.49048118E-002  0.57115189E-001  0.10123036E+001  0.41043626E+002
  0.49047730E-002  0.57115371E-001  0.10123041E+001  0.41043632E+002
  0.49047390E-002  0.57115540E-001  0.10123046E+001  0.41043638E+002
  0.49047093E-002  0.57115698E-001  0.10123051E+001  0.41043644E+002
  0.49046833E-002  0.57115846E-001  0.10123056E+001  0.41043649E+002
  0.49046606E-002  0.57115984E-001  0.10123062E+001  0.41043655E+002
  0.49046408E-002  0.57116115E-001  0.10123067E+001  0.41043661E+002
  0.49046235E-002  0.57116238E-001  0.10123074E+001  0.41043667E+002
  0.49046084E-002  0.57116354E-001  0.10123080E+001  0.41043673E+002
  0.49045952E-002  0.57116464E-001  0.10123087E+001  0.41043679E+002
  0.49045837E-002  0.57116570E-001  0.10123094E+001  0.41043685E+002
  0.49045736E-002  0.57116671E-001  0.10123102E+001  0.41043692E+002
  0.49045648E-002  0.57116769E-001  0.10123110E+001  0.41043698E+002
  0.49045572E-002  0.57116863E-001  0.10123118E+001  0.41043704E+002
  0.49045505E-002  0.57116956E-001  0.10123127E+001  0.41043710E+002
  0.49045447E-002  0.57117046E-001  0.10123136E+001  0.41043717E+002
  0.49045397E-002  0.57117136E-001  0.10123146E+001  0.41043723E+002
  0.49045353E-002  0.57117225E-001  0.10123156E+001  0.41043730E+002
  0.49045316E-002  0.57117313E-001  0.10123166E+001  0.41043737E+002
  0.49045284E-002  0.57117402E-001  0.10123177E+001  0.41043743E+002
  0.49045257E-002  0.57117493E-001  0.10123189E+001  0.41043750E+002
  0.49045235E-002  0.57117584E-001  0.10123200E+001  0.41043757E+002
  0.49045216E-002  0.57117677E-001  0.10123213E+001  0.41043765E+002
  0.49045201E-002  0.57117773E-001  0.10123226E+001  0.41043772E+002
  0.49045189E-002  0.57117871E-001  0.10123239E+001  0.41043779E+002
  0.49045181E-002  0.57117972E-001  0.10123253E+001  0.41043787E+002
  0.49045175E-002  0.57118077E-001  0.10123267E+001  0.41043795E+002
  0.49045172E-002  0.57118185E-001  0.10123282E+001  0.41043803E+002
  0.49045170E-002  0.57118296E-001  0.10123297E+001  0.41043811E+002
  0.49045172E-002  0.57118411E-001  0.10123313E+001  0.41043819E+002
  0.49045174E-002  0.57118530E-001  0.10123329E+001  0.41043827E+002
  0.49045179E-002  0.57118653E-001  0.10123346E+001  0.41043836E+002
  0.49045186E-002  0.57118779E-001  0.10123363E+001  0.41043845E+002
  0.49045193E-002  0.57118909E-001  0.10123381E+001  0.41043854E+002
  0.49045202E-002  0.57119042E-001  0.10123398E+001  0.41043863E+002
  0.49045213E-002  0.57119178E-001  0.10123417E+001  0.41043872E+002
  0.49045224E-002  0.57119317E-001  0.10123435E+001  0.41043882E+002
  0.49045237E-002  0.57119459E-001  0.10123454E+001  0.41043891E+002
  0.49045250E-002  0.57119602E-001  0.10123473E+001  0.41043901E+002
  0.49045264E-002  0.57119748E-001  0.10123492E+001  0.41043911E+002
  0.49045280E-002  0.57119894E-001  0.10123512E+001  0.41043921E+002
  0.49045296E-002  0.57120042E-001  0.10123532E+001  0.41043931E+002
  0.49045313E-002  0.57120190E-001  0.10123552E+001  0.41043941E+002
  0.49045330E-002  0.57120337E-001  0.10123572E+001  0.41043952E+002
  0.49045349E-002  0.57120485E-001  0.10123592E+001  0.41043962E+002
  0.49045368E-002  0.57120631E-001  0.10123612E+001  0.41043973E+002
  0.49045388E-002  0.57120777E-001  0.10123632E+001  0.41043984E+002
  0.49045409E-002  0.57120920E-001  0.10123652E+001  0.41043995E+002
  0.49045431E-002  0.57121061E-001  0.10123672E+001  0.41044005E+002
  0.49045454E-002  0.57121200E-001  0.10123692E+001  0.41044016E+002
  0.49045477E-002  0.57121335E-001  0.10123711E+001  0.41044027E+002
  0.49045501E-002  0.57121466E-001  0.10123731E+001  0.41044038E+002
  0.49045526E-002  0.57121594E-001  0.10123750E+001  0.41044049E+002
  0.49045552E-002  0.57121716E-001  0.10123768E+001  0.41044060E+002
  0.49045579E-002  0.57121834E-001  0.10123787E+001  0.41044070E+002
  0.49045606E-002  0.57121946E-001  0.10123804E+001  0.41044081E+002
  0.49045634E-002  0.57122052E-001  0.10123821E+001  0.41044091E+002
  0.49045662E-002  0.57122152E-001  0.10123838E+001  0.41044102E+002
  0.49045691E-002  0.57122245E-001  0.10123854E+001  0.41044112E+002
  0.49045721E-002  0.57122331E-001  0.10123869E+001  0.41044122E+002
  0.49045751E-002  0.57122409E-001  0.10123883E+001  0.41044132E+002
  0.49045781E-002  0.57122479E-001  0.10123897E+001  0.41044141E+002
  0.49045811E-002  0.57122541E-001  0.10123909E+001  0.41044151E+002
  0.49045842E-002  0.57122595E-001  0.10123921E+001  0.41044160E+002
  0.49045872E-002  0.57122639E-001  0.10123932E+001  0.41044169E+002
  0.49045903E-002  0.57122675E-001  0.10123942E+001  0.41044177E+002
  0.49045933E-002  0.57122701E-001  0.10123951E+001  0.41044185E+002
  0.49045964E-002  0.57122718E-001  0.10123959E+001  0.41044193E+002
  0.49045994E-002  0.57122726E-001  0.10123965E+001  0.41044200E+002
  0.49046023E-002  0.57122724E-001  0.10123971E+001  0.41044208E+002
  0.49046052E-002  0.57122712E-001  0.10123975E+001  0.41044214E+002
  0.49046080E-002  0.57122692E-001  0.10123979E+001  0.41044221E+002
  0.49046108E-002  0.57122662E-001  0.10123981E+001  0.41044226E+002
  0.49046135E-002  0.57122622E-001  0.10123982E+001  0.41044232E+002
  0.49046161E-002  0.57122574E-001  0.10123982E+001  0.41044237E+002
  0.49046187E-002  0.57122517E-001  0.10123980E+001  0.41044242E+002
  0.49046211E-002  0.57122451E-001  0.10123978E+001  0.41044246E+002
  0.49046235E-002  0.57122378E-001  0.10123975E+001  0.41044250E+002
  0.49046257E-002  0.57122296E-001  0.10123970E+001  0.41044253E+002
  0.49046278E-002  0.57122208E-001  0.10123964E+001  0.41044256E+002
  0.49046299E-002  0.57122112E-001  0.10123958E+001  0.41044258E+002
  0.49046318E-002  0.57122010E-001  0.10123950E+001  0.41044261E+002
  0.49046336E-002  0.57121901E-001  0.10123941E+001  0.41044262E+002
  0.49046353E-002  0.57121788E-001  0.10123932E+001  0.41044264E+002
  0.49046369E-002  0.57121669E-001  0.10123921E+001  0.41044265E+002
  0.49046384E-002  0.57121546E-001  0.10123910E+001  0.41044265E+002
  0.49046398E-002  0.57121419E-001  0.10123898E+001  0.41044265E+002
  0.49046411E-002  0.57121289E-001  0.10123885E+001  0.41044265E+002
  0.49046423E-002  0.57121156E-001  0.10123872E+001  0.41044265E+002
  0.49046434E-002  0.57121021E-001  0.10123857E+001  0.41044264E+002
  0.49046444E-002  0.57120884E-001  0.10123843E+001  0.41044263E+002
  0.49046454E-002  0.57120746E-001  0.10123828E+001  0.41044261E+002
  0.49046463E-002  0.57120608E-001  0.10123812E+001  0.41044260E+002
  0.49046471E-002  0.57120469E-001  0.10123796E+001  0.41044258E+002
  0.49046478E-002  0.57120330E-001  0.10123780E+001  0.41044256E+002
  0.49046485E-002  0.57120193E-001  0.10123764E+001  0.41044253E+002
  0.49046492E-002  0.57120056E-001  0.10123747E+001  0.41044251E+002
  0.49046498E-002  0.57119921E-001  0.10123730E+001  0.41044248E+002
  0.49046504E-002  0.57119788E-001  0.10123713E+001  0.41044245E+002
  0.49046510E-002  0.57119657E-001  0.10123696E+001  0.41044242E+002
  0.49046515E-002  0.57119529E-001  0.10123679E+001  0.41044239E+002
  0.49046520E-002  0.57119403E-001  0.10123662E+001  0.41044235E+002
  0.49046526E-002  0.57119280E-001  0.10123645E+001  0.41044232E+002
  0.49046531E-002  0.57119160E-001  0.10123628E+001  0.41044228E+002
  0.49046536E-002  0.57119044E-001  0.10123611E+001  0.41044225E+002
  0.49046541E-002  0.57118931E-001  0.10123595E+001  0.41044221E+002
  0.49046546E-002  0.57118822E-001  0.10123578E+001  0.41044217E+002
  0.49046551E-002  0.57118716E-001  0.10123562E+001  0.41044213E+002
  0.49046556E-002  0.57118614E-001  0.10123546E+001  0.41044209E+002
  0.49046562E-002  0.57118516E-001  0.10123531E+001  0.41044205E+002
  0.49046567E-002  0.57118421E-001  0.10123515E+001  0.41044201E+002
  0.49046573E-002  0.57118330E-001  0.10123501E+001  0.41044197E+002
  0.49046579E-002  0.57118243E-001  0.10123486E+001  0.41044193E+002
  0.49046584E-002  0.57118159E-001  0.10123472E+001  0.41044188E+002
  0.49046590E-002  0.57118080E-001  0.10123458E+001  0.41044184E+002
  0.49046596E-002  0.57118003E-001  0.10123444E+001  0.41044180E+002
  0.49046602E-002  0.57117930E-001  0.10123431E+001  0.41044175E+002
  0.49046608E-002  0.57117861E-001  0.10123418E+001  0.41044171E+002
  0.49046615E-002  0.57117794E-001  0.10123406E+001  0.41044167E+002
  0.49046621E-002  0.57117731E-001  0.10123394E+001  0.41044162E+002
  0.49046627E-002  0.57117671E-001  0.10123383E+001  0.41044158E+002
  0.49046633E-002  0.57117614E-001  0.10123371E+001  0.41044153E+002
  0.49046640E-002  0.57117560E-001  0.10123361E+001  0.41044149E+002
  0.49046646E-002  0.57117509E-001  0.10123350E+001  0.41044144E+002
  0.49046652E-002  0.57117461E-001  0.10123340E+001  0.41044140E+002
  0.49046658E-002  0.57117415E-001  0.10123331E+001  0.41044135E+002
  0.49046664E-002  0.57117371E-001  0.10123321E+001  0.41044130E+002
  0.49046670E-002  0.57117330E-001  0.10123313E+001  0.41044126E+002
  0.49046676E-002  0.57117291E-001  0.10123304E+001  0.41044121E+002
  0.49046682E-002  0.57117254E-001  0.10123296E+001  0.41044116E+002
  0.49046687E-002  0.57117220E-001  0.10123288E+001  0.41044111E+002
  0.49046693E-002  0.57117187E-001  0.10123281E+001  0.41044107E+002
  0.49046698E-002  0.57117156E-001  0.10123273E+001  0.41044102E+002
  0.49046703E-002  0.57117127E-001  0.10123267E+001  0.41044097E+002
  0.49046708E-002  0.57117100E-001  0.10123260E+001  0.41044092E+002
  0.49046713E-002  0.57117074E-001  0.10123254E+001  0.41044087E+002
  0.49046718E-002  0.57117050E-001  0.10123248E+001  0.41044082E+002
  0.49046723E-002  0.57117027E-001  0.10123242E+001  0.41044077E+002
  0.49046727E-002  0.57117006E-001  0.10123237E+001  0.41044072E+002
  0.49046731E-002  0.57116986E-001  0.10123232E+001  0.41044067E+002
  0.49046735E-002  0.57116967E-001  0.10123227E+001  0.41044061E+002
  0.49046739E-002  0.57116949E-001  0.10123223E+001  0.41044056E+002
  0.49046743E-002  0.57116932E-001  0.10123218E+001  0.41044051E+002
  0.49046747E-002  0.57116917E-001  0.10123214E+001  0.41044046E+002
  0.49046750E-002  0.57116902E-001  0.10123210E+001  0.41044040E+002
  0.49046754E-002  0.57116889E-001  0.10123207E+001  0.41044035E+002
  0.49046757E-002  0.57116876E-001  0.10123203E+001  0.41044029E+002
  0.49046760E-002  0.57116864E-001  0.10123200E+001  0.41044024E+002
  0.49046763E-002  0.57116853E-001  0.10123197E+001  0.41044018E+002
  0.49046766E-002  0.57116842E-001  0.10123194E+001  0.41044013E+002
  0.49046768E-002  0.57116832E-001  0.10123191E+001  0.41044007E+002
  0.49046771E-002  0.57116823E-001  0.10123188E+001  0.41044002E+002
  0.49046773E-002  0.57116815E-001  0.10123186E+001  0.41043996E+002
  0.49046776E-002  0.57116807E-001  0.10123183E+001  0.41043990E+002
  0.49046778E-002  0.57116799E-001  0.10123181E+001  0.41043984E+002
  0.49046780E-002  0.57116792E-001  0.10123179E+001  0.41043979E+002
  0.49046782E-002  0.57116786E-001  0.10123177E+001  0.41043973E+002
  0.49046784E-002  0.57116780E-001  0.10123175E+001  0.41043967E+002
  0.49046785E-002  0.57116774E-001  0.10123173E+001  0.41043961E+002
  0.49046787E-002  0.57116769E-001  0.10123172E+001  0.41043955E+002
  0.49046789E-002  0.57116764E-001  0.10123170E+001  0.41043949E+002
  0.49046790E-002  0.57116759E-001  0.10123169E+001  0.41043944E+002
  0.49046792E-002  0.57116755E-001  0.10123167E+001  0.41043938E+002
  0.49046793E-002  0.57116751E-001  0.10123166E+001  0.41043932E+002
  0.49046794E-002  0.57116747E-001  0.10123165E+001  0.41043926E+002
  0.49046795E-002  0.57116744E-001  0.10123164E+001  0.41043920E+002
  0.49046796E-002  0.57116741E-001  0.10123163E+001  0.41043914E+002
  0.49046798E-002  0.57116738E-001  0.10123162E+001  0.41043908E+002
  0.49046799E-002  0.57116735E-001  0.10123161E+001  0.41043902E+002
  0.49046800E-002  0.57116732E-001  0.10123160E+001  0.41043896E+002
  0.49046800E-002  0.57116730E-001  0.10123159E+001  0.41043890E+002
  0.49046801E-002  0.57116728E-001  0.10123158E+001  0.41043884E+002
  0.49046802E-002  0.57116726E-001  0.10123158E+001  0.41043879E+002
  0.49046803E-002  0.57116724E-001  0.10123157E+001  0.41043873E+002
  0.49046804E-002  0.57116722E-001  0.10123156E+001  0.41043867E+002
  0.49046804E-002  0.57116720E-001  0.10123156E+001  0.41043861E+002
  0.49046805E-002  0.57116719E-001  0.10123155E+001  0.41043855E+002
  0.49046805E-002  0.57116717E-001  0.10123154E+001  0.41043850E+002
  0.49046806E-002  0.57116716E-001  0.10123154E+001  0.41043844E+002
  0.49046806E-002  0.57116715E-001  0.10123153E+001  0.41043838E+002
  0.49046807E-002  0.57116714E-001  0.10123153E+001  0.41043833E+002
  0.49046807E-002  0.57116712E-001  0.10123153E+001  0.41043827E+002
  0.49046808E-002  0.57116711E-001  0.10123152E+001  0.41043821E+002
  0.49046808E-002  0.57116711E-001  0.10123152E+001  0.41043816E+002
  0.49046809E-002  0.57116710E-001  0.10123152E+001  0.41043811E+002
  0.49046809E-002  0.57116709E-001  0.10123151E+001  0.41043805E+002
  0.49046809E-002  0.57116708E-001  0.10123151E+001  0.41043800E+002
  0.49046810E-002  0.57116707E-001  0.10123151E+001  0.41043795E+002
  0.49046810E-002  0.57116707E-001  0.10123150E+001  0.41043789E+002
