  0.63042100E+000  0.11305011E+000  0.16142143E+000  0.77910378E+000
  0.63040607E+000  0.11304680E+000  0.16141559E+000  0.77909007E+000
  0.63039006E+000  0.11304309E+000  0.16140897E+000  0.77907664E+000
  0.63039255E+000  0.11304413E+000  0.16141163E+000  0.77907869E+000
  0.63039378E+000  0.11304478E+000  0.16141256E+000  0.77907875E+000
  0.63039445E+000  0.11304532E+000  0.16141321E+000  0.77907847E+000
  0.63039477E+000  0.11304578E+000  0.16141376E+000  0.77907816E+000
  0.63039486E+000  0.11304619E+000  0.16141423E+000  0.77907788E+000
  0.63039478E+000  0.11304655E+000  0.16141465E+000  0.77907762E+000
  0.63039458E+000  0.11304687E+000  0.16141501E+000  0.77907740E+000
  0.63039429E+000  0.11304714E+000  0.16141532E+000  0.77907721E+000
  0.63039393E+000  0.11304739E+000  0.16141557E+000  0.77907704E+000
  0.63039354E+000  0.11304760E+000  0.16141579E+000  0.77907689E+000
  0.63039311E+000  0.11304779E+000  0.16141597E+000  0.77907675E+000
  0.63039266E+000  0.11304795E+000  0.16141611E+000  0.77907664E+000
  0.63039220E+000  0.11304809E+000  0.16141623E+000  0.77907653E+000
  0.63039173E+000  0.11304821E+000  0.16141632E+000  0.77907645E+000
  0.63039126E+000  0.11304831E+000  0.16141639E+000  0.77907638E+000
  0.63039080E+000  0.11304840E+000  0.16141644E+000  0.77907632E+000
  0.63039034E+000  0.11304848E+000  0.16141648E+000  0.77907628E+000
  0.63038990E+000  0.11304854E+000  0.16141650E+000  0.77907626E+000
  0.63038947E+000  0.11304858E+000  0.16141652E+000  0.77907625E+000
  0.63038906E+000  0.11304862E+000  0.16141653E+000  0.77907626E+000
  0.63038868E+000  0.11304865E+000  0.16141653E+000  0.77907628E+000
  0.63038831E+000  0.11304867E+000  0.16141653E+000  0.77907631E+000
  0.63038798E+000  0.11304868E+000  0.16141653E+000  0.77907637E+000
  0.63038767E+000  0.11304868E+000  0.16141652E+000  0.77907643E+000
  0.63038740E+000  0.11304868E+000  0.16141652E+000  0.77907652E+000
  0.63038715E+000  0.11304867E+000  0.16141652E+000  0.77907662E+000
  0.63038695E+000  0.11304866E+000  0.16141652E+000  0.77907674E+000
  0.63038678E+000  0.11304864E+000  0.16141653E+000  0.77907688E+000
  0.63038665E+000  0.11304862E+000  0.16141653E+000  0.77907704E+000
  0.63038657E+000  0.11304860E+000  0.16141655E+000  0.77907721E+000
  0.63038653E+000  0.11304858E+000  0.16141657E+000  0.77907741E+000
  0.63038653E+000  0.11304856E+000  0.16141659E+000  0.77907762E+000
  0.63038657E+000  0.11304853E+000  0.16141663E+000  0.77907785E+000
  0.63038667E+000  0.11304851E+000  0.16141666E+000  0.77907811E+000
  0.63038680E+000  0.11304849E+000  0.16141671E+000  0.77907838E+000
  0.63038699E+000  0.11304847E+000  0.16141676E+000  0.77907867E+000
  0.63038722E+000  0.11304846E+000  0.16141683E+000  0.77907899E+000
  0.63038749E+000  0.11304845E+000  0.16141690E+000  0.77907932E+000
  0.63038781E+000  0.11304844E+000  0.16141697E+000  0.77907967E+000
  0.63038817E+000  0.11304843E+000  0.16141706E+000  0.77908005E+000
  0.63038857E+000  0.11304843E+000  0.16141715E+000  0.77908044E+000
  0.63038901E+000  0.11304844E+000  0.16141725E+000  0.77908085E+000
  0.63038949E+000  0.11304845E+000  0.16141736E+000  0.77908128E+000
  0.63039000E+000  0.11304846E+000  0.16141748E+000  0.77908172E+000
  0.63039054E+000  0.11304848E+000  0.16141760E+000  0.77908218E+000
  0.63039111E+000  0.11304851E+000  0.16141773E+000  0.77908266E+000
  0.63039170E+000  0.11304854E+000  0.16141786E+000  0.77908315E+000
  0.63039232E+000  0.11304857E+000  0.16141800E+000  0.77908366E+000
  0.63039296E+000  0.11304860E+000  0.16141814E+000  0.77908417E+000
  0.63039361E+000  0.11304864E+000  0.16141828E+000  0.77908470E+000
  0.63039428E+000  0.11304868E+000  0.16141843E+000  0.77908523E+000
  0.63039497E+000  0.11304873E+000  0.16141858E+000  0.77908578E+000
  0.63039566E+000  0.11304877E+000  0.16141874E+000  0.77908633E+000
  0.63039636E+000  0.11304882E+000  0.16141889E+000  0.77908688E+000
  0.63039707E+000  0.11304896E+000  0.16141895E+000  0.77908744E+000
  0.63039778E+000  0.11304901E+000  0.16141910E+000  0.77908800E+000
  0.63039849E+000  0.11304906E+000  0.16141926E+000  0.77908856E+000
  0.63039920E+000  0.11304911E+000  0.16141941E+000  0.77908912E+000
  0.63039991E+000  0.11304916E+000  0.16141956E+000  0.77908968E+000
  0.63040061E+000  0.11304921E+000  0.16141971E+000  0.77909024E+000
  0.63040131E+000  0.11304926E+000  0.16141986E+000  0.77909079E+000
  0.63040200E+000  0.11304930E+000  0.16142000E+000  0.77909134E+000
  0.63040268E+000  0.11304935E+000  0.16142014E+000  0.77909188E+000
  0.63040335E+000  0.11304940E+000  0.16142027E+000  0.77909242E+000
  0.63040401E+000  0.11304944E+000  0.16142041E+000  0.77909294E+000
  0.63040465E+000  0.11304949E+000  0.16142053E+000  0.77909346E+000
  0.63040528E+000  0.11304953E+000  0.16142066E+000  0.77909396E+000
  0.63040590E+000  0.11304957E+000  0.16142077E+000  0.77909446E+000
  0.63040650E+000  0.11304961E+000  0.16142089E+000  0.77909494E+000
  0.63040708E+000  0.11304965E+000  0.16142099E+000  0.77909540E+000
  0.63040764E+000  0.11304969E+000  0.16142109E+000  0.77909586E+000
  0.63040818E+000  0.11304972E+000  0.16142119E+000  0.77909630E+000
  0.63040871E+000  0.11304975E+000  0.16142128E+000  0.77909672E+000
  0.63040921E+000  0.11304978E+000  0.16142136E+000  0.77909713E+000
  0.63040970E+000  0.11304981E+000  0.16142144E+000  0.77909752E+000
  0.63041016E+000  0.11304984E+000  0.16142151E+000  0.77909789E+000
  0.63041060E+000  0.11304986E+000  0.16142157E+000  0.77909825E+000
  0.63041102E+000  0.11304988E+000  0.16142163E+000  0.77909859E+000
  0.63041142E+000  0.11304990E+000  0.16142168E+000  0.77909892E+000
  0.63041181E+000  0.11304992E+000  0.16142172E+000  0.77909922E+000
  0.63041217E+000  0.11304994E+000  0.16142176E+000  0.77909951E+000
  0.63041251E+000  0.11304995E+000  0.16142180E+000  0.77909978E+000
  0.63041283E+000  0.11304997E+000  0.16142182E+000  0.77910004E+000
  0.63041314E+000  0.11304998E+000  0.16142185E+000  0.77910028E+000
  0.63041342E+000  0.11304999E+000  0.16142186E+000  0.77910050E+000
  0.63041369E+000  0.11304999E+000  0.16142188E+000  0.77910070E+000
  0.63041394E+000  0.11305000E+000  0.16142189E+000  0.77910089E+000
  0.63041418E+000  0.11305000E+000  0.16098072E+000  0.77954225E+000
  0.63041440E+000  0.11305001E+000  0.16098072E+000  0.77954241E+000
  0.63041461E+000  0.11305001E+000  0.16098072E+000  0.77954256E+000
  0.63041481E+000  0.11305001E+000  0.16098071E+000  0.77954269E+000
  0.63041500E+000  0.11305001E+000  0.16098070E+000  0.77954282E+000
  0.63041517E+000  0.11305001E+000  0.16098069E+000  0.77954293E+000
  0.63041534E+000  0.11305001E+000  0.16098068E+000  0.77954303E+000
  0.63041550E+000  0.11305001E+000  0.16098067E+000  0.77954313E+000
  0.63041565E+000  0.11305000E+000  0.16098065E+000  0.77954321E+000
  0.63041579E+000  0.11305000E+000  0.16098063E+000  0.77954329E+000
  0.63041592E+000  0.11305000E+000  0.16098061E+000  0.77954335E+000
  0.63041606E+000  0.11304999E+000  0.16098060E+000  0.77954342E+000
  0.63041618E+000  0.11304999E+000  0.16098058E+000  0.77954347E+000
  0.63041630E+000  0.11304998E+000  0.16098056E+000  0.77954352E+000
  0.63041642E+000  0.11304998E+000  0.16098054E+000  0.77954357E+000
  0.63041654E+000  0.11304998E+000  0.16098052E+000  0.77954361E+000
  0.63041665E+000  0.11304997E+000  0.16098050E+000  0.77954365E+000
  0.63041677E+000  0.11304997E+000  0.16098048E+000  0.77954368E+000
  0.63041688E+000  0.11304996E+000  0.16098046E+000  0.77954371E+000
  0.63041699E+000  0.11304996E+000  0.16098044E+000  0.77954374E+000
  0.63041710E+000  0.11304996E+000  0.16098042E+000  0.77954377E+000
  0.63041720E+000  0.11304995E+000  0.16098041E+000  0.77954380E+000
  0.63041731E+000  0.11304995E+000  0.16098039E+000  0.77954382E+000
  0.63041742E+000  0.11304995E+000  0.16098037E+000  0.77954384E+000
  0.63041752E+000  0.11304995E+000  0.16098036E+000  0.77954387E+000
  0.63041763E+000  0.11304994E+000  0.16098035E+000  0.77954389E+000
  0.63041773E+000  0.11304994E+000  0.16098033E+000  0.77954391E+000
  0.63041784E+000  0.11304994E+000  0.16098032E+000  0.77954393E+000
  0.63041794E+000  0.11304994E+000  0.16098031E+000  0.77954396E+000
  0.63041804E+000  0.11304994E+000  0.16098030E+000  0.77954398E+000
  0.63041814E+000  0.11304994E+000  0.16098029E+000  0.77954400E+000
  0.63041824E+000  0.11304994E+000  0.16098028E+000  0.77954402E+000
  0.63041834E+000  0.11304994E+000  0.16098027E+000  0.77954404E+000
  0.63041844E+000  0.11304994E+000  0.16098026E+000  0.77954406E+000
  0.63041854E+000  0.11304994E+000  0.16098025E+000  0.77954409E+000
  0.63041863E+000  0.11304994E+000  0.16098025E+000  0.77954411E+000
  0.63041872E+000  0.11304994E+000  0.16098024E+000  0.77954413E+000
  0.63041882E+000  0.11304994E+000  0.16098023E+000  0.77954415E+000
  0.63041890E+000  0.11304994E+000  0.16098023E+000  0.77954417E+000
  0.63041899E+000  0.11304994E+000  0.16098022E+000  0.77954419E+000
  0.63041908E+000  0.11304994E+000  0.16098022E+000  0.77954422E+000
  0.63041916E+000  0.11304994E+000  0.16098021E+000  0.77954424E+000
  0.63041924E+000  0.11304995E+000  0.16098021E+000  0.77954426E+000
  0.63041932E+000  0.11304995E+000  0.16098020E+000  0.77954428E+000
  0.63041939E+000  0.11304995E+000  0.16098020E+000  0.77954430E+000
  0.63041947E+000  0.11304995E+000  0.16098020E+000  0.77954432E+000
  0.63041954E+000  0.11304995E+000  0.16098020E+000  0.77954434E+000
  0.63041961E+000  0.11304996E+000  0.16098019E+000  0.77954436E+000
  0.63041967E+000  0.11304996E+000  0.16098019E+000  0.77954438E+000
  0.63041974E+000  0.11304996E+000  0.16098019E+000  0.77954440E+000
  0.63041980E+000  0.11304996E+000  0.16098019E+000  0.77954442E+000
  0.63041986E+000  0.11304996E+000  0.16098019E+000  0.77954444E+000
  0.63041992E+000  0.11304997E+000  0.16098018E+000  0.77954446E+000
  0.63041997E+000  0.11304997E+000  0.16098018E+000  0.77954448E+000
  0.63042002E+000  0.11304997E+000  0.16098018E+000  0.77954450E+000
  0.63042007E+000  0.11304998E+000  0.16098018E+000  0.77954451E+000
  0.63042012E+000  0.11304998E+000  0.16098018E+000  0.77954453E+000
  0.63042017E+000  0.11304998E+000  0.16098018E+000  0.77954455E+000
  0.63042021E+000  0.11304999E+000  0.16098018E+000  0.77954456E+000
  0.63042025E+000  0.11304999E+000  0.16098018E+000  0.77954458E+000
  0.63042029E+000  0.11304999E+000  0.16098018E+000  0.77954460E+000
  0.63042033E+000  0.11304999E+000  0.16098018E+000  0.77954461E+000
  0.63042037E+000  0.11305000E+000  0.16098018E+000  0.77954463E+000
  0.63042040E+000  0.11305000E+000  0.16098018E+000  0.77954464E+000
  0.63042044E+000  0.11305000E+000  0.16098018E+000  0.77954465E+000
  0.63042047E+000  0.11305001E+000  0.16098018E+000  0.77954467E+000
  0.63042050E+000  0.11305001E+000  0.16098019E+000  0.77954468E+000
  0.63042052E+000  0.11305001E+000  0.16098019E+000  0.77954469E+000
  0.63042055E+000  0.11305002E+000  0.16098019E+000  0.77954471E+000
  0.63042058E+000  0.11305002E+000  0.16098019E+000  0.77954472E+000
  0.63042060E+000  0.11305002E+000  0.16098019E+000  0.77954473E+000
  0.63042062E+000  0.11305003E+000  0.16098019E+000  0.77954474E+000
  0.63042065E+000  0.11305003E+000  0.16098019E+000  0.77954475E+000
  0.63042067E+000  0.11305003E+000  0.16098019E+000  0.77954476E+000
  0.63042069E+000  0.11305003E+000  0.16098019E+000  0.77954477E+000
  0.63042070E+000  0.11305004E+000  0.16098020E+000  0.77954478E+000
  0.63042072E+000  0.11305004E+000  0.16098020E+000  0.77954479E+000
  0.63042074E+000  0.11305004E+000  0.16098020E+000  0.77954480E+000
  0.63042075E+000  0.11305005E+000  0.16098020E+000  0.77954481E+000
  0.63042077E+000  0.11305005E+000  0.16098020E+000  0.77954482E+000
  0.63042078E+000  0.11305005E+000  0.16098020E+000  0.77954482E+000
  0.63042080E+000  0.11305005E+000  0.16098020E+000  0.77954483E+000
  0.63042081E+000  0.11305005E+000  0.16098021E+000  0.77954484E+000
  0.63042082E+000  0.11305006E+000  0.16098021E+000  0.77954485E+000
  0.63042083E+000  0.11305006E+000  0.16098021E+000  0.77954485E+000
  0.63042084E+000  0.11305006E+000  0.16098021E+000  0.77954486E+000
  0.63042085E+000  0.11305006E+000  0.16098021E+000  0.77954487E+000
  0.63042086E+000  0.11305006E+000  0.16098021E+000  0.77954487E+000
  0.63042087E+000  0.11305007E+000  0.16098021E+000  0.77954488E+000
  0.63042088E+000  0.11305007E+000  0.16098022E+000  0.77954488E+000
  0.63042088E+000  0.11305007E+000  0.16098022E+000  0.77954489E+000
  0.63042089E+000  0.11305007E+000  0.16098022E+000  0.77954489E+000
  0.63042090E+000  0.11305007E+000  0.16098022E+000  0.77954490E+000
  0.63042090E+000  0.11305007E+000  0.16098022E+000  0.77954490E+000
  0.63042091E+000  0.11305008E+000  0.16098022E+000  0.77954491E+000
  0.63042092E+000  0.11305008E+000  0.16098022E+000  0.77954491E+000
  0.63042092E+000  0.11305008E+000  0.16098022E+000  0.77954491E+000
  0.63042093E+000  0.11305008E+000  0.16098022E+000  0.77954492E+000
  0.63042093E+000  0.11305008E+000  0.16098023E+000  0.77954492E+000
  0.63042094E+000  0.11305008E+000  0.16098023E+000  0.77954493E+000
  0.63042094E+000  0.11305008E+000  0.16098023E+000  0.77954493E+000
  0.63042094E+000  0.11305008E+000  0.16098023E+000  0.77954493E+000
  0.63042095E+000  0.11305009E+000  0.16098023E+000  0.77954493E+000
  0.63042095E+000  0.11305009E+000  0.16098023E+000  0.77954494E+000
  0.63042095E+000  0.11305009E+000  0.16098023E+000  0.77954494E+000
  0.63042096E+000  0.11305009E+000  0.16098023E+000  0.77954494E+000
  0.63042096E+000  0.11305009E+000  0.16098023E+000  0.77954494E+000
  0.63042096E+000  0.11305009E+000  0.16098023E+000  0.77954495E+000
  0.63042097E+000  0.11305009E+000  0.16098023E+000  0.77954495E+000
  0.63042097E+000  0.11305009E+000  0.16098024E+000  0.77954495E+000
