  0.12923505E+001
  0.12923531E+001
  0.12923732E+001
  0.12923819E+001
  0.12923829E+001
  0.12923830E+001
  0.12923828E+001
  0.12923825E+001
  0.12923822E+001
  0.12923819E+001
  0.12923816E+001
  0.12923813E+001
  0.12923809E+001
  0.12923806E+001
  0.12923802E+001
  0.12923798E+001
  0.12923794E+001
  0.12923791E+001
  0.12923787E+001
  0.12923782E+001
  0.12923778E+001
  0.12923774E+001
  0.12923770E+001
  0.12923765E+001
  0.12923761E+001
  0.12923756E+001
  0.12923752E+001
  0.12923747E+001
  0.12923742E+001
  0.12923737E+001
  0.12923732E+001
  0.12923726E+001
  0.12923721E+001
  0.12923716E+001
  0.12923710E+001
  0.12923704E+001
  0.12923698E+001
  0.12923692E+001
  0.12923686E+001
  0.12923680E+001
  0.12923674E+001
  0.12923667E+001
  0.12923660E+001
  0.12923654E+001
  0.12923647E+001
  0.12923639E+001
  0.12923632E+001
  0.12923625E+001
  0.12923617E+001
  0.12923609E+001
  0.12923602E+001
  0.12923594E+001
  0.12923586E+001
  0.12923578E+001
  0.12923569E+001
  0.12923561E+001
  0.12923552E+001
  0.12923544E+001
  0.12923535E+001
  0.12923526E+001
  0.12923518E+001
  0.12923509E+001
  0.12923500E+001
  0.12923491E+001
  0.12923483E+001
  0.12923474E+001
  0.12923465E+001
  0.12923456E+001
  0.12923448E+001
  0.12923439E+001
  0.12923431E+001
  0.12923422E+001
  0.12923414E+001
  0.12923406E+001
  0.12923398E+001
  0.12923390E+001
  0.12923382E+001
  0.12923375E+001
  0.12923368E+001
  0.12923360E+001
  0.12923354E+001
  0.12923347E+001
  0.12923341E+001
  0.12923335E+001
  0.12923329E+001
  0.12923323E+001
  0.12923318E+001
  0.12923312E+001
  0.12923308E+001
  0.12923303E+001
  0.12923298E+001
  0.12923294E+001
  0.12923290E+001
  0.12923287E+001
  0.12923283E+001
  0.12923280E+001
  0.12923277E+001
  0.12923274E+001
  0.12923272E+001
  0.12923269E+001
  0.12923267E+001
  0.12923265E+001
  0.12923263E+001
  0.12923262E+001
  0.12923260E+001
  0.12923259E+001
  0.12923257E+001
  0.12923256E+001
  0.12923255E+001
  0.12923254E+001
  0.12923253E+001
  0.12923252E+001
  0.12923251E+001
  0.12923251E+001
  0.12923250E+001
  0.12923250E+001
  0.12923249E+001
  0.12923249E+001
  0.12923248E+001
  0.12923248E+001
  0.12923247E+001
  0.12923247E+001
  0.12923247E+001
  0.12923246E+001
  0.12923246E+001
  0.12923246E+001
  0.12923245E+001
  0.12923245E+001
  0.12923245E+001
  0.12923245E+001
  0.12923244E+001
  0.12923244E+001
  0.12923244E+001
  0.12923244E+001
  0.12923243E+001
  0.12923243E+001
  0.12923243E+001
  0.12923243E+001
  0.12923242E+001
  0.12923242E+001
  0.12923242E+001
  0.12923242E+001
  0.12923241E+001
  0.12923241E+001
  0.12923241E+001
  0.12923241E+001
  0.12923240E+001
  0.12923240E+001
  0.12923240E+001
  0.12923239E+001
  0.12923239E+001
  0.12923239E+001
  0.12923239E+001
  0.12923238E+001
  0.12923238E+001
  0.12923238E+001
  0.12923237E+001
  0.12923237E+001
  0.12923237E+001
  0.12923236E+001
  0.12923236E+001
  0.12923236E+001
  0.12923235E+001
  0.12923235E+001
  0.12923235E+001
  0.12923234E+001
  0.12923234E+001
  0.12923234E+001
  0.12923233E+001
  0.12923233E+001
  0.12923232E+001
  0.12923232E+001
  0.12923232E+001
  0.12923231E+001
  0.12923231E+001
  0.12923230E+001
  0.12923230E+001
  0.12923230E+001
  0.12923229E+001
  0.12923229E+001
  0.12923228E+001
  0.12923228E+001
  0.12923228E+001
  0.12923227E+001
  0.12923227E+001
  0.12923226E+001
  0.12923226E+001
  0.12923226E+001
  0.12923225E+001
  0.12923225E+001
  0.12923224E+001
  0.12923224E+001
  0.12923224E+001
  0.12923223E+001
  0.12923223E+001
  0.12923222E+001
  0.12923222E+001
  0.12923222E+001
  0.12923221E+001
  0.12923221E+001
