  0.73492014E+000
  0.73487806E+000
  0.73482672E+000
  0.73485343E+000
  0.73487639E+000
  0.73489377E+000
  0.73490650E+000
  0.73491578E+000
  0.73492260E+000
  0.73492767E+000
  0.73493148E+000
  0.73493440E+000
  0.73493666E+000
  0.73493844E+000
  0.73493986E+000
  0.73494102E+000
  0.73494196E+000
  0.73494274E+000
  0.73494339E+000
  0.73494393E+000
  0.73494438E+000
  0.73494476E+000
  0.73494507E+000
  0.73494531E+000
  0.73494551E+000
  0.73494564E+000
  0.73494573E+000
  0.73494578E+000
  0.73494577E+000
  0.73494572E+000
  0.73494562E+000
  0.73494548E+000
  0.73494529E+000
  0.73494505E+000
  0.73494477E+000
  0.73494444E+000
  0.73494407E+000
  0.73494365E+000
  0.73494318E+000
  0.73494267E+000
  0.73494212E+000
  0.73494152E+000
  0.73494087E+000
  0.73494018E+000
  0.73493944E+000
  0.73493866E+000
  0.73493784E+000
  0.73493698E+000
  0.73493607E+000
  0.73493512E+000
  0.73493413E+000
  0.73493311E+000
  0.73493204E+000
  0.73493094E+000
  0.73492980E+000
  0.73492863E+000
  0.73492743E+000
  0.73492619E+000
  0.73492493E+000
  0.73492364E+000
  0.73492233E+000
  0.73492099E+000
  0.73491963E+000
  0.73491826E+000
  0.73491686E+000
  0.73491546E+000
  0.73491404E+000
  0.73491262E+000
  0.73491119E+000
  0.73490976E+000
  0.73490833E+000
  0.73490690E+000
  0.73490548E+000
  0.73490406E+000
  0.73490266E+000
  0.73490127E+000
  0.73489990E+000
  0.73489855E+000
  0.73489721E+000
  0.73489591E+000
  0.73489463E+000
  0.73489338E+000
  0.73489216E+000
  0.73489097E+000
  0.73488982E+000
  0.73488871E+000
  0.73488763E+000
  0.73488660E+000
  0.73488560E+000
  0.73488464E+000
  0.73488373E+000
  0.73488286E+000
  0.73488203E+000
  0.73488124E+000
  0.73488050E+000
  0.73487980E+000
  0.73487914E+000
  0.73487852E+000
  0.73487794E+000
  0.73487740E+000
  0.73487690E+000
  0.73487643E+000
  0.73487600E+000
  0.73487561E+000
  0.73487524E+000
  0.73487491E+000
  0.73487460E+000
  0.73487432E+000
  0.73487407E+000
  0.73487384E+000
  0.73487363E+000
  0.73487345E+000
  0.73487328E+000
  0.73487313E+000
  0.73487299E+000
  0.73487287E+000
  0.73487276E+000
  0.73487267E+000
  0.73487258E+000
  0.73487251E+000
  0.73487244E+000
  0.73487238E+000
  0.73487233E+000
  0.73487228E+000
  0.73487224E+000
  0.73487220E+000
  0.73487217E+000
  0.73487214E+000
  0.73487211E+000
  0.73487209E+000
  0.73487207E+000
  0.73487205E+000
  0.73487203E+000
  0.73487201E+000
  0.73487200E+000
  0.73487198E+000
  0.73487197E+000
  0.73487196E+000
  0.73487195E+000
  0.73487194E+000
  0.73487193E+000
  0.73487192E+000
  0.73487191E+000
  0.73487190E+000
  0.73487190E+000
  0.73487189E+000
  0.73487188E+000
  0.73487188E+000
  0.73487187E+000
  0.73487186E+000
  0.73487186E+000
  0.73487185E+000
  0.73487185E+000
  0.73487185E+000
  0.73487184E+000
  0.73487184E+000
  0.73487183E+000
  0.73487183E+000
  0.73487183E+000
  0.73487183E+000
  0.73487182E+000
  0.73487182E+000
  0.73487182E+000
  0.73487182E+000
  0.73487181E+000
  0.73487181E+000
  0.73487181E+000
  0.73487181E+000
  0.73487181E+000
  0.73487181E+000
  0.73487180E+000
  0.73487180E+000
  0.73487180E+000
  0.73487180E+000
  0.73487180E+000
  0.73487180E+000
  0.73487180E+000
  0.73487180E+000
  0.73487180E+000
  0.73487180E+000
  0.73487180E+000
  0.73487180E+000
  0.73487180E+000
  0.73487180E+000
  0.73487180E+000
  0.73487179E+000
  0.73487179E+000
  0.73487179E+000
  0.73487179E+000
  0.73487179E+000
  0.73487179E+000
  0.73487179E+000
  0.73487179E+000
  0.73487179E+000
  0.73487179E+000
  0.73487179E+000
  0.73487179E+000
  0.73487179E+000
  0.73487179E+000
  0.73487179E+000
