  0.69497588E+000  0.89238146E+000  0.10020073E+001  0.25800378E+001
  0.69497697E+000  0.89238290E+000  0.10020122E+001  0.25800405E+001
  0.69499704E+000  0.89242794E+000  0.10020232E+001  0.25800448E+001
  0.69500249E+000  0.89243095E+000  0.10020394E+001  0.25800549E+001
  0.69500356E+000  0.89243120E+000  0.10020413E+001  0.25800561E+001
  0.69500375E+000  0.89243102E+000  0.10020414E+001  0.25800560E+001
  0.69500371E+000  0.89243076E+000  0.10020412E+001  0.25800557E+001
  0.69500354E+000  0.89243046E+000  0.10020410E+001  0.25800554E+001
  0.69500331E+000  0.89243015E+000  0.10020408E+001  0.25800550E+001
  0.69500303E+000  0.89242983E+000  0.10020406E+001  0.25800546E+001
  0.69500271E+000  0.89242949E+000  0.10020403E+001  0.25800543E+001
  0.69500236E+000  0.89242915E+000  0.10020400E+001  0.25800539E+001
  0.69500199E+000  0.89242880E+000  0.10020397E+001  0.25800535E+001
  0.69500160E+000  0.89242844E+000  0.10020394E+001  0.25800531E+001
  0.69500119E+000  0.89242808E+000  0.10020391E+001  0.25800527E+001
  0.69500077E+000  0.89242771E+000  0.10020388E+001  0.25800523E+001
  0.69500034E+000  0.89242733E+000  0.10020385E+001  0.25800520E+001
  0.69499989E+000  0.89242695E+000  0.10020381E+001  0.25800516E+001
  0.69499943E+000  0.89242656E+000  0.10020378E+001  0.25800512E+001
  0.69499897E+000  0.89242616E+000  0.10020374E+001  0.25800507E+001
  0.69499849E+000  0.89242575E+000  0.10020371E+001  0.25800503E+001
  0.69499800E+000  0.89242534E+000  0.10020367E+001  0.25800499E+001
  0.69499750E+000  0.89242491E+000  0.10020363E+001  0.25800495E+001
  0.69499700E+000  0.89242448E+000  0.10020359E+001  0.25800491E+001
  0.69499648E+000  0.89242404E+000  0.10020355E+001  0.25800486E+001
  0.69499595E+000  0.89242358E+000  0.10020351E+001  0.25800482E+001
  0.69499541E+000  0.89242312E+000  0.10020347E+001  0.25800477E+001
  0.69499486E+000  0.89242264E+000  0.10020342E+001  0.25800473E+001
  0.69499430E+000  0.89242215E+000  0.10020338E+001  0.25800468E+001
  0.69499373E+000  0.89242165E+000  0.10020333E+001  0.25800463E+001
  0.69499315E+000  0.89242114E+000  0.10020329E+001  0.25800459E+001
  0.69499256E+000  0.89242061E+000  0.10020324E+001  0.25800454E+001
  0.69499196E+000  0.89242007E+000  0.10020319E+001  0.25800449E+001
  0.69499135E+000  0.89241951E+000  0.10020314E+001  0.25800443E+001
  0.69499072E+000  0.89241894E+000  0.10020309E+001  0.25800438E+001
  0.69499008E+000  0.89241835E+000  0.10020303E+001  0.25800433E+001
  0.69498944E+000  0.89241775E+000  0.10020298E+001  0.25800427E+001
  0.69498878E+000  0.89241713E+000  0.10020292E+001  0.25800421E+001
  0.69498810E+000  0.89241649E+000  0.10020287E+001  0.25800416E+001
  0.69498742E+000  0.89241584E+000  0.10020281E+001  0.25800410E+001
  0.69498672E+000  0.89241518E+000  0.10020275E+001  0.25800404E+001
  0.69498602E+000  0.89241449E+000  0.10020269E+001  0.25800398E+001
  0.69498529E+000  0.89241379E+000  0.10020263E+001  0.25800391E+001
  0.69498456E+000  0.89241307E+000  0.10020256E+001  0.25800385E+001
  0.69498381E+000  0.89241234E+000  0.10020250E+001  0.25800378E+001
  0.69498305E+000  0.89241159E+000  0.10020243E+001  0.25800372E+001
  0.69498228E+000  0.89241082E+000  0.10020236E+001  0.25800365E+001
  0.69498149E+000  0.89241004E+000  0.10020229E+001  0.25800358E+001
  0.69498069E+000  0.89240924E+000  0.10020222E+001  0.25800351E+001
  0.69497988E+000  0.89240843E+000  0.10020215E+001  0.25800343E+001
  0.69497905E+000  0.89240760E+000  0.10020207E+001  0.25800336E+001
  0.69497822E+000  0.89240676E+000  0.10020200E+001  0.25800329E+001
  0.69497737E+000  0.89240591E+000  0.10020192E+001  0.25800321E+001
  0.69497650E+000  0.89240504E+000  0.10020184E+001  0.25800314E+001
  0.69497563E+000  0.89240416E+000  0.10020176E+001  0.25800306E+001
  0.69497474E+000  0.89240327E+000  0.10020168E+001  0.25800298E+001
  0.69497385E+000  0.89240237E+000  0.10020160E+001  0.25800290E+001
  0.69497294E+000  0.89240159E+000  0.10020151E+001  0.25800283E+001
  0.69497203E+000  0.89240067E+000  0.10020142E+001  0.25800275E+001
  0.69497111E+000  0.89239975E+000  0.10020134E+001  0.25800267E+001
  0.69497019E+000  0.89239882E+000  0.10020126E+001  0.25800259E+001
  0.69496926E+000  0.89239788E+000  0.10020117E+001  0.25800251E+001
  0.69496832E+000  0.89239694E+000  0.10020109E+001  0.25800243E+001
  0.69496739E+000  0.89239601E+000  0.10020100E+001  0.25800235E+001
  0.69496645E+000  0.89239507E+000  0.10020091E+001  0.25800227E+001
  0.69496552E+000  0.89239413E+000  0.10020083E+001  0.25800219E+001
  0.69496458E+000  0.89239320E+000  0.10020074E+001  0.25800211E+001
  0.69496365E+000  0.89239227E+000  0.10020066E+001  0.25800203E+001
  0.69496273E+000  0.89239135E+000  0.10020057E+001  0.25800195E+001
  0.69496181E+000  0.89239043E+000  0.10020049E+001  0.25800188E+001
  0.69496091E+000  0.89238953E+000  0.10020041E+001  0.25800180E+001
  0.69496001E+000  0.89238864E+000  0.10020033E+001  0.25800173E+001
  0.69495912E+000  0.89238776E+000  0.10020024E+001  0.25800165E+001
  0.69495825E+000  0.89238689E+000  0.10020016E+001  0.25800158E+001
  0.69495740E+000  0.89238604E+000  0.10020008E+001  0.25800151E+001
  0.69495656E+000  0.89238521E+000  0.10020001E+001  0.25800145E+001
  0.69495573E+000  0.89238440E+000  0.10019993E+001  0.25800138E+001
  0.69495493E+000  0.89238360E+000  0.10019986E+001  0.25800132E+001
  0.69495415E+000  0.89238283E+000  0.10019978E+001  0.25800125E+001
  0.69495339E+000  0.89238208E+000  0.10019971E+001  0.25800119E+001
  0.69495265E+000  0.89238136E+000  0.10019964E+001  0.25800114E+001
  0.69495194E+000  0.89238065E+000  0.10019957E+001  0.25800108E+001
  0.69495125E+000  0.89237998E+000  0.10019951E+001  0.25800103E+001
  0.69495058E+000  0.89237932E+000  0.10019945E+001  0.25800098E+001
  0.69494994E+000  0.89237870E+000  0.10019938E+001  0.25800093E+001
  0.69494933E+000  0.89237810E+000  0.10019933E+001  0.25800088E+001
  0.69494875E+000  0.89237753E+000  0.10019927E+001  0.25800084E+001
  0.69494819E+000  0.89237698E+000  0.10019921E+001  0.25800080E+001
  0.69494766E+000  0.89237647E+000  0.10019916E+001  0.25800076E+001
  0.69494716E+000  0.89237598E+000  0.10019911E+001  0.25800072E+001
  0.69494668E+000  0.89237551E+000  0.10019111E+001  0.25800864E+001
  0.69494623E+000  0.89237508E+000  0.10019107E+001  0.25800861E+001
  0.69494581E+000  0.89237466E+000  0.10019103E+001  0.25800858E+001
  0.69494541E+000  0.89237428E+000  0.10019098E+001  0.25800855E+001
  0.69494504E+000  0.89237392E+000  0.10019095E+001  0.25800852E+001
  0.69494470E+000  0.89237358E+000  0.10019091E+001  0.25800850E+001
  0.69494437E+000  0.89237327E+000  0.10019087E+001  0.25800848E+001
  0.69494408E+000  0.89237298E+000  0.10019084E+001  0.25800846E+001
  0.69494380E+000  0.89237272E+000  0.10019081E+001  0.25800844E+001
  0.69494355E+000  0.89237247E+000  0.10019078E+001  0.25800842E+001
  0.69494331E+000  0.89237224E+000  0.10019075E+001  0.25800841E+001
  0.69494310E+000  0.89237204E+000  0.10019073E+001  0.25800839E+001
  0.69494290E+000  0.89237185E+000  0.10019070E+001  0.25800838E+001
  0.69494272E+000  0.89237167E+000  0.10019068E+001  0.25800837E+001
  0.69494256E+000  0.89237152E+000  0.10019066E+001  0.25800836E+001
  0.69494242E+000  0.89237137E+000  0.10019064E+001  0.25800835E+001
  0.69494229E+000  0.89237124E+000  0.10019062E+001  0.25800835E+001
  0.69494217E+000  0.89237113E+000  0.10019060E+001  0.25800834E+001
  0.69494206E+000  0.89237102E+000  0.10019059E+001  0.25800833E+001
  0.69494197E+000  0.89237093E+000  0.10019057E+001  0.25800833E+001
  0.69494188E+000  0.89237084E+000  0.10019056E+001  0.25800832E+001
  0.69494181E+000  0.89237077E+000  0.10019054E+001  0.25800832E+001
  0.69494174E+000  0.89237070E+000  0.10019053E+001  0.25800832E+001
  0.69494168E+000  0.89237064E+000  0.10019052E+001  0.25800831E+001
  0.69494163E+000  0.89237058E+000  0.10019051E+001  0.25800831E+001
  0.69494159E+000  0.89237054E+000  0.10019050E+001  0.25800831E+001
  0.69494155E+000  0.89237049E+000  0.10019049E+001  0.25800831E+001
  0.69494151E+000  0.89237046E+000  0.10019048E+001  0.25800830E+001
  0.69494148E+000  0.89237042E+000  0.10019047E+001  0.25800830E+001
  0.69494146E+000  0.89237039E+000  0.10019046E+001  0.25800830E+001
  0.69494143E+000  0.89237036E+000  0.10019045E+001  0.25800830E+001
  0.69494141E+000  0.89237034E+000  0.10019044E+001  0.25800830E+001
  0.69494140E+000  0.89237032E+000  0.10019043E+001  0.25800829E+001
  0.69494138E+000  0.89237030E+000  0.10019042E+001  0.25800829E+001
  0.69494137E+000  0.89237028E+000  0.10019042E+001  0.25800829E+001
  0.69494136E+000  0.89237026E+000  0.10019041E+001  0.25800829E+001
  0.69494135E+000  0.89237025E+000  0.10019040E+001  0.25800829E+001
  0.69494134E+000  0.89237023E+000  0.10019040E+001  0.25800829E+001
  0.69494133E+000  0.89237022E+000  0.10019039E+001  0.25800828E+001
  0.69494132E+000  0.89237021E+000  0.10019038E+001  0.25800828E+001
  0.69494132E+000  0.89237019E+000  0.10019038E+001  0.25800828E+001
  0.69494131E+000  0.89237018E+000  0.10019037E+001  0.25800828E+001
  0.69494130E+000  0.89237017E+000  0.10019037E+001  0.25800827E+001
  0.69494130E+000  0.89237016E+000  0.10019036E+001  0.25800827E+001
  0.69494129E+000  0.89237016E+000  0.10019035E+001  0.25800827E+001
  0.69494129E+000  0.89237015E+000  0.10019035E+001  0.25800826E+001
  0.69494129E+000  0.89237014E+000  0.10019034E+001  0.25800826E+001
  0.69494128E+000  0.89237013E+000  0.10019034E+001  0.25800826E+001
  0.69494128E+000  0.89237012E+000  0.10019033E+001  0.25800825E+001
  0.69494128E+000  0.89237012E+000  0.10019033E+001  0.25800825E+001
  0.69494127E+000  0.89237011E+000  0.10019032E+001  0.25800824E+001
  0.69494127E+000  0.89237010E+000  0.10019032E+001  0.25800824E+001
  0.69494127E+000  0.89237010E+000  0.10019032E+001  0.25800823E+001
  0.69494126E+000  0.89237009E+000  0.10019031E+001  0.25800823E+001
  0.69494126E+000  0.89237009E+000  0.10019031E+001  0.25800822E+001
  0.69494126E+000  0.89237008E+000  0.10019030E+001  0.25800822E+001
  0.69494125E+000  0.89237008E+000  0.10019030E+001  0.25800821E+001
  0.69494125E+000  0.89237007E+000  0.10019030E+001  0.25800820E+001
  0.69494125E+000  0.89237007E+000  0.10019029E+001  0.25800820E+001
  0.69494124E+000  0.89237006E+000  0.10019029E+001  0.25800819E+001
  0.69494124E+000  0.89237006E+000  0.10019029E+001  0.25800818E+001
  0.69494124E+000  0.89237005E+000  0.10019028E+001  0.25800817E+001
  0.69494124E+000  0.89237005E+000  0.10019028E+001  0.25800817E+001
  0.69494123E+000  0.89237004E+000  0.10019028E+001  0.25800816E+001
  0.69494123E+000  0.89237004E+000  0.10019027E+001  0.25800815E+001
  0.69494123E+000  0.89237004E+000  0.10019027E+001  0.25800814E+001
  0.69494123E+000  0.89237003E+000  0.10019027E+001  0.25800813E+001
  0.69494122E+000  0.89237003E+000  0.10019027E+001  0.25800812E+001
  0.69494122E+000  0.89237003E+000  0.10019026E+001  0.25800811E+001
  0.69494122E+000  0.89237002E+000  0.10019026E+001  0.25800810E+001
  0.69494122E+000  0.89237002E+000  0.10019026E+001  0.25800809E+001
  0.69494121E+000  0.89237002E+000  0.10019026E+001  0.25800808E+001
  0.69494121E+000  0.89237002E+000  0.10019025E+001  0.25800807E+001
  0.69494121E+000  0.89237001E+000  0.10019025E+001  0.25800806E+001
  0.69494121E+000  0.89237001E+000  0.10019025E+001  0.25800804E+001
  0.69494121E+000  0.89237001E+000  0.10019025E+001  0.25800803E+001
  0.69494120E+000  0.89237001E+000  0.10019025E+001  0.25800802E+001
  0.69494120E+000  0.89237000E+000  0.10019025E+001  0.25800801E+001
  0.69494120E+000  0.89237000E+000  0.10019024E+001  0.25800799E+001
  0.69494120E+000  0.89237000E+000  0.10019024E+001  0.25800798E+001
  0.69494120E+000  0.89237000E+000  0.10019024E+001  0.25800797E+001
  0.69494120E+000  0.89237000E+000  0.10019024E+001  0.25800795E+001
  0.69494120E+000  0.89236999E+000  0.10019024E+001  0.25800794E+001
  0.69494119E+000  0.89236999E+000  0.10019024E+001  0.25800793E+001
  0.69494119E+000  0.89236999E+000  0.10019024E+001  0.25800791E+001
  0.69494119E+000  0.89236999E+000  0.10019023E+001  0.25800790E+001
  0.69494119E+000  0.89236999E+000  0.10019023E+001  0.25800788E+001
  0.69494119E+000  0.89236999E+000  0.10019023E+001  0.25800787E+001
  0.69494119E+000  0.89236999E+000  0.10019023E+001  0.25800785E+001
  0.69494119E+000  0.89236999E+000  0.10019023E+001  0.25800784E+001
  0.69494118E+000  0.89236998E+000  0.10019023E+001  0.25800782E+001
  0.69494118E+000  0.89236998E+000  0.10019023E+001  0.25800781E+001
  0.69494118E+000  0.89236998E+000  0.10019023E+001  0.25800779E+001
  0.69494118E+000  0.89236998E+000  0.10019023E+001  0.25800778E+001
  0.69494118E+000  0.89236998E+000  0.10019023E+001  0.25800776E+001
  0.69494118E+000  0.89236998E+000  0.10019023E+001  0.25800775E+001
  0.69494118E+000  0.89236998E+000  0.10019022E+001  0.25800773E+001
  0.69494118E+000  0.89236998E+000  0.10019022E+001  0.25800772E+001
  0.69494118E+000  0.89236998E+000  0.10019022E+001  0.25800770E+001
  0.69494118E+000  0.89236998E+000  0.10019022E+001  0.25800769E+001
  0.69494118E+000  0.89236998E+000  0.10019022E+001  0.25800767E+001
  0.69494118E+000  0.89236998E+000  0.10019022E+001  0.25800766E+001
  0.69494117E+000  0.89236997E+000  0.10019022E+001  0.25800764E+001
  0.69494117E+000  0.89236997E+000  0.10019022E+001  0.25800763E+001
  0.69494117E+000  0.89236997E+000  0.10019022E+001  0.25800761E+001
  0.69494117E+000  0.89236997E+000  0.10019022E+001  0.25800760E+001
  0.69494117E+000  0.89236997E+000  0.10019022E+001  0.25800758E+001
  0.69494117E+000  0.89236997E+000  0.10019022E+001  0.25800757E+001
  0.69494117E+000  0.89236997E+000  0.10019022E+001  0.25800755E+001
  0.69494117E+000  0.89236997E+000  0.10019022E+001  0.25800754E+001
