 -0.37219076E+000
 -0.37218718E+000
 -0.37219708E+000
 -0.37218326E+000
 -0.37218117E+000
 -0.37218080E+000
 -0.37218076E+000
 -0.37218079E+000
 -0.37218085E+000
 -0.37218093E+000
 -0.37218100E+000
 -0.37218108E+000
 -0.37218117E+000
 -0.37218126E+000
 -0.37218134E+000
 -0.37218143E+000
 -0.37218152E+000
 -0.37218162E+000
 -0.37218171E+000
 -0.37218181E+000
 -0.37218190E+000
 -0.37218200E+000
 -0.37218210E+000
 -0.37218220E+000
 -0.37218231E+000
 -0.37218241E+000
 -0.37218252E+000
 -0.37218263E+000
 -0.37218274E+000
 -0.37218285E+000
 -0.37218297E+000
 -0.37218308E+000
 -0.37218320E+000
 -0.37218333E+000
 -0.37218345E+000
 -0.37218358E+000
 -0.37218371E+000
 -0.37218384E+000
 -0.37218398E+000
 -0.37218412E+000
 -0.37218426E+000
 -0.37218441E+000
 -0.37218456E+000
 -0.37218471E+000
 -0.37218487E+000
 -0.37218503E+000
 -0.37218519E+000
 -0.37218536E+000
 -0.37218552E+000
 -0.37218570E+000
 -0.37218587E+000
 -0.37218605E+000
 -0.37218623E+000
 -0.37218641E+000
 -0.37218659E+000
 -0.37218678E+000
 -0.37218697E+000
 -0.37218716E+000
 -0.37218735E+000
 -0.37218755E+000
 -0.37218774E+000
 -0.37218794E+000
 -0.37218813E+000
 -0.37218833E+000
 -0.37218852E+000
 -0.37218872E+000
 -0.37218891E+000
 -0.37218910E+000
 -0.37218929E+000
 -0.37218948E+000
 -0.37218966E+000
 -0.37218985E+000
 -0.37219002E+000
 -0.37219020E+000
 -0.37219037E+000
 -0.37219054E+000
 -0.37219070E+000
 -0.37219085E+000
 -0.37219100E+000
 -0.37219115E+000
 -0.37219129E+000
 -0.37219142E+000
 -0.37219154E+000
 -0.37219166E+000
 -0.37219177E+000
 -0.37219188E+000
 -0.37219197E+000
 -0.37219206E+000
 -0.37219215E+000
 -0.37219222E+000
 -0.37219229E+000
 -0.37219235E+000
 -0.37219240E+000
 -0.37219245E+000
 -0.37219249E+000
 -0.37219252E+000
 -0.37219255E+000
 -0.37219257E+000
 -0.37219258E+000
 -0.37219259E+000
 -0.37219259E+000
 -0.37219258E+000
 -0.37219258E+000
 -0.37219256E+000
 -0.37219254E+000
 -0.37219252E+000
 -0.37219250E+000
 -0.37219247E+000
 -0.37219243E+000
 -0.37219240E+000
 -0.37219236E+000
 -0.37219232E+000
 -0.37219228E+000
 -0.37219223E+000
 -0.37219218E+000
 -0.37219214E+000
 -0.37219209E+000
 -0.37219204E+000
 -0.37219198E+000
 -0.37219193E+000
 -0.37219188E+000
 -0.37219183E+000
 -0.37219177E+000
 -0.37219172E+000
 -0.37219166E+000
 -0.37219161E+000
 -0.37219156E+000
 -0.37219150E+000
 -0.37219145E+000
 -0.37219139E+000
 -0.37219134E+000
 -0.37219129E+000
 -0.37219123E+000
 -0.37219118E+000
 -0.37219113E+000
 -0.37219108E+000
 -0.37219102E+000
 -0.37219097E+000
 -0.37219092E+000
 -0.37219087E+000
 -0.37219081E+000
 -0.37219076E+000
 -0.37219071E+000
 -0.37219066E+000
 -0.37219061E+000
 -0.37219056E+000
 -0.37219051E+000
 -0.37219046E+000
 -0.37219040E+000
 -0.37219035E+000
 -0.37219030E+000
 -0.37219025E+000
 -0.37219020E+000
 -0.37219015E+000
 -0.37219010E+000
 -0.37219004E+000
 -0.37218999E+000
 -0.37218994E+000
 -0.37218989E+000
 -0.37218984E+000
 -0.37218978E+000
 -0.37218973E+000
 -0.37218968E+000
 -0.37218963E+000
 -0.37218957E+000
 -0.37218952E+000
 -0.37218947E+000
 -0.37218941E+000
 -0.37218936E+000
 -0.37218930E+000
 -0.37218925E+000
 -0.37218920E+000
 -0.37218914E+000
 -0.37218909E+000
 -0.37218903E+000
 -0.37218898E+000
 -0.37218892E+000
 -0.37218887E+000
 -0.37218881E+000
 -0.37218876E+000
 -0.37218871E+000
 -0.37218865E+000
 -0.37218860E+000
 -0.37218854E+000
 -0.37218849E+000
 -0.37218844E+000
 -0.37218838E+000
 -0.37218833E+000
 -0.37218828E+000
 -0.37218822E+000
 -0.37218817E+000
 -0.37218812E+000
 -0.37218807E+000
 -0.37218801E+000
 -0.37218796E+000
 -0.37218791E+000
 -0.37218786E+000
 -0.37218781E+000
 -0.37218776E+000
 -0.37218771E+000
