  0.96922197E+000
  0.96922009E+000
  0.96919915E+000
  0.96919224E+000
  0.96919142E+000
  0.96919144E+000
  0.96919162E+000
  0.96919183E+000
  0.96919207E+000
  0.96919233E+000
  0.96919261E+000
  0.96919289E+000
  0.96919318E+000
  0.96919348E+000
  0.96919379E+000
  0.96919411E+000
  0.96919444E+000
  0.96919477E+000
  0.96919511E+000
  0.96919546E+000
  0.96919582E+000
  0.96919618E+000
  0.96919655E+000
  0.96919693E+000
  0.96919732E+000
  0.96919771E+000
  0.96919812E+000
  0.96919853E+000
  0.96919896E+000
  0.96919939E+000
  0.96919984E+000
  0.96920029E+000
  0.96920076E+000
  0.96920123E+000
  0.96920172E+000
  0.96920222E+000
  0.96920274E+000
  0.96920326E+000
  0.96920380E+000
  0.96920435E+000
  0.96920491E+000
  0.96920549E+000
  0.96920608E+000
  0.96920668E+000
  0.96920730E+000
  0.96920792E+000
  0.96920856E+000
  0.96920922E+000
  0.96920988E+000
  0.96921056E+000
  0.96921125E+000
  0.96921195E+000
  0.96921266E+000
  0.96921339E+000
  0.96921412E+000
  0.96921486E+000
  0.96921561E+000
  0.96921637E+000
  0.96921713E+000
  0.96921790E+000
  0.96921868E+000
  0.96921945E+000
  0.96922024E+000
  0.96922102E+000
  0.96922180E+000
  0.96922258E+000
  0.96922336E+000
  0.96922413E+000
  0.96922490E+000
  0.96922567E+000
  0.96922642E+000
  0.96922717E+000
  0.96922791E+000
  0.96922863E+000
  0.96922934E+000
  0.96923004E+000
  0.96923072E+000
  0.96923139E+000
  0.96923204E+000
  0.96923267E+000
  0.96923328E+000
  0.96923387E+000
  0.96923444E+000
  0.96923499E+000
  0.96923552E+000
  0.96923603E+000
  0.96923651E+000
  0.96923698E+000
  0.96923742E+000
  0.96923784E+000
  0.96923823E+000
  0.96923861E+000
  0.96923896E+000
  0.96923930E+000
  0.96923961E+000
  0.96923990E+000
  0.96924018E+000
  0.96924043E+000
  0.96924067E+000
  0.96924089E+000
  0.96924109E+000
  0.96924128E+000
  0.96924146E+000
  0.96924162E+000
  0.96924177E+000
  0.96924190E+000
  0.96924203E+000
  0.96924214E+000
  0.96924225E+000
  0.96924234E+000
  0.96924243E+000
  0.96924251E+000
  0.96924259E+000
  0.96924266E+000
  0.96924272E+000
  0.96924278E+000
  0.96924283E+000
  0.96924289E+000
  0.96924293E+000
  0.96924298E+000
  0.96924302E+000
  0.96924306E+000
  0.96924309E+000
  0.96924313E+000
  0.96924316E+000
  0.96924319E+000
  0.96924322E+000
  0.96924325E+000
  0.96924328E+000
  0.96924331E+000
  0.96924333E+000
  0.96924336E+000
  0.96924338E+000
  0.96924341E+000
  0.96924343E+000
  0.96924345E+000
  0.96924347E+000
  0.96924349E+000
  0.96924352E+000
  0.96924354E+000
  0.96924356E+000
  0.96924358E+000
  0.96924359E+000
  0.96924361E+000
  0.96924363E+000
  0.96924365E+000
  0.96924367E+000
  0.96924368E+000
  0.96924370E+000
  0.96924371E+000
  0.96924373E+000
  0.96924374E+000
  0.96924376E+000
  0.96924377E+000
  0.96924379E+000
  0.96924380E+000
  0.96924381E+000
  0.96924383E+000
  0.96924384E+000
  0.96924385E+000
  0.96924386E+000
  0.96924387E+000
  0.96924388E+000
  0.96924389E+000
  0.96924390E+000
  0.96924391E+000
  0.96924392E+000
  0.96924393E+000
  0.96924394E+000
  0.96924395E+000
  0.96924396E+000
  0.96924396E+000
  0.96924397E+000
  0.96924398E+000
  0.96924399E+000
  0.96924399E+000
  0.96924400E+000
  0.96924401E+000
  0.96924401E+000
  0.96924402E+000
  0.96924402E+000
  0.96924403E+000
  0.96924403E+000
  0.96924404E+000
  0.96924404E+000
  0.96924405E+000
  0.96924405E+000
  0.96924406E+000
  0.96924406E+000
  0.96924407E+000
  0.96924407E+000
  0.96924407E+000
  0.96924408E+000
  0.96924408E+000
  0.96924409E+000
  0.96924409E+000
  0.96924409E+000
  0.96924409E+000
  0.96924410E+000
  0.96924410E+000
