  0.49283918E+000
  0.49283793E+000
  0.49282288E+000
  0.49281847E+000
  0.49281785E+000
  0.49281781E+000
  0.49281787E+000
  0.49281798E+000
  0.49281810E+000
  0.49281825E+000
  0.49281840E+000
  0.49281857E+000
  0.49281875E+000
  0.49281893E+000
  0.49281912E+000
  0.49281932E+000
  0.49281952E+000
  0.49281973E+000
  0.49281994E+000
  0.49282016E+000
  0.49282038E+000
  0.49282061E+000
  0.49282084E+000
  0.49282108E+000
  0.49282133E+000
  0.49282158E+000
  0.49282184E+000
  0.49282210E+000
  0.49282237E+000
  0.49282265E+000
  0.49282293E+000
  0.49282322E+000
  0.49282352E+000
  0.49282382E+000
  0.49282414E+000
  0.49282446E+000
  0.49282479E+000
  0.49282512E+000
  0.49282547E+000
  0.49282582E+000
  0.49282618E+000
  0.49282655E+000
  0.49282693E+000
  0.49282732E+000
  0.49282772E+000
  0.49282812E+000
  0.49282853E+000
  0.49282896E+000
  0.49282938E+000
  0.49282982E+000
  0.49283027E+000
  0.49283072E+000
  0.49283118E+000
  0.49283165E+000
  0.49283212E+000
  0.49283260E+000
  0.49283309E+000
  0.49283358E+000
  0.49283408E+000
  0.49283458E+000
  0.49283508E+000
  0.49283558E+000
  0.49283609E+000
  0.49283660E+000
  0.49283711E+000
  0.49283762E+000
  0.49283812E+000
  0.49283863E+000
  0.49283913E+000
  0.49283963E+000
  0.49284012E+000
  0.49284060E+000
  0.49284108E+000
  0.49284156E+000
  0.49284202E+000
  0.49284248E+000
  0.49284292E+000
  0.49284336E+000
  0.49284378E+000
  0.49284420E+000
  0.49284460E+000
  0.49284498E+000
  0.49284536E+000
  0.49284572E+000
  0.49284607E+000
  0.49284640E+000
  0.49284672E+000
  0.49284702E+000
  0.49284731E+000
  0.49284759E+000
  0.49284785E+000
  0.49284810E+000
  0.49284833E+000
  0.49284855E+000
  0.49284875E+000
  0.49284895E+000
  0.49284913E+000
  0.49284930E+000
  0.49284945E+000
  0.49284960E+000
  0.49284973E+000
  0.49284986E+000
  0.49284997E+000
  0.49285008E+000
  0.49285017E+000
  0.49285026E+000
  0.49285034E+000
  0.49285042E+000
  0.49285049E+000
  0.49285055E+000
  0.49285061E+000
  0.49285066E+000
  0.49285071E+000
  0.49285075E+000
  0.49285079E+000
  0.49285083E+000
  0.49285086E+000
  0.49285090E+000
  0.49285092E+000
  0.49285095E+000
  0.49285098E+000
  0.49285100E+000
  0.49285102E+000
  0.49285104E+000
  0.49285106E+000
  0.49285108E+000
  0.49285110E+000
  0.49285112E+000
  0.49285114E+000
  0.49285115E+000
  0.49285117E+000
  0.49285118E+000
  0.49285120E+000
  0.49285121E+000
  0.49285122E+000
  0.49285124E+000
  0.49285125E+000
  0.49285126E+000
  0.49285127E+000
  0.49285129E+000
  0.49285130E+000
  0.49285131E+000
  0.49285132E+000
  0.49285133E+000
  0.49285134E+000
  0.49285135E+000
  0.49285136E+000
  0.49285137E+000
  0.49285138E+000
  0.49285139E+000
  0.49285140E+000
  0.49285141E+000
  0.49285141E+000
  0.49285142E+000
  0.49285143E+000
  0.49285144E+000
  0.49285144E+000
  0.49285145E+000
  0.49285146E+000
  0.49285146E+000
  0.49285147E+000
  0.49285148E+000
  0.49285148E+000
  0.49285149E+000
  0.49285149E+000
  0.49285150E+000
  0.49285151E+000
  0.49285151E+000
  0.49285152E+000
  0.49285152E+000
  0.49285153E+000
  0.49285153E+000
  0.49285153E+000
  0.49285154E+000
  0.49285154E+000
  0.49285155E+000
  0.49285155E+000
  0.49285155E+000
  0.49285156E+000
  0.49285156E+000
  0.49285156E+000
  0.49285157E+000
  0.49285157E+000
  0.49285157E+000
  0.49285157E+000
  0.49285158E+000
  0.49285158E+000
  0.49285158E+000
  0.49285158E+000
  0.49285159E+000
  0.49285159E+000
  0.49285159E+000
  0.49285159E+000
  0.49285159E+000
  0.49285160E+000
  0.49285160E+000
  0.49285160E+000
  0.49285160E+000
  0.49285160E+000
  0.49285160E+000
