  0.15113427E+001
  0.15113405E+001
  0.15113192E+001
  0.15113124E+001
  0.15113116E+001
  0.15113118E+001
  0.15113120E+001
  0.15113123E+001
  0.15113126E+001
  0.15113130E+001
  0.15113133E+001
  0.15113137E+001
  0.15113141E+001
  0.15113144E+001
  0.15113148E+001
  0.15113152E+001
  0.15113156E+001
  0.15113160E+001
  0.15113164E+001
  0.15113168E+001
  0.15113173E+001
  0.15113177E+001
  0.15113181E+001
  0.15113186E+001
  0.15113191E+001
  0.15113195E+001
  0.15113200E+001
  0.15113205E+001
  0.15113210E+001
  0.15113215E+001
  0.15113221E+001
  0.15113226E+001
  0.15113231E+001
  0.15113237E+001
  0.15113243E+001
  0.15113249E+001
  0.15113255E+001
  0.15113261E+001
  0.15113268E+001
  0.15113274E+001
  0.15113281E+001
  0.15113288E+001
  0.15113294E+001
  0.15113302E+001
  0.15113309E+001
  0.15113316E+001
  0.15113324E+001
  0.15113332E+001
  0.15113340E+001
  0.15113348E+001
  0.15113356E+001
  0.15113364E+001
  0.15113372E+001
  0.15113381E+001
  0.15113390E+001
  0.15113398E+001
  0.15113407E+001
  0.15113416E+001
  0.15113425E+001
  0.15113434E+001
  0.15113443E+001
  0.15113452E+001
  0.15113462E+001
  0.15113471E+001
  0.15113480E+001
  0.15113489E+001
  0.15113498E+001
  0.15113507E+001
  0.15113516E+001
  0.15113525E+001
  0.15113534E+001
  0.15113542E+001
  0.15113551E+001
  0.15113559E+001
  0.15113568E+001
  0.15113576E+001
  0.15113583E+001
  0.15113591E+001
  0.15113598E+001
  0.15113605E+001
  0.15113612E+001
  0.15113619E+001
  0.15113625E+001
  0.15113632E+001
  0.15113637E+001
  0.15113643E+001
  0.15113648E+001
  0.15113653E+001
  0.15113658E+001
  0.15113663E+001
  0.15113667E+001
  0.15113671E+001
  0.15113674E+001
  0.15113678E+001
  0.15113681E+001
  0.15113684E+001
  0.15113687E+001
  0.15113689E+001
  0.15113691E+001
  0.15113693E+001
  0.15113695E+001
  0.15113697E+001
  0.15113698E+001
  0.15113699E+001
  0.15113700E+001
  0.15113701E+001
  0.15113702E+001
  0.15113703E+001
  0.15113704E+001
  0.15113704E+001
  0.15113704E+001
  0.15113705E+001
  0.15113705E+001
  0.15113705E+001
  0.15113705E+001
  0.15113705E+001
  0.15113705E+001
  0.15113705E+001
  0.15113705E+001
  0.15113705E+001
  0.15113705E+001
  0.15113704E+001
  0.15113704E+001
  0.15113704E+001
  0.15113704E+001
  0.15113703E+001
  0.15113703E+001
  0.15113703E+001
  0.15113703E+001
  0.15113702E+001
  0.15113702E+001
  0.15113702E+001
  0.15113701E+001
  0.15113701E+001
  0.15113701E+001
  0.15113700E+001
  0.15113700E+001
  0.15113700E+001
  0.15113699E+001
  0.15113699E+001
  0.15113698E+001
  0.15113698E+001
  0.15113698E+001
  0.15113697E+001
  0.15113697E+001
  0.15113696E+001
  0.15113696E+001
  0.15113696E+001
  0.15113695E+001
  0.15113695E+001
  0.15113694E+001
  0.15113694E+001
  0.15113694E+001
  0.15113693E+001
  0.15113693E+001
  0.15113692E+001
  0.15113692E+001
  0.15113691E+001
  0.15113691E+001
  0.15113690E+001
  0.15113690E+001
  0.15113689E+001
  0.15113689E+001
  0.15113688E+001
  0.15113688E+001
  0.15113687E+001
  0.15113687E+001
  0.15113686E+001
  0.15113686E+001
  0.15113685E+001
  0.15113685E+001
  0.15113684E+001
  0.15113684E+001
  0.15113683E+001
  0.15113682E+001
  0.15113682E+001
  0.15113681E+001
  0.15113681E+001
  0.15113680E+001
  0.15113680E+001
  0.15113679E+001
  0.15113679E+001
  0.15113678E+001
  0.15113678E+001
  0.15113677E+001
  0.15113676E+001
  0.15113676E+001
  0.15113675E+001
  0.15113675E+001
  0.15113674E+001
  0.15113674E+001
  0.15113673E+001
  0.15113673E+001
  0.15113672E+001
  0.15113672E+001
  0.15113671E+001
  0.15113670E+001
  0.15113670E+001
  0.15113669E+001
  0.15113669E+001
