  0.68694153E+000
  0.68694020E+000
  0.68692536E+000
  0.68692046E+000
  0.68691988E+000
  0.68691990E+000
  0.68692002E+000
  0.68692017E+000
  0.68692034E+000
  0.68692053E+000
  0.68692072E+000
  0.68692092E+000
  0.68692113E+000
  0.68692134E+000
  0.68692156E+000
  0.68692179E+000
  0.68692202E+000
  0.68692226E+000
  0.68692250E+000
  0.68692274E+000
  0.68692300E+000
  0.68692325E+000
  0.68692352E+000
  0.68692378E+000
  0.68692406E+000
  0.68692434E+000
  0.68692463E+000
  0.68692492E+000
  0.68692522E+000
  0.68692553E+000
  0.68692584E+000
  0.68692617E+000
  0.68692650E+000
  0.68692684E+000
  0.68692718E+000
  0.68692754E+000
  0.68692790E+000
  0.68692827E+000
  0.68692865E+000
  0.68692904E+000
  0.68692944E+000
  0.68692985E+000
  0.68693027E+000
  0.68693070E+000
  0.68693113E+000
  0.68693158E+000
  0.68693203E+000
  0.68693249E+000
  0.68693297E+000
  0.68693345E+000
  0.68693393E+000
  0.68693443E+000
  0.68693494E+000
  0.68693545E+000
  0.68693597E+000
  0.68693649E+000
  0.68693702E+000
  0.68693756E+000
  0.68693810E+000
  0.68693865E+000
  0.68693920E+000
  0.68693975E+000
  0.68694030E+000
  0.68694086E+000
  0.68694141E+000
  0.68694197E+000
  0.68694252E+000
  0.68694307E+000
  0.68694361E+000
  0.68694415E+000
  0.68694469E+000
  0.68694522E+000
  0.68694574E+000
  0.68694625E+000
  0.68694676E+000
  0.68694725E+000
  0.68694773E+000
  0.68694821E+000
  0.68694867E+000
  0.68694911E+000
  0.68694955E+000
  0.68694997E+000
  0.68695037E+000
  0.68695076E+000
  0.68695114E+000
  0.68695150E+000
  0.68695184E+000
  0.68695217E+000
  0.68695248E+000
  0.68695278E+000
  0.68695306E+000
  0.68695333E+000
  0.68695358E+000
  0.68695381E+000
  0.68695403E+000
  0.68695424E+000
  0.68695444E+000
  0.68695462E+000
  0.68695479E+000
  0.68695494E+000
  0.68695509E+000
  0.68695522E+000
  0.68695534E+000
  0.68695546E+000
  0.68695556E+000
  0.68695566E+000
  0.68695575E+000
  0.68695583E+000
  0.68695590E+000
  0.68695597E+000
  0.68695604E+000
  0.68695609E+000
  0.68695615E+000
  0.68695620E+000
  0.68695624E+000
  0.68695628E+000
  0.68695632E+000
  0.68695636E+000
  0.68695639E+000
  0.68695642E+000
  0.68695645E+000
  0.68695648E+000
  0.68695650E+000
  0.68695653E+000
  0.68695655E+000
  0.68695657E+000
  0.68695659E+000
  0.68695662E+000
  0.68695664E+000
  0.68695665E+000
  0.68695667E+000
  0.68695669E+000
  0.68695671E+000
  0.68695672E+000
  0.68695674E+000
  0.68695676E+000
  0.68695677E+000
  0.68695679E+000
  0.68695680E+000
  0.68695682E+000
  0.68695683E+000
  0.68695685E+000
  0.68695686E+000
  0.68695687E+000
  0.68695688E+000
  0.68695690E+000
  0.68695691E+000
  0.68695692E+000
  0.68695693E+000
  0.68695694E+000
  0.68695695E+000
  0.68695696E+000
  0.68695698E+000
  0.68695699E+000
  0.68695699E+000
  0.68695700E+000
  0.68695701E+000
  0.68695702E+000
  0.68695703E+000
  0.68695704E+000
  0.68695705E+000
  0.68695705E+000
  0.68695706E+000
  0.68695707E+000
  0.68695708E+000
  0.68695708E+000
  0.68695709E+000
  0.68695710E+000
  0.68695710E+000
  0.68695711E+000
  0.68695711E+000
  0.68695712E+000
  0.68695713E+000
  0.68695713E+000
  0.68695714E+000
  0.68695714E+000
  0.68695715E+000
  0.68695715E+000
  0.68695715E+000
  0.68695716E+000
  0.68695716E+000
  0.68695717E+000
  0.68695717E+000
  0.68695717E+000
  0.68695718E+000
  0.68695718E+000
  0.68695718E+000
  0.68695719E+000
  0.68695719E+000
  0.68695719E+000
  0.68695720E+000
  0.68695720E+000
  0.68695720E+000
  0.68695720E+000
  0.68695721E+000
  0.68695721E+000
  0.68695721E+000
  0.68695721E+000
  0.68695722E+000
  0.68695722E+000
