  0.89092609E+000
  0.89092444E+000
  0.89102222E+000
  0.89101541E+000
  0.89101393E+000
  0.89101318E+000
  0.89101257E+000
  0.89101201E+000
  0.89101146E+000
  0.89101093E+000
  0.89101042E+000
  0.89100991E+000
  0.89100942E+000
  0.89100892E+000
  0.89100844E+000
  0.89100795E+000
  0.89100747E+000
  0.89100699E+000
  0.89100650E+000
  0.89100602E+000
  0.89100553E+000
  0.89100503E+000
  0.89100454E+000
  0.89100403E+000
  0.89100352E+000
  0.89100300E+000
  0.89100247E+000
  0.89100194E+000
  0.89100139E+000
  0.89100083E+000
  0.89100025E+000
  0.89099967E+000
  0.89099907E+000
  0.89099845E+000
  0.89099782E+000
  0.89099718E+000
  0.89099651E+000
  0.89099583E+000
  0.89099513E+000
  0.89099442E+000
  0.89099368E+000
  0.89099293E+000
  0.89099215E+000
  0.89099136E+000
  0.89099055E+000
  0.89098972E+000
  0.89098887E+000
  0.89098800E+000
  0.89098711E+000
  0.89098621E+000
  0.89098528E+000
  0.89098435E+000
  0.89098339E+000
  0.89098242E+000
  0.89098144E+000
  0.89098044E+000
  0.89097943E+000
  0.89097841E+000
  0.89097739E+000
  0.89097635E+000
  0.89097531E+000
  0.89097426E+000
  0.89097321E+000
  0.89097216E+000
  0.89097111E+000
  0.89097006E+000
  0.89096901E+000
  0.89096797E+000
  0.89096694E+000
  0.89096592E+000
  0.89096490E+000
  0.89096391E+000
  0.89096292E+000
  0.89096196E+000
  0.89096101E+000
  0.89096008E+000
  0.89095917E+000
  0.89095829E+000
  0.89095743E+000
  0.89095660E+000
  0.89095580E+000
  0.89095502E+000
  0.89095427E+000
  0.89095355E+000
  0.89095287E+000
  0.89095221E+000
  0.89095158E+000
  0.89095099E+000
  0.89095043E+000
  0.89094990E+000
  0.89094940E+000
  0.89094893E+000
  0.89094850E+000
  0.89094809E+000
  0.89094771E+000
  0.89094736E+000
  0.89094704E+000
  0.89094674E+000
  0.89094648E+000
  0.89094623E+000
  0.89094601E+000
  0.89094581E+000
  0.89094563E+000
  0.89094547E+000
  0.89094533E+000
  0.89094520E+000
  0.89094509E+000
  0.89094500E+000
  0.89094492E+000
  0.89094485E+000
  0.89094479E+000
  0.89094474E+000
  0.89094471E+000
  0.89094467E+000
  0.89094465E+000
  0.89094464E+000
  0.89094462E+000
  0.89094462E+000
  0.89094462E+000
  0.89094462E+000
  0.89094462E+000
  0.89094463E+000
  0.89094464E+000
  0.89094466E+000
  0.89094467E+000
  0.89094468E+000
  0.89094470E+000
  0.89094472E+000
  0.89094474E+000
  0.89094475E+000
  0.89094477E+000
  0.89094479E+000
  0.89094481E+000
  0.89094483E+000
  0.89094485E+000
  0.89094486E+000
  0.89094488E+000
  0.89094490E+000
  0.89094492E+000
  0.89094494E+000
  0.89094495E+000
  0.89094497E+000
  0.89094499E+000
  0.89094500E+000
  0.89094502E+000
  0.89094503E+000
  0.89094505E+000
  0.89094506E+000
  0.89094508E+000
  0.89094509E+000
  0.89094510E+000
  0.89094512E+000
  0.89094513E+000
  0.89094514E+000
  0.89094515E+000
  0.89094516E+000
  0.89094518E+000
  0.89094519E+000
  0.89094520E+000
  0.89094521E+000
  0.89094522E+000
  0.89094523E+000
  0.89094524E+000
  0.89094525E+000
  0.89094525E+000
  0.89094526E+000
  0.89094527E+000
  0.89094528E+000
  0.89094529E+000
  0.89094529E+000
  0.89094530E+000
  0.89094531E+000
  0.89094531E+000
  0.89094532E+000
  0.89094533E+000
  0.89094533E+000
  0.89094534E+000
  0.89094534E+000
  0.89094535E+000
  0.89094536E+000
  0.89094536E+000
  0.89094537E+000
  0.89094537E+000
  0.89094537E+000
  0.89094538E+000
  0.89094538E+000
  0.89094539E+000
  0.89094539E+000
  0.89094539E+000
  0.89094540E+000
  0.89094540E+000
  0.89094541E+000
  0.89094541E+000
  0.89094541E+000
  0.89094541E+000
  0.89094542E+000
  0.89094542E+000
  0.89094542E+000
  0.89094543E+000
  0.89094543E+000
