  0.10950479E+002
  0.10950466E+002
  0.10950452E+002
  0.10950455E+002
  0.10950457E+002
  0.10950459E+002
  0.10950461E+002
  0.10950463E+002
  0.10950465E+002
  0.10950466E+002
  0.10950468E+002
  0.10950470E+002
  0.10950471E+002
  0.10950473E+002
  0.10950474E+002
  0.10950476E+002
  0.10950477E+002
  0.10950479E+002
  0.10950481E+002
  0.10950482E+002
  0.10950484E+002
  0.10950485E+002
  0.10950487E+002
  0.10950489E+002
  0.10950490E+002
  0.10950492E+002
  0.10950494E+002
  0.10950496E+002
  0.10950498E+002
  0.10950500E+002
  0.10950502E+002
  0.10950504E+002
  0.10950506E+002
  0.10950508E+002
  0.10950510E+002
  0.10950513E+002
  0.10950515E+002
  0.10950517E+002
  0.10950520E+002
  0.10950522E+002
  0.10950525E+002
  0.10950528E+002
  0.10950531E+002
  0.10950533E+002
  0.10950536E+002
  0.10950539E+002
  0.10950542E+002
  0.10950546E+002
  0.10950549E+002
  0.10950552E+002
  0.10950555E+002
  0.10950559E+002
  0.10950562E+002
  0.10950566E+002
  0.10950569E+002
  0.10950573E+002
  0.10950576E+002
  0.10950580E+002
  0.10950584E+002
  0.10950587E+002
  0.10950591E+002
  0.10950594E+002
  0.10950598E+002
  0.10950602E+002
  0.10950605E+002
  0.10950609E+002
  0.10950612E+002
  0.10950615E+002
  0.10950619E+002
  0.10950622E+002
  0.10950625E+002
  0.10950628E+002
  0.10950632E+002
  0.10950634E+002
  0.10950637E+002
  0.10950640E+002
  0.10950643E+002
  0.10950645E+002
  0.10950648E+002
  0.10950650E+002
  0.10950652E+002
  0.10950654E+002
  0.10950656E+002
  0.10950658E+002
  0.10950659E+002
  0.10950660E+002
  0.10950662E+002
  0.10950663E+002
  0.10950664E+002
  0.10950665E+002
  0.10950665E+002
  0.10950666E+002
  0.10950666E+002
  0.10950667E+002
  0.10950667E+002
  0.10950667E+002
  0.10950667E+002
  0.10950666E+002
  0.10950666E+002
  0.10950666E+002
  0.10950665E+002
  0.10950664E+002
  0.10950664E+002
  0.10950663E+002
  0.10950662E+002
  0.10950661E+002
  0.10950660E+002
  0.10950659E+002
  0.10950658E+002
  0.10950657E+002
  0.10950656E+002
  0.10950654E+002
  0.10950653E+002
  0.10950652E+002
  0.10950650E+002
  0.10950649E+002
  0.10950648E+002
  0.10950646E+002
  0.10950645E+002
  0.10950644E+002
  0.10950642E+002
  0.10950641E+002
  0.10950639E+002
  0.10950638E+002
  0.10950637E+002
  0.10950635E+002
  0.10950634E+002
  0.10950632E+002
  0.10950631E+002
  0.10950629E+002
  0.10950628E+002
  0.10950627E+002
  0.10950625E+002
  0.10950624E+002
  0.10950623E+002
  0.10950621E+002
  0.10950620E+002
  0.10950618E+002
  0.10950617E+002
  0.10950616E+002
  0.10950614E+002
  0.10950613E+002
  0.10950611E+002
  0.10950610E+002
  0.10950609E+002
  0.10950607E+002
  0.10950606E+002
  0.10950605E+002
  0.10950603E+002
  0.10950602E+002
  0.10950600E+002
  0.10950599E+002
  0.10950598E+002
  0.10950596E+002
  0.10950595E+002
  0.10950593E+002
  0.10950592E+002
  0.10950590E+002
  0.10950589E+002
  0.10950587E+002
  0.10950586E+002
  0.10950585E+002
  0.10950583E+002
  0.10950582E+002
  0.10950580E+002
  0.10950579E+002
  0.10950577E+002
  0.10950576E+002
  0.10950574E+002
  0.10950573E+002
  0.10950571E+002
  0.10950570E+002
  0.10950568E+002
  0.10950567E+002
  0.10950565E+002
  0.10950564E+002
  0.10950562E+002
  0.10950561E+002
  0.10950559E+002
  0.10950558E+002
  0.10950556E+002
  0.10950555E+002
  0.10950553E+002
  0.10950552E+002
  0.10950550E+002
  0.10950549E+002
  0.10950547E+002
  0.10950546E+002
  0.10950544E+002
  0.10950543E+002
  0.10950541E+002
  0.10950540E+002
  0.10950539E+002
  0.10950537E+002
  0.10950536E+002
  0.10950535E+002
  0.10950533E+002
  0.10950532E+002
  0.10950531E+002
  0.10950529E+002
