  0.69328195E-001
  0.69345792E-001
  0.69370144E-001
  0.69357723E-001
  0.69349854E-001
  0.69344565E-001
  0.69340816E-001
  0.69338046E-001
  0.69335927E-001
  0.69334257E-001
  0.69332906E-001
  0.69331788E-001
  0.69330847E-001
  0.69330041E-001
  0.69329343E-001
  0.69328731E-001
  0.69328192E-001
  0.69327713E-001
  0.69327285E-001
  0.69326903E-001
  0.69326560E-001
  0.69326252E-001
  0.69325974E-001
  0.69325724E-001
  0.69325497E-001
  0.69325292E-001
  0.69325107E-001
  0.69324938E-001
  0.69324785E-001
  0.69324645E-001
  0.69324518E-001
  0.69324401E-001
  0.69324294E-001
  0.69324196E-001
  0.69324105E-001
  0.69324022E-001
  0.69323945E-001
  0.69323875E-001
  0.69323810E-001
  0.69323750E-001
  0.69323695E-001
  0.69323645E-001
  0.69323599E-001
  0.69323558E-001
  0.69323521E-001
  0.69323488E-001
  0.69323458E-001
  0.69323433E-001
  0.69323412E-001
  0.69323395E-001
  0.69323383E-001
  0.69323374E-001
  0.69323369E-001
  0.69323369E-001
  0.69323374E-001
  0.69323382E-001
  0.69323396E-001
  0.69323414E-001
  0.69323437E-001
  0.69323464E-001
  0.69323497E-001
  0.69323534E-001
  0.69323577E-001
  0.69323624E-001
  0.69323676E-001
  0.69323734E-001
  0.69323796E-001
  0.69323863E-001
  0.69323935E-001
  0.69324011E-001
  0.69324092E-001
  0.69324177E-001
  0.69324266E-001
  0.69324359E-001
  0.69324456E-001
  0.69324556E-001
  0.69324659E-001
  0.69324764E-001
  0.69324873E-001
  0.69324983E-001
  0.69325095E-001
  0.69325209E-001
  0.69325323E-001
  0.69325438E-001
  0.69325554E-001
  0.69325669E-001
  0.69325783E-001
  0.69325897E-001
  0.69326010E-001
  0.69326120E-001
  0.69326229E-001
  0.69326336E-001
  0.69326440E-001
  0.69326541E-001
  0.69326639E-001
  0.69326734E-001
  0.69326825E-001
  0.69326913E-001
  0.69326996E-001
  0.69327076E-001
  0.69327152E-001
  0.69327224E-001
  0.69327292E-001
  0.69327356E-001
  0.69327416E-001
  0.69327472E-001
  0.69327525E-001
  0.69327574E-001
  0.69327619E-001
  0.69327661E-001
  0.69327700E-001
  0.69327735E-001
  0.69327768E-001
  0.69327798E-001
  0.69327825E-001
  0.69327850E-001
  0.69327873E-001
  0.69327894E-001
  0.69327913E-001
  0.69327930E-001
  0.69327946E-001
  0.69327960E-001
  0.69327973E-001
  0.69327985E-001
  0.69327996E-001
  0.69328006E-001
  0.69328016E-001
  0.69328024E-001
  0.69328032E-001
  0.69328040E-001
  0.69328046E-001
  0.69328053E-001
  0.69328059E-001
  0.69328065E-001
  0.69328070E-001
  0.69328075E-001
  0.69328080E-001
  0.69328085E-001
  0.69328090E-001
  0.69328094E-001
  0.69328098E-001
  0.69328102E-001
  0.69328106E-001
  0.69328110E-001
  0.69328113E-001
  0.69328117E-001
  0.69328120E-001
  0.69328123E-001
  0.69328126E-001
  0.69328129E-001
  0.69328132E-001
  0.69328135E-001
  0.69328137E-001
  0.69328140E-001
  0.69328142E-001
  0.69328145E-001
  0.69328147E-001
  0.69328149E-001
  0.69328151E-001
  0.69328153E-001
  0.69328155E-001
  0.69328157E-001
  0.69328159E-001
  0.69328161E-001
  0.69328162E-001
  0.69328164E-001
  0.69328165E-001
  0.69328167E-001
  0.69328168E-001
  0.69328169E-001
  0.69328171E-001
  0.69328172E-001
  0.69328173E-001
  0.69328174E-001
  0.69328175E-001
  0.69328176E-001
  0.69328177E-001
  0.69328178E-001
  0.69328179E-001
  0.69328180E-001
  0.69328180E-001
  0.69328181E-001
  0.69328182E-001
  0.69328183E-001
  0.69328183E-001
  0.69328184E-001
  0.69328184E-001
  0.69328185E-001
  0.69328185E-001
  0.69328186E-001
  0.69328186E-001
  0.69328187E-001
  0.69328187E-001
  0.69328188E-001
  0.69328188E-001
  0.69328188E-001
  0.69328189E-001
  0.69328189E-001
  0.69328189E-001
  0.69328190E-001
