  0.23372266E+000
  0.23407351E+000
  0.23459362E+000
  0.23383261E+000
  0.23373474E+000
  0.23372223E+000
  0.23372143E+000
  0.23372211E+000
  0.23372280E+000
  0.23372332E+000
  0.23372370E+000
  0.23372398E+000
  0.23372416E+000
  0.23372429E+000
  0.23372436E+000
  0.23372440E+000
  0.23372440E+000
  0.23372438E+000
  0.23372434E+000
  0.23372427E+000
  0.23372418E+000
  0.23372408E+000
  0.23372396E+000
  0.23372383E+000
  0.23372369E+000
  0.23372353E+000
  0.23372336E+000
  0.23372318E+000
  0.23372299E+000
  0.23372279E+000
  0.23372258E+000
  0.23372236E+000
  0.23372214E+000
  0.23372190E+000
  0.23372166E+000
  0.23372140E+000
  0.23372114E+000
  0.23372088E+000
  0.23372060E+000
  0.23372032E+000
  0.23372003E+000
  0.23371973E+000
  0.23371943E+000
  0.23371912E+000
  0.23371881E+000
  0.23371849E+000
  0.23371817E+000
  0.23371784E+000
  0.23371752E+000
  0.23371719E+000
  0.23371687E+000
  0.23371655E+000
  0.23371624E+000
  0.23371593E+000
  0.23371562E+000
  0.23371533E+000
  0.23371505E+000
  0.23371478E+000
  0.23371452E+000
  0.23371428E+000
  0.23371405E+000
  0.23371384E+000
  0.23371365E+000
  0.23371349E+000
  0.23371334E+000
  0.23371321E+000
  0.23371311E+000
  0.23371302E+000
  0.23371297E+000
  0.23371293E+000
  0.23371292E+000
  0.23371294E+000
  0.23371297E+000
  0.23371303E+000
  0.23371312E+000
  0.23371322E+000
  0.23371335E+000
  0.23371350E+000
  0.23371367E+000
  0.23371385E+000
  0.23371406E+000
  0.23371428E+000
  0.23371451E+000
  0.23371476E+000
  0.23371502E+000
  0.23371528E+000
  0.23371556E+000
  0.23371584E+000
  0.23371613E+000
  0.23371642E+000
  0.23371672E+000
  0.23371701E+000
  0.23371730E+000
  0.23371759E+000
  0.23371787E+000
  0.23371815E+000
  0.23371842E+000
  0.23371868E+000
  0.23371894E+000
  0.23371918E+000
  0.23371941E+000
  0.23371964E+000
  0.23371985E+000
  0.23372005E+000
  0.23372023E+000
  0.23372041E+000
  0.23372057E+000
  0.23372072E+000
  0.23372087E+000
  0.23372100E+000
  0.23372111E+000
  0.23372122E+000
  0.23372132E+000
  0.23372141E+000
  0.23372149E+000
  0.23372157E+000
  0.23372164E+000
  0.23372170E+000
  0.23372175E+000
  0.23372180E+000
  0.23372184E+000
  0.23372188E+000
  0.23372192E+000
  0.23372195E+000
  0.23372198E+000
  0.23372200E+000
  0.23372203E+000
  0.23372205E+000
  0.23372207E+000
  0.23372209E+000
  0.23372211E+000
  0.23372212E+000
  0.23372214E+000
  0.23372216E+000
  0.23372217E+000
  0.23372219E+000
  0.23372220E+000
  0.23372221E+000
  0.23372223E+000
  0.23372224E+000
  0.23372225E+000
  0.23372227E+000
  0.23372228E+000
  0.23372229E+000
  0.23372231E+000
  0.23372232E+000
  0.23372233E+000
  0.23372234E+000
  0.23372235E+000
  0.23372236E+000
  0.23372238E+000
  0.23372239E+000
  0.23372240E+000
  0.23372241E+000
  0.23372242E+000
  0.23372243E+000
  0.23372244E+000
  0.23372245E+000
  0.23372245E+000
  0.23372246E+000
  0.23372247E+000
  0.23372248E+000
  0.23372249E+000
  0.23372249E+000
  0.23372250E+000
  0.23372251E+000
  0.23372252E+000
  0.23372252E+000
  0.23372253E+000
  0.23372253E+000
  0.23372254E+000
  0.23372255E+000
  0.23372255E+000
  0.23372256E+000
  0.23372256E+000
  0.23372257E+000
  0.23372257E+000
  0.23372257E+000
  0.23372258E+000
  0.23372258E+000
  0.23372259E+000
  0.23372259E+000
  0.23372259E+000
  0.23372260E+000
  0.23372260E+000
  0.23372260E+000
  0.23372260E+000
  0.23372261E+000
  0.23372261E+000
  0.23372261E+000
  0.23372261E+000
  0.23372262E+000
  0.23372262E+000
  0.23372262E+000
  0.23372262E+000
  0.23372262E+000
  0.23372263E+000
  0.23372263E+000
  0.23372263E+000
  0.23372263E+000
