  0.37555754E+000
  0.37555751E+000
  0.37555741E+000
  0.37555730E+000
  0.37555718E+000
  0.37555707E+000
  0.37555697E+000
  0.37555686E+000
  0.37555676E+000
  0.37555666E+000
  0.37555656E+000
  0.37555646E+000
  0.37555636E+000
  0.37555627E+000
  0.37555617E+000
  0.37555608E+000
  0.37555599E+000
  0.37555590E+000
  0.37555581E+000
  0.37555571E+000
  0.37555562E+000
  0.37555553E+000
  0.37555544E+000
  0.37555535E+000
  0.37555526E+000
  0.37555516E+000
  0.37555507E+000
  0.37555498E+000
  0.37555488E+000
  0.37555479E+000
  0.37555469E+000
  0.37555459E+000
  0.37555449E+000
  0.37555439E+000
  0.37555429E+000
  0.37555419E+000
  0.37555408E+000
  0.37555398E+000
  0.37555387E+000
  0.37555377E+000
  0.37555366E+000
  0.37555355E+000
  0.37555344E+000
  0.37555333E+000
  0.37555322E+000
  0.37555311E+000
  0.37555299E+000
  0.37555288E+000
  0.37555277E+000
  0.37555266E+000
  0.37555255E+000
  0.37555243E+000
  0.37555233E+000
  0.37555222E+000
  0.37555211E+000
  0.37555201E+000
  0.37555190E+000
  0.37555181E+000
  0.37555171E+000
  0.37555162E+000
  0.37555153E+000
  0.37555144E+000
  0.37555136E+000
  0.37555129E+000
  0.37555122E+000
  0.37555115E+000
  0.37555109E+000
  0.37555104E+000
  0.37555100E+000
  0.37555096E+000
  0.37555093E+000
  0.37555090E+000
  0.37555089E+000
  0.37555088E+000
  0.37555088E+000
  0.37555089E+000
  0.37555090E+000
  0.37555093E+000
  0.37555096E+000
  0.37555100E+000
  0.37555105E+000
  0.37555111E+000
  0.37555118E+000
  0.37555125E+000
  0.37555134E+000
  0.37555142E+000
  0.37555152E+000
  0.37555162E+000
  0.37555173E+000
  0.37555185E+000
  0.37555197E+000
  0.37555210E+000
  0.37555223E+000
  0.37555236E+000
  0.37555250E+000
  0.37555264E+000
  0.37555279E+000
  0.37555293E+000
  0.37555308E+000
  0.37555323E+000
  0.37555338E+000
  0.37555353E+000
  0.37555367E+000
  0.37555382E+000
  0.37555397E+000
  0.37555411E+000
  0.37555426E+000
  0.37555440E+000
  0.37555454E+000
  0.37555467E+000
  0.37555481E+000
  0.37555493E+000
  0.37555506E+000
  0.37555518E+000
  0.37555530E+000
  0.37555541E+000
  0.37555552E+000
  0.37555563E+000
  0.37555573E+000
  0.37555583E+000
  0.37555593E+000
  0.37555602E+000
  0.37555610E+000
  0.37555619E+000
  0.37555626E+000
  0.37555634E+000
  0.37555641E+000
  0.37555648E+000
  0.37555654E+000
  0.37555660E+000
  0.37555666E+000
  0.37555672E+000
  0.37555677E+000
  0.37555682E+000
  0.37555686E+000
  0.37555691E+000
  0.37555695E+000
  0.37555699E+000
  0.37555702E+000
  0.37555706E+000
  0.37555709E+000
  0.37555712E+000
  0.37555715E+000
  0.37555718E+000
  0.37555720E+000
  0.37555722E+000
  0.37555725E+000
  0.37555727E+000
  0.37555729E+000
  0.37555730E+000
  0.37555732E+000
  0.37555734E+000
  0.37555735E+000
  0.37555737E+000
  0.37555738E+000
  0.37555739E+000
  0.37555740E+000
  0.37555741E+000
  0.37555742E+000
  0.37555743E+000
  0.37555744E+000
  0.37555745E+000
  0.37555745E+000
  0.37555746E+000
  0.37555747E+000
  0.37555747E+000
  0.37555748E+000
  0.37555748E+000
  0.37555749E+000
  0.37555749E+000
  0.37555750E+000
  0.37555750E+000
  0.37555750E+000
  0.37555751E+000
  0.37555751E+000
  0.37555751E+000
  0.37555751E+000
  0.37555752E+000
  0.37555752E+000
  0.37555752E+000
  0.37555752E+000
  0.37555752E+000
  0.37555753E+000
  0.37555753E+000
  0.37555753E+000
  0.37555753E+000
  0.37555753E+000
  0.37555753E+000
  0.37555753E+000
  0.37555753E+000
  0.37555753E+000
  0.37555753E+000
  0.37555754E+000
  0.37555754E+000
  0.37555754E+000
  0.37555754E+000
  0.37555754E+000
  0.37555754E+000
  0.37555754E+000
  0.37555754E+000
