  0.82261485E+000
  0.82261490E+000
  0.82261495E+000
  0.82261494E+000
  0.82261491E+000
  0.82261489E+000
  0.82261486E+000
  0.82261484E+000
  0.82261481E+000
  0.82261478E+000
  0.82261476E+000
  0.82261473E+000
  0.82261471E+000
  0.82261468E+000
  0.82261465E+000
  0.82261463E+000
  0.82261460E+000
  0.82261458E+000
  0.82261455E+000
  0.82261452E+000
  0.82261449E+000
  0.82261447E+000
  0.82261444E+000
  0.82261441E+000
  0.82261438E+000
  0.82261435E+000
  0.82261433E+000
  0.82261430E+000
  0.82261427E+000
  0.82261424E+000
  0.82261420E+000
  0.82261417E+000
  0.82261414E+000
  0.82261411E+000
  0.82261407E+000
  0.82261404E+000
  0.82261400E+000
  0.82261397E+000
  0.82261393E+000
  0.82261390E+000
  0.82261386E+000
  0.82261382E+000
  0.82261378E+000
  0.82261374E+000
  0.82261370E+000
  0.82261366E+000
  0.82261362E+000
  0.82261358E+000
  0.82261354E+000
  0.82261350E+000
  0.82261345E+000
  0.82261341E+000
  0.82261337E+000
  0.82261332E+000
  0.82261328E+000
  0.82261324E+000
  0.82261319E+000
  0.82261315E+000
  0.82261311E+000
  0.82261307E+000
  0.82261302E+000
  0.82261298E+000
  0.82261294E+000
  0.82261290E+000
  0.82261287E+000
  0.82261283E+000
  0.82261279E+000
  0.82261276E+000
  0.82261273E+000
  0.82261270E+000
  0.82261267E+000
  0.82261264E+000
  0.82261262E+000
  0.82261259E+000
  0.82261257E+000
  0.82261256E+000
  0.82261254E+000
  0.82261253E+000
  0.82261252E+000
  0.82261251E+000
  0.82261251E+000
  0.82261250E+000
  0.82261251E+000
  0.82261251E+000
  0.82261252E+000
  0.82261253E+000
  0.82261254E+000
  0.82261255E+000
  0.82261257E+000
  0.82261259E+000
  0.82261262E+000
  0.82261264E+000
  0.82261267E+000
  0.82261271E+000
  0.82261274E+000
  0.82261277E+000
  0.82261281E+000
  0.82261285E+000
  0.82261290E+000
  0.82261294E+000
  0.82261298E+000
  0.82261303E+000
  0.82261308E+000
  0.82261313E+000
  0.82261318E+000
  0.82261323E+000
  0.82261328E+000
  0.82261333E+000
  0.82261339E+000
  0.82261344E+000
  0.82261349E+000
  0.82261355E+000
  0.82261360E+000
  0.82261365E+000
  0.82261371E+000
  0.82261376E+000
  0.82261381E+000
  0.82261386E+000
  0.82261391E+000
  0.82261397E+000
  0.82261402E+000
  0.82261407E+000
  0.82261411E+000
  0.82261416E+000
  0.82261421E+000
  0.82261425E+000
  0.82261430E+000
  0.82261434E+000
  0.82261439E+000
  0.82261443E+000
  0.82261447E+000
  0.82261451E+000
  0.82261455E+000
  0.82261458E+000
  0.82261462E+000
  0.82261466E+000
  0.82261469E+000
  0.82261472E+000
  0.82261476E+000
  0.82261479E+000
  0.82261482E+000
  0.82261485E+000
  0.82261487E+000
  0.82261490E+000
  0.82261492E+000
  0.82261495E+000
  0.82261497E+000
  0.82261499E+000
  0.82261502E+000
  0.82261504E+000
  0.82261505E+000
  0.82261507E+000
  0.82261509E+000
  0.82261511E+000
  0.82261512E+000
  0.82261514E+000
  0.82261515E+000
  0.82261516E+000
  0.82261517E+000
  0.82261518E+000
  0.82261519E+000
  0.82261520E+000
  0.82261521E+000
  0.82261522E+000
  0.82261523E+000
  0.82261523E+000
  0.82261524E+000
  0.82261524E+000
  0.82261525E+000
  0.82261525E+000
  0.82261525E+000
  0.82261526E+000
  0.82261526E+000
  0.82261526E+000
  0.82261526E+000
  0.82261526E+000
  0.82261526E+000
  0.82261526E+000
  0.82261526E+000
  0.82261526E+000
  0.82261526E+000
  0.82261525E+000
  0.82261525E+000
  0.82261525E+000
  0.82261524E+000
  0.82261524E+000
  0.82261524E+000
  0.82261523E+000
  0.82261523E+000
  0.82261522E+000
  0.82261522E+000
  0.82261521E+000
  0.82261521E+000
  0.82261520E+000
  0.82261520E+000
  0.82261519E+000
  0.82261519E+000
  0.82261518E+000
  0.82261517E+000
  0.82261517E+000
