  0.93159550E+000
  0.93160737E+000
  0.93162037E+000
  0.93161556E+000
  0.93161257E+000
  0.93161027E+000
  0.93160836E+000
  0.93160674E+000
  0.93160535E+000
  0.93160414E+000
  0.93160309E+000
  0.93160217E+000
  0.93160136E+000
  0.93160066E+000
  0.93160004E+000
  0.93159950E+000
  0.93159902E+000
  0.93159860E+000
  0.93159824E+000
  0.93159792E+000
  0.93159763E+000
  0.93159738E+000
  0.93159717E+000
  0.93159697E+000
  0.93159680E+000
  0.93159665E+000
  0.93159652E+000
  0.93159640E+000
  0.93159630E+000
  0.93159620E+000
  0.93159612E+000
  0.93159604E+000
  0.93159597E+000
  0.93159590E+000
  0.93159583E+000
  0.93159577E+000
  0.93159571E+000
  0.93159565E+000
  0.93159559E+000
  0.93159553E+000
  0.93159546E+000
  0.93159540E+000
  0.93159533E+000
  0.93159526E+000
  0.93159519E+000
  0.93159512E+000
  0.93159504E+000
  0.93159497E+000
  0.93159489E+000
  0.93159481E+000
  0.93159473E+000
  0.93159465E+000
  0.93159458E+000
  0.93159450E+000
  0.93159442E+000
  0.93159435E+000
  0.93159427E+000
  0.93159420E+000
  0.93159414E+000
  0.93159407E+000
  0.93159401E+000
  0.93159396E+000
  0.93159391E+000
  0.93159386E+000
  0.93159382E+000
  0.93159378E+000
  0.93159375E+000
  0.93159373E+000
  0.93159371E+000
  0.93159369E+000
  0.93159368E+000
  0.93159368E+000
  0.93159368E+000
  0.93159369E+000
  0.93159370E+000
  0.93159372E+000
  0.93159374E+000
  0.93159377E+000
  0.93159380E+000
  0.93159384E+000
  0.93159388E+000
  0.93159392E+000
  0.93159397E+000
  0.93159402E+000
  0.93159407E+000
  0.93159413E+000
  0.93159419E+000
  0.93159425E+000
  0.93159431E+000
  0.93159437E+000
  0.93159443E+000
  0.93159450E+000
  0.93159456E+000
  0.93159462E+000
  0.93159468E+000
  0.93159474E+000
  0.93159480E+000
  0.93159486E+000
  0.93159491E+000
  0.93159497E+000
  0.93159502E+000
  0.93159507E+000
  0.93159511E+000
  0.93159516E+000
  0.93159520E+000
  0.93159523E+000
  0.93159527E+000
  0.93159530E+000
  0.93159533E+000
  0.93159536E+000
  0.93159538E+000
  0.93159541E+000
  0.93159543E+000
  0.93159544E+000
  0.93159546E+000
  0.93159547E+000
  0.93159549E+000
  0.93159550E+000
  0.93159551E+000
  0.93159551E+000
  0.93159552E+000
  0.93159553E+000
  0.93159553E+000
  0.93159553E+000
  0.93159554E+000
  0.93159554E+000
  0.93159554E+000
  0.93159554E+000
  0.93159554E+000
  0.93159554E+000
  0.93159554E+000
  0.93159554E+000
  0.93159554E+000
  0.93159554E+000
  0.93159554E+000
  0.93159553E+000
  0.93159553E+000
  0.93159553E+000
  0.93159553E+000
  0.93159553E+000
  0.93159553E+000
  0.93159553E+000
  0.93159552E+000
  0.93159552E+000
  0.93159552E+000
  0.93159552E+000
  0.93159552E+000
  0.93159552E+000
  0.93159552E+000
  0.93159551E+000
  0.93159551E+000
  0.93159551E+000
  0.93159551E+000
  0.93159551E+000
  0.93159551E+000
  0.93159551E+000
  0.93159551E+000
  0.93159550E+000
  0.93159550E+000
  0.93159550E+000
  0.93159550E+000
  0.93159550E+000
  0.93159550E+000
  0.93159550E+000
  0.93159550E+000
  0.93159550E+000
  0.93159550E+000
  0.93159550E+000
  0.93159550E+000
  0.93159550E+000
  0.93159550E+000
  0.93159549E+000
  0.93159549E+000
  0.93159549E+000
  0.93159549E+000
  0.93159549E+000
  0.93159549E+000
  0.93159549E+000
  0.93159549E+000
  0.93159549E+000
  0.93159549E+000
  0.93159549E+000
  0.93159549E+000
  0.93159549E+000
  0.93159549E+000
  0.93159549E+000
  0.93159549E+000
  0.93159549E+000
  0.93159549E+000
  0.93159549E+000
  0.93159549E+000
  0.93159549E+000
  0.93159549E+000
  0.93159549E+000
  0.93159549E+000
  0.93159549E+000
  0.93159549E+000
  0.93159549E+000
  0.93159549E+000
  0.93159549E+000
