  0.35416919E+000
  0.35416816E+000
  0.35415476E+000
  0.35415318E+000
  0.35415285E+000
  0.35415278E+000
  0.35415277E+000
  0.35415279E+000
  0.35415282E+000
  0.35415279E+000
  0.35415284E+000
  0.35415290E+000
  0.35415312E+000
  0.35415319E+000
  0.35415326E+000
  0.35415334E+000
  0.35415345E+000
  0.35415354E+000
  0.35415353E+000
  0.35415363E+000
  0.35415372E+000
  0.35415383E+000
  0.35415393E+000
  0.35415404E+000
  0.35415416E+000
  0.35415427E+000
  0.35415438E+000
  0.35415450E+000
  0.35415463E+000
  0.35415476E+000
  0.35415489E+000
  0.35415503E+000
  0.35415517E+000
  0.35415531E+000
  0.35415546E+000
  0.35415562E+000
  0.35415582E+000
  0.35415602E+000
  0.35415618E+000
  0.35415635E+000
  0.35415654E+000
  0.35415676E+000
  0.35415696E+000
  0.35415714E+000
  0.35415731E+000
  0.35415750E+000
  0.35415772E+000
  0.35415793E+000
  0.35415819E+000
  0.35415840E+000
  0.35415864E+000
  0.35415887E+000
  0.35415915E+000
  0.35415935E+000
  0.35415965E+000
  0.35416017E+000
  0.35416042E+000
  0.35416066E+000
  0.35416091E+000
  0.35416116E+000
  0.35416146E+000
  0.35416172E+000
  0.35416215E+000
  0.35416238E+000
  0.35416265E+000
  0.35416292E+000
  0.35416350E+000
  0.35416378E+000
  0.35416405E+000
  0.35416431E+000
  0.35416457E+000
  0.35416482E+000
  0.35416509E+000
  0.35416533E+000
  0.35416558E+000
  0.35416582E+000
  0.35416606E+000
  0.35416628E+000
  0.35416648E+000
  0.35416671E+000
  0.35416693E+000
  0.35416714E+000
  0.35416734E+000
  0.35416755E+000
  0.35416774E+000
  0.35416792E+000
  0.35416808E+000
  0.35416825E+000
  0.35416841E+000
  0.35416856E+000
  0.35416867E+000
  0.35416881E+000
  0.35416894E+000
  0.35416906E+000
  0.35416917E+000
  0.35416928E+000
  0.35416938E+000
  0.35416948E+000
  0.35416956E+000
  0.35416965E+000
  0.35416972E+000
  0.35416980E+000
  0.35416986E+000
  0.35416992E+000
  0.35416998E+000
  0.35417003E+000
  0.35417008E+000
  0.35417012E+000
  0.35417016E+000
  0.35417020E+000
  0.35417024E+000
  0.35417027E+000
  0.35417030E+000
  0.35417033E+000
  0.35417036E+000
  0.35417038E+000
  0.35417040E+000
  0.35417042E+000
  0.35417044E+000
  0.35417046E+000
  0.35417048E+000
  0.35417049E+000
  0.35417051E+000
  0.35417052E+000
  0.35417053E+000
  0.35417055E+000
  0.35417056E+000
  0.35417057E+000
  0.35417058E+000
  0.35417059E+000
  0.35417060E+000
  0.35417060E+000
  0.35417061E+000
  0.35417062E+000
  0.35417063E+000
  0.35417063E+000
  0.35417064E+000
  0.35417064E+000
  0.35417065E+000
  0.35417065E+000
  0.35417066E+000
  0.35417066E+000
  0.35417066E+000
  0.35417066E+000
  0.35417066E+000
  0.35417066E+000
  0.35417066E+000
  0.35417066E+000
  0.35417066E+000
  0.35417066E+000
  0.35417066E+000
  0.35417066E+000
  0.35417065E+000
  0.35417065E+000
  0.35417065E+000
  0.35417064E+000
  0.35417064E+000
  0.35417063E+000
  0.35417062E+000
  0.35417062E+000
  0.35417061E+000
  0.35417060E+000
  0.35417059E+000
  0.35417058E+000
  0.35417057E+000
  0.35417056E+000
  0.35417055E+000
  0.35417054E+000
  0.35417053E+000
  0.35417052E+000
  0.35417050E+000
  0.35417049E+000
  0.35417048E+000
  0.35417047E+000
  0.35417045E+000
  0.35417044E+000
  0.35417042E+000
  0.35417041E+000
  0.35417039E+000
  0.35417038E+000
  0.35417036E+000
  0.35417035E+000
  0.35417033E+000
  0.35417031E+000
  0.35417030E+000
  0.35417028E+000
  0.35417026E+000
  0.35417025E+000
  0.35417023E+000
  0.35417021E+000
  0.35417020E+000
  0.35417018E+000
  0.35417016E+000
  0.35417015E+000
  0.35417013E+000
  0.35417011E+000
  0.35417009E+000
  0.35417008E+000
  0.35417006E+000
  0.35417004E+000
