  0.43826087E-001
  0.43826087E-001
  0.43942167E-001
  0.43941395E-001
  0.43940628E-001
  0.43939864E-001
  0.43939104E-001
  0.43938347E-001
  0.43937592E-001
  0.43936838E-001
  0.43936085E-001
  0.43935332E-001
  0.43934578E-001
  0.43933822E-001
  0.43933063E-001
  0.43932300E-001
  0.43931532E-001
  0.43930758E-001
  0.43929976E-001
  0.43929187E-001
  0.43928387E-001
  0.43927577E-001
  0.43926754E-001
  0.43925919E-001
  0.43925069E-001
  0.43924204E-001
  0.43923321E-001
  0.43922421E-001
  0.43921502E-001
  0.43920562E-001
  0.43919600E-001
  0.43918616E-001
  0.43917609E-001
  0.43916576E-001
  0.43915519E-001
  0.43914434E-001
  0.43913322E-001
  0.43912183E-001
  0.43911014E-001
  0.43909817E-001
  0.43908589E-001
  0.43907331E-001
  0.43906043E-001
  0.43904725E-001
  0.43903376E-001
  0.43901996E-001
  0.43900586E-001
  0.43899147E-001
  0.43897678E-001
  0.43896181E-001
  0.43894656E-001
  0.43893104E-001
  0.43891527E-001
  0.43889926E-001
  0.43888302E-001
  0.43886658E-001
  0.43884994E-001
  0.43883312E-001
  0.43881616E-001
  0.43879907E-001
  0.43878187E-001
  0.43876460E-001
  0.43874727E-001
  0.43872991E-001
  0.43871256E-001
  0.43869524E-001
  0.43867797E-001
  0.43866080E-001
  0.43864375E-001
  0.43862685E-001
  0.43861014E-001
  0.43859363E-001
  0.43857736E-001
  0.43856137E-001
  0.43854567E-001
  0.43853030E-001
  0.43851528E-001
  0.43850063E-001
  0.43848638E-001
  0.43847254E-001
  0.43845915E-001
  0.43844621E-001
  0.43843374E-001
  0.43842174E-001
  0.43841025E-001
  0.43839925E-001
  0.43838876E-001
  0.43837877E-001
  0.43836930E-001
  0.43836034E-001
  0.43835188E-001
  0.43834392E-001
  0.43833646E-001
  0.43832947E-001
  0.43832296E-001
  0.43831691E-001
  0.43831130E-001
  0.43830611E-001
  0.43830134E-001
  0.43829696E-001
  0.43829295E-001
  0.43828930E-001
  0.43828598E-001
  0.43828297E-001
  0.43828026E-001
  0.43827782E-001
  0.43827564E-001
  0.43827369E-001
  0.43827196E-001
  0.43827043E-001
  0.43826908E-001
  0.43826789E-001
  0.43826685E-001
  0.43826594E-001
  0.43826516E-001
  0.43826448E-001
  0.43826390E-001
  0.43826340E-001
  0.43826297E-001
  0.43826261E-001
  0.43826230E-001
  0.43826205E-001
  0.43826183E-001
  0.43826165E-001
  0.43826150E-001
  0.43826138E-001
  0.43826128E-001
  0.43826120E-001
  0.43826113E-001
  0.43826107E-001
  0.43826103E-001
  0.43826100E-001
  0.43826097E-001
  0.43826095E-001
  0.43826093E-001
  0.43826092E-001
  0.43826090E-001
  0.43826090E-001
  0.43826089E-001
  0.43826089E-001
  0.43826088E-001
  0.43826088E-001
  0.43826088E-001
  0.43826088E-001
  0.43826087E-001
  0.43826087E-001
  0.43826087E-001
  0.43826087E-001
  0.43826087E-001
  0.43826087E-001
  0.43826087E-001
  0.43826087E-001
  0.43826087E-001
  0.43826087E-001
  0.43826087E-001
  0.43826087E-001
  0.43826087E-001
  0.43826087E-001
  0.43826087E-001
  0.43826087E-001
  0.43826087E-001
  0.43826087E-001
  0.43826087E-001
  0.43826087E-001
  0.43826087E-001
  0.43826087E-001
  0.43826087E-001
  0.43826087E-001
  0.43826087E-001
  0.43826087E-001
  0.43826087E-001
  0.43826087E-001
  0.43826087E-001
  0.43826087E-001
  0.43826087E-001
  0.43826087E-001
  0.43826087E-001
  0.43826087E-001
  0.43826087E-001
  0.43826087E-001
  0.43826087E-001
  0.43826087E-001
  0.43826087E-001
  0.43826087E-001
  0.43826087E-001
  0.43826087E-001
  0.43826087E-001
  0.43826087E-001
  0.43826087E-001
  0.43826087E-001
  0.43826087E-001
  0.43826087E-001
  0.43826087E-001
  0.43826087E-001
  0.43826087E-001
  0.43826087E-001
  0.43826087E-001
  0.43826087E-001
  0.43826087E-001
  0.43826087E-001
