  0.00000000E+000  0.00000000E+000  0.00000000E+000  0.00000000E+000  0.00000000E+000  0.93662127E-001  0.19283099E+001  0.12499507E+002  0.31295227E+002  0.78686205E+002  0.15900738E+003
  0.00000000E+000  0.00000000E+000  0.00000000E+000  0.00000000E+000  0.00000000E+000  0.93661884E-001  0.19283064E+001  0.12499491E+002  0.31295215E+002  0.78686172E+002  0.15900735E+003
  0.00000000E+000  0.00000000E+000  0.00000000E+000  0.00000000E+000  0.00000000E+000  0.93661863E-001  0.19283030E+001  0.12499478E+002  0.31295204E+002  0.78686142E+002  0.15900733E+003
  0.00000000E+000  0.00000000E+000  0.00000000E+000  0.00000000E+000  0.00000000E+000  0.93661974E-001  0.19283038E+001  0.12499483E+002  0.31295205E+002  0.78686146E+002  0.15900733E+003
  0.00000000E+000  0.00000000E+000  0.00000000E+000  0.00000000E+000  0.00000000E+000  0.93662116E-001  0.19283053E+001  0.12499489E+002  0.31295210E+002  0.78686156E+002  0.15900734E+003
  0.00000000E+000  0.00000000E+000  0.00000000E+000  0.00000000E+000  0.00000000E+000  0.93662269E-001  0.19283068E+001  0.12499496E+002  0.31295215E+002  0.78686169E+002  0.15900734E+003
  0.00000000E+000  0.00000000E+000  0.00000000E+000  0.00000000E+000  0.00000000E+000  0.93662426E-001  0.19283083E+001  0.12499504E+002  0.31295220E+002  0.78686182E+002  0.15900735E+003
  0.00000000E+000  0.00000000E+000  0.00000000E+000  0.00000000E+000  0.00000000E+000  0.93662586E-001  0.19283098E+001  0.12499511E+002  0.31295225E+002  0.78686195E+002  0.15900736E+003
  0.00000000E+000  0.00000000E+000  0.00000000E+000  0.00000000E+000  0.00000000E+000  0.93662748E-001  0.19283113E+001  0.12499518E+002  0.31295230E+002  0.78686208E+002  0.15900737E+003
  0.00000000E+000  0.00000000E+000  0.00000000E+000  0.00000000E+000  0.00000000E+000  0.93662910E-001  0.19283129E+001  0.12499525E+002  0.31295235E+002  0.78686221E+002  0.15900738E+003
  0.00000000E+000  0.00000000E+000  0.00000000E+000  0.00000000E+000  0.00000000E+000  0.93663073E-001  0.19283144E+001  0.12499532E+002  0.31295240E+002  0.78686234E+002  0.15900739E+003
  0.00000000E+000  0.00000000E+000  0.00000000E+000  0.00000000E+000  0.00000000E+000  0.93663235E-001  0.19283159E+001  0.12499539E+002  0.31295246E+002  0.78686247E+002  0.15900740E+003
  0.00000000E+000  0.00000000E+000  0.00000000E+000  0.00000000E+000  0.00000000E+000  0.93663397E-001  0.19283175E+001  0.12499546E+002  0.31295251E+002  0.78686261E+002  0.15900741E+003
  0.00000000E+000  0.00000000E+000  0.00000000E+000  0.00000000E+000  0.00000000E+000  0.93663559E-001  0.19283190E+001  0.12499553E+002  0.31295256E+002  0.78686274E+002  0.15900742E+003
  0.00000000E+000  0.00000000E+000  0.00000000E+000  0.00000000E+000  0.00000000E+000  0.93663720E-001  0.19283205E+001  0.12499561E+002  0.31295261E+002  0.78686287E+002  0.15900743E+003
  0.00000000E+000  0.00000000E+000  0.00000000E+000  0.00000000E+000  0.00000000E+000  0.93663881E-001  0.19283221E+001  0.12499568E+002  0.31295266E+002  0.78686300E+002  0.15900744E+003
  0.00000000E+000  0.00000000E+000  0.00000000E+000  0.00000000E+000  0.00000000E+000  0.93664041E-001  0.19283236E+001  0.12499575E+002  0.31295272E+002  0.78686314E+002  0.15900744E+003
  0.00000000E+000  0.00000000E+000  0.00000000E+000  0.00000000E+000  0.00000000E+000  0.93664201E-001  0.19283252E+001  0.12499582E+002  0.31295277E+002  0.78686327E+002  0.15900745E+003
  0.00000000E+000  0.00000000E+000  0.00000000E+000  0.00000000E+000  0.00000000E+000  0.93664361E-001  0.19283268E+001  0.12499589E+002  0.31295282E+002  0.78686341E+002  0.15900746E+003
  0.00000000E+000  0.00000000E+000  0.00000000E+000  0.00000000E+000  0.00000000E+000  0.93664521E-001  0.19283284E+001  0.12499597E+002  0.31295287E+002  0.78686355E+002  0.15900747E+003
  0.00000000E+000  0.00000000E+000  0.00000000E+000  0.00000000E+000  0.00000000E+000  0.93664681E-001  0.19283300E+001  0.12499604E+002  0.31295293E+002  0.78686369E+002  0.15900748E+003
  0.00000000E+000  0.00000000E+000  0.00000000E+000  0.00000000E+000  0.00000000E+000  0.93664841E-001  0.19283316E+001  0.12499611E+002  0.31295298E+002  0.78686383E+002  0.15900749E+003
  0.00000000E+000  0.00000000E+000  0.00000000E+000  0.00000000E+000  0.00000000E+000  0.93665001E-001  0.19283333E+001  0.12499619E+002  0.31295304E+002  0.78686397E+002  0.15900750E+003
  0.00000000E+000  0.00000000E+000  0.00000000E+000  0.00000000E+000  0.00000000E+000  0.93665161E-001  0.19283349E+001  0.12499626E+002  0.31295309E+002  0.78686412E+002  0.15900752E+003
  0.00000000E+000  0.00000000E+000  0.00000000E+000  0.00000000E+000  0.00000000E+000  0.93665323E-001  0.19283366E+001  0.12499634E+002  0.31295315E+002  0.78686427E+002  0.15900753E+003
  0.00000000E+000  0.00000000E+000  0.00000000E+000  0.00000000E+000  0.00000000E+000  0.93665484E-001  0.19283383E+001  0.12499642E+002  0.31295321E+002  0.78686442E+002  0.15900754E+003
  0.00000000E+000  0.00000000E+000  0.00000000E+000  0.00000000E+000  0.00000000E+000  0.93665647E-001  0.19283400E+001  0.12499650E+002  0.31295327E+002  0.78686458E+002  0.15900755E+003
  0.00000000E+000  0.00000000E+000  0.00000000E+000  0.00000000E+000  0.00000000E+000  0.93665810E-001  0.19283418E+001  0.12499658E+002  0.31295333E+002  0.78686473E+002  0.15900756E+003
  0.00000000E+000  0.00000000E+000  0.00000000E+000  0.00000000E+000  0.00000000E+000  0.93665974E-001  0.19283436E+001  0.12499666E+002  0.31295339E+002  0.78686490E+002  0.15900757E+003
  0.00000000E+000  0.00000000E+000  0.00000000E+000  0.00000000E+000  0.00000000E+000  0.93666139E-001  0.19283454E+001  0.12499674E+002  0.31295345E+002  0.78686506E+002  0.15900758E+003
  0.00000000E+000  0.00000000E+000  0.00000000E+000  0.00000000E+000  0.00000000E+000  0.93666305E-001  0.19283473E+001  0.12499682E+002  0.31295351E+002  0.78686523E+002  0.15900760E+003
  0.00000000E+000  0.00000000E+000  0.00000000E+000  0.00000000E+000  0.00000000E+000  0.93666473E-001  0.19283492E+001  0.12499691E+002  0.31295358E+002  0.78686540E+002  0.15900761E+003
  0.00000000E+000  0.00000000E+000  0.00000000E+000  0.00000000E+000  0.00000000E+000  0.93666641E-001  0.19283511E+001  0.12499700E+002  0.31295365E+002  0.78686558E+002  0.15900762E+003
  0.00000000E+000  0.00000000E+000  0.00000000E+000  0.00000000E+000  0.00000000E+000  0.93666811E-001  0.19283531E+001  0.12499709E+002  0.31295371E+002  0.78686576E+002  0.15900764E+003
  0.00000000E+000  0.00000000E+000  0.00000000E+000  0.00000000E+000  0.00000000E+000  0.93666981E-001  0.19283551E+001  0.12499718E+002  0.31295378E+002  0.78686595E+002  0.15900765E+003
  0.00000000E+000  0.00000000E+000  0.00000000E+000  0.00000000E+000  0.00000000E+000  0.93667153E-001  0.19283571E+001  0.12499727E+002  0.31295386E+002  0.78686615E+002  0.15900767E+003
  0.00000000E+000  0.00000000E+000  0.00000000E+000  0.00000000E+000  0.00000000E+000  0.93667326E-001  0.19283592E+001  0.12499736E+002  0.31295393E+002  0.78686634E+002  0.15900768E+003
  0.00000000E+000  0.00000000E+000  0.00000000E+000  0.00000000E+000  0.00000000E+000  0.93667500E-001  0.19283614E+001  0.12499746E+002  0.31295400E+002  0.78686655E+002  0.15900770E+003
  0.00000000E+000  0.00000000E+000  0.00000000E+000  0.00000000E+000  0.00000000E+000  0.93667675E-001  0.19283635E+001  0.12499756E+002  0.31295408E+002  0.78686676E+002  0.15900771E+003
  0.00000000E+000  0.00000000E+000  0.00000000E+000  0.00000000E+000  0.00000000E+000  0.93667851E-001  0.19283657E+001  0.12499766E+002  0.31295416E+002  0.78686697E+002  0.15900773E+003
  0.00000000E+000  0.00000000E+000  0.00000000E+000  0.00000000E+000  0.00000000E+000  0.93668027E-001  0.19283680E+001  0.12499776E+002  0.31295424E+002  0.78686719E+002  0.15900775E+003
  0.00000000E+000  0.00000000E+000  0.00000000E+000  0.00000000E+000  0.00000000E+000  0.93668204E-001  0.19283703E+001  0.12499786E+002  0.31295432E+002  0.78686742E+002  0.15900776E+003
  0.00000000E+000  0.00000000E+000  0.00000000E+000  0.00000000E+000  0.00000000E+000  0.93668382E-001  0.19283726E+001  0.12499797E+002  0.31295440E+002  0.78686765E+002  0.15900778E+003
  0.00000000E+000  0.00000000E+000  0.00000000E+000  0.00000000E+000  0.00000000E+000  0.93668560E-001  0.19283750E+001  0.12499807E+002  0.31295449E+002  0.78686789E+002  0.15900780E+003
  0.00000000E+000  0.00000000E+000  0.00000000E+000  0.00000000E+000  0.00000000E+000  0.93668738E-001  0.19283774E+001  0.12499818E+002  0.31295458E+002  0.78686813E+002  0.15900782E+003
  0.00000000E+000  0.00000000E+000  0.00000000E+000  0.00000000E+000  0.00000000E+000  0.93668916E-001  0.19283799E+001  0.12499829E+002  0.31295467E+002  0.78686839E+002  0.15900784E+003
  0.00000000E+000  0.00000000E+000  0.00000000E+000  0.00000000E+000  0.00000000E+000  0.93669094E-001  0.19283824E+001  0.12499840E+002  0.31295476E+002  0.78686864E+002  0.15900786E+003
  0.00000000E+000  0.00000000E+000  0.00000000E+000  0.00000000E+000  0.00000000E+000  0.93669271E-001  0.19283849E+001  0.12499852E+002  0.31295485E+002  0.78686891E+002  0.15900788E+003
  0.00000000E+000  0.00000000E+000  0.00000000E+000  0.00000000E+000  0.00000000E+000  0.93669447E-001  0.19283875E+001  0.12499863E+002  0.31295495E+002  0.78686918E+002  0.15900790E+003
  0.00000000E+000  0.00000000E+000  0.00000000E+000  0.00000000E+000  0.00000000E+000  0.93669623E-001  0.19283901E+001  0.12499875E+002  0.31295504E+002  0.78686945E+002  0.15900793E+003
  0.00000000E+000  0.00000000E+000  0.00000000E+000  0.00000000E+000  0.00000000E+000  0.93669797E-001  0.19283927E+001  0.12499887E+002  0.31295514E+002  0.78686974E+002  0.15900795E+003
  0.00000000E+000  0.00000000E+000  0.00000000E+000  0.00000000E+000  0.00000000E+000  0.93669970E-001  0.19283953E+001  0.12499899E+002  0.31295524E+002  0.78687003E+002  0.15900798E+003
  0.00000000E+000  0.00000000E+000  0.00000000E+000  0.00000000E+000  0.00000000E+000  0.93670141E-001  0.19283980E+001  0.12499911E+002  0.31295534E+002  0.78687032E+002  0.15900800E+003
  0.00000000E+000  0.00000000E+000  0.00000000E+000  0.00000000E+000  0.00000000E+000  0.93670310E-001  0.19284007E+001  0.12499923E+002  0.31295545E+002  0.78687062E+002  0.15900803E+003
  0.00000000E+000  0.00000000E+000  0.00000000E+000  0.00000000E+000  0.00000000E+000  0.93670477E-001  0.19284033E+001  0.12499935E+002  0.31295555E+002  0.78687093E+002  0.15900805E+003
  0.00000000E+000  0.00000000E+000  0.00000000E+000  0.00000000E+000  0.00000000E+000  0.93670640E-001  0.19284060E+001  0.12499947E+002  0.31295566E+002  0.78687124E+002  0.15900808E+003
  0.00000000E+000  0.00000000E+000  0.00000000E+000  0.00000000E+000  0.00000000E+000  0.93670801E-001  0.19284087E+001  0.12499959E+002  0.31295576E+002  0.78687155E+002  0.15900811E+003
  0.00000000E+000  0.00000000E+000  0.00000000E+000  0.00000000E+000  0.00000000E+000  0.93670958E-001  0.19284114E+001  0.12499971E+002  0.31295587E+002  0.78687187E+002  0.15900814E+003
  0.00000000E+000  0.00000000E+000  0.00000000E+000  0.00000000E+000  0.00000000E+000  0.93671111E-001  0.19284140E+001  0.12499983E+002  0.31295598E+002  0.78687220E+002  0.15900817E+003
  0.00000000E+000  0.00000000E+000  0.00000000E+000  0.00000000E+000  0.00000000E+000  0.93671259E-001  0.19284166E+001  0.12499995E+002  0.31295609E+002  0.78687253E+002  0.15900820E+003
  0.00000000E+000  0.00000000E+000  0.00000000E+000  0.00000000E+000  0.00000000E+000  0.93671403E-001  0.19284192E+001  0.12500007E+002  0.31295620E+002  0.78687286E+002  0.15900823E+003
  0.00000000E+000  0.00000000E+000  0.00000000E+000  0.00000000E+000  0.00000000E+000  0.93671541E-001  0.19284218E+001  0.12500019E+002  0.31295631E+002  0.78687319E+002  0.15900826E+003
  0.00000000E+000  0.00000000E+000  0.00000000E+000  0.00000000E+000  0.00000000E+000  0.93671674E-001  0.19284243E+001  0.12500031E+002  0.31295642E+002  0.78687353E+002  0.15900829E+003
  0.00000000E+000  0.00000000E+000  0.00000000E+000  0.00000000E+000  0.00000000E+000  0.93671800E-001  0.19284268E+001  0.12500043E+002  0.31295653E+002  0.78687387E+002  0.15900832E+003
  0.00000000E+000  0.00000000E+000  0.00000000E+000  0.00000000E+000  0.00000000E+000  0.93671920E-001  0.19284292E+001  0.12500054E+002  0.31295664E+002  0.78687421E+002  0.15900836E+003
  0.00000000E+000  0.00000000E+000  0.00000000E+000  0.00000000E+000  0.00000000E+000  0.93672032E-001  0.19284316E+001  0.12500065E+002  0.31295675E+002  0.78687455E+002  0.15900839E+003
  0.00000000E+000  0.00000000E+000  0.00000000E+000  0.00000000E+000  0.00000000E+000  0.93672136E-001  0.19284339E+001  0.12500076E+002  0.31295686E+002  0.78687489E+002  0.15900842E+003
  0.00000000E+000  0.00000000E+000  0.00000000E+000  0.00000000E+000  0.00000000E+000  0.93672231E-001  0.19284361E+001  0.12500087E+002  0.31295696E+002  0.78687523E+002  0.15900846E+003
  0.00000000E+000  0.00000000E+000  0.00000000E+000  0.00000000E+000  0.00000000E+000  0.93672318E-001  0.19284382E+001  0.12500097E+002  0.31295707E+002  0.78687557E+002  0.15900850E+003
  0.00000000E+000  0.00000000E+000  0.00000000E+000  0.00000000E+000  0.00000000E+000  0.93672395E-001  0.19284402E+001  0.12500107E+002  0.31295718E+002  0.78687591E+002  0.15900853E+003
  0.00000000E+000  0.00000000E+000  0.00000000E+000  0.00000000E+000  0.00000000E+000  0.93672462E-001  0.19284421E+001  0.12500117E+002  0.31295728E+002  0.78687624E+002  0.15900857E+003
  0.00000000E+000  0.00000000E+000  0.00000000E+000  0.00000000E+000  0.00000000E+000  0.93672518E-001  0.19284439E+001  0.12500126E+002  0.31295739E+002  0.78687658E+002  0.15900861E+003
  0.00000000E+000  0.00000000E+000  0.00000000E+000  0.00000000E+000  0.00000000E+000  0.93672563E-001  0.19284456E+001  0.12500135E+002  0.31295749E+002  0.78687691E+002  0.15900864E+003
  0.00000000E+000  0.00000000E+000  0.00000000E+000  0.00000000E+000  0.00000000E+000  0.93672597E-001  0.19284472E+001  0.12500143E+002  0.31295759E+002  0.78687723E+002  0.15900868E+003
  0.00000000E+000  0.00000000E+000  0.00000000E+000  0.00000000E+000  0.00000000E+000  0.93672619E-001  0.19284486E+001  0.12500151E+002  0.31295768E+002  0.78687755E+002  0.15900872E+003
  0.00000000E+000  0.00000000E+000  0.00000000E+000  0.00000000E+000  0.00000000E+000  0.93672629E-001  0.19284499E+001  0.12500159E+002  0.31295778E+002  0.78687787E+002  0.15900876E+003
  0.00000000E+000  0.00000000E+000  0.00000000E+000  0.00000000E+000  0.00000000E+000  0.93672626E-001  0.19284510E+001  0.12500165E+002  0.31295787E+002  0.78687818E+002  0.15900880E+003
  0.00000000E+000  0.00000000E+000  0.00000000E+000  0.00000000E+000  0.00000000E+000  0.93672611E-001  0.19284520E+001  0.12500172E+002  0.31295796E+002  0.78687849E+002  0.15900884E+003
  0.00000000E+000  0.00000000E+000  0.00000000E+000  0.00000000E+000  0.00000000E+000  0.93672582E-001  0.19284529E+001  0.12500177E+002  0.31295805E+002  0.78687878E+002  0.15900888E+003
  0.00000000E+000  0.00000000E+000  0.00000000E+000  0.00000000E+000  0.00000000E+000  0.93672541E-001  0.19284536E+001  0.12500182E+002  0.31295813E+002  0.78687908E+002  0.15900892E+003
  0.00000000E+000  0.00000000E+000  0.00000000E+000  0.00000000E+000  0.00000000E+000  0.93672486E-001  0.19284541E+001  0.12500187E+002  0.31295821E+002  0.78687936E+002  0.15900896E+003
  0.00000000E+000  0.00000000E+000  0.00000000E+000  0.00000000E+000  0.00000000E+000  0.93672418E-001  0.19284544E+001  0.12500190E+002  0.31295829E+002  0.78687963E+002  0.15900900E+003
  0.00000000E+000  0.00000000E+000  0.00000000E+000  0.00000000E+000  0.00000000E+000  0.93672337E-001  0.19284546E+001  0.12500194E+002  0.31295836E+002  0.78687990E+002  0.15900904E+003
  0.00000000E+000  0.00000000E+000  0.00000000E+000  0.00000000E+000  0.00000000E+000  0.93672243E-001  0.19284547E+001  0.12500196E+002  0.31295843E+002  0.78688016E+002  0.15900908E+003
  0.00000000E+000  0.00000000E+000  0.00000000E+000  0.00000000E+000  0.00000000E+000  0.93672136E-001  0.19284545E+001  0.12500198E+002  0.31295849E+002  0.78688041E+002  0.15900912E+003
  0.00000000E+000  0.00000000E+000  0.00000000E+000  0.00000000E+000  0.00000000E+000  0.93672017E-001  0.19284542E+001  0.12500199E+002  0.31295855E+002  0.78688065E+002  0.15900916E+003
  0.00000000E+000  0.00000000E+000  0.00000000E+000  0.00000000E+000  0.00000000E+000  0.93671885E-001  0.19284537E+001  0.12500199E+002  0.31295861E+002  0.78688087E+002  0.15900920E+003
  0.00000000E+000  0.00000000E+000  0.00000000E+000  0.00000000E+000  0.00000000E+000  0.93671743E-001  0.19284531E+001  0.12500199E+002  0.31295866E+002  0.78688109E+002  0.15900924E+003
  0.00000000E+000  0.00000000E+000  0.00000000E+000  0.00000000E+000  0.00000000E+000  0.93671589E-001  0.19284523E+001  0.12500198E+002  0.31295871E+002  0.78688130E+002  0.15900928E+003
  0.00000000E+000  0.00000000E+000  0.00000000E+000  0.00000000E+000  0.00000000E+000  0.93671424E-001  0.19284514E+001  0.12500197E+002  0.31295875E+002  0.78688150E+002  0.15900932E+003
  0.00000000E+000  0.00000000E+000  0.00000000E+000  0.00000000E+000  0.00000000E+000  0.93671250E-001  0.19284502E+001  0.12500194E+002  0.31295879E+002  0.78688169E+002  0.15900936E+003
  0.00000000E+000  0.00000000E+000  0.00000000E+000  0.00000000E+000  0.00000000E+000  0.93671066E-001  0.19284490E+001  0.12500191E+002  0.31295882E+002  0.78688186E+002  0.15900939E+003
  0.00000000E+000  0.00000000E+000  0.00000000E+000  0.00000000E+000  0.00000000E+000  0.93670874E-001  0.19284476E+001  0.12500188E+002  0.31295885E+002  0.78688203E+002  0.15900943E+003
  0.00000000E+000  0.00000000E+000  0.00000000E+000  0.00000000E+000  0.00000000E+000  0.93670674E-001  0.19284460E+001  0.12500184E+002  0.31295887E+002  0.78688218E+002  0.15900947E+003
  0.00000000E+000  0.00000000E+000  0.00000000E+000  0.00000000E+000  0.00000000E+000  0.93670466E-001  0.19284443E+001  0.12500179E+002  0.31295889E+002  0.78688233E+002  0.15900951E+003
  0.00000000E+000  0.00000000E+000  0.00000000E+000  0.00000000E+000  0.00000000E+000  0.93670253E-001  0.19284425E+001  0.12500174E+002  0.31295890E+002  0.78688246E+002  0.15900955E+003
  0.00000000E+000  0.00000000E+000  0.00000000E+000  0.00000000E+000  0.00000000E+000  0.93670034E-001  0.19284406E+001  0.12500168E+002  0.31295891E+002  0.78688258E+002  0.15900958E+003
  0.00000000E+000  0.00000000E+000  0.00000000E+000  0.00000000E+000  0.00000000E+000  0.93669810E-001  0.19284385E+001  0.12500161E+002  0.31295892E+002  0.78688269E+002  0.15900962E+003
  0.00000000E+000  0.00000000E+000  0.00000000E+000  0.00000000E+000  0.00000000E+000  0.93669583E-001  0.19284364E+001  0.12500155E+002  0.31295892E+002  0.78688279E+002  0.15900965E+003
  0.00000000E+000  0.00000000E+000  0.00000000E+000  0.00000000E+000  0.00000000E+000  0.93669353E-001  0.19284341E+001  0.12500147E+002  0.31295891E+002  0.78688288E+002  0.15900969E+003
  0.00000000E+000  0.00000000E+000  0.00000000E+000  0.00000000E+000  0.00000000E+000  0.93669121E-001  0.19284318E+001  0.12500139E+002  0.31295890E+002  0.78688296E+002  0.15900972E+003
  0.00000000E+000  0.00000000E+000  0.00000000E+000  0.00000000E+000  0.00000000E+000  0.93668887E-001  0.19284293E+001  0.12500131E+002  0.31295889E+002  0.78688302E+002  0.15900976E+003
  0.00000000E+000  0.00000000E+000  0.00000000E+000  0.00000000E+000  0.00000000E+000  0.93668653E-001  0.19284269E+001  0.12500123E+002  0.31295887E+002  0.78688308E+002  0.15900979E+003
  0.00000000E+000  0.00000000E+000  0.00000000E+000  0.00000000E+000  0.00000000E+000  0.93668419E-001  0.19284243E+001  0.12500114E+002  0.31295885E+002  0.78688313E+002  0.15900982E+003
  0.00000000E+000  0.00000000E+000  0.00000000E+000  0.00000000E+000  0.00000000E+000  0.93668185E-001  0.19284217E+001  0.12500104E+002  0.31295882E+002  0.78688317E+002  0.15900986E+003
  0.00000000E+000  0.00000000E+000  0.00000000E+000  0.00000000E+000  0.00000000E+000  0.93667954E-001  0.19284190E+001  0.12500095E+002  0.31295879E+002  0.78688319E+002  0.15900989E+003
  0.00000000E+000  0.00000000E+000  0.00000000E+000  0.00000000E+000  0.00000000E+000  0.93667724E-001  0.19284163E+001  0.12500085E+002  0.31295875E+002  0.78688321E+002  0.15900992E+003
  0.00000000E+000  0.00000000E+000  0.00000000E+000  0.00000000E+000  0.00000000E+000  0.93667498E-001  0.19284135E+001  0.12500074E+002  0.31295871E+002  0.78688322E+002  0.15900994E+003
  0.00000000E+000  0.00000000E+000  0.00000000E+000  0.00000000E+000  0.00000000E+000  0.93667275E-001  0.19284108E+001  0.12500064E+002  0.31295867E+002  0.78688321E+002  0.15900997E+003
  0.00000000E+000  0.00000000E+000  0.00000000E+000  0.00000000E+000  0.00000000E+000  0.93667055E-001  0.19284080E+001  0.12500053E+002  0.31295862E+002  0.78688320E+002  0.15901000E+003
  0.00000000E+000  0.00000000E+000  0.00000000E+000  0.00000000E+000  0.00000000E+000  0.93666840E-001  0.19284052E+001  0.12500043E+002  0.31295857E+002  0.78688318E+002  0.15901003E+003
  0.00000000E+000  0.00000000E+000  0.00000000E+000  0.00000000E+000  0.00000000E+000  0.93666630E-001  0.19284024E+001  0.12500032E+002  0.31295852E+002  0.78688315E+002  0.15901005E+003
  0.00000000E+000  0.00000000E+000  0.00000000E+000  0.00000000E+000  0.00000000E+000  0.93666425E-001  0.19283996E+001  0.12500021E+002  0.31295846E+002  0.78688311E+002  0.15901008E+003
  0.00000000E+000  0.00000000E+000  0.00000000E+000  0.00000000E+000  0.00000000E+000  0.93666225E-001  0.19283968E+001  0.12500010E+002  0.31295840E+002  0.78688307E+002  0.15901010E+003
  0.00000000E+000  0.00000000E+000  0.00000000E+000  0.00000000E+000  0.00000000E+000  0.93666030E-001  0.19283940E+001  0.12499999E+002  0.31295834E+002  0.78688301E+002  0.15901012E+003
  0.00000000E+000  0.00000000E+000  0.00000000E+000  0.00000000E+000  0.00000000E+000  0.93665842E-001  0.19283913E+001  0.12499987E+002  0.31295827E+002  0.78688295E+002  0.15901014E+003
  0.00000000E+000  0.00000000E+000  0.00000000E+000  0.00000000E+000  0.00000000E+000  0.93665659E-001  0.19283885E+001  0.12499976E+002  0.31295820E+002  0.78688288E+002  0.15901016E+003
  0.00000000E+000  0.00000000E+000  0.00000000E+000  0.00000000E+000  0.00000000E+000  0.93665483E-001  0.19283858E+001  0.12499965E+002  0.31295813E+002  0.78688280E+002  0.15901018E+003
  0.00000000E+000  0.00000000E+000  0.00000000E+000  0.00000000E+000  0.00000000E+000  0.93665312E-001  0.19283832E+001  0.12499954E+002  0.31295806E+002  0.78688271E+002  0.15901020E+003
  0.00000000E+000  0.00000000E+000  0.00000000E+000  0.00000000E+000  0.00000000E+000  0.93665148E-001  0.19283805E+001  0.12499942E+002  0.31295798E+002  0.78688261E+002  0.15901021E+003
  0.00000000E+000  0.00000000E+000  0.00000000E+000  0.00000000E+000  0.00000000E+000  0.93664991E-001  0.19283779E+001  0.12499931E+002  0.31295790E+002  0.78688251E+002  0.15901023E+003
  0.00000000E+000  0.00000000E+000  0.00000000E+000  0.00000000E+000  0.00000000E+000  0.93664839E-001  0.19283754E+001  0.12499920E+002  0.31295782E+002  0.78688240E+002  0.15901024E+003
  0.00000000E+000  0.00000000E+000  0.00000000E+000  0.00000000E+000  0.00000000E+000  0.93664694E-001  0.19283729E+001  0.12499909E+002  0.31295774E+002  0.78688228E+002  0.15901025E+003
  0.00000000E+000  0.00000000E+000  0.00000000E+000  0.00000000E+000  0.00000000E+000  0.93664554E-001  0.19283704E+001  0.12499898E+002  0.31295765E+002  0.78688215E+002  0.15901026E+003
  0.00000000E+000  0.00000000E+000  0.00000000E+000  0.00000000E+000  0.00000000E+000  0.93664421E-001  0.19283680E+001  0.12499888E+002  0.31295757E+002  0.78688202E+002  0.15901027E+003
  0.00000000E+000  0.00000000E+000  0.00000000E+000  0.00000000E+000  0.00000000E+000  0.93664294E-001  0.19283657E+001  0.12499877E+002  0.31295748E+002  0.78688188E+002  0.15901028E+003
  0.00000000E+000  0.00000000E+000  0.00000000E+000  0.00000000E+000  0.00000000E+000  0.93664172E-001  0.19283634E+001  0.12499866E+002  0.31295739E+002  0.78688173E+002  0.15901028E+003
  0.00000000E+000  0.00000000E+000  0.00000000E+000  0.00000000E+000  0.00000000E+000  0.93664056E-001  0.19283612E+001  0.12499856E+002  0.31295730E+002  0.78688157E+002  0.15901029E+003
  0.00000000E+000  0.00000000E+000  0.00000000E+000  0.00000000E+000  0.00000000E+000  0.93663946E-001  0.19283590E+001  0.12499846E+002  0.31295721E+002  0.78688141E+002  0.15901029E+003
  0.00000000E+000  0.00000000E+000  0.00000000E+000  0.00000000E+000  0.00000000E+000  0.93663841E-001  0.19283569E+001  0.12499835E+002  0.31295712E+002  0.78688124E+002  0.15901029E+003
  0.00000000E+000  0.00000000E+000  0.00000000E+000  0.00000000E+000  0.00000000E+000  0.93663741E-001  0.19283548E+001  0.12499825E+002  0.31295703E+002  0.78688107E+002  0.15901029E+003
  0.00000000E+000  0.00000000E+000  0.00000000E+000  0.00000000E+000  0.00000000E+000  0.93663646E-001  0.19283529E+001  0.12499816E+002  0.31295694E+002  0.78688089E+002  0.15901029E+003
  0.00000000E+000  0.00000000E+000  0.00000000E+000  0.00000000E+000  0.00000000E+000  0.93663557E-001  0.19283509E+001  0.12499806E+002  0.31295684E+002  0.78688070E+002  0.15901029E+003
  0.00000000E+000  0.00000000E+000  0.00000000E+000  0.00000000E+000  0.00000000E+000  0.93663471E-001  0.19283491E+001  0.12499796E+002  0.31295675E+002  0.78688051E+002  0.15901029E+003
  0.00000000E+000  0.00000000E+000  0.00000000E+000  0.00000000E+000  0.00000000E+000  0.93663390E-001  0.19283473E+001  0.12499787E+002  0.31295666E+002  0.78688031E+002  0.15901028E+003
  0.00000000E+000  0.00000000E+000  0.00000000E+000  0.00000000E+000  0.00000000E+000  0.93663314E-001  0.19283455E+001  0.12499778E+002  0.31295656E+002  0.78688011E+002  0.15901027E+003
  0.00000000E+000  0.00000000E+000  0.00000000E+000  0.00000000E+000  0.00000000E+000  0.93663241E-001  0.19283438E+001  0.12499769E+002  0.31295647E+002  0.78687990E+002  0.15901026E+003
  0.00000000E+000  0.00000000E+000  0.00000000E+000  0.00000000E+000  0.00000000E+000  0.93663173E-001  0.19283422E+001  0.12499760E+002  0.31295637E+002  0.78687968E+002  0.15901025E+003
  0.00000000E+000  0.00000000E+000  0.00000000E+000  0.00000000E+000  0.00000000E+000  0.93663108E-001  0.19283406E+001  0.12499752E+002  0.31295628E+002  0.78687946E+002  0.15901024E+003
  0.00000000E+000  0.00000000E+000  0.00000000E+000  0.00000000E+000  0.00000000E+000  0.93663047E-001  0.19283391E+001  0.12499743E+002  0.31295619E+002  0.78687924E+002  0.15901023E+003
  0.00000000E+000  0.00000000E+000  0.00000000E+000  0.00000000E+000  0.00000000E+000  0.93662990E-001  0.19283377E+001  0.12499735E+002  0.31295609E+002  0.78687901E+002  0.15901022E+003
  0.00000000E+000  0.00000000E+000  0.00000000E+000  0.00000000E+000  0.00000000E+000  0.93662935E-001  0.19283363E+001  0.12499727E+002  0.31295600E+002  0.78687878E+002  0.15901020E+003
  0.00000000E+000  0.00000000E+000  0.00000000E+000  0.00000000E+000  0.00000000E+000  0.93662884E-001  0.19283350E+001  0.12499719E+002  0.31295591E+002  0.78687854E+002  0.15901019E+003
  0.00000000E+000  0.00000000E+000  0.00000000E+000  0.00000000E+000  0.00000000E+000  0.93662836E-001  0.19283337E+001  0.12499712E+002  0.31295582E+002  0.78687830E+002  0.15901017E+003
  0.00000000E+000  0.00000000E+000  0.00000000E+000  0.00000000E+000  0.00000000E+000  0.93662790E-001  0.19283325E+001  0.12499704E+002  0.31295572E+002  0.78687805E+002  0.15901015E+003
  0.00000000E+000  0.00000000E+000  0.00000000E+000  0.00000000E+000  0.00000000E+000  0.93662747E-001  0.19283313E+001  0.12499697E+002  0.31295563E+002  0.78687781E+002  0.15901013E+003
  0.00000000E+000  0.00000000E+000  0.00000000E+000  0.00000000E+000  0.00000000E+000  0.93662707E-001  0.19283302E+001  0.12499690E+002  0.31295554E+002  0.78687756E+002  0.15901011E+003
  0.00000000E+000  0.00000000E+000  0.00000000E+000  0.00000000E+000  0.00000000E+000  0.93662669E-001  0.19283291E+001  0.12499683E+002  0.31295546E+002  0.78687730E+002  0.15901008E+003
  0.00000000E+000  0.00000000E+000  0.00000000E+000  0.00000000E+000  0.00000000E+000  0.93662634E-001  0.19283281E+001  0.12499676E+002  0.31295537E+002  0.78687704E+002  0.15901006E+003
  0.00000000E+000  0.00000000E+000  0.00000000E+000  0.00000000E+000  0.00000000E+000  0.93662600E-001  0.19283271E+001  0.12499670E+002  0.31295528E+002  0.78687679E+002  0.15901004E+003
  0.00000000E+000  0.00000000E+000  0.00000000E+000  0.00000000E+000  0.00000000E+000  0.93662569E-001  0.19283262E+001  0.12499664E+002  0.31295520E+002  0.78687652E+002  0.15901001E+003
  0.00000000E+000  0.00000000E+000  0.00000000E+000  0.00000000E+000  0.00000000E+000  0.93662540E-001  0.19283253E+001  0.12499657E+002  0.31295511E+002  0.78687626E+002  0.15900998E+003
  0.00000000E+000  0.00000000E+000  0.00000000E+000  0.00000000E+000  0.00000000E+000  0.93662512E-001  0.19283244E+001  0.12499651E+002  0.31295503E+002  0.78687600E+002  0.15900995E+003
  0.00000000E+000  0.00000000E+000  0.00000000E+000  0.00000000E+000  0.00000000E+000  0.93662486E-001  0.19283236E+001  0.12499646E+002  0.31295495E+002  0.78687573E+002  0.15900992E+003
  0.00000000E+000  0.00000000E+000  0.00000000E+000  0.00000000E+000  0.00000000E+000  0.93662462E-001  0.19283229E+001  0.12499640E+002  0.31295487E+002  0.78687546E+002  0.15900989E+003
  0.00000000E+000  0.00000000E+000  0.00000000E+000  0.00000000E+000  0.00000000E+000  0.93662439E-001  0.19283221E+001  0.12499635E+002  0.31295479E+002  0.78687520E+002  0.15900986E+003
  0.00000000E+000  0.00000000E+000  0.00000000E+000  0.00000000E+000  0.00000000E+000  0.93662418E-001  0.19283215E+001  0.12499630E+002  0.31295471E+002  0.78687493E+002  0.15900983E+003
  0.00000000E+000  0.00000000E+000  0.00000000E+000  0.00000000E+000  0.00000000E+000  0.93662398E-001  0.19283208E+001  0.12499625E+002  0.31295463E+002  0.78687466E+002  0.15900980E+003
  0.00000000E+000  0.00000000E+000  0.00000000E+000  0.00000000E+000  0.00000000E+000  0.93662380E-001  0.19283202E+001  0.12499620E+002  0.31295456E+002  0.78687439E+002  0.15900977E+003
  0.00000000E+000  0.00000000E+000  0.00000000E+000  0.00000000E+000  0.00000000E+000  0.93662362E-001  0.19283196E+001  0.12499615E+002  0.31295448E+002  0.78687412E+002  0.15900973E+003
  0.00000000E+000  0.00000000E+000  0.00000000E+000  0.00000000E+000  0.00000000E+000  0.93662346E-001  0.19283190E+001  0.12499610E+002  0.31295441E+002  0.78687386E+002  0.15900970E+003
  0.00000000E+000  0.00000000E+000  0.00000000E+000  0.00000000E+000  0.00000000E+000  0.93662331E-001  0.19283185E+001  0.12499606E+002  0.31295434E+002  0.78687359E+002  0.15900966E+003
  0.00000000E+000  0.00000000E+000  0.00000000E+000  0.00000000E+000  0.00000000E+000  0.93662317E-001  0.19283180E+001  0.12499602E+002  0.31295427E+002  0.78687332E+002  0.15900963E+003
  0.00000000E+000  0.00000000E+000  0.00000000E+000  0.00000000E+000  0.00000000E+000  0.93662303E-001  0.19283175E+001  0.12499598E+002  0.31295421E+002  0.78687306E+002  0.15900959E+003
  0.00000000E+000  0.00000000E+000  0.00000000E+000  0.00000000E+000  0.00000000E+000  0.93662291E-001  0.19283171E+001  0.12499594E+002  0.31295414E+002  0.78687280E+002  0.15900955E+003
  0.00000000E+000  0.00000000E+000  0.00000000E+000  0.00000000E+000  0.00000000E+000  0.93662280E-001  0.19283167E+001  0.12499590E+002  0.31295408E+002  0.78687254E+002  0.15900952E+003
  0.00000000E+000  0.00000000E+000  0.00000000E+000  0.00000000E+000  0.00000000E+000  0.93662269E-001  0.19283163E+001  0.12499586E+002  0.31295401E+002  0.78687228E+002  0.15900948E+003
  0.00000000E+000  0.00000000E+000  0.00000000E+000  0.00000000E+000  0.00000000E+000  0.93662259E-001  0.19283159E+001  0.12499583E+002  0.31295395E+002  0.78687202E+002  0.15900944E+003
  0.00000000E+000  0.00000000E+000  0.00000000E+000  0.00000000E+000  0.00000000E+000  0.93662249E-001  0.19283155E+001  0.12499579E+002  0.31295389E+002  0.78687176E+002  0.15900940E+003
  0.00000000E+000  0.00000000E+000  0.00000000E+000  0.00000000E+000  0.00000000E+000  0.93662241E-001  0.19283152E+001  0.12499576E+002  0.31295383E+002  0.78687151E+002  0.15900937E+003
  0.00000000E+000  0.00000000E+000  0.00000000E+000  0.00000000E+000  0.00000000E+000  0.93662233E-001  0.19283149E+001  0.12499573E+002  0.31295378E+002  0.78687126E+002  0.15900933E+003
  0.00000000E+000  0.00000000E+000  0.00000000E+000  0.00000000E+000  0.00000000E+000  0.93662225E-001  0.19283146E+001  0.12499570E+002  0.31295372E+002  0.78687101E+002  0.15900929E+003
  0.00000000E+000  0.00000000E+000  0.00000000E+000  0.00000000E+000  0.00000000E+000  0.93662218E-001  0.19283143E+001  0.12499567E+002  0.31295367E+002  0.78687077E+002  0.15900925E+003
  0.00000000E+000  0.00000000E+000  0.00000000E+000  0.00000000E+000  0.00000000E+000  0.93662211E-001  0.19283140E+001  0.12499564E+002  0.31295362E+002  0.78687053E+002  0.15900921E+003
  0.00000000E+000  0.00000000E+000  0.00000000E+000  0.00000000E+000  0.00000000E+000  0.93662205E-001  0.19283138E+001  0.12499562E+002  0.31295357E+002  0.78687029E+002  0.15900917E+003
  0.00000000E+000  0.00000000E+000  0.00000000E+000  0.00000000E+000  0.00000000E+000  0.93662199E-001  0.19283135E+001  0.12499559E+002  0.31295352E+002  0.78687006E+002  0.15900913E+003
  0.00000000E+000  0.00000000E+000  0.00000000E+000  0.00000000E+000  0.00000000E+000  0.93662194E-001  0.19283133E+001  0.12499557E+002  0.31295347E+002  0.78686983E+002  0.15900909E+003
  0.00000000E+000  0.00000000E+000  0.00000000E+000  0.00000000E+000  0.00000000E+000  0.93662189E-001  0.19283131E+001  0.12499555E+002  0.31295342E+002  0.78686960E+002  0.15900905E+003
  0.00000000E+000  0.00000000E+000  0.00000000E+000  0.00000000E+000  0.00000000E+000  0.93662185E-001  0.19283129E+001  0.12499552E+002  0.31295338E+002  0.78686937E+002  0.15900902E+003
  0.00000000E+000  0.00000000E+000  0.00000000E+000  0.00000000E+000  0.00000000E+000  0.93662180E-001  0.19283127E+001  0.12499550E+002  0.31295334E+002  0.78686915E+002  0.15900898E+003
  0.00000000E+000  0.00000000E+000  0.00000000E+000  0.00000000E+000  0.00000000E+000  0.93662176E-001  0.19283126E+001  0.12499548E+002  0.31295329E+002  0.78686894E+002  0.15900894E+003
  0.00000000E+000  0.00000000E+000  0.00000000E+000  0.00000000E+000  0.00000000E+000  0.93662173E-001  0.19283124E+001  0.12499546E+002  0.31295325E+002  0.78686873E+002  0.15900890E+003
  0.00000000E+000  0.00000000E+000  0.00000000E+000  0.00000000E+000  0.00000000E+000  0.93662169E-001  0.19283122E+001  0.12499544E+002  0.31295322E+002  0.78686852E+002  0.15900886E+003
  0.00000000E+000  0.00000000E+000  0.00000000E+000  0.00000000E+000  0.00000000E+000  0.93662166E-001  0.19283121E+001  0.12499542E+002  0.31295318E+002  0.78686831E+002  0.15900883E+003
  0.00000000E+000  0.00000000E+000  0.00000000E+000  0.00000000E+000  0.00000000E+000  0.93662163E-001  0.19283120E+001  0.12499541E+002  0.31295314E+002  0.78686811E+002  0.15900879E+003
  0.00000000E+000  0.00000000E+000  0.00000000E+000  0.00000000E+000  0.00000000E+000  0.93662160E-001  0.19283118E+001  0.12499539E+002  0.31295311E+002  0.78686792E+002  0.15900875E+003
  0.00000000E+000  0.00000000E+000  0.00000000E+000  0.00000000E+000  0.00000000E+000  0.93662158E-001  0.19283117E+001  0.12499538E+002  0.31295307E+002  0.78686773E+002  0.15900872E+003
  0.00000000E+000  0.00000000E+000  0.00000000E+000  0.00000000E+000  0.00000000E+000  0.93662155E-001  0.19283116E+001  0.12499536E+002  0.31295304E+002  0.78686754E+002  0.15900868E+003
  0.00000000E+000  0.00000000E+000  0.00000000E+000  0.00000000E+000  0.00000000E+000  0.93662153E-001  0.19283115E+001  0.12499535E+002  0.31295301E+002  0.78686735E+002  0.15900864E+003
  0.00000000E+000  0.00000000E+000  0.00000000E+000  0.00000000E+000  0.00000000E+000  0.93662151E-001  0.19283114E+001  0.12499533E+002  0.31295298E+002  0.78686718E+002  0.15900861E+003
  0.00000000E+000  0.00000000E+000  0.00000000E+000  0.00000000E+000  0.00000000E+000  0.93662149E-001  0.19283113E+001  0.12499532E+002  0.31295295E+002  0.78686700E+002  0.15900857E+003
  0.00000000E+000  0.00000000E+000  0.00000000E+000  0.00000000E+000  0.00000000E+000  0.93662147E-001  0.19283112E+001  0.12499531E+002  0.31295292E+002  0.78686683E+002  0.15900854E+003
  0.00000000E+000  0.00000000E+000  0.00000000E+000  0.00000000E+000  0.00000000E+000  0.93662146E-001  0.19283111E+001  0.12499529E+002  0.31295289E+002  0.78686666E+002  0.15900851E+003
  0.00000000E+000  0.00000000E+000  0.00000000E+000  0.00000000E+000  0.00000000E+000  0.93662144E-001  0.19283111E+001  0.12499528E+002  0.31295286E+002  0.78686650E+002  0.15900847E+003
  0.00000000E+000  0.00000000E+000  0.00000000E+000  0.00000000E+000  0.00000000E+000  0.93662143E-001  0.19283110E+001  0.12499527E+002  0.31295284E+002  0.78686634E+002  0.15900844E+003
  0.00000000E+000  0.00000000E+000  0.00000000E+000  0.00000000E+000  0.00000000E+000  0.93662142E-001  0.19283109E+001  0.12499526E+002  0.31295281E+002  0.78686619E+002  0.15900841E+003
  0.00000000E+000  0.00000000E+000  0.00000000E+000  0.00000000E+000  0.00000000E+000  0.93662140E-001  0.19283109E+001  0.12499525E+002  0.31295279E+002  0.78686604E+002  0.15900838E+003
  0.00000000E+000  0.00000000E+000  0.00000000E+000  0.00000000E+000  0.00000000E+000  0.93662139E-001  0.19283108E+001  0.12499524E+002  0.31295277E+002  0.78686589E+002  0.15900835E+003
  0.00000000E+000  0.00000000E+000  0.00000000E+000  0.00000000E+000  0.00000000E+000  0.93662138E-001  0.19283107E+001  0.12499523E+002  0.31295275E+002  0.78686575E+002  0.15900832E+003
  0.00000000E+000  0.00000000E+000  0.00000000E+000  0.00000000E+000  0.00000000E+000  0.93662137E-001  0.19283107E+001  0.12499523E+002  0.31295272E+002  0.78686562E+002  0.15900829E+003
