  0.10529480E+002
  0.10529606E+002
  0.10529709E+002
  0.10529799E+002
  0.10529880E+002
  0.10529952E+002
  0.10530018E+002
  0.10530078E+002
  0.10530132E+002
  0.10530182E+002
  0.10530228E+002
  0.10530271E+002
  0.10530311E+002
  0.10530349E+002
  0.10530384E+002
  0.10530418E+002
  0.10530450E+002
  0.10530480E+002
  0.10530509E+002
  0.10530536E+002
  0.10530563E+002
  0.10530589E+002
  0.10530613E+002
  0.10530637E+002
  0.10530661E+002
  0.10530683E+002
  0.10530705E+002
  0.10530726E+002
  0.10530747E+002
  0.10530767E+002
  0.10530786E+002
  0.10530805E+002
  0.10530823E+002
  0.10530841E+002
  0.10530858E+002
  0.10530874E+002
  0.10530890E+002
  0.10530905E+002
  0.10530919E+002
  0.10530933E+002
  0.10530945E+002
  0.10530957E+002
  0.10530967E+002
  0.10530977E+002
  0.10530986E+002
  0.10530993E+002
  0.10531000E+002
  0.10531005E+002
  0.10531009E+002
  0.10531012E+002
  0.10531013E+002
  0.10531013E+002
  0.10531012E+002
  0.10531009E+002
  0.10531005E+002
  0.10530999E+002
  0.10530992E+002
  0.10530983E+002
  0.10530973E+002
  0.10530961E+002
  0.10530947E+002
  0.10530932E+002
  0.10530916E+002
  0.10530898E+002
  0.10530878E+002
  0.10530858E+002
  0.10530835E+002
  0.10530812E+002
  0.10530787E+002
  0.10530761E+002
  0.10530734E+002
  0.10530706E+002
  0.10530677E+002
  0.10530647E+002
  0.10530616E+002
  0.10530585E+002
  0.10530553E+002
  0.10530521E+002
  0.10530489E+002
  0.10530456E+002
  0.10530424E+002
  0.10530391E+002
  0.10530359E+002
  0.10530327E+002
  0.10530295E+002
  0.10530264E+002
  0.10530233E+002
  0.10530204E+002
  0.10530175E+002
  0.10530146E+002
  0.10530119E+002
  0.10530093E+002
  0.10530067E+002
  0.10530043E+002
  0.10530020E+002
  0.10529998E+002
  0.10529977E+002
  0.10529957E+002
  0.10529939E+002
  0.10529921E+002
  0.10529905E+002
  0.10529890E+002
  0.10529875E+002
  0.10529862E+002
  0.10529850E+002
  0.10529839E+002
  0.10529828E+002
  0.10529819E+002
  0.10529810E+002
  0.10529803E+002
  0.10529796E+002
  0.10529789E+002
  0.10529784E+002
  0.10529779E+002
  0.10529774E+002
  0.10529770E+002
  0.10529767E+002
  0.10529764E+002
  0.10529761E+002
  0.10529759E+002
  0.10529757E+002
  0.10529756E+002
  0.10529754E+002
  0.10529753E+002
  0.10529752E+002
  0.10529752E+002
  0.10529751E+002
  0.10529751E+002
  0.10529750E+002
  0.10529750E+002
  0.10529750E+002
  0.10529750E+002
  0.10529750E+002
  0.10529750E+002
  0.10529750E+002
  0.10529750E+002
  0.10529750E+002
  0.10529750E+002
  0.10529749E+002
  0.10529749E+002
  0.10529749E+002
  0.10529748E+002
  0.10529748E+002
  0.10529747E+002
  0.10529747E+002
  0.10529746E+002
  0.10529745E+002
  0.10529744E+002
  0.10529743E+002
  0.10529741E+002
  0.10529740E+002
  0.10529738E+002
  0.10529736E+002
  0.10529735E+002
  0.10529733E+002
  0.10529730E+002
  0.10529728E+002
  0.10529726E+002
  0.10529723E+002
  0.10529720E+002
  0.10529718E+002
  0.10529715E+002
  0.10529712E+002
  0.10529709E+002
  0.10529705E+002
  0.10529702E+002
  0.10529699E+002
  0.10529695E+002
  0.10529691E+002
  0.10529688E+002
  0.10529684E+002
  0.10529680E+002
  0.10529676E+002
  0.10529672E+002
  0.10529668E+002
  0.10529664E+002
  0.10529660E+002
  0.10529656E+002
  0.10529652E+002
  0.10529648E+002
  0.10529644E+002
  0.10529640E+002
  0.10529636E+002
  0.10529632E+002
  0.10529628E+002
  0.10529623E+002
  0.10529619E+002
  0.10529615E+002
  0.10529611E+002
  0.10529607E+002
  0.10529604E+002
  0.10529600E+002
  0.10529596E+002
  0.10529592E+002
  0.10529588E+002
  0.10529585E+002
  0.10529581E+002
  0.10529577E+002
  0.10529574E+002
  0.10529571E+002
