  0.58265426E+000  0.31145552E+000  0.23788628E+001  0.38844953E+002
  0.58119235E+000  0.31517290E+000  0.23761039E+001  0.38845959E+002
  0.58071438E+000  0.31508252E+000  0.23760332E+001  0.38847010E+002
  0.57934127E+000  0.31625012E+000  0.23763289E+001  0.38847282E+002
  0.57936835E+000  0.31609098E+000  0.23765817E+001  0.38847483E+002
  0.57940129E+000  0.31594168E+000  0.23768200E+001  0.38847651E+002
  0.57943063E+000  0.31584902E+000  0.23712580E+001  0.38853539E+002
  0.57945617E+000  0.31577174E+000  0.23677506E+001  0.38857336E+002
  0.57947828E+000  0.31570711E+000  0.23644731E+001  0.38860874E+002
  0.57949716E+000  0.31541492E+000  0.23648834E+001  0.38860938E+002
  0.57951395E+000  0.31536870E+000  0.23627779E+001  0.38863258E+002
  0.57952705E+000  0.31532831E+000  0.23629405E+001  0.38863294E+002
  0.57953821E+000  0.31529555E+000  0.23613206E+001  0.38865096E+002
  0.57954761E+000  0.31526548E+000  0.23614700E+001  0.38865118E+002
  0.57953323E+000  0.31526131E+000  0.23616127E+001  0.38865135E+002
  0.57953947E+000  0.31521151E+000  0.23602917E+001  0.38866633E+002
  0.57954439E+000  0.31519397E+000  0.23604193E+001  0.38866645E+002
  0.57954817E+000  0.31517886E+000  0.23605406E+001  0.38866656E+002
  0.57955094E+000  0.31516576E+000  0.23606560E+001  0.38866667E+002
  0.57955281E+000  0.31515435E+000  0.23594808E+001  0.38867962E+002
  0.57955388E+000  0.31514439E+000  0.23595861E+001  0.38867972E+002
  0.57955424E+000  0.31513560E+000  0.23596867E+001  0.38867983E+002
  0.57955397E+000  0.31512783E+000  0.23597831E+001  0.38867993E+002
  0.57955311E+000  0.31512085E+000  0.23598757E+001  0.38868004E+002
  0.57955173E+000  0.31511456E+000  0.23599651E+001  0.38868016E+002
  0.57954988E+000  0.31510880E+000  0.23600516E+001  0.38868027E+002
  0.57954758E+000  0.31510354E+000  0.23601356E+001  0.38868038E+002
  0.57954489E+000  0.31509859E+000  0.23602177E+001  0.38868048E+002
  0.57954182E+000  0.31509392E+000  0.23602982E+001  0.38868058E+002
  0.57953841E+000  0.31508946E+000  0.23603775E+001  0.38868067E+002
  0.57953469E+000  0.31508512E+000  0.23563554E+001  0.38872175E+002
  0.57953068E+000  0.31508085E+000  0.23564332E+001  0.38872181E+002
  0.57952640E+000  0.31507663E+000  0.23565105E+001  0.38872185E+002
  0.57952187E+000  0.31506947E+000  0.23565905E+001  0.38872187E+002
  0.57951713E+000  0.31506517E+000  0.23566674E+001  0.38872187E+002
  0.57951219E+000  0.31506081E+000  0.23567442E+001  0.38872185E+002
  0.57950707E+000  0.31505636E+000  0.23568206E+001  0.38872181E+002
  0.57950180E+000  0.31505180E+000  0.23568966E+001  0.38872175E+002
  0.57949639E+000  0.31504712E+000  0.23569717E+001  0.38872167E+002
  0.57949088E+000  0.31504233E+000  0.23559114E+001  0.38873291E+002
  0.57948528E+000  0.31503743E+000  0.23559838E+001  0.38873279E+002
  0.57947962E+000  0.31503242E+000  0.23560541E+001  0.38873266E+002
  0.57947392E+000  0.31502730E+000  0.23561216E+001  0.38873252E+002
  0.57946820E+000  0.31502209E+000  0.23561859E+001  0.38873237E+002
  0.57946248E+000  0.31501680E+000  0.23562463E+001  0.38873223E+002
  0.57945677E+000  0.31501145E+000  0.23563023E+001  0.38873208E+002
  0.57945109E+000  0.31500605E+000  0.23563533E+001  0.38873194E+002
  0.57944546E+000  0.31500061E+000  0.23563991E+001  0.38873180E+002
  0.57943987E+000  0.31499516E+000  0.23564391E+001  0.38873167E+002
  0.57943434E+000  0.31498971E+000  0.23564733E+001  0.38873155E+002
  0.57942886E+000  0.31498427E+000  0.23565014E+001  0.38873143E+002
  0.57942343E+000  0.31497888E+000  0.23565235E+001  0.38873132E+002
  0.57941803E+000  0.31497353E+000  0.23565395E+001  0.38873122E+002
  0.57941266E+000  0.31496825E+000  0.23565496E+001  0.38873111E+002
  0.57940729E+000  0.31496303E+000  0.23565539E+001  0.38873100E+002
  0.57940191E+000  0.31495789E+000  0.23565526E+001  0.38873089E+002
  0.57939649E+000  0.31495284E+000  0.23565461E+001  0.38873077E+002
  0.57939103E+000  0.31494787E+000  0.23565344E+001  0.38873064E+002
  0.57938550E+000  0.31494298E+000  0.23565179E+001  0.38873049E+002
  0.57937987E+000  0.31493816E+000  0.23564968E+001  0.38873033E+002
  0.57937415E+000  0.31493340E+000  0.23564713E+001  0.38873015E+002
  0.57936832E+000  0.31492871E+000  0.23564417E+001  0.38872996E+002
  0.57936236E+000  0.31492407E+000  0.23564080E+001  0.38872974E+002
  0.57935627E+000  0.31491948E+000  0.23563706E+001  0.38872950E+002
  0.57935006E+000  0.31491493E+000  0.23563295E+001  0.38872924E+002
  0.57934371E+000  0.31491042E+000  0.23562850E+001  0.38872896E+002
  0.57933724E+000  0.31490595E+000  0.23562371E+001  0.38872866E+002
  0.57933065E+000  0.31490152E+000  0.23561862E+001  0.38872834E+002
  0.57932394E+000  0.31489714E+000  0.23561323E+001  0.38872800E+002
  0.57931714E+000  0.31489279E+000  0.23560757E+001  0.38872763E+002
  0.57931024E+000  0.31488853E+000  0.23560164E+001  0.38872725E+002
  0.57930328E+000  0.31488429E+000  0.23559547E+001  0.38872686E+002
  0.57929625E+000  0.31488010E+000  0.23558908E+001  0.38872645E+002
  0.57928918E+000  0.31487598E+000  0.23558249E+001  0.38872602E+002
  0.57928208E+000  0.31487193E+000  0.23557572E+001  0.38872558E+002
  0.57927497E+000  0.31486795E+000  0.23556879E+001  0.38872514E+002
  0.57926787E+000  0.31486406E+000  0.23556173E+001  0.38872469E+002
  0.57926080E+000  0.31486025E+000  0.23555454E+001  0.38872423E+002
  0.57925378E+000  0.31485654E+000  0.23554727E+001  0.38872377E+002
  0.57924682E+000  0.31485292E+000  0.23565329E+001  0.38871197E+002
  0.57923994E+000  0.31484940E+000  0.23564589E+001  0.38871151E+002
  0.57923315E+000  0.31484599E+000  0.23563847E+001  0.38871105E+002
  0.57922649E+000  0.31484269E+000  0.23563104E+001  0.38871060E+002
  0.57921995E+000  0.31483950E+000  0.23562362E+001  0.38871016E+002
  0.57921355E+000  0.31483643E+000  0.23561623E+001  0.38870972E+002
  0.57920731E+000  0.31483348E+000  0.23560890E+001  0.38870930E+002
  0.57920125E+000  0.31483355E+000  0.23560136E+001  0.38870890E+002
  0.57919536E+000  0.31483084E+000  0.23559419E+001  0.38870851E+002
  0.57918967E+000  0.31482825E+000  0.23558712E+001  0.38870814E+002
  0.57918418E+000  0.31482578E+000  0.23558018E+001  0.38870778E+002
  0.57917890E+000  0.31482343E+000  0.23557338E+001  0.38870745E+002
  0.57917384E+000  0.31482121E+000  0.23556672E+001  0.38870714E+002
  0.57916899E+000  0.31481910E+000  0.23556023E+001  0.38870684E+002
  0.57916437E+000  0.31481712E+000  0.23555390E+001  0.38870657E+002
  0.57915998E+000  0.31481525E+000  0.23554776E+001  0.38870632E+002
  0.57915582E+000  0.31481350E+000  0.23554181E+001  0.38870610E+002
  0.57915189E+000  0.31481187E+000  0.23553605E+001  0.38870589E+002
  0.57914818E+000  0.31481034E+000  0.23553050E+001  0.38870571E+002
  0.57914471E+000  0.31480892E+000  0.23552515E+001  0.38870555E+002
  0.57914146E+000  0.31480761E+000  0.23552001E+001  0.38870541E+002
  0.57913843E+000  0.31480640E+000  0.23551509E+001  0.38870529E+002
  0.57913561E+000  0.31480529E+000  0.23551038E+001  0.38870518E+002
  0.57913302E+000  0.31480427E+000  0.23550588E+001  0.38870510E+002
  0.57913062E+000  0.31480335E+000  0.23550160E+001  0.38870503E+002
  0.57912843E+000  0.31480252E+000  0.23549753E+001  0.38870498E+002
  0.57912643E+000  0.31480177E+000  0.23549367E+001  0.38870495E+002
  0.57912462E+000  0.31480110E+000  0.23549002E+001  0.38870492E+002
  0.57912299E+000  0.31480051E+000  0.23548657E+001  0.38870492E+002
  0.57912153E+000  0.31479999E+000  0.23548333E+001  0.38870492E+002
  0.57912023E+000  0.31479955E+000  0.23548027E+001  0.38870493E+002
  0.57911908E+000  0.31479917E+000  0.23547741E+001  0.38870495E+002
  0.57911809E+000  0.31479885E+000  0.23547472E+001  0.38870498E+002
  0.57911723E+000  0.31479860E+000  0.23547222E+001  0.38870501E+002
  0.57911650E+000  0.31479840E+000  0.23546988E+001  0.38870505E+002
  0.57911590E+000  0.31479826E+000  0.23546770E+001  0.38870510E+002
  0.57911541E+000  0.31479816E+000  0.23587539E+001  0.38866418E+002
  0.57911503E+000  0.31479811E+000  0.23587352E+001  0.38866423E+002
  0.57911474E+000  0.31479811E+000  0.23587180E+001  0.38866429E+002
  0.57911455E+000  0.31479814E+000  0.23587020E+001  0.38866435E+002
  0.57911444E+000  0.31479821E+000  0.23586874E+001  0.38866441E+002
  0.57911441E+000  0.31479832E+000  0.23586739E+001  0.38866447E+002
  0.57911445E+000  0.31479845E+000  0.23586615E+001  0.38866452E+002
  0.57911455E+000  0.31479862E+000  0.23586502E+001  0.38866458E+002
  0.57911472E+000  0.31479881E+000  0.23586399E+001  0.38866464E+002
  0.57911493E+000  0.31479902E+000  0.23586305E+001  0.38866470E+002
  0.57911519E+000  0.31479925E+000  0.23586219E+001  0.38866475E+002
  0.57911549E+000  0.31479950E+000  0.23586142E+001  0.38866480E+002
  0.57911583E+000  0.31479977E+000  0.23586072E+001  0.38866485E+002
  0.57911620E+000  0.31480005E+000  0.23586008E+001  0.38866489E+002
  0.57911660E+000  0.31480034E+000  0.23585951E+001  0.38866494E+002
  0.57911702E+000  0.31480064E+000  0.23585900E+001  0.38866498E+002
  0.57911746E+000  0.31480094E+000  0.23585854E+001  0.38866501E+002
  0.57911791E+000  0.31480125E+000  0.23585813E+001  0.38866504E+002
  0.57911838E+000  0.31480157E+000  0.23585776E+001  0.38866507E+002
  0.57911886E+000  0.31480188E+000  0.23585744E+001  0.38866509E+002
  0.57911934E+000  0.31480220E+000  0.23585715E+001  0.38866511E+002
  0.57911983E+000  0.31480251E+000  0.23585689E+001  0.38866513E+002
  0.57912032E+000  0.31480282E+000  0.23585667E+001  0.38866514E+002
  0.57912081E+000  0.31480313E+000  0.23585647E+001  0.38866514E+002
  0.57912129E+000  0.31480344E+000  0.23585630E+001  0.38866514E+002
  0.57912177E+000  0.31480373E+000  0.23585615E+001  0.38866513E+002
  0.57912225E+000  0.31480403E+000  0.23585602E+001  0.38866512E+002
  0.57912272E+000  0.31480431E+000  0.23585590E+001  0.38866511E+002
  0.57912318E+000  0.31480459E+000  0.23585581E+001  0.38866508E+002
  0.57912363E+000  0.31480486E+000  0.23585572E+001  0.38866506E+002
  0.57912407E+000  0.31480512E+000  0.23585565E+001  0.38866502E+002
  0.57912450E+000  0.31480537E+000  0.23585559E+001  0.38866498E+002
  0.57912491E+000  0.31480561E+000  0.23585554E+001  0.38866494E+002
  0.57912531E+000  0.31480585E+000  0.23585550E+001  0.38866489E+002
  0.57912570E+000  0.31480607E+000  0.23585547E+001  0.38866483E+002
  0.57912608E+000  0.31480629E+000  0.23585544E+001  0.38866477E+002
  0.57912644E+000  0.31480649E+000  0.23585541E+001  0.38866470E+002
  0.57912679E+000  0.31480669E+000  0.23585539E+001  0.38866463E+002
  0.57912712E+000  0.31480687E+000  0.23585538E+001  0.38866455E+002
  0.57912744E+000  0.31480705E+000  0.23585537E+001  0.38866447E+002
  0.57912774E+000  0.31480722E+000  0.23585536E+001  0.38866438E+002
  0.57912803E+000  0.31480738E+000  0.23585535E+001  0.38866428E+002
  0.57912831E+000  0.31480753E+000  0.23585534E+001  0.38866418E+002
  0.57912857E+000  0.31480767E+000  0.23585534E+001  0.38866408E+002
  0.57912882E+000  0.31480781E+000  0.23585533E+001  0.38866397E+002
  0.57912906E+000  0.31480794E+000  0.23585533E+001  0.38866385E+002
  0.57912928E+000  0.31480806E+000  0.23585532E+001  0.38866373E+002
  0.57912949E+000  0.31480817E+000  0.23585532E+001  0.38866361E+002
  0.57912969E+000  0.31480828E+000  0.23585532E+001  0.38866348E+002
  0.57912988E+000  0.31480837E+000  0.23585531E+001  0.38866335E+002
  0.57913006E+000  0.31480847E+000  0.23585531E+001  0.38866321E+002
  0.57913023E+000  0.31480856E+000  0.23585530E+001  0.38866307E+002
  0.57913038E+000  0.31480864E+000  0.23585530E+001  0.38866293E+002
  0.57913053E+000  0.31480872E+000  0.23585529E+001  0.38866278E+002
  0.57913067E+000  0.31480879E+000  0.23585529E+001  0.38866263E+002
  0.57913080E+000  0.31480886E+000  0.23585528E+001  0.38866248E+002
  0.57913092E+000  0.31480892E+000  0.23585528E+001  0.38866233E+002
  0.57913104E+000  0.31480898E+000  0.23585527E+001  0.38866217E+002
  0.57913115E+000  0.31480903E+000  0.23585527E+001  0.38866201E+002
  0.57913125E+000  0.31480909E+000  0.23585526E+001  0.38866185E+002
  0.57913134E+000  0.31480913E+000  0.23585526E+001  0.38866169E+002
  0.57913143E+000  0.31480918E+000  0.23585525E+001  0.38866153E+002
  0.57913151E+000  0.31480922E+000  0.23585524E+001  0.38866137E+002
  0.57913159E+000  0.31480926E+000  0.23585524E+001  0.38866120E+002
  0.57913167E+000  0.31480930E+000  0.23585523E+001  0.38866104E+002
  0.57913173E+000  0.31480934E+000  0.23585523E+001  0.38866087E+002
  0.57913180E+000  0.31480937E+000  0.23585523E+001  0.38866071E+002
  0.57913186E+000  0.31480940E+000  0.23585522E+001  0.38866054E+002
  0.57913192E+000  0.31480943E+000  0.23585522E+001  0.38866038E+002
  0.57913197E+000  0.31480946E+000  0.23585521E+001  0.38866021E+002
  0.57913202E+000  0.31480949E+000  0.23585521E+001  0.38866005E+002
  0.57913207E+000  0.31480951E+000  0.23585521E+001  0.38865989E+002
  0.57913211E+000  0.31480954E+000  0.23585521E+001  0.38865973E+002
  0.57913215E+000  0.31480956E+000  0.23585520E+001  0.38865957E+002
  0.57913219E+000  0.31480958E+000  0.23585520E+001  0.38865941E+002
  0.57913223E+000  0.31480960E+000  0.23585520E+001  0.38865925E+002
  0.57913226E+000  0.31480962E+000  0.23585520E+001  0.38865909E+002
  0.57913229E+000  0.31480963E+000  0.23585520E+001  0.38865894E+002
  0.57913232E+000  0.31480964E+000  0.23585519E+001  0.38865879E+002
  0.57913234E+000  0.31480966E+000  0.23585519E+001  0.38865864E+002
  0.57913236E+000  0.31480966E+000  0.23585519E+001  0.38865849E+002
  0.57913239E+000  0.31480967E+000  0.23585519E+001  0.38865835E+002
  0.57913241E+000  0.31480967E+000  0.23585519E+001  0.38865820E+002
  0.57913243E+000  0.31480965E+000  0.23585520E+001  0.38865806E+002
  0.57913246E+000  0.31480969E+000  0.23585522E+001  0.38865793E+002
