  0.49046815E-002  0.57116700E-001  0.10123147E+001  0.41043590E+002
  0.48871089E-002  0.57202482E-001  0.10129258E+001  0.41043413E+002
  0.48779911E-002  0.57252602E-001  0.10133778E+001  0.41043332E+002
  0.48721517E-002  0.57289188E-001  0.10137370E+001  0.41043304E+002
  0.48688654E-002  0.57314987E-001  0.10140157E+001  0.41043325E+002
  0.48673970E-002  0.57332622E-001  0.10142308E+001  0.41043384E+002
  0.48672277E-002  0.57343934E-001  0.10143967E+001  0.41043469E+002
  0.48679733E-002  0.57350371E-001  0.10145244E+001  0.41043572E+002
  0.48693449E-002  0.57353096E-001  0.10146219E+001  0.41043689E+002
  0.48711243E-002  0.57353057E-001  0.10146952E+001  0.41043814E+002
  0.48731482E-002  0.57351009E-001  0.10147487E+001  0.41043946E+002
  0.48752964E-002  0.57347551E-001  0.10147856E+001  0.41044082E+002
  0.48774812E-002  0.57343150E-001  0.10148085E+001  0.41044222E+002
  0.48796390E-002  0.57338168E-001  0.10148193E+001  0.41044364E+002
  0.48817259E-002  0.57332875E-001  0.10148199E+001  0.41044508E+002
  0.48837132E-002  0.57327468E-001  0.10148115E+001  0.41044654E+002
  0.48855827E-002  0.57322085E-001  0.10147953E+001  0.41044800E+002
  0.48873243E-002  0.57316821E-001  0.10147724E+001  0.41044948E+002
  0.48889336E-002  0.57311733E-001  0.10147436E+001  0.41045095E+002
  0.48904107E-002  0.57306855E-001  0.10147098E+001  0.41045243E+002
  0.48917583E-002  0.57302199E-001  0.10146717E+001  0.41045391E+002
  0.48929815E-002  0.57297762E-001  0.10146298E+001  0.41045539E+002
  0.48940867E-002  0.57293530E-001  0.10145849E+001  0.41045686E+002
  0.48950813E-002  0.57289480E-001  0.10145374E+001  0.41045832E+002
  0.48959731E-002  0.57285588E-001  0.10144879E+001  0.41045978E+002
  0.48967699E-002  0.57281825E-001  0.10144367E+001  0.41046122E+002
  0.48974796E-002  0.57278159E-001  0.10143844E+001  0.41046265E+002
  0.48981105E-002  0.57274560E-001  0.10143314E+001  0.41046406E+002
  0.48986700E-002  0.57271001E-001  0.10142780E+001  0.41046545E+002
  0.48991655E-002  0.57267454E-001  0.10142247E+001  0.41046681E+002
  0.48996040E-002  0.57263897E-001  0.10141718E+001  0.41046815E+002
  0.48999922E-002  0.57260312E-001  0.10141196E+001  0.41046946E+002
  0.49003364E-002  0.57256683E-001  0.10140684E+001  0.41047073E+002
  0.49006423E-002  0.57253002E-001  0.10140184E+001  0.41047197E+002
  0.49009152E-002  0.57249264E-001  0.10139699E+001  0.41047317E+002
  0.49011602E-002  0.57245472E-001  0.10139231E+001  0.41047433E+002
  0.49013814E-002  0.57241631E-001  0.10138780E+001  0.41047544E+002
  0.49015830E-002  0.57237753E-001  0.10138349E+001  0.41047651E+002
  0.49017684E-002  0.57233853E-001  0.10137937E+001  0.41047753E+002
  0.49019404E-002  0.57229949E-001  0.10137545E+001  0.41047849E+002
  0.49021017E-002  0.57226062E-001  0.10137173E+001  0.41047940E+002
  0.49022542E-002  0.57222214E-001  0.10136820E+001  0.41048026E+002
  0.49023996E-002  0.57218424E-001  0.10136485E+001  0.41048106E+002
  0.49025391E-002  0.57214714E-001  0.10136167E+001  0.41048180E+002
  0.49026736E-002  0.57211099E-001  0.10135865E+001  0.41048248E+002
  0.49028035E-002  0.57207594E-001  0.10135577E+001  0.41048311E+002
  0.49029291E-002  0.57204206E-001  0.10135300E+001  0.41048367E+002
  0.49030503E-002  0.57200940E-001  0.10135035E+001  0.41048418E+002
  0.49031669E-002  0.57197797E-001  0.10134777E+001  0.41048463E+002
  0.49032787E-002  0.57194769E-001  0.10134527E+001  0.41048502E+002
  0.49033851E-002  0.57191850E-001  0.10134281E+001  0.41048535E+002
  0.49034860E-002  0.57189028E-001  0.10134039E+001  0.41048562E+002
  0.49035809E-002  0.57186290E-001  0.10133799E+001  0.41048583E+002
  0.49036695E-002  0.57183620E-001  0.10133560E+001  0.41048598E+002
  0.49037518E-002  0.57181003E-001  0.10133320E+001  0.41048608E+002
  0.49038276E-002  0.57178427E-001  0.10133079E+001  0.41048611E+002
  0.49038970E-002  0.57175878E-001  0.10132835E+001  0.41048609E+002
  0.49039602E-002  0.57173345E-001  0.10132589E+001  0.41048601E+002
  0.49040175E-002  0.57170820E-001  0.10132339E+001  0.41048587E+002
  0.49040692E-002  0.57168295E-001  0.10132086E+001  0.41048567E+002
  0.49041156E-002  0.57165766E-001  0.10131828E+001  0.41048542E+002
  0.49041571E-002  0.57163230E-001  0.10131567E+001  0.41048510E+002
  0.49041941E-002  0.57160686E-001  0.10131303E+001  0.41048473E+002
  0.49042270E-002  0.57158135E-001  0.10131034E+001  0.41048431E+002
  0.49042560E-002  0.57155580E-001  0.10130762E+001  0.41048383E+002
  0.49042815E-002  0.57153023E-001  0.10130487E+001  0.41048330E+002
  0.49043037E-002  0.57150469E-001  0.10130209E+001  0.41048271E+002
  0.49043229E-002  0.57147923E-001  0.10129929E+001  0.41048207E+002
  0.49043392E-002  0.57145391E-001  0.10129647E+001  0.41048139E+002
  0.49043529E-002  0.57142879E-001  0.10129364E+001  0.41048066E+002
  0.49043642E-002  0.57140393E-001  0.10129080E+001  0.41047988E+002
  0.49043731E-002  0.57137940E-001  0.10128797E+001  0.41047906E+002
  0.49043799E-002  0.57135527E-001  0.10128514E+001  0.41047821E+002
  0.49043848E-002  0.57133160E-001  0.10128232E+001  0.41047732E+002
  0.49043879E-002  0.57130848E-001  0.10127952E+001  0.41047640E+002
  0.49043893E-002  0.57128595E-001  0.10127675E+001  0.41047545E+002
  0.49043893E-002  0.57126410E-001  0.10127401E+001  0.41047447E+002
  0.49043880E-002  0.57124298E-001  0.10127131E+001  0.41047348E+002
  0.49043857E-002  0.57122265E-001  0.10126866E+001  0.41047247E+002
  0.49043825E-002  0.57120316E-001  0.10126606E+001  0.41047144E+002
  0.49043786E-002  0.57118456E-001  0.10126351E+001  0.41047041E+002
  0.49043743E-002  0.57116690E-001  0.10126103E+001  0.41046938E+002
  0.49043698E-002  0.57115021E-001  0.10125862E+001  0.41046834E+002
  0.49043652E-002  0.57113452E-001  0.10125628E+001  0.41046731E+002
  0.49043606E-002  0.57111986E-001  0.10125402E+001  0.41046628E+002
  0.49043563E-002  0.57110626E-001  0.10125184E+001  0.41046527E+002
  0.49043524E-002  0.57109372E-001  0.10124975E+001  0.41046427E+002
  0.49043491E-002  0.57108224E-001  0.10124774E+001  0.41046329E+002
  0.49043464E-002  0.57107184E-001  0.10124581E+001  0.41046233E+002
  0.49043445E-002  0.57106249E-001  0.10124398E+001  0.41046140E+002
  0.49043436E-002  0.57105418E-001  0.10124224E+001  0.41046049E+002
  0.49043437E-002  0.57104690E-001  0.10124059E+001  0.41045961E+002
  0.49043448E-002  0.57104062E-001  0.10123904E+001  0.41045876E+002
  0.49043469E-002  0.57103532E-001  0.10123757E+001  0.41045794E+002
  0.49043501E-002  0.57103095E-001  0.10123620E+001  0.41045716E+002
  0.49043544E-002  0.57102748E-001  0.10123492E+001  0.41045641E+002
  0.49043597E-002  0.57102486E-001  0.10123372E+001  0.41045570E+002
  0.49043662E-002  0.57102306E-001  0.10123261E+001  0.41045502E+002
  0.49043736E-002  0.57102202E-001  0.10123159E+001  0.41045438E+002
  0.49043819E-002  0.57102169E-001  0.10123065E+001  0.41045377E+002
  0.49043912E-002  0.57102202E-001  0.10122978E+001  0.41045320E+002
  0.49044012E-002  0.57102297E-001  0.10122900E+001  0.41045267E+002
  0.49044119E-002  0.57102447E-001  0.10122829E+001  0.41045217E+002
  0.49044233E-002  0.57102648E-001  0.10122765E+001  0.41045170E+002
  0.49044352E-002  0.57102894E-001  0.10122708E+001  0.41045127E+002
  0.49044475E-002  0.57103180E-001  0.10122657E+001  0.41045087E+002
  0.49044602E-002  0.57103501E-001  0.10122613E+001  0.41045049E+002
  0.49044730E-002  0.57103853E-001  0.10122574E+001  0.41045015E+002
  0.49044860E-002  0.57104230E-001  0.10122541E+001  0.41044984E+002
  0.49044991E-002  0.57104629E-001  0.10122513E+001  0.41044955E+002
  0.49045121E-002  0.57105045E-001  0.10122490E+001  0.41044929E+002
  0.49045250E-002  0.57105474E-001  0.10122471E+001  0.41044905E+002
  0.49045376E-002  0.57105913E-001  0.10122457E+001  0.41044883E+002
  0.49045500E-002  0.57106358E-001  0.10122447E+001  0.41044864E+002
  0.49045620E-002  0.57106806E-001  0.10122440E+001  0.41044846E+002
  0.49045736E-002  0.57107255E-001  0.10122437E+001  0.41044830E+002
  0.49045847E-002  0.57107701E-001  0.10122437E+001  0.41044816E+002
  0.49045953E-002  0.57108143E-001  0.10122440E+001  0.41044803E+002
  0.49046054E-002  0.57108578E-001  0.10122445E+001  0.41044792E+002
  0.49046149E-002  0.57109004E-001  0.10122453E+001  0.41044782E+002
  0.49046239E-002  0.57109421E-001  0.10122463E+001  0.41044773E+002
  0.49046322E-002  0.57109827E-001  0.10122474E+001  0.41044765E+002
  0.49046400E-002  0.57110221E-001  0.10122488E+001  0.41044758E+002
  0.49046471E-002  0.57110601E-001  0.10122503E+001  0.41044752E+002
  0.49046537E-002  0.57110968E-001  0.10122519E+001  0.41044747E+002
  0.49046597E-002  0.57111320E-001  0.10122536E+001  0.41044742E+002
  0.49046651E-002  0.57111658E-001  0.10122554E+001  0.41044738E+002
  0.49046700E-002  0.57111981E-001  0.10122572E+001  0.41044734E+002
  0.49046743E-002  0.57112288E-001  0.10122592E+001  0.41044731E+002
  0.49046782E-002  0.57112581E-001  0.10122612E+001  0.41044728E+002
  0.49046816E-002  0.57112859E-001  0.10122632E+001  0.41044725E+002
  0.49046845E-002  0.57113122E-001  0.10122652E+001  0.41044722E+002
  0.49046871E-002  0.57113371E-001  0.10122672E+001  0.41044720E+002
  0.49046893E-002  0.57113605E-001  0.10122692E+001  0.41044717E+002
  0.49046911E-002  0.57113826E-001  0.10122713E+001  0.41044715E+002
  0.49046926E-002  0.57114033E-001  0.10122732E+001  0.41044713E+002
  0.49046938E-002  0.57114228E-001  0.10122752E+001  0.41044710E+002
  0.49046947E-002  0.57114410E-001  0.10122771E+001  0.41044707E+002
  0.49046954E-002  0.57114580E-001  0.10122790E+001  0.41044705E+002
  0.49046960E-002  0.57114738E-001  0.10122808E+001  0.41044702E+002
  0.49046963E-002  0.57114886E-001  0.10122826E+001  0.41044698E+002
  0.49046964E-002  0.57115023E-001  0.10122843E+001  0.41044695E+002
  0.49046965E-002  0.57115151E-001  0.10122860E+001  0.41044691E+002
  0.49046964E-002  0.57115269E-001  0.10122876E+001  0.41044687E+002
  0.49046962E-002  0.57115378E-001  0.10122891E+001  0.41044682E+002
  0.49046959E-002  0.57115479E-001  0.10122905E+001  0.41044678E+002
  0.49046955E-002  0.57115571E-001  0.10122919E+001  0.41044672E+002
  0.49046951E-002  0.57115657E-001  0.10122933E+001  0.41044667E+002
  0.49046947E-002  0.57115735E-001  0.10122945E+001  0.41044660E+002
  0.49046942E-002  0.57115807E-001  0.10122957E+001  0.41044654E+002
  0.49046937E-002  0.57115873E-001  0.10122969E+001  0.41044647E+002
  0.49046932E-002  0.57115933E-001  0.10122979E+001  0.41044639E+002
  0.49046926E-002  0.57115988E-001  0.10122989E+001  0.41044631E+002
  0.49046921E-002  0.57116038E-001  0.10122999E+001  0.41044623E+002
  0.49046915E-002  0.57116083E-001  0.10123008E+001  0.41044614E+002
  0.49046910E-002  0.57116125E-001  0.10123016E+001  0.41044604E+002
  0.49046905E-002  0.57116162E-001  0.10123024E+001  0.41044594E+002
  0.49046900E-002  0.57116196E-001  0.10123031E+001  0.41044584E+002
  0.49046895E-002  0.57116226E-001  0.10123037E+001  0.41044573E+002
  0.49046891E-002  0.57116254E-001  0.10123044E+001  0.41044562E+002
  0.49046886E-002  0.57116278E-001  0.10123049E+001  0.41044550E+002
  0.49046882E-002  0.57116301E-001  0.10123055E+001  0.41044538E+002
  0.49046878E-002  0.57116321E-001  0.10123060E+001  0.41044525E+002
  0.49046874E-002  0.57116338E-001  0.10123064E+001  0.41044512E+002
  0.49046870E-002  0.57116354E-001  0.10123069E+001  0.41044498E+002
  0.49046867E-002  0.57116369E-001  0.10123072E+001  0.41044485E+002
  0.49046864E-002  0.57116382E-001  0.10123076E+001  0.41044471E+002
  0.49046861E-002  0.57116393E-001  0.10123079E+001  0.41044456E+002
  0.49046858E-002  0.57116404E-001  0.10123082E+001  0.41044441E+002
  0.49046856E-002  0.57116413E-001  0.10123085E+001  0.41044426E+002
  0.49046853E-002  0.57116421E-001  0.10123088E+001  0.41044411E+002
  0.49046851E-002  0.57116429E-001  0.10123090E+001  0.41044396E+002
  0.49046849E-002  0.57116436E-001  0.10123092E+001  0.41044380E+002
  0.49046847E-002  0.57116442E-001  0.10123094E+001  0.41044364E+002
  0.49046845E-002  0.57116448E-001  0.10123096E+001  0.41044348E+002
  0.49046844E-002  0.57116453E-001  0.10123098E+001  0.41044332E+002
  0.49046842E-002  0.57116458E-001  0.10123099E+001  0.41044315E+002
  0.49046841E-002  0.57116462E-001  0.10123101E+001  0.41044299E+002
  0.49046840E-002  0.57116467E-001  0.10123102E+001  0.41044282E+002
  0.49046839E-002  0.57116471E-001  0.10123104E+001  0.41044266E+002
  0.49046838E-002  0.57116475E-001  0.10123105E+001  0.41044249E+002
  0.49046837E-002  0.57116478E-001  0.10123106E+001  0.41044233E+002
  0.49046836E-002  0.57116482E-001  0.10123107E+001  0.41044216E+002
  0.49046835E-002  0.57116485E-001  0.10123108E+001  0.41044200E+002
  0.49046834E-002  0.57116488E-001  0.10123109E+001  0.41044183E+002
  0.49046833E-002  0.57116492E-001  0.10123110E+001  0.41044167E+002
  0.49046833E-002  0.57116495E-001  0.10123111E+001  0.41044150E+002
  0.49046832E-002  0.57116498E-001  0.10123111E+001  0.41044134E+002
  0.49046832E-002  0.57116500E-001  0.10123112E+001  0.41044118E+002
  0.49046831E-002  0.57116503E-001  0.10123113E+001  0.41044102E+002
  0.49046831E-002  0.57116505E-001  0.10123114E+001  0.41044087E+002
  0.49046831E-002  0.57116508E-001  0.10123114E+001  0.41044071E+002
  0.49046831E-002  0.57116510E-001  0.10123115E+001  0.41044056E+002
  0.49046831E-002  0.57116513E-001  0.10123115E+001  0.41044040E+002
  0.49046833E-002  0.57116515E-001  0.10123116E+001  0.41044025E+002
  0.49046834E-002  0.57116517E-001  0.10123116E+001  0.41044010E+002
  0.49046837E-002  0.57116520E-001  0.10123117E+001  0.41043996E+002
  0.49046841E-002  0.57116523E-001  0.10123117E+001  0.41043982E+002
  0.49046849E-002  0.57116528E-001  0.10123118E+001  0.41043968E+002
  0.49046846E-002  0.57116542E-001  0.10123120E+001  0.41043954E+002
