  0.66089960E-001
  0.66075458E-001
  0.66088714E-001
  0.66095349E-001
  0.66100649E-001
  0.66104968E-001
  0.66108587E-001
  0.66111669E-001
  0.66114317E-001
  0.66116595E-001
  0.66118560E-001
  0.66120260E-001
  0.66121735E-001
  0.66123019E-001
  0.66124142E-001
  0.66125130E-001
  0.66126004E-001
  0.66126783E-001
  0.66127481E-001
  0.66128112E-001
  0.66128687E-001
  0.66129215E-001
  0.66129703E-001
  0.66130160E-001
  0.66130589E-001
  0.66130998E-001
  0.66131389E-001
  0.66131768E-001
  0.66132136E-001
  0.66132497E-001
  0.66132852E-001
  0.66133204E-001
  0.66133553E-001
  0.66133901E-001
  0.66134248E-001
  0.66134595E-001
  0.66134941E-001
  0.66135287E-001
  0.66135633E-001
  0.66135977E-001
  0.66136320E-001
  0.66136659E-001
  0.66136995E-001
  0.66137326E-001
  0.66137651E-001
  0.66137968E-001
  0.66138277E-001
  0.66138577E-001
  0.66138865E-001
  0.66139141E-001
  0.66139403E-001
  0.66139651E-001
  0.66139883E-001
  0.66140099E-001
  0.66140297E-001
  0.66140477E-001
  0.66140639E-001
  0.66140782E-001
  0.66140906E-001
  0.66141010E-001
  0.66141094E-001
  0.66141158E-001
  0.66141203E-001
  0.66141227E-001
  0.66141233E-001
  0.66141218E-001
  0.66141185E-001
  0.66141133E-001
  0.66141062E-001
  0.66140974E-001
  0.66140868E-001
  0.66140746E-001
  0.66140608E-001
  0.66140455E-001
  0.66140287E-001
  0.66140107E-001
  0.66139914E-001
  0.66139710E-001
  0.66139497E-001
  0.66139274E-001
  0.66139045E-001
  0.66138808E-001
  0.66138567E-001
  0.66138322E-001
  0.66138075E-001
  0.66137826E-001
  0.66137577E-001
  0.66137329E-001
  0.66137083E-001
  0.66136841E-001
  0.66136602E-001
  0.66136369E-001
  0.66136141E-001
  0.66135919E-001
  0.66135705E-001
  0.66135498E-001
  0.66135300E-001
  0.66135109E-001
  0.66134928E-001
  0.66134756E-001
  0.66134592E-001
  0.66134438E-001
  0.66134293E-001
  0.66134157E-001
  0.66134030E-001
  0.66133912E-001
  0.66133802E-001
  0.66133700E-001
  0.66133607E-001
  0.66133521E-001
  0.66133442E-001
  0.66133371E-001
  0.66133306E-001
  0.66133247E-001
  0.66133194E-001
  0.66133147E-001
  0.66133105E-001
  0.66133067E-001
  0.66133034E-001
  0.66133005E-001
  0.66132979E-001
  0.66132958E-001
  0.66132939E-001
  0.66132923E-001
  0.66132909E-001
  0.66132898E-001
  0.66132889E-001
  0.66132882E-001
  0.66132876E-001
  0.66132872E-001
  0.66132869E-001
  0.66132867E-001
  0.66132866E-001
  0.66132866E-001
  0.66132866E-001
  0.66132867E-001
  0.66132868E-001
  0.66132869E-001
  0.66132870E-001
  0.66132871E-001
  0.66132872E-001
  0.66132873E-001
  0.66132873E-001
  0.66132874E-001
  0.66132873E-001
  0.66132872E-001
  0.66132871E-001
  0.66132869E-001
  0.66132866E-001
  0.66132862E-001
  0.66132858E-001
  0.66132853E-001
  0.66132847E-001
  0.66132840E-001
  0.66132833E-001
  0.66132824E-001
  0.66132815E-001
  0.66132804E-001
  0.66132793E-001
  0.66132781E-001
  0.66132768E-001
  0.66132754E-001
  0.66132740E-001
  0.66132724E-001
  0.66132708E-001
  0.66132691E-001
  0.66132673E-001
  0.66132654E-001
  0.66132635E-001
  0.66132615E-001
  0.66132595E-001
  0.66132574E-001
  0.66132552E-001
  0.66132530E-001
  0.66132507E-001
  0.66132484E-001
  0.66132460E-001
  0.66132437E-001
  0.66132412E-001
  0.66132388E-001
  0.66132363E-001
  0.66132339E-001
  0.66132314E-001
  0.66132289E-001
  0.66132264E-001
  0.66132239E-001
  0.66132213E-001
  0.66132188E-001
  0.66132163E-001
  0.66132139E-001
  0.66132114E-001
  0.66132089E-001
  0.66132065E-001
  0.66132041E-001
  0.66132017E-001
  0.66131993E-001
  0.66131969E-001
  0.66131945E-001
  0.66131922E-001
  0.66131900E-001
