  0.63454855E+000  0.10914958E+000  0.16019922E+000  0.78009897E+000
  0.63243683E+000  0.11189794E+000  0.16010065E+000  0.78198912E+000
  0.63242339E+000  0.11228952E+000  0.16026832E+000  0.78293839E+000
  0.63137048E+000  0.11373694E+000  0.16039861E+000  0.78357835E+000
  0.63170204E+000  0.11379919E+000  0.16050563E+000  0.78395719E+000
  0.63205007E+000  0.11381209E+000  0.16059608E+000  0.78416146E+000
  0.63236405E+000  0.11383179E+000  0.16100682E+000  0.78389204E+000
  0.63263609E+000  0.11384610E+000  0.16111914E+000  0.78382055E+000
  0.63286589E+000  0.11384887E+000  0.16121976E+000  0.78369336E+000
  0.63305201E+000  0.11340662E+000  0.16168627E+000  0.78358983E+000
  0.63319755E+000  0.11340839E+000  0.16173804E+000  0.78341670E+000
  0.63330329E+000  0.11340691E+000  0.16174269E+000  0.78326789E+000
  0.63337706E+000  0.11340429E+000  0.16177073E+000  0.78307547E+000
  0.63342038E+000  0.11339997E+000  0.16175923E+000  0.78291192E+000
  0.63343667E+000  0.11338886E+000  0.16175054E+000  0.78274499E+000
  0.63342923E+000  0.11338195E+000  0.16176096E+000  0.78255113E+000
  0.63340119E+000  0.11337519E+000  0.16174034E+000  0.78238724E+000
  0.63335535E+000  0.11336797E+000  0.16171761E+000  0.78222703E+000
  0.63329426E+000  0.11336032E+000  0.16169335E+000  0.78207132E+000
  0.63322018E+000  0.11335255E+000  0.16169163E+000  0.78189676E+000
  0.63313512E+000  0.11334462E+000  0.16166512E+000  0.78175144E+000
  0.63304088E+000  0.11333659E+000  0.16163795E+000  0.78161163E+000
  0.63293908E+000  0.11332850E+000  0.16161035E+000  0.78147737E+000
  0.63283112E+000  0.11332035E+000  0.16158248E+000  0.78134859E+000
  0.63271829E+000  0.11331216E+000  0.16155448E+000  0.78122521E+000
  0.63260173E+000  0.11330354E+000  0.16152685E+000  0.78110713E+000
  0.63248248E+000  0.11329523E+000  0.16149892E+000  0.78099424E+000
  0.63236147E+000  0.11328684E+000  0.16147116E+000  0.78088637E+000
  0.63223959E+000  0.11327834E+000  0.16144364E+000  0.78078339E+000
  0.63211763E+000  0.11326971E+000  0.16141643E+000  0.78068515E+000
  0.63199633E+000  0.11326092E+000  0.16183111E+000  0.78014997E+000
  0.63187639E+000  0.11325195E+000  0.16180469E+000  0.78006076E+000
  0.63175843E+000  0.11324279E+000  0.16177874E+000  0.77997586E+000
  0.63164305E+000  0.11323340E+000  0.16175334E+000  0.77989513E+000
  0.63153078E+000  0.11322381E+000  0.16172850E+000  0.77981846E+000
  0.63142211E+000  0.11321402E+000  0.16170429E+000  0.77974571E+000
  0.63131748E+000  0.11320404E+000  0.16168078E+000  0.77967678E+000
  0.63121727E+000  0.11319391E+000  0.16165801E+000  0.77961156E+000
  0.63112180E+000  0.11318366E+000  0.16163604E+000  0.77954994E+000
  0.63103133E+000  0.11317335E+000  0.16163600E+000  0.77947076E+000
  0.63094607E+000  0.11316303E+000  0.16161578E+000  0.77941607E+000
  0.63086615E+000  0.11315278E+000  0.16159650E+000  0.77936472E+000
  0.63079164E+000  0.11314266E+000  0.16157820E+000  0.77931660E+000
  0.63072255E+000  0.11313276E+000  0.16156092E+000  0.77927163E+000
  0.63065882E+000  0.11312315E+000  0.16154466E+000  0.77922972E+000
  0.63060033E+000  0.11311389E+000  0.16152946E+000  0.77919078E+000
  0.63054692E+000  0.11310505E+000  0.16151531E+000  0.77915471E+000
  0.63049839E+000  0.11309668E+000  0.16150220E+000  0.77912141E+000
  0.63045447E+000  0.11308883E+000  0.16149011E+000  0.77909079E+000
  0.63041491E+000  0.11308152E+000  0.16147901E+000  0.77906272E+000
  0.63037939E+000  0.11307478E+000  0.16146886E+000  0.77903711E+000
  0.63034762E+000  0.11306860E+000  0.16145961E+000  0.77901382E+000
  0.63031930E+000  0.11306297E+000  0.16145123E+000  0.77899273E+000
  0.63029413E+000  0.11305789E+000  0.16144363E+000  0.77897372E+000
  0.63027181E+000  0.11305332E+000  0.16143678E+000  0.77895665E+000
  0.63025209E+000  0.11304924E+000  0.16143061E+000  0.77894141E+000
  0.63023472E+000  0.11304560E+000  0.16142507E+000  0.77892786E+000
  0.63021949E+000  0.11304238E+000  0.16142009E+000  0.77891589E+000
  0.63020619E+000  0.11303952E+000  0.16141564E+000  0.77890540E+000
  0.63019465E+000  0.11303701E+000  0.16141166E+000  0.77889626E+000
  0.63018473E+000  0.11303479E+000  0.16140812E+000  0.77888840E+000
  0.63017630E+000  0.11303285E+000  0.16140498E+000  0.77888173E+000
  0.63016926E+000  0.11303115E+000  0.16140222E+000  0.77887617E+000
  0.63016351E+000  0.11302967E+000  0.16139979E+000  0.77887166E+000
  0.63015896E+000  0.11302839E+000  0.16139770E+000  0.77886813E+000
  0.63015556E+000  0.11302729E+000  0.16139591E+000  0.77886554E+000
  0.63015325E+000  0.11302636E+000  0.16139441E+000  0.77886384E+000
  0.63015196E+000  0.11302558E+000  0.16139318E+000  0.77886299E+000
  0.63015165E+000  0.11302494E+000  0.16139222E+000  0.77886294E+000
  0.63015228E+000  0.11302443E+000  0.16139152E+000  0.77886365E+000
  0.63015379E+000  0.11302443E+000  0.16139068E+000  0.77886510E+000
  0.63015614E+000  0.11302416E+000  0.16139045E+000  0.77886723E+000
  0.63015928E+000  0.11302400E+000  0.16139045E+000  0.77887001E+000
  0.63016318E+000  0.11302395E+000  0.16139066E+000  0.77887340E+000
  0.63016778E+000  0.11302400E+000  0.16139108E+000  0.77887736E+000
  0.63017302E+000  0.11302413E+000  0.16139169E+000  0.77888185E+000
  0.63017888E+000  0.11302435E+000  0.16139248E+000  0.77888682E+000
  0.63018528E+000  0.11302466E+000  0.16139345E+000  0.77889223E+000
  0.63019218E+000  0.11302503E+000  0.16139456E+000  0.77889804E+000
  0.63019952E+000  0.11302548E+000  0.16137475E+000  0.77892526E+000
  0.63020724E+000  0.11302598E+000  0.16137614E+000  0.77893170E+000
  0.63021530E+000  0.11302654E+000  0.16137765E+000  0.77893840E+000
  0.63022362E+000  0.11302716E+000  0.16137925E+000  0.77894529E+000
  0.63023217E+000  0.11302781E+000  0.16138094E+000  0.77895233E+000
  0.63024088E+000  0.11302860E+000  0.16138260E+000  0.77895949E+000
  0.63024970E+000  0.11302933E+000  0.16138441E+000  0.77896671E+000
  0.63025858E+000  0.11303009E+000  0.16138625E+000  0.77897395E+000
  0.63026747E+000  0.11303087E+000  0.16138812E+000  0.77898117E+000
  0.63027633E+000  0.11303166E+000  0.16139000E+000  0.77898833E+000
  0.63028510E+000  0.11303246E+000  0.16139188E+000  0.77899539E+000
  0.63029375E+000  0.11303327E+000  0.16139375E+000  0.77900233E+000
  0.63030222E+000  0.11303407E+000  0.16139559E+000  0.77900910E+000
  0.63031051E+000  0.11303488E+000  0.16139738E+000  0.77901568E+000
  0.63031856E+000  0.11303567E+000  0.16139914E+000  0.77902206E+000
  0.63032635E+000  0.11303646E+000  0.16140083E+000  0.77902821E+000
  0.63033387E+000  0.11303723E+000  0.16140247E+000  0.77903412E+000
  0.63034108E+000  0.11303798E+000  0.16140403E+000  0.77903976E+000
  0.63034798E+000  0.11303870E+000  0.16140552E+000  0.77904513E+000
  0.63035455E+000  0.11303941E+000  0.16140693E+000  0.77905023E+000
  0.63036077E+000  0.11304009E+000  0.16140826E+000  0.77905503E+000
  0.63036666E+000  0.11304074E+000  0.16140951E+000  0.77905956E+000
  0.63037219E+000  0.11304137E+000  0.16141067E+000  0.77906379E+000
  0.63037737E+000  0.11304196E+000  0.16141175E+000  0.77906775E+000
  0.63038221E+000  0.11304252E+000  0.16141275E+000  0.77907142E+000
  0.63038670E+000  0.11304305E+000  0.16141367E+000  0.77907482E+000
  0.63039086E+000  0.11304356E+000  0.16141451E+000  0.77907796E+000
  0.63039470E+000  0.11304403E+000  0.16141528E+000  0.77908084E+000
  0.63039822E+000  0.11304447E+000  0.16141597E+000  0.77908348E+000
  0.63040144E+000  0.11304488E+000  0.16141659E+000  0.77908588E+000
  0.63040437E+000  0.11304526E+000  0.16141716E+000  0.77908807E+000
  0.63040703E+000  0.11304562E+000  0.16141766E+000  0.77909004E+000
  0.63040943E+000  0.11304595E+000  0.16141810E+000  0.77909182E+000
  0.63041158E+000  0.11304625E+000  0.16141850E+000  0.77909341E+000
  0.63041351E+000  0.11304653E+000  0.16141884E+000  0.77909484E+000
  0.63041522E+000  0.11304679E+000  0.16141915E+000  0.77909611E+000
  0.63041673E+000  0.11304703E+000  0.16097825E+000  0.77953839E+000
  0.63041806E+000  0.11304725E+000  0.16097848E+000  0.77953938E+000
  0.63041923E+000  0.11304745E+000  0.16097868E+000  0.77954025E+000
  0.63042023E+000  0.11304763E+000  0.16097885E+000  0.77954101E+000
  0.63042110E+000  0.11304780E+000  0.16097899E+000  0.77954167E+000
  0.63042184E+000  0.11304796E+000  0.16097911E+000  0.77954224E+000
  0.63042246E+000  0.11304810E+000  0.16097922E+000  0.77954273E+000
  0.63042298E+000  0.11304824E+000  0.16097931E+000  0.77954315E+000
  0.63042340E+000  0.11304836E+000  0.16097938E+000  0.77954351E+000
  0.63042375E+000  0.11304847E+000  0.16097944E+000  0.77954381E+000
  0.63042401E+000  0.11304858E+000  0.16097950E+000  0.77954406E+000
  0.63042422E+000  0.11304868E+000  0.16097954E+000  0.77954427E+000
  0.63042436E+000  0.11304877E+000  0.16097958E+000  0.77954444E+000
  0.63042446E+000  0.11304886E+000  0.16097961E+000  0.77954458E+000
  0.63042451E+000  0.11304894E+000  0.16097963E+000  0.77954468E+000
  0.63042452E+000  0.11304902E+000  0.16097965E+000  0.77954477E+000
  0.63042450E+000  0.11304909E+000  0.16097967E+000  0.77954483E+000
  0.63042446E+000  0.11304916E+000  0.16097969E+000  0.77954488E+000
  0.63042439E+000  0.11304922E+000  0.16097970E+000  0.77954491E+000
  0.63042430E+000  0.11304928E+000  0.16097972E+000  0.77954493E+000
  0.63042419E+000  0.11304934E+000  0.16097973E+000  0.77954494E+000
  0.63042407E+000  0.11304939E+000  0.16097974E+000  0.77954494E+000
  0.63042394E+000  0.11304944E+000  0.16097975E+000  0.77954493E+000
  0.63042381E+000  0.11304949E+000  0.16097976E+000  0.77954492E+000
  0.63042367E+000  0.11304953E+000  0.16097977E+000  0.77954490E+000
  0.63042352E+000  0.11304958E+000  0.16097978E+000  0.77954488E+000
  0.63042337E+000  0.11304962E+000  0.16097978E+000  0.77954486E+000
  0.63042322E+000  0.11304965E+000  0.16097979E+000  0.77954483E+000
  0.63042307E+000  0.11304969E+000  0.16097980E+000  0.77954480E+000
  0.63042292E+000  0.11304972E+000  0.16097981E+000  0.77954477E+000
  0.63042278E+000  0.11304975E+000  0.16097982E+000  0.77954475E+000
  0.63042263E+000  0.11304978E+000  0.16097983E+000  0.77954472E+000
  0.63042249E+000  0.11304981E+000  0.16097984E+000  0.77954469E+000
  0.63042236E+000  0.11304983E+000  0.16097984E+000  0.77954466E+000
  0.63042223E+000  0.11304985E+000  0.16097985E+000  0.77954463E+000
  0.63042210E+000  0.11304987E+000  0.16097986E+000  0.77954461E+000
  0.63042198E+000  0.11304989E+000  0.16097987E+000  0.77954458E+000
  0.63042186E+000  0.11304991E+000  0.16097988E+000  0.77954456E+000
  0.63042176E+000  0.11304992E+000  0.16097988E+000  0.77954454E+000
  0.63042165E+000  0.11304994E+000  0.16097989E+000  0.77954452E+000
  0.63042155E+000  0.11304995E+000  0.16097990E+000  0.77954450E+000
  0.63042146E+000  0.11304996E+000  0.16097991E+000  0.77954448E+000
  0.63042137E+000  0.11304997E+000  0.16097991E+000  0.77954447E+000
  0.63042129E+000  0.11304998E+000  0.16097992E+000  0.77954445E+000
  0.63042122E+000  0.11304999E+000  0.16097993E+000  0.77954444E+000
  0.63042115E+000  0.11304999E+000  0.16097993E+000  0.77954443E+000
  0.63042109E+000  0.11305000E+000  0.16097994E+000  0.77954442E+000
  0.63042103E+000  0.11305000E+000  0.16097995E+000  0.77954442E+000
  0.63042097E+000  0.11305001E+000  0.16097996E+000  0.77954441E+000
  0.63042093E+000  0.11305001E+000  0.16097996E+000  0.77954441E+000
  0.63042088E+000  0.11305002E+000  0.16097997E+000  0.77954441E+000
  0.63042084E+000  0.11305002E+000  0.16097998E+000  0.77954441E+000
  0.63042081E+000  0.11305002E+000  0.16097998E+000  0.77954441E+000
  0.63042078E+000  0.11305003E+000  0.16097999E+000  0.77954441E+000
  0.63042075E+000  0.11305003E+000  0.16098000E+000  0.77954442E+000
  0.63042073E+000  0.11305003E+000  0.16098000E+000  0.77954442E+000
  0.63042071E+000  0.11305003E+000  0.16098001E+000  0.77954443E+000
  0.63042070E+000  0.11305004E+000  0.16098001E+000  0.77954444E+000
  0.63042068E+000  0.11305004E+000  0.16098002E+000  0.77954445E+000
  0.63042067E+000  0.11305004E+000  0.16098003E+000  0.77954446E+000
  0.63042067E+000  0.11305004E+000  0.16098003E+000  0.77954447E+000
  0.63042066E+000  0.11305004E+000  0.16098004E+000  0.77954449E+000
  0.63042066E+000  0.11305004E+000  0.16098005E+000  0.77954450E+000
  0.63042066E+000  0.11305005E+000  0.16098005E+000  0.77954451E+000
  0.63042067E+000  0.11305005E+000  0.16098006E+000  0.77954453E+000
  0.63042067E+000  0.11305005E+000  0.16098007E+000  0.77954455E+000
  0.63042068E+000  0.11305005E+000  0.16098007E+000  0.77954456E+000
  0.63042068E+000  0.11305005E+000  0.16098008E+000  0.77954458E+000
  0.63042069E+000  0.11305005E+000  0.16098009E+000  0.77954460E+000
  0.63042070E+000  0.11305005E+000  0.16098009E+000  0.77954461E+000
  0.63042071E+000  0.11305006E+000  0.16098010E+000  0.77954463E+000
  0.63042073E+000  0.11305006E+000  0.16098011E+000  0.77954465E+000
  0.63042074E+000  0.11305006E+000  0.16098011E+000  0.77954467E+000
  0.63042075E+000  0.11305006E+000  0.16098012E+000  0.77954468E+000
  0.63042076E+000  0.11305006E+000  0.16098012E+000  0.77954470E+000
  0.63042078E+000  0.11305006E+000  0.16098013E+000  0.77954472E+000
  0.63042079E+000  0.11305006E+000  0.16098013E+000  0.77954473E+000
  0.63042080E+000  0.11305006E+000  0.16098014E+000  0.77954474E+000
  0.63042081E+000  0.11305006E+000  0.16098014E+000  0.77954475E+000
  0.63042081E+000  0.11305006E+000  0.16098014E+000  0.77954476E+000
  0.63042082E+000  0.11305006E+000  0.16098015E+000  0.77954476E+000
  0.63042081E+000  0.11305006E+000  0.16098014E+000  0.77954476E+000
  0.63042081E+000  0.11305006E+000  0.16098014E+000  0.77954475E+000
  0.63042081E+000  0.11305005E+000  0.16098014E+000  0.77954475E+000
  0.63042085E+000  0.11305006E+000  0.16098015E+000  0.77954485E+000
