 -0.51982404E-001  0.47365254E-002  0.44192679E+000  0.12893155E+001
 -0.51796272E-001  0.47975203E-002  0.44241477E+000  0.12910086E+001
 -0.51700961E-001  0.48065095E-002  0.44259701E+000  0.12922171E+001
 -0.51639680E-001  0.48086229E-002  0.44271247E+000  0.12932030E+001
 -0.51604443E-001  0.48058655E-002  0.44278225E+000  0.12939804E+001
 -0.51587595E-001  0.48011159E-002  0.44282455E+000  0.12945817E+001
 -0.51583941E-001  0.47961288E-002  0.44284753E+000  0.12950350E+001
 -0.51589727E-001  0.47912930E-002  0.44285565E+000  0.12953647E+001
 -0.51602137E-001  0.47867233E-002  0.44285215E+000  0.12955912E+001
 -0.51619025E-001  0.47824562E-002  0.44283979E+000  0.12957316E+001
 -0.51638759E-001  0.47784934E-002  0.44282091E+000  0.12958001E+001
 -0.51660116E-001  0.47748225E-002  0.44279746E+000  0.12958087E+001
 -0.51682176E-001  0.47714227E-002  0.44277109E+000  0.12957673E+001
 -0.51704254E-001  0.47682773E-002  0.44274316E+000  0.12956844E+001
 -0.51725859E-001  0.47653680E-002  0.44271471E+000  0.12955669E+001
 -0.51746650E-001  0.47626777E-002  0.44268648E+000  0.12954208E+001
 -0.51766401E-001  0.47601922E-002  0.44265900E+000  0.12952512E+001
 -0.51784965E-001  0.47579022E-002  0.44263263E+000  0.12950625E+001
 -0.51802265E-001  0.47557998E-002  0.44260757E+000  0.12948582E+001
 -0.51818270E-001  0.47538785E-002  0.44258390E+000  0.12946417E+001
 -0.51832981E-001  0.47521338E-002  0.44256163E+000  0.12944156E+001
 -0.51846432E-001  0.47505617E-002  0.44254069E+000  0.12941823E+001
 -0.51858670E-001  0.47491580E-002  0.44252093E+000  0.12939439E+001
 -0.51869759E-001  0.47479129E-002  0.44250218E+000  0.12937023E+001
 -0.51879767E-001  0.47468197E-002  0.44248423E+000  0.12934589E+001
 -0.51888768E-001  0.47458704E-002  0.44246687E+000  0.12932153E+001
 -0.51896840E-001  0.47450567E-002  0.44244989E+000  0.12929728E+001
 -0.51904061E-001  0.47443670E-002  0.44243305E+000  0.12927326E+001
 -0.51910508E-001  0.47437905E-002  0.44241613E+000  0.12924956E+001
 -0.51916254E-001  0.47433153E-002  0.44239894E+000  0.12922630E+001
 -0.51921372E-001  0.47429275E-002  0.44238129E+000  0.12920356E+001
 -0.51925932E-001  0.47426132E-002  0.44236303E+000  0.12918141E+001
 -0.51929996E-001  0.47423587E-002  0.44234406E+000  0.12915995E+001
 -0.51933627E-001  0.47421493E-002  0.44232429E+000  0.12913922E+001
 -0.51936880E-001  0.47419717E-002  0.44230369E+000  0.12911928E+001
 -0.51939805E-001  0.47418133E-002  0.44228229E+000  0.12910019E+001
 -0.51942448E-001  0.47416629E-002  0.44226013E+000  0.12908198E+001
 -0.51944852E-001  0.47415104E-002  0.44223734E+000  0.12906468E+001
 -0.51947053E-001  0.47413479E-002  0.44221404E+000  0.12904832E+001
 -0.51949081E-001  0.47411701E-002  0.44219043E+000  0.12903290E+001
 -0.51950963E-001  0.47409732E-002  0.44216670E+000  0.12901843E+001
 -0.51952723E-001  0.47407560E-002  0.44214307E+000  0.12900491E+001
 -0.51954380E-001  0.47405191E-002  0.44211979E+000  0.12899232E+001
 -0.51955947E-001  0.47402656E-002  0.44209706E+000  0.12898065E+001
 -0.51957438E-001  0.47399987E-002  0.44207512E+000  0.12896987E+001
 -0.51958861E-001  0.47397242E-002  0.44205416E+000  0.12895995E+001
 -0.51960223E-001  0.47394470E-002  0.44203434E+000  0.12895085E+001
 -0.51961529E-001  0.47391731E-002  0.44201579E+000  0.12894253E+001
 -0.51962783E-001  0.47389077E-002  0.44199860E+000  0.12893495E+001
 -0.51963988E-001  0.47386552E-002  0.44198284E+000  0.12892807E+001
 -0.51965145E-001  0.47384194E-002  0.44196851E+000  0.12892184E+001
 -0.51966256E-001  0.47382028E-002  0.44195561E+000  0.12891622E+001
 -0.51967323E-001  0.47380068E-002  0.44194407E+000  0.12891115E+001
 -0.51968346E-001  0.47378320E-002  0.44193383E+000  0.12890661E+001
 -0.51969328E-001  0.47376776E-002  0.44192479E+000  0.12890255E+001
 -0.51970270E-001  0.47375426E-002  0.44191686E+000  0.12889893E+001
 -0.51971174E-001  0.47374255E-002  0.44190993E+000  0.12889571E+001
 -0.51972041E-001  0.47373240E-002  0.44190390E+000  0.12889287E+001
 -0.51972874E-001  0.47372364E-002  0.44189865E+000  0.12889038E+001
 -0.51973674E-001  0.47371605E-002  0.44189411E+000  0.12888821E+001
 -0.51974442E-001  0.47370946E-002  0.44189018E+000  0.12888633E+001
 -0.51975180E-001  0.47370369E-002  0.44188679E+000  0.12888473E+001
 -0.51975889E-001  0.47369863E-002  0.44188389E+000  0.12888339E+001
 -0.51976570E-001  0.47369415E-002  0.44188141E+000  0.12888229E+001
 -0.51977223E-001  0.47369017E-002  0.44187932E+000  0.12888143E+001
 -0.51977849E-001  0.47368661E-002  0.44187758E+000  0.12888078E+001
 -0.51978447E-001  0.47368344E-002  0.44187617E+000  0.12888034E+001
 -0.51979019E-001  0.47368061E-002  0.44187505E+000  0.12888009E+001
 -0.51979563E-001  0.47367811E-002  0.44187422E+000  0.12888004E+001
 -0.51980079E-001  0.47367591E-002  0.44187365E+000  0.12888016E+001
 -0.51980569E-001  0.47367401E-002  0.44187333E+000  0.12888045E+001
 -0.51981030E-001  0.47367238E-002  0.44187325E+000  0.12888091E+001
 -0.51981464E-001  0.47367103E-002  0.44187340E+000  0.12888152E+001
 -0.51981870E-001  0.47366997E-002  0.44187376E+000  0.12888227E+001
 -0.51982248E-001  0.47366916E-002  0.44187433E+000  0.12888315E+001
 -0.51982598E-001  0.47366863E-002  0.44187509E+000  0.12888416E+001
 -0.51982920E-001  0.47366835E-002  0.44187603E+000  0.12888528E+001
 -0.51983214E-001  0.47366833E-002  0.44187715E+000  0.12888651E+001
 -0.51983482E-001  0.47366855E-002  0.44187842E+000  0.12888782E+001
 -0.51983723E-001  0.47366899E-002  0.44187983E+000  0.12888923E+001
 -0.51983939E-001  0.47366964E-002  0.44188137E+000  0.12889070E+001
 -0.51984130E-001  0.47367048E-002  0.44188303E+000  0.12889223E+001
 -0.51984297E-001  0.47367147E-002  0.44188479E+000  0.12889382E+001
 -0.51984441E-001  0.47367262E-002  0.44188664E+000  0.12889544E+001
 -0.51984563E-001  0.47367389E-002  0.44188855E+000  0.12889709E+001
 -0.51984664E-001  0.47367526E-002  0.44189053E+000  0.12889876E+001
 -0.51984744E-001  0.47367672E-002  0.44189255E+000  0.12890044E+001
 -0.51984806E-001  0.47367823E-002  0.44189460E+000  0.12890211E+001
 -0.51984851E-001  0.47367977E-002  0.44189667E+000  0.12890378E+001
 -0.51984880E-001  0.47368131E-002  0.44189874E+000  0.12890542E+001
 -0.51984895E-001  0.47368282E-002  0.44190080E+000  0.12890704E+001
 -0.51984897E-001  0.47368428E-002  0.44190284E+000  0.12890863E+001
 -0.51984886E-001  0.47368568E-002  0.44190484E+000  0.12891017E+001
 -0.51984865E-001  0.47368699E-002  0.44190681E+000  0.12891167E+001
 -0.51984834E-001  0.47368820E-002  0.44190872E+000  0.12891311E+001
 -0.51984794E-001  0.47368930E-002  0.44191058E+000  0.12891451E+001
 -0.51984747E-001  0.47369027E-002  0.44191237E+000  0.12891584E+001
 -0.51984694E-001  0.47369109E-002  0.44191409E+000  0.12891711E+001
 -0.51984636E-001  0.47369175E-002  0.44191573E+000  0.12891832E+001
 -0.51984574E-001  0.47369227E-002  0.44191728E+000  0.12891946E+001
 -0.51984508E-001  0.47369262E-002  0.44191876E+000  0.12892053E+001
 -0.51984440E-001  0.47369281E-002  0.44192014E+000  0.12892154E+001
 -0.51984369E-001  0.47369284E-002  0.44192143E+000  0.12892249E+001
 -0.51984298E-001  0.47369272E-002  0.44192264E+000  0.12892337E+001
 -0.51984226E-001  0.47369244E-002  0.44192375E+000  0.12892419E+001
 -0.51984154E-001  0.47369201E-002  0.44192478E+000  0.12892494E+001
 -0.51984082E-001  0.47369145E-002  0.44192572E+000  0.12892564E+001
 -0.51984011E-001  0.47369075E-002  0.44192657E+000  0.12892627E+001
 -0.51983941E-001  0.47368994E-002  0.44192733E+000  0.12892686E+001
 -0.51983872E-001  0.47368902E-002  0.44192802E+000  0.12892739E+001
 -0.51983805E-001  0.47368800E-002  0.44192863E+000  0.12892787E+001
 -0.51983740E-001  0.47368690E-002  0.44192917E+000  0.12892831E+001
 -0.51983676E-001  0.47368572E-002  0.44192963E+000  0.12892870E+001
 -0.51983614E-001  0.47368449E-002  0.44193003E+000  0.12892905E+001
 -0.51983555E-001  0.47368321E-002  0.44193037E+000  0.12892937E+001
 -0.51983497E-001  0.47368189E-002  0.44193065E+000  0.12892965E+001
 -0.51983442E-001  0.47368054E-002  0.44193088E+000  0.12892990E+001
 -0.51983388E-001  0.47367918E-002  0.44193106E+000  0.12893012E+001
 -0.51983337E-001  0.47367782E-002  0.44193119E+000  0.12893031E+001
 -0.51983287E-001  0.47367646E-002  0.44193128E+000  0.12893049E+001
 -0.51983240E-001  0.47367512E-002  0.44193134E+000  0.12893064E+001
 -0.51983194E-001  0.47367379E-002  0.44193136E+000  0.12893077E+001
 -0.51983151E-001  0.47367250E-002  0.44193136E+000  0.12893088E+001
 -0.51983109E-001  0.47367124E-002  0.44193132E+000  0.12893098E+001
 -0.51983069E-001  0.47367002E-002  0.44193127E+000  0.12893106E+001
 -0.51983031E-001  0.47366884E-002  0.44193119E+000  0.12893114E+001
 -0.51982994E-001  0.47366771E-002  0.44193110E+000  0.12893120E+001
 -0.51982959E-001  0.47366663E-002  0.44193100E+000  0.12893125E+001
 -0.51982926E-001  0.47366560E-002  0.44193088E+000  0.12893130E+001
 -0.51982894E-001  0.47366462E-002  0.44193075E+000  0.12893133E+001
 -0.51982864E-001  0.47366370E-002  0.44193062E+000  0.12893136E+001
 -0.51982835E-001  0.47366283E-002  0.44193047E+000  0.12893139E+001
 -0.51982808E-001  0.47366201E-002  0.44193033E+000  0.12893141E+001
 -0.51982782E-001  0.47366125E-002  0.44193018E+000  0.12893143E+001
 -0.51982757E-001  0.47366053E-002  0.44193003E+000  0.12893144E+001
 -0.51982734E-001  0.47365987E-002  0.44192988E+000  0.12893145E+001
 -0.51982712E-001  0.47365926E-002  0.44192974E+000  0.12893146E+001
 -0.51982691E-001  0.47365869E-002  0.44192959E+000  0.12893146E+001
 -0.51982671E-001  0.47365816E-002  0.44192944E+000  0.12893147E+001
 -0.51982653E-001  0.47365768E-002  0.44192930E+000  0.12893147E+001
 -0.51982636E-001  0.47365723E-002  0.44192917E+000  0.12893147E+001
 -0.51982619E-001  0.47365682E-002  0.44192903E+000  0.12893147E+001
 -0.51982604E-001  0.47365645E-002  0.44192890E+000  0.12893147E+001
 -0.51982590E-001  0.47365611E-002  0.44192878E+000  0.12893147E+001
 -0.51982577E-001  0.47365580E-002  0.44192866E+000  0.12893147E+001
 -0.51982564E-001  0.47365552E-002  0.44192854E+000  0.12893146E+001
 -0.51982553E-001  0.47365527E-002  0.44192843E+000  0.12893146E+001
 -0.51982542E-001  0.47365504E-002  0.44192833E+000  0.12893145E+001
 -0.51982532E-001  0.47365483E-002  0.44192823E+000  0.12893145E+001
 -0.51982523E-001  0.47365464E-002  0.44192813E+000  0.12893145E+001
 -0.51982515E-001  0.47365447E-002  0.44192805E+000  0.12893144E+001
 -0.51982507E-001  0.47365432E-002  0.44192796E+000  0.12893144E+001
 -0.51982500E-001  0.47365418E-002  0.44192788E+000  0.12893143E+001
 -0.51982494E-001  0.47365405E-002  0.44192781E+000  0.12893143E+001
 -0.51982488E-001  0.47365394E-002  0.44192774E+000  0.12893143E+001
 -0.51982482E-001  0.47365384E-002  0.44192767E+000  0.12893142E+001
 -0.51982478E-001  0.47365375E-002  0.44192761E+000  0.12893142E+001
 -0.51982473E-001  0.47365367E-002  0.44192755E+000  0.12893142E+001
 -0.51982469E-001  0.47365360E-002  0.44192750E+000  0.12893141E+001
 -0.51982466E-001  0.47365354E-002  0.44192745E+000  0.12893141E+001
 -0.51982463E-001  0.47365348E-002  0.44192740E+000  0.12893141E+001
 -0.51982460E-001  0.47365342E-002  0.44192736E+000  0.12893141E+001
 -0.51982457E-001  0.47365338E-002  0.44192732E+000  0.12893141E+001
 -0.51982455E-001  0.47365334E-002  0.44192728E+000  0.12893141E+001
 -0.51982453E-001  0.47365330E-002  0.44192725E+000  0.12893140E+001
 -0.51982451E-001  0.47365326E-002  0.44192722E+000  0.12893140E+001
 -0.51982450E-001  0.47365323E-002  0.44192719E+000  0.12893140E+001
 -0.51982448E-001  0.47365320E-002  0.44192716E+000  0.12893140E+001
 -0.51982447E-001  0.47365317E-002  0.44192714E+000  0.12893140E+001
 -0.51982446E-001  0.47365315E-002  0.44192711E+000  0.12893141E+001
 -0.51982445E-001  0.47365313E-002  0.44192709E+000  0.12893141E+001
 -0.51982444E-001  0.47365311E-002  0.44192708E+000  0.12893141E+001
 -0.51982443E-001  0.47365309E-002  0.44192706E+000  0.12893141E+001
 -0.51982443E-001  0.47365307E-002  0.44192704E+000  0.12893141E+001
 -0.51982442E-001  0.47365305E-002  0.44192703E+000  0.12893141E+001
 -0.51982441E-001  0.47365303E-002  0.44192702E+000  0.12893142E+001
 -0.51982441E-001  0.47365302E-002  0.44192700E+000  0.12893142E+001
 -0.51982441E-001  0.47365300E-002  0.44192699E+000  0.12893142E+001
 -0.51982440E-001  0.47365299E-002  0.44192698E+000  0.12893143E+001
 -0.51982440E-001  0.47365298E-002  0.44192697E+000  0.12893143E+001
 -0.51982439E-001  0.47365296E-002  0.44192697E+000  0.12893143E+001
 -0.51982439E-001  0.47365295E-002  0.44192696E+000  0.12893144E+001
 -0.51982438E-001  0.47365294E-002  0.44192695E+000  0.12893144E+001
 -0.51982438E-001  0.47365293E-002  0.44192695E+000  0.12893145E+001
 -0.51982438E-001  0.47365292E-002  0.44192694E+000  0.12893145E+001
 -0.51982437E-001  0.47365291E-002  0.44192694E+000  0.12893145E+001
 -0.51982437E-001  0.47365290E-002  0.44192693E+000  0.12893146E+001
 -0.51982436E-001  0.47365289E-002  0.44192693E+000  0.12893146E+001
 -0.51982436E-001  0.47365288E-002  0.44192692E+000  0.12893147E+001
 -0.51982436E-001  0.47365286E-002  0.44192692E+000  0.12893147E+001
 -0.51982436E-001  0.47365285E-002  0.44192692E+000  0.12893147E+001
 -0.51982436E-001  0.47365284E-002  0.44192691E+000  0.12893148E+001
 -0.51982436E-001  0.47365282E-002  0.44192691E+000  0.12893148E+001
 -0.51982436E-001  0.47365279E-002  0.44192690E+000  0.12893148E+001
 -0.51982437E-001  0.47365275E-002  0.44192689E+000  0.12893149E+001
 -0.51982439E-001  0.47365270E-002  0.44192688E+000  0.12893149E+001
 -0.51982441E-001  0.47365261E-002  0.44192686E+000  0.12893149E+001
 -0.51982445E-001  0.47365249E-002  0.44192684E+000  0.12893149E+001
 -0.51982452E-001  0.47365221E-002  0.44192680E+000  0.12893149E+001
 -0.51982446E-001  0.47365220E-002  0.44192681E+000  0.12893151E+001
