  0.43798579E+000
  0.43853434E+000
  0.43887903E+000
  0.43915174E+000
  0.43936123E+000
  0.43952034E+000
  0.43963826E+000
  0.43972207E+000
  0.43977757E+000
  0.43980961E+000
  0.43982226E+000
  0.43981893E+000
  0.43980245E+000
  0.43977525E+000
  0.43973930E+000
  0.43969625E+000
  0.43964749E+000
  0.43959419E+000
  0.43953731E+000
  0.43947768E+000
  0.43941598E+000
  0.43935277E+000
  0.43928857E+000
  0.43922376E+000
  0.43915871E+000
  0.43909373E+000
  0.43902908E+000
  0.43896502E+000
  0.43890176E+000
  0.43883949E+000
  0.43877839E+000
  0.43871863E+000
  0.43866037E+000
  0.43860374E+000
  0.43854888E+000
  0.43849591E+000
  0.43844494E+000
  0.43839609E+000
  0.43834942E+000
  0.43830503E+000
  0.43826298E+000
  0.43822331E+000
  0.43818605E+000
  0.43815121E+000
  0.43811878E+000
  0.43808874E+000
  0.43806104E+000
  0.43803560E+000
  0.43801236E+000
  0.43799122E+000
  0.43797206E+000
  0.43795477E+000
  0.43793923E+000
  0.43792532E+000
  0.43791291E+000
  0.43790188E+000
  0.43789212E+000
  0.43788352E+000
  0.43787598E+000
  0.43786942E+000
  0.43786375E+000
  0.43785891E+000
  0.43785483E+000
  0.43785147E+000
  0.43784879E+000
  0.43784673E+000
  0.43784527E+000
  0.43784438E+000
  0.43784403E+000
  0.43784420E+000
  0.43784484E+000
  0.43784595E+000
  0.43784750E+000
  0.43784946E+000
  0.43785180E+000
  0.43785450E+000
  0.43785754E+000
  0.43786087E+000
  0.43786448E+000
  0.43786833E+000
  0.43787239E+000
  0.43787662E+000
  0.43788101E+000
  0.43788552E+000
  0.43789011E+000
  0.43789477E+000
  0.43789946E+000
  0.43790415E+000
  0.43790882E+000
  0.43791344E+000
  0.43791800E+000
  0.43792246E+000
  0.43792681E+000
  0.43793104E+000
  0.43793513E+000
  0.43793906E+000
  0.43794283E+000
  0.43794643E+000
  0.43794985E+000
  0.43795309E+000
  0.43795615E+000
  0.43795901E+000
  0.43796169E+000
  0.43796419E+000
  0.43796651E+000
  0.43796865E+000
  0.43797062E+000
  0.43797242E+000
  0.43797407E+000
  0.43797557E+000
  0.43797693E+000
  0.43797815E+000
  0.43797925E+000
  0.43798024E+000
  0.43798111E+000
  0.43798189E+000
  0.43798257E+000
  0.43798317E+000
  0.43798370E+000
  0.43798415E+000
  0.43798454E+000
  0.43798488E+000
  0.43798516E+000
  0.43798541E+000
  0.43798561E+000
  0.43798577E+000
  0.43798591E+000
  0.43798602E+000
  0.43798611E+000
  0.43798617E+000
  0.43798622E+000
  0.43798625E+000
  0.43798627E+000
  0.43798628E+000
  0.43798628E+000
  0.43798627E+000
  0.43798626E+000
  0.43798624E+000
  0.43798622E+000
  0.43798619E+000
  0.43798616E+000
  0.43798613E+000
  0.43798609E+000
  0.43798606E+000
  0.43798603E+000
  0.43798599E+000
  0.43798596E+000
  0.43798592E+000
  0.43798589E+000
  0.43798586E+000
  0.43798583E+000
  0.43798580E+000
  0.43798577E+000
  0.43798574E+000
  0.43798572E+000
  0.43798569E+000
  0.43798567E+000
  0.43798565E+000
  0.43798563E+000
  0.43798561E+000
  0.43798559E+000
  0.43798558E+000
  0.43798557E+000
  0.43798555E+000
  0.43798554E+000
  0.43798554E+000
  0.43798553E+000
  0.43798552E+000
  0.43798552E+000
  0.43798552E+000
  0.43798551E+000
  0.43798551E+000
  0.43798551E+000
  0.43798552E+000
  0.43798552E+000
  0.43798552E+000
  0.43798553E+000
  0.43798553E+000
  0.43798554E+000
  0.43798554E+000
  0.43798555E+000
  0.43798556E+000
  0.43798557E+000
  0.43798558E+000
  0.43798558E+000
  0.43798559E+000
  0.43798560E+000
  0.43798561E+000
  0.43798562E+000
  0.43798563E+000
  0.43798564E+000
  0.43798565E+000
  0.43798565E+000
  0.43798566E+000
  0.43798566E+000
  0.43798567E+000
  0.43798566E+000
  0.43798566E+000
  0.43798566E+000
  0.43798570E+000
