  0.73617188E+000
  0.73554766E+000
  0.73543144E+000
  0.73533371E+000
  0.73525797E+000
  0.73519776E+000
  0.73515121E+000
  0.73511422E+000
  0.73508601E+000
  0.73506527E+000
  0.73505084E+000
  0.73504146E+000
  0.73503590E+000
  0.73503301E+000
  0.73503186E+000
  0.73503173E+000
  0.73503205E+000
  0.73503199E+000
  0.73503097E+000
  0.73502909E+000
  0.73502634E+000
  0.73502272E+000
  0.73501823E+000
  0.73501290E+000
  0.73500678E+000
  0.73499992E+000
  0.73499240E+000
  0.73498432E+000
  0.73497577E+000
  0.73496685E+000
  0.73495767E+000
  0.73494831E+000
  0.73493888E+000
  0.73492945E+000
  0.73492012E+000
  0.73491093E+000
  0.73490196E+000
  0.73489324E+000
  0.73488483E+000
  0.73487675E+000
  0.73486903E+000
  0.73486169E+000
  0.73485473E+000
  0.73484817E+000
  0.73484200E+000
  0.73483622E+000
  0.73483083E+000
  0.73482582E+000
  0.73482118E+000
  0.73481690E+000
  0.73481298E+000
  0.73480939E+000
  0.73480614E+000
  0.73480321E+000
  0.73480059E+000
  0.73479828E+000
  0.73479627E+000
  0.73479456E+000
  0.73479313E+000
  0.73479200E+000
  0.73479115E+000
  0.73479058E+000
  0.73479028E+000
  0.73479026E+000
  0.73479049E+000
  0.73479099E+000
  0.73479173E+000
  0.73479270E+000
  0.73479390E+000
  0.73479531E+000
  0.73479692E+000
  0.73479871E+000
  0.73480067E+000
  0.73480278E+000
  0.73480502E+000
  0.73480738E+000
  0.73480984E+000
  0.73481237E+000
  0.73481497E+000
  0.73481762E+000
  0.73482029E+000
  0.73482298E+000
  0.73482566E+000
  0.73482833E+000
  0.73483097E+000
  0.73483356E+000
  0.73483610E+000
  0.73483857E+000
  0.73484097E+000
  0.73484328E+000
  0.73484550E+000
  0.73484763E+000
  0.73484965E+000
  0.73485157E+000
  0.73485338E+000
  0.73485509E+000
  0.73485669E+000
  0.73485817E+000
  0.73485956E+000
  0.73486084E+000
  0.73486201E+000
  0.73486309E+000
  0.73486408E+000
  0.73486497E+000
  0.73486578E+000
  0.73486651E+000
  0.73486716E+000
  0.73486775E+000
  0.73486827E+000
  0.73486872E+000
  0.73486913E+000
  0.73486948E+000
  0.73486978E+000
  0.73487005E+000
  0.73487027E+000
  0.73487047E+000
  0.73487063E+000
  0.73487077E+000
  0.73487088E+000
  0.73487098E+000
  0.73487106E+000
  0.73487112E+000
  0.73487117E+000
  0.73487120E+000
  0.73487123E+000
  0.73487125E+000
  0.73487126E+000
  0.73487127E+000
  0.73487128E+000
  0.73487128E+000
  0.73487128E+000
  0.73487127E+000
  0.73487127E+000
  0.73487126E+000
  0.73487125E+000
  0.73487124E+000
  0.73487124E+000
  0.73487123E+000
  0.73487122E+000
  0.73487121E+000
  0.73487121E+000
  0.73487120E+000
  0.73487119E+000
  0.73487119E+000
  0.73487118E+000
  0.73487118E+000
  0.73487118E+000
  0.73487118E+000
  0.73487118E+000
  0.73487117E+000
  0.73487118E+000
  0.73487118E+000
  0.73487118E+000
  0.73487118E+000
  0.73487119E+000
  0.73487119E+000
  0.73487120E+000
  0.73487120E+000
  0.73487121E+000
  0.73487122E+000
  0.73487122E+000
  0.73487123E+000
  0.73487124E+000
  0.73487125E+000
  0.73487126E+000
  0.73487127E+000
  0.73487128E+000
  0.73487129E+000
  0.73487131E+000
  0.73487132E+000
  0.73487133E+000
  0.73487134E+000
  0.73487136E+000
  0.73487137E+000
  0.73487139E+000
  0.73487140E+000
  0.73487141E+000
  0.73487143E+000
  0.73487144E+000
  0.73487146E+000
  0.73487147E+000
  0.73487148E+000
  0.73487150E+000
  0.73487151E+000
  0.73487153E+000
  0.73487154E+000
  0.73487155E+000
  0.73487157E+000
  0.73487158E+000
  0.73487159E+000
  0.73487161E+000
  0.73487162E+000
  0.73487163E+000
  0.73487165E+000
  0.73487167E+000
  0.73487169E+000
  0.73487171E+000
  0.73487175E+000
  0.73487179E+000
  0.73487178E+000
