  0.30512653E+001
  0.29278467E+001
  0.29638602E+001
  0.29780154E+001
  0.29890066E+001
  0.29977362E+001
  0.30049973E+001
  0.30109884E+001
  0.30160273E+001
  0.30202534E+001
  0.30237466E+001
  0.30266966E+001
  0.30292037E+001
  0.30313250E+001
  0.30331220E+001
  0.30346490E+001
  0.30359524E+001
  0.30370618E+001
  0.30380077E+001
  0.30388162E+001
  0.30395085E+001
  0.30400988E+001
  0.30405967E+001
  0.30410236E+001
  0.30413870E+001
  0.30416971E+001
  0.30419591E+001
  0.30421845E+001
  0.30423766E+001
  0.30425385E+001
  0.30426780E+001
  0.30427981E+001
  0.30429010E+001
  0.30429922E+001
  0.30430730E+001
  0.30431455E+001
  0.30432120E+001
  0.30432743E+001
  0.30433346E+001
  0.30433922E+001
  0.30434492E+001
  0.30435061E+001
  0.30435633E+001
  0.30436203E+001
  0.30436788E+001
  0.30437371E+001
  0.30437963E+001
  0.30438560E+001
  0.30439156E+001
  0.30439756E+001
  0.30440354E+001
  0.30440950E+001
  0.30441545E+001
  0.30442133E+001
  0.30442721E+001
  0.30443304E+001
  0.30443882E+001
  0.30444459E+001
  0.30445033E+001
  0.30445604E+001
  0.30446172E+001
  0.30446738E+001
  0.30447300E+001
  0.30447859E+001
  0.30448412E+001
  0.30448958E+001
  0.30449497E+001
  0.30450026E+001
  0.30450542E+001
  0.30451047E+001
  0.30451535E+001
  0.30452007E+001
  0.30452460E+001
  0.30452891E+001
  0.30453302E+001
  0.30453687E+001
  0.30454048E+001
  0.30454382E+001
  0.30454689E+001
  0.30454969E+001
  0.30455221E+001
  0.30455445E+001
  0.30455642E+001
  0.30455812E+001
  0.30455955E+001
  0.30456071E+001
  0.30456161E+001
  0.30456227E+001
  0.30456270E+001
  0.30456293E+001
  0.30456296E+001
  0.30456282E+001
  0.30456251E+001
  0.30456205E+001
  0.30456146E+001
  0.30456075E+001
  0.30455995E+001
  0.30455907E+001
  0.30455812E+001
  0.30455713E+001
  0.30455610E+001
  0.30455505E+001
  0.30455398E+001
  0.30455292E+001
  0.30455186E+001
  0.30455083E+001
  0.30454981E+001
  0.30454883E+001
  0.30454789E+001
  0.30454699E+001
  0.30454613E+001
  0.30454531E+001
  0.30454454E+001
  0.30454383E+001
  0.30454315E+001
  0.30454253E+001
  0.30454195E+001
  0.30454142E+001
  0.30454092E+001
  0.30454047E+001
  0.30454006E+001
  0.30453969E+001
  0.30453935E+001
  0.30453904E+001
  0.30453876E+001
  0.30453851E+001
  0.30453828E+001
  0.30453807E+001
  0.30453789E+001
  0.30453773E+001
  0.30453758E+001
  0.30453745E+001
  0.30453733E+001
  0.30453722E+001
  0.30453713E+001
  0.30453704E+001
  0.30453697E+001
  0.30453690E+001
  0.30453684E+001
  0.30453679E+001
  0.30453674E+001
  0.30453670E+001
  0.30453666E+001
  0.30453662E+001
  0.30453660E+001
  0.30453657E+001
  0.30453655E+001
  0.30453653E+001
  0.30453651E+001
  0.30453649E+001
  0.30453648E+001
  0.30453646E+001
  0.30453645E+001
  0.30453644E+001
  0.30453643E+001
  0.30453642E+001
  0.30453642E+001
  0.30453641E+001
  0.30453640E+001
  0.30453639E+001
  0.30453638E+001
  0.30453637E+001
  0.30453637E+001
  0.30453636E+001
  0.30453635E+001
  0.30453634E+001
  0.30453633E+001
  0.30453632E+001
  0.30453630E+001
  0.30453629E+001
  0.30453628E+001
  0.30453626E+001
  0.30453625E+001
  0.30453623E+001
  0.30453621E+001
  0.30453619E+001
  0.30453617E+001
  0.30453615E+001
  0.30453613E+001
  0.30453611E+001
  0.30453609E+001
  0.30453606E+001
  0.30453604E+001
  0.30453602E+001
  0.30453599E+001
  0.30453596E+001
  0.30453594E+001
  0.30453591E+001
  0.30453589E+001
  0.30453586E+001
  0.30453584E+001
  0.30453582E+001
  0.30453580E+001
  0.30453579E+001
  0.30453578E+001
  0.30453579E+001
  0.30453583E+001
  0.30453588E+001
  0.30453610E+001
  0.30453604E+001
