  0.78110429E+000  0.89683898E+000  0.10999750E+001  0.24013759E+001
  0.77971977E+000  0.89597732E+000  0.11003490E+001  0.24018965E+001
  0.77971138E+000  0.89483314E+000  0.11003221E+001  0.24018117E+001
  0.77947406E+000  0.89423721E+000  0.11001921E+001  0.24017901E+001
  0.77925631E+000  0.89380588E+000  0.11000588E+001  0.24017592E+001
  0.77907036E+000  0.89361052E+000  0.10997900E+001  0.24017232E+001
  0.77891259E+000  0.89349183E+000  0.10995201E+001  0.24016833E+001
  0.77877861E+000  0.89340559E+000  0.10992792E+001  0.24016406E+001
  0.77866466E+000  0.89334084E+000  0.10990670E+001  0.24015962E+001
  0.77856742E+000  0.89329233E+000  0.10988803E+001  0.24015509E+001
  0.77848418E+000  0.89325647E+000  0.10987167E+001  0.24015053E+001
  0.77841272E+000  0.89323058E+000  0.10985730E+001  0.24014599E+001
  0.77835130E+000  0.89321248E+000  0.10984470E+001  0.24014146E+001
  0.77829827E+000  0.89320016E+000  0.10983367E+001  0.24013701E+001
  0.77825233E+000  0.89319215E+000  0.10982405E+001  0.24013261E+001
  0.77821238E+000  0.89318730E+000  0.10981569E+001  0.24012827E+001
  0.77817757E+000  0.89318478E+000  0.10980843E+001  0.24012399E+001
  0.77814713E+000  0.89318381E+000  0.10980216E+001  0.24011977E+001
  0.77812042E+000  0.89318387E+000  0.10979678E+001  0.24011562E+001
  0.77809692E+000  0.89318455E+000  0.10979218E+001  0.24011153E+001
  0.77807614E+000  0.89318550E+000  0.10978826E+001  0.24010751E+001
  0.77805772E+000  0.89318653E+000  0.10978495E+001  0.24010356E+001
  0.77804129E+000  0.89318747E+000  0.10978217E+001  0.24009969E+001
  0.77802661E+000  0.89318824E+000  0.10977984E+001  0.24009589E+001
  0.77801340E+000  0.89318873E+000  0.10977791E+001  0.24009217E+001
  0.77800148E+000  0.89318890E+000  0.10977631E+001  0.24008854E+001
  0.77799062E+000  0.89318869E+000  0.10977499E+001  0.24008500E+001
  0.77798071E+000  0.89318815E+000  0.10977390E+001  0.24008155E+001
  0.77797161E+000  0.89318725E+000  0.10977300E+001  0.24007819E+001
  0.77796318E+000  0.89318600E+000  0.10977226E+001  0.24007494E+001
  0.77795535E+000  0.89318443E+000  0.10977162E+001  0.24007179E+001
  0.77794803E+000  0.89318256E+000  0.10977108E+001  0.24006875E+001
  0.77794114E+000  0.89318042E+000  0.10977060E+001  0.24006582E+001
  0.77793464E+000  0.89317806E+000  0.10977015E+001  0.24006301E+001
  0.77792848E+000  0.89317550E+000  0.10976972E+001  0.24006031E+001
  0.77792263E+000  0.89317278E+000  0.10976931E+001  0.24005773E+001
  0.77791704E+000  0.89316993E+000  0.10976888E+001  0.24005527E+001
  0.77791170E+000  0.89316700E+000  0.10976845E+001  0.24005292E+001
  0.77790661E+000  0.89316403E+000  0.10976800E+001  0.24005070E+001
  0.77790175E+000  0.89316104E+000  0.10976753E+001  0.24004858E+001
  0.77789710E+000  0.89315808E+000  0.10976705E+001  0.24004658E+001
  0.77789267E+000  0.89315516E+000  0.10976655E+001  0.24004469E+001
  0.77788847E+000  0.89315234E+000  0.10976604E+001  0.24004291E+001
  0.77788448E+000  0.89314962E+000  0.10976553E+001  0.24004122E+001
  0.77788073E+000  0.89314705E+000  0.10976501E+001  0.24003964E+001
  0.77787720E+000  0.89314463E+000  0.10976450E+001  0.24003815E+001
  0.77787392E+000  0.89314240E+000  0.10976400E+001  0.24003675E+001
  0.77787088E+000  0.89314036E+000  0.10976352E+001  0.24003544E+001
  0.77786810E+000  0.89313854E+000  0.10976307E+001  0.24003421E+001
  0.77786557E+000  0.89313694E+000  0.10976265E+001  0.24003306E+001
  0.77786331E+000  0.89313558E+000  0.10976226E+001  0.24003199E+001
  0.77786131E+000  0.89313446E+000  0.10976190E+001  0.24003099E+001
  0.77785959E+000  0.89313359E+000  0.10976159E+001  0.24003006E+001
  0.77785814E+000  0.89313296E+000  0.10976132E+001  0.24002920E+001
  0.77785697E+000  0.89313260E+000  0.10976110E+001  0.24002841E+001
  0.77785607E+000  0.89313248E+000  0.10976092E+001  0.24002768E+001
  0.77785545E+000  0.89313262E+000  0.10976078E+001  0.24002701E+001
  0.77785511E+000  0.89313301E+000  0.10976069E+001  0.24002641E+001
  0.77785504E+000  0.89313364E+000  0.10976065E+001  0.24002585E+001
  0.77785523E+000  0.89313452E+000  0.10976065E+001  0.24002536E+001
  0.77785569E+000  0.89313565E+000  0.10976069E+001  0.24002492E+001
  0.77785641E+000  0.89313700E+000  0.10976078E+001  0.24002452E+001
  0.77785738E+000  0.89313859E+000  0.10976090E+001  0.24002418E+001
  0.77785859E+000  0.89314040E+000  0.10976107E+001  0.24002389E+001
  0.77786004E+000  0.89314243E+000  0.10976128E+001  0.24002365E+001
  0.77786171E+000  0.89314466E+000  0.10976152E+001  0.24002344E+001
  0.77786359E+000  0.89314709E+000  0.10976180E+001  0.24002329E+001
  0.77786567E+000  0.89314971E+000  0.10976211E+001  0.24002317E+001
  0.77786794E+000  0.89315250E+000  0.10976246E+001  0.24002309E+001
  0.77787037E+000  0.89315545E+000  0.10976283E+001  0.24002306E+001
  0.77787297E+000  0.89315854E+000  0.10976323E+001  0.24002305E+001
  0.77787570E+000  0.89316177E+000  0.10976366E+001  0.24002308E+001
  0.77787856E+000  0.89316511E+000  0.10976411E+001  0.24002315E+001
  0.77788153E+000  0.89316854E+000  0.10976459E+001  0.24002324E+001
  0.77788459E+000  0.89317206E+000  0.10976508E+001  0.24002336E+001
  0.77788772E+000  0.89317563E+000  0.10976558E+001  0.24002351E+001
  0.77789091E+000  0.89317925E+000  0.10976610E+001  0.24002368E+001
  0.77789413E+000  0.89318289E+000  0.10976663E+001  0.24002387E+001
  0.77789738E+000  0.89318653E+000  0.10976717E+001  0.24002408E+001
  0.77790063E+000  0.89319016E+000  0.10976771E+001  0.24002430E+001
  0.77790388E+000  0.89319376E+000  0.10976826E+001  0.24002455E+001
  0.77790709E+000  0.89319731E+000  0.10976880E+001  0.24002480E+001
  0.77791027E+000  0.89320080E+000  0.10976934E+001  0.24002506E+001
  0.77791339E+000  0.89320421E+000  0.10976988E+001  0.24002534E+001
  0.77791645E+000  0.89320753E+000  0.10977040E+001  0.24002562E+001
  0.77791943E+000  0.89321074E+000  0.10977092E+001  0.24002590E+001
  0.77792232E+000  0.89321383E+000  0.10977143E+001  0.24002619E+001
  0.77792511E+000  0.89321680E+000  0.10977192E+001  0.24002647E+001
  0.77792780E+000  0.89321964E+000  0.10977240E+001  0.24002676E+001
  0.77793037E+000  0.89322233E+000  0.10977286E+001  0.24002705E+001
  0.77793283E+000  0.89322488E+000  0.10977330E+001  0.24002733E+001
  0.77793517E+000  0.89322729E+000  0.10977373E+001  0.24002760E+001
  0.77793738E+000  0.89322955E+000  0.10977413E+001  0.24002787E+001
  0.77793947E+000  0.89323165E+000  0.10977452E+001  0.24002814E+001
  0.77794143E+000  0.89323361E+000  0.10977488E+001  0.24002839E+001
  0.77794326E+000  0.89323542E+000  0.10977522E+001  0.24002864E+001
  0.77794497E+000  0.89323709E+000  0.10977554E+001  0.24002888E+001
  0.77794655E+000  0.89323862E+000  0.10977584E+001  0.24002911E+001
  0.77794802E+000  0.89324001E+000  0.10977612E+001  0.24002932E+001
  0.77794937E+000  0.89324128E+000  0.10977638E+001  0.24002953E+001
  0.77795060E+000  0.89324242E+000  0.10977662E+001  0.24002973E+001
  0.77795173E+000  0.89324344E+000  0.10977684E+001  0.24002991E+001
  0.77795275E+000  0.89324436E+000  0.10977704E+001  0.24003009E+001
  0.77795368E+000  0.89324517E+000  0.10977722E+001  0.24003025E+001
  0.77795451E+000  0.89324589E+000  0.10977739E+001  0.24003040E+001
  0.77795526E+000  0.89324652E+000  0.10977754E+001  0.24003055E+001
  0.77795593E+000  0.89324707E+000  0.10977767E+001  0.24003068E+001
  0.77795652E+000  0.89324755E+000  0.10977779E+001  0.24003081E+001
  0.77795704E+000  0.89324795E+000  0.10977789E+001  0.24003092E+001
  0.77795750E+000  0.89324830E+000  0.10977799E+001  0.24003103E+001
  0.77795790E+000  0.89324860E+000  0.10977807E+001  0.24003112E+001
  0.77795825E+000  0.89324884E+000  0.10977814E+001  0.24003121E+001
  0.77795855E+000  0.89324905E+000  0.10977819E+001  0.24003130E+001
  0.77795881E+000  0.89324921E+000  0.10977824E+001  0.24003137E+001
  0.77795903E+000  0.89324934E+000  0.10977829E+001  0.24003144E+001
  0.77795922E+000  0.89324945E+000  0.10977832E+001  0.24003151E+001
  0.77795937E+000  0.89324953E+000  0.10977835E+001  0.24003156E+001
  0.77795950E+000  0.89324958E+000  0.10977837E+001  0.24003162E+001
  0.77795960E+000  0.89324962E+000  0.10977838E+001  0.24003167E+001
  0.77795969E+000  0.89324965E+000  0.10977839E+001  0.24003171E+001
  0.77795976E+000  0.89324966E+000  0.10977840E+001  0.24003175E+001
  0.77795981E+000  0.89324966E+000  0.10977840E+001  0.24003179E+001
  0.77795985E+000  0.89324966E+000  0.10977840E+001  0.24003183E+001
  0.77795987E+000  0.89324965E+000  0.10977840E+001  0.24003186E+001
  0.77795989E+000  0.89324963E+000  0.10977839E+001  0.24003189E+001
  0.77795990E+000  0.89324961E+000  0.10977839E+001  0.24003192E+001
  0.77795990E+000  0.89324959E+000  0.10977838E+001  0.24003194E+001
  0.77795990E+000  0.89324956E+000  0.10977837E+001  0.24003197E+001
  0.77795990E+000  0.89324954E+000  0.10977836E+001  0.24003199E+001
  0.77795989E+000  0.89324951E+000  0.10977834E+001  0.24003201E+001
  0.77795988E+000  0.89324948E+000  0.10977833E+001  0.24003203E+001
  0.77795986E+000  0.89324946E+000  0.10977832E+001  0.24003204E+001
  0.77795985E+000  0.89324943E+000  0.10977830E+001  0.24003206E+001
  0.77795983E+000  0.89324941E+000  0.10977829E+001  0.24003207E+001
  0.77795981E+000  0.89324938E+000  0.10977828E+001  0.24003209E+001
  0.77795979E+000  0.89324936E+000  0.10977826E+001  0.24003210E+001
  0.77795978E+000  0.89324934E+000  0.10977825E+001  0.24003211E+001
  0.77795976E+000  0.89324932E+000  0.10977824E+001  0.24003212E+001
  0.77795974E+000  0.89324930E+000  0.10977822E+001  0.24003213E+001
  0.77795972E+000  0.89324929E+000  0.10977821E+001  0.24003213E+001
  0.77795971E+000  0.89324927E+000  0.10977820E+001  0.24003214E+001
  0.77795969E+000  0.89324926E+000  0.10977819E+001  0.24003214E+001
  0.77795968E+000  0.89324924E+000  0.10977818E+001  0.24003214E+001
  0.77795966E+000  0.89324923E+000  0.10977816E+001  0.24003215E+001
  0.77795965E+000  0.89324922E+000  0.10977815E+001  0.24003214E+001
  0.77795964E+000  0.89324922E+000  0.10977814E+001  0.24003214E+001
  0.77795962E+000  0.89324921E+000  0.10977814E+001  0.24003214E+001
  0.77795961E+000  0.89324921E+000  0.10977813E+001  0.24003213E+001
  0.77795960E+000  0.89324920E+000  0.10977812E+001  0.24003213E+001
  0.77795960E+000  0.89324920E+000  0.10977811E+001  0.24003212E+001
  0.77795959E+000  0.89324920E+000  0.10977810E+001  0.24003211E+001
  0.77795958E+000  0.89324920E+000  0.10977810E+001  0.24003210E+001
  0.77795958E+000  0.89324920E+000  0.10977809E+001  0.24003208E+001
  0.77795957E+000  0.89324920E+000  0.10977809E+001  0.24003207E+001
  0.77795957E+000  0.89324920E+000  0.10977808E+001  0.24003205E+001
  0.77795957E+000  0.89324921E+000  0.10977808E+001  0.24003203E+001
  0.77795957E+000  0.89324921E+000  0.10977807E+001  0.24003201E+001
  0.77795957E+000  0.89324922E+000  0.10977807E+001  0.24003199E+001
  0.77795957E+000  0.89324923E+000  0.10977806E+001  0.24003197E+001
  0.77795957E+000  0.89324924E+000  0.10977806E+001  0.24003195E+001
  0.77795957E+000  0.89324924E+000  0.10977806E+001  0.24003192E+001
  0.77795958E+000  0.89324925E+000  0.10977806E+001  0.24003189E+001
  0.77795958E+000  0.89324927E+000  0.10977805E+001  0.24003186E+001
  0.77795959E+000  0.89324928E+000  0.10977805E+001  0.24003183E+001
  0.77795960E+000  0.89324929E+000  0.10977805E+001  0.24003180E+001
  0.77795960E+000  0.89324930E+000  0.10977805E+001  0.24003177E+001
  0.77795961E+000  0.89324932E+000  0.10977805E+001  0.24003174E+001
  0.77795962E+000  0.89324933E+000  0.10977805E+001  0.24003170E+001
  0.77795963E+000  0.89324934E+000  0.10977805E+001  0.24003167E+001
  0.77795964E+000  0.89324936E+000  0.10977805E+001  0.24003163E+001
  0.77795965E+000  0.89324937E+000  0.10977805E+001  0.24003159E+001
  0.77795966E+000  0.89324939E+000  0.10977805E+001  0.24003155E+001
  0.77795967E+000  0.89324941E+000  0.10977805E+001  0.24003151E+001
  0.77795969E+000  0.89324942E+000  0.10977805E+001  0.24003147E+001
  0.77795970E+000  0.89324944E+000  0.10977805E+001  0.24003143E+001
  0.77795971E+000  0.89324946E+000  0.10977805E+001  0.24003139E+001
  0.77795972E+000  0.89324947E+000  0.10977805E+001  0.24003134E+001
  0.77795974E+000  0.89324949E+000  0.10977805E+001  0.24003130E+001
  0.77795975E+000  0.89324951E+000  0.10977805E+001  0.24003126E+001
  0.77795976E+000  0.89324952E+000  0.10977805E+001  0.24003121E+001
  0.77795978E+000  0.89324954E+000  0.10977806E+001  0.24003117E+001
  0.77795979E+000  0.89324956E+000  0.10977806E+001  0.24003112E+001
  0.77795981E+000  0.89324958E+000  0.10977806E+001  0.24003108E+001
  0.77795982E+000  0.89324959E+000  0.10977806E+001  0.24003103E+001
  0.77795983E+000  0.89324961E+000  0.10977806E+001  0.24003099E+001
  0.77795985E+000  0.89324963E+000  0.10977806E+001  0.24003094E+001
  0.77795986E+000  0.89324964E+000  0.10977806E+001  0.24003090E+001
  0.77795988E+000  0.89324966E+000  0.10977807E+001  0.24003085E+001
  0.77795989E+000  0.89324968E+000  0.10977807E+001  0.24003081E+001
  0.77795990E+000  0.89324969E+000  0.10977807E+001  0.24003076E+001
  0.77795992E+000  0.89324971E+000  0.10977807E+001  0.24003072E+001
  0.77795993E+000  0.89324973E+000  0.10977807E+001  0.24003067E+001
  0.77795995E+000  0.89324975E+000  0.10977807E+001  0.24003063E+001
  0.77795996E+000  0.89324977E+000  0.10977808E+001  0.24003059E+001
  0.77795998E+000  0.89324979E+000  0.10977808E+001  0.24003054E+001
  0.77796000E+000  0.89324981E+000  0.10977808E+001  0.24003050E+001
  0.77796002E+000  0.89324985E+000  0.10977808E+001  0.24003046E+001
  0.77796005E+000  0.89324989E+000  0.10977809E+001  0.24003042E+001
  0.77796009E+000  0.89324995E+000  0.10977809E+001  0.24003038E+001
  0.77796012E+000  0.89324997E+000  0.10977809E+001  0.24003034E+001
