  0.57829448E+000  0.94471698E+000  0.10871716E+001  0.34598615E+001
  0.57755183E+000  0.94338716E+000  0.10852581E+001  0.34560635E+001
  0.57726658E+000  0.94284749E+000  0.10847136E+001  0.34546282E+001
  0.57701843E+000  0.94238415E+000  0.10842010E+001  0.34534149E+001
  0.57681723E+000  0.94201193E+000  0.10837903E+001  0.34524622E+001
  0.57665000E+000  0.94170500E+000  0.10834514E+001  0.34516930E+001
  0.57650950E+000  0.94144869E+000  0.10831684E+001  0.34510626E+001
  0.57639101E+000  0.94123337E+000  0.10829311E+001  0.34505410E+001
  0.57629103E+000  0.94105202E+000  0.10827320E+001  0.34501083E+001
  0.57620660E+000  0.94089937E+000  0.10825646E+001  0.34497479E+001
  0.57613528E+000  0.94077043E+000  0.10824236E+001  0.34494463E+001
  0.57607501E+000  0.94066135E+000  0.10823046E+001  0.34491938E+001
  0.57602416E+000  0.94056908E+000  0.10822043E+001  0.34489827E+001
  0.57598121E+000  0.94049084E+000  0.10821196E+001  0.34488054E+001
  0.57594491E+000  0.94042434E+000  0.10820478E+001  0.34486563E+001
  0.57591421E+000  0.94036771E+000  0.10819868E+001  0.34485309E+001
  0.57588829E+000  0.94031945E+000  0.10819350E+001  0.34484253E+001
  0.57586640E+000  0.94027822E+000  0.10818908E+001  0.34483363E+001
  0.57584794E+000  0.94024294E+000  0.10818531E+001  0.34482613E+001
  0.57583239E+000  0.94021272E+000  0.10818209E+001  0.34481980E+001
  0.57581930E+000  0.94018674E+000  0.10817933E+001  0.34481445E+001
  0.57580832E+000  0.94016438E+000  0.10817695E+001  0.34480994E+001
  0.57579910E+000  0.94014504E+000  0.10817489E+001  0.34480610E+001
  0.57579140E+000  0.94012831E+000  0.10817311E+001  0.34480283E+001
  0.57578498E+000  0.94011375E+000  0.10817156E+001  0.34480005E+001
  0.57577964E+000  0.94010106E+000  0.10817020E+001  0.34479768E+001
  0.57577519E+000  0.94008989E+000  0.10816900E+001  0.34479563E+001
  0.57577150E+000  0.94008005E+000  0.10816793E+001  0.34479386E+001
  0.57576845E+000  0.94007132E+000  0.10816698E+001  0.34479231E+001
  0.57576591E+000  0.94006350E+000  0.10816612E+001  0.34479094E+001
  0.57576380E+000  0.94005646E+000  0.10816534E+001  0.34478971E+001
  0.57576202E+000  0.94005008E+000  0.10816461E+001  0.34478860E+001
  0.57576051E+000  0.94004422E+000  0.10816394E+001  0.34478757E+001
  0.57575921E+000  0.94003883E+000  0.10816331E+001  0.34478661E+001
  0.57575806E+000  0.94003383E+000  0.10816272E+001  0.34478570E+001
  0.57575702E+000  0.94002915E+000  0.10816215E+001  0.34478483E+001
  0.57575604E+000  0.94002474E+000  0.10816161E+001  0.34478399E+001
  0.57575510E+000  0.94002056E+000  0.10816108E+001  0.34478316E+001
  0.57575418E+000  0.94001659E+000  0.10816057E+001  0.34478236E+001
  0.57575324E+000  0.94001279E+000  0.10816008E+001  0.34478156E+001
  0.57575227E+000  0.94000915E+000  0.10815960E+001  0.34478078E+001
  0.57575127E+000  0.94000564E+000  0.10815913E+001  0.34478000E+001
  0.57575021E+000  0.94000227E+000  0.10815867E+001  0.34477924E+001
  0.57574910E+000  0.93999901E+000  0.10815822E+001  0.34477848E+001
  0.57574795E+000  0.93999587E+000  0.10815778E+001  0.34477774E+001
  0.57574674E+000  0.93999284E+000  0.10815736E+001  0.34477701E+001
  0.57574549E+000  0.93998992E+000  0.10815694E+001  0.34477631E+001
  0.57574422E+000  0.93998713E+000  0.10815655E+001  0.34477562E+001
  0.57574292E+000  0.93998447E+000  0.10815616E+001  0.34477497E+001
  0.57574162E+000  0.93998194E+000  0.10815580E+001  0.34477434E+001
  0.57574034E+000  0.93997957E+000  0.10815545E+001  0.34477374E+001
  0.57573908E+000  0.93997737E+000  0.10815512E+001  0.34477318E+001
  0.57573788E+000  0.93997536E+000  0.10815481E+001  0.34477266E+001
  0.57573674E+000  0.93997354E+000  0.10815453E+001  0.34477218E+001
  0.57573568E+000  0.93997195E+000  0.10815427E+001  0.34477175E+001
  0.57573473E+000  0.93997060E+000  0.10815404E+001  0.34477138E+001
  0.57573389E+000  0.93996951E+000  0.10815384E+001  0.34477105E+001
  0.57573319E+000  0.93996868E+000  0.10815366E+001  0.34477078E+001
  0.57573262E+000  0.93996814E+000  0.10815352E+001  0.34477057E+001
  0.57573220E+000  0.93996789E+000  0.10815340E+001  0.34477042E+001
  0.57573194E+000  0.93996794E+000  0.10815332E+001  0.34477033E+001
  0.57573185E+000  0.93996830E+000  0.10815328E+001  0.34477030E+001
  0.57573192E+000  0.93996897E+000  0.10815326E+001  0.34477034E+001
  0.57573217E+000  0.93996995E+000  0.10815328E+001  0.34477044E+001
  0.57573258E+000  0.93997123E+000  0.10815333E+001  0.34477060E+001
  0.57573316E+000  0.93997282E+000  0.10815341E+001  0.34477082E+001
  0.57573390E+000  0.93997470E+000  0.10815353E+001  0.34477110E+001
  0.57573481E+000  0.93997686E+000  0.10815367E+001  0.34477144E+001
  0.57573586E+000  0.93997929E+000  0.10815384E+001  0.34477184E+001
  0.57573706E+000  0.93998198E+000  0.10815404E+001  0.34477229E+001
  0.57573840E+000  0.93998490E+000  0.10815427E+001  0.34477278E+001
  0.57573986E+000  0.93998805E+000  0.10815452E+001  0.34477333E+001
  0.57574144E+000  0.93999139E+000  0.10815479E+001  0.34477391E+001
  0.57574313E+000  0.93999492E+000  0.10815508E+001  0.34477454E+001
  0.57574491E+000  0.93999861E+000  0.10815539E+001  0.34477520E+001
  0.57574677E+000  0.94000244E+000  0.10815572E+001  0.34477589E+001
  0.57574870E+000  0.94000639E+000  0.10815606E+001  0.34477661E+001
  0.57575069E+000  0.94001043E+000  0.10815641E+001  0.34477735E+001
  0.57575272E+000  0.94001454E+000  0.10815676E+001  0.34477810E+001
  0.57575478E+000  0.94001869E+000  0.10815713E+001  0.34477887E+001
  0.57575686E+000  0.94002288E+000  0.10815750E+001  0.34477965E+001
  0.57575894E+000  0.94002706E+000  0.10815787E+001  0.34478043E+001
  0.57576102E+000  0.94003124E+000  0.10815824E+001  0.34478122E+001
  0.57576309E+000  0.94003538E+000  0.10815861E+001  0.34478200E+001
  0.57576513E+000  0.94003946E+000  0.10815897E+001  0.34478278E+001
  0.57576713E+000  0.94004348E+000  0.10815933E+001  0.34478354E+001
  0.57576909E+000  0.94004741E+000  0.10815968E+001  0.34478429E+001
  0.57577100E+000  0.94005124E+000  0.10816002E+001  0.34478503E+001
  0.57577284E+000  0.94005495E+000  0.10816035E+001  0.34478574E+001
  0.57577462E+000  0.94005853E+000  0.10816067E+001  0.34478644E+001
  0.57577633E+000  0.94006198E+000  0.10816097E+001  0.34478711E+001
  0.57577797E+000  0.94006529E+000  0.10816127E+001  0.34478775E+001
  0.57577952E+000  0.94006845E+000  0.10816155E+001  0.34478837E+001
  0.57578100E+000  0.94007145E+000  0.10816181E+001  0.34478897E+001
  0.57578239E+000  0.94007429E+000  0.10816206E+001  0.34478953E+001
  0.57578369E+000  0.94007697E+000  0.10816229E+001  0.34479007E+001
  0.57578491E+000  0.94007949E+000  0.10816251E+001  0.34479057E+001
  0.57578605E+000  0.94008185E+000  0.10816271E+001  0.34479105E+001
  0.57578710E+000  0.94008404E+000  0.10816290E+001  0.34479150E+001
  0.57578807E+000  0.94008608E+000  0.10816307E+001  0.34479191E+001
  0.57578896E+000  0.94008797E+000  0.10816323E+001  0.34479230E+001
  0.57578978E+000  0.94008971E+000  0.10816337E+001  0.34479267E+001
  0.57579052E+000  0.94009130E+000  0.10816350E+001  0.34479300E+001
  0.57579119E+000  0.94009276E+000  0.10816362E+001  0.34479331E+001
  0.57579179E+000  0.94009408E+000  0.10816373E+001  0.34479360E+001
  0.57579233E+000  0.94009528E+000  0.10816382E+001  0.34479386E+001
  0.57579281E+000  0.94009636E+000  0.10816390E+001  0.34479410E+001
  0.57579323E+000  0.94009733E+000  0.10816398E+001  0.34479432E+001
  0.57579360E+000  0.94009820E+000  0.10816404E+001  0.34479452E+001
  0.57579393E+000  0.94009897E+000  0.10816410E+001  0.34479471E+001
  0.57579421E+000  0.94009965E+000  0.10816414E+001  0.34479487E+001
  0.57579445E+000  0.94010026E+000  0.10816418E+001  0.34479502E+001
  0.57579466E+000  0.94010078E+000  0.10816422E+001  0.34479516E+001
  0.57579483E+000  0.94010124E+000  0.10816424E+001  0.34479528E+001
  0.57579497E+000  0.94010163E+000  0.10816427E+001  0.34479539E+001
  0.57579509E+000  0.94010197E+000  0.10816429E+001  0.34479548E+001
  0.57579518E+000  0.94010225E+000  0.10816430E+001  0.34479557E+001
  0.57579526E+000  0.94010250E+000  0.10816431E+001  0.34479565E+001
  0.57579531E+000  0.94010270E+000  0.10816432E+001  0.34479572E+001
  0.57579535E+000  0.94010286E+000  0.10816432E+001  0.34479578E+001
  0.57579537E+000  0.94010299E+000  0.10816433E+001  0.34479584E+001
  0.57579539E+000  0.94010310E+000  0.10816433E+001  0.34479589E+001
  0.57579539E+000  0.94010318E+000  0.10816432E+001  0.34479593E+001
  0.57579539E+000  0.94010324E+000  0.10816432E+001  0.34479597E+001
  0.57579538E+000  0.94010328E+000  0.10816432E+001  0.34479601E+001
  0.57579536E+000  0.94010331E+000  0.10816431E+001  0.34479604E+001
  0.57579534E+000  0.94010332E+000  0.10816431E+001  0.34479606E+001
  0.57579531E+000  0.94010333E+000  0.10816430E+001  0.34479609E+001
  0.57579528E+000  0.94010332E+000  0.10816430E+001  0.34479611E+001
  0.57579525E+000  0.94010330E+000  0.10816429E+001  0.34479613E+001
  0.57579522E+000  0.94010328E+000  0.10816428E+001  0.34479614E+001
  0.57579519E+000  0.94010326E+000  0.10816428E+001  0.34479615E+001
  0.57579516E+000  0.94010323E+000  0.10816427E+001  0.34479616E+001
  0.57579513E+000  0.94010319E+000  0.10816427E+001  0.34479617E+001
  0.57579509E+000  0.94010316E+000  0.10816426E+001  0.34479618E+001
  0.57579506E+000  0.94010312E+000  0.10816425E+001  0.34479618E+001
  0.57579503E+000  0.94010308E+000  0.10816425E+001  0.34479618E+001
  0.57579500E+000  0.94010304E+000  0.10816424E+001  0.34479618E+001
  0.57579497E+000  0.94010300E+000  0.10816424E+001  0.34479618E+001
  0.57579494E+000  0.94010297E+000  0.10816423E+001  0.34479617E+001
  0.57579492E+000  0.94010293E+000  0.10816423E+001  0.34479617E+001
  0.57579489E+000  0.94010289E+000  0.10816422E+001  0.34479616E+001
  0.57579487E+000  0.94010285E+000  0.10816422E+001  0.34479615E+001
  0.57579485E+000  0.94010282E+000  0.10816421E+001  0.34479614E+001
  0.57579483E+000  0.94010279E+000  0.10816421E+001  0.34479612E+001
  0.57579481E+000  0.94010276E+000  0.10816421E+001  0.34479611E+001
  0.57579479E+000  0.94010273E+000  0.10816420E+001  0.34479609E+001
  0.57579477E+000  0.94010270E+000  0.10816420E+001  0.34479607E+001
  0.57579476E+000  0.94010267E+000  0.10816420E+001  0.34479605E+001
  0.57579474E+000  0.94010265E+000  0.10816419E+001  0.34479602E+001
  0.57579473E+000  0.94010263E+000  0.10816419E+001  0.34479600E+001
  0.57579472E+000  0.94010261E+000  0.10816419E+001  0.34479597E+001
  0.57579471E+000  0.94010259E+000  0.10816419E+001  0.34479594E+001
  0.57579470E+000  0.94010257E+000  0.10816419E+001  0.34479591E+001
  0.57579469E+000  0.94010256E+000  0.10816419E+001  0.34479587E+001
  0.57579469E+000  0.94010255E+000  0.10816418E+001  0.34479584E+001
  0.57579468E+000  0.94010254E+000  0.10816418E+001  0.34479580E+001
  0.57579468E+000  0.94010253E+000  0.10816418E+001  0.34479576E+001
  0.57579467E+000  0.94010252E+000  0.10816418E+001  0.34479572E+001
  0.57579467E+000  0.94010252E+000  0.10816418E+001  0.34479568E+001
  0.57579467E+000  0.94010251E+000  0.10816418E+001  0.34479563E+001
  0.57579467E+000  0.94010251E+000  0.10816418E+001  0.34479559E+001
  0.57579467E+000  0.94010251E+000  0.10816418E+001  0.34479554E+001
  0.57579467E+000  0.94010251E+000  0.10816418E+001  0.34479549E+001
  0.57579468E+000  0.94010252E+000  0.10816418E+001  0.34479544E+001
  0.57579468E+000  0.94010252E+000  0.10816418E+001  0.34479539E+001
  0.57579468E+000  0.94010253E+000  0.10816418E+001  0.34479534E+001
  0.57579469E+000  0.94010253E+000  0.10816418E+001  0.34479528E+001
  0.57579469E+000  0.94010254E+000  0.10816419E+001  0.34479523E+001
  0.57579470E+000  0.94010255E+000  0.10816419E+001  0.34479517E+001
  0.57579471E+000  0.94010256E+000  0.10816419E+001  0.34479511E+001
  0.57579472E+000  0.94010257E+000  0.10816419E+001  0.34479506E+001
  0.57579472E+000  0.94010259E+000  0.10816419E+001  0.34479500E+001
  0.57579473E+000  0.94010260E+000  0.10816419E+001  0.34479494E+001
  0.57579474E+000  0.94010261E+000  0.10816419E+001  0.34479488E+001
  0.57579475E+000  0.94010263E+000  0.10816420E+001  0.34479482E+001
  0.57579476E+000  0.94010264E+000  0.10816420E+001  0.34479476E+001
  0.57579477E+000  0.94010266E+000  0.10816420E+001  0.34479470E+001
  0.57579478E+000  0.94010267E+000  0.10816420E+001  0.34479463E+001
  0.57579479E+000  0.94010269E+000  0.10816420E+001  0.34479457E+001
  0.57579480E+000  0.94010271E+000  0.10816420E+001  0.34479451E+001
  0.57579481E+000  0.94010273E+000  0.10816421E+001  0.34479445E+001
  0.57579482E+000  0.94010274E+000  0.10816421E+001  0.34479439E+001
  0.57579483E+000  0.94010276E+000  0.10816421E+001  0.34479433E+001
  0.57579484E+000  0.94010278E+000  0.10816421E+001  0.34479426E+001
  0.57579485E+000  0.94010279E+000  0.10816421E+001  0.34479420E+001
  0.57579486E+000  0.94010281E+000  0.10816421E+001  0.34479414E+001
  0.57579487E+000  0.94010283E+000  0.10816422E+001  0.34479408E+001
  0.57579488E+000  0.94010285E+000  0.10816422E+001  0.34479402E+001
  0.57579489E+000  0.94010286E+000  0.10816422E+001  0.34479396E+001
  0.57579490E+000  0.94010288E+000  0.10816422E+001  0.34479390E+001
  0.57579491E+000  0.94010290E+000  0.10816422E+001  0.34479384E+001
  0.57579492E+000  0.94010292E+000  0.10816423E+001  0.34479378E+001
  0.57579493E+000  0.94010294E+000  0.10816423E+001  0.34479373E+001
  0.57579494E+000  0.94010296E+000  0.10816423E+001  0.34479367E+001
  0.57579496E+000  0.94010298E+000  0.10816423E+001  0.34479362E+001
  0.57579497E+000  0.94010301E+000  0.10816424E+001  0.34479356E+001
  0.57579499E+000  0.94010304E+000  0.10816424E+001  0.34479351E+001
  0.57579503E+000  0.94010311E+000  0.10816425E+001  0.34479347E+001
  0.57579507E+000  0.94010317E+000  0.10816426E+001  0.34479344E+001
