  0.69270228E+000
  0.69080968E+000
  0.69010524E+000
  0.68950125E+000
  0.68902680E+000
  0.68864282E+000
  0.68832766E+000
  0.68806712E+000
  0.68785126E+000
  0.68767203E+000
  0.68752280E+000
  0.68739849E+000
  0.68729509E+000
  0.68720896E+000
  0.68713721E+000
  0.68707746E+000
  0.68702781E+000
  0.68698662E+000
  0.68695254E+000
  0.68692447E+000
  0.68690143E+000
  0.68688265E+000
  0.68686740E+000
  0.68685516E+000
  0.68684545E+000
  0.68683788E+000
  0.68683206E+000
  0.68682773E+000
  0.68682463E+000
  0.68682253E+000
  0.68682125E+000
  0.68682066E+000
  0.68682060E+000
  0.68682098E+000
  0.68682172E+000
  0.68682273E+000
  0.68682395E+000
  0.68682532E+000
  0.68682684E+000
  0.68682844E+000
  0.68683010E+000
  0.68683182E+000
  0.68683357E+000
  0.68683534E+000
  0.68683713E+000
  0.68683892E+000
  0.68684072E+000
  0.68684253E+000
  0.68684434E+000
  0.68684616E+000
  0.68684799E+000
  0.68684984E+000
  0.68685172E+000
  0.68685362E+000
  0.68685556E+000
  0.68685753E+000
  0.68685955E+000
  0.68686162E+000
  0.68686373E+000
  0.68686590E+000
  0.68686812E+000
  0.68687040E+000
  0.68687273E+000
  0.68687510E+000
  0.68687753E+000
  0.68688000E+000
  0.68688251E+000
  0.68688505E+000
  0.68688762E+000
  0.68689022E+000
  0.68689283E+000
  0.68689545E+000
  0.68689807E+000
  0.68690069E+000
  0.68690329E+000
  0.68690588E+000
  0.68690845E+000
  0.68691097E+000
  0.68691346E+000
  0.68691591E+000
  0.68691830E+000
  0.68692063E+000
  0.68692291E+000
  0.68692511E+000
  0.68692725E+000
  0.68692930E+000
  0.68693128E+000
  0.68693318E+000
  0.68693499E+000
  0.68693671E+000
  0.68693835E+000
  0.68693990E+000
  0.68694137E+000
  0.68694275E+000
  0.68694404E+000
  0.68694525E+000
  0.68694638E+000
  0.68694742E+000
  0.68694839E+000
  0.68694928E+000
  0.68695010E+000
  0.68695085E+000
  0.68695154E+000
  0.68695216E+000
  0.68695273E+000
  0.68695324E+000
  0.68695371E+000
  0.68695412E+000
  0.68695449E+000
  0.68695482E+000
  0.68695512E+000
  0.68695538E+000
  0.68695561E+000
  0.68695581E+000
  0.68695598E+000
  0.68695614E+000
  0.68695627E+000
  0.68695639E+000
  0.68695649E+000
  0.68695657E+000
  0.68695665E+000
  0.68695671E+000
  0.68695676E+000
  0.68695681E+000
  0.68695685E+000
  0.68695688E+000
  0.68695690E+000
  0.68695692E+000
  0.68695694E+000
  0.68695695E+000
  0.68695697E+000
  0.68695697E+000
  0.68695698E+000
  0.68695699E+000
  0.68695699E+000
  0.68695699E+000
  0.68695699E+000
  0.68695699E+000
  0.68695699E+000
  0.68695699E+000
  0.68695699E+000
  0.68695699E+000
  0.68695699E+000
  0.68695699E+000
  0.68695699E+000
  0.68695699E+000
  0.68695698E+000
  0.68695698E+000
  0.68695698E+000
  0.68695698E+000
  0.68695698E+000
  0.68695698E+000
  0.68695698E+000
  0.68695699E+000
  0.68695699E+000
  0.68695699E+000
  0.68695699E+000
  0.68695699E+000
  0.68695700E+000
  0.68695700E+000
  0.68695700E+000
  0.68695701E+000
  0.68695701E+000
  0.68695702E+000
  0.68695702E+000
  0.68695703E+000
  0.68695703E+000
  0.68695704E+000
  0.68695704E+000
  0.68695705E+000
  0.68695705E+000
  0.68695706E+000
  0.68695707E+000
  0.68695707E+000
  0.68695708E+000
  0.68695709E+000
  0.68695709E+000
  0.68695710E+000
  0.68695711E+000
  0.68695711E+000
  0.68695712E+000
  0.68695713E+000
  0.68695714E+000
  0.68695714E+000
  0.68695715E+000
  0.68695716E+000
  0.68695716E+000
  0.68695717E+000
  0.68695717E+000
  0.68695718E+000
  0.68695719E+000
  0.68695719E+000
  0.68695720E+000
  0.68695721E+000
  0.68695722E+000
  0.68695722E+000
  0.68695724E+000
  0.68695725E+000
  0.68695729E+000
  0.68695733E+000
