  0.90768332E+000
  0.90259387E+000
  0.90053842E+000
  0.89879348E+000
  0.89741188E+000
  0.89628603E+000
  0.89535565E+000
  0.89458154E+000
  0.89393577E+000
  0.89339575E+000
  0.89294297E+000
  0.89256292E+000
  0.89224409E+000
  0.89197615E+000
  0.89175072E+000
  0.89156090E+000
  0.89140121E+000
  0.89126684E+000
  0.89115386E+000
  0.89105901E+000
  0.89097939E+000
  0.89091276E+000
  0.89085695E+000
  0.89081043E+000
  0.89077170E+000
  0.89073959E+000
  0.89071294E+000
  0.89069094E+000
  0.89067285E+000
  0.89065791E+000
  0.89064564E+000
  0.89063558E+000
  0.89062727E+000
  0.89062045E+000
  0.89061482E+000
  0.89061016E+000
  0.89060629E+000
  0.89060305E+000
  0.89060037E+000
  0.89059811E+000
  0.89059624E+000
  0.89059469E+000
  0.89059346E+000
  0.89059248E+000
  0.89059179E+000
  0.89059135E+000
  0.89059119E+000
  0.89059132E+000
  0.89059173E+000
  0.89059246E+000
  0.89059352E+000
  0.89059492E+000
  0.89059670E+000
  0.89059885E+000
  0.89060141E+000
  0.89060437E+000
  0.89060775E+000
  0.89061157E+000
  0.89061581E+000
  0.89062049E+000
  0.89062559E+000
  0.89063113E+000
  0.89063707E+000
  0.89064342E+000
  0.89065015E+000
  0.89065725E+000
  0.89066470E+000
  0.89067246E+000
  0.89068052E+000
  0.89068884E+000
  0.89069740E+000
  0.89070616E+000
  0.89071509E+000
  0.89072416E+000
  0.89073333E+000
  0.89074257E+000
  0.89075184E+000
  0.89076111E+000
  0.89077034E+000
  0.89077950E+000
  0.89078855E+000
  0.89079748E+000
  0.89080624E+000
  0.89081482E+000
  0.89082318E+000
  0.89083131E+000
  0.89083918E+000
  0.89084677E+000
  0.89085407E+000
  0.89086106E+000
  0.89086774E+000
  0.89087410E+000
  0.89088013E+000
  0.89088583E+000
  0.89089120E+000
  0.89089624E+000
  0.89090096E+000
  0.89090535E+000
  0.89090943E+000
  0.89091320E+000
  0.89091668E+000
  0.89091988E+000
  0.89092281E+000
  0.89092548E+000
  0.89092791E+000
  0.89093010E+000
  0.89093208E+000
  0.89093385E+000
  0.89093544E+000
  0.89093686E+000
  0.89093811E+000
  0.89093922E+000
  0.89094019E+000
  0.89094104E+000
  0.89094178E+000
  0.89094242E+000
  0.89094297E+000
  0.89094344E+000
  0.89094384E+000
  0.89094417E+000
  0.89094445E+000
  0.89094468E+000
  0.89094487E+000
  0.89094501E+000
  0.89094513E+000
  0.89094522E+000
  0.89094528E+000
  0.89094532E+000
  0.89094535E+000
  0.89094536E+000
  0.89094536E+000
  0.89094535E+000
  0.89094532E+000
  0.89094530E+000
  0.89094526E+000
  0.89094523E+000
  0.89094519E+000
  0.89094515E+000
  0.89094510E+000
  0.89094506E+000
  0.89094501E+000
  0.89094497E+000
  0.89094493E+000
  0.89094488E+000
  0.89094484E+000
  0.89094481E+000
  0.89094477E+000
  0.89094473E+000
  0.89094470E+000
  0.89094467E+000
  0.89094464E+000
  0.89094462E+000
  0.89094459E+000
  0.89094457E+000
  0.89094456E+000
  0.89094454E+000
  0.89094453E+000
  0.89094452E+000
  0.89094451E+000
  0.89094451E+000
  0.89094451E+000
  0.89094451E+000
  0.89094451E+000
  0.89094451E+000
  0.89094452E+000
  0.89094453E+000
  0.89094454E+000
  0.89094455E+000
  0.89094457E+000
  0.89094459E+000
  0.89094460E+000
  0.89094462E+000
  0.89094464E+000
  0.89094466E+000
  0.89094469E+000
  0.89094471E+000
  0.89094473E+000
  0.89094476E+000
  0.89094478E+000
  0.89094481E+000
  0.89094484E+000
  0.89094486E+000
  0.89094489E+000
  0.89094492E+000
  0.89094494E+000
  0.89094497E+000
  0.89094500E+000
  0.89094503E+000
  0.89094505E+000
  0.89094508E+000
  0.89094511E+000
  0.89094514E+000
  0.89094517E+000
  0.89094520E+000
  0.89094523E+000
  0.89094527E+000
  0.89094532E+000
  0.89094538E+000
  0.89094551E+000
  0.89094564E+000
