  0.52114316E-006
  0.52082390E-006
  0.52114087E-006
  0.52123883E-006
  0.52129190E-006
  0.52132398E-006
  0.52134250E-006
  0.52135116E-006
  0.52135234E-006
  0.52134773E-006
  0.52133865E-006
  0.52132622E-006
  0.52131134E-006
  0.52129471E-006
  0.52127694E-006
  0.52125854E-006
  0.52123993E-006
  0.52122144E-006
  0.52120334E-006
  0.52118584E-006
  0.52116911E-006
  0.52115327E-006
  0.52113841E-006
  0.52112461E-006
  0.52111191E-006
  0.52110032E-006
  0.52108986E-006
  0.52108051E-006
  0.52107225E-006
  0.52106506E-006
  0.52105889E-006
  0.52105371E-006
  0.52104946E-006
  0.52104608E-006
  0.52104350E-006
  0.52104167E-006
  0.52104051E-006
  0.52103996E-006
  0.52103993E-006
  0.52104036E-006
  0.52104117E-006
  0.52104232E-006
  0.52104372E-006
  0.52104534E-006
  0.52104713E-006
  0.52104905E-006
  0.52105107E-006
  0.52105317E-006
  0.52105535E-006
  0.52105759E-006
  0.52105989E-006
  0.52106226E-006
  0.52106470E-006
  0.52106721E-006
  0.52106981E-006
  0.52107249E-006
  0.52107526E-006
  0.52107813E-006
  0.52108109E-006
  0.52108413E-006
  0.52108726E-006
  0.52109047E-006
  0.52109375E-006
  0.52109709E-006
  0.52110047E-006
  0.52110390E-006
  0.52110735E-006
  0.52111081E-006
  0.52111427E-006
  0.52111772E-006
  0.52112114E-006
  0.52112451E-006
  0.52112783E-006
  0.52113109E-006
  0.52113426E-006
  0.52113734E-006
  0.52114031E-006
  0.52114316E-006
  0.52114589E-006
  0.52114849E-006
  0.52115094E-006
  0.52115324E-006
  0.52115539E-006
  0.52115737E-006
  0.52115919E-006
  0.52116085E-006
  0.52116234E-006
  0.52116366E-006
  0.52116482E-006
  0.52116581E-006
  0.52116664E-006
  0.52116732E-006
  0.52116785E-006
  0.52116824E-006
  0.52116849E-006
  0.52116861E-006
  0.52116861E-006
  0.52116849E-006
  0.52116828E-006
  0.52116797E-006
  0.52116757E-006
  0.52116709E-006
  0.52116655E-006
  0.52116595E-006
  0.52116529E-006
  0.52116459E-006
  0.52116386E-006
  0.52116310E-006
  0.52116232E-006
  0.52116153E-006
  0.52116072E-006
  0.52115992E-006
  0.52115912E-006
  0.52115832E-006
  0.52115754E-006
  0.52115676E-006
  0.52115601E-006
  0.52115528E-006
  0.52115457E-006
  0.52115388E-006
  0.52115322E-006
  0.52115258E-006
  0.52115197E-006
  0.52115139E-006
  0.52115084E-006
  0.52115031E-006
  0.52114981E-006
  0.52114934E-006
  0.52114889E-006
  0.52114848E-006
  0.52114808E-006
  0.52114771E-006
  0.52114737E-006
  0.52114704E-006
  0.52114674E-006
  0.52114646E-006
  0.52114620E-006
  0.52114596E-006
  0.52114573E-006
  0.52114553E-006
  0.52114533E-006
  0.52114516E-006
  0.52114499E-006
  0.52114485E-006
  0.52114471E-006
  0.52114458E-006
  0.52114447E-006
  0.52114436E-006
  0.52114427E-006
  0.52114418E-006
  0.52114410E-006
  0.52114403E-006
  0.52114397E-006
  0.52114391E-006
  0.52114386E-006
  0.52114381E-006
  0.52114377E-006
  0.52114373E-006
  0.52114370E-006
  0.52114367E-006
  0.52114364E-006
  0.52114362E-006
  0.52114360E-006
  0.52114358E-006
  0.52114356E-006
  0.52114355E-006
  0.52114353E-006
  0.52114352E-006
  0.52114351E-006
  0.52114350E-006
  0.52114350E-006
  0.52114349E-006
  0.52114348E-006
  0.52114348E-006
  0.52114347E-006
  0.52114347E-006
  0.52114346E-006
  0.52114346E-006
  0.52114345E-006
  0.52114345E-006
  0.52114345E-006
  0.52114344E-006
  0.52114344E-006
  0.52114344E-006
  0.52114343E-006
  0.52114343E-006
  0.52114343E-006
  0.52114342E-006
  0.52114342E-006
  0.52114342E-006
  0.52114341E-006
  0.52114341E-006
  0.52114341E-006
  0.52114340E-006
  0.52114339E-006
  0.52114339E-006
  0.52114338E-006
  0.52114337E-006
  0.52114335E-006
  0.52114334E-006
