  0.28931956E+000
  0.28914232E+000
  0.28931829E+000
  0.28937267E+000
  0.28940214E+000
  0.28941995E+000
  0.28943023E+000
  0.28943504E+000
  0.28943569E+000
  0.28943313E+000
  0.28942809E+000
  0.28942119E+000
  0.28941293E+000
  0.28940370E+000
  0.28939383E+000
  0.28938362E+000
  0.28937329E+000
  0.28936302E+000
  0.28935297E+000
  0.28934326E+000
  0.28933397E+000
  0.28932517E+000
  0.28931693E+000
  0.28930927E+000
  0.28930221E+000
  0.28929578E+000
  0.28928997E+000
  0.28928478E+000
  0.28928020E+000
  0.28927620E+000
  0.28927278E+000
  0.28926990E+000
  0.28926754E+000
  0.28926567E+000
  0.28926424E+000
  0.28926322E+000
  0.28926258E+000
  0.28926227E+000
  0.28926225E+000
  0.28926249E+000
  0.28926294E+000
  0.28926358E+000
  0.28926436E+000
  0.28926526E+000
  0.28926625E+000
  0.28926731E+000
  0.28926844E+000
  0.28926960E+000
  0.28927081E+000
  0.28927206E+000
  0.28927333E+000
  0.28927465E+000
  0.28927600E+000
  0.28927740E+000
  0.28927884E+000
  0.28928033E+000
  0.28928187E+000
  0.28928346E+000
  0.28928510E+000
  0.28928679E+000
  0.28928853E+000
  0.28929031E+000
  0.28929213E+000
  0.28929398E+000
  0.28929586E+000
  0.28929777E+000
  0.28929968E+000
  0.28930160E+000
  0.28930353E+000
  0.28930544E+000
  0.28930734E+000
  0.28930921E+000
  0.28931105E+000
  0.28931286E+000
  0.28931462E+000
  0.28931633E+000
  0.28931798E+000
  0.28931956E+000
  0.28932108E+000
  0.28932252E+000
  0.28932388E+000
  0.28932516E+000
  0.28932635E+000
  0.28932745E+000
  0.28932846E+000
  0.28932938E+000
  0.28933021E+000
  0.28933094E+000
  0.28933159E+000
  0.28933214E+000
  0.28933260E+000
  0.28933298E+000
  0.28933327E+000
  0.28933348E+000
  0.28933362E+000
  0.28933369E+000
  0.28933369E+000
  0.28933363E+000
  0.28933351E+000
  0.28933333E+000
  0.28933311E+000
  0.28933285E+000
  0.28933255E+000
  0.28933221E+000
  0.28933185E+000
  0.28933146E+000
  0.28933106E+000
  0.28933063E+000
  0.28933020E+000
  0.28932976E+000
  0.28932931E+000
  0.28932887E+000
  0.28932842E+000
  0.28932798E+000
  0.28932754E+000
  0.28932712E+000
  0.28932670E+000
  0.28932629E+000
  0.28932590E+000
  0.28932551E+000
  0.28932515E+000
  0.28932479E+000
  0.28932445E+000
  0.28932413E+000
  0.28932382E+000
  0.28932353E+000
  0.28932326E+000
  0.28932299E+000
  0.28932275E+000
  0.28932251E+000
  0.28932230E+000
  0.28932209E+000
  0.28932190E+000
  0.28932172E+000
  0.28932155E+000
  0.28932140E+000
  0.28932125E+000
  0.28932112E+000
  0.28932099E+000
  0.28932088E+000
  0.28932077E+000
  0.28932067E+000
  0.28932058E+000
  0.28932050E+000
  0.28932042E+000
  0.28932035E+000
  0.28932029E+000
  0.28932023E+000
  0.28932018E+000
  0.28932013E+000
  0.28932009E+000
  0.28932005E+000
  0.28932001E+000
  0.28931998E+000
  0.28931995E+000
  0.28931992E+000
  0.28931990E+000
  0.28931988E+000
  0.28931986E+000
  0.28931984E+000
  0.28931983E+000
  0.28931982E+000
  0.28931980E+000
  0.28931979E+000
  0.28931979E+000
  0.28931978E+000
  0.28931977E+000
  0.28931976E+000
  0.28931976E+000
  0.28931975E+000
  0.28931975E+000
  0.28931975E+000
  0.28931974E+000
  0.28931974E+000
  0.28931974E+000
  0.28931973E+000
  0.28931973E+000
  0.28931973E+000
  0.28931973E+000
  0.28931972E+000
  0.28931972E+000
  0.28931972E+000
  0.28931972E+000
  0.28931972E+000
  0.28931971E+000
  0.28931971E+000
  0.28931971E+000
  0.28931971E+000
  0.28931971E+000
  0.28931971E+000
  0.28931970E+000
  0.28931970E+000
  0.28931970E+000
  0.28931970E+000
  0.28931969E+000
  0.28931969E+000
  0.28931968E+000
  0.28931968E+000
  0.28931967E+000
  0.28931966E+000
