  0.52304222E+000
  0.50627184E+000
  0.51165278E+000
  0.51379858E+000
  0.51543700E+000
  0.51671884E+000
  0.51776840E+000
  0.51862150E+000
  0.51932811E+000
  0.51991186E+000
  0.52038705E+000
  0.52078212E+000
  0.52111260E+000
  0.52138770E+000
  0.52161693E+000
  0.52180850E+000
  0.52196932E+000
  0.52210384E+000
  0.52221651E+000
  0.52231117E+000
  0.52239093E+000
  0.52245781E+000
  0.52251322E+000
  0.52256009E+000
  0.52259942E+000
  0.52263261E+000
  0.52266033E+000
  0.52268406E+000
  0.52270420E+000
  0.52272112E+000
  0.52273580E+000
  0.52274857E+000
  0.52275966E+000
  0.52276973E+000
  0.52277889E+000
  0.52278736E+000
  0.52279540E+000
  0.52280316E+000
  0.52281090E+000
  0.52281848E+000
  0.52282614E+000
  0.52283389E+000
  0.52284177E+000
  0.52284965E+000
  0.52285777E+000
  0.52286584E+000
  0.52287403E+000
  0.52288224E+000
  0.52289038E+000
  0.52289853E+000
  0.52290659E+000
  0.52291455E+000
  0.52292243E+000
  0.52293013E+000
  0.52293777E+000
  0.52294527E+000
  0.52295262E+000
  0.52295990E+000
  0.52296704E+000
  0.52297409E+000
  0.52298103E+000
  0.52298788E+000
  0.52299460E+000
  0.52300123E+000
  0.52300772E+000
  0.52301407E+000
  0.52302025E+000
  0.52302628E+000
  0.52303208E+000
  0.52303769E+000
  0.52304306E+000
  0.52304818E+000
  0.52305302E+000
  0.52305756E+000
  0.52306182E+000
  0.52306574E+000
  0.52306933E+000
  0.52307257E+000
  0.52307547E+000
  0.52307802E+000
  0.52308022E+000
  0.52308208E+000
  0.52308361E+000
  0.52308480E+000
  0.52308568E+000
  0.52308624E+000
  0.52308650E+000
  0.52308647E+000
  0.52308619E+000
  0.52308568E+000
  0.52308497E+000
  0.52308406E+000
  0.52308298E+000
  0.52308175E+000
  0.52308037E+000
  0.52307890E+000
  0.52307734E+000
  0.52307571E+000
  0.52307405E+000
  0.52307235E+000
  0.52307064E+000
  0.52306894E+000
  0.52306725E+000
  0.52306559E+000
  0.52306397E+000
  0.52306240E+000
  0.52306088E+000
  0.52305943E+000
  0.52305805E+000
  0.52305673E+000
  0.52305549E+000
  0.52305433E+000
  0.52305324E+000
  0.52305222E+000
  0.52305128E+000
  0.52305041E+000
  0.52304960E+000
  0.52304886E+000
  0.52304819E+000
  0.52304757E+000
  0.52304701E+000
  0.52304650E+000
  0.52304604E+000
  0.52304562E+000
  0.52304525E+000
  0.52304491E+000
  0.52304461E+000
  0.52304433E+000
  0.52304409E+000
  0.52304387E+000
  0.52304368E+000
  0.52304351E+000
  0.52304335E+000
  0.52304321E+000
  0.52304309E+000
  0.52304298E+000
  0.52304289E+000
  0.52304280E+000
  0.52304273E+000
  0.52304267E+000
  0.52304261E+000
  0.52304256E+000
  0.52304252E+000
  0.52304248E+000
  0.52304245E+000
  0.52304243E+000
  0.52304241E+000
  0.52304239E+000
  0.52304238E+000
  0.52304237E+000
  0.52304236E+000
  0.52304236E+000
  0.52304236E+000
  0.52304236E+000
  0.52304236E+000
  0.52304236E+000
  0.52304237E+000
  0.52304238E+000
  0.52304239E+000
  0.52304240E+000
  0.52304241E+000
  0.52304242E+000
  0.52304243E+000
  0.52304244E+000
  0.52304245E+000
  0.52304246E+000
  0.52304248E+000
  0.52304249E+000
  0.52304250E+000
  0.52304251E+000
  0.52304252E+000
  0.52304253E+000
  0.52304254E+000
  0.52304254E+000
  0.52304255E+000
  0.52304256E+000
  0.52304256E+000
  0.52304257E+000
  0.52304257E+000
  0.52304258E+000
  0.52304258E+000
  0.52304258E+000
  0.52304258E+000
  0.52304258E+000
  0.52304258E+000
  0.52304258E+000
  0.52304258E+000
  0.52304258E+000
  0.52304258E+000
  0.52304258E+000
  0.52304258E+000
  0.52304258E+000
  0.52304259E+000
  0.52304261E+000
  0.52304263E+000
  0.52304267E+000
  0.52304274E+000
  0.52304283E+000
  0.52304313E+000
  0.52304308E+000
