  0.37555754E+000
  0.37554562E+000
  0.37553561E+000
  0.37552693E+000
  0.37551935E+000
  0.37551273E+000
  0.37550694E+000
  0.37550188E+000
  0.37549748E+000
  0.37549366E+000
  0.37549035E+000
  0.37548749E+000
  0.37548504E+000
  0.37548294E+000
  0.37548117E+000
  0.37547967E+000
  0.37547843E+000
  0.37547741E+000
  0.37547660E+000
  0.37547596E+000
  0.37547549E+000
  0.37547517E+000
  0.37547498E+000
  0.37547491E+000
  0.37547496E+000
  0.37547511E+000
  0.37547536E+000
  0.37547571E+000
  0.37547614E+000
  0.37547666E+000
  0.37547725E+000
  0.37547793E+000
  0.37547868E+000
  0.37547950E+000
  0.37548039E+000
  0.37548136E+000
  0.37548239E+000
  0.37548350E+000
  0.37548467E+000
  0.37548592E+000
  0.37548723E+000
  0.37548862E+000
  0.37549007E+000
  0.37549159E+000
  0.37549318E+000
  0.37549484E+000
  0.37549657E+000
  0.37549837E+000
  0.37550023E+000
  0.37550216E+000
  0.37550416E+000
  0.37550621E+000
  0.37550833E+000
  0.37551050E+000
  0.37551273E+000
  0.37551500E+000
  0.37551732E+000
  0.37551969E+000
  0.37552209E+000
  0.37552452E+000
  0.37552697E+000
  0.37552945E+000
  0.37553193E+000
  0.37553442E+000
  0.37553691E+000
  0.37553939E+000
  0.37554185E+000
  0.37554428E+000
  0.37554668E+000
  0.37554904E+000
  0.37555135E+000
  0.37555361E+000
  0.37555580E+000
  0.37555791E+000
  0.37555995E+000
  0.37556190E+000
  0.37556377E+000
  0.37556553E+000
  0.37556720E+000
  0.37556875E+000
  0.37557020E+000
  0.37557154E+000
  0.37557277E+000
  0.37557387E+000
  0.37557487E+000
  0.37557574E+000
  0.37557650E+000
  0.37557715E+000
  0.37557769E+000
  0.37557811E+000
  0.37557844E+000
  0.37557866E+000
  0.37557878E+000
  0.37557881E+000
  0.37557876E+000
  0.37557862E+000
  0.37557841E+000
  0.37557814E+000
  0.37557779E+000
  0.37557740E+000
  0.37557695E+000
  0.37557645E+000
  0.37557592E+000
  0.37557536E+000
  0.37557477E+000
  0.37557416E+000
  0.37557353E+000
  0.37557289E+000
  0.37557224E+000
  0.37557159E+000
  0.37557094E+000
  0.37557030E+000
  0.37556966E+000
  0.37556903E+000
  0.37556842E+000
  0.37556782E+000
  0.37556724E+000
  0.37556667E+000
  0.37556613E+000
  0.37556560E+000
  0.37556510E+000
  0.37556461E+000
  0.37556415E+000
  0.37556371E+000
  0.37556329E+000
  0.37556290E+000
  0.37556252E+000
  0.37556217E+000
  0.37556183E+000
  0.37556152E+000
  0.37556123E+000
  0.37556095E+000
  0.37556069E+000
  0.37556045E+000
  0.37556022E+000
  0.37556002E+000
  0.37555982E+000
  0.37555964E+000
  0.37555947E+000
  0.37555932E+000
  0.37555918E+000
  0.37555904E+000
  0.37555892E+000
  0.37555881E+000
  0.37555871E+000
  0.37555862E+000
  0.37555853E+000
  0.37555846E+000
  0.37555838E+000
  0.37555832E+000
  0.37555826E+000
  0.37555821E+000
  0.37555816E+000
  0.37555812E+000
  0.37555808E+000
  0.37555805E+000
  0.37555802E+000
  0.37555799E+000
  0.37555796E+000
  0.37555794E+000
  0.37555792E+000
  0.37555790E+000
  0.37555789E+000
  0.37555788E+000
  0.37555786E+000
  0.37555785E+000
  0.37555784E+000
  0.37555784E+000
  0.37555783E+000
  0.37555782E+000
  0.37555782E+000
  0.37555781E+000
  0.37555780E+000
  0.37555780E+000
  0.37555780E+000
  0.37555779E+000
  0.37555779E+000
  0.37555779E+000
  0.37555778E+000
  0.37555778E+000
  0.37555778E+000
  0.37555777E+000
  0.37555777E+000
  0.37555777E+000
  0.37555777E+000
  0.37555776E+000
  0.37555776E+000
  0.37555776E+000
  0.37555775E+000
  0.37555775E+000
  0.37555775E+000
  0.37555775E+000
  0.37555774E+000
  0.37555774E+000
  0.37555773E+000
  0.37555773E+000
  0.37555772E+000
  0.37555771E+000
  0.37555769E+000
  0.37555768E+000
