  0.69328195E-001
  0.68911568E-001
  0.68758491E-001
  0.68664222E-001
  0.68615474E-001
  0.68595941E-001
  0.68596175E-001
  0.68610618E-001
  0.68635021E-001
  0.68666204E-001
  0.68701759E-001
  0.68739901E-001
  0.68779287E-001
  0.68818854E-001
  0.68857825E-001
  0.68895641E-001
  0.68931905E-001
  0.68966384E-001
  0.68998929E-001
  0.69029376E-001
  0.69057637E-001
  0.69083702E-001
  0.69107593E-001
  0.69129384E-001
  0.69149156E-001
  0.69167016E-001
  0.69183074E-001
  0.69197465E-001
  0.69210316E-001
  0.69221750E-001
  0.69231904E-001
  0.69240904E-001
  0.69248869E-001
  0.69255922E-001
  0.69262169E-001
  0.69267713E-001
  0.69272647E-001
  0.69277056E-001
  0.69281022E-001
  0.69284606E-001
  0.69287870E-001
  0.69290865E-001
  0.69293634E-001
  0.69296211E-001
  0.69298630E-001
  0.69300909E-001
  0.69303070E-001
  0.69305128E-001
  0.69307090E-001
  0.69308968E-001
  0.69310766E-001
  0.69312486E-001
  0.69314135E-001
  0.69315710E-001
  0.69317216E-001
  0.69318654E-001
  0.69320024E-001
  0.69321329E-001
  0.69322569E-001
  0.69323747E-001
  0.69324862E-001
  0.69325918E-001
  0.69326915E-001
  0.69327854E-001
  0.69328735E-001
  0.69329559E-001
  0.69330327E-001
  0.69331039E-001
  0.69331695E-001
  0.69332295E-001
  0.69332839E-001
  0.69333329E-001
  0.69333764E-001
  0.69334144E-001
  0.69334471E-001
  0.69334745E-001
  0.69334967E-001
  0.69335139E-001
  0.69335262E-001
  0.69335339E-001
  0.69335372E-001
  0.69335363E-001
  0.69335316E-001
  0.69335233E-001
  0.69335116E-001
  0.69334969E-001
  0.69334793E-001
  0.69334592E-001
  0.69334371E-001
  0.69334132E-001
  0.69333879E-001
  0.69333615E-001
  0.69333342E-001
  0.69333063E-001
  0.69332780E-001
  0.69332496E-001
  0.69332213E-001
  0.69331935E-001
  0.69331662E-001
  0.69331395E-001
  0.69331137E-001
  0.69330889E-001
  0.69330652E-001
  0.69330426E-001
  0.69330212E-001
  0.69330010E-001
  0.69329821E-001
  0.69329646E-001
  0.69329483E-001
  0.69329332E-001
  0.69329194E-001
  0.69329068E-001
  0.69328954E-001
  0.69328850E-001
  0.69328757E-001
  0.69328673E-001
  0.69328599E-001
  0.69328533E-001
  0.69328475E-001
  0.69328424E-001
  0.69328380E-001
  0.69328342E-001
  0.69328309E-001
  0.69328281E-001
  0.69328257E-001
  0.69328237E-001
  0.69328220E-001
  0.69328206E-001
  0.69328195E-001
  0.69328186E-001
  0.69328179E-001
  0.69328173E-001
  0.69328169E-001
  0.69328166E-001
  0.69328164E-001
  0.69328163E-001
  0.69328163E-001
  0.69328163E-001
  0.69328164E-001
  0.69328165E-001
  0.69328167E-001
  0.69328169E-001
  0.69328171E-001
  0.69328173E-001
  0.69328175E-001
  0.69328177E-001
  0.69328180E-001
  0.69328182E-001
  0.69328185E-001
  0.69328188E-001
  0.69328190E-001
  0.69328193E-001
  0.69328195E-001
  0.69328198E-001
  0.69328200E-001
  0.69328203E-001
  0.69328205E-001
  0.69328207E-001
  0.69328210E-001
  0.69328212E-001
  0.69328214E-001
  0.69328216E-001
  0.69328218E-001
  0.69328220E-001
  0.69328222E-001
  0.69328223E-001
  0.69328225E-001
  0.69328226E-001
  0.69328228E-001
  0.69328229E-001
  0.69328230E-001
  0.69328231E-001
  0.69328232E-001
  0.69328233E-001
  0.69328234E-001
  0.69328234E-001
  0.69328235E-001
  0.69328235E-001
  0.69328236E-001
  0.69328236E-001
  0.69328236E-001
  0.69328236E-001
  0.69328236E-001
  0.69328236E-001
  0.69328236E-001
  0.69328235E-001
  0.69328235E-001
  0.69328235E-001
  0.69328234E-001
  0.69328234E-001
  0.69328234E-001
  0.69328234E-001
  0.69328235E-001
  0.69328236E-001
  0.69328238E-001
  0.69328241E-001
  0.69328247E-001
  0.69328255E-001
  0.69328276E-001
  0.69328268E-001
