  0.93159550E+000
  0.93109580E+000
  0.93085394E+000
  0.93069127E+000
  0.93059067E+000
  0.93053332E+000
  0.93050699E+000
  0.93050343E+000
  0.93051645E+000
  0.93054137E+000
  0.93057457E+000
  0.93061332E+000
  0.93065553E+000
  0.93069955E+000
  0.93074425E+000
  0.93078877E+000
  0.93083249E+000
  0.93087495E+000
  0.93091586E+000
  0.93095504E+000
  0.93099239E+000
  0.93102788E+000
  0.93106151E+000
  0.93109336E+000
  0.93112349E+000
  0.93115198E+000
  0.93117895E+000
  0.93120451E+000
  0.93122875E+000
  0.93125178E+000
  0.93127372E+000
  0.93129464E+000
  0.93131464E+000
  0.93133379E+000
  0.93135217E+000
  0.93136982E+000
  0.93138680E+000
  0.93140312E+000
  0.93141882E+000
  0.93143391E+000
  0.93144839E+000
  0.93146226E+000
  0.93147551E+000
  0.93148813E+000
  0.93150010E+000
  0.93151142E+000
  0.93152207E+000
  0.93153205E+000
  0.93154135E+000
  0.93154999E+000
  0.93155798E+000
  0.93156532E+000
  0.93157206E+000
  0.93157821E+000
  0.93158381E+000
  0.93158889E+000
  0.93159350E+000
  0.93159767E+000
  0.93160143E+000
  0.93160483E+000
  0.93160789E+000
  0.93161064E+000
  0.93161311E+000
  0.93161532E+000
  0.93161729E+000
  0.93161903E+000
  0.93162055E+000
  0.93162188E+000
  0.93162301E+000
  0.93162396E+000
  0.93162474E+000
  0.93162534E+000
  0.93162579E+000
  0.93162608E+000
  0.93162622E+000
  0.93162622E+000
  0.93162609E+000
  0.93162583E+000
  0.93162545E+000
  0.93162497E+000
  0.93162438E+000
  0.93162370E+000
  0.93162294E+000
  0.93162210E+000
  0.93162120E+000
  0.93162025E+000
  0.93161925E+000
  0.93161821E+000
  0.93161714E+000
  0.93161605E+000
  0.93161496E+000
  0.93161386E+000
  0.93161277E+000
  0.93161168E+000
  0.93161062E+000
  0.93160957E+000
  0.93160855E+000
  0.93160757E+000
  0.93160662E+000
  0.93160571E+000
  0.93160484E+000
  0.93160401E+000
  0.93160323E+000
  0.93160249E+000
  0.93160180E+000
  0.93160116E+000
  0.93160056E+000
  0.93160001E+000
  0.93159949E+000
  0.93159903E+000
  0.93159860E+000
  0.93159821E+000
  0.93159785E+000
  0.93159753E+000
  0.93159724E+000
  0.93159699E+000
  0.93159676E+000
  0.93159656E+000
  0.93159638E+000
  0.93159622E+000
  0.93159608E+000
  0.93159596E+000
  0.93159586E+000
  0.93159577E+000
  0.93159569E+000
  0.93159563E+000
  0.93159557E+000
  0.93159553E+000
  0.93159549E+000
  0.93159546E+000
  0.93159543E+000
  0.93159541E+000
  0.93159540E+000
  0.93159539E+000
  0.93159538E+000
  0.93159537E+000
  0.93159537E+000
  0.93159537E+000
  0.93159537E+000
  0.93159537E+000
  0.93159537E+000
  0.93159538E+000
  0.93159538E+000
  0.93159539E+000
  0.93159540E+000
  0.93159540E+000
  0.93159541E+000
  0.93159542E+000
  0.93159542E+000
  0.93159543E+000
  0.93159544E+000
  0.93159544E+000
  0.93159545E+000
  0.93159546E+000
  0.93159546E+000
  0.93159547E+000
  0.93159548E+000
  0.93159548E+000
  0.93159549E+000
  0.93159549E+000
  0.93159550E+000
  0.93159550E+000
  0.93159551E+000
  0.93159551E+000
  0.93159552E+000
  0.93159552E+000
  0.93159552E+000
  0.93159553E+000
  0.93159553E+000
  0.93159553E+000
  0.93159553E+000
  0.93159553E+000
  0.93159554E+000
  0.93159554E+000
  0.93159554E+000
  0.93159554E+000
  0.93159554E+000
  0.93159554E+000
  0.93159554E+000
  0.93159554E+000
  0.93159554E+000
  0.93159554E+000
  0.93159554E+000
  0.93159554E+000
  0.93159554E+000
  0.93159554E+000
  0.93159554E+000
  0.93159553E+000
  0.93159553E+000
  0.93159553E+000
  0.93159553E+000
  0.93159553E+000
  0.93159553E+000
  0.93159553E+000
  0.93159554E+000
  0.93159554E+000
  0.93159555E+000
  0.93159556E+000
  0.93159558E+000
  0.93159556E+000
