  0.35347332E+000
  0.35363545E+000
  0.35372783E+000
  0.35380109E+000
  0.35386298E+000
  0.35391025E+000
  0.35395126E+000
  0.35398613E+000
  0.35401516E+000
  0.35404169E+000
  0.35406042E+000
  0.35407874E+000
  0.35409204E+000
  0.35410522E+000
  0.35411635E+000
  0.35412541E+000
  0.35413306E+000
  0.35413987E+000
  0.35414593E+000
  0.35415011E+000
  0.35415444E+000
  0.35415789E+000
  0.35416115E+000
  0.35416276E+000
  0.35416526E+000
  0.35416692E+000
  0.35416827E+000
  0.35416961E+000
  0.35417066E+000
  0.35417123E+000
  0.35417236E+000
  0.35417329E+000
  0.35417405E+000
  0.35417435E+000
  0.35417498E+000
  0.35417564E+000
  0.35417626E+000
  0.35417722E+000
  0.35417714E+000
  0.35417750E+000
  0.35417815E+000
  0.35417882E+000
  0.35417950E+000
  0.35417987E+000
  0.35418073E+000
  0.35418154E+000
  0.35418236E+000
  0.35418289E+000
  0.35418355E+000
  0.35418406E+000
  0.35418461E+000
  0.35418511E+000
  0.35418562E+000
  0.35418602E+000
  0.35418637E+000
  0.35418674E+000
  0.35418703E+000
  0.35418713E+000
  0.35418918E+000
  0.35418933E+000
  0.35418946E+000
  0.35418944E+000
  0.35418949E+000
  0.35418938E+000
  0.35418935E+000
  0.35418915E+000
  0.35418889E+000
  0.35418886E+000
  0.35418682E+000
  0.35418657E+000
  0.35418615E+000
  0.35418572E+000
  0.35418759E+000
  0.35418723E+000
  0.35418658E+000
  0.35418627E+000
  0.35418578E+000
  0.35418291E+000
  0.35418216E+000
  0.35418155E+000
  0.35418113E+000
  0.35418039E+000
  0.35417991E+000
  0.35417931E+000
  0.35417872E+000
  0.35417819E+000
  0.35417782E+000
  0.35417733E+000
  0.35417687E+000
  0.35417637E+000
  0.35417610E+000
  0.35417574E+000
  0.35417534E+000
  0.35417499E+000
  0.35417469E+000
  0.35417443E+000
  0.35417429E+000
  0.35417405E+000
  0.35417381E+000
  0.35417359E+000
  0.35417343E+000
  0.35417325E+000
  0.35417308E+000
  0.35417288E+000
  0.35417275E+000
  0.35417260E+000
  0.35417249E+000
  0.35417239E+000
  0.35417231E+000
  0.35417224E+000
  0.35417218E+000
  0.35417213E+000
  0.35417210E+000
  0.35417208E+000
  0.35417202E+000
  0.35417202E+000
  0.35417203E+000
  0.35417205E+000
  0.35417207E+000
  0.35417209E+000
  0.35417211E+000
  0.35417214E+000
  0.35417218E+000
  0.35417222E+000
  0.35417226E+000
  0.35417230E+000
  0.35417234E+000
  0.35417238E+000
  0.35417242E+000
  0.35417246E+000
  0.35417250E+000
  0.35417254E+000
  0.35417258E+000
  0.35417262E+000
  0.35417266E+000
  0.35417270E+000
  0.35417273E+000
  0.35417276E+000
  0.35417279E+000
  0.35417282E+000
  0.35417284E+000
  0.35417287E+000
  0.35417289E+000
  0.35417291E+000
  0.35417293E+000
  0.35417294E+000
  0.35417295E+000
  0.35417296E+000
  0.35417297E+000
  0.35417297E+000
  0.35417297E+000
  0.35417297E+000
  0.35417297E+000
  0.35417296E+000
  0.35417295E+000
  0.35417294E+000
  0.35417292E+000
  0.35417290E+000
  0.35417288E+000
  0.35417286E+000
  0.35417284E+000
  0.35417281E+000
  0.35417278E+000
  0.35417274E+000
  0.35417271E+000
  0.35417267E+000
  0.35417263E+000
  0.35417259E+000
  0.35417255E+000
  0.35417251E+000
  0.35417246E+000
  0.35417241E+000
  0.35417236E+000
  0.35417231E+000
  0.35417226E+000
  0.35417221E+000
  0.35417215E+000
  0.35417210E+000
  0.35417204E+000
  0.35417198E+000
  0.35417193E+000
  0.35417187E+000
  0.35417181E+000
  0.35417175E+000
  0.35417169E+000
  0.35417163E+000
  0.35417157E+000
  0.35417151E+000
  0.35417146E+000
  0.35417140E+000
  0.35417134E+000
  0.35417128E+000
  0.35417122E+000
  0.35417116E+000
  0.35417111E+000
  0.35417105E+000
  0.35417099E+000
  0.35417094E+000
  0.35417088E+000
  0.35417082E+000
