  0.43023000E+000
  0.43032830E+000
  0.43036335E+000
  0.43039694E+000
  0.43042628E+000
  0.43045045E+000
  0.43047220E+000
  0.43049091E+000
  0.43050811E+000
  0.43051917E+000
  0.43053088E+000
  0.43054185E+000
  0.43055428E+000
  0.43056164E+000
  0.43056796E+000
  0.43057360E+000
  0.43057812E+000
  0.43058304E+000
  0.43058652E+000
  0.43058927E+000
  0.43059154E+000
  0.43059333E+000
  0.43059502E+000
  0.43059906E+000
  0.43060049E+000
  0.43060165E+000
  0.43060249E+000
  0.43060354E+000
  0.43060437E+000
  0.43060471E+000
  0.43060747E+000
  0.43060842E+000
  0.43060924E+000
  0.43060970E+000
  0.43060996E+000
  0.43061044E+000
  0.43060930E+000
  0.43060975E+000
  0.43061008E+000
  0.43061053E+000
  0.43061049E+000
  0.43061090E+000
  0.43061111E+000
  0.43061104E+000
  0.43061134E+000
  0.43061155E+000
  0.43061179E+000
  0.43061198E+000
  0.43061243E+000
  0.43061264E+000
  0.43061303E+000
  0.43061309E+000
  0.43061335E+000
  0.43061281E+000
  0.43061302E+000
  0.43061337E+000
  0.43061347E+000
  0.43061364E+000
  0.43061388E+000
  0.43061410E+000
  0.43061409E+000
  0.43061416E+000
  0.43061413E+000
  0.43061294E+000
  0.43061278E+000
  0.43061236E+000
  0.43061208E+000
  0.43061173E+000
  0.43061126E+000
  0.43061122E+000
  0.43061086E+000
  0.43061040E+000
  0.43061026E+000
  0.43060976E+000
  0.43060905E+000
  0.43060878E+000
  0.43060846E+000
  0.43060790E+000
  0.43060742E+000
  0.43060692E+000
  0.43060661E+000
  0.43060609E+000
  0.43060570E+000
  0.43060507E+000
  0.43060458E+000
  0.43060404E+000
  0.43060394E+000
  0.43060372E+000
  0.43060328E+000
  0.43060296E+000
  0.43060262E+000
  0.43060237E+000
  0.43060210E+000
  0.43060180E+000
  0.43060144E+000
  0.43060116E+000
  0.43060103E+000
  0.43060076E+000
  0.43060058E+000
  0.43060035E+000
  0.43060007E+000
  0.43059993E+000
  0.43059972E+000
  0.43059964E+000
  0.43059959E+000
  0.43059932E+000
  0.43059927E+000
  0.43059926E+000
  0.43059962E+000
  0.43059960E+000
  0.43059953E+000
  0.43059953E+000
  0.43059953E+000
  0.43059955E+000
  0.43059958E+000
  0.43059871E+000
  0.43059876E+000
  0.43059880E+000
  0.43059884E+000
  0.43059888E+000
  0.43059894E+000
  0.43059898E+000
  0.43059901E+000
  0.43059906E+000
  0.43059910E+000
  0.43059915E+000
  0.43059918E+000
  0.43059923E+000
  0.43059927E+000
  0.43059931E+000
  0.43059935E+000
  0.43059939E+000
  0.43059944E+000
  0.43059948E+000
  0.43059951E+000
  0.43059954E+000
  0.43059957E+000
  0.43059960E+000
  0.43059962E+000
  0.43059964E+000
  0.43059967E+000
  0.43059968E+000
  0.43059970E+000
  0.43059971E+000
  0.43059973E+000
  0.43059973E+000
  0.43059974E+000
  0.43059974E+000
  0.43059974E+000
  0.43059974E+000
  0.43059973E+000
  0.43059972E+000
  0.43059971E+000
  0.43059969E+000
  0.43059967E+000
  0.43059965E+000
  0.43059963E+000
  0.43059960E+000
  0.43059957E+000
  0.43059954E+000
  0.43059950E+000
  0.43059947E+000
  0.43059943E+000
  0.43059939E+000
  0.43059935E+000
  0.43059931E+000
  0.43059927E+000
  0.43059922E+000
  0.43059917E+000
  0.43059912E+000
  0.43059907E+000
  0.43059902E+000
  0.43059897E+000
  0.43059893E+000
  0.43059887E+000
  0.43059882E+000
  0.43059876E+000
  0.43059870E+000
  0.43059865E+000
  0.43059859E+000
  0.43059853E+000
  0.43059847E+000
  0.43059841E+000
  0.43059835E+000
  0.43059829E+000
  0.43059823E+000
  0.43059817E+000
  0.43059811E+000
  0.43059805E+000
  0.43059800E+000
  0.43059794E+000
  0.43059788E+000
  0.43059782E+000
  0.43059776E+000
  0.43059770E+000
  0.43059764E+000
  0.43059759E+000
  0.43059754E+000
  0.43059748E+000
  0.43059742E+000
