  0.19289015E+000  0.21734857E+000  0.35410299E+000  0.51658189E+000  0.86285005E+000  0.98260709E+000  0.13335595E+001  0.24908424E+001  0.41412770E+001  0.58137887E+001  0.93528461E+001
  0.19267907E+000  0.21759349E+000  0.35377743E+000  0.51532239E+000  0.86183878E+000  0.98126423E+000  0.13305717E+001  0.24874392E+001  0.41233902E+001  0.58160006E+001  0.93443754E+001
  0.19258048E+000  0.21765667E+000  0.35363831E+000  0.51534911E+000  0.86136629E+000  0.98075679E+000  0.13296463E+001  0.24863551E+001  0.41168607E+001  0.58171652E+001  0.93315149E+001
  0.19250189E+000  0.21771894E+000  0.35352320E+000  0.51538986E+000  0.86090390E+000  0.98032198E+000  0.13294266E+001  0.24851706E+001  0.41115625E+001  0.58179849E+001  0.93226051E+001
  0.19241705E+000  0.21774997E+000  0.35342644E+000  0.51540334E+000  0.86048486E+000  0.97990289E+000  0.13291106E+001  0.24840471E+001  0.41071812E+001  0.58178564E+001  0.93154091E+001
  0.19238216E+000  0.21779875E+000  0.35334665E+000  0.51542386E+000  0.86023381E+000  0.97938790E+000  0.13288847E+001  0.24833604E+001  0.41036658E+001  0.58191504E+001  0.93070568E+001
  0.19232754E+000  0.21782572E+000  0.35331022E+000  0.51543600E+000  0.86010279E+000  0.97943057E+000  0.13287860E+001  0.24825548E+001  0.41020461E+001  0.58194183E+001  0.93000675E+001
  0.19228380E+000  0.21785754E+000  0.35330247E+000  0.51543030E+000  0.85984493E+000  0.97910760E+000  0.13288078E+001  0.24821840E+001  0.41023031E+001  0.58199651E+001  0.92976560E+001
  0.19226036E+000  0.21788091E+000  0.35325957E+000  0.51545206E+000  0.85969400E+000  0.97904049E+000  0.13288382E+001  0.24817984E+001  0.41025163E+001  0.58198584E+001  0.92929688E+001
  0.19223085E+000  0.21789226E+000  0.35329121E+000  0.51545730E+000  0.85964986E+000  0.97888196E+000  0.13288795E+001  0.24813258E+001  0.41046514E+001  0.58199621E+001  0.92893357E+001
  0.19220724E+000  0.21790499E+000  0.35327931E+000  0.51543944E+000  0.85953177E+000  0.97873843E+000  0.13288708E+001  0.24810913E+001  0.41053071E+001  0.58203100E+001  0.92886986E+001
  0.19218525E+000  0.21791551E+000  0.35324206E+000  0.51544626E+000  0.85936415E+000  0.97861636E+000  0.13289052E+001  0.24808439E+001  0.41057362E+001  0.58203543E+001  0.92863455E+001
  0.19213706E+000  0.21792473E+000  0.35326246E+000  0.51545145E+000  0.85928939E+000  0.97853777E+000  0.13289333E+001  0.24806559E+001  0.41057208E+001  0.58203861E+001  0.92837770E+001
  0.19212508E+000  0.21793133E+000  0.35325975E+000  0.51545531E+000  0.85926792E+000  0.97842423E+000  0.13288503E+001  0.24804139E+001  0.41084452E+001  0.58204107E+001  0.92817639E+001
  0.19213606E+000  0.21793688E+000  0.35326271E+000  0.51545811E+000  0.85915780E+000  0.97837951E+000  0.13288069E+001  0.24802067E+001  0.41082179E+001  0.58208441E+001  0.92801091E+001
  0.19209738E+000  0.21792350E+000  0.35325688E+000  0.51546004E+000  0.85910767E+000  0.97828406E+000  0.13289163E+001  0.24800290E+001  0.41079193E+001  0.58209275E+001  0.92809758E+001
  0.19210291E+000  0.21792835E+000  0.35325845E+000  0.51546126E+000  0.85906449E+000  0.97822860E+000  0.13288808E+001  0.24798763E+001  0.41078749E+001  0.58209969E+001  0.92791300E+001
  0.19210732E+000  0.21793220E+000  0.35313890E+000  0.51546189E+000  0.85902719E+000  0.97821614E+000  0.13288502E+001  0.24797448E+001  0.41078072E+001  0.58210547E+001  0.92788812E+001
  0.19206358E+000  0.21793520E+000  0.35315210E+000  0.51546203E+000  0.85899487E+000  0.97813984E+000  0.13288238E+001  0.24796313E+001  0.41077268E+001  0.58211025E+001  0.92778176E+001
  0.19205653E+000  0.21793748E+000  0.35316470E+000  0.51546177E+000  0.85901302E+000  0.97814972E+000  0.13289525E+001  0.24795331E+001  0.41077207E+001  0.58211420E+001  0.92771855E+001
  0.19205041E+000  0.21793914E+000  0.35317669E+000  0.51546118E+000  0.85894238E+000  0.97807367E+000  0.13289306E+001  0.24794478E+001  0.41077626E+001  0.58214403E+001  0.92766871E+001
  0.19204509E+000  0.21794027E+000  0.35318810E+000  0.51546031E+000  0.85892102E+000  0.97804702E+000  0.13289115E+001  0.24793736E+001  0.41078612E+001  0.58213440E+001  0.92763422E+001
  0.19204043E+000  0.21794095E+000  0.35319895E+000  0.51545921E+000  0.85890224E+000  0.97804047E+000  0.13288946E+001  0.24793086E+001  0.41083167E+001  0.58212599E+001  0.92755367E+001
  0.19203635E+000  0.21794126E+000  0.35320930E+000  0.51545792E+000  0.85888570E+000  0.97804427E+000  0.13288798E+001  0.24792516E+001  0.41082616E+001  0.58212391E+001  0.92751176E+001
  0.19203275E+000  0.21794779E+000  0.35321918E+000  0.51545647E+000  0.85887103E+000  0.97804643E+000  0.13288666E+001  0.24792013E+001  0.41082196E+001  0.58212525E+001  0.92747585E+001
  0.19202956E+000  0.21794648E+000  0.35322863E+000  0.51545488E+000  0.85885797E+000  0.97798553E+000  0.13288548E+001  0.24791567E+001  0.41116097E+001  0.58212627E+001  0.92745185E+001
  0.19202671E+000  0.21794512E+000  0.35332854E+000  0.51545318E+000  0.85884622E+000  0.97798408E+000  0.13288441E+001  0.24791168E+001  0.41115631E+001  0.58212704E+001  0.92744932E+001
  0.19202416E+000  0.21794371E+000  0.35333050E+000  0.51545138E+000  0.85883562E+000  0.97798260E+000  0.13288344E+001  0.24790810E+001  0.41115158E+001  0.58212759E+001  0.92744669E+001
  0.19202185E+000  0.21794227E+000  0.35323522E+000  0.51544951E+000  0.85882598E+000  0.97798111E+000  0.13288255E+001  0.24790486E+001  0.41114696E+001  0.58212796E+001  0.92740266E+001
  0.19201974E+000  0.21794079E+000  0.35323437E+000  0.51544833E+000  0.85881711E+000  0.97797960E+000  0.13288173E+001  0.24790189E+001  0.41114250E+001  0.58212817E+001  0.92740007E+001
  0.19201796E+000  0.21793929E+000  0.35323349E+000  0.51544692E+000  0.85880890E+000  0.97797808E+000  0.13289406E+001  0.24789915E+001  0.41113828E+001  0.58212826E+001  0.92739758E+001
  0.19201745E+000  0.21793775E+000  0.35323256E+000  0.51544530E+000  0.85880125E+000  0.97797655E+000  0.13289325E+001  0.24789661E+001  0.41113430E+001  0.58212824E+001  0.92734063E+001
  0.19201676E+000  0.21793619E+000  0.35323158E+000  0.51544351E+000  0.85879403E+000  0.97797502E+000  0.13289247E+001  0.24789422E+001  0.41113056E+001  0.58212813E+001  0.92733870E+001
  0.19201592E+000  0.21793462E+000  0.35323055E+000  0.51544159E+000  0.85878719E+000  0.97788728E+000  0.13289171E+001  0.24789197E+001  0.41112831E+001  0.58212795E+001  0.92733682E+001
  0.19205688E+000  0.21793302E+000  0.35322947E+000  0.51543956E+000  0.85878066E+000  0.97788000E+000  0.13289098E+001  0.24788982E+001  0.41112598E+001  0.58212771E+001  0.92733500E+001
  0.19205512E+000  0.21793141E+000  0.35322833E+000  0.51543745E+000  0.85877439E+000  0.97787306E+000  0.13289027E+001  0.24788776E+001  0.41112358E+001  0.58212742E+001  0.92733320E+001
  0.19205343E+000  0.21792979E+000  0.35322714E+000  0.51543526E+000  0.85876832E+000  0.97786639E+000  0.13288958E+001  0.24788589E+001  0.41112114E+001  0.58212710E+001  0.92733144E+001
  0.19205180E+000  0.21792816E+000  0.35322589E+000  0.51543302E+000  0.85876244E+000  0.97785994E+000  0.13288890E+001  0.24788451E+001  0.41111867E+001  0.58212674E+001  0.92732970E+001
  0.19205022E+000  0.21792653E+000  0.35322459E+000  0.51543075E+000  0.85875672E+000  0.97785373E+000  0.13288823E+001  0.24788318E+001  0.41111619E+001  0.58212636E+001  0.92726131E+001
  0.19204868E+000  0.21792489E+000  0.35322324E+000  0.51542844E+000  0.85875114E+000  0.97784769E+000  0.13289052E+001  0.24788187E+001  0.41111371E+001  0.58212595E+001  0.92725394E+001
  0.19204718E+000  0.21792325E+000  0.35322185E+000  0.51542611E+000  0.85874570E+000  0.97784182E+000  0.13288987E+001  0.24788060E+001  0.41111123E+001  0.58212553E+001  0.92724691E+001
  0.19204573E+000  0.21792161E+000  0.35322041E+000  0.51542376E+000  0.85874039E+000  0.97783612E+000  0.13288923E+001  0.24787936E+001  0.41110877E+001  0.58212509E+001  0.92724020E+001
  0.19204431E+000  0.21791998E+000  0.35321895E+000  0.51542141E+000  0.85873521E+000  0.97783058E+000  0.13288861E+001  0.24787816E+001  0.41110634E+001  0.58212464E+001  0.92723379E+001
  0.19204293E+000  0.21791835E+000  0.35321745E+000  0.51541907E+000  0.85873016E+000  0.97782521E+000  0.13288800E+001  0.24787698E+001  0.41110395E+001  0.58212418E+001  0.92722766E+001
  0.19204159E+000  0.21791674E+000  0.35321593E+000  0.51541673E+000  0.85872527E+000  0.97782002E+000  0.13288740E+001  0.24787585E+001  0.41109950E+001  0.58212372E+001  0.92722185E+001
  0.19204029E+000  0.21791514E+000  0.35321440E+000  0.51541441E+000  0.85872052E+000  0.97781500E+000  0.13288683E+001  0.24787474E+001  0.41109780E+001  0.58212325E+001  0.92721632E+001
  0.19203904E+000  0.21791357E+000  0.35321287E+000  0.51541210E+000  0.85871594E+000  0.97781018E+000  0.13288627E+001  0.24787368E+001  0.41109623E+001  0.58212277E+001  0.92721111E+001
  0.19203784E+000  0.21791201E+000  0.35321133E+000  0.51540982E+000  0.85871155E+000  0.97780558E+000  0.13288573E+001  0.24787266E+001  0.41109481E+001  0.58212229E+001  0.92720625E+001
  0.19203669E+000  0.21791049E+000  0.35320981E+000  0.51540777E+000  0.85870735E+000  0.97780120E+000  0.13288520E+001  0.24787169E+001  0.41121784E+001  0.58212181E+001  0.92720173E+001
  0.19203560E+000  0.21790899E+000  0.35320831E+000  0.51540589E+000  0.85870509E+000  0.97779707E+000  0.13288471E+001  0.24787077E+001  0.41121642E+001  0.58212132E+001  0.92719759E+001
  0.19203458E+000  0.21790754E+000  0.35320683E+000  0.51540406E+000  0.85870317E+000  0.97779320E+000  0.13288423E+001  0.24786991E+001  0.41121511E+001  0.58212084E+001  0.92719384E+001
  0.19203362E+000  0.21790612E+000  0.35320539E+000  0.51540231E+000  0.85870133E+000  0.97778960E+000  0.13288378E+001  0.24786910E+001  0.41121392E+001  0.58212036E+001  0.92719051E+001
  0.19203273E+000  0.21790475E+000  0.35320399E+000  0.51540062E+000  0.85869958E+000  0.97778630E+000  0.13288336E+001  0.24786835E+001  0.41121287E+001  0.58211987E+001  0.92718763E+001
  0.19203192E+000  0.21790343E+000  0.35320264E+000  0.51539901E+000  0.85869791E+000  0.97778330E+000  0.13288297E+001  0.24786767E+001  0.41121196E+001  0.58211939E+001  0.92718520E+001
  0.19203118E+000  0.21790216E+000  0.35320135E+000  0.51539748E+000  0.85869633E+000  0.97778063E+000  0.13288261E+001  0.24786706E+001  0.41121121E+001  0.58211892E+001  0.92718325E+001
  0.19203053E+000  0.21790095E+000  0.35320013E+000  0.51539604E+000  0.85869486E+000  0.97777829E+000  0.13288228E+001  0.24786651E+001  0.41121061E+001  0.58211845E+001  0.92718178E+001
  0.19203631E+000  0.21789981E+000  0.35319897E+000  0.51539469E+000  0.85869349E+000  0.97777630E+000  0.13288198E+001  0.24786604E+001  0.41121017E+001  0.58211798E+001  0.92718082E+001
  0.19203591E+000  0.21789873E+000  0.35319789E+000  0.51539344E+000  0.85869223E+000  0.97777467E+000  0.13288172E+001  0.24786565E+001  0.41120989E+001  0.58211752E+001  0.92718036E+001
  0.19203560E+000  0.21789772E+000  0.35319689E+000  0.51539228E+000  0.85869108E+000  0.97777341E+000  0.13288149E+001  0.24786533E+001  0.41120979E+001  0.58211707E+001  0.92718043E+001
  0.19203536E+000  0.21789678E+000  0.35319598E+000  0.51539122E+000  0.85869004E+000  0.97777252E+000  0.13288129E+001  0.24786509E+001  0.41120985E+001  0.58211663E+001  0.92718101E+001
  0.19203520E+000  0.21789592E+000  0.35319515E+000  0.51539027E+000  0.85868913E+000  0.97777200E+000  0.13288114E+001  0.24786493E+001  0.41121007E+001  0.58211620E+001  0.92718212E+001
  0.19203512E+000  0.21789513E+000  0.35319441E+000  0.51538943E+000  0.85868834E+000  0.97777186E+000  0.13288102E+001  0.24786484E+001  0.41121046E+001  0.58211578E+001  0.92718374E+001
  0.19203513E+000  0.21789443E+000  0.35319377E+000  0.51538870E+000  0.85868767E+000  0.97777210E+000  0.13288093E+001  0.24786483E+001  0.41122354E+001  0.58211538E+001  0.92718587E+001
  0.19203521E+000  0.21789380E+000  0.35319322E+000  0.51538807E+000  0.85868712E+000  0.97777272E+000  0.13288089E+001  0.24786491E+001  0.41122372E+001  0.58211498E+001  0.92718851E+001
  0.19203537E+000  0.21789325E+000  0.35319276E+000  0.51538755E+000  0.85868670E+000  0.97777370E+000  0.13288088E+001  0.24786506E+001  0.41122410E+001  0.58211461E+001  0.92719164E+001
  0.19203561E+000  0.21789279E+000  0.35319239E+000  0.51538715E+000  0.85868639E+000  0.97777505E+000  0.13288090E+001  0.24786528E+001  0.41122467E+001  0.58211424E+001  0.92719525E+001
  0.19203593E+000  0.21789241E+000  0.35319211E+000  0.51538685E+000  0.85868621E+000  0.97777674E+000  0.13288096E+001  0.24786558E+001  0.41122542E+001  0.58211389E+001  0.92719932E+001
  0.19203632E+000  0.21789210E+000  0.35319193E+000  0.51538665E+000  0.85868614E+000  0.97777878E+000  0.13288106E+001  0.24786594E+001  0.41122632E+001  0.58211356E+001  0.92720382E+001
  0.19203677E+000  0.21789188E+000  0.35319183E+000  0.51538656E+000  0.85868619E+000  0.97778114E+000  0.13288119E+001  0.24786638E+001  0.41122737E+001  0.58211324E+001  0.92720874E+001
  0.19203730E+000  0.21789173E+000  0.35319181E+000  0.51538656E+000  0.85868635E+000  0.97778382E+000  0.13288135E+001  0.24786688E+001  0.41122853E+001  0.58211294E+001  0.92721406E+001
  0.19203788E+000  0.21789166E+000  0.35319187E+000  0.51538667E+000  0.85868760E+000  0.97788322E+000  0.13288154E+001  0.24786743E+001  0.41122981E+001  0.58211266E+001  0.92721973E+001
  0.19203853E+000  0.21789165E+000  0.35319201E+000  0.51538686E+000  0.85869021E+000  0.97788283E+000  0.13288176E+001  0.24786805E+001  0.41123116E+001  0.58211239E+001  0.92722574E+001
  0.19203922E+000  0.21789172E+000  0.35319221E+000  0.51538714E+000  0.85869304E+000  0.97788263E+000  0.13288201E+001  0.24786872E+001  0.41123259E+001  0.58211214E+001  0.92723206E+001
  0.19203997E+000  0.21789185E+000  0.35319248E+000  0.51538750E+000  0.85869609E+000  0.97788264E+000  0.13288228E+001  0.24786943E+001  0.41123406E+001  0.58211191E+001  0.92723865E+001
  0.19204076E+000  0.21789205E+000  0.35319281E+000  0.51538794E+000  0.85869933E+000  0.97788282E+000  0.13288258E+001  0.24787019E+001  0.41123557E+001  0.58211169E+001  0.92724547E+001
  0.19204159E+000  0.21788824E+000  0.35319319E+000  0.51538845E+000  0.85870274E+000  0.97788318E+000  0.13288290E+001  0.24787099E+001  0.41123709E+001  0.58211149E+001  0.92730881E+001
  0.19204246E+000  0.21788836E+000  0.35319362E+000  0.51538902E+000  0.85870629E+000  0.97788369E+000  0.13288323E+001  0.24787182E+001  0.41123861E+001  0.58211130E+001  0.92731067E+001
  0.19204335E+000  0.21788852E+000  0.35319409E+000  0.51538965E+000  0.85870998E+000  0.97788435E+000  0.13288359E+001  0.24787268E+001  0.41124012E+001  0.58211113E+001  0.92731259E+001
  0.19204427E+000  0.21788873E+000  0.35319460E+000  0.51539033E+000  0.85871376E+000  0.97788515E+000  0.13288395E+001  0.24787355E+001  0.41124161E+001  0.58211097E+001  0.92732540E+001
  0.19204520E+000  0.21788898E+000  0.35319513E+000  0.51539105E+000  0.85871763E+000  0.97788606E+000  0.13287994E+001  0.24787445E+001  0.41124307E+001  0.58211083E+001  0.92732750E+001
  0.19204615E+000  0.21788926E+000  0.35319569E+000  0.51539181E+000  0.85872155E+000  0.97788707E+000  0.13288027E+001  0.24787536E+001  0.41124448E+001  0.58211070E+001  0.92732962E+001
  0.19204710E+000  0.21788958E+000  0.35319626E+000  0.51539260E+000  0.85872551E+000  0.97788818E+000  0.13288060E+001  0.24787627E+001  0.41113171E+001  0.58211059E+001  0.92733176E+001
  0.19204806E+000  0.21788992E+000  0.35319685E+000  0.51539342E+000  0.85872949E+000  0.97788936E+000  0.13288094E+001  0.24787719E+001  0.41113386E+001  0.58211048E+001  0.92733390E+001
  0.19204901E+000  0.21789028E+000  0.35319744E+000  0.51539425E+000  0.85873346E+000  0.97789060E+000  0.13288128E+001  0.24787810E+001  0.41113588E+001  0.58211039E+001  0.92733605E+001
  0.19204996E+000  0.21789066E+000  0.35319804E+000  0.51539509E+000  0.85873740E+000  0.97794394E+000  0.13288162E+001  0.24787901E+001  0.41113777E+001  0.58211031E+001  0.92733818E+001
  0.19205090E+000  0.21789105E+000  0.35319863E+000  0.51539594E+000  0.85874131E+000  0.97794711E+000  0.13288197E+001  0.24787991E+001  0.41113953E+001  0.58211024E+001  0.92734029E+001
  0.19205182E+000  0.21789146E+000  0.35319921E+000  0.51539679E+000  0.85874515E+000  0.97795314E+000  0.13288231E+001  0.24788079E+001  0.41114115E+001  0.58211018E+001  0.92734237E+001
  0.19205272E+000  0.21789187E+000  0.35319979E+000  0.51539764E+000  0.85874892E+000  0.97795395E+000  0.13288264E+001  0.24788165E+001  0.41114265E+001  0.58211013E+001  0.92739254E+001
  0.19205359E+000  0.21789228E+000  0.35320035E+000  0.51539847E+000  0.85875259E+000  0.97795654E+000  0.13288297E+001  0.24788249E+001  0.41114402E+001  0.58211008E+001  0.92739450E+001
  0.19205445E+000  0.21789270E+000  0.35320089E+000  0.51539929E+000  0.85875616E+000  0.97795960E+000  0.13288330E+001  0.24788331E+001  0.41114527E+001  0.58211004E+001  0.92739640E+001
  0.19205527E+000  0.21789311E+000  0.35320141E+000  0.51540010E+000  0.85875961E+000  0.97796259E+000  0.13288361E+001  0.24788410E+001  0.41114640E+001  0.58211001E+001  0.92739825E+001
  0.19205606E+000  0.21789351E+000  0.35320191E+000  0.51540088E+000  0.85876294E+000  0.97796551E+000  0.13288392E+001  0.24788486E+001  0.41114744E+001  0.58210999E+001  0.92740004E+001
  0.19205682E+000  0.21789391E+000  0.35320239E+000  0.51540164E+000  0.85876613E+000  0.97796833E+000  0.13288421E+001  0.24788558E+001  0.41114837E+001  0.58210997E+001  0.92740177E+001
  0.19205755E+000  0.21789430E+000  0.35320284E+000  0.51540237E+000  0.85876919E+000  0.97797105E+000  0.13288449E+001  0.24788630E+001  0.41114921E+001  0.58210996E+001  0.92742875E+001
  0.19205824E+000  0.21789467E+000  0.35320327E+000  0.51540307E+000  0.85877209E+000  0.97797367E+000  0.13288477E+001  0.24788721E+001  0.41114997E+001  0.58210995E+001  0.92743025E+001
  0.19205890E+000  0.21789504E+000  0.35320367E+000  0.51540373E+000  0.85877485E+000  0.97797617E+000  0.13288502E+001  0.24788808E+001  0.41115064E+001  0.58210994E+001  0.92743169E+001
  0.19205952E+000  0.21789538E+000  0.35320404E+000  0.51540437E+000  0.85877746E+000  0.97797855E+000  0.13288527E+001  0.24788891E+001  0.41115124E+001  0.58210994E+001  0.92743307E+001
  0.19206010E+000  0.21789572E+000  0.35320438E+000  0.51540497E+000  0.85877991E+000  0.97798080E+000  0.13288550E+001  0.24788968E+001  0.41115177E+001  0.58210994E+001  0.92743437E+001
  0.19206064E+000  0.21789603E+000  0.35320470E+000  0.51540554E+000  0.85878220E+000  0.97798293E+000  0.13288572E+001  0.24789040E+001  0.41115223E+001  0.58210994E+001  0.92743561E+001
  0.19206115E+000  0.21789633E+000  0.35320499E+000  0.51540607E+000  0.85878435E+000  0.97798493E+000  0.13288592E+001  0.24789108E+001  0.41115264E+001  0.58210994E+001  0.92743678E+001
  0.19206162E+000  0.21789661E+000  0.35320526E+000  0.51540657E+000  0.85878635E+000  0.97798680E+000  0.13288611E+001  0.24789170E+001  0.41115299E+001  0.58210995E+001  0.92743788E+001
  0.19206206E+000  0.21789688E+000  0.35320550E+000  0.51540704E+000  0.85878819E+000  0.97798855E+000  0.13288629E+001  0.24789228E+001  0.41115328E+001  0.58210996E+001  0.92743892E+001
  0.19206246E+000  0.21789713E+000  0.35320572E+000  0.51540747E+000  0.85878990E+000  0.97799017E+000  0.13288645E+001  0.24789282E+001  0.41115352E+001  0.58210997E+001  0.92743989E+001
  0.19206284E+000  0.21789736E+000  0.35320592E+000  0.51540786E+000  0.85879147E+000  0.97799167E+000  0.13288660E+001  0.24789331E+001  0.41115372E+001  0.58210997E+001  0.92744081E+001
  0.19206318E+000  0.21789757E+000  0.35320609E+000  0.51540823E+000  0.85879291E+000  0.97799305E+000  0.13288674E+001  0.24789376E+001  0.41115387E+001  0.58210998E+001  0.92744166E+001
  0.19206348E+000  0.21789776E+000  0.35320625E+000  0.51540856E+000  0.85879422E+000  0.97799432E+000  0.13288687E+001  0.24789417E+001  0.41115398E+001  0.58210999E+001  0.92744245E+001
  0.19206377E+000  0.21789794E+000  0.35320638E+000  0.51540887E+000  0.85879541E+000  0.97799547E+000  0.13288699E+001  0.24789454E+001  0.41115405E+001  0.58211000E+001  0.92744319E+001
  0.19206402E+000  0.21789811E+000  0.35320650E+000  0.51540915E+000  0.85879649E+000  0.97799653E+000  0.13288709E+001  0.24789488E+001  0.41115408E+001  0.58211001E+001  0.92744387E+001
  0.19206425E+000  0.21789826E+000  0.35320660E+000  0.51540940E+000  0.85879746E+000  0.97799748E+000  0.13288719E+001  0.24789518E+001  0.41115407E+001  0.58211002E+001  0.92744450E+001
  0.19206445E+000  0.21789839E+000  0.35320669E+000  0.51540962E+000  0.85879833E+000  0.97799834E+000  0.13288727E+001  0.24789545E+001  0.41115403E+001  0.58211003E+001  0.92744509E+001
  0.19206464E+000  0.21789852E+000  0.35320676E+000  0.51540982E+000  0.85879911E+000  0.97799911E+000  0.13288735E+001  0.24789569E+001  0.41115405E+001  0.58211004E+001  0.92744562E+001
  0.19206480E+000  0.21789863E+000  0.35320682E+000  0.51541000E+000  0.85879980E+000  0.97799981E+000  0.13288742E+001  0.24789591E+001  0.41115404E+001  0.58211005E+001  0.92744612E+001
  0.19206494E+000  0.21789872E+000  0.35320687E+000  0.51541016E+000  0.85880041E+000  0.97800042E+000  0.13288748E+001  0.24789609E+001  0.41115399E+001  0.58211006E+001  0.92744657E+001
  0.19206507E+000  0.21789881E+000  0.35320691E+000  0.51541030E+000  0.85880094E+000  0.97800096E+000  0.13288753E+001  0.24789626E+001  0.41115391E+001  0.58211007E+001  0.92744698E+001
  0.19206518E+000  0.21789889E+000  0.35320694E+000  0.51541043E+000  0.85880141E+000  0.97800144E+000  0.13288758E+001  0.24789641E+001  0.41115379E+001  0.58211007E+001  0.92744736E+001
  0.19206527E+000  0.21789896E+000  0.35320696E+000  0.51541053E+000  0.85888290E+000  0.97800186E+000  0.13287598E+001  0.24789653E+001  0.41115364E+001  0.58211008E+001  0.92744770E+001
  0.19206536E+000  0.21789902E+000  0.35320697E+000  0.51541063E+000  0.85888310E+000  0.97800223E+000  0.13287600E+001  0.24789664E+001  0.41115346E+001  0.58211009E+001  0.92744801E+001
  0.19206543E+000  0.21789907E+000  0.35320698E+000  0.51541071E+000  0.85888328E+000  0.97800254E+000  0.13287602E+001  0.24789673E+001  0.41115325E+001  0.58211009E+001  0.92744829E+001
  0.19206549E+000  0.21789912E+000  0.35320699E+000  0.51541078E+000  0.85888343E+000  0.97800281E+000  0.13287604E+001  0.24789681E+001  0.41115302E+001  0.58211010E+001  0.92744854E+001
  0.19206554E+000  0.21789916E+000  0.35320699E+000  0.51541083E+000  0.85888356E+000  0.97800304E+000  0.13287605E+001  0.24789688E+001  0.41115276E+001  0.58211010E+001  0.92744876E+001
  0.19206558E+000  0.21789919E+000  0.35320699E+000  0.51541088E+000  0.85888367E+000  0.97800324E+000  0.13287606E+001  0.24789694E+001  0.41115248E+001  0.58211011E+001  0.92744896E+001
  0.19206562E+000  0.21789922E+000  0.35320698E+000  0.51541092E+000  0.85888377E+000  0.97800340E+000  0.13287607E+001  0.24789698E+001  0.41115218E+001  0.58211011E+001  0.92744914E+001
  0.19206565E+000  0.21789924E+000  0.35320697E+000  0.51541095E+000  0.85888385E+000  0.97800354E+000  0.13287607E+001  0.24789702E+001  0.41115187E+001  0.58211011E+001  0.92744930E+001
  0.19206567E+000  0.21789926E+000  0.35320696E+000  0.51541098E+000  0.85888392E+000  0.97800365E+000  0.13287608E+001  0.24789705E+001  0.41115154E+001  0.58211012E+001  0.92744944E+001
  0.19206569E+000  0.21789928E+000  0.35320695E+000  0.51541100E+000  0.85888397E+000  0.97800373E+000  0.13287608E+001  0.24789707E+001  0.41115119E+001  0.58211012E+001  0.92744956E+001
  0.19206570E+000  0.21789929E+000  0.35320694E+000  0.51541101E+000  0.85888401E+000  0.97800380E+000  0.13287608E+001  0.24789709E+001  0.41115083E+001  0.58211012E+001  0.92744966E+001
  0.19206571E+000  0.21789930E+000  0.35320692E+000  0.51541103E+000  0.85888405E+000  0.97800385E+000  0.13287608E+001  0.24789710E+001  0.41115046E+001  0.58211012E+001  0.92744975E+001
  0.19206572E+000  0.21789931E+000  0.35320691E+000  0.51541103E+000  0.85888407E+000  0.97800388E+000  0.13287608E+001  0.24789711E+001  0.41115008E+001  0.58211012E+001  0.92744983E+001
  0.19206572E+000  0.21789932E+000  0.35320690E+000  0.51541104E+000  0.85888409E+000  0.97800391E+000  0.13287607E+001  0.24789711E+001  0.41114969E+001  0.58211012E+001  0.92744988E+001
  0.19206572E+000  0.21789932E+000  0.35320689E+000  0.51541104E+000  0.85888411E+000  0.97800392E+000  0.13287607E+001  0.24789711E+001  0.41114929E+001  0.58211013E+001  0.92744993E+001
  0.19206572E+000  0.21789933E+000  0.35320687E+000  0.51541104E+000  0.85888411E+000  0.97800392E+000  0.13287606E+001  0.24789711E+001  0.41114889E+001  0.58211013E+001  0.92744997E+001
  0.19206572E+000  0.21789933E+000  0.35320686E+000  0.51541103E+000  0.85888412E+000  0.97800392E+000  0.13287606E+001  0.24789711E+001  0.41114848E+001  0.58211013E+001  0.92744999E+001
  0.19206571E+000  0.21789933E+000  0.35320685E+000  0.51541103E+000  0.85888412E+000  0.97800390E+000  0.13287605E+001  0.24789710E+001  0.41114806E+001  0.58211013E+001  0.92745000E+001
  0.19206571E+000  0.21789933E+000  0.35320684E+000  0.51541102E+000  0.85888411E+000  0.97800389E+000  0.13287605E+001  0.24789709E+001  0.41114765E+001  0.58211013E+001  0.92745001E+001
  0.19206570E+000  0.21789933E+000  0.35320683E+000  0.51541101E+000  0.85888411E+000  0.97800387E+000  0.13287604E+001  0.24789708E+001  0.41114723E+001  0.58211013E+001  0.92745000E+001
  0.19206569E+000  0.21789933E+000  0.35320682E+000  0.51541101E+000  0.85888410E+000  0.97800384E+000  0.13287604E+001  0.24789707E+001  0.41114680E+001  0.58211013E+001  0.92744999E+001
  0.19206569E+000  0.21789933E+000  0.35320681E+000  0.51541100E+000  0.85888408E+000  0.97800381E+000  0.13287603E+001  0.24789706E+001  0.41114638E+001  0.58211013E+001  0.92744996E+001
  0.19206568E+000  0.21789932E+000  0.35320680E+000  0.51541099E+000  0.85888407E+000  0.97800378E+000  0.13287603E+001  0.24789705E+001  0.41114596E+001  0.58211013E+001  0.92744993E+001
  0.19206567E+000  0.21789932E+000  0.35320679E+000  0.51541098E+000  0.85888406E+000  0.97800375E+000  0.13287602E+001  0.24789704E+001  0.41114554E+001  0.58211013E+001  0.92744990E+001
  0.19206566E+000  0.21789932E+000  0.35320679E+000  0.51541097E+000  0.85888405E+000  0.97800372E+000  0.13287602E+001  0.24789703E+001  0.41114512E+001  0.58211013E+001  0.92744985E+001
  0.19206566E+000  0.21789931E+000  0.35320678E+000  0.51541096E+000  0.85888403E+000  0.97800369E+000  0.13287601E+001  0.24789702E+001  0.41114470E+001  0.58211013E+001  0.92744980E+001
  0.19206565E+000  0.21789931E+000  0.35320677E+000  0.51541095E+000  0.85888402E+000  0.97800366E+000  0.13287600E+001  0.24789701E+001  0.41114428E+001  0.58211013E+001  0.92744975E+001
  0.19206564E+000  0.21789931E+000  0.35320677E+000  0.51541094E+000  0.85888400E+000  0.97800363E+000  0.13287600E+001  0.24789700E+001  0.41114386E+001  0.58211013E+001  0.92744969E+001
  0.19206563E+000  0.21789931E+000  0.35320677E+000  0.51541093E+000  0.85888399E+000  0.97800359E+000  0.13287599E+001  0.24789699E+001  0.41114345E+001  0.58211012E+001  0.92744962E+001
  0.19206562E+000  0.21789930E+000  0.35320676E+000  0.51541092E+000  0.85888397E+000  0.97800356E+000  0.13287599E+001  0.24789697E+001  0.41114304E+001  0.58211012E+001  0.92744955E+001
  0.19206562E+000  0.21789930E+000  0.35320676E+000  0.51541092E+000  0.85888396E+000  0.97800353E+000  0.13287599E+001  0.24789696E+001  0.41114264E+001  0.58211012E+001  0.92744948E+001
  0.19206561E+000  0.21789930E+000  0.35320676E+000  0.51541091E+000  0.85888394E+000  0.97800351E+000  0.13287598E+001  0.24789695E+001  0.41114224E+001  0.58211012E+001  0.92744940E+001
  0.19206560E+000  0.21789929E+000  0.35320676E+000  0.51541090E+000  0.85888393E+000  0.97800348E+000  0.13287598E+001  0.24789694E+001  0.41114184E+001  0.58211012E+001  0.92744932E+001
  0.19206560E+000  0.21789929E+000  0.35320676E+000  0.51541089E+000  0.85888392E+000  0.97800345E+000  0.13287597E+001  0.24789694E+001  0.41114145E+001  0.58211012E+001  0.92744924E+001
  0.19206559E+000  0.21789929E+000  0.35320676E+000  0.51541089E+000  0.85888391E+000  0.97800343E+000  0.13287597E+001  0.24789693E+001  0.41114106E+001  0.58211012E+001  0.92744915E+001
  0.19206559E+000  0.21789929E+000  0.35320676E+000  0.51541088E+000  0.85888390E+000  0.97800341E+000  0.13287597E+001  0.24789692E+001  0.41114068E+001  0.58211012E+001  0.92744906E+001
  0.19206558E+000  0.21789929E+000  0.35320676E+000  0.51541088E+000  0.85888389E+000  0.97800339E+000  0.13287596E+001  0.24789691E+001  0.41114031E+001  0.58211012E+001  0.92744897E+001
  0.19206558E+000  0.21789928E+000  0.35320676E+000  0.51541087E+000  0.85888388E+000  0.97800337E+000  0.13287596E+001  0.24789691E+001  0.41113994E+001  0.58211012E+001  0.92744887E+001
  0.19206557E+000  0.21789928E+000  0.35320676E+000  0.51541087E+000  0.85888387E+000  0.97800335E+000  0.13287596E+001  0.24789690E+001  0.41113958E+001  0.58211012E+001  0.92744878E+001
  0.19206557E+000  0.21789928E+000  0.35320676E+000  0.51541086E+000  0.85888386E+000  0.97800333E+000  0.13287596E+001  0.24789689E+001  0.41113922E+001  0.58211012E+001  0.92744868E+001
  0.19206556E+000  0.21789928E+000  0.35320677E+000  0.51541086E+000  0.85888386E+000  0.97800332E+000  0.13287595E+001  0.24789689E+001  0.41113887E+001  0.58211012E+001  0.92744858E+001
  0.19206556E+000  0.21789928E+000  0.35320677E+000  0.51541086E+000  0.85888385E+000  0.97800331E+000  0.13287595E+001  0.24789688E+001  0.41113853E+001  0.58211012E+001  0.92744848E+001
  0.19206556E+000  0.21789928E+000  0.35320677E+000  0.51541085E+000  0.85888385E+000  0.97800330E+000  0.13287595E+001  0.24789688E+001  0.41113819E+001  0.58211012E+001  0.92744838E+001
  0.19206556E+000  0.21789928E+000  0.35320678E+000  0.51541085E+000  0.85888384E+000  0.97800329E+000  0.13287595E+001  0.24789688E+001  0.41113786E+001  0.58211012E+001  0.92744828E+001
  0.19206556E+000  0.21789928E+000  0.35320678E+000  0.51541085E+000  0.85888384E+000  0.97800328E+000  0.13287595E+001  0.24789687E+001  0.41113754E+001  0.58211012E+001  0.92744818E+001
  0.19206555E+000  0.21789928E+000  0.35320678E+000  0.51541085E+000  0.85888384E+000  0.97800328E+000  0.13287595E+001  0.24789687E+001  0.41113722E+001  0.58211012E+001  0.92744807E+001
  0.19206555E+000  0.21789928E+000  0.35320679E+000  0.51541085E+000  0.85888384E+000  0.97800328E+000  0.13287594E+001  0.24789687E+001  0.41113692E+001  0.58211012E+001  0.92744797E+001
  0.19206555E+000  0.21789928E+000  0.35320679E+000  0.51541085E+000  0.85888384E+000  0.97800328E+000  0.13287594E+001  0.24789687E+001  0.41113662E+001  0.58211012E+001  0.92744787E+001
  0.19206555E+000  0.21789928E+000  0.35320679E+000  0.51541085E+000  0.85888384E+000  0.97800328E+000  0.13287594E+001  0.24789687E+001  0.41113632E+001  0.58211012E+001  0.92744777E+001
  0.19206555E+000  0.21789928E+000  0.35320680E+000  0.51541085E+000  0.85888384E+000  0.97800328E+000  0.13287594E+001  0.24789687E+001  0.41113604E+001  0.58211012E+001  0.92744767E+001
  0.19206555E+000  0.21789928E+000  0.35320680E+000  0.51541085E+000  0.85888384E+000  0.97800328E+000  0.13287594E+001  0.24789687E+001  0.41113576E+001  0.58211012E+001  0.92744757E+001
  0.19206555E+000  0.21789928E+000  0.35320681E+000  0.51541085E+000  0.85888384E+000  0.97800328E+000  0.13287594E+001  0.24789687E+001  0.41113549E+001  0.58211012E+001  0.92744746E+001
  0.19206556E+000  0.21789928E+000  0.35320681E+000  0.51541085E+000  0.85888385E+000  0.97800329E+000  0.13287594E+001  0.24789687E+001  0.41113522E+001  0.58211012E+001  0.92744736E+001
  0.19206556E+000  0.21789929E+000  0.35320682E+000  0.51541085E+000  0.85888385E+000  0.97800330E+000  0.13287594E+001  0.24789687E+001  0.41113496E+001  0.58211012E+001  0.92744727E+001
  0.19206556E+000  0.21789929E+000  0.35320682E+000  0.51541086E+000  0.85888386E+000  0.97800331E+000  0.13287594E+001  0.24789687E+001  0.41113472E+001  0.58211012E+001  0.92744717E+001
  0.19206556E+000  0.21789929E+000  0.35320683E+000  0.51541086E+000  0.85888386E+000  0.97800331E+000  0.13287594E+001  0.24789687E+001  0.41113447E+001  0.58211013E+001  0.92744707E+001
  0.19206556E+000  0.21789929E+000  0.35320683E+000  0.51541086E+000  0.85888387E+000  0.97800332E+000  0.13287594E+001  0.24789687E+001  0.41113424E+001  0.58211013E+001  0.92744697E+001
  0.19206557E+000  0.21789929E+000  0.35320684E+000  0.51541087E+000  0.85888387E+000  0.97800334E+000  0.13287594E+001  0.24789688E+001  0.41113401E+001  0.58211013E+001  0.92744688E+001
  0.19206557E+000  0.21789930E+000  0.35320684E+000  0.51541087E+000  0.85888388E+000  0.97800335E+000  0.13287595E+001  0.24789688E+001  0.41113379E+001  0.58211013E+001  0.92744678E+001
  0.19206557E+000  0.21789930E+000  0.35320685E+000  0.51541087E+000  0.85888389E+000  0.97800336E+000  0.13287595E+001  0.24789688E+001  0.41113358E+001  0.58211013E+001  0.92744669E+001
  0.19206557E+000  0.21789930E+000  0.35320685E+000  0.51541088E+000  0.85888389E+000  0.97800337E+000  0.13287595E+001  0.24789689E+001  0.41113337E+001  0.58211013E+001  0.92744660E+001
  0.19206558E+000  0.21789930E+000  0.35320686E+000  0.51541088E+000  0.85888390E+000  0.97800339E+000  0.13287595E+001  0.24789689E+001  0.41113317E+001  0.58211013E+001  0.92744651E+001
  0.19206558E+000  0.21789931E+000  0.35320686E+000  0.51541088E+000  0.85888391E+000  0.97800340E+000  0.13287595E+001  0.24789689E+001  0.41113298E+001  0.58211013E+001  0.92744642E+001
  0.19206558E+000  0.21789931E+000  0.35320687E+000  0.51541089E+000  0.85888392E+000  0.97800342E+000  0.13287595E+001  0.24789690E+001  0.41113280E+001  0.58211013E+001  0.92744633E+001
  0.19206559E+000  0.21789931E+000  0.35320687E+000  0.51541089E+000  0.85888393E+000  0.97800343E+000  0.13287595E+001  0.24789690E+001  0.41113262E+001  0.58211013E+001  0.92744625E+001
  0.19206559E+000  0.21789932E+000  0.35320688E+000  0.51541090E+000  0.85888393E+000  0.97800345E+000  0.13287595E+001  0.24789691E+001  0.41113245E+001  0.58211013E+001  0.92744616E+001
  0.19206559E+000  0.21789932E+000  0.35320688E+000  0.51541090E+000  0.85888394E+000  0.97800346E+000  0.13287595E+001  0.24789691E+001  0.41113228E+001  0.58211013E+001  0.92744608E+001
  0.19206560E+000  0.21789932E+000  0.35320689E+000  0.51541091E+000  0.85888395E+000  0.97800348E+000  0.13287596E+001  0.24789692E+001  0.41113212E+001  0.58211013E+001  0.92744600E+001
  0.19206560E+000  0.21789932E+000  0.35320690E+000  0.51541091E+000  0.85888396E+000  0.97800350E+000  0.13287596E+001  0.24789692E+001  0.41113197E+001  0.58211013E+001  0.92744592E+001
  0.19206561E+000  0.21789933E+000  0.35320690E+000  0.51541092E+000  0.85888397E+000  0.97800351E+000  0.13287596E+001  0.24789692E+001  0.41113182E+001  0.58211013E+001  0.92744585E+001
  0.19206561E+000  0.21789933E+000  0.35320691E+000  0.51541092E+000  0.85888398E+000  0.97800353E+000  0.13287596E+001  0.24789693E+001  0.41113168E+001  0.58211013E+001  0.92744577E+001
  0.19206561E+000  0.21789933E+000  0.35320691E+000  0.51541092E+000  0.85888398E+000  0.97800354E+000  0.13287596E+001  0.24789693E+001  0.41113154E+001  0.58211013E+001  0.92744570E+001
  0.19206562E+000  0.21789934E+000  0.35320692E+000  0.51541093E+000  0.85888399E+000  0.97800356E+000  0.13287596E+001  0.24789694E+001  0.41113141E+001  0.58211013E+001  0.92744562E+001
  0.19206562E+000  0.21789934E+000  0.35320692E+000  0.51541093E+000  0.85888400E+000  0.97800358E+000  0.13287596E+001  0.24789694E+001  0.41113129E+001  0.58211013E+001  0.92744555E+001
  0.19206563E+000  0.21789934E+000  0.35320692E+000  0.51541094E+000  0.85888401E+000  0.97800359E+000  0.13287597E+001  0.24789695E+001  0.41113117E+001  0.58211013E+001  0.92744548E+001
  0.19206563E+000  0.21789934E+000  0.35320693E+000  0.51541094E+000  0.85888401E+000  0.97800361E+000  0.13287597E+001  0.24789695E+001  0.41113105E+001  0.58211013E+001  0.92744542E+001
  0.19206563E+000  0.21789935E+000  0.35320693E+000  0.51541095E+000  0.85888402E+000  0.97800362E+000  0.13287597E+001  0.24789696E+001  0.41113094E+001  0.58211013E+001  0.92744535E+001
  0.19206564E+000  0.21789935E+000  0.35320694E+000  0.51541095E+000  0.85888403E+000  0.97800364E+000  0.13287597E+001  0.24789696E+001  0.41113084E+001  0.58211013E+001  0.92744529E+001
  0.19206564E+000  0.21789935E+000  0.35320694E+000  0.51541096E+000  0.85888403E+000  0.97800365E+000  0.13287597E+001  0.24789697E+001  0.41113074E+001  0.58211013E+001  0.92744523E+001
  0.19206564E+000  0.21789935E+000  0.35320695E+000  0.51541096E+000  0.85888404E+000  0.97800367E+000  0.13287597E+001  0.24789697E+001  0.41113064E+001  0.58211013E+001  0.92744517E+001
  0.19206565E+000  0.21789936E+000  0.35320695E+000  0.51541097E+000  0.85888404E+000  0.97800368E+000  0.13287597E+001  0.24789698E+001  0.41113055E+001  0.58211013E+001  0.92744511E+001
  0.19206565E+000  0.21789936E+000  0.35320696E+000  0.51541097E+000  0.85888405E+000  0.97800370E+000  0.13287598E+001  0.24789698E+001  0.41113047E+001  0.58211013E+001  0.92744506E+001
  0.19206566E+000  0.21789936E+000  0.35320697E+000  0.51541098E+000  0.85888406E+000  0.97800372E+000  0.13287598E+001  0.24789699E+001  0.41113040E+001  0.58211013E+001  0.92744502E+001
  0.19206567E+000  0.21789937E+000  0.35320698E+000  0.51541099E+000  0.85888407E+000  0.97800378E+000  0.13287598E+001  0.24789701E+001  0.41113035E+001  0.58211013E+001  0.92744499E+001
  0.19206569E+000  0.21789938E+000  0.35320700E+000  0.51541100E+000  0.85888409E+000  0.97800384E+000  0.13287599E+001  0.24789703E+001  0.41113030E+001  0.58211013E+001  0.92744497E+001
