  0.00000000E+000  0.00000000E+000  0.00000000E+000  0.00000000E+000  0.00000000E+000  0.93662127E-001  0.19283099E+001  0.12499507E+002  0.31295227E+002  0.78686205E+002  0.15900738E+003
  0.00000000E+000  0.00000000E+000  0.00000000E+000  0.00000000E+000  0.00000000E+000  0.93683011E-001  0.19285832E+001  0.12500334E+002  0.31295632E+002  0.78685324E+002  0.15900542E+003
  0.00000000E+000  0.00000000E+000  0.00000000E+000  0.00000000E+000  0.00000000E+000  0.93701247E-001  0.19288030E+001  0.12500991E+002  0.31295987E+002  0.78684683E+002  0.15900391E+003
  0.00000000E+000  0.00000000E+000  0.00000000E+000  0.00000000E+000  0.00000000E+000  0.93717170E-001  0.19289898E+001  0.12501551E+002  0.31296303E+002  0.78684215E+002  0.15900270E+003
  0.00000000E+000  0.00000000E+000  0.00000000E+000  0.00000000E+000  0.00000000E+000  0.93731097E-001  0.19291501E+001  0.12502033E+002  0.31296586E+002  0.78683887E+002  0.15900174E+003
  0.00000000E+000  0.00000000E+000  0.00000000E+000  0.00000000E+000  0.00000000E+000  0.93743244E-001  0.19292887E+001  0.12502452E+002  0.31296841E+002  0.78683671E+002  0.15900097E+003
  0.00000000E+000  0.00000000E+000  0.00000000E+000  0.00000000E+000  0.00000000E+000  0.93753790E-001  0.19294095E+001  0.12502821E+002  0.31297074E+002  0.78683545E+002  0.15900036E+003
  0.00000000E+000  0.00000000E+000  0.00000000E+000  0.00000000E+000  0.00000000E+000  0.93762945E-001  0.19295152E+001  0.12503146E+002  0.31297287E+002  0.78683489E+002  0.15899987E+003
  0.00000000E+000  0.00000000E+000  0.00000000E+000  0.00000000E+000  0.00000000E+000  0.93770900E-001  0.19296080E+001  0.12503436E+002  0.31297484E+002  0.78683491E+002  0.15899949E+003
  0.00000000E+000  0.00000000E+000  0.00000000E+000  0.00000000E+000  0.00000000E+000  0.93777810E-001  0.19296900E+001  0.12503697E+002  0.31297668E+002  0.78683539E+002  0.15899919E+003
  0.00000000E+000  0.00000000E+000  0.00000000E+000  0.00000000E+000  0.00000000E+000  0.93783806E-001  0.19297626E+001  0.12503931E+002  0.31297840E+002  0.78683624E+002  0.15899895E+003
  0.00000000E+000  0.00000000E+000  0.00000000E+000  0.00000000E+000  0.00000000E+000  0.93789005E-001  0.19298272E+001  0.12504145E+002  0.31298002E+002  0.78683738E+002  0.15899878E+003
  0.00000000E+000  0.00000000E+000  0.00000000E+000  0.00000000E+000  0.00000000E+000  0.93793507E-001  0.19298848E+001  0.12504340E+002  0.31298154E+002  0.78683876E+002  0.15899866E+003
  0.00000000E+000  0.00000000E+000  0.00000000E+000  0.00000000E+000  0.00000000E+000  0.93797397E-001  0.19299365E+001  0.12504520E+002  0.31298300E+002  0.78684034E+002  0.15899857E+003
  0.00000000E+000  0.00000000E+000  0.00000000E+000  0.00000000E+000  0.00000000E+000  0.93800750E-001  0.19299831E+001  0.12504687E+002  0.31298438E+002  0.78684206E+002  0.15899852E+003
  0.00000000E+000  0.00000000E+000  0.00000000E+000  0.00000000E+000  0.00000000E+000  0.93803626E-001  0.19300252E+001  0.12504843E+002  0.31298571E+002  0.78684390E+002  0.15899850E+003
  0.00000000E+000  0.00000000E+000  0.00000000E+000  0.00000000E+000  0.00000000E+000  0.93806080E-001  0.19300634E+001  0.12504989E+002  0.31298698E+002  0.78684584E+002  0.15899850E+003
  0.00000000E+000  0.00000000E+000  0.00000000E+000  0.00000000E+000  0.00000000E+000  0.93808157E-001  0.19300981E+001  0.12505128E+002  0.31298820E+002  0.78684786E+002  0.15899852E+003
  0.00000000E+000  0.00000000E+000  0.00000000E+000  0.00000000E+000  0.00000000E+000  0.93809897E-001  0.19301298E+001  0.12505259E+002  0.31298939E+002  0.78684993E+002  0.15899856E+003
  0.00000000E+000  0.00000000E+000  0.00000000E+000  0.00000000E+000  0.00000000E+000  0.93811333E-001  0.19301588E+001  0.12505384E+002  0.31299053E+002  0.78685205E+002  0.15899861E+003
  0.00000000E+000  0.00000000E+000  0.00000000E+000  0.00000000E+000  0.00000000E+000  0.93812494E-001  0.19301855E+001  0.12505504E+002  0.31299164E+002  0.78685421E+002  0.15899867E+003
  0.00000000E+000  0.00000000E+000  0.00000000E+000  0.00000000E+000  0.00000000E+000  0.93813406E-001  0.19302099E+001  0.12505620E+002  0.31299272E+002  0.78685640E+002  0.15899874E+003
  0.00000000E+000  0.00000000E+000  0.00000000E+000  0.00000000E+000  0.00000000E+000  0.93814088E-001  0.19302325E+001  0.12505732E+002  0.31299377E+002  0.78685862E+002  0.15899882E+003
  0.00000000E+000  0.00000000E+000  0.00000000E+000  0.00000000E+000  0.00000000E+000  0.93814560E-001  0.19302533E+001  0.12505840E+002  0.31299480E+002  0.78686085E+002  0.15899891E+003
  0.00000000E+000  0.00000000E+000  0.00000000E+000  0.00000000E+000  0.00000000E+000  0.93814836E-001  0.19302724E+001  0.12505944E+002  0.31299580E+002  0.78686309E+002  0.15899901E+003
  0.00000000E+000  0.00000000E+000  0.00000000E+000  0.00000000E+000  0.00000000E+000  0.93814930E-001  0.19302901E+001  0.12506046E+002  0.31299678E+002  0.78686535E+002  0.15899911E+003
  0.00000000E+000  0.00000000E+000  0.00000000E+000  0.00000000E+000  0.00000000E+000  0.93814852E-001  0.19303063E+001  0.12506145E+002  0.31299774E+002  0.78686762E+002  0.15899922E+003
  0.00000000E+000  0.00000000E+000  0.00000000E+000  0.00000000E+000  0.00000000E+000  0.93814612E-001  0.19303212E+001  0.12506242E+002  0.31299868E+002  0.78686989E+002  0.15899933E+003
  0.00000000E+000  0.00000000E+000  0.00000000E+000  0.00000000E+000  0.00000000E+000  0.93814217E-001  0.19303348E+001  0.12506336E+002  0.31299960E+002  0.78687217E+002  0.15899944E+003
  0.00000000E+000  0.00000000E+000  0.00000000E+000  0.00000000E+000  0.00000000E+000  0.93813674E-001  0.19303472E+001  0.12506428E+002  0.31300050E+002  0.78687446E+002  0.15899956E+003
  0.00000000E+000  0.00000000E+000  0.00000000E+000  0.00000000E+000  0.00000000E+000  0.93812989E-001  0.19303584E+001  0.12506518E+002  0.31300139E+002  0.78687674E+002  0.15899969E+003
  0.00000000E+000  0.00000000E+000  0.00000000E+000  0.00000000E+000  0.00000000E+000  0.93812166E-001  0.19303684E+001  0.12506605E+002  0.31300226E+002  0.78687903E+002  0.15899981E+003
  0.00000000E+000  0.00000000E+000  0.00000000E+000  0.00000000E+000  0.00000000E+000  0.93811210E-001  0.19303772E+001  0.12506689E+002  0.31300311E+002  0.78688132E+002  0.15899995E+003
  0.00000000E+000  0.00000000E+000  0.00000000E+000  0.00000000E+000  0.00000000E+000  0.93810125E-001  0.19303849E+001  0.12506771E+002  0.31300395E+002  0.78688362E+002  0.15900008E+003
  0.00000000E+000  0.00000000E+000  0.00000000E+000  0.00000000E+000  0.00000000E+000  0.93808913E-001  0.19303913E+001  0.12506850E+002  0.31300477E+002  0.78688591E+002  0.15900022E+003
  0.00000000E+000  0.00000000E+000  0.00000000E+000  0.00000000E+000  0.00000000E+000  0.93807579E-001  0.19303966E+001  0.12506927E+002  0.31300558E+002  0.78688819E+002  0.15900036E+003
  0.00000000E+000  0.00000000E+000  0.00000000E+000  0.00000000E+000  0.00000000E+000  0.93806124E-001  0.19304006E+001  0.12507000E+002  0.31300637E+002  0.78689048E+002  0.15900050E+003
  0.00000000E+000  0.00000000E+000  0.00000000E+000  0.00000000E+000  0.00000000E+000  0.93804551E-001  0.19304034E+001  0.12507070E+002  0.31300714E+002  0.78689276E+002  0.15900065E+003
  0.00000000E+000  0.00000000E+000  0.00000000E+000  0.00000000E+000  0.00000000E+000  0.93802864E-001  0.19304049E+001  0.12507136E+002  0.31300790E+002  0.78689503E+002  0.15900080E+003
  0.00000000E+000  0.00000000E+000  0.00000000E+000  0.00000000E+000  0.00000000E+000  0.93801064E-001  0.19304051E+001  0.12507198E+002  0.31300864E+002  0.78689730E+002  0.15900095E+003
  0.00000000E+000  0.00000000E+000  0.00000000E+000  0.00000000E+000  0.00000000E+000  0.93799154E-001  0.19304040E+001  0.12507257E+002  0.31300935E+002  0.78689956E+002  0.15900110E+003
  0.00000000E+000  0.00000000E+000  0.00000000E+000  0.00000000E+000  0.00000000E+000  0.93797136E-001  0.19304015E+001  0.12507311E+002  0.31301005E+002  0.78690180E+002  0.15900126E+003
  0.00000000E+000  0.00000000E+000  0.00000000E+000  0.00000000E+000  0.00000000E+000  0.93795013E-001  0.19303975E+001  0.12507360E+002  0.31301073E+002  0.78690404E+002  0.15900143E+003
  0.00000000E+000  0.00000000E+000  0.00000000E+000  0.00000000E+000  0.00000000E+000  0.93792786E-001  0.19303921E+001  0.12507404E+002  0.31301138E+002  0.78690626E+002  0.15900159E+003
  0.00000000E+000  0.00000000E+000  0.00000000E+000  0.00000000E+000  0.00000000E+000  0.93790457E-001  0.19303851E+001  0.12507443E+002  0.31301200E+002  0.78690847E+002  0.15900177E+003
  0.00000000E+000  0.00000000E+000  0.00000000E+000  0.00000000E+000  0.00000000E+000  0.93788028E-001  0.19303766E+001  0.12507476E+002  0.31301260E+002  0.78691065E+002  0.15900194E+003
  0.00000000E+000  0.00000000E+000  0.00000000E+000  0.00000000E+000  0.00000000E+000  0.93785501E-001  0.19303664E+001  0.12507503E+002  0.31301317E+002  0.78691282E+002  0.15900212E+003
  0.00000000E+000  0.00000000E+000  0.00000000E+000  0.00000000E+000  0.00000000E+000  0.93782878E-001  0.19303546E+001  0.12507523E+002  0.31301371E+002  0.78691497E+002  0.15900230E+003
  0.00000000E+000  0.00000000E+000  0.00000000E+000  0.00000000E+000  0.00000000E+000  0.93780161E-001  0.19303411E+001  0.12507537E+002  0.31301422E+002  0.78691710E+002  0.15900248E+003
  0.00000000E+000  0.00000000E+000  0.00000000E+000  0.00000000E+000  0.00000000E+000  0.93777351E-001  0.19303259E+001  0.12507544E+002  0.31301469E+002  0.78691921E+002  0.15900267E+003
  0.00000000E+000  0.00000000E+000  0.00000000E+000  0.00000000E+000  0.00000000E+000  0.93774450E-001  0.19303088E+001  0.12507544E+002  0.31301512E+002  0.78692130E+002  0.15900286E+003
  0.00000000E+000  0.00000000E+000  0.00000000E+000  0.00000000E+000  0.00000000E+000  0.93771459E-001  0.19302900E+001  0.12507537E+002  0.31301552E+002  0.78692335E+002  0.15900306E+003
  0.00000000E+000  0.00000000E+000  0.00000000E+000  0.00000000E+000  0.00000000E+000  0.93768381E-001  0.19302693E+001  0.12507521E+002  0.31301587E+002  0.78692539E+002  0.15900326E+003
  0.00000000E+000  0.00000000E+000  0.00000000E+000  0.00000000E+000  0.00000000E+000  0.93765218E-001  0.19302468E+001  0.12507498E+002  0.31301617E+002  0.78692739E+002  0.15900346E+003
  0.00000000E+000  0.00000000E+000  0.00000000E+000  0.00000000E+000  0.00000000E+000  0.93761971E-001  0.19302224E+001  0.12507467E+002  0.31301643E+002  0.78692937E+002  0.15900366E+003
  0.00000000E+000  0.00000000E+000  0.00000000E+000  0.00000000E+000  0.00000000E+000  0.93758642E-001  0.19301962E+001  0.12507427E+002  0.31301664E+002  0.78693131E+002  0.15900387E+003
  0.00000000E+000  0.00000000E+000  0.00000000E+000  0.00000000E+000  0.00000000E+000  0.93755235E-001  0.19301681E+001  0.12507379E+002  0.31301680E+002  0.78693322E+002  0.15900408E+003
  0.00000000E+000  0.00000000E+000  0.00000000E+000  0.00000000E+000  0.00000000E+000  0.93751751E-001  0.19301382E+001  0.12507323E+002  0.31301690E+002  0.78693510E+002  0.15900430E+003
  0.00000000E+000  0.00000000E+000  0.00000000E+000  0.00000000E+000  0.00000000E+000  0.93748194E-001  0.19301064E+001  0.12507258E+002  0.31301695E+002  0.78693694E+002  0.15900452E+003
  0.00000000E+000  0.00000000E+000  0.00000000E+000  0.00000000E+000  0.00000000E+000  0.93744568E-001  0.19300729E+001  0.12507185E+002  0.31301694E+002  0.78693874E+002  0.15900474E+003
  0.00000000E+000  0.00000000E+000  0.00000000E+000  0.00000000E+000  0.00000000E+000  0.93740875E-001  0.19300376E+001  0.12507104E+002  0.31301687E+002  0.78694050E+002  0.15900496E+003
  0.00000000E+000  0.00000000E+000  0.00000000E+000  0.00000000E+000  0.00000000E+000  0.93737122E-001  0.19300007E+001  0.12507015E+002  0.31301673E+002  0.78694222E+002  0.15900518E+003
  0.00000000E+000  0.00000000E+000  0.00000000E+000  0.00000000E+000  0.00000000E+000  0.93733313E-001  0.19299621E+001  0.12506917E+002  0.31301653E+002  0.78694389E+002  0.15900541E+003
  0.00000000E+000  0.00000000E+000  0.00000000E+000  0.00000000E+000  0.00000000E+000  0.93729455E-001  0.19299220E+001  0.12506812E+002  0.31301626E+002  0.78694551E+002  0.15900564E+003
  0.00000000E+000  0.00000000E+000  0.00000000E+000  0.00000000E+000  0.00000000E+000  0.93725554E-001  0.19298803E+001  0.12506699E+002  0.31301593E+002  0.78694707E+002  0.15900587E+003
  0.00000000E+000  0.00000000E+000  0.00000000E+000  0.00000000E+000  0.00000000E+000  0.93721619E-001  0.19298373E+001  0.12506578E+002  0.31301553E+002  0.78694858E+002  0.15900611E+003
  0.00000000E+000  0.00000000E+000  0.00000000E+000  0.00000000E+000  0.00000000E+000  0.93717657E-001  0.19297929E+001  0.12506451E+002  0.31301506E+002  0.78695003E+002  0.15900634E+003
  0.00000000E+000  0.00000000E+000  0.00000000E+000  0.00000000E+000  0.00000000E+000  0.93713680E-001  0.19297473E+001  0.12506316E+002  0.31301452E+002  0.78695142E+002  0.15900658E+003
  0.00000000E+000  0.00000000E+000  0.00000000E+000  0.00000000E+000  0.00000000E+000  0.93709696E-001  0.19297007E+001  0.12506175E+002  0.31301392E+002  0.78695273E+002  0.15900682E+003
  0.00000000E+000  0.00000000E+000  0.00000000E+000  0.00000000E+000  0.00000000E+000  0.93705716E-001  0.19296530E+001  0.12506029E+002  0.31301325E+002  0.78695397E+002  0.15900706E+003
  0.00000000E+000  0.00000000E+000  0.00000000E+000  0.00000000E+000  0.00000000E+000  0.93701754E-001  0.19296044E+001  0.12505876E+002  0.31301251E+002  0.78695514E+002  0.15900731E+003
  0.00000000E+000  0.00000000E+000  0.00000000E+000  0.00000000E+000  0.00000000E+000  0.93697820E-001  0.19295551E+001  0.12505719E+002  0.31301171E+002  0.78695621E+002  0.15900755E+003
  0.00000000E+000  0.00000000E+000  0.00000000E+000  0.00000000E+000  0.00000000E+000  0.93693927E-001  0.19295053E+001  0.12505557E+002  0.31301086E+002  0.78695721E+002  0.15900780E+003
  0.00000000E+000  0.00000000E+000  0.00000000E+000  0.00000000E+000  0.00000000E+000  0.93690088E-001  0.19294549E+001  0.12505391E+002  0.31300994E+002  0.78695811E+002  0.15900805E+003
  0.00000000E+000  0.00000000E+000  0.00000000E+000  0.00000000E+000  0.00000000E+000  0.93686315E-001  0.19294043E+001  0.12505221E+002  0.31300897E+002  0.78695891E+002  0.15900830E+003
  0.00000000E+000  0.00000000E+000  0.00000000E+000  0.00000000E+000  0.00000000E+000  0.93682622E-001  0.19293535E+001  0.12505048E+002  0.31300795E+002  0.78695962E+002  0.15900855E+003
  0.00000000E+000  0.00000000E+000  0.00000000E+000  0.00000000E+000  0.00000000E+000  0.93679021E-001  0.19293027E+001  0.12504873E+002  0.31300689E+002  0.78696023E+002  0.15900881E+003
  0.00000000E+000  0.00000000E+000  0.00000000E+000  0.00000000E+000  0.00000000E+000  0.93675524E-001  0.19292521E+001  0.12504696E+002  0.31300578E+002  0.78696074E+002  0.15900906E+003
  0.00000000E+000  0.00000000E+000  0.00000000E+000  0.00000000E+000  0.00000000E+000  0.93672143E-001  0.19292018E+001  0.12504518E+002  0.31300463E+002  0.78696114E+002  0.15900932E+003
  0.00000000E+000  0.00000000E+000  0.00000000E+000  0.00000000E+000  0.00000000E+000  0.93668888E-001  0.19291520E+001  0.12504339E+002  0.31300345E+002  0.78696145E+002  0.15900958E+003
  0.00000000E+000  0.00000000E+000  0.00000000E+000  0.00000000E+000  0.00000000E+000  0.93665769E-001  0.19291028E+001  0.12504160E+002  0.31300225E+002  0.78696165E+002  0.15900983E+003
  0.00000000E+000  0.00000000E+000  0.00000000E+000  0.00000000E+000  0.00000000E+000  0.93662795E-001  0.19290543E+001  0.12503982E+002  0.31300102E+002  0.78696175E+002  0.15901009E+003
  0.00000000E+000  0.00000000E+000  0.00000000E+000  0.00000000E+000  0.00000000E+000  0.93659975E-001  0.19290068E+001  0.12503805E+002  0.31299978E+002  0.78696176E+002  0.15901035E+003
  0.00000000E+000  0.00000000E+000  0.00000000E+000  0.00000000E+000  0.00000000E+000  0.93657316E-001  0.19289602E+001  0.12503629E+002  0.31299852E+002  0.78696167E+002  0.15901061E+003
  0.00000000E+000  0.00000000E+000  0.00000000E+000  0.00000000E+000  0.00000000E+000  0.93654823E-001  0.19289148E+001  0.12503455E+002  0.31299725E+002  0.78696149E+002  0.15901087E+003
  0.00000000E+000  0.00000000E+000  0.00000000E+000  0.00000000E+000  0.00000000E+000  0.93652501E-001  0.19288706E+001  0.12503284E+002  0.31299598E+002  0.78696122E+002  0.15901113E+003
  0.00000000E+000  0.00000000E+000  0.00000000E+000  0.00000000E+000  0.00000000E+000  0.93650354E-001  0.19288278E+001  0.12503115E+002  0.31299471E+002  0.78696087E+002  0.15901138E+003
  0.00000000E+000  0.00000000E+000  0.00000000E+000  0.00000000E+000  0.00000000E+000  0.93648384E-001  0.19287863E+001  0.12502950E+002  0.31299345E+002  0.78696045E+002  0.15901164E+003
  0.00000000E+000  0.00000000E+000  0.00000000E+000  0.00000000E+000  0.00000000E+000  0.93646592E-001  0.19287464E+001  0.12502789E+002  0.31299220E+002  0.78695995E+002  0.15901189E+003
  0.00000000E+000  0.00000000E+000  0.00000000E+000  0.00000000E+000  0.00000000E+000  0.93644977E-001  0.19287080E+001  0.12502631E+002  0.31299096E+002  0.78695938E+002  0.15901214E+003
  0.00000000E+000  0.00000000E+000  0.00000000E+000  0.00000000E+000  0.00000000E+000  0.93643539E-001  0.19286713E+001  0.12502478E+002  0.31298973E+002  0.78695875E+002  0.15901239E+003
  0.00000000E+000  0.00000000E+000  0.00000000E+000  0.00000000E+000  0.00000000E+000  0.93642275E-001  0.19286361E+001  0.12502330E+002  0.31298853E+002  0.78695806E+002  0.15901264E+003
  0.00000000E+000  0.00000000E+000  0.00000000E+000  0.00000000E+000  0.00000000E+000  0.93641181E-001  0.19286027E+001  0.12502186E+002  0.31298735E+002  0.78695733E+002  0.15901288E+003
  0.00000000E+000  0.00000000E+000  0.00000000E+000  0.00000000E+000  0.00000000E+000  0.93640254E-001  0.19285709E+001  0.12502048E+002  0.31298619E+002  0.78695654E+002  0.15901312E+003
  0.00000000E+000  0.00000000E+000  0.00000000E+000  0.00000000E+000  0.00000000E+000  0.93639488E-001  0.19285408E+001  0.12501914E+002  0.31298506E+002  0.78695572E+002  0.15901336E+003
  0.00000000E+000  0.00000000E+000  0.00000000E+000  0.00000000E+000  0.00000000E+000  0.93638876E-001  0.19285123E+001  0.12501785E+002  0.31298396E+002  0.78695486E+002  0.15901359E+003
  0.00000000E+000  0.00000000E+000  0.00000000E+000  0.00000000E+000  0.00000000E+000  0.93638412E-001  0.19284856E+001  0.12501662E+002  0.31298289E+002  0.78695396E+002  0.15901382E+003
  0.00000000E+000  0.00000000E+000  0.00000000E+000  0.00000000E+000  0.00000000E+000  0.93638089E-001  0.19284604E+001  0.12501544E+002  0.31298185E+002  0.78695304E+002  0.15901405E+003
  0.00000000E+000  0.00000000E+000  0.00000000E+000  0.00000000E+000  0.00000000E+000  0.93637898E-001  0.19284369E+001  0.12501431E+002  0.31298084E+002  0.78695209E+002  0.15901426E+003
  0.00000000E+000  0.00000000E+000  0.00000000E+000  0.00000000E+000  0.00000000E+000  0.93637832E-001  0.19284150E+001  0.12501323E+002  0.31297987E+002  0.78695112E+002  0.15901448E+003
  0.00000000E+000  0.00000000E+000  0.00000000E+000  0.00000000E+000  0.00000000E+000  0.93637880E-001  0.19283946E+001  0.12501221E+002  0.31297892E+002  0.78695013E+002  0.15901469E+003
  0.00000000E+000  0.00000000E+000  0.00000000E+000  0.00000000E+000  0.00000000E+000  0.93638035E-001  0.19283757E+001  0.12501123E+002  0.31297801E+002  0.78694913E+002  0.15901489E+003
  0.00000000E+000  0.00000000E+000  0.00000000E+000  0.00000000E+000  0.00000000E+000  0.93638288E-001  0.19283583E+001  0.12501030E+002  0.31297713E+002  0.78694812E+002  0.15901509E+003
  0.00000000E+000  0.00000000E+000  0.00000000E+000  0.00000000E+000  0.00000000E+000  0.93638628E-001  0.19283422E+001  0.12500942E+002  0.31297628E+002  0.78694710E+002  0.15901528E+003
  0.00000000E+000  0.00000000E+000  0.00000000E+000  0.00000000E+000  0.00000000E+000  0.93639048E-001  0.19283275E+001  0.12500859E+002  0.31297546E+002  0.78694606E+002  0.15901546E+003
  0.00000000E+000  0.00000000E+000  0.00000000E+000  0.00000000E+000  0.00000000E+000  0.93639537E-001  0.19283140E+001  0.12500780E+002  0.31297467E+002  0.78694502E+002  0.15901564E+003
  0.00000000E+000  0.00000000E+000  0.00000000E+000  0.00000000E+000  0.00000000E+000  0.93640088E-001  0.19283018E+001  0.12500705E+002  0.31297391E+002  0.78694398E+002  0.15901581E+003
  0.00000000E+000  0.00000000E+000  0.00000000E+000  0.00000000E+000  0.00000000E+000  0.93640691E-001  0.19282907E+001  0.12500635E+002  0.31297318E+002  0.78694293E+002  0.15901597E+003
  0.00000000E+000  0.00000000E+000  0.00000000E+000  0.00000000E+000  0.00000000E+000  0.93641339E-001  0.19282808E+001  0.12500568E+002  0.31297247E+002  0.78694188E+002  0.15901612E+003
  0.00000000E+000  0.00000000E+000  0.00000000E+000  0.00000000E+000  0.00000000E+000  0.93642024E-001  0.19282718E+001  0.12500505E+002  0.31297179E+002  0.78694082E+002  0.15901627E+003
  0.00000000E+000  0.00000000E+000  0.00000000E+000  0.00000000E+000  0.00000000E+000  0.93642738E-001  0.19282639E+001  0.12500446E+002  0.31297113E+002  0.78693976E+002  0.15901640E+003
  0.00000000E+000  0.00000000E+000  0.00000000E+000  0.00000000E+000  0.00000000E+000  0.93643474E-001  0.19282569E+001  0.12500390E+002  0.31297050E+002  0.78693870E+002  0.15901653E+003
  0.00000000E+000  0.00000000E+000  0.00000000E+000  0.00000000E+000  0.00000000E+000  0.93644226E-001  0.19282507E+001  0.12500337E+002  0.31296988E+002  0.78693764E+002  0.15901665E+003
  0.00000000E+000  0.00000000E+000  0.00000000E+000  0.00000000E+000  0.00000000E+000  0.93644988E-001  0.19282454E+001  0.12500288E+002  0.31296929E+002  0.78693657E+002  0.15901676E+003
  0.00000000E+000  0.00000000E+000  0.00000000E+000  0.00000000E+000  0.00000000E+000  0.93645755E-001  0.19282408E+001  0.12500241E+002  0.31296872E+002  0.78693550E+002  0.15901686E+003
  0.00000000E+000  0.00000000E+000  0.00000000E+000  0.00000000E+000  0.00000000E+000  0.93646521E-001  0.19282370E+001  0.12500197E+002  0.31296817E+002  0.78693443E+002  0.15901695E+003
  0.00000000E+000  0.00000000E+000  0.00000000E+000  0.00000000E+000  0.00000000E+000  0.93647281E-001  0.19282338E+001  0.12500155E+002  0.31296764E+002  0.78693335E+002  0.15901704E+003
  0.00000000E+000  0.00000000E+000  0.00000000E+000  0.00000000E+000  0.00000000E+000  0.93648033E-001  0.19282312E+001  0.12500116E+002  0.31296712E+002  0.78693227E+002  0.15901711E+003
  0.00000000E+000  0.00000000E+000  0.00000000E+000  0.00000000E+000  0.00000000E+000  0.93648772E-001  0.19282292E+001  0.12500079E+002  0.31296662E+002  0.78693118E+002  0.15901717E+003
  0.00000000E+000  0.00000000E+000  0.00000000E+000  0.00000000E+000  0.00000000E+000  0.93649495E-001  0.19282277E+001  0.12500044E+002  0.31296613E+002  0.78693009E+002  0.15901723E+003
  0.00000000E+000  0.00000000E+000  0.00000000E+000  0.00000000E+000  0.00000000E+000  0.93650201E-001  0.19282267E+001  0.12500011E+002  0.31296566E+002  0.78692900E+002  0.15901727E+003
  0.00000000E+000  0.00000000E+000  0.00000000E+000  0.00000000E+000  0.00000000E+000  0.93650886E-001  0.19282262E+001  0.12499980E+002  0.31296520E+002  0.78692790E+002  0.15901731E+003
  0.00000000E+000  0.00000000E+000  0.00000000E+000  0.00000000E+000  0.00000000E+000  0.93651549E-001  0.19282260E+001  0.12499950E+002  0.31296476E+002  0.78692680E+002  0.15901733E+003
  0.00000000E+000  0.00000000E+000  0.00000000E+000  0.00000000E+000  0.00000000E+000  0.93652188E-001  0.19282263E+001  0.12499923E+002  0.31296432E+002  0.78692569E+002  0.15901735E+003
  0.00000000E+000  0.00000000E+000  0.00000000E+000  0.00000000E+000  0.00000000E+000  0.93652802E-001  0.19282268E+001  0.12499897E+002  0.31296390E+002  0.78692458E+002  0.15901735E+003
  0.00000000E+000  0.00000000E+000  0.00000000E+000  0.00000000E+000  0.00000000E+000  0.93653392E-001  0.19282277E+001  0.12499872E+002  0.31296349E+002  0.78692346E+002  0.15901735E+003
  0.00000000E+000  0.00000000E+000  0.00000000E+000  0.00000000E+000  0.00000000E+000  0.93653955E-001  0.19282288E+001  0.12499849E+002  0.31296309E+002  0.78692234E+002  0.15901734E+003
  0.00000000E+000  0.00000000E+000  0.00000000E+000  0.00000000E+000  0.00000000E+000  0.93654492E-001  0.19282302E+001  0.12499827E+002  0.31296271E+002  0.78692121E+002  0.15901732E+003
  0.00000000E+000  0.00000000E+000  0.00000000E+000  0.00000000E+000  0.00000000E+000  0.93655003E-001  0.19282318E+001  0.12499806E+002  0.31296233E+002  0.78692008E+002  0.15901729E+003
  0.00000000E+000  0.00000000E+000  0.00000000E+000  0.00000000E+000  0.00000000E+000  0.93655487E-001  0.19282335E+001  0.12499786E+002  0.31296196E+002  0.78691894E+002  0.15901725E+003
  0.00000000E+000  0.00000000E+000  0.00000000E+000  0.00000000E+000  0.00000000E+000  0.93655946E-001  0.19282355E+001  0.12499768E+002  0.31296160E+002  0.78691781E+002  0.15901721E+003
  0.00000000E+000  0.00000000E+000  0.00000000E+000  0.00000000E+000  0.00000000E+000  0.93656380E-001  0.19282375E+001  0.12499750E+002  0.31296125E+002  0.78691667E+002  0.15901715E+003
  0.00000000E+000  0.00000000E+000  0.00000000E+000  0.00000000E+000  0.00000000E+000  0.93656788E-001  0.19282397E+001  0.12499734E+002  0.31296091E+002  0.78691552E+002  0.15901709E+003
  0.00000000E+000  0.00000000E+000  0.00000000E+000  0.00000000E+000  0.00000000E+000  0.93657173E-001  0.19282420E+001  0.12499718E+002  0.31296058E+002  0.78691438E+002  0.15901702E+003
  0.00000000E+000  0.00000000E+000  0.00000000E+000  0.00000000E+000  0.00000000E+000  0.93657534E-001  0.19282443E+001  0.12499703E+002  0.31296026E+002  0.78691324E+002  0.15901695E+003
  0.00000000E+000  0.00000000E+000  0.00000000E+000  0.00000000E+000  0.00000000E+000  0.93657872E-001  0.19282467E+001  0.12499689E+002  0.31295994E+002  0.78691209E+002  0.15901686E+003
  0.00000000E+000  0.00000000E+000  0.00000000E+000  0.00000000E+000  0.00000000E+000  0.93658189E-001  0.19282491E+001  0.12499676E+002  0.31295964E+002  0.78691095E+002  0.15901677E+003
  0.00000000E+000  0.00000000E+000  0.00000000E+000  0.00000000E+000  0.00000000E+000  0.93658484E-001  0.19282515E+001  0.12499664E+002  0.31295934E+002  0.78690981E+002  0.15901668E+003
  0.00000000E+000  0.00000000E+000  0.00000000E+000  0.00000000E+000  0.00000000E+000  0.93658760E-001  0.19282540E+001  0.12499652E+002  0.31295905E+002  0.78690867E+002  0.15901657E+003
  0.00000000E+000  0.00000000E+000  0.00000000E+000  0.00000000E+000  0.00000000E+000  0.93659016E-001  0.19282564E+001  0.12499641E+002  0.31295877E+002  0.78690753E+002  0.15901647E+003
  0.00000000E+000  0.00000000E+000  0.00000000E+000  0.00000000E+000  0.00000000E+000  0.93659255E-001  0.19282588E+001  0.12499631E+002  0.31295850E+002  0.78690640E+002  0.15901635E+003
  0.00000000E+000  0.00000000E+000  0.00000000E+000  0.00000000E+000  0.00000000E+000  0.93659476E-001  0.19282612E+001  0.12499622E+002  0.31295824E+002  0.78690527E+002  0.15901623E+003
  0.00000000E+000  0.00000000E+000  0.00000000E+000  0.00000000E+000  0.00000000E+000  0.93659681E-001  0.19282636E+001  0.12499613E+002  0.31295798E+002  0.78690415E+002  0.15901611E+003
  0.00000000E+000  0.00000000E+000  0.00000000E+000  0.00000000E+000  0.00000000E+000  0.93659871E-001  0.19282658E+001  0.12499604E+002  0.31295773E+002  0.78690304E+002  0.15901598E+003
  0.00000000E+000  0.00000000E+000  0.00000000E+000  0.00000000E+000  0.00000000E+000  0.93660046E-001  0.19282681E+001  0.12499596E+002  0.31295749E+002  0.78690193E+002  0.15901585E+003
  0.00000000E+000  0.00000000E+000  0.00000000E+000  0.00000000E+000  0.00000000E+000  0.93660207E-001  0.19282702E+001  0.12499589E+002  0.31295726E+002  0.78690083E+002  0.15901571E+003
  0.00000000E+000  0.00000000E+000  0.00000000E+000  0.00000000E+000  0.00000000E+000  0.93660355E-001  0.19282723E+001  0.12499582E+002  0.31295703E+002  0.78689974E+002  0.15901557E+003
  0.00000000E+000  0.00000000E+000  0.00000000E+000  0.00000000E+000  0.00000000E+000  0.93660491E-001  0.19282744E+001  0.12499575E+002  0.31295681E+002  0.78689866E+002  0.15901543E+003
  0.00000000E+000  0.00000000E+000  0.00000000E+000  0.00000000E+000  0.00000000E+000  0.93660617E-001  0.19282763E+001  0.12499569E+002  0.31295660E+002  0.78689759E+002  0.15901529E+003
  0.00000000E+000  0.00000000E+000  0.00000000E+000  0.00000000E+000  0.00000000E+000  0.93660731E-001  0.19282782E+001  0.12499563E+002  0.31295640E+002  0.78689654E+002  0.15901514E+003
  0.00000000E+000  0.00000000E+000  0.00000000E+000  0.00000000E+000  0.00000000E+000  0.93660836E-001  0.19282800E+001  0.12499558E+002  0.31295620E+002  0.78689549E+002  0.15901499E+003
  0.00000000E+000  0.00000000E+000  0.00000000E+000  0.00000000E+000  0.00000000E+000  0.93660931E-001  0.19282817E+001  0.12499553E+002  0.31295601E+002  0.78689446E+002  0.15901483E+003
  0.00000000E+000  0.00000000E+000  0.00000000E+000  0.00000000E+000  0.00000000E+000  0.93661018E-001  0.19282833E+001  0.12499548E+002  0.31295583E+002  0.78689344E+002  0.15901468E+003
  0.00000000E+000  0.00000000E+000  0.00000000E+000  0.00000000E+000  0.00000000E+000  0.93661097E-001  0.19282848E+001  0.12499544E+002  0.31295565E+002  0.78689244E+002  0.15901452E+003
  0.00000000E+000  0.00000000E+000  0.00000000E+000  0.00000000E+000  0.00000000E+000  0.93661169E-001  0.19282863E+001  0.12499539E+002  0.31295548E+002  0.78689145E+002  0.15901437E+003
  0.00000000E+000  0.00000000E+000  0.00000000E+000  0.00000000E+000  0.00000000E+000  0.93661234E-001  0.19282876E+001  0.12499536E+002  0.31295532E+002  0.78689047E+002  0.15901421E+003
  0.00000000E+000  0.00000000E+000  0.00000000E+000  0.00000000E+000  0.00000000E+000  0.93661293E-001  0.19282889E+001  0.12499532E+002  0.31295516E+002  0.78688951E+002  0.15901405E+003
  0.00000000E+000  0.00000000E+000  0.00000000E+000  0.00000000E+000  0.00000000E+000  0.93661346E-001  0.19282901E+001  0.12499529E+002  0.31295501E+002  0.78688857E+002  0.15901389E+003
  0.00000000E+000  0.00000000E+000  0.00000000E+000  0.00000000E+000  0.00000000E+000  0.93661394E-001  0.19282913E+001  0.12499525E+002  0.31295486E+002  0.78688764E+002  0.15901373E+003
  0.00000000E+000  0.00000000E+000  0.00000000E+000  0.00000000E+000  0.00000000E+000  0.93661437E-001  0.19282923E+001  0.12499523E+002  0.31295472E+002  0.78688673E+002  0.15901357E+003
  0.00000000E+000  0.00000000E+000  0.00000000E+000  0.00000000E+000  0.00000000E+000  0.93661476E-001  0.19282933E+001  0.12499520E+002  0.31295458E+002  0.78688584E+002  0.15901341E+003
  0.00000000E+000  0.00000000E+000  0.00000000E+000  0.00000000E+000  0.00000000E+000  0.93661511E-001  0.19282943E+001  0.12499517E+002  0.31295445E+002  0.78688497E+002  0.15901325E+003
  0.00000000E+000  0.00000000E+000  0.00000000E+000  0.00000000E+000  0.00000000E+000  0.93661542E-001  0.19282951E+001  0.12499515E+002  0.31295433E+002  0.78688411E+002  0.15901309E+003
  0.00000000E+000  0.00000000E+000  0.00000000E+000  0.00000000E+000  0.00000000E+000  0.93661570E-001  0.19282959E+001  0.12499513E+002  0.31295421E+002  0.78688328E+002  0.15901293E+003
  0.00000000E+000  0.00000000E+000  0.00000000E+000  0.00000000E+000  0.00000000E+000  0.93661595E-001  0.19282967E+001  0.12499511E+002  0.31295410E+002  0.78688246E+002  0.15901278E+003
  0.00000000E+000  0.00000000E+000  0.00000000E+000  0.00000000E+000  0.00000000E+000  0.93661617E-001  0.19282974E+001  0.12499509E+002  0.31295399E+002  0.78688166E+002  0.15901262E+003
  0.00000000E+000  0.00000000E+000  0.00000000E+000  0.00000000E+000  0.00000000E+000  0.93661637E-001  0.19282980E+001  0.12499507E+002  0.31295388E+002  0.78688088E+002  0.15901247E+003
  0.00000000E+000  0.00000000E+000  0.00000000E+000  0.00000000E+000  0.00000000E+000  0.93661655E-001  0.19282986E+001  0.12499505E+002  0.31295378E+002  0.78688012E+002  0.15901231E+003
  0.00000000E+000  0.00000000E+000  0.00000000E+000  0.00000000E+000  0.00000000E+000  0.93661671E-001  0.19282991E+001  0.12499503E+002  0.31295368E+002  0.78687937E+002  0.15901216E+003
  0.00000000E+000  0.00000000E+000  0.00000000E+000  0.00000000E+000  0.00000000E+000  0.93661685E-001  0.19282996E+001  0.12499502E+002  0.31295359E+002  0.78687865E+002  0.15901201E+003
  0.00000000E+000  0.00000000E+000  0.00000000E+000  0.00000000E+000  0.00000000E+000  0.93661698E-001  0.19283001E+001  0.12499501E+002  0.31295351E+002  0.78687795E+002  0.15901186E+003
  0.00000000E+000  0.00000000E+000  0.00000000E+000  0.00000000E+000  0.00000000E+000  0.93661710E-001  0.19283005E+001  0.12499499E+002  0.31295342E+002  0.78687726E+002  0.15901172E+003
  0.00000000E+000  0.00000000E+000  0.00000000E+000  0.00000000E+000  0.00000000E+000  0.93661720E-001  0.19283009E+001  0.12499498E+002  0.31295334E+002  0.78687660E+002  0.15901157E+003
  0.00000000E+000  0.00000000E+000  0.00000000E+000  0.00000000E+000  0.00000000E+000  0.93661730E-001  0.19283013E+001  0.12499497E+002  0.31295327E+002  0.78687595E+002  0.15901143E+003
  0.00000000E+000  0.00000000E+000  0.00000000E+000  0.00000000E+000  0.00000000E+000  0.93661738E-001  0.19283016E+001  0.12499496E+002  0.31295319E+002  0.78687533E+002  0.15901129E+003
  0.00000000E+000  0.00000000E+000  0.00000000E+000  0.00000000E+000  0.00000000E+000  0.93661746E-001  0.19283019E+001  0.12499495E+002  0.31295313E+002  0.78687472E+002  0.15901116E+003
  0.00000000E+000  0.00000000E+000  0.00000000E+000  0.00000000E+000  0.00000000E+000  0.93661754E-001  0.19283022E+001  0.12499494E+002  0.31295306E+002  0.78687413E+002  0.15901102E+003
  0.00000000E+000  0.00000000E+000  0.00000000E+000  0.00000000E+000  0.00000000E+000  0.93661760E-001  0.19283024E+001  0.12499493E+002  0.31295300E+002  0.78687356E+002  0.15901089E+003
  0.00000000E+000  0.00000000E+000  0.00000000E+000  0.00000000E+000  0.00000000E+000  0.93661767E-001  0.19283027E+001  0.12499493E+002  0.31295294E+002  0.78687301E+002  0.15901076E+003
  0.00000000E+000  0.00000000E+000  0.00000000E+000  0.00000000E+000  0.00000000E+000  0.93661773E-001  0.19283029E+001  0.12499492E+002  0.31295288E+002  0.78687248E+002  0.15901063E+003
  0.00000000E+000  0.00000000E+000  0.00000000E+000  0.00000000E+000  0.00000000E+000  0.93661778E-001  0.19283031E+001  0.12499491E+002  0.31295283E+002  0.78687196E+002  0.15901051E+003
  0.00000000E+000  0.00000000E+000  0.00000000E+000  0.00000000E+000  0.00000000E+000  0.93661784E-001  0.19283033E+001  0.12499491E+002  0.31295278E+002  0.78687146E+002  0.15901039E+003
  0.00000000E+000  0.00000000E+000  0.00000000E+000  0.00000000E+000  0.00000000E+000  0.93661789E-001  0.19283035E+001  0.12499490E+002  0.31295273E+002  0.78687098E+002  0.15901027E+003
  0.00000000E+000  0.00000000E+000  0.00000000E+000  0.00000000E+000  0.00000000E+000  0.93661794E-001  0.19283037E+001  0.12499490E+002  0.31295269E+002  0.78687052E+002  0.15901015E+003
  0.00000000E+000  0.00000000E+000  0.00000000E+000  0.00000000E+000  0.00000000E+000  0.93661798E-001  0.19283038E+001  0.12499489E+002  0.31295264E+002  0.78687008E+002  0.15901004E+003
  0.00000000E+000  0.00000000E+000  0.00000000E+000  0.00000000E+000  0.00000000E+000  0.93661803E-001  0.19283040E+001  0.12499489E+002  0.31295260E+002  0.78686965E+002  0.15900993E+003
  0.00000000E+000  0.00000000E+000  0.00000000E+000  0.00000000E+000  0.00000000E+000  0.93661807E-001  0.19283041E+001  0.12499488E+002  0.31295257E+002  0.78686924E+002  0.15900982E+003
  0.00000000E+000  0.00000000E+000  0.00000000E+000  0.00000000E+000  0.00000000E+000  0.93661811E-001  0.19283042E+001  0.12499488E+002  0.31295253E+002  0.78686884E+002  0.15900972E+003
  0.00000000E+000  0.00000000E+000  0.00000000E+000  0.00000000E+000  0.00000000E+000  0.93661815E-001  0.19283044E+001  0.12499488E+002  0.31295250E+002  0.78686846E+002  0.15900962E+003
  0.00000000E+000  0.00000000E+000  0.00000000E+000  0.00000000E+000  0.00000000E+000  0.93661818E-001  0.19283045E+001  0.12499488E+002  0.31295247E+002  0.78686809E+002  0.15900952E+003
  0.00000000E+000  0.00000000E+000  0.00000000E+000  0.00000000E+000  0.00000000E+000  0.93661822E-001  0.19283046E+001  0.12499487E+002  0.31295244E+002  0.78686774E+002  0.15900942E+003
  0.00000000E+000  0.00000000E+000  0.00000000E+000  0.00000000E+000  0.00000000E+000  0.93661826E-001  0.19283047E+001  0.12499487E+002  0.31295241E+002  0.78686740E+002  0.15900933E+003
  0.00000000E+000  0.00000000E+000  0.00000000E+000  0.00000000E+000  0.00000000E+000  0.93661829E-001  0.19283047E+001  0.12499487E+002  0.31295238E+002  0.78686708E+002  0.15900924E+003
  0.00000000E+000  0.00000000E+000  0.00000000E+000  0.00000000E+000  0.00000000E+000  0.93661833E-001  0.19283048E+001  0.12499487E+002  0.31295236E+002  0.78686677E+002  0.15900916E+003
  0.00000000E+000  0.00000000E+000  0.00000000E+000  0.00000000E+000  0.00000000E+000  0.93661838E-001  0.19283049E+001  0.12499486E+002  0.31295233E+002  0.78686647E+002  0.15900907E+003
  0.00000000E+000  0.00000000E+000  0.00000000E+000  0.00000000E+000  0.00000000E+000  0.93661844E-001  0.19283050E+001  0.12499486E+002  0.31295231E+002  0.78686619E+002  0.15900899E+003
  0.00000000E+000  0.00000000E+000  0.00000000E+000  0.00000000E+000  0.00000000E+000  0.93661852E-001  0.19283050E+001  0.12499486E+002  0.31295229E+002  0.78686592E+002  0.15900891E+003
  0.00000000E+000  0.00000000E+000  0.00000000E+000  0.00000000E+000  0.00000000E+000  0.93661862E-001  0.19283051E+001  0.12499486E+002  0.31295227E+002  0.78686566E+002  0.15900884E+003
  0.00000000E+000  0.00000000E+000  0.00000000E+000  0.00000000E+000  0.00000000E+000  0.93661878E-001  0.19283052E+001  0.12499486E+002  0.31295225E+002  0.78686541E+002  0.15900876E+003
  0.00000000E+000  0.00000000E+000  0.00000000E+000  0.00000000E+000  0.00000000E+000  0.93661899E-001  0.19283055E+001  0.12499487E+002  0.31295224E+002  0.78686518E+002  0.15900869E+003
