 -0.57432092E+000 -0.43190780E+000 -0.11426195E+000 -0.56729871E-002 -0.39447190E-002 -0.10642722E-002  0.10817903E-002  0.96014761E+000  0.25658122E+001  0.51504776E+001  0.73807482E+001
 -0.57375888E+000 -0.43100602E+000 -0.11294412E+000 -0.56563216E-002 -0.38708042E-002 -0.89494188E-003  0.10966278E-002  0.96220321E+000  0.25684112E+001  0.51548910E+001  0.73852697E+001
 -0.57355338E+000 -0.43054219E+000 -0.11223126E+000 -0.56584104E-002 -0.38916709E-002 -0.94710513E-003  0.10955565E-002  0.96341519E+000  0.25701814E+001  0.51584854E+001  0.73890296E+001
 -0.57348149E+000 -0.43025842E+000 -0.11174061E+000 -0.56588415E-002 -0.38994805E-002 -0.96721225E-003  0.10943631E-002  0.96429258E+000  0.25715095E+001  0.51616312E+001  0.73924405E+001
 -0.57348698E+000 -0.43011143E+000 -0.11143263E+000 -0.56594398E-002 -0.39056714E-002 -0.98272390E-003  0.10927399E-002  0.96492823E+000  0.25724728E+001  0.51642440E+001  0.73954136E+001
 -0.57352973E+000 -0.43005990E+000 -0.11126055E+000 -0.56601223E-002 -0.39107045E-002 -0.99500800E-003  0.10912717E-002  0.96539156E+000  0.25731660E+001  0.51663245E+001  0.73979204E+001
 -0.57358775E+000 -0.43007445E+000 -0.11118985E+000 -0.56608675E-002 -0.39149958E-002 -0.10052097E-002  0.10901401E-002  0.96572405E+000  0.25736605E+001  0.51679069E+001  0.73999541E+001
 -0.57364960E+000 -0.43013346E+000 -0.11119593E+000 -0.56616365E-002 -0.39186368E-002 -0.10136371E-002  0.10892480E-002  0.96595408E+000  0.25740067E+001  0.51690465E+001  0.74015289E+001
 -0.57370961E+000 -0.43022084E+000 -0.11125939E+000 -0.56624160E-002 -0.39217878E-002 -0.10207408E-002  0.10885377E-002  0.96610264E+000  0.25742394E+001  0.51698072E+001  0.74026756E+001
 -0.57376529E+000 -0.43032475E+000 -0.11136456E+000 -0.56631861E-002 -0.39245122E-002 -0.10267224E-002  0.10879537E-002  0.96618578E+000  0.25743828E+001  0.51702528E+001  0.74034355E+001
 -0.57381578E+000 -0.43043665E+000 -0.11149891E+000 -0.56639295E-002 -0.39268433E-002 -0.10316996E-002  0.10874595E-002  0.96621630E+000  0.25744542E+001  0.51704409E+001  0.74038555E+001
 -0.57386108E+000 -0.43055060E+000 -0.11165246E+000 -0.56646458E-002 -0.39288774E-002 -0.10359300E-002  0.10870303E-002  0.96620435E+000  0.25744661E+001  0.51704210E+001  0.74039835E+001
 -0.57390154E+000 -0.43066255E+000 -0.11181731E+000 -0.56653307E-002 -0.39306631E-002 -0.10395503E-002  0.10866515E-002  0.96615823E+000  0.25744283E+001  0.51702341E+001  0.74038660E+001
 -0.57393762E+000 -0.43076985E+000 -0.11198722E+000 -0.56659785E-002 -0.39322262E-002 -0.10426389E-002  0.10863146E-002  0.96608471E+000  0.25743484E+001  0.51699136E+001  0.74035455E+001
 -0.57396982E+000 -0.43087089E+000 -0.11215742E+000 -0.56665872E-002 -0.39335967E-002 -0.10452793E-002  0.10860123E-002  0.96598914E+000  0.25742324E+001  0.51694863E+001  0.74030602E+001
 -0.57399861E+000 -0.43096482E+000 -0.11232438E+000 -0.56671560E-002 -0.39348018E-002 -0.10475447E-002  0.10857390E-002  0.96587581E+000  0.25740855E+001  0.51689738E+001  0.74024430E+001
 -0.57402442E+000 -0.43105131E+000 -0.11248552E+000 -0.56676854E-002 -0.39358649E-002 -0.10494974E-002  0.10854901E-002  0.96574807E+000  0.25739117E+001  0.51683933E+001  0.74017221E+001
 -0.57404760E+000 -0.43113036E+000 -0.11263899E+000 -0.56681758E-002 -0.39368015E-002 -0.10511777E-002  0.10852628E-002  0.96560864E+000  0.25737146E+001  0.51677590E+001  0.74009212E+001
 -0.57406845E+000 -0.43120218E+000 -0.11278358E+000 -0.56686286E-002 -0.39376279E-002 -0.10526266E-002  0.10850545E-002  0.96545963E+000  0.25734972E+001  0.51670824E+001  0.74000601E+001
 -0.57408724E+000 -0.43126712E+000 -0.11291856E+000 -0.56690447E-002 -0.39383577E-002 -0.10538793E-002  0.10848630E-002  0.96530274E+000  0.25732622E+001  0.51663733E+001  0.73991552E+001
 -0.57410417E+000 -0.43132561E+000 -0.11304357E+000 -0.56694253E-002 -0.39390025E-002 -0.10549645E-002  0.10846896E-002  0.96513936E+000  0.25730120E+001  0.51656398E+001  0.73982204E+001
 -0.57411943E+000 -0.43137813E+000 -0.11315856E+000 -0.56697717E-002 -0.39395704E-002 -0.10559016E-002  0.10845303E-002  0.96497054E+000  0.25727486E+001  0.51648889E+001  0.73972670E+001
 -0.57413320E+000 -0.43142516E+000 -0.11326370E+000 -0.56700850E-002 -0.39400672E-002 -0.10567042E-002  0.10843835E-002  0.96479717E+000  0.25724740E+001  0.51641267E+001  0.73963044E+001
 -0.57414561E+000 -0.43146718E+000 -0.11335932E+000 -0.56703683E-002 -0.39405057E-002 -0.10574013E-002  0.10842474E-002  0.96461984E+000  0.25721897E+001  0.51633584E+001  0.73953408E+001
 -0.57415680E+000 -0.43150465E+000 -0.11344587E+000 -0.56706231E-002 -0.39408907E-002 -0.10580033E-002  0.10841212E-002  0.96443915E+000  0.25718975E+001  0.51625887E+001  0.73943827E+001
 -0.57416689E+000 -0.43153801E+000 -0.11352387E+000 -0.56708516E-002 -0.39412291E-002 -0.10585248E-002  0.10840039E-002  0.96425564E+000  0.25715988E+001  0.51618218E+001  0.73934359E+001
 -0.57417597E+000 -0.43156767E+000 -0.11359389E+000 -0.56710556E-002 -0.39415248E-002 -0.10589733E-002  0.10838946E-002  0.96406981E+000  0.25712952E+001  0.51610614E+001  0.73925053E+001
 -0.57418417E+000 -0.43159404E+000 -0.11365655E+000 -0.56712377E-002 -0.39417854E-002 -0.10593648E-002  0.10837923E-002  0.96388208E+000  0.25709880E+001  0.51603109E+001  0.73915950E+001
 -0.57419156E+000 -0.43161746E+000 -0.11371247E+000 -0.56713995E-002 -0.39420138E-002 -0.10597043E-002  0.10836962E-002  0.96369288E+000  0.25706789E+001  0.51595734E+001  0.73907085E+001
 -0.57419824E+000 -0.43163828E+000 -0.11376224E+000 -0.56715428E-002 -0.39422131E-002 -0.10599970E-002  0.10836058E-002  0.96350267E+000  0.25703690E+001  0.51588517E+001  0.73898490E+001
 -0.57420428E+000 -0.43165680E+000 -0.11380650E+000 -0.56716699E-002 -0.39423887E-002 -0.10602535E-002  0.10835199E-002  0.96331188E+000  0.25700599E+001  0.51581485E+001  0.73890192E+001
 -0.57420977E+000 -0.43167331E+000 -0.11384580E+000 -0.56717823E-002 -0.39425434E-002 -0.10604786E-002  0.10834379E-002  0.96312103E+000  0.25697530E+001  0.51574661E+001  0.73882212E+001
 -0.57421478E+000 -0.43168808E+000 -0.11388071E+000 -0.56718816E-002 -0.39426794E-002 -0.10606757E-002  0.10833593E-002  0.96293064E+000  0.25694494E+001  0.51568065E+001  0.73874569E+001
 -0.57421938E+000 -0.43170133E+000 -0.11391176E+000 -0.56719698E-002 -0.39428008E-002 -0.10608526E-002  0.10832832E-002  0.96274127E+000  0.25691507E+001  0.51561717E+001  0.73867279E+001
 -0.57422361E+000 -0.43171329E+000 -0.11393941E+000 -0.56720480E-002 -0.39429094E-002 -0.10610117E-002  0.10832092E-002  0.96255356E+000  0.25688580E+001  0.51555633E+001  0.73860355E+001
 -0.57422754E+000 -0.43172414E+000 -0.11396413E+000 -0.56721176E-002 -0.39430070E-002 -0.10611560E-002  0.10831368E-002  0.96236816E+000  0.25685726E+001  0.51549826E+001  0.73853806E+001
 -0.57423121E+000 -0.43173406E+000 -0.11398630E+000 -0.56721799E-002 -0.39430959E-002 -0.10612892E-002  0.10830656E-002  0.96218576E+000  0.25682958E+001  0.51544308E+001  0.73847638E+001
 -0.57423467E+000 -0.43174319E+000 -0.11400630E+000 -0.56722360E-002 -0.39431777E-002 -0.10614138E-002  0.10829953E-002  0.96200709E+000  0.25680284E+001  0.51539088E+001  0.73841854E+001
 -0.57423795E+000 -0.43175167E+000 -0.11402446E+000 -0.56722870E-002 -0.39432543E-002 -0.10615330E-002  0.10829255E-002  0.96183286E+000  0.25677717E+001  0.51534172E+001  0.73836453E+001
 -0.57424109E+000 -0.43175959E+000 -0.11404105E+000 -0.56723334E-002 -0.39433258E-002 -0.10616463E-002  0.10828564E-002  0.96166381E+000  0.25675264E+001  0.51529563E+001  0.73831434E+001
 -0.57424410E+000 -0.43176707E+000 -0.11405631E+000 -0.56723762E-002 -0.39433939E-002 -0.10617567E-002  0.10827878E-002  0.96150063E+000  0.25672933E+001  0.51525262E+001  0.73826789E+001
 -0.57424701E+000 -0.43177415E+000 -0.11407045E+000 -0.56724160E-002 -0.39434593E-002 -0.10618648E-002  0.10827198E-002  0.96134399E+000  0.25670730E+001  0.51521267E+001  0.73822509E+001
 -0.57424983E+000 -0.43178092E+000 -0.11408365E+000 -0.56724533E-002 -0.39435226E-002 -0.10619715E-002  0.10826525E-002  0.96119448E+000  0.25668659E+001  0.51517573E+001  0.73818582E+001
 -0.57425257E+000 -0.43178741E+000 -0.11409604E+000 -0.56724883E-002 -0.39435837E-002 -0.10620761E-002  0.10825863E-002  0.96105264E+000  0.25666724E+001  0.51514173E+001  0.73814994E+001
 -0.57425525E+000 -0.43179365E+000 -0.11410774E+000 -0.56725217E-002 -0.39436439E-002 -0.10621810E-002  0.10825213E-002  0.96091889E+000  0.25664926E+001  0.51511058E+001  0.73811727E+001
 -0.57425785E+000 -0.43179968E+000 -0.11411882E+000 -0.56725534E-002 -0.39437024E-002 -0.10622839E-002  0.10824579E-002  0.96079356E+000  0.25663264E+001  0.51508215E+001  0.73808765E+001
 -0.57426039E+000 -0.43180549E+000 -0.11412937E+000 -0.56725839E-002 -0.39437599E-002 -0.10623865E-002  0.10823965E-002  0.96067685E+000  0.25661736E+001  0.51505631E+001  0.73806086E+001
 -0.57426286E+000 -0.43181111E+000 -0.11413943E+000 -0.56726131E-002 -0.39438163E-002 -0.10624882E-002  0.10823373E-002  0.96056884E+000  0.25660339E+001  0.51503292E+001  0.73803670E+001
 -0.57426526E+000 -0.43181653E+000 -0.11414902E+000 -0.56726413E-002 -0.39438713E-002 -0.10625881E-002  0.10822807E-002  0.96046949E+000  0.25659068E+001  0.51501181E+001  0.73801498E+001
 -0.57426759E+000 -0.43182176E+000 -0.11415819E+000 -0.56726684E-002 -0.39439254E-002 -0.10626871E-002  0.10822270E-002  0.96037865E+000  0.25657917E+001  0.51499282E+001  0.73799549E+001
 -0.57426984E+000 -0.43182679E+000 -0.11416694E+000 -0.56726946E-002 -0.39439783E-002 -0.10627843E-002  0.10821763E-002  0.96029606E+000  0.25656879E+001  0.51497579E+001  0.73797802E+001
 -0.57427202E+000 -0.43183162E+000 -0.11417528E+000 -0.56727198E-002 -0.39440298E-002 -0.10628797E-002  0.10821289E-002  0.96022136E+000  0.25655947E+001  0.51496056E+001  0.73796242E+001
 -0.57427412E+000 -0.43183626E+000 -0.11418322E+000 -0.56727441E-002 -0.39440802E-002 -0.10629735E-002  0.10820848E-002  0.96015412E+000  0.25655114E+001  0.51494697E+001  0.73794849E+001
 -0.57427615E+000 -0.43184070E+000 -0.11419078E+000 -0.56727675E-002 -0.39441290E-002 -0.10630648E-002  0.10820440E-002  0.96009387E+000  0.25654371E+001  0.51493487E+001  0.73793610E+001
 -0.57427810E+000 -0.43184494E+000 -0.11419795E+000 -0.56727900E-002 -0.39441768E-002 -0.10631546E-002  0.10820064E-002  0.96004008E+000  0.25653712E+001  0.51492415E+001  0.73792511E+001
 -0.57427998E+000 -0.43184900E+000 -0.11420475E+000 -0.56728116E-002 -0.39442232E-002 -0.10632424E-002  0.10819720E-002  0.95999223E+000  0.25653128E+001  0.51491467E+001  0.73791539E+001
 -0.57428180E+000 -0.43185287E+000 -0.11421119E+000 -0.56728324E-002 -0.39442683E-002 -0.10633280E-002  0.10819407E-002  0.95994979E+000  0.25652613E+001  0.51490634E+001  0.73790685E+001
 -0.57428356E+000 -0.43185657E+000 -0.11421727E+000 -0.56728524E-002 -0.39443122E-002 -0.10634120E-002  0.10819120E-002  0.95991226E+000  0.25652161E+001  0.51489906E+001  0.73789939E+001
 -0.57428527E+000 -0.43186010E+000 -0.11422302E+000 -0.56728715E-002 -0.39443550E-002 -0.10634941E-002  0.10818860E-002  0.95987918E+000  0.25651766E+001  0.51489274E+001  0.73789294E+001
 -0.57428692E+000 -0.43186347E+000 -0.11422844E+000 -0.56728898E-002 -0.39443966E-002 -0.10635746E-002  0.10818623E-002  0.95985011E+000  0.25651424E+001  0.51488733E+001  0.73788743E+001
 -0.57428853E+000 -0.43186670E+000 -0.11423354E+000 -0.56729074E-002 -0.39444371E-002 -0.10636533E-002  0.10818408E-002  0.95982467E+000  0.25651130E+001  0.51488276E+001  0.73788282E+001
 -0.57429010E+000 -0.43186978E+000 -0.11423835E+000 -0.56729242E-002 -0.39444765E-002 -0.10637304E-002  0.10818212E-002  0.95980254E+000  0.25650880E+001  0.51487898E+001  0.73787905E+001
 -0.57429163E+000 -0.43187274E+000 -0.11424287E+000 -0.56729402E-002 -0.39445148E-002 -0.10638057E-002  0.10818033E-002  0.95978341E+000  0.25650671E+001  0.51487594E+001  0.73787607E+001
 -0.57429313E+000 -0.43187557E+000 -0.11424711E+000 -0.56729555E-002 -0.39445520E-002 -0.10638794E-002  0.10817870E-002  0.95976704E+000  0.25650501E+001  0.51487361E+001  0.73787386E+001
 -0.57429460E+000 -0.43187828E+000 -0.11425108E+000 -0.56729700E-002 -0.39445879E-002 -0.10639511E-002  0.10817721E-002  0.95975323E+000  0.25650367E+001  0.51487196E+001  0.73787239E+001
 -0.57429604E+000 -0.43188087E+000 -0.11425479E+000 -0.56729838E-002 -0.39446227E-002 -0.10640209E-002  0.10817585E-002  0.95974179E+000  0.25650267E+001  0.51487095E+001  0.73787161E+001
 -0.57429746E+000 -0.43188336E+000 -0.11425825E+000 -0.56729968E-002 -0.39446562E-002 -0.10640884E-002  0.10817461E-002  0.95973258E+000  0.25650199E+001  0.51487055E+001  0.73787152E+001
 -0.57429884E+000 -0.43188573E+000 -0.11426146E+000 -0.56730091E-002 -0.39446884E-002 -0.10641538E-002  0.10817349E-002  0.95972546E+000  0.25650162E+001  0.51487074E+001  0.73787206E+001
 -0.57430019E+000 -0.43188800E+000 -0.11426442E+000 -0.56730206E-002 -0.39447190E-002 -0.10642164E-002  0.10817248E-002  0.95972033E+000  0.25650154E+001  0.51487149E+001  0.73787323E+001
 -0.57430152E+000 -0.43189016E+000 -0.11426715E+000 -0.56730313E-002 -0.39447483E-002 -0.10642765E-002  0.10817156E-002  0.95971708E+000  0.25650174E+001  0.51487278E+001  0.73787499E+001
 -0.57430281E+000 -0.43189221E+000 -0.11426965E+000 -0.56730412E-002 -0.39447759E-002 -0.10643337E-002  0.10817075E-002  0.95971561E+000  0.25650220E+001  0.51487458E+001  0.73787731E+001
 -0.57430407E+000 -0.43189416E+000 -0.11427192E+000 -0.56730503E-002 -0.39448019E-002 -0.10643879E-002  0.10817003E-002  0.95971584E+000  0.25650291E+001  0.51487686E+001  0.73788016E+001
 -0.57430529E+000 -0.43189599E+000 -0.11427396E+000 -0.56730586E-002 -0.39448262E-002 -0.10644389E-002  0.10816940E-002  0.95971767E+000  0.25650386E+001  0.51487960E+001  0.73788352E+001
 -0.57430647E+000 -0.43189772E+000 -0.11427578E+000 -0.56730660E-002 -0.39448487E-002 -0.10644864E-002  0.10816887E-002  0.95972102E+000  0.25650502E+001  0.51488277E+001  0.73788735E+001
 -0.57430761E+000 -0.43189934E+000 -0.11427738E+000 -0.56730727E-002 -0.39448694E-002 -0.10645305E-002  0.10816842E-002  0.95972581E+000  0.25650640E+001  0.51488633E+001  0.73789162E+001
 -0.57430871E+000 -0.43190086E+000 -0.11427877E+000 -0.56730785E-002 -0.39448881E-002 -0.10645708E-002  0.10816805E-002  0.95973194E+000  0.25650797E+001  0.51489026E+001  0.73789629E+001
 -0.57430977E+000 -0.43190226E+000 -0.11427996E+000 -0.56730834E-002 -0.39449050E-002 -0.10646075E-002  0.10816777E-002  0.95973933E+000  0.25650971E+001  0.51489453E+001  0.73790132E+001
 -0.57431078E+000 -0.43190355E+000 -0.11428094E+000 -0.56730876E-002 -0.39449199E-002 -0.10646402E-002  0.10816758E-002  0.95974787E+000  0.25651162E+001  0.51489909E+001  0.73790669E+001
 -0.57431174E+000 -0.43190474E+000 -0.11428173E+000 -0.56730910E-002 -0.39449328E-002 -0.10646691E-002  0.10816745E-002  0.95975747E+000  0.25651367E+001  0.51490393E+001  0.73791234E+001
 -0.57431265E+000 -0.43190583E+000 -0.11428234E+000 -0.56730936E-002 -0.39449438E-002 -0.10646942E-002  0.10816741E-002  0.95976802E+000  0.25651584E+001  0.51490899E+001  0.73791825E+001
 -0.57431352E+000 -0.43190681E+000 -0.11428277E+000 -0.56730955E-002 -0.39449530E-002 -0.10647154E-002  0.10816743E-002  0.95977944E+000  0.25651813E+001  0.51491426E+001  0.73792437E+001
 -0.57431433E+000 -0.43190769E+000 -0.11428304E+000 -0.56730966E-002 -0.39449603E-002 -0.10647330E-002  0.10816752E-002  0.95979160E+000  0.25652052E+001  0.51491968E+001  0.73793066E+001
 -0.57431509E+000 -0.43190847E+000 -0.11428316E+000 -0.56730971E-002 -0.39449658E-002 -0.10647469E-002  0.10816766E-002  0.95980440E+000  0.25652298E+001  0.51492524E+001  0.73793708E+001
 -0.57431581E+000 -0.43190917E+000 -0.11428313E+000 -0.56730970E-002 -0.39449696E-002 -0.10647573E-002  0.10816787E-002  0.95981775E+000  0.25652550E+001  0.51493089E+001  0.73794360E+001
 -0.57431647E+000 -0.43190977E+000 -0.11428297E+000 -0.56730962E-002 -0.39449718E-002 -0.10647643E-002  0.10816813E-002  0.95983154E+000  0.25652807E+001  0.51493660E+001  0.73795017E+001
 -0.57431709E+000 -0.43191028E+000 -0.11428269E+000 -0.56730949E-002 -0.39449723E-002 -0.10647679E-002  0.10816844E-002  0.95984567E+000  0.25653066E+001  0.51494234E+001  0.73795676E+001
 -0.57431765E+000 -0.43191072E+000 -0.11428229E+000 -0.56730930E-002 -0.39449713E-002 -0.10647683E-002  0.10816879E-002  0.95986005E+000  0.25653327E+001  0.51494807E+001  0.73796333E+001
 -0.57431817E+000 -0.43191108E+000 -0.11428179E+000 -0.56730907E-002 -0.39449689E-002 -0.10647657E-002  0.10816917E-002  0.95987458E+000  0.25653588E+001  0.51495377E+001  0.73796986E+001
 -0.57431864E+000 -0.43191136E+000 -0.11428121E+000 -0.56730880E-002 -0.39449652E-002 -0.10647606E-002  0.10816959E-002  0.95988916E+000  0.25653848E+001  0.51495942E+001  0.73797630E+001
 -0.57431907E+000 -0.43191158E+000 -0.11428056E+000 -0.56730849E-002 -0.39449604E-002 -0.10647530E-002  0.10817004E-002  0.95990371E+000  0.25654104E+001  0.51496497E+001  0.73798263E+001
 -0.57431946E+000 -0.43191175E+000 -0.11427984E+000 -0.56730815E-002 -0.39449547E-002 -0.10647433E-002  0.10817051E-002  0.95991814E+000  0.25654357E+001  0.51497041E+001  0.73798882E+001
 -0.57431981E+000 -0.43191186E+000 -0.11427908E+000 -0.56730778E-002 -0.39449480E-002 -0.10647316E-002  0.10817099E-002  0.95993238E+000  0.25654604E+001  0.51497571E+001  0.73799485E+001
 -0.57432012E+000 -0.43191192E+000 -0.11427827E+000 -0.56730739E-002 -0.39449406E-002 -0.10647182E-002  0.10817149E-002  0.95994636E+000  0.25654845E+001  0.51498087E+001  0.73800070E+001
 -0.57432039E+000 -0.43191193E+000 -0.11427744E+000 -0.56730699E-002 -0.39449324E-002 -0.10647033E-002  0.10817199E-002  0.95996001E+000  0.25655079E+001  0.51498585E+001  0.73800634E+001
 -0.57432063E+000 -0.43191191E+000 -0.11427658E+000 -0.56730657E-002 -0.39449237E-002 -0.10646870E-002  0.10817250E-002  0.95997330E+000  0.25655305E+001  0.51499064E+001  0.73801176E+001
 -0.57432084E+000 -0.43191185E+000 -0.11427571E+000 -0.56730614E-002 -0.39449146E-002 -0.10646698E-002  0.10817300E-002  0.95998616E+000  0.25655523E+001  0.51499524E+001  0.73801695E+001
 -0.57432102E+000 -0.43191176E+000 -0.11427484E+000 -0.56730571E-002 -0.39449051E-002 -0.10646517E-002  0.10817351E-002  0.95999855E+000  0.25655731E+001  0.51499964E+001  0.73802190E+001
 -0.57432117E+000 -0.43191165E+000 -0.11427397E+000 -0.56730528E-002 -0.39448954E-002 -0.10646331E-002  0.10817400E-002  0.96001044E+000  0.25655931E+001  0.51500381E+001  0.73802659E+001
 -0.57432130E+000 -0.43191152E+000 -0.11427312E+000 -0.56730486E-002 -0.39448857E-002 -0.10646142E-002  0.10817448E-002  0.96002180E+000  0.25656120E+001  0.51500776E+001  0.73803103E+001
 -0.57432141E+000 -0.43191137E+000 -0.11427228E+000 -0.56730443E-002 -0.39448758E-002 -0.10645950E-002  0.10817495E-002  0.96003260E+000  0.25656299E+001  0.51501149E+001  0.73803521E+001
 -0.57432150E+000 -0.43191121E+000 -0.11427146E+000 -0.56730402E-002 -0.39448661E-002 -0.10645758E-002  0.10817540E-002  0.96004284E+000  0.25656467E+001  0.51501500E+001  0.73803913E+001
 -0.57432157E+000 -0.43191105E+000 -0.11427068E+000 -0.56730362E-002 -0.39448564E-002 -0.10645568E-002  0.10817583E-002  0.96005250E+000  0.25656626E+001  0.51501827E+001  0.73804279E+001
 -0.57432162E+000 -0.43191087E+000 -0.11426992E+000 -0.56730323E-002 -0.39448470E-002 -0.10645380E-002  0.10817624E-002  0.96006157E+000  0.25656774E+001  0.51502133E+001  0.73804619E+001
 -0.57432166E+000 -0.43191070E+000 -0.11426920E+000 -0.56730286E-002 -0.39448378E-002 -0.10645197E-002  0.10817663E-002  0.96007006E+000  0.25656912E+001  0.51502416E+001  0.73804934E+001
 -0.57432169E+000 -0.43191052E+000 -0.11426852E+000 -0.56730250E-002 -0.39448288E-002 -0.10645018E-002  0.10817700E-002  0.96007798E+000  0.25657041E+001  0.51502678E+001  0.73805225E+001
 -0.57432171E+000 -0.43191035E+000 -0.11426788E+000 -0.56730217E-002 -0.39448203E-002 -0.10644846E-002  0.10817735E-002  0.96008534E+000  0.25657159E+001  0.51502920E+001  0.73805492E+001
 -0.57432172E+000 -0.43191018E+000 -0.11426728E+000 -0.56730185E-002 -0.39448121E-002 -0.10644680E-002  0.10817767E-002  0.96009214E+000  0.25657268E+001  0.51503141E+001  0.73805736E+001
 -0.57432172E+000 -0.43191001E+000 -0.11426671E+000 -0.56730155E-002 -0.39448043E-002 -0.10644523E-002  0.10817796E-002  0.96009840E+000  0.25657368E+001  0.51503343E+001  0.73805959E+001
 -0.57432172E+000 -0.43190986E+000 -0.11426619E+000 -0.56730126E-002 -0.39447969E-002 -0.10644373E-002  0.10817824E-002  0.96010415E+000  0.25657460E+001  0.51503527E+001  0.73806161E+001
 -0.57432171E+000 -0.43190970E+000 -0.11426571E+000 -0.56730100E-002 -0.39447899E-002 -0.10644231E-002  0.10817849E-002  0.96010940E+000  0.25657543E+001  0.51503694E+001  0.73806343E+001
 -0.57432170E+000 -0.43190956E+000 -0.11426527E+000 -0.56730076E-002 -0.39447834E-002 -0.10644097E-002  0.10817872E-002  0.96011419E+000  0.25657618E+001  0.51503844E+001  0.73806508E+001
 -0.57432168E+000 -0.43190943E+000 -0.11426487E+000 -0.56730054E-002 -0.39447773E-002 -0.10643972E-002  0.10817892E-002  0.96011853E+000  0.25657686E+001  0.51503979E+001  0.73806654E+001
 -0.57432166E+000 -0.43190930E+000 -0.11426450E+000 -0.56730033E-002 -0.39447716E-002 -0.10643855E-002  0.10817911E-002  0.96012245E+000  0.25657747E+001  0.51504099E+001  0.73806785E+001
 -0.57432164E+000 -0.43190918E+000 -0.11426418E+000 -0.56730014E-002 -0.39447664E-002 -0.10643747E-002  0.10817927E-002  0.96012597E+000  0.25657802E+001  0.51504206E+001  0.73806901E+001
 -0.57432162E+000 -0.43190907E+000 -0.11426388E+000 -0.56729997E-002 -0.39447616E-002 -0.10643647E-002  0.10817942E-002  0.96012913E+000  0.25657851E+001  0.51504301E+001  0.73807004E+001
 -0.57432160E+000 -0.43190897E+000 -0.11426361E+000 -0.56729982E-002 -0.39447571E-002 -0.10643554E-002  0.10817955E-002  0.96013194E+000  0.25657894E+001  0.51504385E+001  0.73807093E+001
 -0.57432158E+000 -0.43190888E+000 -0.11426338E+000 -0.56729968E-002 -0.39447531E-002 -0.10643469E-002  0.10817966E-002  0.96013444E+000  0.25657932E+001  0.51504458E+001  0.73807172E+001
 -0.57432155E+000 -0.43190880E+000 -0.11426317E+000 -0.56729955E-002 -0.39447494E-002 -0.10643392E-002  0.10817976E-002  0.96013666E+000  0.25657966E+001  0.51504522E+001  0.73807240E+001
 -0.57432153E+000 -0.43190872E+000 -0.11426299E+000 -0.56729944E-002 -0.39447460E-002 -0.10643321E-002  0.10817984E-002  0.96013860E+000  0.25657995E+001  0.51504578E+001  0.73807298E+001
 -0.57432151E+000 -0.43190865E+000 -0.11426283E+000 -0.56729934E-002 -0.39447430E-002 -0.10643257E-002  0.10817990E-002  0.96014031E+000  0.25658021E+001  0.51504626E+001  0.73807348E+001
 -0.57432148E+000 -0.43190859E+000 -0.11426269E+000 -0.56729925E-002 -0.39447402E-002 -0.10643198E-002  0.10817996E-002  0.96014179E+000  0.25658043E+001  0.51504666E+001  0.73807391E+001
 -0.57432146E+000 -0.43190853E+000 -0.11426257E+000 -0.56729917E-002 -0.39447378E-002 -0.10643146E-002  0.10818000E-002  0.96014308E+000  0.25658062E+001  0.51504701E+001  0.73807426E+001
 -0.57432144E+000 -0.43190848E+000 -0.11426247E+000 -0.56729910E-002 -0.39447356E-002 -0.10643098E-002  0.10818004E-002  0.96014419E+000  0.25658078E+001  0.51504730E+001  0.73807456E+001
 -0.57432142E+000 -0.43190843E+000 -0.11426238E+000 -0.56729904E-002 -0.39447336E-002 -0.10643055E-002  0.10818006E-002  0.96014513E+000  0.25658092E+001  0.51504754E+001  0.73807481E+001
 -0.57432140E+000 -0.43190839E+000 -0.11426231E+000 -0.56729899E-002 -0.39447318E-002 -0.10643017E-002  0.10818008E-002  0.96014594E+000  0.25658103E+001  0.51504774E+001  0.73807500E+001
 -0.57432138E+000 -0.43190835E+000 -0.11426225E+000 -0.56729894E-002 -0.39447302E-002 -0.10642983E-002  0.10818009E-002  0.96014662E+000  0.25658113E+001  0.51504790E+001  0.73807516E+001
 -0.57432136E+000 -0.43190832E+000 -0.11426220E+000 -0.56729890E-002 -0.39447288E-002 -0.10642952E-002  0.10818009E-002  0.96014718E+000  0.25658121E+001  0.51504803E+001  0.73807528E+001
 -0.57432134E+000 -0.43190829E+000 -0.11426215E+000 -0.56729887E-002 -0.39447276E-002 -0.10642924E-002  0.10818009E-002  0.96014765E+000  0.25658127E+001  0.51504813E+001  0.73807537E+001
 -0.57432132E+000 -0.43190826E+000 -0.11426212E+000 -0.56729884E-002 -0.39447265E-002 -0.10642900E-002  0.10818009E-002  0.96014803E+000  0.25658132E+001  0.51504820E+001  0.73807544E+001
 -0.57432130E+000 -0.43190823E+000 -0.11426209E+000 -0.56729881E-002 -0.39447255E-002 -0.10642878E-002  0.10818007E-002  0.96014833E+000  0.25658136E+001  0.51504826E+001  0.73807548E+001
 -0.57432128E+000 -0.43190821E+000 -0.11426207E+000 -0.56729879E-002 -0.39447247E-002 -0.10642859E-002  0.10818006E-002  0.96014857E+000  0.25658139E+001  0.51504829E+001  0.73807550E+001
 -0.57432127E+000 -0.43190819E+000 -0.11426205E+000 -0.56729877E-002 -0.39447239E-002 -0.10642842E-002  0.10818004E-002  0.96014875E+000  0.25658141E+001  0.51504831E+001  0.73807551E+001
 -0.57432125E+000 -0.43190817E+000 -0.11426204E+000 -0.56729876E-002 -0.39447233E-002 -0.10642827E-002  0.10818002E-002  0.96014888E+000  0.25658142E+001  0.51504831E+001  0.73807550E+001
 -0.57432123E+000 -0.43190815E+000 -0.11426203E+000 -0.56729875E-002 -0.39447227E-002 -0.10642814E-002  0.10818000E-002  0.96014897E+000  0.25658143E+001  0.51504831E+001  0.73807549E+001
 -0.57432122E+000 -0.43190813E+000 -0.11426202E+000 -0.56729873E-002 -0.39447222E-002 -0.10642802E-002  0.10817998E-002  0.96014902E+000  0.25658143E+001  0.51504829E+001  0.73807546E+001
 -0.57432120E+000 -0.43190811E+000 -0.11426202E+000 -0.56729873E-002 -0.39447217E-002 -0.10642791E-002  0.10817995E-002  0.96014904E+000  0.25658143E+001  0.51504827E+001  0.73807542E+001
 -0.57432119E+000 -0.43190810E+000 -0.11426201E+000 -0.56729872E-002 -0.39447213E-002 -0.10642782E-002  0.10817992E-002  0.96014903E+000  0.25658142E+001  0.51504824E+001  0.73807538E+001
 -0.57432117E+000 -0.43190808E+000 -0.11426201E+000 -0.56729871E-002 -0.39447210E-002 -0.10642774E-002  0.10817990E-002  0.96014901E+000  0.25658141E+001  0.51504821E+001  0.73807534E+001
 -0.57432116E+000 -0.43190807E+000 -0.11426201E+000 -0.56729871E-002 -0.39447207E-002 -0.10642768E-002  0.10817987E-002  0.96014896E+000  0.25658140E+001  0.51504817E+001  0.73807529E+001
 -0.57432114E+000 -0.43190805E+000 -0.11426201E+000 -0.56729871E-002 -0.39447205E-002 -0.10642762E-002  0.10817984E-002  0.96014890E+000  0.25658139E+001  0.51504813E+001  0.73807524E+001
 -0.57432113E+000 -0.43190804E+000 -0.11426201E+000 -0.56729871E-002 -0.39447203E-002 -0.10642756E-002  0.10817981E-002  0.96014882E+000  0.25658137E+001  0.51504809E+001  0.73807519E+001
 -0.57432112E+000 -0.43190803E+000 -0.11426202E+000 -0.56729870E-002 -0.39447201E-002 -0.10642752E-002  0.10817978E-002  0.96014874E+000  0.25658136E+001  0.51504805E+001  0.73807513E+001
 -0.57432110E+000 -0.43190802E+000 -0.11426202E+000 -0.56729870E-002 -0.39447200E-002 -0.10642748E-002  0.10817975E-002  0.96014865E+000  0.25658134E+001  0.51504800E+001  0.73807508E+001
 -0.57432109E+000 -0.43190800E+000 -0.11426202E+000 -0.56729870E-002 -0.39447198E-002 -0.10642745E-002  0.10817972E-002  0.96014856E+000  0.25658132E+001  0.51504796E+001  0.73807502E+001
 -0.57432108E+000 -0.43190799E+000 -0.11426203E+000 -0.56729870E-002 -0.39447197E-002 -0.10642742E-002  0.10817969E-002  0.96014846E+000  0.25658130E+001  0.51504791E+001  0.73807497E+001
 -0.57432107E+000 -0.43190798E+000 -0.11426203E+000 -0.56729870E-002 -0.39447197E-002 -0.10642740E-002  0.10817967E-002  0.96014835E+000  0.25658129E+001  0.51504787E+001  0.73807492E+001
 -0.57432106E+000 -0.43190797E+000 -0.11426203E+000 -0.56729871E-002 -0.39447196E-002 -0.10642738E-002  0.10817964E-002  0.96014825E+000  0.25658127E+001  0.51504783E+001  0.73807487E+001
 -0.57432105E+000 -0.43190796E+000 -0.11426204E+000 -0.56729871E-002 -0.39447196E-002 -0.10642737E-002  0.10817961E-002  0.96014815E+000  0.25658125E+001  0.51504778E+001  0.73807482E+001
 -0.57432104E+000 -0.43190796E+000 -0.11426204E+000 -0.56729871E-002 -0.39447196E-002 -0.10642736E-002  0.10817958E-002  0.96014804E+000  0.25658123E+001  0.51504774E+001  0.73807477E+001
 -0.57432103E+000 -0.43190795E+000 -0.11426205E+000 -0.56729871E-002 -0.39447196E-002 -0.10642736E-002  0.10817956E-002  0.96014794E+000  0.25658121E+001  0.51504770E+001  0.73807472E+001
 -0.57432102E+000 -0.43190794E+000 -0.11426205E+000 -0.56729871E-002 -0.39447196E-002 -0.10642735E-002  0.10817953E-002  0.96014784E+000  0.25658120E+001  0.51504767E+001  0.73807468E+001
 -0.57432101E+000 -0.43190793E+000 -0.11426206E+000 -0.56729872E-002 -0.39447196E-002 -0.10642735E-002  0.10817951E-002  0.96014775E+000  0.25658118E+001  0.51504763E+001  0.73807464E+001
 -0.57432101E+000 -0.43190793E+000 -0.11426206E+000 -0.56729872E-002 -0.39447196E-002 -0.10642735E-002  0.10817948E-002  0.96014765E+000  0.25658117E+001  0.51504760E+001  0.73807460E+001
 -0.57432100E+000 -0.43190792E+000 -0.11426207E+000 -0.56729872E-002 -0.39447196E-002 -0.10642736E-002  0.10817946E-002  0.96014756E+000  0.25658115E+001  0.51504756E+001  0.73807456E+001
 -0.57432099E+000 -0.43190792E+000 -0.11426207E+000 -0.56729873E-002 -0.39447197E-002 -0.10642736E-002  0.10817943E-002  0.96014748E+000  0.25658114E+001  0.51504753E+001  0.73807452E+001
 -0.57432099E+000 -0.43190791E+000 -0.11426207E+000 -0.56729873E-002 -0.39447197E-002 -0.10642737E-002  0.10817941E-002  0.96014740E+000  0.25658113E+001  0.51504750E+001  0.73807449E+001
 -0.57432098E+000 -0.43190791E+000 -0.11426208E+000 -0.56729873E-002 -0.39447198E-002 -0.10642738E-002  0.10817939E-002  0.96014732E+000  0.25658111E+001  0.51504748E+001  0.73807446E+001
 -0.57432098E+000 -0.43190790E+000 -0.11426208E+000 -0.56729874E-002 -0.39447198E-002 -0.10642739E-002  0.10817937E-002  0.96014725E+000  0.25658110E+001  0.51504745E+001  0.73807444E+001
 -0.57432097E+000 -0.43190790E+000 -0.11426209E+000 -0.56729874E-002 -0.39447199E-002 -0.10642740E-002  0.10817935E-002  0.96014718E+000  0.25658109E+001  0.51504743E+001  0.73807441E+001
 -0.57432097E+000 -0.43190790E+000 -0.11426209E+000 -0.56729874E-002 -0.39447199E-002 -0.10642741E-002  0.10817933E-002  0.96014712E+000  0.25658108E+001  0.51504741E+001  0.73807439E+001
 -0.57432096E+000 -0.43190789E+000 -0.11426209E+000 -0.56729875E-002 -0.39447200E-002 -0.10642743E-002  0.10817931E-002  0.96014706E+000  0.25658107E+001  0.51504739E+001  0.73807437E+001
 -0.57432096E+000 -0.43190789E+000 -0.11426210E+000 -0.56729875E-002 -0.39447201E-002 -0.10642744E-002  0.10817929E-002  0.96014701E+000  0.25658107E+001  0.51504738E+001  0.73807435E+001
 -0.57432096E+000 -0.43190789E+000 -0.11426210E+000 -0.56729875E-002 -0.39447201E-002 -0.10642745E-002  0.10817927E-002  0.96014696E+000  0.25658106E+001  0.51504736E+001  0.73807433E+001
 -0.57432096E+000 -0.43190789E+000 -0.11426211E+000 -0.56729875E-002 -0.39447202E-002 -0.10642746E-002  0.10817926E-002  0.96014692E+000  0.25658105E+001  0.51504735E+001  0.73807432E+001
 -0.57432095E+000 -0.43190789E+000 -0.11426211E+000 -0.56729876E-002 -0.39447203E-002 -0.10642748E-002  0.10817924E-002  0.96014688E+000  0.25658105E+001  0.51504734E+001  0.73807431E+001
 -0.57432095E+000 -0.43190789E+000 -0.11426211E+000 -0.56729876E-002 -0.39447203E-002 -0.10642749E-002  0.10817923E-002  0.96014685E+000  0.25658104E+001  0.51504733E+001  0.73807430E+001
 -0.57432095E+000 -0.43190789E+000 -0.11426212E+000 -0.56729876E-002 -0.39447204E-002 -0.10642750E-002  0.10817921E-002  0.96014682E+000  0.25658104E+001  0.51504733E+001  0.73807430E+001
 -0.57432095E+000 -0.43190789E+000 -0.11426212E+000 -0.56729877E-002 -0.39447205E-002 -0.10642752E-002  0.10817920E-002  0.96014680E+000  0.25658104E+001  0.51504732E+001  0.73807429E+001
 -0.57432095E+000 -0.43190789E+000 -0.11426212E+000 -0.56729877E-002 -0.39447205E-002 -0.10642753E-002  0.10817918E-002  0.96014678E+000  0.25658104E+001  0.51504732E+001  0.73807429E+001
 -0.57432095E+000 -0.43190789E+000 -0.11426212E+000 -0.56729877E-002 -0.39447206E-002 -0.10642754E-002  0.10817917E-002  0.96014677E+000  0.25658104E+001  0.51504732E+001  0.73807429E+001
 -0.57432095E+000 -0.43190789E+000 -0.11426213E+000 -0.56729877E-002 -0.39447206E-002 -0.10642755E-002  0.10817916E-002  0.96014675E+000  0.25658103E+001  0.51504732E+001  0.73807429E+001
 -0.57432095E+000 -0.43190789E+000 -0.11426213E+000 -0.56729877E-002 -0.39447207E-002 -0.10642756E-002  0.10817915E-002  0.96014675E+000  0.25658104E+001  0.51504732E+001  0.73807429E+001
 -0.57432095E+000 -0.43190789E+000 -0.11426213E+000 -0.56729878E-002 -0.39447207E-002 -0.10642757E-002  0.10817914E-002  0.96014675E+000  0.25658104E+001  0.51504732E+001  0.73807430E+001
 -0.57432095E+000 -0.43190789E+000 -0.11426213E+000 -0.56729878E-002 -0.39447208E-002 -0.10642758E-002  0.10817913E-002  0.96014675E+000  0.25658104E+001  0.51504733E+001  0.73807430E+001
 -0.57432095E+000 -0.43190789E+000 -0.11426213E+000 -0.56729878E-002 -0.39447208E-002 -0.10642759E-002  0.10817912E-002  0.96014675E+000  0.25658104E+001  0.51504733E+001  0.73807431E+001
 -0.57432095E+000 -0.43190789E+000 -0.11426213E+000 -0.56729878E-002 -0.39447209E-002 -0.10642759E-002  0.10817911E-002  0.96014676E+000  0.25658104E+001  0.51504734E+001  0.73807432E+001
 -0.57432095E+000 -0.43190789E+000 -0.11426214E+000 -0.56729878E-002 -0.39447209E-002 -0.10642760E-002  0.10817910E-002  0.96014677E+000  0.25658104E+001  0.51504735E+001  0.73807433E+001
 -0.57432095E+000 -0.43190789E+000 -0.11426214E+000 -0.56729878E-002 -0.39447209E-002 -0.10642760E-002  0.10817909E-002  0.96014678E+000  0.25658105E+001  0.51504735E+001  0.73807434E+001
 -0.57432095E+000 -0.43190789E+000 -0.11426214E+000 -0.56729878E-002 -0.39447209E-002 -0.10642761E-002  0.10817909E-002  0.96014679E+000  0.25658105E+001  0.51504736E+001  0.73807435E+001
 -0.57432095E+000 -0.43190789E+000 -0.11426214E+000 -0.56729878E-002 -0.39447209E-002 -0.10642761E-002  0.10817908E-002  0.96014681E+000  0.25658106E+001  0.51504737E+001  0.73807436E+001
 -0.57432095E+000 -0.43190789E+000 -0.11426214E+000 -0.56729878E-002 -0.39447210E-002 -0.10642761E-002  0.10817907E-002  0.96014683E+000  0.25658106E+001  0.51504739E+001  0.73807437E+001
 -0.57432095E+000 -0.43190789E+000 -0.11426213E+000 -0.56729878E-002 -0.39447210E-002 -0.10642762E-002  0.10817907E-002  0.96014685E+000  0.25658107E+001  0.51504740E+001  0.73807439E+001
 -0.57432095E+000 -0.43190789E+000 -0.11426213E+000 -0.56729878E-002 -0.39447210E-002 -0.10642762E-002  0.10817906E-002  0.96014687E+000  0.25658107E+001  0.51504741E+001  0.73807440E+001
 -0.57432095E+000 -0.43190789E+000 -0.11426213E+000 -0.56729878E-002 -0.39447210E-002 -0.10642762E-002  0.10817906E-002  0.96014690E+000  0.25658108E+001  0.51504742E+001  0.73807442E+001
 -0.57432095E+000 -0.43190789E+000 -0.11426213E+000 -0.56729878E-002 -0.39447210E-002 -0.10642762E-002  0.10817905E-002  0.96014692E+000  0.25658108E+001  0.51504743E+001  0.73807443E+001
 -0.57432096E+000 -0.43190789E+000 -0.11426213E+000 -0.56729878E-002 -0.39447210E-002 -0.10642762E-002  0.10817905E-002  0.96014695E+000  0.25658109E+001  0.51504745E+001  0.73807445E+001
 -0.57432096E+000 -0.43190789E+000 -0.11426213E+000 -0.56729878E-002 -0.39447210E-002 -0.10642761E-002  0.10817904E-002  0.96014698E+000  0.25658109E+001  0.51504746E+001  0.73807446E+001
 -0.57432096E+000 -0.43190789E+000 -0.11426213E+000 -0.56729878E-002 -0.39447209E-002 -0.10642761E-002  0.10817904E-002  0.96014701E+000  0.25658110E+001  0.51504748E+001  0.73807448E+001
 -0.57432096E+000 -0.43190789E+000 -0.11426212E+000 -0.56729878E-002 -0.39447209E-002 -0.10642761E-002  0.10817903E-002  0.96014703E+000  0.25658110E+001  0.51504749E+001  0.73807450E+001
 -0.57432096E+000 -0.43190789E+000 -0.11426212E+000 -0.56729878E-002 -0.39447209E-002 -0.10642761E-002  0.10817903E-002  0.96014706E+000  0.25658111E+001  0.51504750E+001  0.73807451E+001
 -0.57432096E+000 -0.43190789E+000 -0.11426212E+000 -0.56729878E-002 -0.39447209E-002 -0.10642761E-002  0.10817903E-002  0.96014708E+000  0.25658112E+001  0.51504752E+001  0.73807453E+001
 -0.57432096E+000 -0.43190789E+000 -0.11426212E+000 -0.56729878E-002 -0.39447210E-002 -0.10642762E-002  0.10817902E-002  0.96014711E+000  0.25658112E+001  0.51504753E+001  0.73807454E+001
 -0.57432096E+000 -0.43190790E+000 -0.11426213E+000 -0.56729878E-002 -0.39447210E-002 -0.10642763E-002  0.10817902E-002  0.96014712E+000  0.25658113E+001  0.51504754E+001  0.73807456E+001
 -0.57432097E+000 -0.43190790E+000 -0.11426213E+000 -0.56729878E-002 -0.39447211E-002 -0.10642764E-002  0.10817901E-002  0.96014713E+000  0.25658113E+001  0.51504755E+001  0.73807457E+001
 -0.57432097E+000 -0.43190791E+000 -0.11426214E+000 -0.56729879E-002 -0.39447212E-002 -0.10642766E-002  0.10817901E-002  0.96014714E+000  0.25658113E+001  0.51504756E+001  0.73807458E+001
 -0.57432098E+000 -0.43190792E+000 -0.11426215E+000 -0.56729879E-002 -0.39447214E-002 -0.10642770E-002  0.10817900E-002  0.96014713E+000  0.25658114E+001  0.51504757E+001  0.73807459E+001
 -0.57432098E+000 -0.43190793E+000 -0.11426217E+000 -0.56729881E-002 -0.39447217E-002 -0.10642778E-002  0.10817899E-002  0.96014710E+000  0.25658114E+001  0.51504758E+001  0.73807460E+001
 -0.57432100E+000 -0.43190795E+000 -0.11426220E+000 -0.56729882E-002 -0.39447222E-002 -0.10642788E-002  0.10817897E-002  0.96014706E+000  0.25658114E+001  0.51504759E+001  0.73807462E+001
 -0.57432101E+000 -0.43190798E+000 -0.11426226E+000 -0.56729887E-002 -0.39447236E-002 -0.10642819E-002  0.10817893E-002  0.96014702E+000  0.25658114E+001  0.51504760E+001  0.73807464E+001
 -0.57432101E+000 -0.43190796E+000 -0.11426222E+000 -0.56729885E-002 -0.39447233E-002 -0.10642813E-002  0.10817894E-002  0.96014717E+000  0.25658116E+001  0.51504765E+001  0.73807469E+001
