 -0.48122037E+000 -0.23336945E+000 -0.54907317E-002 -0.45313024E-002 -0.16530146E-002  0.22934688E+000  0.34247353E+001  0.16556435E+002  0.33185592E+002  0.10316519E+003  0.17234824E+003
 -0.48110393E+000 -0.23107966E+000 -0.54858811E-002 -0.45258637E-002 -0.16458115E-002  0.22939972E+000  0.34247979E+001  0.16556460E+002  0.33194116E+002  0.10316519E+003  0.17234816E+003
 -0.48104735E+000 -0.22980564E+000 -0.54841204E-002 -0.45246869E-002 -0.16463865E-002  0.22939453E+000  0.34247836E+001  0.16556452E+002  0.33200205E+002  0.10316519E+003  0.17234818E+003
 -0.48101585E+000 -0.22894762E+000 -0.54829590E-002 -0.45237058E-002 -0.16459463E-002  0.22939255E+000  0.34247794E+001  0.16556449E+002  0.33205198E+002  0.10316519E+003  0.17234819E+003
 -0.48100234E+000 -0.22842730E+000 -0.54822921E-002 -0.45231366E-002 -0.16456701E-002  0.22939086E+000  0.34247760E+001  0.16556447E+002  0.33209350E+002  0.10316519E+003  0.17234820E+003
 -0.48100058E+000 -0.22816181E+000 -0.54819588E-002 -0.45228623E-002 -0.16455728E-002  0.22938738E+000  0.34247735E+001  0.16556446E+002  0.33212849E+002  0.10316519E+003  0.17234820E+003
 -0.48100632E+000 -0.22808852E+000 -0.54818653E-002 -0.45228028E-002 -0.16456156E-002  0.22938390E+000  0.34247713E+001  0.16556444E+002  0.33215809E+002  0.10316519E+003  0.17234821E+003
 -0.48101664E+000 -0.22815721E+000 -0.54819488E-002 -0.45229023E-002 -0.16457629E-002  0.22938080E+000  0.34247695E+001  0.16556443E+002  0.33218304E+002  0.10316519E+003  0.17234821E+003
 -0.48102952E+000 -0.22832698E+000 -0.54821630E-002 -0.45231186E-002 -0.16459857E-002  0.22937805E+000  0.34247678E+001  0.16556443E+002  0.33220392E+002  0.10316519E+003  0.17234822E+003
 -0.48104356E+000 -0.22856495E+000 -0.54824715E-002 -0.45234187E-002 -0.16462603E-002  0.22937560E+000  0.34247663E+001  0.16556442E+002  0.33222121E+002  0.10316519E+003  0.17234822E+003
 -0.48105786E+000 -0.22884540E+000 -0.54828460E-002 -0.45237765E-002 -0.16465681E-002  0.22937342E+000  0.34247649E+001  0.16556441E+002  0.33223534E+002  0.10316519E+003  0.17234822E+003
 -0.48107182E+000 -0.22914872E+000 -0.54832645E-002 -0.45241721E-002 -0.16468950E-002  0.22937147E+000  0.34247637E+001  0.16556441E+002  0.33224672E+002  0.10316519E+003  0.17234822E+003
 -0.48108509E+000 -0.22946031E+000 -0.54837094E-002 -0.45245896E-002 -0.16472304E-002  0.22936974E+000  0.34247626E+001  0.16556440E+002  0.33225570E+002  0.10316519E+003  0.17234822E+003
 -0.48109747E+000 -0.22976953E+000 -0.54841667E-002 -0.45250163E-002 -0.16475653E-002  0.22936819E+000  0.34247615E+001  0.16556440E+002  0.33226262E+002  0.10316519E+003  0.17234823E+003
 -0.48110887E+000 -0.23006903E+000 -0.54846255E-002 -0.45254424E-002 -0.16478933E-002  0.22936682E+000  0.34247606E+001  0.16556440E+002  0.33226777E+002  0.10316519E+003  0.17234823E+003
 -0.48111927E+000 -0.23035396E+000 -0.54850776E-002 -0.45258607E-002 -0.16482101E-002  0.22936560E+000  0.34247597E+001  0.16556439E+002  0.33227141E+002  0.10316519E+003  0.17234823E+003
 -0.48112869E+000 -0.23062137E+000 -0.54855170E-002 -0.45262659E-002 -0.16485125E-002  0.22936451E+000  0.34247588E+001  0.16556439E+002  0.33227377E+002  0.10316519E+003  0.17234823E+003
 -0.48113719E+000 -0.23086966E+000 -0.54859390E-002 -0.45266538E-002 -0.16487983E-002  0.22936354E+000  0.34247580E+001  0.16556439E+002  0.33227506E+002  0.10316519E+003  0.17234823E+003
 -0.48114481E+000 -0.23109822E+000 -0.54863403E-002 -0.45270218E-002 -0.16490663E-002  0.22936267E+000  0.34247573E+001  0.16556439E+002  0.33227544E+002  0.10316519E+003  0.17234823E+003
 -0.48115164E+000 -0.23130716E+000 -0.54867186E-002 -0.45273679E-002 -0.16493159E-002  0.22936190E+000  0.34247566E+001  0.16556439E+002  0.33227508E+002  0.10316519E+003  0.17234823E+003
 -0.48115774E+000 -0.23149705E+000 -0.54870726E-002 -0.45276911E-002 -0.16495466E-002  0.22936121E+000  0.34247559E+001  0.16556439E+002  0.33227411E+002  0.10316519E+003  0.17234823E+003
 -0.48116317E+000 -0.23166879E+000 -0.54874016E-002 -0.45279910E-002 -0.16497590E-002  0.22936059E+000  0.34247552E+001  0.16556438E+002  0.33227264E+002  0.10316519E+003  0.17234823E+003
 -0.48116801E+000 -0.23182347E+000 -0.54877055E-002 -0.45282675E-002 -0.16499535E-002  0.22936004E+000  0.34247546E+001  0.16556438E+002  0.33227080E+002  0.10316519E+003  0.17234823E+003
 -0.48117230E+000 -0.23196232E+000 -0.54879848E-002 -0.45285213E-002 -0.16501311E-002  0.22935954E+000  0.34247539E+001  0.16556438E+002  0.33226865E+002  0.10316519E+003  0.17234823E+003
 -0.48117612E+000 -0.23208658E+000 -0.54882399E-002 -0.45287531E-002 -0.16502927E-002  0.22935909E+000  0.34247533E+001  0.16556438E+002  0.33226629E+002  0.10316519E+003  0.17234823E+003
 -0.48117950E+000 -0.23219749E+000 -0.54884720E-002 -0.45289638E-002 -0.16504394E-002  0.22935868E+000  0.34247528E+001  0.16556438E+002  0.33226377E+002  0.10316519E+003  0.17234823E+003
 -0.48118249E+000 -0.23229628E+000 -0.54886821E-002 -0.45291546E-002 -0.16505724E-002  0.22935830E+000  0.34247522E+001  0.16556438E+002  0.33226117E+002  0.10316519E+003  0.17234823E+003
 -0.48118515E+000 -0.23238415E+000 -0.54888716E-002 -0.45293270E-002 -0.16506931E-002  0.22935795E+000  0.34247516E+001  0.16556438E+002  0.33225852E+002  0.10316519E+003  0.17234823E+003
 -0.48118751E+000 -0.23246222E+000 -0.54890420E-002 -0.45294821E-002 -0.16508027E-002  0.22935762E+000  0.34247511E+001  0.16556438E+002  0.33225588E+002  0.10316519E+003  0.17234823E+003
 -0.48118960E+000 -0.23253154E+000 -0.54891945E-002 -0.45296214E-002 -0.16509022E-002  0.22935731E+000  0.34247506E+001  0.16556438E+002  0.33225328E+002  0.10316519E+003  0.17234823E+003
 -0.48119146E+000 -0.23259313E+000 -0.54893309E-002 -0.45297465E-002 -0.16509932E-002  0.22935701E+000  0.34247501E+001  0.16556438E+002  0.33225075E+002  0.10316519E+003  0.17234823E+003
 -0.48119312E+000 -0.23264792E+000 -0.54894526E-002 -0.45298586E-002 -0.16510767E-002  0.22935673E+000  0.34247496E+001  0.16556438E+002  0.33224832E+002  0.10316519E+003  0.17234823E+003
 -0.48119460E+000 -0.23269673E+000 -0.54895609E-002 -0.45299591E-002 -0.16511537E-002  0.22935645E+000  0.34247491E+001  0.16556438E+002  0.33224600E+002  0.10316519E+003  0.17234823E+003
 -0.48119594E+000 -0.23274038E+000 -0.54896574E-002 -0.45300494E-002 -0.16512253E-002  0.22935617E+000  0.34247486E+001  0.16556438E+002  0.33224383E+002  0.10316519E+003  0.17234823E+003
 -0.48119715E+000 -0.23277957E+000 -0.54897435E-002 -0.45301307E-002 -0.16512924E-002  0.22935590E+000  0.34247482E+001  0.16556438E+002  0.33224180E+002  0.10316519E+003  0.17234823E+003
 -0.48119826E+000 -0.23281493E+000 -0.54898202E-002 -0.45302041E-002 -0.16513557E-002  0.22935563E+000  0.34247478E+001  0.16556438E+002  0.33223993E+002  0.10316519E+003  0.17234823E+003
 -0.48119927E+000 -0.23284703E+000 -0.54898889E-002 -0.45302706E-002 -0.16514158E-002  0.22935535E+000  0.34247473E+001  0.16556438E+002  0.33223823E+002  0.10316519E+003  0.17234823E+003
 -0.48120021E+000 -0.23287638E+000 -0.54899506E-002 -0.45303313E-002 -0.16514734E-002  0.22935508E+000  0.34247469E+001  0.16556438E+002  0.33223668E+002  0.10316519E+003  0.17234823E+003
 -0.48120109E+000 -0.23290342E+000 -0.54900063E-002 -0.45303869E-002 -0.16515289E-002  0.22935481E+000  0.34247466E+001  0.16556438E+002  0.33223529E+002  0.10316519E+003  0.17234823E+003
 -0.48120191E+000 -0.23292851E+000 -0.54900567E-002 -0.45304382E-002 -0.16515825E-002  0.22935453E+000  0.34247462E+001  0.16556438E+002  0.33223406E+002  0.10316519E+003  0.17234823E+003
 -0.48120270E+000 -0.23295197E+000 -0.54901028E-002 -0.45304857E-002 -0.16516346E-002  0.22935426E+000  0.34247458E+001  0.16556438E+002  0.33223297E+002  0.10316519E+003  0.17234823E+003
 -0.48120344E+000 -0.23297406E+000 -0.54901451E-002 -0.45305302E-002 -0.16516853E-002  0.22935399E+000  0.34247455E+001  0.16556438E+002  0.33223200E+002  0.10316519E+003  0.17234823E+003
 -0.48120416E+000 -0.23299499E+000 -0.54901842E-002 -0.45305719E-002 -0.16517348E-002  0.22935372E+000  0.34247452E+001  0.16556438E+002  0.33223116E+002  0.10316519E+003  0.17234823E+003
 -0.48120485E+000 -0.23301492E+000 -0.54902206E-002 -0.45306112E-002 -0.16517831E-002  0.22935345E+000  0.34247449E+001  0.16556437E+002  0.33223042E+002  0.10316519E+003  0.17234823E+003
 -0.48120552E+000 -0.23303399E+000 -0.54902547E-002 -0.45306486E-002 -0.16518303E-002  0.22935319E+000  0.34247446E+001  0.16556437E+002  0.33222976E+002  0.10316519E+003  0.17234823E+003
 -0.48120617E+000 -0.23305228E+000 -0.54902868E-002 -0.45306842E-002 -0.16518765E-002  0.22935293E+000  0.34247443E+001  0.16556437E+002  0.33222918E+002  0.10316519E+003  0.17234823E+003
 -0.48120680E+000 -0.23306987E+000 -0.54903171E-002 -0.45307182E-002 -0.16519217E-002  0.22935269E+000  0.34247440E+001  0.16556437E+002  0.33222865E+002  0.10316520E+003  0.17234823E+003
 -0.48120742E+000 -0.23308681E+000 -0.54903459E-002 -0.45307509E-002 -0.16519660E-002  0.22935245E+000  0.34247438E+001  0.16556437E+002  0.33222817E+002  0.10316520E+003  0.17234823E+003
 -0.48120801E+000 -0.23310312E+000 -0.54903733E-002 -0.45307823E-002 -0.16520095E-002  0.22935222E+000  0.34247435E+001  0.16556437E+002  0.33222770E+002  0.10316520E+003  0.17234823E+003
 -0.48120859E+000 -0.23311883E+000 -0.54903995E-002 -0.45308127E-002 -0.16520522E-002  0.22935200E+000  0.34247433E+001  0.16556437E+002  0.33222725E+002  0.10316520E+003  0.17234823E+003
 -0.48120916E+000 -0.23313396E+000 -0.54904246E-002 -0.45308420E-002 -0.16520942E-002  0.22935178E+000  0.34247430E+001  0.16556437E+002  0.33222678E+002  0.10316520E+003  0.17234823E+003
 -0.48120971E+000 -0.23314851E+000 -0.54904486E-002 -0.45308704E-002 -0.16521357E-002  0.22935158E+000  0.34247428E+001  0.16556437E+002  0.33222629E+002  0.10316520E+003  0.17234823E+003
 -0.48121025E+000 -0.23316252E+000 -0.54904717E-002 -0.45308979E-002 -0.16521767E-002  0.22935138E+000  0.34247426E+001  0.16556437E+002  0.33222575E+002  0.10316520E+003  0.17234823E+003
 -0.48121077E+000 -0.23317598E+000 -0.54904938E-002 -0.45309246E-002 -0.16522173E-002  0.22935120E+000  0.34247424E+001  0.16556437E+002  0.33222514E+002  0.10316520E+003  0.17234823E+003
 -0.48121128E+000 -0.23318893E+000 -0.54905150E-002 -0.45309507E-002 -0.16522577E-002  0.22935101E+000  0.34247421E+001  0.16556437E+002  0.33222445E+002  0.10316520E+003  0.17234823E+003
 -0.48121178E+000 -0.23320137E+000 -0.54905355E-002 -0.45309761E-002 -0.16522979E-002  0.22935084E+000  0.34247419E+001  0.16556437E+002  0.33222364E+002  0.10316520E+003  0.17234823E+003
 -0.48121227E+000 -0.23321333E+000 -0.54905551E-002 -0.45310008E-002 -0.16523380E-002  0.22935067E+000  0.34247417E+001  0.16556437E+002  0.33222270E+002  0.10316520E+003  0.17234823E+003
 -0.48121274E+000 -0.23322483E+000 -0.54905740E-002 -0.45310250E-002 -0.16523780E-002  0.22935050E+000  0.34247415E+001  0.16556437E+002  0.33222161E+002  0.10316520E+003  0.17234823E+003
 -0.48121321E+000 -0.23323590E+000 -0.54905922E-002 -0.45310486E-002 -0.16524179E-002  0.22935034E+000  0.34247413E+001  0.16556437E+002  0.33222033E+002  0.10316520E+003  0.17234824E+003
 -0.48121367E+000 -0.23324655E+000 -0.54906096E-002 -0.45310716E-002 -0.16524578E-002  0.22935018E+000  0.34247411E+001  0.16556437E+002  0.33221887E+002  0.10316520E+003  0.17234824E+003
 -0.48121412E+000 -0.23325681E+000 -0.54906264E-002 -0.45310942E-002 -0.16524977E-002  0.22935002E+000  0.34247409E+001  0.16556437E+002  0.33221718E+002  0.10316520E+003  0.17234824E+003
 -0.48121456E+000 -0.23326669E+000 -0.54906425E-002 -0.45311162E-002 -0.16525374E-002  0.22934986E+000  0.34247407E+001  0.16556437E+002  0.33221526E+002  0.10316520E+003  0.17234824E+003
 -0.48121499E+000 -0.23327620E+000 -0.54906579E-002 -0.45311377E-002 -0.16525770E-002  0.22934970E+000  0.34247405E+001  0.16556437E+002  0.33221308E+002  0.10316520E+003  0.17234824E+003
 -0.48121541E+000 -0.23328536E+000 -0.54906727E-002 -0.45311586E-002 -0.16526163E-002  0.22934955E+000  0.34247403E+001  0.16556437E+002  0.33221065E+002  0.10316520E+003  0.17234824E+003
 -0.48121582E+000 -0.23329417E+000 -0.54906868E-002 -0.45311790E-002 -0.16526554E-002  0.22934939E+000  0.34247401E+001  0.16556437E+002  0.33220793E+002  0.10316520E+003  0.17234824E+003
 -0.48121623E+000 -0.23330264E+000 -0.54907003E-002 -0.45311987E-002 -0.16526941E-002  0.22934924E+000  0.34247399E+001  0.16556437E+002  0.33220494E+002  0.10316520E+003  0.17234824E+003
 -0.48121662E+000 -0.23331076E+000 -0.54907131E-002 -0.45312179E-002 -0.16527323E-002  0.22934909E+000  0.34247397E+001  0.16556437E+002  0.33220165E+002  0.10316520E+003  0.17234824E+003
 -0.48121700E+000 -0.23331853E+000 -0.54907252E-002 -0.45312364E-002 -0.16527700E-002  0.22934894E+000  0.34247396E+001  0.16556437E+002  0.33219807E+002  0.10316520E+003  0.17234824E+003
 -0.48121738E+000 -0.23332596E+000 -0.54907367E-002 -0.45312542E-002 -0.16528069E-002  0.22934879E+000  0.34247394E+001  0.16556437E+002  0.33219420E+002  0.10316520E+003  0.17234824E+003
 -0.48121774E+000 -0.23333305E+000 -0.54907475E-002 -0.45312713E-002 -0.16528431E-002  0.22934864E+000  0.34247392E+001  0.16556437E+002  0.33219004E+002  0.10316520E+003  0.17234824E+003
 -0.48121809E+000 -0.23333978E+000 -0.54907575E-002 -0.45312877E-002 -0.16528783E-002  0.22934850E+000  0.34247390E+001  0.16556437E+002  0.33218560E+002  0.10316520E+003  0.17234824E+003
 -0.48121842E+000 -0.23334616E+000 -0.54907669E-002 -0.45313033E-002 -0.16529125E-002  0.22934835E+000  0.34247388E+001  0.16556436E+002  0.33218088E+002  0.10316520E+003  0.17234824E+003
 -0.48121875E+000 -0.23335218E+000 -0.54907756E-002 -0.45313181E-002 -0.16529457E-002  0.22934821E+000  0.34247386E+001  0.16556436E+002  0.33217590E+002  0.10316520E+003  0.17234824E+003
 -0.48121906E+000 -0.23335785E+000 -0.54907836E-002 -0.45313320E-002 -0.16529776E-002  0.22934808E+000  0.34247384E+001  0.16556436E+002  0.33217066E+002  0.10316520E+003  0.17234824E+003
 -0.48121935E+000 -0.23336315E+000 -0.54907908E-002 -0.45313451E-002 -0.16530082E-002  0.22934794E+000  0.34247383E+001  0.16556436E+002  0.33216519E+002  0.10316520E+003  0.17234824E+003
 -0.48121963E+000 -0.23336809E+000 -0.54907974E-002 -0.45313574E-002 -0.16530374E-002  0.22934781E+000  0.34247381E+001  0.16556436E+002  0.33215950E+002  0.10316520E+003  0.17234824E+003
 -0.48121990E+000 -0.23337267E+000 -0.54908032E-002 -0.45313687E-002 -0.16530651E-002  0.22934769E+000  0.34247379E+001  0.16556436E+002  0.33215361E+002  0.10316520E+003  0.17234824E+003
 -0.48122015E+000 -0.23337689E+000 -0.54908084E-002 -0.45313791E-002 -0.16530913E-002  0.22934756E+000  0.34247378E+001  0.16556436E+002  0.33214754E+002  0.10316520E+003  0.17234824E+003
 -0.48122038E+000 -0.23338076E+000 -0.54908128E-002 -0.45313886E-002 -0.16531159E-002  0.22934745E+000  0.34247376E+001  0.16556436E+002  0.33214131E+002  0.10316520E+003  0.17234824E+003
 -0.48122060E+000 -0.23338428E+000 -0.54908166E-002 -0.45313972E-002 -0.16531388E-002  0.22934733E+000  0.34247374E+001  0.16556436E+002  0.33213494E+002  0.10316520E+003  0.17234824E+003
 -0.48122080E+000 -0.23338747E+000 -0.54908198E-002 -0.45314049E-002 -0.16531600E-002  0.22934723E+000  0.34247373E+001  0.16556436E+002  0.33212847E+002  0.10316520E+003  0.17234824E+003
 -0.48122099E+000 -0.23339032E+000 -0.54908224E-002 -0.45314116E-002 -0.16531795E-002  0.22934712E+000  0.34247371E+001  0.16556436E+002  0.33212190E+002  0.10316520E+003  0.17234824E+003
 -0.48122116E+000 -0.23339285E+000 -0.54908243E-002 -0.45314176E-002 -0.16531973E-002  0.22934703E+000  0.34247370E+001  0.16556436E+002  0.33211527E+002  0.10316520E+003  0.17234824E+003
 -0.48122132E+000 -0.23339508E+000 -0.54908257E-002 -0.45314226E-002 -0.16532133E-002  0.22934693E+000  0.34247369E+001  0.16556436E+002  0.33210860E+002  0.10316520E+003  0.17234824E+003
 -0.48122146E+000 -0.23339700E+000 -0.54908266E-002 -0.45314269E-002 -0.16532276E-002  0.22934685E+000  0.34247367E+001  0.16556436E+002  0.33210190E+002  0.10316520E+003  0.17234824E+003
 -0.48122158E+000 -0.23339864E+000 -0.54908270E-002 -0.45314303E-002 -0.16532402E-002  0.22934677E+000  0.34247366E+001  0.16556436E+002  0.33209521E+002  0.10316520E+003  0.17234824E+003
 -0.48122169E+000 -0.23340000E+000 -0.54908269E-002 -0.45314329E-002 -0.16532510E-002  0.22934669E+000  0.34247365E+001  0.16556436E+002  0.33208855E+002  0.10316520E+003  0.17234824E+003
 -0.48122178E+000 -0.23340111E+000 -0.54908263E-002 -0.45314348E-002 -0.16532602E-002  0.22934662E+000  0.34247364E+001  0.16556436E+002  0.33208193E+002  0.10316520E+003  0.17234824E+003
 -0.48122186E+000 -0.23340197E+000 -0.54908254E-002 -0.45314359E-002 -0.16532678E-002  0.22934656E+000  0.34247363E+001  0.16556436E+002  0.33207537E+002  0.10316520E+003  0.17234824E+003
 -0.48122193E+000 -0.23340261E+000 -0.54908240E-002 -0.45314365E-002 -0.16532738E-002  0.22934650E+000  0.34247362E+001  0.16556436E+002  0.33206889E+002  0.10316520E+003  0.17234824E+003
 -0.48122199E+000 -0.23340304E+000 -0.54908224E-002 -0.45314364E-002 -0.16532783E-002  0.22934645E+000  0.34247361E+001  0.16556436E+002  0.33206250E+002  0.10316520E+003  0.17234824E+003
 -0.48122203E+000 -0.23340329E+000 -0.54908205E-002 -0.45314357E-002 -0.16532814E-002  0.22934640E+000  0.34247360E+001  0.16556435E+002  0.33205623E+002  0.10316520E+003  0.17234824E+003
 -0.48122206E+000 -0.23340336E+000 -0.54908184E-002 -0.45314345E-002 -0.16532831E-002  0.22934636E+000  0.34247359E+001  0.16556435E+002  0.33205007E+002  0.10316520E+003  0.17234824E+003
 -0.48122208E+000 -0.23340326E+000 -0.54908160E-002 -0.45314329E-002 -0.16532836E-002  0.22934632E+000  0.34247359E+001  0.16556435E+002  0.33204405E+002  0.10316520E+003  0.17234824E+003
 -0.48122210E+000 -0.23340302E+000 -0.54908134E-002 -0.45314308E-002 -0.16532829E-002  0.22934629E+000  0.34247358E+001  0.16556435E+002  0.33203816E+002  0.10316520E+003  0.17234824E+003
 -0.48122210E+000 -0.23340265E+000 -0.54908107E-002 -0.45314283E-002 -0.16532810E-002  0.22934626E+000  0.34247357E+001  0.16556435E+002  0.33203243E+002  0.10316520E+003  0.17234824E+003
 -0.48122209E+000 -0.23340216E+000 -0.54908079E-002 -0.45314254E-002 -0.16532782E-002  0.22934624E+000  0.34247357E+001  0.16556435E+002  0.33202684E+002  0.10316520E+003  0.17234824E+003
 -0.48122208E+000 -0.23340157E+000 -0.54908049E-002 -0.45314223E-002 -0.16532744E-002  0.22934622E+000  0.34247356E+001  0.16556435E+002  0.33202141E+002  0.10316520E+003  0.17234824E+003
 -0.48122206E+000 -0.23340090E+000 -0.54908019E-002 -0.45314189E-002 -0.16532699E-002  0.22934620E+000  0.34247356E+001  0.16556435E+002  0.33201614E+002  0.10316520E+003  0.17234824E+003
 -0.48122203E+000 -0.23340016E+000 -0.54907989E-002 -0.45314153E-002 -0.16532645E-002  0.22934619E+000  0.34247355E+001  0.16556435E+002  0.33201103E+002  0.10316520E+003  0.17234824E+003
 -0.48122200E+000 -0.23339935E+000 -0.54907959E-002 -0.45314115E-002 -0.16532586E-002  0.22934619E+000  0.34247355E+001  0.16556435E+002  0.33200608E+002  0.10316520E+003  0.17234824E+003
 -0.48122196E+000 -0.23339849E+000 -0.54907929E-002 -0.45314076E-002 -0.16532520E-002  0.22934618E+000  0.34247354E+001  0.16556435E+002  0.33200128E+002  0.10316520E+003  0.17234824E+003
 -0.48122192E+000 -0.23339759E+000 -0.54907899E-002 -0.45314036E-002 -0.16532450E-002  0.22934618E+000  0.34247354E+001  0.16556435E+002  0.33199664E+002  0.10316520E+003  0.17234824E+003
 -0.48122188E+000 -0.23339666E+000 -0.54907869E-002 -0.45313996E-002 -0.16532376E-002  0.22934619E+000  0.34247354E+001  0.16556435E+002  0.33199216E+002  0.10316520E+003  0.17234824E+003
 -0.48122183E+000 -0.23339571E+000 -0.54907840E-002 -0.45313955E-002 -0.16532299E-002  0.22934619E+000  0.34247353E+001  0.16556435E+002  0.33198782E+002  0.10316520E+003  0.17234824E+003
 -0.48122178E+000 -0.23339474E+000 -0.54907812E-002 -0.45313914E-002 -0.16532220E-002  0.22934620E+000  0.34247353E+001  0.16556435E+002  0.33198362E+002  0.10316520E+003  0.17234824E+003
 -0.48122173E+000 -0.23339377E+000 -0.54907784E-002 -0.45313873E-002 -0.16532138E-002  0.22934621E+000  0.34247353E+001  0.16556435E+002  0.33197957E+002  0.10316520E+003  0.17234824E+003
 -0.48122168E+000 -0.23339279E+000 -0.54907758E-002 -0.45313832E-002 -0.16532056E-002  0.22934622E+000  0.34247353E+001  0.16556435E+002  0.33197564E+002  0.10316520E+003  0.17234824E+003
 -0.48122162E+000 -0.23339182E+000 -0.54907732E-002 -0.45313792E-002 -0.16531973E-002  0.22934624E+000  0.34247353E+001  0.16556435E+002  0.33197185E+002  0.10316520E+003  0.17234824E+003
 -0.48122157E+000 -0.23339085E+000 -0.54907707E-002 -0.45313753E-002 -0.16531889E-002  0.22934625E+000  0.34247352E+001  0.16556435E+002  0.33196818E+002  0.10316520E+003  0.17234824E+003
 -0.48122152E+000 -0.23338990E+000 -0.54907684E-002 -0.45313714E-002 -0.16531807E-002  0.22934627E+000  0.34247352E+001  0.16556435E+002  0.33196463E+002  0.10316520E+003  0.17234824E+003
 -0.48122146E+000 -0.23338897E+000 -0.54907661E-002 -0.45313677E-002 -0.16531725E-002  0.22934629E+000  0.34247352E+001  0.16556435E+002  0.33196119E+002  0.10316520E+003  0.17234824E+003
 -0.48122141E+000 -0.23338805E+000 -0.54907640E-002 -0.45313641E-002 -0.16531644E-002  0.22934631E+000  0.34247352E+001  0.16556435E+002  0.33195785E+002  0.10316520E+003  0.17234824E+003
 -0.48122136E+000 -0.23338716E+000 -0.54907619E-002 -0.45313606E-002 -0.16531565E-002  0.22934632E+000  0.34247352E+001  0.16556435E+002  0.33195462E+002  0.10316520E+003  0.17234824E+003
 -0.48122131E+000 -0.23338629E+000 -0.54907600E-002 -0.45313572E-002 -0.16531488E-002  0.22934634E+000  0.34247352E+001  0.16556435E+002  0.33195148E+002  0.10316520E+003  0.17234824E+003
 -0.48122126E+000 -0.23338544E+000 -0.54907582E-002 -0.45313539E-002 -0.16531413E-002  0.22934636E+000  0.34247352E+001  0.16556435E+002  0.33194844E+002  0.10316520E+003  0.17234824E+003
 -0.48122121E+000 -0.23338462E+000 -0.54907564E-002 -0.45313508E-002 -0.16531340E-002  0.22934639E+000  0.34247352E+001  0.16556435E+002  0.33194548E+002  0.10316520E+003  0.17234824E+003
 -0.48122116E+000 -0.23338383E+000 -0.54907548E-002 -0.45313478E-002 -0.16531270E-002  0.22934641E+000  0.34247352E+001  0.16556435E+002  0.33194260E+002  0.10316520E+003  0.17234824E+003
 -0.48122111E+000 -0.23338306E+000 -0.54907532E-002 -0.45313450E-002 -0.16531202E-002  0.22934643E+000  0.34247351E+001  0.16556435E+002  0.33193980E+002  0.10316520E+003  0.17234824E+003
 -0.48122107E+000 -0.23338233E+000 -0.54907518E-002 -0.45313422E-002 -0.16531137E-002  0.22934645E+000  0.34247351E+001  0.16556435E+002  0.33193707E+002  0.10316520E+003  0.17234824E+003
 -0.48122103E+000 -0.23338162E+000 -0.54907504E-002 -0.45313397E-002 -0.16531074E-002  0.22934647E+000  0.34247351E+001  0.16556435E+002  0.33193441E+002  0.10316520E+003  0.17234824E+003
 -0.48122099E+000 -0.23338093E+000 -0.54907491E-002 -0.45313372E-002 -0.16531015E-002  0.22934649E+000  0.34247351E+001  0.16556435E+002  0.33193183E+002  0.10316520E+003  0.17234824E+003
 -0.48122095E+000 -0.23338028E+000 -0.54907479E-002 -0.45313349E-002 -0.16530958E-002  0.22934651E+000  0.34247351E+001  0.16556435E+002  0.33192930E+002  0.10316520E+003  0.17234824E+003
 -0.48122091E+000 -0.23337965E+000 -0.54907468E-002 -0.45313327E-002 -0.16530904E-002  0.22934653E+000  0.34247351E+001  0.16556435E+002  0.33192684E+002  0.10316520E+003  0.17234824E+003
 -0.48122088E+000 -0.23337905E+000 -0.54907458E-002 -0.45313306E-002 -0.16530852E-002  0.22934655E+000  0.34247351E+001  0.16556435E+002  0.33192443E+002  0.10316520E+003  0.17234824E+003
 -0.48122084E+000 -0.23337847E+000 -0.54907448E-002 -0.45313286E-002 -0.16530804E-002  0.22934656E+000  0.34247351E+001  0.16556435E+002  0.33192209E+002  0.10316520E+003  0.17234824E+003
 -0.48122081E+000 -0.23337792E+000 -0.54907438E-002 -0.45313268E-002 -0.16530758E-002  0.22934658E+000  0.34247351E+001  0.16556435E+002  0.33191980E+002  0.10316520E+003  0.17234824E+003
 -0.48122078E+000 -0.23337740E+000 -0.54907430E-002 -0.45313251E-002 -0.16530714E-002  0.22934660E+000  0.34247351E+001  0.16556435E+002  0.33191756E+002  0.10316520E+003  0.17234824E+003
 -0.48122075E+000 -0.23337690E+000 -0.54907422E-002 -0.45313234E-002 -0.16530673E-002  0.22934662E+000  0.34247351E+001  0.16556435E+002  0.33191538E+002  0.10316520E+003  0.17234824E+003
 -0.48122072E+000 -0.23337643E+000 -0.54907414E-002 -0.45313219E-002 -0.16530635E-002  0.22934663E+000  0.34247351E+001  0.16556435E+002  0.33191325E+002  0.10316520E+003  0.17234824E+003
 -0.48122070E+000 -0.23337597E+000 -0.54907407E-002 -0.45313205E-002 -0.16530599E-002  0.22934665E+000  0.34247352E+001  0.16556435E+002  0.33191117E+002  0.10316520E+003  0.17234824E+003
 -0.48122067E+000 -0.23337555E+000 -0.54907400E-002 -0.45313191E-002 -0.16530565E-002  0.22934666E+000  0.34247352E+001  0.16556435E+002  0.33190914E+002  0.10316520E+003  0.17234824E+003
 -0.48122065E+000 -0.23337514E+000 -0.54907394E-002 -0.45313179E-002 -0.16530534E-002  0.22934668E+000  0.34247352E+001  0.16556435E+002  0.33190716E+002  0.10316520E+003  0.17234824E+003
 -0.48122063E+000 -0.23337476E+000 -0.54907389E-002 -0.45313167E-002 -0.16530504E-002  0.22934669E+000  0.34247352E+001  0.16556435E+002  0.33190523E+002  0.10316520E+003  0.17234824E+003
 -0.48122061E+000 -0.23337439E+000 -0.54907383E-002 -0.45313156E-002 -0.16530476E-002  0.22934670E+000  0.34247352E+001  0.16556435E+002  0.33190335E+002  0.10316520E+003  0.17234824E+003
 -0.48122059E+000 -0.23337405E+000 -0.54907378E-002 -0.45313146E-002 -0.16530451E-002  0.22934671E+000  0.34247352E+001  0.16556435E+002  0.33190152E+002  0.10316520E+003  0.17234824E+003
 -0.48122057E+000 -0.23337373E+000 -0.54907374E-002 -0.45313137E-002 -0.16530427E-002  0.22934673E+000  0.34247352E+001  0.16556435E+002  0.33189973E+002  0.10316519E+003  0.17234824E+003
 -0.48122056E+000 -0.23337342E+000 -0.54907369E-002 -0.45313128E-002 -0.16530405E-002  0.22934674E+000  0.34247352E+001  0.16556435E+002  0.33189799E+002  0.10316519E+003  0.17234824E+003
 -0.48122054E+000 -0.23337314E+000 -0.54907365E-002 -0.45313120E-002 -0.16530384E-002  0.22934675E+000  0.34247352E+001  0.16556435E+002  0.33189630E+002  0.10316519E+003  0.17234824E+003
 -0.48122053E+000 -0.23337287E+000 -0.54907362E-002 -0.45313112E-002 -0.16530365E-002  0.22934676E+000  0.34247352E+001  0.16556435E+002  0.33189465E+002  0.10316519E+003  0.17234824E+003
 -0.48122051E+000 -0.23337262E+000 -0.54907358E-002 -0.45313106E-002 -0.16530348E-002  0.22934676E+000  0.34247352E+001  0.16556435E+002  0.33189305E+002  0.10316519E+003  0.17234824E+003
 -0.48122050E+000 -0.23337238E+000 -0.54907355E-002 -0.45313099E-002 -0.16530332E-002  0.22934677E+000  0.34247352E+001  0.16556435E+002  0.33189149E+002  0.10316519E+003  0.17234824E+003
 -0.48122049E+000 -0.23337217E+000 -0.54907352E-002 -0.45313093E-002 -0.16530317E-002  0.22934678E+000  0.34247352E+001  0.16556435E+002  0.33188998E+002  0.10316519E+003  0.17234824E+003
 -0.48122048E+000 -0.23337196E+000 -0.54907350E-002 -0.45313088E-002 -0.16530303E-002  0.22934679E+000  0.34247352E+001  0.16556435E+002  0.33188851E+002  0.10316519E+003  0.17234824E+003
 -0.48122047E+000 -0.23337177E+000 -0.54907347E-002 -0.45313083E-002 -0.16530291E-002  0.22934679E+000  0.34247352E+001  0.16556435E+002  0.33188709E+002  0.10316519E+003  0.17234824E+003
 -0.48122046E+000 -0.23337160E+000 -0.54907345E-002 -0.45313078E-002 -0.16530279E-002  0.22934680E+000  0.34247352E+001  0.16556435E+002  0.33188571E+002  0.10316519E+003  0.17234824E+003
 -0.48122045E+000 -0.23337144E+000 -0.54907343E-002 -0.45313074E-002 -0.16530269E-002  0.22934681E+000  0.34247352E+001  0.16556435E+002  0.33188438E+002  0.10316519E+003  0.17234824E+003
 -0.48122044E+000 -0.23337129E+000 -0.54907341E-002 -0.45313070E-002 -0.16530259E-002  0.22934681E+000  0.34247352E+001  0.16556435E+002  0.33188308E+002  0.10316519E+003  0.17234824E+003
 -0.48122044E+000 -0.23337115E+000 -0.54907339E-002 -0.45313067E-002 -0.16530250E-002  0.22934682E+000  0.34247352E+001  0.16556435E+002  0.33188183E+002  0.10316519E+003  0.17234824E+003
 -0.48122043E+000 -0.23337102E+000 -0.54907338E-002 -0.45313064E-002 -0.16530242E-002  0.22934682E+000  0.34247352E+001  0.16556435E+002  0.33188062E+002  0.10316519E+003  0.17234824E+003
 -0.48122043E+000 -0.23337090E+000 -0.54907336E-002 -0.45313061E-002 -0.16530235E-002  0.22934683E+000  0.34247352E+001  0.16556435E+002  0.33187945E+002  0.10316519E+003  0.17234824E+003
 -0.48122042E+000 -0.23337080E+000 -0.54907335E-002 -0.45313058E-002 -0.16530229E-002  0.22934683E+000  0.34247352E+001  0.16556435E+002  0.33187831E+002  0.10316519E+003  0.17234824E+003
 -0.48122042E+000 -0.23337070E+000 -0.54907334E-002 -0.45313056E-002 -0.16530223E-002  0.22934683E+000  0.34247353E+001  0.16556435E+002  0.33187722E+002  0.10316519E+003  0.17234824E+003
 -0.48122041E+000 -0.23337061E+000 -0.54907333E-002 -0.45313054E-002 -0.16530218E-002  0.22934684E+000  0.34247353E+001  0.16556435E+002  0.33187617E+002  0.10316519E+003  0.17234824E+003
 -0.48122041E+000 -0.23337053E+000 -0.54907332E-002 -0.45313052E-002 -0.16530213E-002  0.22934684E+000  0.34247353E+001  0.16556435E+002  0.33187515E+002  0.10316519E+003  0.17234824E+003
 -0.48122041E+000 -0.23337046E+000 -0.54907331E-002 -0.45313050E-002 -0.16530209E-002  0.22934684E+000  0.34247353E+001  0.16556435E+002  0.33187417E+002  0.10316519E+003  0.17234824E+003
 -0.48122040E+000 -0.23337039E+000 -0.54907331E-002 -0.45313049E-002 -0.16530205E-002  0.22934684E+000  0.34247353E+001  0.16556435E+002  0.33187323E+002  0.10316519E+003  0.17234824E+003
 -0.48122040E+000 -0.23337033E+000 -0.54907330E-002 -0.45313048E-002 -0.16530201E-002  0.22934685E+000  0.34247353E+001  0.16556435E+002  0.33187232E+002  0.10316519E+003  0.17234824E+003
 -0.48122040E+000 -0.23337028E+000 -0.54907329E-002 -0.45313046E-002 -0.16530198E-002  0.22934685E+000  0.34247353E+001  0.16556435E+002  0.33187145E+002  0.10316519E+003  0.17234824E+003
 -0.48122040E+000 -0.23337023E+000 -0.54907329E-002 -0.45313045E-002 -0.16530196E-002  0.22934685E+000  0.34247353E+001  0.16556435E+002  0.33187061E+002  0.10316519E+003  0.17234824E+003
 -0.48122039E+000 -0.23337019E+000 -0.54907328E-002 -0.45313044E-002 -0.16530193E-002  0.22934685E+000  0.34247353E+001  0.16556435E+002  0.33186980E+002  0.10316519E+003  0.17234824E+003
 -0.48122039E+000 -0.23337015E+000 -0.54907328E-002 -0.45313044E-002 -0.16530191E-002  0.22934685E+000  0.34247353E+001  0.16556435E+002  0.33186902E+002  0.10316519E+003  0.17234824E+003
 -0.48122039E+000 -0.23337012E+000 -0.54907328E-002 -0.45313043E-002 -0.16530189E-002  0.22934686E+000  0.34247353E+001  0.16556435E+002  0.33186828E+002  0.10316519E+003  0.17234824E+003
 -0.48122039E+000 -0.23337009E+000 -0.54907327E-002 -0.45313042E-002 -0.16530188E-002  0.22934686E+000  0.34247353E+001  0.16556435E+002  0.33186756E+002  0.10316519E+003  0.17234824E+003
 -0.48122039E+000 -0.23337006E+000 -0.54907327E-002 -0.45313042E-002 -0.16530186E-002  0.22934686E+000  0.34247353E+001  0.16556435E+002  0.33186688E+002  0.10316519E+003  0.17234824E+003
 -0.48122039E+000 -0.23337004E+000 -0.54907327E-002 -0.45313041E-002 -0.16530185E-002  0.22934686E+000  0.34247353E+001  0.16556435E+002  0.33186622E+002  0.10316519E+003  0.17234824E+003
 -0.48122039E+000 -0.23337002E+000 -0.54907327E-002 -0.45313041E-002 -0.16530184E-002  0.22934686E+000  0.34247353E+001  0.16556435E+002  0.33186559E+002  0.10316519E+003  0.17234824E+003
 -0.48122039E+000 -0.23337000E+000 -0.54907327E-002 -0.45313040E-002 -0.16530183E-002  0.22934686E+000  0.34247353E+001  0.16556435E+002  0.33186499E+002  0.10316519E+003  0.17234824E+003
 -0.48122039E+000 -0.23336999E+000 -0.54907326E-002 -0.45313040E-002 -0.16530182E-002  0.22934686E+000  0.34247353E+001  0.16556435E+002  0.33186442E+002  0.10316519E+003  0.17234824E+003
 -0.48122039E+000 -0.23336997E+000 -0.54907326E-002 -0.45313040E-002 -0.16530181E-002  0.22934686E+000  0.34247353E+001  0.16556435E+002  0.33186387E+002  0.10316519E+003  0.17234824E+003
 -0.48122039E+000 -0.23336996E+000 -0.54907326E-002 -0.45313040E-002 -0.16530180E-002  0.22934686E+000  0.34247353E+001  0.16556435E+002  0.33186334E+002  0.10316519E+003  0.17234824E+003
 -0.48122038E+000 -0.23336995E+000 -0.54907326E-002 -0.45313039E-002 -0.16530180E-002  0.22934686E+000  0.34247353E+001  0.16556435E+002  0.33186284E+002  0.10316519E+003  0.17234824E+003
 -0.48122038E+000 -0.23336994E+000 -0.54907326E-002 -0.45313039E-002 -0.16530179E-002  0.22934686E+000  0.34247353E+001  0.16556435E+002  0.33186236E+002  0.10316519E+003  0.17234824E+003
 -0.48122038E+000 -0.23336993E+000 -0.54907326E-002 -0.45313039E-002 -0.16530179E-002  0.22934686E+000  0.34247353E+001  0.16556435E+002  0.33186191E+002  0.10316519E+003  0.17234824E+003
 -0.48122038E+000 -0.23336993E+000 -0.54907326E-002 -0.45313039E-002 -0.16530178E-002  0.22934686E+000  0.34247353E+001  0.16556435E+002  0.33186147E+002  0.10316519E+003  0.17234824E+003
 -0.48122038E+000 -0.23336992E+000 -0.54907326E-002 -0.45313039E-002 -0.16530178E-002  0.22934686E+000  0.34247353E+001  0.16556435E+002  0.33186106E+002  0.10316519E+003  0.17234824E+003
 -0.48122038E+000 -0.23336991E+000 -0.54907326E-002 -0.45313038E-002 -0.16530177E-002  0.22934687E+000  0.34247353E+001  0.16556435E+002  0.33186067E+002  0.10316519E+003  0.17234824E+003
 -0.48122038E+000 -0.23336991E+000 -0.54907326E-002 -0.45313038E-002 -0.16530177E-002  0.22934687E+000  0.34247353E+001  0.16556435E+002  0.33186030E+002  0.10316519E+003  0.17234824E+003
 -0.48122038E+000 -0.23336990E+000 -0.54907325E-002 -0.45313038E-002 -0.16530177E-002  0.22934687E+000  0.34247353E+001  0.16556435E+002  0.33185994E+002  0.10316519E+003  0.17234824E+003
 -0.48122038E+000 -0.23336990E+000 -0.54907325E-002 -0.45313038E-002 -0.16530176E-002  0.22934687E+000  0.34247353E+001  0.16556435E+002  0.33185961E+002  0.10316519E+003  0.17234824E+003
 -0.48122038E+000 -0.23336989E+000 -0.54907325E-002 -0.45313038E-002 -0.16530176E-002  0.22934687E+000  0.34247353E+001  0.16556435E+002  0.33185929E+002  0.10316519E+003  0.17234824E+003
 -0.48122038E+000 -0.23336989E+000 -0.54907325E-002 -0.45313038E-002 -0.16530175E-002  0.22934687E+000  0.34247353E+001  0.16556435E+002  0.33185899E+002  0.10316519E+003  0.17234824E+003
 -0.48122038E+000 -0.23336989E+000 -0.54907325E-002 -0.45313037E-002 -0.16530175E-002  0.22934687E+000  0.34247353E+001  0.16556435E+002  0.33185870E+002  0.10316519E+003  0.17234824E+003
 -0.48122038E+000 -0.23336988E+000 -0.54907325E-002 -0.45313037E-002 -0.16530175E-002  0.22934687E+000  0.34247353E+001  0.16556435E+002  0.33185843E+002  0.10316519E+003  0.17234824E+003
 -0.48122038E+000 -0.23336988E+000 -0.54907325E-002 -0.45313037E-002 -0.16530174E-002  0.22934687E+000  0.34247353E+001  0.16556435E+002  0.33185818E+002  0.10316519E+003  0.17234824E+003
 -0.48122038E+000 -0.23336987E+000 -0.54907325E-002 -0.45313037E-002 -0.16530174E-002  0.22934687E+000  0.34247353E+001  0.16556435E+002  0.33185794E+002  0.10316519E+003  0.17234824E+003
 -0.48122038E+000 -0.23336987E+000 -0.54907325E-002 -0.45313037E-002 -0.16530174E-002  0.22934687E+000  0.34247353E+001  0.16556435E+002  0.33185771E+002  0.10316519E+003  0.17234824E+003
 -0.48122038E+000 -0.23336986E+000 -0.54907324E-002 -0.45313037E-002 -0.16530173E-002  0.22934687E+000  0.34247353E+001  0.16556435E+002  0.33185750E+002  0.10316519E+003  0.17234824E+003
 -0.48122038E+000 -0.23336986E+000 -0.54907324E-002 -0.45313036E-002 -0.16530173E-002  0.22934687E+000  0.34247353E+001  0.16556435E+002  0.33185729E+002  0.10316519E+003  0.17234824E+003
 -0.48122038E+000 -0.23336986E+000 -0.54907324E-002 -0.45313036E-002 -0.16530173E-002  0.22934687E+000  0.34247353E+001  0.16556435E+002  0.33185710E+002  0.10316519E+003  0.17234824E+003
 -0.48122038E+000 -0.23336986E+000 -0.54907324E-002 -0.45313036E-002 -0.16530172E-002  0.22934687E+000  0.34247353E+001  0.16556435E+002  0.33185693E+002  0.10316519E+003  0.17234824E+003
 -0.48122038E+000 -0.23336986E+000 -0.54907324E-002 -0.45313036E-002 -0.16530172E-002  0.22934687E+000  0.34247353E+001  0.16556435E+002  0.33185676E+002  0.10316519E+003  0.17234824E+003
 -0.48122038E+000 -0.23336986E+000 -0.54907324E-002 -0.45313036E-002 -0.16530172E-002  0.22934687E+000  0.34247353E+001  0.16556435E+002  0.33185660E+002  0.10316519E+003  0.17234824E+003
 -0.48122038E+000 -0.23336987E+000 -0.54907324E-002 -0.45313036E-002 -0.16530171E-002  0.22934687E+000  0.34247353E+001  0.16556435E+002  0.33185644E+002  0.10316519E+003  0.17234824E+003
 -0.48122039E+000 -0.23336988E+000 -0.54907324E-002 -0.45313036E-002 -0.16530171E-002  0.22934687E+000  0.34247353E+001  0.16556435E+002  0.33185630E+002  0.10316519E+003  0.17234824E+003
 -0.48122039E+000 -0.23336990E+000 -0.54907325E-002 -0.45313036E-002 -0.16530171E-002  0.22934687E+000  0.34247353E+001  0.16556435E+002  0.33185617E+002  0.10316519E+003  0.17234824E+003
 -0.48122039E+000 -0.23336993E+000 -0.54907325E-002 -0.45313037E-002 -0.16530171E-002  0.22934687E+000  0.34247353E+001  0.16556435E+002  0.33185604E+002  0.10316519E+003  0.17234824E+003
 -0.48122039E+000 -0.23336998E+000 -0.54907326E-002 -0.45313037E-002 -0.16530171E-002  0.22934687E+000  0.34247353E+001  0.16556435E+002  0.33185592E+002  0.10316519E+003  0.17234824E+003
 -0.48122039E+000 -0.23337005E+000 -0.54907328E-002 -0.45313039E-002 -0.16530172E-002  0.22934687E+000  0.34247353E+001  0.16556435E+002  0.33185582E+002  0.10316519E+003  0.17234824E+003
 -0.48122039E+000 -0.23336998E+000 -0.54907327E-002 -0.45313038E-002 -0.16530170E-002  0.22934687E+000  0.34247353E+001  0.16556435E+002  0.33185574E+002  0.10316519E+003  0.17234824E+003
