  0.58048261E+000  0.31349257E+000  0.23585282E+001  0.38865423E+002
  0.57913736E+000  0.31385102E+000  0.23595106E+001  0.38865282E+002
  0.57911987E+000  0.31382960E+000  0.23595243E+001  0.38865140E+002
  0.57911224E+000  0.31406705E+000  0.23592609E+001  0.38865039E+002
  0.57910417E+000  0.31418235E+000  0.23591189E+001  0.38864959E+002
  0.57909698E+000  0.31427434E+000  0.23589985E+001  0.38864896E+002
  0.57906874E+000  0.31437388E+000  0.23588918E+001  0.38864847E+002
  0.57906381E+000  0.31443943E+000  0.23587967E+001  0.38864809E+002
  0.57905985E+000  0.31451197E+000  0.23586948E+001  0.38864781E+002
  0.57905675E+000  0.31455911E+000  0.23586191E+001  0.38864760E+002
  0.57905438E+000  0.31459905E+000  0.23585515E+001  0.38864745E+002
  0.57905264E+000  0.31463286E+000  0.23584912E+001  0.38864735E+002
  0.57905142E+000  0.31466140E+000  0.23584376E+001  0.38864730E+002
  0.57905065E+000  0.31468540E+000  0.23542938E+001  0.38868823E+002
  0.57905024E+000  0.31470545E+000  0.23542516E+001  0.38868823E+002
  0.57905014E+000  0.31472199E+000  0.23542145E+001  0.38868825E+002
  0.57905031E+000  0.31473535E+000  0.23541821E+001  0.38868829E+002
  0.57905068E+000  0.31474572E+000  0.23541541E+001  0.38868833E+002
  0.57905123E+000  0.31475307E+000  0.23541307E+001  0.38868839E+002
  0.57905193E+000  0.31475680E+000  0.23541124E+001  0.38868845E+002
  0.57905274E+000  0.31475988E+000  0.23540959E+001  0.38868852E+002
  0.57905363E+000  0.31476262E+000  0.23540810E+001  0.38868859E+002
  0.57905460E+000  0.31476510E+000  0.23540674E+001  0.38868866E+002
  0.57905562E+000  0.31476733E+000  0.23540550E+001  0.38868873E+002
  0.57905668E+000  0.31476936E+000  0.23540438E+001  0.38868880E+002
  0.57905778E+000  0.31477121E+000  0.23540336E+001  0.38868887E+002
  0.57905890E+000  0.31477290E+000  0.23540243E+001  0.38868894E+002
  0.57906004E+000  0.31477445E+000  0.23540160E+001  0.38868901E+002
  0.57906119E+000  0.31477587E+000  0.23540085E+001  0.38868908E+002
  0.57906235E+000  0.31477718E+000  0.23540018E+001  0.38868915E+002
  0.57906352E+000  0.31477840E+000  0.23539959E+001  0.38868921E+002
  0.57906470E+000  0.31477952E+000  0.23539907E+001  0.38868928E+002
  0.57906587E+000  0.31478057E+000  0.23539862E+001  0.38868934E+002
  0.57906705E+000  0.31478155E+000  0.23539824E+001  0.38868939E+002
  0.57906822E+000  0.31478246E+000  0.23539793E+001  0.38868945E+002
  0.57906939E+000  0.31478331E+000  0.23539768E+001  0.38868950E+002
  0.57907056E+000  0.31478411E+000  0.23539749E+001  0.38868955E+002
  0.57907172E+000  0.31478486E+000  0.23539736E+001  0.38868960E+002
  0.57907287E+000  0.31478557E+000  0.23539729E+001  0.38868964E+002
  0.57907402E+000  0.31478624E+000  0.23539728E+001  0.38868968E+002
  0.57907516E+000  0.31478687E+000  0.23539733E+001  0.38868972E+002
  0.57907629E+000  0.31478747E+000  0.23539742E+001  0.38868976E+002
  0.57907742E+000  0.31478804E+000  0.23539757E+001  0.38868979E+002
  0.57907854E+000  0.31478859E+000  0.23539777E+001  0.38868982E+002
  0.57907966E+000  0.31478911E+000  0.23539801E+001  0.38868984E+002
  0.57908076E+000  0.31478960E+000  0.23539830E+001  0.38868987E+002
  0.57908187E+000  0.31479008E+000  0.23539863E+001  0.38868989E+002
  0.57908296E+000  0.31479054E+000  0.23539900E+001  0.38868991E+002
  0.57908405E+000  0.31479098E+000  0.23539941E+001  0.38868993E+002
  0.57908514E+000  0.31479141E+000  0.23539985E+001  0.38868995E+002
  0.57908622E+000  0.31479182E+000  0.23540032E+001  0.38868996E+002
  0.57908730E+000  0.31479222E+000  0.23540082E+001  0.38868998E+002
  0.57908837E+000  0.31479261E+000  0.23540134E+001  0.38868999E+002
  0.57908944E+000  0.31479299E+000  0.23540189E+001  0.38869000E+002
  0.57909051E+000  0.31479336E+000  0.23540246E+001  0.38869001E+002
  0.57909158E+000  0.31479373E+000  0.23540304E+001  0.38869002E+002
  0.57909264E+000  0.31479409E+000  0.23540365E+001  0.38869003E+002
  0.57909369E+000  0.31479444E+000  0.23540426E+001  0.38869004E+002
  0.57909475E+000  0.31479479E+000  0.23540489E+001  0.38869005E+002
  0.57909580E+000  0.31479513E+000  0.23540554E+001  0.38869006E+002
  0.57909685E+000  0.31479547E+000  0.23540619E+001  0.38869007E+002
  0.57909789E+000  0.31479581E+000  0.23540684E+001  0.38869007E+002
  0.57909893E+000  0.31479614E+000  0.23540751E+001  0.38869008E+002
  0.57909997E+000  0.31479647E+000  0.23540818E+001  0.38869009E+002
  0.57910100E+000  0.31479680E+000  0.23540885E+001  0.38869010E+002
  0.57910202E+000  0.31479713E+000  0.23540953E+001  0.38869010E+002
  0.57910303E+000  0.31479745E+000  0.23541020E+001  0.38869011E+002
  0.57910403E+000  0.31479778E+000  0.23541088E+001  0.38869012E+002
  0.57910503E+000  0.31479810E+000  0.23541156E+001  0.38869013E+002
  0.57910601E+000  0.31479842E+000  0.23541224E+001  0.38869014E+002
  0.57910698E+000  0.31479875E+000  0.23541292E+001  0.38869014E+002
  0.57910794E+000  0.31479906E+000  0.23541359E+001  0.38869015E+002
  0.57910889E+000  0.31479938E+000  0.23541426E+001  0.38869016E+002
  0.57910981E+000  0.31479970E+000  0.23541493E+001  0.38869017E+002
  0.57911073E+000  0.31480001E+000  0.23582531E+001  0.38864921E+002
  0.57911162E+000  0.31480032E+000  0.23582597E+001  0.38864922E+002
  0.57911250E+000  0.31480063E+000  0.23582663E+001  0.38864923E+002
  0.57911336E+000  0.31480093E+000  0.23582728E+001  0.38864923E+002
  0.57911420E+000  0.31480124E+000  0.23582792E+001  0.38864924E+002
  0.57911502E+000  0.31480154E+000  0.23582856E+001  0.38864925E+002
  0.57911582E+000  0.31480183E+000  0.23582919E+001  0.38864926E+002
  0.57911660E+000  0.31480213E+000  0.23582981E+001  0.38864927E+002
  0.57911736E+000  0.31480242E+000  0.23583043E+001  0.38864928E+002
  0.57911809E+000  0.31480270E+000  0.23583103E+001  0.38864929E+002
  0.57911881E+000  0.31480298E+000  0.23583163E+001  0.38864930E+002
  0.57911950E+000  0.31480326E+000  0.23583222E+001  0.38864931E+002
  0.57912017E+000  0.31480353E+000  0.23583281E+001  0.38864932E+002
  0.57912082E+000  0.31480380E+000  0.23583338E+001  0.38864933E+002
  0.57912144E+000  0.31480406E+000  0.23583395E+001  0.38864934E+002
  0.57912205E+000  0.31480432E+000  0.23583451E+001  0.38864935E+002
  0.57912263E+000  0.31480457E+000  0.23583505E+001  0.38864936E+002
  0.57912319E+000  0.31480482E+000  0.23583559E+001  0.38864937E+002
  0.57912372E+000  0.31480506E+000  0.23583613E+001  0.38864938E+002
  0.57912424E+000  0.31480530E+000  0.23583665E+001  0.38864939E+002
  0.57912474E+000  0.31480553E+000  0.23583716E+001  0.38864940E+002
  0.57912521E+000  0.31480575E+000  0.23583767E+001  0.38864941E+002
  0.57912567E+000  0.31480597E+000  0.23583817E+001  0.38864941E+002
  0.57912611E+000  0.31480618E+000  0.23583865E+001  0.38864942E+002
  0.57912652E+000  0.31480639E+000  0.23583914E+001  0.38864943E+002
  0.57912692E+000  0.31480659E+000  0.23583961E+001  0.38864944E+002
  0.57912731E+000  0.31480678E+000  0.23584007E+001  0.38864945E+002
  0.57912767E+000  0.31480697E+000  0.23584053E+001  0.38864946E+002
  0.57912802E+000  0.31480715E+000  0.23584097E+001  0.38864946E+002
  0.57912835E+000  0.31480733E+000  0.23584141E+001  0.38864947E+002
  0.57912866E+000  0.31480749E+000  0.23584184E+001  0.38864948E+002
  0.57912897E+000  0.31480766E+000  0.23584227E+001  0.38864949E+002
  0.57912925E+000  0.31480781E+000  0.23584268E+001  0.38864950E+002
  0.57912952E+000  0.31480796E+000  0.23584309E+001  0.38864950E+002
  0.57912978E+000  0.31480811E+000  0.23584349E+001  0.38864951E+002
  0.57913003E+000  0.31480825E+000  0.23584388E+001  0.38864952E+002
  0.57913026E+000  0.31480838E+000  0.23584426E+001  0.38864953E+002
  0.57913048E+000  0.31480851E+000  0.23584463E+001  0.38864954E+002
  0.57913069E+000  0.31480863E+000  0.23584500E+001  0.38864955E+002
  0.57913089E+000  0.31480874E+000  0.23584536E+001  0.38864956E+002
  0.57913108E+000  0.31480886E+000  0.23584571E+001  0.38864957E+002
  0.57913126E+000  0.31480896E+000  0.23584605E+001  0.38864958E+002
  0.57913143E+000  0.31480906E+000  0.23584639E+001  0.38864959E+002
  0.57913159E+000  0.31480916E+000  0.23584672E+001  0.38864960E+002
  0.57913174E+000  0.31480925E+000  0.23584704E+001  0.38864962E+002
  0.57913188E+000  0.31480933E+000  0.23584735E+001  0.38864963E+002
  0.57913202E+000  0.31480941E+000  0.23584765E+001  0.38864964E+002
  0.57913214E+000  0.31480949E+000  0.23584795E+001  0.38864966E+002
  0.57913226E+000  0.31480956E+000  0.23584824E+001  0.38864967E+002
  0.57913237E+000  0.31480963E+000  0.23584852E+001  0.38864969E+002
  0.57913248E+000  0.31480969E+000  0.23584880E+001  0.38864970E+002
  0.57913258E+000  0.31480975E+000  0.23584907E+001  0.38864972E+002
  0.57913267E+000  0.31480981E+000  0.23584933E+001  0.38864974E+002
  0.57913275E+000  0.31480986E+000  0.23584958E+001  0.38864976E+002
  0.57913283E+000  0.31480991E+000  0.23584983E+001  0.38864978E+002
  0.57913291E+000  0.31480996E+000  0.23585006E+001  0.38864980E+002
  0.57913298E+000  0.31481000E+000  0.23585030E+001  0.38864982E+002
  0.57913304E+000  0.31481004E+000  0.23585052E+001  0.38864984E+002
  0.57913310E+000  0.31481007E+000  0.23585074E+001  0.38864986E+002
  0.57913316E+000  0.31481011E+000  0.23585095E+001  0.38864989E+002
  0.57913321E+000  0.31481014E+000  0.23585116E+001  0.38864991E+002
  0.57913325E+000  0.31481017E+000  0.23585135E+001  0.38864994E+002
  0.57913330E+000  0.31481020E+000  0.23585155E+001  0.38864996E+002
  0.57913334E+000  0.31481022E+000  0.23585173E+001  0.38864999E+002
  0.57913337E+000  0.31481024E+000  0.23585191E+001  0.38865002E+002
  0.57913340E+000  0.31481026E+000  0.23585208E+001  0.38865005E+002
  0.57913343E+000  0.31481028E+000  0.23585225E+001  0.38865008E+002
  0.57913346E+000  0.31481030E+000  0.23585241E+001  0.38865011E+002
  0.57913348E+000  0.31481031E+000  0.23585257E+001  0.38865015E+002
  0.57913350E+000  0.31481033E+000  0.23585272E+001  0.38865018E+002
  0.57913352E+000  0.31481034E+000  0.23585286E+001  0.38865021E+002
  0.57913353E+000  0.31481035E+000  0.23585300E+001  0.38865025E+002
  0.57913355E+000  0.31481036E+000  0.23585314E+001  0.38865029E+002
  0.57913356E+000  0.31481037E+000  0.23585327E+001  0.38865032E+002
  0.57913357E+000  0.31481037E+000  0.23585339E+001  0.38865036E+002
  0.57913358E+000  0.31481038E+000  0.23585351E+001  0.38865040E+002
  0.57913358E+000  0.31481038E+000  0.23585362E+001  0.38865044E+002
  0.57913359E+000  0.31481039E+000  0.23585374E+001  0.38865048E+002
  0.57913359E+000  0.31481039E+000  0.23585384E+001  0.38865053E+002
  0.57913359E+000  0.31481039E+000  0.23585394E+001  0.38865057E+002
  0.57913359E+000  0.31481039E+000  0.23585404E+001  0.38865061E+002
  0.57913359E+000  0.31481039E+000  0.23585413E+001  0.38865066E+002
  0.57913359E+000  0.31481039E+000  0.23585422E+001  0.38865070E+002
  0.57913359E+000  0.31481039E+000  0.23585431E+001  0.38865075E+002
  0.57913358E+000  0.31481039E+000  0.23585439E+001  0.38865079E+002
  0.57913358E+000  0.31481039E+000  0.23585447E+001  0.38865084E+002
  0.57913357E+000  0.31481039E+000  0.23585454E+001  0.38865089E+002
  0.57913357E+000  0.31481039E+000  0.23585462E+001  0.38865094E+002
  0.57913356E+000  0.31481038E+000  0.23585468E+001  0.38865099E+002
  0.57913355E+000  0.31481038E+000  0.23585475E+001  0.38865104E+002
  0.57913355E+000  0.31481038E+000  0.23585481E+001  0.38865109E+002
  0.57913354E+000  0.31481037E+000  0.23585487E+001  0.38865114E+002
  0.57913353E+000  0.31481037E+000  0.23585493E+001  0.38865119E+002
  0.57913352E+000  0.31481036E+000  0.23585498E+001  0.38865124E+002
  0.57913351E+000  0.31481036E+000  0.23585503E+001  0.38865129E+002
  0.57913350E+000  0.31481036E+000  0.23585508E+001  0.38865134E+002
  0.57913350E+000  0.31481035E+000  0.23585513E+001  0.38865139E+002
  0.57913349E+000  0.31481035E+000  0.23585517E+001  0.38865145E+002
  0.57913348E+000  0.31481034E+000  0.23585522E+001  0.38865150E+002
  0.57913347E+000  0.31481034E+000  0.23585526E+001  0.38865155E+002
  0.57913346E+000  0.31481033E+000  0.23585529E+001  0.38865160E+002
  0.57913345E+000  0.31481033E+000  0.23585533E+001  0.38865165E+002
  0.57913344E+000  0.31481032E+000  0.23585536E+001  0.38865171E+002
  0.57913343E+000  0.31481032E+000  0.23585540E+001  0.38865176E+002
  0.57913342E+000  0.31481031E+000  0.23585543E+001  0.38865181E+002
  0.57913341E+000  0.31481031E+000  0.23585546E+001  0.38865186E+002
  0.57913340E+000  0.31481030E+000  0.23585549E+001  0.38865192E+002
  0.57913339E+000  0.31481030E+000  0.23585551E+001  0.38865197E+002
  0.57913339E+000  0.31481029E+000  0.23585554E+001  0.38865202E+002
  0.57913338E+000  0.31481029E+000  0.23585556E+001  0.38865207E+002
  0.57913337E+000  0.31481028E+000  0.23585558E+001  0.38865212E+002
  0.57913336E+000  0.31481028E+000  0.23585560E+001  0.38865217E+002
  0.57913335E+000  0.31481027E+000  0.23585562E+001  0.38865222E+002
  0.57913334E+000  0.31481027E+000  0.23585564E+001  0.38865227E+002
  0.57913333E+000  0.31481026E+000  0.23585566E+001  0.38865232E+002
  0.57913332E+000  0.31481026E+000  0.23585567E+001  0.38865237E+002
  0.57913332E+000  0.31481025E+000  0.23585569E+001  0.38865241E+002
  0.57913331E+000  0.31481025E+000  0.23585570E+001  0.38865246E+002
  0.57913330E+000  0.31481024E+000  0.23585571E+001  0.38865251E+002
  0.57913329E+000  0.31481023E+000  0.23585572E+001  0.38865255E+002
  0.57913328E+000  0.31481023E+000  0.23585573E+001  0.38865260E+002
  0.57913327E+000  0.31481022E+000  0.23585574E+001  0.38865264E+002
  0.57913326E+000  0.31481021E+000  0.23585575E+001  0.38865268E+002
  0.57913325E+000  0.31481021E+000  0.23585576E+001  0.38865273E+002
  0.57913324E+000  0.31481019E+000  0.23585577E+001  0.38865277E+002
  0.57913323E+000  0.31481017E+000  0.23585578E+001  0.38865281E+002
