  0.49046815E-002  0.57116700E-001  0.10123147E+001  0.41043590E+002
  0.49118820E-002  0.57102329E-001  0.10122659E+001  0.41043501E+002
  0.49168424E-002  0.57090898E-001  0.10122228E+001  0.41043383E+002
  0.49198660E-002  0.57083996E-001  0.10121919E+001  0.41043284E+002
  0.49216556E-002  0.57078958E-001  0.10121671E+001  0.41043197E+002
  0.49224995E-002  0.57075451E-001  0.10121472E+001  0.41043121E+002
  0.49226357E-002  0.57073186E-001  0.10121313E+001  0.41043054E+002
  0.49222558E-002  0.57071919E-001  0.10121188E+001  0.41042996E+002
  0.49215111E-002  0.57071443E-001  0.10121091E+001  0.41042946E+002
  0.49205201E-002  0.57071589E-001  0.10121018E+001  0.41042901E+002
  0.49193748E-002  0.57072214E-001  0.10120964E+001  0.41042862E+002
  0.49181460E-002  0.57073202E-001  0.10120926E+001  0.41042828E+002
  0.49168877E-002  0.57074457E-001  0.10120901E+001  0.41042799E+002
  0.49156411E-002  0.57075900E-001  0.10120889E+001  0.41042773E+002
  0.49144371E-002  0.57077469E-001  0.10120885E+001  0.41042750E+002
  0.49132992E-002  0.57079112E-001  0.10120890E+001  0.41042731E+002
  0.49122450E-002  0.57080789E-001  0.10120901E+001  0.41042713E+002
  0.49112883E-002  0.57082466E-001  0.10120918E+001  0.41042698E+002
  0.49104399E-002  0.57084117E-001  0.10120940E+001  0.41042686E+002
  0.49097118E-002  0.57085720E-001  0.10120965E+001  0.41042675E+002
  0.49090763E-002  0.57087271E-001  0.10120993E+001  0.41042665E+002
  0.49085213E-002  0.57088767E-001  0.10121023E+001  0.41042657E+002
  0.49080365E-002  0.57090205E-001  0.10121055E+001  0.41042649E+002
  0.49076128E-002  0.57091584E-001  0.10121088E+001  0.41042643E+002
  0.49072423E-002  0.57092904E-001  0.10121122E+001  0.41042638E+002
  0.49069181E-002  0.57094165E-001  0.10121157E+001  0.41042633E+002
  0.49066344E-002  0.57095366E-001  0.10121192E+001  0.41042629E+002
  0.49063859E-002  0.57096509E-001  0.10121228E+001  0.41042626E+002
  0.49061682E-002  0.57097594E-001  0.10121263E+001  0.41042624E+002
  0.49059774E-002  0.57098622E-001  0.10121298E+001  0.41042622E+002
  0.49058102E-002  0.57099594E-001  0.10121332E+001  0.41042621E+002
  0.49056634E-002  0.57100512E-001  0.10121366E+001  0.41042620E+002
  0.49055347E-002  0.57101375E-001  0.10121399E+001  0.41042620E+002
  0.49054218E-002  0.57102187E-001  0.10121431E+001  0.41042620E+002
  0.49053227E-002  0.57102947E-001  0.10121463E+001  0.41042621E+002
  0.49052358E-002  0.57103658E-001  0.10121493E+001  0.41042622E+002
  0.49051596E-002  0.57104321E-001  0.10121523E+001  0.41042623E+002
  0.49050928E-002  0.57104938E-001  0.10121552E+001  0.41042625E+002
  0.49050343E-002  0.57105511E-001  0.10121580E+001  0.41042627E+002
  0.49049831E-002  0.57106042E-001  0.10121608E+001  0.41042630E+002
  0.49049383E-002  0.57106533E-001  0.10121634E+001  0.41042633E+002
  0.49048993E-002  0.57106987E-001  0.10121660E+001  0.41042636E+002
  0.49048653E-002  0.57107406E-001  0.10121685E+001  0.41042639E+002
  0.49048358E-002  0.57107792E-001  0.10121710E+001  0.41042643E+002
  0.49048102E-002  0.57108148E-001  0.10121734E+001  0.41042647E+002
  0.49047881E-002  0.57108477E-001  0.10121757E+001  0.41042652E+002
  0.49047692E-002  0.57108782E-001  0.10121780E+001  0.41042656E+002
  0.49047530E-002  0.57109064E-001  0.10121803E+001  0.41042661E+002
  0.49047392E-002  0.57109326E-001  0.10121826E+001  0.41042666E+002
  0.49047276E-002  0.57109571E-001  0.10121848E+001  0.41042671E+002
  0.49047179E-002  0.57109800E-001  0.10121870E+001  0.41042676E+002
  0.49047099E-002  0.57110017E-001  0.10121892E+001  0.41042682E+002
  0.49047034E-002  0.57110222E-001  0.10121913E+001  0.41042687E+002
  0.49046982E-002  0.57110418E-001  0.10121935E+001  0.41042693E+002
  0.49046941E-002  0.57110606E-001  0.10121957E+001  0.41042699E+002
  0.49046910E-002  0.57110788E-001  0.10121979E+001  0.41042705E+002
  0.49046887E-002  0.57110963E-001  0.10122001E+001  0.41042711E+002
  0.49046871E-002  0.57111135E-001  0.10122022E+001  0.41042717E+002
  0.49046861E-002  0.57111303E-001  0.10122044E+001  0.41042723E+002
  0.49046857E-002  0.57111467E-001  0.10122067E+001  0.41042730E+002
  0.49046856E-002  0.57111630E-001  0.10122089E+001  0.41042736E+002
  0.49046859E-002  0.57111789E-001  0.10122111E+001  0.41042742E+002
  0.49046864E-002  0.57111947E-001  0.10122134E+001  0.41042749E+002
  0.49046871E-002  0.57112103E-001  0.10122156E+001  0.41042755E+002
  0.49046880E-002  0.57112258E-001  0.10122179E+001  0.41042761E+002
  0.49046891E-002  0.57112411E-001  0.10122201E+001  0.41042768E+002
  0.49046902E-002  0.57112561E-001  0.10122224E+001  0.41042774E+002
  0.49046913E-002  0.57112711E-001  0.10122247E+001  0.41042781E+002
  0.49046925E-002  0.57112858E-001  0.10122269E+001  0.41042787E+002
  0.49046938E-002  0.57113003E-001  0.10122292E+001  0.41042794E+002
  0.49046950E-002  0.57113147E-001  0.10122315E+001  0.41042800E+002
  0.49046962E-002  0.57113288E-001  0.10122337E+001  0.41042807E+002
  0.49046974E-002  0.57113426E-001  0.10122360E+001  0.41042813E+002
  0.49046986E-002  0.57113562E-001  0.10122382E+001  0.41042820E+002
  0.49046997E-002  0.57113696E-001  0.10122404E+001  0.41042826E+002
  0.49047008E-002  0.57113826E-001  0.10122426E+001  0.41042832E+002
  0.49047019E-002  0.57113954E-001  0.10122448E+001  0.41042839E+002
  0.49047029E-002  0.57114078E-001  0.10122469E+001  0.41042845E+002
  0.49047038E-002  0.57114199E-001  0.10122491E+001  0.41042851E+002
  0.49047047E-002  0.57114317E-001  0.10122512E+001  0.41042858E+002
  0.49047055E-002  0.57114431E-001  0.10122533E+001  0.41042864E+002
  0.49047063E-002  0.57114542E-001  0.10122553E+001  0.41042870E+002
  0.49047070E-002  0.57114649E-001  0.10122573E+001  0.41042876E+002
  0.49047076E-002  0.57114752E-001  0.10122593E+001  0.41042882E+002
  0.49047082E-002  0.57114852E-001  0.10122612E+001  0.41042888E+002
  0.49047086E-002  0.57114948E-001  0.10122631E+001  0.41042894E+002
  0.49047090E-002  0.57115039E-001  0.10122650E+001  0.41042899E+002
  0.49047093E-002  0.57115127E-001  0.10122668E+001  0.41042905E+002
  0.49047096E-002  0.57115212E-001  0.10122686E+001  0.41042911E+002
  0.49047098E-002  0.57115292E-001  0.10122703E+001  0.41042916E+002
  0.49047099E-002  0.57115368E-001  0.10122720E+001  0.41042922E+002
  0.49047099E-002  0.57115441E-001  0.10122736E+001  0.41042927E+002
  0.49047099E-002  0.57115510E-001  0.10122752E+001  0.41042933E+002
  0.49047098E-002  0.57115576E-001  0.10122768E+001  0.41042938E+002
  0.49047096E-002  0.57115638E-001  0.10122783E+001  0.41042943E+002
  0.49047093E-002  0.57115697E-001  0.10122798E+001  0.41042948E+002
  0.49047090E-002  0.57115752E-001  0.10122812E+001  0.41042953E+002
  0.49047087E-002  0.57115805E-001  0.10122826E+001  0.41042958E+002
  0.49047083E-002  0.57115854E-001  0.10122839E+001  0.41042963E+002
  0.49047078E-002  0.57115900E-001  0.10122852E+001  0.41042968E+002
  0.49047073E-002  0.57115944E-001  0.10122864E+001  0.41042973E+002
  0.49047068E-002  0.57115985E-001  0.10122876E+001  0.41042977E+002
  0.49047062E-002  0.57116024E-001  0.10122888E+001  0.41042982E+002
  0.49047056E-002  0.57116060E-001  0.10122899E+001  0.41042987E+002
  0.49047049E-002  0.57116094E-001  0.10122910E+001  0.41042991E+002
  0.49047043E-002  0.57116126E-001  0.10122920E+001  0.41042995E+002
  0.49047036E-002  0.57116156E-001  0.10122930E+001  0.41043000E+002
  0.49047029E-002  0.57116184E-001  0.10122940E+001  0.41043004E+002
  0.49047022E-002  0.57116211E-001  0.10122949E+001  0.41043008E+002
  0.49047014E-002  0.57116236E-001  0.10122958E+001  0.41043013E+002
  0.49047007E-002  0.57116260E-001  0.10122967E+001  0.41043017E+002
  0.49047000E-002  0.57116282E-001  0.10122975E+001  0.41043021E+002
  0.49046993E-002  0.57116303E-001  0.10122983E+001  0.41043025E+002
  0.49046985E-002  0.57116323E-001  0.10122990E+001  0.41043029E+002
  0.49046978E-002  0.57116342E-001  0.10122998E+001  0.41043033E+002
  0.49046971E-002  0.57116360E-001  0.10123005E+001  0.41043037E+002
  0.49046964E-002  0.57116377E-001  0.10123012E+001  0.41043042E+002
  0.49046958E-002  0.57116394E-001  0.10123018E+001  0.41043046E+002
  0.49046951E-002  0.57116410E-001  0.10123024E+001  0.41043050E+002
  0.49046945E-002  0.57116425E-001  0.10123030E+001  0.41043054E+002
  0.49046939E-002  0.57116439E-001  0.10123036E+001  0.41043058E+002
  0.49046933E-002  0.57116453E-001  0.10123041E+001  0.41043062E+002
  0.49046927E-002  0.57116466E-001  0.10123047E+001  0.41043066E+002
  0.49046921E-002  0.57116479E-001  0.10123052E+001  0.41043070E+002
  0.49046916E-002  0.57116491E-001  0.10123057E+001  0.41043074E+002
  0.49046911E-002  0.57116503E-001  0.10123061E+001  0.41043078E+002
  0.49046906E-002  0.57116515E-001  0.10123066E+001  0.41043082E+002
  0.49046901E-002  0.57116525E-001  0.10123070E+001  0.41043086E+002
  0.49046897E-002  0.57116536E-001  0.10123074E+001  0.41043090E+002
  0.49046893E-002  0.57116546E-001  0.10123078E+001  0.41043094E+002
  0.49046889E-002  0.57116556E-001  0.10123081E+001  0.41043099E+002
  0.49046885E-002  0.57116565E-001  0.10123085E+001  0.41043103E+002
  0.49046881E-002  0.57116575E-001  0.10123088E+001  0.41043107E+002
  0.49046878E-002  0.57116583E-001  0.10123092E+001  0.41043111E+002
  0.49046875E-002  0.57116592E-001  0.10123095E+001  0.41043116E+002
  0.49046872E-002  0.57116600E-001  0.10123098E+001  0.41043120E+002
  0.49046869E-002  0.57116607E-001  0.10123100E+001  0.41043124E+002
  0.49046866E-002  0.57116615E-001  0.10123103E+001  0.41043129E+002
  0.49046863E-002  0.57116622E-001  0.10123106E+001  0.41043133E+002
  0.49046861E-002  0.57116628E-001  0.10123108E+001  0.41043138E+002
  0.49046859E-002  0.57116635E-001  0.10123110E+001  0.41043142E+002
  0.49046856E-002  0.57116641E-001  0.10123113E+001  0.41043147E+002
  0.49046854E-002  0.57116647E-001  0.10123115E+001  0.41043151E+002
  0.49046852E-002  0.57116652E-001  0.10123117E+001  0.41043156E+002
  0.49046850E-002  0.57116657E-001  0.10123119E+001  0.41043161E+002
  0.49046849E-002  0.57116662E-001  0.10123120E+001  0.41043166E+002
  0.49046847E-002  0.57116667E-001  0.10123122E+001  0.41043171E+002
  0.49046845E-002  0.57116671E-001  0.10123124E+001  0.41043175E+002
  0.49046844E-002  0.57116675E-001  0.10123125E+001  0.41043180E+002
  0.49046842E-002  0.57116679E-001  0.10123127E+001  0.41043185E+002
  0.49046841E-002  0.57116682E-001  0.10123128E+001  0.41043190E+002
  0.49046840E-002  0.57116686E-001  0.10123129E+001  0.41043196E+002
  0.49046838E-002  0.57116689E-001  0.10123131E+001  0.41043201E+002
  0.49046837E-002  0.57116692E-001  0.10123132E+001  0.41043206E+002
  0.49046836E-002  0.57116694E-001  0.10123133E+001  0.41043211E+002
  0.49046835E-002  0.57116697E-001  0.10123134E+001  0.41043216E+002
  0.49046834E-002  0.57116699E-001  0.10123135E+001  0.41043222E+002
  0.49046833E-002  0.57116701E-001  0.10123136E+001  0.41043227E+002
  0.49046832E-002  0.57116703E-001  0.10123137E+001  0.41043232E+002
  0.49046831E-002  0.57116704E-001  0.10123137E+001  0.41043238E+002
  0.49046831E-002  0.57116706E-001  0.10123138E+001  0.41043243E+002
  0.49046830E-002  0.57116707E-001  0.10123139E+001  0.41043249E+002
  0.49046829E-002  0.57116708E-001  0.10123139E+001  0.41043254E+002
  0.49046828E-002  0.57116709E-001  0.10123140E+001  0.41043260E+002
  0.49046828E-002  0.57116710E-001  0.10123141E+001  0.41043265E+002
  0.49046827E-002  0.57116711E-001  0.10123141E+001  0.41043271E+002
  0.49046827E-002  0.57116711E-001  0.10123142E+001  0.41043277E+002
  0.49046826E-002  0.57116712E-001  0.10123142E+001  0.41043282E+002
  0.49046825E-002  0.57116712E-001  0.10123142E+001  0.41043288E+002
  0.49046825E-002  0.57116712E-001  0.10123143E+001  0.41043293E+002
  0.49046824E-002  0.57116713E-001  0.10123143E+001  0.41043299E+002
  0.49046824E-002  0.57116713E-001  0.10123144E+001  0.41043305E+002
  0.49046823E-002  0.57116713E-001  0.10123144E+001  0.41043310E+002
  0.49046823E-002  0.57116713E-001  0.10123144E+001  0.41043316E+002
  0.49046823E-002  0.57116712E-001  0.10123144E+001  0.41043321E+002
  0.49046822E-002  0.57116712E-001  0.10123145E+001  0.41043327E+002
  0.49046822E-002  0.57116712E-001  0.10123145E+001  0.41043332E+002
  0.49046822E-002  0.57116711E-001  0.10123145E+001  0.41043338E+002
  0.49046821E-002  0.57116711E-001  0.10123145E+001  0.41043343E+002
  0.49046821E-002  0.57116711E-001  0.10123145E+001  0.41043349E+002
  0.49046821E-002  0.57116710E-001  0.10123145E+001  0.41043354E+002
  0.49046820E-002  0.57116709E-001  0.10123145E+001  0.41043360E+002
  0.49046820E-002  0.57116709E-001  0.10123146E+001  0.41043365E+002
  0.49046820E-002  0.57116708E-001  0.10123146E+001  0.41043370E+002
  0.49046819E-002  0.57116707E-001  0.10123146E+001  0.41043376E+002
  0.49046819E-002  0.57116706E-001  0.10123146E+001  0.41043381E+002
  0.49046819E-002  0.57116705E-001  0.10123146E+001  0.41043386E+002
  0.49046819E-002  0.57116704E-001  0.10123146E+001  0.41043391E+002
  0.49046818E-002  0.57116703E-001  0.10123146E+001  0.41043396E+002
  0.49046818E-002  0.57116702E-001  0.10123146E+001  0.41043401E+002
  0.49046818E-002  0.57116701E-001  0.10123146E+001  0.41043406E+002
  0.49046818E-002  0.57116699E-001  0.10123146E+001  0.41043411E+002
  0.49046818E-002  0.57116698E-001  0.10123145E+001  0.41043416E+002
  0.49046818E-002  0.57116697E-001  0.10123145E+001  0.41043420E+002
  0.49046818E-002  0.57116695E-001  0.10123145E+001  0.41043425E+002
  0.49046818E-002  0.57116694E-001  0.10123145E+001  0.41043429E+002
  0.49046819E-002  0.57116692E-001  0.10123145E+001  0.41043434E+002
  0.49046820E-002  0.57116690E-001  0.10123145E+001  0.41043438E+002
  0.49046822E-002  0.57116689E-001  0.10123145E+001  0.41043443E+002
  0.49046824E-002  0.57116688E-001  0.10123145E+001  0.41043447E+002
