  0.66115807E-001
  0.66158016E-001
  0.66161233E-001
  0.66155269E-001
  0.66151533E-001
  0.66148387E-001
  0.66145646E-001
  0.66143258E-001
  0.66141185E-001
  0.66139388E-001
  0.66137832E-001
  0.66136485E-001
  0.66135319E-001
  0.66134308E-001
  0.66133429E-001
  0.66132660E-001
  0.66131978E-001
  0.66131355E-001
  0.66130735E-001
  0.66130376E-001
  0.66130103E-001
  0.66129881E-001
  0.66129698E-001
  0.66129546E-001
  0.66129422E-001
  0.66129320E-001
  0.66129237E-001
  0.66129171E-001
  0.66129119E-001
  0.66129078E-001
  0.66129048E-001
  0.66129026E-001
  0.66129011E-001
  0.66129002E-001
  0.66128998E-001
  0.66128998E-001
  0.66129002E-001
  0.66129009E-001
  0.66129018E-001
  0.66129030E-001
  0.66129043E-001
  0.66129058E-001
  0.66129074E-001
  0.66129091E-001
  0.66129109E-001
  0.66129127E-001
  0.66129147E-001
  0.66129166E-001
  0.66129187E-001
  0.66129208E-001
  0.66129229E-001
  0.66129251E-001
  0.66129272E-001
  0.66129294E-001
  0.66129317E-001
  0.66129339E-001
  0.66129362E-001
  0.66129385E-001
  0.66129407E-001
  0.66129430E-001
  0.66129453E-001
  0.66129476E-001
  0.66129499E-001
  0.66129522E-001
  0.66129545E-001
  0.66129568E-001
  0.66129590E-001
  0.66129613E-001
  0.66129635E-001
  0.66129657E-001
  0.66129679E-001
  0.66129701E-001
  0.66129723E-001
  0.66129744E-001
  0.66129765E-001
  0.66129786E-001
  0.66129807E-001
  0.66129827E-001
  0.66129848E-001
  0.66129868E-001
  0.66129887E-001
  0.66129906E-001
  0.66129925E-001
  0.66129944E-001
  0.66129962E-001
  0.66129980E-001
  0.66129998E-001
  0.66130015E-001
  0.66130032E-001
  0.66130048E-001
  0.66130064E-001
  0.66130080E-001
  0.66130096E-001
  0.66130111E-001
  0.66130125E-001
  0.66130139E-001
  0.66130153E-001
  0.66130167E-001
  0.66130180E-001
  0.66130193E-001
  0.66130205E-001
  0.66130217E-001
  0.66130229E-001
  0.66130241E-001
  0.66130252E-001
  0.66130263E-001
  0.66130273E-001
  0.66130284E-001
  0.66130294E-001
  0.66130304E-001
  0.66130313E-001
  0.66130322E-001
  0.66130332E-001
  0.66130341E-001
  0.66130349E-001
  0.66130358E-001
  0.66130366E-001
  0.66130375E-001
  0.66130383E-001
  0.66130391E-001
  0.66130399E-001
  0.66130407E-001
  0.66130414E-001
  0.66130422E-001
  0.66130429E-001
  0.66130437E-001
  0.66130444E-001
  0.66130452E-001
  0.66130459E-001
  0.66130466E-001
  0.66130473E-001
  0.66130481E-001
  0.66130488E-001
  0.66130495E-001
  0.66130502E-001
  0.66130509E-001
  0.66130516E-001
  0.66130524E-001
  0.66130531E-001
  0.66130538E-001
  0.66130545E-001
  0.66130552E-001
  0.66130560E-001
  0.66130567E-001
  0.66130574E-001
  0.66130582E-001
  0.66130589E-001
  0.66130597E-001
  0.66130604E-001
  0.66130612E-001
  0.66130620E-001
  0.66130627E-001
  0.66130635E-001
  0.66130643E-001
  0.66130651E-001
  0.66130659E-001
  0.66130667E-001
  0.66130675E-001
  0.66130683E-001
  0.66130692E-001
  0.66130700E-001
  0.66130708E-001
  0.66130717E-001
  0.66130725E-001
  0.66130733E-001
  0.66130742E-001
  0.66130750E-001
  0.66130759E-001
  0.66130768E-001
  0.66130776E-001
  0.66130785E-001
  0.66130793E-001
  0.66130802E-001
  0.66130811E-001
  0.66130819E-001
  0.66130828E-001
  0.66130837E-001
  0.66130845E-001
  0.66130854E-001
  0.66130862E-001
  0.66130871E-001
  0.66130879E-001
  0.66130888E-001
  0.66130896E-001
  0.66130905E-001
  0.66130913E-001
  0.66130921E-001
  0.66130929E-001
  0.66130937E-001
  0.66130945E-001
  0.66130953E-001
  0.66130961E-001
  0.66130969E-001
  0.66130976E-001
  0.66130984E-001
  0.66130991E-001
  0.66130998E-001
  0.66131005E-001
  0.66131012E-001
  0.66131020E-001
