  0.42099906E+000
  0.42126628E+000
  0.42116781E+000
  0.42105378E+000
  0.42099967E+000
  0.42095785E+000
  0.42092614E+000
  0.42090262E+000
  0.42088572E+000
  0.42087411E+000
  0.42086673E+000
  0.42086269E+000
  0.42086127E+000
  0.42086188E+000
  0.42086404E+000
  0.42086735E+000
  0.42087149E+000
  0.42087618E+000
  0.42088118E+000
  0.42088608E+000
  0.42089373E+000
  0.42090104E+000
  0.42090801E+000
  0.42091467E+000
  0.42092100E+000
  0.42092702E+000
  0.42093273E+000
  0.42093814E+000
  0.42094325E+000
  0.42094807E+000
  0.42095261E+000
  0.42095687E+000
  0.42096086E+000
  0.42096458E+000
  0.42096804E+000
  0.42097125E+000
  0.42097422E+000
  0.42097696E+000
  0.42097947E+000
  0.42098176E+000
  0.42098384E+000
  0.42098573E+000
  0.42098743E+000
  0.42098896E+000
  0.42099032E+000
  0.42099153E+000
  0.42099260E+000
  0.42099355E+000
  0.42099437E+000
  0.42099509E+000
  0.42099572E+000
  0.42099626E+000
  0.42099673E+000
  0.42099713E+000
  0.42099748E+000
  0.42099777E+000
  0.42099803E+000
  0.42099825E+000
  0.42099844E+000
  0.42099860E+000
  0.42099875E+000
  0.42099887E+000
  0.42099898E+000
  0.42099909E+000
  0.42099918E+000
  0.42099926E+000
  0.42099934E+000
  0.42099941E+000
  0.42099948E+000
  0.42099954E+000
  0.42099960E+000
  0.42099965E+000
  0.42099970E+000
  0.42099975E+000
  0.42099979E+000
  0.42099983E+000
  0.42099987E+000
  0.42099990E+000
  0.42099993E+000
  0.42099996E+000
  0.42099999E+000
  0.42100001E+000
  0.42100002E+000
  0.42100004E+000
  0.42100005E+000
  0.42100006E+000
  0.42100006E+000
  0.42100007E+000
  0.42100006E+000
  0.42100006E+000
  0.42100006E+000
  0.42100005E+000
  0.42100004E+000
  0.42100003E+000
  0.42100001E+000
  0.42100000E+000
  0.42099998E+000
  0.42099996E+000
  0.42099994E+000
  0.42099992E+000
  0.42099990E+000
  0.42099988E+000
  0.42099986E+000
  0.42099984E+000
  0.42099981E+000
  0.42099979E+000
  0.42099977E+000
  0.42099975E+000
  0.42099972E+000
  0.42099970E+000
  0.42099968E+000
  0.42099966E+000
  0.42099964E+000
  0.42099962E+000
  0.42099960E+000
  0.42099958E+000
  0.42099956E+000
  0.42099954E+000
  0.42099952E+000
  0.42099951E+000
  0.42099949E+000
  0.42099948E+000
  0.42099946E+000
  0.42099945E+000
  0.42099943E+000
  0.42099942E+000
  0.42099941E+000
  0.42099939E+000
  0.42099938E+000
  0.42099937E+000
  0.42099936E+000
  0.42099935E+000
  0.42099934E+000
  0.42099933E+000
  0.42099932E+000
  0.42099931E+000
  0.42099930E+000
  0.42099929E+000
  0.42099928E+000
  0.42099928E+000
  0.42099927E+000
  0.42099926E+000
  0.42099925E+000
  0.42099925E+000
  0.42099924E+000
  0.42099923E+000
  0.42099923E+000
  0.42099922E+000
  0.42099921E+000
  0.42099921E+000
  0.42099920E+000
  0.42099920E+000
  0.42099919E+000
  0.42099919E+000
  0.42099918E+000
  0.42099918E+000
  0.42099917E+000
  0.42099917E+000
  0.42099916E+000
  0.42099916E+000
  0.42099915E+000
  0.42099915E+000
  0.42099915E+000
  0.42099914E+000
  0.42099914E+000
  0.42099913E+000
  0.42099913E+000
  0.42099913E+000
  0.42099912E+000
  0.42099912E+000
  0.42099912E+000
  0.42099911E+000
  0.42099911E+000
  0.42099911E+000
  0.42099911E+000
  0.42099910E+000
  0.42099910E+000
  0.42099910E+000
  0.42099910E+000
  0.42099909E+000
  0.42099909E+000
  0.42099909E+000
  0.42099909E+000
  0.42099909E+000
  0.42099908E+000
  0.42099908E+000
  0.42099908E+000
  0.42099908E+000
  0.42099908E+000
  0.42099907E+000
  0.42099907E+000
  0.42099907E+000
  0.42099907E+000
  0.42099907E+000
  0.42099906E+000
  0.42099906E+000
  0.42099905E+000
  0.42099905E+000
  0.42099904E+000
  0.42099904E+000
