  0.63173501E+000  0.11174267E+000  0.16097368E+000  0.77954496E+000
  0.63106127E+000  0.11315471E+000  0.16131033E+000  0.77953890E+000
  0.63086639E+000  0.11311906E+000  0.16121022E+000  0.77947565E+000
  0.63062159E+000  0.11308040E+000  0.16108077E+000  0.77943245E+000
  0.63050433E+000  0.11305622E+000  0.16102734E+000  0.77941088E+000
  0.63041141E+000  0.11304160E+000  0.16098170E+000  0.77939679E+000
  0.63033821E+000  0.11303065E+000  0.16094728E+000  0.77938851E+000
  0.63028120E+000  0.11302274E+000  0.16092198E+000  0.77938466E+000
  0.63023754E+000  0.11300198E+000  0.16091929E+000  0.77938416E+000
  0.63020484E+000  0.11299845E+000  0.16090712E+000  0.77938613E+000
  0.63018113E+000  0.11299648E+000  0.16089949E+000  0.77938991E+000
  0.63016478E+000  0.11299573E+000  0.16089537E+000  0.77939497E+000
  0.63015444E+000  0.11299593E+000  0.16089389E+000  0.77940091E+000
  0.63014899E+000  0.11299684E+000  0.16133545E+000  0.77896633E+000
  0.63014748E+000  0.11299829E+000  0.16133735E+000  0.77897313E+000
  0.63014912E+000  0.11300013E+000  0.16134020E+000  0.77898005E+000
  0.63015326E+000  0.11300222E+000  0.16134363E+000  0.77898694E+000
  0.63015932E+000  0.11300446E+000  0.16134733E+000  0.77899368E+000
  0.63016684E+000  0.11300677E+000  0.16135106E+000  0.77900015E+000
  0.63017496E+000  0.11300901E+000  0.16135433E+000  0.77900613E+000
  0.63018971E+000  0.11301207E+000  0.16136064E+000  0.77901258E+000
  0.63020423E+000  0.11301498E+000  0.16136633E+000  0.77901870E+000
  0.63021846E+000  0.11301772E+000  0.16137145E+000  0.77902452E+000
  0.63023233E+000  0.11302032E+000  0.16137606E+000  0.77903005E+000
  0.63024581E+000  0.11302277E+000  0.16138023E+000  0.77903529E+000
  0.63025884E+000  0.11302508E+000  0.16138399E+000  0.77904026E+000
  0.63027140E+000  0.11302725E+000  0.16138739E+000  0.77904498E+000
  0.63028344E+000  0.11302930E+000  0.16139048E+000  0.77904944E+000
  0.63029495E+000  0.11303121E+000  0.16139329E+000  0.77905365E+000
  0.63030591E+000  0.11303301E+000  0.16139584E+000  0.77905763E+000
  0.63031631E+000  0.11303469E+000  0.16139817E+000  0.77906137E+000
  0.63032613E+000  0.11303626E+000  0.16140029E+000  0.77906489E+000
  0.63033537E+000  0.11303772E+000  0.16140223E+000  0.77906819E+000
  0.63034403E+000  0.11303908E+000  0.16140401E+000  0.77907128E+000
  0.63035212E+000  0.11304035E+000  0.16140563E+000  0.77907416E+000
  0.63035963E+000  0.11304151E+000  0.16140712E+000  0.77907685E+000
  0.63036658E+000  0.11304259E+000  0.16140848E+000  0.77907934E+000
  0.63037298E+000  0.11304358E+000  0.16140972E+000  0.77908164E+000
  0.63037885E+000  0.11304449E+000  0.16141085E+000  0.77908376E+000
  0.63038421E+000  0.11304532E+000  0.16141188E+000  0.77908572E+000
  0.63038907E+000  0.11304607E+000  0.16141281E+000  0.77908750E+000
  0.63039346E+000  0.11304675E+000  0.16141366E+000  0.77908914E+000
  0.63039741E+000  0.11304736E+000  0.16141443E+000  0.77909062E+000
  0.63040093E+000  0.11304791E+000  0.16141512E+000  0.77909197E+000
  0.63040407E+000  0.11304839E+000  0.16141573E+000  0.77909318E+000
  0.63040684E+000  0.11304882E+000  0.16141629E+000  0.77909427E+000
  0.63040928E+000  0.11304920E+000  0.16141678E+000  0.77909525E+000
  0.63041141E+000  0.11304953E+000  0.16141722E+000  0.77909613E+000
  0.63041326E+000  0.11304981E+000  0.16141761E+000  0.77909691E+000
  0.63041487E+000  0.11305005E+000  0.16141796E+000  0.77909760E+000
  0.63041624E+000  0.11305026E+000  0.16141826E+000  0.77909821E+000
  0.63041743E+000  0.11305043E+000  0.16141853E+000  0.77909876E+000
  0.63041843E+000  0.11305057E+000  0.16141877E+000  0.77909924E+000
  0.63041929E+000  0.11305069E+000  0.16141898E+000  0.77909966E+000
  0.63042001E+000  0.11305078E+000  0.16141917E+000  0.77910004E+000
  0.63042063E+000  0.11305085E+000  0.16141934E+000  0.77910038E+000
  0.63042114E+000  0.11305091E+000  0.16141949E+000  0.77910067E+000
  0.63042158E+000  0.11305095E+000  0.16141962E+000  0.77910094E+000
  0.63042194E+000  0.11305098E+000  0.16141975E+000  0.77910118E+000
  0.63042225E+000  0.11305100E+000  0.16141986E+000  0.77910140E+000
  0.63042251E+000  0.11305101E+000  0.16141996E+000  0.77910160E+000
  0.63042273E+000  0.11305101E+000  0.16142006E+000  0.77910178E+000
  0.63042292E+000  0.11305101E+000  0.16142015E+000  0.77910196E+000
  0.63042308E+000  0.11305101E+000  0.16142023E+000  0.77910212E+000
  0.63042322E+000  0.11305100E+000  0.16142031E+000  0.77910227E+000
  0.63042334E+000  0.11305099E+000  0.16142039E+000  0.77910241E+000
  0.63042345E+000  0.11305098E+000  0.16142047E+000  0.77910255E+000
  0.63042354E+000  0.11305097E+000  0.16142054E+000  0.77910268E+000
  0.63042362E+000  0.11305096E+000  0.16142061E+000  0.77910281E+000
  0.63042370E+000  0.11305094E+000  0.16142067E+000  0.77910293E+000
  0.63042376E+000  0.11305093E+000  0.16142074E+000  0.77910305E+000
  0.63042381E+000  0.11305092E+000  0.16142080E+000  0.77910317E+000
  0.63042386E+000  0.11305090E+000  0.16142086E+000  0.77910328E+000
  0.63042390E+000  0.11305089E+000  0.16142092E+000  0.77910338E+000
  0.63042393E+000  0.11305088E+000  0.16097980E+000  0.77954466E+000
  0.63042395E+000  0.11305087E+000  0.16097985E+000  0.77954476E+000
  0.63042397E+000  0.11305085E+000  0.16097990E+000  0.77954485E+000
  0.63042398E+000  0.11305084E+000  0.16097994E+000  0.77954494E+000
  0.63042399E+000  0.11305083E+000  0.16097999E+000  0.77954503E+000
  0.63042399E+000  0.11305082E+000  0.16098003E+000  0.77954511E+000
  0.63042399E+000  0.11305081E+000  0.16098006E+000  0.77954518E+000
  0.63042398E+000  0.11305080E+000  0.16098010E+000  0.77954525E+000
  0.63042396E+000  0.11305078E+000  0.16098013E+000  0.77954532E+000
  0.63042394E+000  0.11305077E+000  0.16098016E+000  0.77954538E+000
  0.63042391E+000  0.11305076E+000  0.16098019E+000  0.77954544E+000
  0.63042388E+000  0.11305075E+000  0.16098021E+000  0.77954549E+000
  0.63042384E+000  0.11305074E+000  0.16098024E+000  0.77954553E+000
  0.63042380E+000  0.11305073E+000  0.16098026E+000  0.77954558E+000
  0.63042375E+000  0.11305071E+000  0.16098027E+000  0.77954561E+000
  0.63042371E+000  0.11305070E+000  0.16098029E+000  0.77954565E+000
  0.63042365E+000  0.11305069E+000  0.16098030E+000  0.77954568E+000
  0.63042360E+000  0.11305068E+000  0.16098032E+000  0.77954570E+000
  0.63042354E+000  0.11305066E+000  0.16098033E+000  0.77954572E+000
  0.63042348E+000  0.11305065E+000  0.16098034E+000  0.77954574E+000
  0.63042341E+000  0.11305064E+000  0.16098034E+000  0.77954575E+000
  0.63042335E+000  0.11305062E+000  0.16098035E+000  0.77954576E+000
  0.63042328E+000  0.11305061E+000  0.16098036E+000  0.77954577E+000
  0.63042321E+000  0.11305060E+000  0.16098036E+000  0.77954577E+000
  0.63042314E+000  0.11305058E+000  0.16098037E+000  0.77954577E+000
  0.63042308E+000  0.11305057E+000  0.16098037E+000  0.77954577E+000
  0.63042301E+000  0.11305056E+000  0.16098037E+000  0.77954577E+000
  0.63042294E+000  0.11305054E+000  0.16098037E+000  0.77954576E+000
  0.63042287E+000  0.11305053E+000  0.16098038E+000  0.77954575E+000
  0.63042280E+000  0.11305052E+000  0.16098038E+000  0.77954574E+000
  0.63042273E+000  0.11305051E+000  0.16098038E+000  0.77954573E+000
  0.63042267E+000  0.11305049E+000  0.16098038E+000  0.77954572E+000
  0.63042260E+000  0.11305048E+000  0.16098038E+000  0.77954571E+000
  0.63042254E+000  0.11305047E+000  0.16098038E+000  0.77954569E+000
  0.63042247E+000  0.11305046E+000  0.16098038E+000  0.77954568E+000
  0.63042241E+000  0.11305045E+000  0.16098038E+000  0.77954566E+000
  0.63042235E+000  0.11305043E+000  0.16098038E+000  0.77954565E+000
  0.63042229E+000  0.11305042E+000  0.16098038E+000  0.77954563E+000
  0.63042224E+000  0.11305041E+000  0.16098038E+000  0.77954561E+000
  0.63042219E+000  0.11305040E+000  0.16098038E+000  0.77954560E+000
  0.63042213E+000  0.11305039E+000  0.16098038E+000  0.77954558E+000
  0.63042208E+000  0.11305038E+000  0.16098038E+000  0.77954556E+000
  0.63042204E+000  0.11305037E+000  0.16098038E+000  0.77954555E+000
  0.63042199E+000  0.11305037E+000  0.16098038E+000  0.77954553E+000
  0.63042195E+000  0.11305036E+000  0.16098038E+000  0.77954551E+000
  0.63042190E+000  0.11305035E+000  0.16098038E+000  0.77954550E+000
  0.63042186E+000  0.11305034E+000  0.16098038E+000  0.77954548E+000
  0.63042182E+000  0.11305033E+000  0.16098038E+000  0.77954547E+000
  0.63042179E+000  0.11305032E+000  0.16098038E+000  0.77954545E+000
  0.63042175E+000  0.11305032E+000  0.16098038E+000  0.77954544E+000
  0.63042172E+000  0.11305031E+000  0.16098037E+000  0.77954542E+000
  0.63042169E+000  0.11305030E+000  0.16098037E+000  0.77954541E+000
  0.63042166E+000  0.11305030E+000  0.16098037E+000  0.77954540E+000
  0.63042163E+000  0.11305029E+000  0.16098037E+000  0.77954538E+000
  0.63042160E+000  0.11305028E+000  0.16098037E+000  0.77954537E+000
  0.63042158E+000  0.11305028E+000  0.16098037E+000  0.77954536E+000
  0.63042155E+000  0.11305027E+000  0.16098037E+000  0.77954534E+000
  0.63042153E+000  0.11305027E+000  0.16098037E+000  0.77954533E+000
  0.63042150E+000  0.11305026E+000  0.16098037E+000  0.77954532E+000
  0.63042148E+000  0.11305025E+000  0.16098036E+000  0.77954531E+000
  0.63042146E+000  0.11305025E+000  0.16098036E+000  0.77954530E+000
  0.63042144E+000  0.11305024E+000  0.16098036E+000  0.77954529E+000
  0.63042143E+000  0.11305024E+000  0.16098036E+000  0.77954527E+000
  0.63042141E+000  0.11305023E+000  0.16098036E+000  0.77954526E+000
  0.63042139E+000  0.11305023E+000  0.16098036E+000  0.77954525E+000
  0.63042138E+000  0.11305023E+000  0.16098035E+000  0.77954524E+000
  0.63042136E+000  0.11305022E+000  0.16098035E+000  0.77954523E+000
  0.63042135E+000  0.11305022E+000  0.16098035E+000  0.77954522E+000
  0.63042133E+000  0.11305021E+000  0.16098035E+000  0.77954522E+000
  0.63042132E+000  0.11305021E+000  0.16098035E+000  0.77954521E+000
  0.63042131E+000  0.11305020E+000  0.16098034E+000  0.77954520E+000
  0.63042129E+000  0.11305020E+000  0.16098034E+000  0.77954519E+000
  0.63042128E+000  0.11305020E+000  0.16098034E+000  0.77954518E+000
  0.63042127E+000  0.11305019E+000  0.16098034E+000  0.77954517E+000
  0.63042126E+000  0.11305019E+000  0.16098034E+000  0.77954516E+000
  0.63042125E+000  0.11305019E+000  0.16098033E+000  0.77954516E+000
  0.63042124E+000  0.11305018E+000  0.16098033E+000  0.77954515E+000
  0.63042123E+000  0.11305018E+000  0.16098033E+000  0.77954514E+000
  0.63042122E+000  0.11305018E+000  0.16098033E+000  0.77954513E+000
  0.63042121E+000  0.11305018E+000  0.16098033E+000  0.77954513E+000
  0.63042121E+000  0.11305017E+000  0.16098032E+000  0.77954512E+000
  0.63042120E+000  0.11305017E+000  0.16098032E+000  0.77954511E+000
  0.63042119E+000  0.11305017E+000  0.16098032E+000  0.77954510E+000
  0.63042118E+000  0.11305016E+000  0.16098032E+000  0.77954510E+000
  0.63042118E+000  0.11305016E+000  0.16098032E+000  0.77954509E+000
  0.63042117E+000  0.11305016E+000  0.16098031E+000  0.77954509E+000
  0.63042116E+000  0.11305016E+000  0.16098031E+000  0.77954508E+000
  0.63042116E+000  0.11305016E+000  0.16098031E+000  0.77954507E+000
  0.63042115E+000  0.11305015E+000  0.16098031E+000  0.77954507E+000
  0.63042114E+000  0.11305015E+000  0.16098031E+000  0.77954506E+000
  0.63042114E+000  0.11305015E+000  0.16098030E+000  0.77954506E+000
  0.63042113E+000  0.11305015E+000  0.16098030E+000  0.77954505E+000
  0.63042113E+000  0.11305015E+000  0.16098030E+000  0.77954505E+000
  0.63042112E+000  0.11305014E+000  0.16098030E+000  0.77954504E+000
  0.63042112E+000  0.11305014E+000  0.16098030E+000  0.77954504E+000
  0.63042111E+000  0.11305014E+000  0.16098030E+000  0.77954503E+000
  0.63042111E+000  0.11305014E+000  0.16098029E+000  0.77954503E+000
  0.63042110E+000  0.11305014E+000  0.16098029E+000  0.77954502E+000
  0.63042110E+000  0.11305014E+000  0.16098029E+000  0.77954502E+000
  0.63042109E+000  0.11305014E+000  0.16098029E+000  0.77954501E+000
  0.63042109E+000  0.11305013E+000  0.16098029E+000  0.77954501E+000
  0.63042109E+000  0.11305013E+000  0.16098029E+000  0.77954501E+000
  0.63042108E+000  0.11305013E+000  0.16098028E+000  0.77954500E+000
  0.63042108E+000  0.11305013E+000  0.16098028E+000  0.77954500E+000
  0.63042107E+000  0.11305013E+000  0.16098028E+000  0.77954500E+000
  0.63042107E+000  0.11305013E+000  0.16098028E+000  0.77954499E+000
  0.63042107E+000  0.11305013E+000  0.16098028E+000  0.77954499E+000
  0.63042106E+000  0.11305013E+000  0.16098028E+000  0.77954499E+000
  0.63042106E+000  0.11305012E+000  0.16098028E+000  0.77954498E+000
  0.63042106E+000  0.11305012E+000  0.16098028E+000  0.77954498E+000
  0.63042106E+000  0.11305012E+000  0.16098027E+000  0.77954498E+000
  0.63042105E+000  0.11305012E+000  0.16098027E+000  0.77954498E+000
  0.63042105E+000  0.11305012E+000  0.16098027E+000  0.77954497E+000
  0.63042105E+000  0.11305012E+000  0.16098027E+000  0.77954497E+000
  0.63042104E+000  0.11305012E+000  0.16098027E+000  0.77954497E+000
  0.63042104E+000  0.11305012E+000  0.16098027E+000  0.77954497E+000
  0.63042104E+000  0.11305012E+000  0.16098027E+000  0.77954496E+000
  0.63042103E+000  0.11305012E+000  0.16098027E+000  0.77954496E+000
  0.63042103E+000  0.11305011E+000  0.16098026E+000  0.77954496E+000
  0.63042103E+000  0.11305011E+000  0.16098026E+000  0.77954495E+000
  0.63042102E+000  0.11305011E+000  0.16098026E+000  0.77954495E+000
  0.63042101E+000  0.11305011E+000  0.16098026E+000  0.77954494E+000
  0.63042100E+000  0.11305011E+000  0.16098026E+000  0.77954494E+000
  0.63042099E+000  0.11305011E+000  0.16098025E+000  0.77954493E+000
  0.63042098E+000  0.11305011E+000  0.16098025E+000  0.77954492E+000
  0.63042096E+000  0.11305010E+000  0.16098025E+000  0.77954493E+000
