 -0.51982404E-001  0.47365254E-002  0.44192679E+000  0.12893155E+001
 -0.50990434E-001  0.47871073E-002  0.44204050E+000  0.12892281E+001
 -0.51184295E-001  0.47719618E-002  0.44195604E+000  0.12891277E+001
 -0.51481625E-001  0.47544897E-002  0.44187811E+000  0.12890643E+001
 -0.51608770E-001  0.47470468E-002  0.44183714E+000  0.12890234E+001
 -0.51710387E-001  0.47413536E-002  0.44180634E+000  0.12889943E+001
 -0.51790959E-001  0.47370679E-002  0.44178397E+000  0.12889746E+001
 -0.51854358E-001  0.47338914E-002  0.44176846E+000  0.12889627E+001
 -0.51903836E-001  0.47315848E-002  0.44175847E+000  0.12889568E+001
 -0.51942085E-001  0.47299581E-002  0.44175290E+000  0.12889558E+001
 -0.51971324E-001  0.47288611E-002  0.44175083E+000  0.12889587E+001
 -0.51993370E-001  0.47281715E-002  0.44175149E+000  0.12889646E+001
 -0.52009717E-001  0.47277961E-002  0.44175428E+000  0.12889729E+001
 -0.52021585E-001  0.47276573E-002  0.44175868E+000  0.12889829E+001
 -0.52029974E-001  0.47276948E-002  0.44176428E+000  0.12889943E+001
 -0.52035706E-001  0.47278601E-002  0.44177074E+000  0.12890067E+001
 -0.52039458E-001  0.47281134E-002  0.44177777E+000  0.12890197E+001
 -0.52041794E-001  0.47284213E-002  0.44178516E+000  0.12890331E+001
 -0.52043188E-001  0.47287546E-002  0.44179271E+000  0.12890466E+001
 -0.52044672E-001  0.47290496E-002  0.44180012E+000  0.12890600E+001
 -0.52037584E-001  0.47298065E-002  0.44180899E+000  0.12890739E+001
 -0.52031296E-001  0.47304919E-002  0.44181753E+000  0.12890876E+001
 -0.52025718E-001  0.47311135E-002  0.44182574E+000  0.12891011E+001
 -0.52020771E-001  0.47316779E-002  0.44183360E+000  0.12891143E+001
 -0.52016382E-001  0.47321905E-002  0.44184112E+000  0.12891272E+001
 -0.52012490E-001  0.47326565E-002  0.44184829E+000  0.12891398E+001
 -0.52009037E-001  0.47330801E-002  0.44185511E+000  0.12891519E+001
 -0.52005973E-001  0.47334653E-002  0.44186158E+000  0.12891636E+001
 -0.52003255E-001  0.47338156E-002  0.44186771E+000  0.12891749E+001
 -0.52000843E-001  0.47341341E-002  0.44187349E+000  0.12891857E+001
 -0.51998701E-001  0.47344235E-002  0.44187894E+000  0.12891959E+001
 -0.51996800E-001  0.47346864E-002  0.44188406E+000  0.12892057E+001
 -0.51995112E-001  0.47349249E-002  0.44188885E+000  0.12892149E+001
 -0.51993612E-001  0.47351411E-002  0.44189332E+000  0.12892236E+001
 -0.51992280E-001  0.47353367E-002  0.44189748E+000  0.12892318E+001
 -0.51991097E-001  0.47355133E-002  0.44190133E+000  0.12892394E+001
 -0.51990046E-001  0.47356723E-002  0.44190488E+000  0.12892465E+001
 -0.51989112E-001  0.47358151E-002  0.44190815E+000  0.12892531E+001
 -0.51988282E-001  0.47359429E-002  0.44191113E+000  0.12892592E+001
 -0.51987545E-001  0.47360568E-002  0.44191385E+000  0.12892648E+001
 -0.51986891E-001  0.47361578E-002  0.44191630E+000  0.12892700E+001
 -0.51986310E-001  0.47362469E-002  0.44191851E+000  0.12892746E+001
 -0.51985795E-001  0.47363251E-002  0.44192049E+000  0.12892789E+001
 -0.51985339E-001  0.47363932E-002  0.44192225E+000  0.12892827E+001
 -0.51984935E-001  0.47364520E-002  0.44192380E+000  0.12892861E+001
 -0.51984577E-001  0.47365025E-002  0.44192515E+000  0.12892892E+001
 -0.51984261E-001  0.47365453E-002  0.44192633E+000  0.12892920E+001
 -0.51983983E-001  0.47365812E-002  0.44192734E+000  0.12892944E+001
 -0.51983738E-001  0.47366109E-002  0.44192820E+000  0.12892966E+001
 -0.51983523E-001  0.47366352E-002  0.44192893E+000  0.12892985E+001
 -0.51983334E-001  0.47366547E-002  0.44192954E+000  0.12893002E+001
 -0.51983169E-001  0.47366699E-002  0.44193004E+000  0.12893017E+001
 -0.51983026E-001  0.47366815E-002  0.44193044E+000  0.12893030E+001
 -0.51982901E-001  0.47366900E-002  0.44193076E+000  0.12893041E+001
 -0.51982793E-001  0.47366958E-002  0.44193101E+000  0.12893052E+001
 -0.51982700E-001  0.47366994E-002  0.44193120E+000  0.12893061E+001
 -0.51982620E-001  0.47367011E-002  0.44193134E+000  0.12893069E+001
 -0.51982552E-001  0.47367014E-002  0.44193143E+000  0.12893076E+001
 -0.51982495E-001  0.47367003E-002  0.44193149E+000  0.12893082E+001
 -0.51982446E-001  0.47366983E-002  0.44193152E+000  0.12893088E+001
 -0.51982405E-001  0.47366955E-002  0.44193152E+000  0.12893093E+001
 -0.51982372E-001  0.47366921E-002  0.44193151E+000  0.12893098E+001
 -0.51982344E-001  0.47366882E-002  0.44193148E+000  0.12893103E+001
 -0.51982322E-001  0.47366840E-002  0.44193144E+000  0.12893107E+001
 -0.51982304E-001  0.47366794E-002  0.44193139E+000  0.12893111E+001
 -0.51982290E-001  0.47366747E-002  0.44193133E+000  0.12893115E+001
 -0.51982280E-001  0.47366698E-002  0.44193126E+000  0.12893119E+001
 -0.51982272E-001  0.47366648E-002  0.44193119E+000  0.12893122E+001
 -0.51982268E-001  0.47366597E-002  0.44193112E+000  0.12893126E+001
 -0.51982265E-001  0.47366546E-002  0.44193104E+000  0.12893129E+001
 -0.51982265E-001  0.47366495E-002  0.44193096E+000  0.12893132E+001
 -0.51982266E-001  0.47366443E-002  0.44193087E+000  0.12893135E+001
 -0.51982268E-001  0.47366392E-002  0.44193079E+000  0.12893138E+001
 -0.51982272E-001  0.47366341E-002  0.44193070E+000  0.12893141E+001
 -0.51982276E-001  0.47366291E-002  0.44193062E+000  0.12893144E+001
 -0.51982282E-001  0.47366241E-002  0.44193053E+000  0.12893146E+001
 -0.51982288E-001  0.47366192E-002  0.44193044E+000  0.12893149E+001
 -0.51982294E-001  0.47366143E-002  0.44193035E+000  0.12893151E+001
 -0.51982301E-001  0.47366095E-002  0.44193025E+000  0.12893153E+001
 -0.51982309E-001  0.47366048E-002  0.44193016E+000  0.12893155E+001
 -0.51982316E-001  0.47366001E-002  0.44193007E+000  0.12893158E+001
 -0.51982324E-001  0.47365956E-002  0.44192997E+000  0.12893159E+001
 -0.51982332E-001  0.47365912E-002  0.44192988E+000  0.12893161E+001
 -0.51982340E-001  0.47365868E-002  0.44192978E+000  0.12893163E+001
 -0.51982347E-001  0.47365826E-002  0.44192969E+000  0.12893164E+001
 -0.51982355E-001  0.47365786E-002  0.44192960E+000  0.12893166E+001
 -0.51982363E-001  0.47365746E-002  0.44192950E+000  0.12893167E+001
 -0.51982370E-001  0.47365708E-002  0.44192941E+000  0.12893168E+001
 -0.51982377E-001  0.47365672E-002  0.44192932E+000  0.12893169E+001
 -0.51982384E-001  0.47365637E-002  0.44192922E+000  0.12893170E+001
 -0.51982391E-001  0.47365603E-002  0.44192913E+000  0.12893171E+001
 -0.51982398E-001  0.47365571E-002  0.44192904E+000  0.12893171E+001
 -0.51982404E-001  0.47365541E-002  0.44192896E+000  0.12893172E+001
 -0.51982410E-001  0.47365512E-002  0.44192887E+000  0.12893173E+001
 -0.51982415E-001  0.47365485E-002  0.44192878E+000  0.12893173E+001
 -0.51982420E-001  0.47365459E-002  0.44192870E+000  0.12893173E+001
 -0.51982425E-001  0.47365436E-002  0.44192862E+000  0.12893173E+001
 -0.51982430E-001  0.47365413E-002  0.44192854E+000  0.12893174E+001
 -0.51982434E-001  0.47365393E-002  0.44192846E+000  0.12893174E+001
 -0.51982437E-001  0.47365374E-002  0.44192838E+000  0.12893174E+001
 -0.51982441E-001  0.47365356E-002  0.44192831E+000  0.12893174E+001
 -0.51982444E-001  0.47365340E-002  0.44192824E+000  0.12893173E+001
 -0.51982446E-001  0.47365325E-002  0.44192817E+000  0.12893173E+001
 -0.51982448E-001  0.47365312E-002  0.44192811E+000  0.12893173E+001
 -0.51982450E-001  0.47365300E-002  0.44192804E+000  0.12893173E+001
 -0.51982451E-001  0.47365289E-002  0.44192798E+000  0.12893173E+001
 -0.51982453E-001  0.47365280E-002  0.44192792E+000  0.12893172E+001
 -0.51982453E-001  0.47365271E-002  0.44192786E+000  0.12893172E+001
 -0.51982454E-001  0.47365264E-002  0.44192781E+000  0.12893172E+001
 -0.51982454E-001  0.47365258E-002  0.44192776E+000  0.12893171E+001
 -0.51982454E-001  0.47365252E-002  0.44192771E+000  0.12893171E+001
 -0.51982454E-001  0.47365248E-002  0.44192766E+000  0.12893171E+001
 -0.51982453E-001  0.47365244E-002  0.44192762E+000  0.12893170E+001
 -0.51982453E-001  0.47365241E-002  0.44192757E+000  0.12893170E+001
 -0.51982452E-001  0.47365238E-002  0.44192753E+000  0.12893169E+001
 -0.51982451E-001  0.47365236E-002  0.44192749E+000  0.12893169E+001
 -0.51982450E-001  0.47365234E-002  0.44192746E+000  0.12893169E+001
 -0.51982448E-001  0.47365233E-002  0.44192742E+000  0.12893168E+001
 -0.51982447E-001  0.47365232E-002  0.44192739E+000  0.12893168E+001
 -0.51982445E-001  0.47365232E-002  0.44192736E+000  0.12893168E+001
 -0.51982444E-001  0.47365232E-002  0.44192733E+000  0.12893167E+001
 -0.51982442E-001  0.47365232E-002  0.44192730E+000  0.12893167E+001
 -0.51982441E-001  0.47365232E-002  0.44192727E+000  0.12893166E+001
 -0.51982439E-001  0.47365232E-002  0.44192725E+000  0.12893166E+001
 -0.51982437E-001  0.47365233E-002  0.44192722E+000  0.12893166E+001
 -0.51982436E-001  0.47365233E-002  0.44192720E+000  0.12893165E+001
 -0.51982434E-001  0.47365234E-002  0.44192718E+000  0.12893165E+001
 -0.51982432E-001  0.47365234E-002  0.44192716E+000  0.12893165E+001
 -0.51982431E-001  0.47365235E-002  0.44192714E+000  0.12893165E+001
 -0.51982429E-001  0.47365235E-002  0.44192712E+000  0.12893164E+001
 -0.51982428E-001  0.47365236E-002  0.44192710E+000  0.12893164E+001
 -0.51982426E-001  0.47365237E-002  0.44192709E+000  0.12893164E+001
 -0.51982425E-001  0.47365237E-002  0.44192707E+000  0.12893163E+001
 -0.51982424E-001  0.47365238E-002  0.44192706E+000  0.12893163E+001
 -0.51982422E-001  0.47365238E-002  0.44192704E+000  0.12893163E+001
 -0.51982421E-001  0.47365238E-002  0.44192703E+000  0.12893163E+001
 -0.51982420E-001  0.47365239E-002  0.44192702E+000  0.12893162E+001
 -0.51982419E-001  0.47365239E-002  0.44192700E+000  0.12893162E+001
 -0.51982418E-001  0.47365239E-002  0.44192699E+000  0.12893162E+001
 -0.51982417E-001  0.47365240E-002  0.44192698E+000  0.12893162E+001
 -0.51982416E-001  0.47365240E-002  0.44192697E+000  0.12893162E+001
 -0.51982415E-001  0.47365240E-002  0.44192696E+000  0.12893161E+001
 -0.51982414E-001  0.47365240E-002  0.44192695E+000  0.12893161E+001
 -0.51982413E-001  0.47365240E-002  0.44192694E+000  0.12893161E+001
 -0.51982413E-001  0.47365240E-002  0.44192693E+000  0.12893161E+001
 -0.51982412E-001  0.47365240E-002  0.44192692E+000  0.12893161E+001
 -0.51982411E-001  0.47365240E-002  0.44192692E+000  0.12893160E+001
 -0.51982411E-001  0.47365240E-002  0.44192691E+000  0.12893160E+001
 -0.51982410E-001  0.47365241E-002  0.44192690E+000  0.12893160E+001
 -0.51982410E-001  0.47365241E-002  0.44192690E+000  0.12893160E+001
 -0.51982409E-001  0.47365241E-002  0.44192689E+000  0.12893160E+001
 -0.51982409E-001  0.47365241E-002  0.44192688E+000  0.12893159E+001
 -0.51982409E-001  0.47365241E-002  0.44192688E+000  0.12893159E+001
 -0.51982408E-001  0.47365241E-002  0.44192687E+000  0.12893159E+001
 -0.51982408E-001  0.47365241E-002  0.44192687E+000  0.12893159E+001
 -0.51982408E-001  0.47365241E-002  0.44192686E+000  0.12893159E+001
 -0.51982407E-001  0.47365241E-002  0.44192686E+000  0.12893159E+001
 -0.51982407E-001  0.47365241E-002  0.44192685E+000  0.12893159E+001
 -0.51982407E-001  0.47365241E-002  0.44192685E+000  0.12893158E+001
 -0.51982407E-001  0.47365241E-002  0.44192684E+000  0.12893158E+001
 -0.51982407E-001  0.47365241E-002  0.44192684E+000  0.12893158E+001
 -0.51982406E-001  0.47365241E-002  0.44192684E+000  0.12893158E+001
 -0.51982406E-001  0.47365241E-002  0.44192683E+000  0.12893158E+001
 -0.51982406E-001  0.47365241E-002  0.44192683E+000  0.12893158E+001
 -0.51982406E-001  0.47365241E-002  0.44192683E+000  0.12893158E+001
 -0.51982406E-001  0.47365242E-002  0.44192682E+000  0.12893158E+001
 -0.51982406E-001  0.47365242E-002  0.44192682E+000  0.12893157E+001
 -0.51982406E-001  0.47365242E-002  0.44192682E+000  0.12893157E+001
 -0.51982406E-001  0.47365242E-002  0.44192682E+000  0.12893157E+001
 -0.51982406E-001  0.47365242E-002  0.44192682E+000  0.12893157E+001
 -0.51982406E-001  0.47365242E-002  0.44192681E+000  0.12893157E+001
 -0.51982406E-001  0.47365243E-002  0.44192681E+000  0.12893157E+001
 -0.51982406E-001  0.47365243E-002  0.44192681E+000  0.12893157E+001
 -0.51982406E-001  0.47365243E-002  0.44192681E+000  0.12893157E+001
 -0.51982406E-001  0.47365243E-002  0.44192681E+000  0.12893157E+001
 -0.51982406E-001  0.47365244E-002  0.44192680E+000  0.12893156E+001
 -0.51982406E-001  0.47365244E-002  0.44192680E+000  0.12893156E+001
 -0.51982406E-001  0.47365244E-002  0.44192680E+000  0.12893156E+001
 -0.51982406E-001  0.47365244E-002  0.44192680E+000  0.12893156E+001
 -0.51982406E-001  0.47365245E-002  0.44192680E+000  0.12893156E+001
 -0.51982406E-001  0.47365245E-002  0.44192680E+000  0.12893156E+001
 -0.51982406E-001  0.47365245E-002  0.44192680E+000  0.12893156E+001
 -0.51982406E-001  0.47365246E-002  0.44192680E+000  0.12893156E+001
 -0.51982406E-001  0.47365246E-002  0.44192680E+000  0.12893156E+001
 -0.51982406E-001  0.47365246E-002  0.44192680E+000  0.12893156E+001
 -0.51982406E-001  0.47365247E-002  0.44192680E+000  0.12893156E+001
 -0.51982406E-001  0.47365247E-002  0.44192680E+000  0.12893156E+001
 -0.51982406E-001  0.47365248E-002  0.44192680E+000  0.12893156E+001
 -0.51982406E-001  0.47365248E-002  0.44192680E+000  0.12893155E+001
 -0.51982407E-001  0.47365248E-002  0.44192679E+000  0.12893155E+001
 -0.51982407E-001  0.47365249E-002  0.44192679E+000  0.12893155E+001
 -0.51982407E-001  0.47365249E-002  0.44192679E+000  0.12893155E+001
 -0.51982407E-001  0.47365249E-002  0.44192679E+000  0.12893155E+001
 -0.51982407E-001  0.47365249E-002  0.44192679E+000  0.12893155E+001
 -0.51982408E-001  0.47365249E-002  0.44192679E+000  0.12893155E+001
 -0.51982409E-001  0.47365249E-002  0.44192679E+000  0.12893155E+001
 -0.51982410E-001  0.47365247E-002  0.44192679E+000  0.12893155E+001
 -0.51982411E-001  0.47365246E-002  0.44192678E+000  0.12893155E+001
 -0.51982413E-001  0.47365239E-002  0.44192677E+000  0.12893154E+001
 -0.51982415E-001  0.47365227E-002  0.44192677E+000  0.12893154E+001
