  0.43798579E+000
  0.43793157E+000
  0.43789787E+000
  0.43788155E+000
  0.43786908E+000
  0.43786028E+000
  0.43785451E+000
  0.43785123E+000
  0.43784995E+000
  0.43785029E+000
  0.43785192E+000
  0.43785457E+000
  0.43785801E+000
  0.43786207E+000
  0.43786659E+000
  0.43787144E+000
  0.43787652E+000
  0.43788174E+000
  0.43788702E+000
  0.43789228E+000
  0.43789753E+000
  0.43790274E+000
  0.43790788E+000
  0.43791292E+000
  0.43791784E+000
  0.43792262E+000
  0.43792725E+000
  0.43793170E+000
  0.43793597E+000
  0.43794006E+000
  0.43794395E+000
  0.43794764E+000
  0.43795113E+000
  0.43795441E+000
  0.43795749E+000
  0.43796036E+000
  0.43796302E+000
  0.43796549E+000
  0.43796777E+000
  0.43796985E+000
  0.43797175E+000
  0.43797348E+000
  0.43797504E+000
  0.43797644E+000
  0.43797769E+000
  0.43797881E+000
  0.43797979E+000
  0.43798066E+000
  0.43798142E+000
  0.43798209E+000
  0.43798266E+000
  0.43798316E+000
  0.43798359E+000
  0.43798396E+000
  0.43798428E+000
  0.43798455E+000
  0.43798479E+000
  0.43798499E+000
  0.43798516E+000
  0.43798532E+000
  0.43798545E+000
  0.43798557E+000
  0.43798568E+000
  0.43798577E+000
  0.43798586E+000
  0.43798594E+000
  0.43798602E+000
  0.43798609E+000
  0.43798615E+000
  0.43798622E+000
  0.43798628E+000
  0.43798633E+000
  0.43798638E+000
  0.43798643E+000
  0.43798648E+000
  0.43798652E+000
  0.43798656E+000
  0.43798660E+000
  0.43798663E+000
  0.43798666E+000
  0.43798669E+000
  0.43798672E+000
  0.43798674E+000
  0.43798675E+000
  0.43798677E+000
  0.43798678E+000
  0.43798679E+000
  0.43798679E+000
  0.43798679E+000
  0.43798679E+000
  0.43798679E+000
  0.43798679E+000
  0.43798678E+000
  0.43798677E+000
  0.43798676E+000
  0.43798674E+000
  0.43798673E+000
  0.43798671E+000
  0.43798669E+000
  0.43798668E+000
  0.43798666E+000
  0.43798664E+000
  0.43798662E+000
  0.43798659E+000
  0.43798657E+000
  0.43798655E+000
  0.43798653E+000
  0.43798651E+000
  0.43798648E+000
  0.43798646E+000
  0.43798644E+000
  0.43798642E+000
  0.43798640E+000
  0.43798638E+000
  0.43798636E+000
  0.43798634E+000
  0.43798632E+000
  0.43798630E+000
  0.43798628E+000
  0.43798626E+000
  0.43798625E+000
  0.43798623E+000
  0.43798622E+000
  0.43798620E+000
  0.43798619E+000
  0.43798617E+000
  0.43798616E+000
  0.43798614E+000
  0.43798613E+000
  0.43798612E+000
  0.43798611E+000
  0.43798610E+000
  0.43798609E+000
  0.43798608E+000
  0.43798607E+000
  0.43798606E+000
  0.43798605E+000
  0.43798604E+000
  0.43798603E+000
  0.43798602E+000
  0.43798601E+000
  0.43798600E+000
  0.43798600E+000
  0.43798599E+000
  0.43798598E+000
  0.43798597E+000
  0.43798597E+000
  0.43798596E+000
  0.43798595E+000
  0.43798595E+000
  0.43798594E+000
  0.43798594E+000
  0.43798593E+000
  0.43798593E+000
  0.43798592E+000
  0.43798592E+000
  0.43798591E+000
  0.43798591E+000
  0.43798590E+000
  0.43798590E+000
  0.43798589E+000
  0.43798589E+000
  0.43798588E+000
  0.43798588E+000
  0.43798588E+000
  0.43798587E+000
  0.43798587E+000
  0.43798587E+000
  0.43798586E+000
  0.43798586E+000
  0.43798586E+000
  0.43798585E+000
  0.43798585E+000
  0.43798585E+000
  0.43798584E+000
  0.43798584E+000
  0.43798584E+000
  0.43798584E+000
  0.43798583E+000
  0.43798583E+000
  0.43798583E+000
  0.43798583E+000
  0.43798582E+000
  0.43798582E+000
  0.43798582E+000
  0.43798582E+000
  0.43798582E+000
  0.43798581E+000
  0.43798581E+000
  0.43798581E+000
  0.43798581E+000
  0.43798581E+000
  0.43798580E+000
  0.43798580E+000
  0.43798580E+000
  0.43798580E+000
  0.43798579E+000
  0.43798578E+000
  0.43798578E+000
  0.43798577E+000
