  0.30447422E+001
  0.30791904E+001
  0.30810626E+001
  0.30708879E+001
  0.30661693E+001
  0.30626668E+001
  0.30597733E+001
  0.30573378E+001
  0.30552811E+001
  0.30535433E+001
  0.30520753E+001
  0.30508408E+001
  0.30498017E+001
  0.30489271E+001
  0.30481958E+001
  0.30475902E+001
  0.30470971E+001
  0.30467093E+001
  0.30464281E+001
  0.30462849E+001
  0.30461712E+001
  0.30460735E+001
  0.30459884E+001
  0.30459142E+001
  0.30458492E+001
  0.30457923E+001
  0.30457423E+001
  0.30456983E+001
  0.30456595E+001
  0.30456253E+001
  0.30455950E+001
  0.30455683E+001
  0.30455446E+001
  0.30455236E+001
  0.30455049E+001
  0.30454884E+001
  0.30454737E+001
  0.30454606E+001
  0.30454489E+001
  0.30454386E+001
  0.30454293E+001
  0.30454211E+001
  0.30454137E+001
  0.30454072E+001
  0.30454013E+001
  0.30453961E+001
  0.30453914E+001
  0.30453872E+001
  0.30453835E+001
  0.30453801E+001
  0.30453771E+001
  0.30453744E+001
  0.30453719E+001
  0.30453697E+001
  0.30453677E+001
  0.30453659E+001
  0.30453642E+001
  0.30453626E+001
  0.30453611E+001
  0.30453598E+001
  0.30453585E+001
  0.30453572E+001
  0.30453560E+001
  0.30453549E+001
  0.30453538E+001
  0.30453528E+001
  0.30453518E+001
  0.30453508E+001
  0.30453499E+001
  0.30453490E+001
  0.30453482E+001
  0.30453474E+001
  0.30453466E+001
  0.30453459E+001
  0.30453452E+001
  0.30453446E+001
  0.30453441E+001
  0.30453435E+001
  0.30453431E+001
  0.30453427E+001
  0.30453423E+001
  0.30453420E+001
  0.30453417E+001
  0.30453415E+001
  0.30453413E+001
  0.30453411E+001
  0.30453410E+001
  0.30453409E+001
  0.30453409E+001
  0.30453409E+001
  0.30453409E+001
  0.30453409E+001
  0.30453410E+001
  0.30453410E+001
  0.30453411E+001
  0.30453412E+001
  0.30453413E+001
  0.30453414E+001
  0.30453416E+001
  0.30453417E+001
  0.30453418E+001
  0.30453419E+001
  0.30453420E+001
  0.30453421E+001
  0.30453421E+001
  0.30453422E+001
  0.30453422E+001
  0.30453423E+001
  0.30453423E+001
  0.30453423E+001
  0.30453423E+001
  0.30453423E+001
  0.30453423E+001
  0.30453422E+001
  0.30453422E+001
  0.30453421E+001
  0.30453420E+001
  0.30453419E+001
  0.30453419E+001
  0.30453418E+001
  0.30453417E+001
  0.30453416E+001
  0.30453414E+001
  0.30453413E+001
  0.30453412E+001
  0.30453411E+001
  0.30453410E+001
  0.30453409E+001
  0.30453408E+001
  0.30453407E+001
  0.30453406E+001
  0.30453405E+001
  0.30453404E+001
  0.30453403E+001
  0.30453402E+001
  0.30453402E+001
  0.30453401E+001
  0.30453400E+001
  0.30453400E+001
  0.30453399E+001
  0.30453399E+001
  0.30453399E+001
  0.30453398E+001
  0.30453398E+001
  0.30453398E+001
  0.30453398E+001
  0.30453398E+001
  0.30453398E+001
  0.30453398E+001
  0.30453398E+001
  0.30453398E+001
  0.30453398E+001
  0.30453399E+001
  0.30453399E+001
  0.30453399E+001
  0.30453400E+001
  0.30453400E+001
  0.30453401E+001
  0.30453401E+001
  0.30453402E+001
  0.30453402E+001
  0.30453403E+001
  0.30453404E+001
  0.30453405E+001
  0.30453405E+001
  0.30453406E+001
  0.30453407E+001
  0.30453408E+001
  0.30453408E+001
  0.30453409E+001
  0.30453410E+001
  0.30453411E+001
  0.30453412E+001
  0.30453413E+001
  0.30453414E+001
  0.30453415E+001
  0.30453416E+001
  0.30453417E+001
  0.30453417E+001
  0.30453418E+001
  0.30453419E+001
  0.30453420E+001
  0.30453421E+001
  0.30453422E+001
  0.30453423E+001
  0.30453424E+001
  0.30453425E+001
  0.30453426E+001
  0.30453427E+001
  0.30453428E+001
  0.30453429E+001
  0.30453430E+001
  0.30453431E+001
  0.30453432E+001
  0.30453434E+001
  0.30453435E+001
  0.30453437E+001
  0.30453439E+001
  0.30453445E+001
  0.30453457E+001
