  0.73530754E+000
  0.73487134E+000
  0.73453894E+000
  0.73439497E+000
  0.73432304E+000
  0.73429527E+000
  0.73429420E+000
  0.73430826E+000
  0.73433081E+000
  0.73435771E+000
  0.73438648E+000
  0.73441565E+000
  0.73444420E+000
  0.73447092E+000
  0.73449606E+000
  0.73451994E+000
  0.73454294E+000
  0.73456550E+000
  0.73458841E+000
  0.73461006E+000
  0.73463038E+000
  0.73464948E+000
  0.73466750E+000
  0.73468455E+000
  0.73470068E+000
  0.73471595E+000
  0.73473038E+000
  0.73474399E+000
  0.73475679E+000
  0.73476880E+000
  0.73478003E+000
  0.73479049E+000
  0.73480020E+000
  0.73480919E+000
  0.73481747E+000
  0.73482508E+000
  0.73483205E+000
  0.73483840E+000
  0.73484417E+000
  0.73484939E+000
  0.73485409E+000
  0.73485831E+000
  0.73486208E+000
  0.73486543E+000
  0.73486840E+000
  0.73487101E+000
  0.73487330E+000
  0.73487529E+000
  0.73487701E+000
  0.73487848E+000
  0.73487973E+000
  0.73488077E+000
  0.73488163E+000
  0.73488233E+000
  0.73488288E+000
  0.73488330E+000
  0.73488361E+000
  0.73488381E+000
  0.73488393E+000
  0.73488396E+000
  0.73488393E+000
  0.73488383E+000
  0.73488368E+000
  0.73488349E+000
  0.73488326E+000
  0.73488300E+000
  0.73488271E+000
  0.73488240E+000
  0.73488207E+000
  0.73488172E+000
  0.73488137E+000
  0.73488101E+000
  0.73488064E+000
  0.73488027E+000
  0.73487989E+000
  0.73487952E+000
  0.73487915E+000
  0.73487879E+000
  0.73487843E+000
  0.73487808E+000
  0.73487773E+000
  0.73487739E+000
  0.73487706E+000
  0.73487674E+000
  0.73487643E+000
  0.73487614E+000
  0.73487585E+000
  0.73487557E+000
  0.73487531E+000
  0.73487506E+000
  0.73487482E+000
  0.73487459E+000
  0.73487437E+000
  0.73487417E+000
  0.73487397E+000
  0.73487379E+000
  0.73487362E+000
  0.73487346E+000
  0.73487331E+000
  0.73487318E+000
  0.73487305E+000
  0.73487293E+000
  0.73487282E+000
  0.73487272E+000
  0.73487263E+000
  0.73487255E+000
  0.73487248E+000
  0.73487241E+000
  0.73487235E+000
  0.73487229E+000
  0.73487224E+000
  0.73487220E+000
  0.73487216E+000
  0.73487212E+000
  0.73487209E+000
  0.73487206E+000
  0.73487204E+000
  0.73487202E+000
  0.73487200E+000
  0.73487198E+000
  0.73487197E+000
  0.73487196E+000
  0.73487194E+000
  0.73487193E+000
  0.73487193E+000
  0.73487192E+000
  0.73487191E+000
  0.73487190E+000
  0.73487190E+000
  0.73487189E+000
  0.73487188E+000
  0.73487188E+000
  0.73487187E+000
  0.73487187E+000
  0.73487186E+000
  0.73487186E+000
  0.73487185E+000
  0.73487185E+000
  0.73487184E+000
  0.73487184E+000
  0.73487183E+000
  0.73487183E+000
  0.73487182E+000
  0.73487182E+000
  0.73487182E+000
  0.73487181E+000
  0.73487181E+000
  0.73487180E+000
  0.73487180E+000
  0.73487179E+000
  0.73487179E+000
  0.73487179E+000
  0.73487178E+000
  0.73487178E+000
  0.73487178E+000
  0.73487177E+000
  0.73487177E+000
  0.73487177E+000
  0.73487176E+000
  0.73487176E+000
  0.73487176E+000
  0.73487176E+000
  0.73487175E+000
  0.73487175E+000
  0.73487175E+000
  0.73487175E+000
  0.73487175E+000
  0.73487175E+000
  0.73487175E+000
  0.73487175E+000
  0.73487175E+000
  0.73487174E+000
  0.73487174E+000
  0.73487174E+000
  0.73487174E+000
  0.73487174E+000
  0.73487174E+000
  0.73487175E+000
  0.73487175E+000
  0.73487175E+000
  0.73487175E+000
  0.73487175E+000
  0.73487175E+000
  0.73487175E+000
  0.73487175E+000
  0.73487175E+000
  0.73487175E+000
  0.73487175E+000
  0.73487176E+000
  0.73487176E+000
  0.73487176E+000
  0.73487176E+000
  0.73487176E+000
  0.73487176E+000
  0.73487176E+000
  0.73487176E+000
  0.73487176E+000
  0.73487176E+000
  0.73487175E+000
  0.73487171E+000
