  0.49299697E+000
  0.49301207E+000
  0.49298385E+000
  0.49296521E+000
  0.49295130E+000
  0.49293918E+000
  0.49292838E+000
  0.49291872E+000
  0.49291010E+000
  0.49290242E+000
  0.49289556E+000
  0.49288946E+000
  0.49288403E+000
  0.49287919E+000
  0.49287487E+000
  0.49287102E+000
  0.49286757E+000
  0.49286446E+000
  0.49286159E+000
  0.49285920E+000
  0.49285715E+000
  0.49285538E+000
  0.49285385E+000
  0.49285254E+000
  0.49285141E+000
  0.49285045E+000
  0.49284962E+000
  0.49284892E+000
  0.49284833E+000
  0.49284783E+000
  0.49284741E+000
  0.49284706E+000
  0.49284677E+000
  0.49284653E+000
  0.49284635E+000
  0.49284620E+000
  0.49284610E+000
  0.49284602E+000
  0.49284597E+000
  0.49284595E+000
  0.49284595E+000
  0.49284597E+000
  0.49284600E+000
  0.49284605E+000
  0.49284612E+000
  0.49284620E+000
  0.49284628E+000
  0.49284638E+000
  0.49284649E+000
  0.49284660E+000
  0.49284672E+000
  0.49284685E+000
  0.49284698E+000
  0.49284712E+000
  0.49284725E+000
  0.49284740E+000
  0.49284754E+000
  0.49284768E+000
  0.49284783E+000
  0.49284798E+000
  0.49284812E+000
  0.49284827E+000
  0.49284842E+000
  0.49284856E+000
  0.49284871E+000
  0.49284885E+000
  0.49284900E+000
  0.49284914E+000
  0.49284927E+000
  0.49284941E+000
  0.49284954E+000
  0.49284967E+000
  0.49284980E+000
  0.49284993E+000
  0.49285005E+000
  0.49285017E+000
  0.49285028E+000
  0.49285039E+000
  0.49285050E+000
  0.49285060E+000
  0.49285070E+000
  0.49285080E+000
  0.49285089E+000
  0.49285098E+000
  0.49285106E+000
  0.49285114E+000
  0.49285121E+000
  0.49285128E+000
  0.49285135E+000
  0.49285141E+000
  0.49285147E+000
  0.49285152E+000
  0.49285157E+000
  0.49285162E+000
  0.49285166E+000
  0.49285170E+000
  0.49285174E+000
  0.49285177E+000
  0.49285179E+000
  0.49285182E+000
  0.49285184E+000
  0.49285186E+000
  0.49285188E+000
  0.49285189E+000
  0.49285191E+000
  0.49285192E+000
  0.49285192E+000
  0.49285193E+000
  0.49285193E+000
  0.49285194E+000
  0.49285194E+000
  0.49285194E+000
  0.49285194E+000
  0.49285194E+000
  0.49285194E+000
  0.49285194E+000
  0.49285193E+000
  0.49285193E+000
  0.49285192E+000
  0.49285192E+000
  0.49285191E+000
  0.49285191E+000
  0.49285190E+000
  0.49285190E+000
  0.49285189E+000
  0.49285189E+000
  0.49285188E+000
  0.49285188E+000
  0.49285187E+000
  0.49285187E+000
  0.49285186E+000
  0.49285186E+000
  0.49285185E+000
  0.49285185E+000
  0.49285184E+000
  0.49285184E+000
  0.49285183E+000
  0.49285183E+000
  0.49285183E+000
  0.49285182E+000
  0.49285182E+000
  0.49285181E+000
  0.49285181E+000
  0.49285181E+000
  0.49285180E+000
  0.49285180E+000
  0.49285179E+000
  0.49285179E+000
  0.49285179E+000
  0.49285178E+000
  0.49285178E+000
  0.49285178E+000
  0.49285177E+000
  0.49285177E+000
  0.49285177E+000
  0.49285176E+000
  0.49285176E+000
  0.49285176E+000
  0.49285176E+000
  0.49285175E+000
  0.49285175E+000
  0.49285175E+000
  0.49285174E+000
  0.49285174E+000
  0.49285174E+000
  0.49285174E+000
  0.49285173E+000
  0.49285173E+000
  0.49285173E+000
  0.49285173E+000
  0.49285172E+000
  0.49285172E+000
  0.49285172E+000
  0.49285171E+000
  0.49285171E+000
  0.49285171E+000
  0.49285171E+000
  0.49285171E+000
  0.49285170E+000
  0.49285170E+000
  0.49285170E+000
  0.49285170E+000
  0.49285169E+000
  0.49285169E+000
  0.49285169E+000
  0.49285169E+000
  0.49285169E+000
  0.49285168E+000
  0.49285168E+000
  0.49285168E+000
  0.49285168E+000
  0.49285168E+000
  0.49285167E+000
  0.49285167E+000
  0.49285167E+000
  0.49285167E+000
  0.49285166E+000
  0.49285166E+000
  0.49285166E+000
  0.49285165E+000
