 -0.47077723E-001  0.61853225E-001  0.14542415E+001  0.42332906E+002
 -0.46078552E-001  0.61889436E-001  0.14543064E+001  0.42332729E+002
 -0.46267453E-001  0.61862860E-001  0.14541788E+001  0.42332511E+002
 -0.46561759E-001  0.61838485E-001  0.14540700E+001  0.42332348E+002
 -0.46687114E-001  0.61826005E-001  0.14540043E+001  0.42332220E+002
 -0.46787887E-001  0.61816805E-001  0.14539535E+001  0.42332115E+002
 -0.46868323E-001  0.61810254E-001  0.14539153E+001  0.42332029E+002
 -0.46932103E-001  0.61805810E-001  0.14538873E+001  0.42331959E+002
 -0.46982325E-001  0.61803028E-001  0.14538676E+001  0.42331902E+002
 -0.47021565E-001  0.61801547E-001  0.14538547E+001  0.42331857E+002
 -0.47051949E-001  0.61801075E-001  0.14538472E+001  0.42331821E+002
 -0.47075224E-001  0.61801374E-001  0.14538441E+001  0.42331793E+002
 -0.47092829E-001  0.61802253E-001  0.14538444E+001  0.42331772E+002
 -0.47105944E-001  0.61803557E-001  0.14538475E+001  0.42331756E+002
 -0.47115537E-001  0.61805164E-001  0.14538528E+001  0.42331745E+002
 -0.47122406E-001  0.61806972E-001  0.14538597E+001  0.42331737E+002
 -0.47127213E-001  0.61808902E-001  0.14538679E+001  0.42331733E+002
 -0.47130506E-001  0.61810887E-001  0.14538770E+001  0.42331732E+002
 -0.47132748E-001  0.61812872E-001  0.14538867E+001  0.42331732E+002
 -0.47134960E-001  0.61814769E-001  0.14538966E+001  0.42331735E+002
 -0.47128508E-001  0.61817077E-001  0.14539082E+001  0.42331739E+002
 -0.47122775E-001  0.61819259E-001  0.14539198E+001  0.42331744E+002
 -0.47117682E-001  0.61821318E-001  0.14539312E+001  0.42331750E+002
 -0.47113158E-001  0.61823262E-001  0.14539424E+001  0.42331757E+002
 -0.47109140E-001  0.61825095E-001  0.14539534E+001  0.42331765E+002
 -0.47105572E-001  0.61826821E-001  0.14539640E+001  0.42331773E+002
 -0.47102403E-001  0.61828446E-001  0.14539744E+001  0.42331781E+002
 -0.47099587E-001  0.61829974E-001  0.14539844E+001  0.42331790E+002
 -0.47097087E-001  0.61831410E-001  0.14539940E+001  0.42331799E+002
 -0.47094865E-001  0.61832756E-001  0.14540033E+001  0.42331808E+002
 -0.47092891E-001  0.61834018E-001  0.14540121E+001  0.42331817E+002
 -0.47091136E-001  0.61835198E-001  0.14540206E+001  0.42331826E+002
 -0.47089577E-001  0.61836300E-001  0.14540287E+001  0.42331835E+002
 -0.47088190E-001  0.61837328E-001  0.14540364E+001  0.42331844E+002
 -0.47086957E-001  0.61838284E-001  0.14540437E+001  0.42331852E+002
 -0.47085861E-001  0.61839171E-001  0.14540507E+001  0.42331861E+002
 -0.47084886E-001  0.61839993E-001  0.14540572E+001  0.42331870E+002
 -0.47084019E-001  0.61840753E-001  0.14540634E+001  0.42331878E+002
 -0.47083248E-001  0.61841454E-001  0.14540692E+001  0.42331886E+002
 -0.47082562E-001  0.61842099E-001  0.14540746E+001  0.42331895E+002
 -0.47081953E-001  0.61842691E-001  0.14540797E+001  0.42331903E+002
 -0.47081411E-001  0.61843234E-001  0.14540845E+001  0.42331911E+002
 -0.47080930E-001  0.61843731E-001  0.14540890E+001  0.42331918E+002
 -0.47080503E-001  0.61844185E-001  0.14540932E+001  0.42331926E+002
 -0.47080124E-001  0.61844600E-001  0.14540972E+001  0.42331933E+002
 -0.47079789E-001  0.61844980E-001  0.14541009E+001  0.42331941E+002
 -0.47079492E-001  0.61845327E-001  0.14541044E+001  0.42331948E+002
 -0.47079230E-001  0.61845645E-001  0.14541077E+001  0.42331955E+002
 -0.47078999E-001  0.61845937E-001  0.14541108E+001  0.42331963E+002
 -0.47078795E-001  0.61846206E-001  0.14541137E+001  0.42331970E+002
 -0.47078616E-001  0.61846455E-001  0.14541165E+001  0.42331977E+002
 -0.47078459E-001  0.61846687E-001  0.14541192E+001  0.42331984E+002
 -0.47078322E-001  0.61846904E-001  0.14541218E+001  0.42331990E+002
 -0.47078203E-001  0.61847108E-001  0.14541243E+001  0.42331997E+002
 -0.47078099E-001  0.61847302E-001  0.14541267E+001  0.42332004E+002
 -0.47078009E-001  0.61847487E-001  0.14541291E+001  0.42332011E+002
 -0.47077932E-001  0.61847665E-001  0.14541314E+001  0.42332018E+002
 -0.47077865E-001  0.61847836E-001  0.14541337E+001  0.42332025E+002
 -0.47077809E-001  0.61848003E-001  0.14541359E+001  0.42332032E+002
 -0.47077760E-001  0.61848166E-001  0.14541382E+001  0.42332038E+002
 -0.47077720E-001  0.61848325E-001  0.14541404E+001  0.42332045E+002
 -0.47077686E-001  0.61848482E-001  0.14541426E+001  0.42332052E+002
 -0.47077657E-001  0.61848636E-001  0.14541448E+001  0.42332059E+002
 -0.47077634E-001  0.61848787E-001  0.14541470E+001  0.42332066E+002
 -0.47077616E-001  0.61848937E-001  0.14541492E+001  0.42332073E+002
 -0.47077601E-001  0.61849085E-001  0.14541514E+001  0.42332079E+002
 -0.47077590E-001  0.61849231E-001  0.14541536E+001  0.42332086E+002
 -0.47077581E-001  0.61849376E-001  0.14541558E+001  0.42332093E+002
 -0.47077575E-001  0.61849518E-001  0.14541580E+001  0.42332100E+002
 -0.47077572E-001  0.61849658E-001  0.14541602E+001  0.42332107E+002
 -0.47077570E-001  0.61849796E-001  0.14541624E+001  0.42332113E+002
 -0.47077570E-001  0.61849932E-001  0.14541646E+001  0.42332120E+002
 -0.47077571E-001  0.61850066E-001  0.14541667E+001  0.42332127E+002
 -0.47077573E-001  0.61850197E-001  0.14541689E+001  0.42332134E+002
 -0.47077577E-001  0.61850325E-001  0.14541710E+001  0.42332140E+002
 -0.47077581E-001  0.61850450E-001  0.14541731E+001  0.42332147E+002
 -0.47077586E-001  0.61850573E-001  0.14541752E+001  0.42332154E+002
 -0.47077591E-001  0.61850693E-001  0.14541773E+001  0.42332160E+002
 -0.47077597E-001  0.61850809E-001  0.14541793E+001  0.42332167E+002
 -0.47077604E-001  0.61850922E-001  0.14541813E+001  0.42332173E+002
 -0.47077611E-001  0.61851032E-001  0.14541833E+001  0.42332179E+002
 -0.47077618E-001  0.61851138E-001  0.14541853E+001  0.42332186E+002
 -0.47077625E-001  0.61851240E-001  0.14541872E+001  0.42332192E+002
 -0.47077632E-001  0.61851339E-001  0.14541891E+001  0.42332198E+002
 -0.47077639E-001  0.61851435E-001  0.14541909E+001  0.42332204E+002
 -0.47077646E-001  0.61851526E-001  0.14541927E+001  0.42332210E+002
 -0.47077654E-001  0.61851614E-001  0.14541945E+001  0.42332216E+002
 -0.47077661E-001  0.61851698E-001  0.14541962E+001  0.42332222E+002
 -0.47077668E-001  0.61851779E-001  0.14541979E+001  0.42332228E+002
 -0.47077674E-001  0.61851856E-001  0.14541995E+001  0.42332233E+002
 -0.47077681E-001  0.61851929E-001  0.14542011E+001  0.42332239E+002
 -0.47077688E-001  0.61851998E-001  0.14542027E+001  0.42332245E+002
 -0.47077694E-001  0.61852065E-001  0.14542042E+001  0.42332250E+002
 -0.47077700E-001  0.61852127E-001  0.14542057E+001  0.42332255E+002
 -0.47077706E-001  0.61852187E-001  0.14542071E+001  0.42332260E+002
 -0.47077711E-001  0.61852243E-001  0.14542085E+001  0.42332266E+002
 -0.47077716E-001  0.61852296E-001  0.14542098E+001  0.42332271E+002
 -0.47077721E-001  0.61852346E-001  0.14542111E+001  0.42332276E+002
 -0.47077725E-001  0.61852393E-001  0.14542123E+001  0.42332281E+002
 -0.47077729E-001  0.61852438E-001  0.14542136E+001  0.42332285E+002
 -0.47077733E-001  0.61852480E-001  0.14542147E+001  0.42332290E+002
 -0.47077737E-001  0.61852519E-001  0.14542159E+001  0.42332295E+002
 -0.47077740E-001  0.61852556E-001  0.14542169E+001  0.42332299E+002
 -0.47077743E-001  0.61852591E-001  0.14542180E+001  0.42332304E+002
 -0.47077745E-001  0.61852624E-001  0.14542190E+001  0.42332308E+002
 -0.47077747E-001  0.61852655E-001  0.14542200E+001  0.42332313E+002
 -0.47077749E-001  0.61852684E-001  0.14542209E+001  0.42332317E+002
 -0.47077751E-001  0.61852711E-001  0.14542218E+001  0.42332321E+002
 -0.47077752E-001  0.61852737E-001  0.14542227E+001  0.42332326E+002
 -0.47077753E-001  0.61852762E-001  0.14542236E+001  0.42332330E+002
 -0.47077753E-001  0.61852785E-001  0.14542244E+001  0.42332334E+002
 -0.47077754E-001  0.61852807E-001  0.14542251E+001  0.42332338E+002
 -0.47077754E-001  0.61852827E-001  0.14542259E+001  0.42332342E+002
 -0.47077754E-001  0.61852847E-001  0.14542266E+001  0.42332346E+002
 -0.47077754E-001  0.61852866E-001  0.14542273E+001  0.42332350E+002
 -0.47077754E-001  0.61852884E-001  0.14542280E+001  0.42332354E+002
 -0.47077753E-001  0.61852901E-001  0.14542286E+001  0.42332358E+002
 -0.47077752E-001  0.61852917E-001  0.14542292E+001  0.42332362E+002
 -0.47077752E-001  0.61852933E-001  0.14542298E+001  0.42332366E+002
 -0.47077751E-001  0.61852948E-001  0.14542304E+001  0.42332370E+002
 -0.47077750E-001  0.61852962E-001  0.14542309E+001  0.42332374E+002
 -0.47077749E-001  0.61852976E-001  0.14542314E+001  0.42332378E+002
 -0.47077748E-001  0.61852989E-001  0.14542319E+001  0.42332382E+002
 -0.47077747E-001  0.61853002E-001  0.14542324E+001  0.42332386E+002
 -0.47077746E-001  0.61853015E-001  0.14542329E+001  0.42332390E+002
 -0.47077745E-001  0.61853026E-001  0.14542333E+001  0.42332394E+002
 -0.47077743E-001  0.61853038E-001  0.14542337E+001  0.42332399E+002
 -0.47077742E-001  0.61853049E-001  0.14542341E+001  0.42332403E+002
 -0.47077741E-001  0.61853060E-001  0.14542345E+001  0.42332407E+002
 -0.47077740E-001  0.61853070E-001  0.14542349E+001  0.42332411E+002
 -0.47077739E-001  0.61853080E-001  0.14542353E+001  0.42332415E+002
 -0.47077738E-001  0.61853089E-001  0.14542356E+001  0.42332419E+002
 -0.47077737E-001  0.61853098E-001  0.14542359E+001  0.42332423E+002
 -0.47077736E-001  0.61853107E-001  0.14542362E+001  0.42332428E+002
 -0.47077735E-001  0.61853115E-001  0.14542365E+001  0.42332432E+002
 -0.47077734E-001  0.61853123E-001  0.14542368E+001  0.42332436E+002
 -0.47077733E-001  0.61853131E-001  0.14542371E+001  0.42332441E+002
 -0.47077732E-001  0.61853139E-001  0.14542373E+001  0.42332445E+002
 -0.47077731E-001  0.61853146E-001  0.14542376E+001  0.42332449E+002
 -0.47077731E-001  0.61853152E-001  0.14542378E+001  0.42332454E+002
 -0.47077730E-001  0.61853159E-001  0.14542380E+001  0.42332458E+002
 -0.47077729E-001  0.61853165E-001  0.14542382E+001  0.42332463E+002
 -0.47077729E-001  0.61853171E-001  0.14542384E+001  0.42332468E+002
 -0.47077728E-001  0.61853176E-001  0.14542386E+001  0.42332472E+002
 -0.47077728E-001  0.61853181E-001  0.14542388E+001  0.42332477E+002
 -0.47077727E-001  0.61853186E-001  0.14542390E+001  0.42332482E+002
 -0.47077727E-001  0.61853191E-001  0.14542391E+001  0.42332487E+002
 -0.47077726E-001  0.61853195E-001  0.14542393E+001  0.42332492E+002
 -0.47077726E-001  0.61853199E-001  0.14542394E+001  0.42332496E+002
 -0.47077726E-001  0.61853203E-001  0.14542396E+001  0.42332501E+002
 -0.47077725E-001  0.61853206E-001  0.14542397E+001  0.42332506E+002
 -0.47077725E-001  0.61853210E-001  0.14542398E+001  0.42332512E+002
 -0.47077725E-001  0.61853213E-001  0.14542399E+001  0.42332517E+002
 -0.47077724E-001  0.61853216E-001  0.14542400E+001  0.42332522E+002
 -0.47077724E-001  0.61853218E-001  0.14542401E+001  0.42332527E+002
 -0.47077724E-001  0.61853221E-001  0.14542402E+001  0.42332532E+002
 -0.47077724E-001  0.61853223E-001  0.14542403E+001  0.42332538E+002
 -0.47077724E-001  0.61853225E-001  0.14542404E+001  0.42332543E+002
 -0.47077724E-001  0.61853227E-001  0.14542405E+001  0.42332548E+002
 -0.47077724E-001  0.61853228E-001  0.14542406E+001  0.42332554E+002
 -0.47077724E-001  0.61853230E-001  0.14542406E+001  0.42332559E+002
 -0.47077723E-001  0.61853231E-001  0.14542407E+001  0.42332565E+002
 -0.47077723E-001  0.61853232E-001  0.14542408E+001  0.42332570E+002
 -0.47077723E-001  0.61853233E-001  0.14542408E+001  0.42332576E+002
 -0.47077723E-001  0.61853234E-001  0.14542409E+001  0.42332581E+002
 -0.47077723E-001  0.61853235E-001  0.14542409E+001  0.42332587E+002
 -0.47077723E-001  0.61853236E-001  0.14542410E+001  0.42332592E+002
 -0.47077723E-001  0.61853236E-001  0.14542410E+001  0.42332598E+002
 -0.47077723E-001  0.61853236E-001  0.14542411E+001  0.42332604E+002
 -0.47077723E-001  0.61853237E-001  0.14542411E+001  0.42332609E+002
 -0.47077723E-001  0.61853237E-001  0.14542411E+001  0.42332615E+002
 -0.47077724E-001  0.61853237E-001  0.14542412E+001  0.42332620E+002
 -0.47077724E-001  0.61853237E-001  0.14542412E+001  0.42332626E+002
 -0.47077724E-001  0.61853237E-001  0.14542412E+001  0.42332631E+002
 -0.47077724E-001  0.61853237E-001  0.14542412E+001  0.42332637E+002
 -0.47077724E-001  0.61853237E-001  0.14542413E+001  0.42332643E+002
 -0.47077724E-001  0.61853236E-001  0.14542413E+001  0.42332648E+002
 -0.47077724E-001  0.61853236E-001  0.14542413E+001  0.42332654E+002
 -0.47077724E-001  0.61853235E-001  0.14542413E+001  0.42332659E+002
 -0.47077724E-001  0.61853235E-001  0.14542413E+001  0.42332665E+002
 -0.47077724E-001  0.61853234E-001  0.14542413E+001  0.42332670E+002
 -0.47077724E-001  0.61853234E-001  0.14542413E+001  0.42332675E+002
 -0.47077724E-001  0.61853233E-001  0.14542414E+001  0.42332681E+002
 -0.47077724E-001  0.61853232E-001  0.14542414E+001  0.42332686E+002
 -0.47077724E-001  0.61853232E-001  0.14542414E+001  0.42332691E+002
 -0.47077724E-001  0.61853231E-001  0.14542414E+001  0.42332696E+002
 -0.47077724E-001  0.61853230E-001  0.14542414E+001  0.42332702E+002
 -0.47077724E-001  0.61853229E-001  0.14542414E+001  0.42332707E+002
 -0.47077725E-001  0.61853228E-001  0.14542414E+001  0.42332712E+002
 -0.47077725E-001  0.61853227E-001  0.14542414E+001  0.42332717E+002
 -0.47077725E-001  0.61853226E-001  0.14542414E+001  0.42332722E+002
 -0.47077725E-001  0.61853224E-001  0.14542414E+001  0.42332726E+002
 -0.47077725E-001  0.61853223E-001  0.14542413E+001  0.42332731E+002
 -0.47077726E-001  0.61853221E-001  0.14542413E+001  0.42332736E+002
 -0.47077726E-001  0.61853220E-001  0.14542413E+001  0.42332740E+002
 -0.47077727E-001  0.61853218E-001  0.14542413E+001  0.42332745E+002
 -0.47077728E-001  0.61853217E-001  0.14542413E+001  0.42332749E+002
 -0.47077729E-001  0.61853215E-001  0.14542413E+001  0.42332754E+002
 -0.47077731E-001  0.61853213E-001  0.14542412E+001  0.42332758E+002
 -0.47077733E-001  0.61853211E-001  0.14542412E+001  0.42332762E+002
