  0.15115814E+001
  0.15116257E+001
  0.15115774E+001
  0.15115403E+001
  0.15115150E+001
  0.15114932E+001
  0.15114741E+001
  0.15114574E+001
  0.15114427E+001
  0.15114298E+001
  0.15114185E+001
  0.15114085E+001
  0.15113997E+001
  0.15113920E+001
  0.15113852E+001
  0.15113792E+001
  0.15113739E+001
  0.15113692E+001
  0.15113649E+001
  0.15113613E+001
  0.15113585E+001
  0.15113560E+001
  0.15113539E+001
  0.15113521E+001
  0.15113506E+001
  0.15113494E+001
  0.15113483E+001
  0.15113474E+001
  0.15113466E+001
  0.15113460E+001
  0.15113456E+001
  0.15113452E+001
  0.15113449E+001
  0.15113446E+001
  0.15113445E+001
  0.15113444E+001
  0.15113444E+001
  0.15113444E+001
  0.15113444E+001
  0.15113445E+001
  0.15113446E+001
  0.15113447E+001
  0.15113449E+001
  0.15113450E+001
  0.15113452E+001
  0.15113455E+001
  0.15113457E+001
  0.15113459E+001
  0.15113462E+001
  0.15113465E+001
  0.15113468E+001
  0.15113470E+001
  0.15113473E+001
  0.15113476E+001
  0.15113480E+001
  0.15113483E+001
  0.15113486E+001
  0.15113489E+001
  0.15113492E+001
  0.15113495E+001
  0.15113499E+001
  0.15113502E+001
  0.15113505E+001
  0.15113508E+001
  0.15113511E+001
  0.15113514E+001
  0.15113518E+001
  0.15113521E+001
  0.15113524E+001
  0.15113527E+001
  0.15113530E+001
  0.15113533E+001
  0.15113535E+001
  0.15113538E+001
  0.15113541E+001
  0.15113544E+001
  0.15113546E+001
  0.15113549E+001
  0.15113551E+001
  0.15113554E+001
  0.15113556E+001
  0.15113559E+001
  0.15113561E+001
  0.15113563E+001
  0.15113565E+001
  0.15113567E+001
  0.15113569E+001
  0.15113571E+001
  0.15113572E+001
  0.15113574E+001
  0.15113576E+001
  0.15113577E+001
  0.15113579E+001
  0.15113580E+001
  0.15113581E+001
  0.15113583E+001
  0.15113584E+001
  0.15113585E+001
  0.15113586E+001
  0.15113587E+001
  0.15113588E+001
  0.15113589E+001
  0.15113589E+001
  0.15113590E+001
  0.15113591E+001
  0.15113592E+001
  0.15113592E+001
  0.15113593E+001
  0.15113593E+001
  0.15113594E+001
  0.15113594E+001
  0.15113595E+001
  0.15113595E+001
  0.15113596E+001
  0.15113596E+001
  0.15113597E+001
  0.15113597E+001
  0.15113598E+001
  0.15113598E+001
  0.15113598E+001
  0.15113599E+001
  0.15113599E+001
  0.15113599E+001
  0.15113600E+001
  0.15113600E+001
  0.15113601E+001
  0.15113601E+001
  0.15113601E+001
  0.15113602E+001
  0.15113602E+001
  0.15113602E+001
  0.15113603E+001
  0.15113603E+001
  0.15113603E+001
  0.15113604E+001
  0.15113604E+001
  0.15113605E+001
  0.15113605E+001
  0.15113605E+001
  0.15113606E+001
  0.15113606E+001
  0.15113607E+001
  0.15113607E+001
  0.15113608E+001
  0.15113608E+001
  0.15113608E+001
  0.15113609E+001
  0.15113609E+001
  0.15113610E+001
  0.15113610E+001
  0.15113611E+001
  0.15113611E+001
  0.15113612E+001
  0.15113612E+001
  0.15113613E+001
  0.15113613E+001
  0.15113614E+001
  0.15113614E+001
  0.15113615E+001
  0.15113615E+001
  0.15113616E+001
  0.15113616E+001
  0.15113617E+001
  0.15113617E+001
  0.15113618E+001
  0.15113618E+001
  0.15113619E+001
  0.15113619E+001
  0.15113620E+001
  0.15113620E+001
  0.15113621E+001
  0.15113621E+001
  0.15113622E+001
  0.15113622E+001
  0.15113623E+001
  0.15113623E+001
  0.15113624E+001
  0.15113625E+001
  0.15113625E+001
  0.15113626E+001
  0.15113626E+001
  0.15113627E+001
  0.15113627E+001
  0.15113628E+001
  0.15113628E+001
  0.15113629E+001
  0.15113629E+001
  0.15113630E+001
  0.15113630E+001
  0.15113631E+001
  0.15113631E+001
  0.15113631E+001
  0.15113632E+001
  0.15113632E+001
  0.15113633E+001
  0.15113633E+001
  0.15113634E+001
  0.15113634E+001
  0.15113634E+001
  0.15113635E+001
