  0.57599598E+000  0.94048419E+000  0.10818129E+001  0.34480331E+001
  0.57604835E+000  0.94045849E+000  0.10819097E+001  0.34480866E+001
  0.57600202E+000  0.94037055E+000  0.10818750E+001  0.34480624E+001
  0.57596646E+000  0.94032848E+000  0.10818312E+001  0.34480356E+001
  0.57594306E+000  0.94029470E+000  0.10818056E+001  0.34480169E+001
  0.57592283E+000  0.94026586E+000  0.10817839E+001  0.34480005E+001
  0.57590511E+000  0.94024106E+000  0.10817647E+001  0.34479860E+001
  0.57588956E+000  0.94021969E+000  0.10817476E+001  0.34479732E+001
  0.57587592E+000  0.94020127E+000  0.10817323E+001  0.34479617E+001
  0.57586394E+000  0.94018538E+000  0.10817187E+001  0.34479516E+001
  0.57585341E+000  0.94017165E+000  0.10817065E+001  0.34479427E+001
  0.57584417E+000  0.94015979E+000  0.10816956E+001  0.34479348E+001
  0.57583605E+000  0.94014952E+000  0.10816859E+001  0.34479279E+001
  0.57582889E+000  0.94014063E+000  0.10816772E+001  0.34479218E+001
  0.57582258E+000  0.94013293E+000  0.10816694E+001  0.34479164E+001
  0.57581699E+000  0.94012624E+000  0.10816625E+001  0.34479117E+001
  0.57581202E+000  0.94012043E+000  0.10816562E+001  0.34479075E+001
  0.57580759E+000  0.94011538E+000  0.10816505E+001  0.34479038E+001
  0.57580356E+000  0.94011094E+000  0.10816451E+001  0.34479004E+001
  0.57580009E+000  0.94010718E+000  0.10816408E+001  0.34478977E+001
  0.57579745E+000  0.94010402E+000  0.10816374E+001  0.34478954E+001
  0.57579516E+000  0.94010132E+000  0.10816345E+001  0.34478935E+001
  0.57579316E+000  0.94009902E+000  0.10816320E+001  0.34478919E+001
  0.57579142E+000  0.94009707E+000  0.10816300E+001  0.34478905E+001
  0.57578991E+000  0.94009541E+000  0.10816283E+001  0.34478894E+001
  0.57578860E+000  0.94009401E+000  0.10816268E+001  0.34478884E+001
  0.57578747E+000  0.94009284E+000  0.10816257E+001  0.34478876E+001
  0.57578649E+000  0.94009187E+000  0.10816247E+001  0.34478869E+001
  0.57578565E+000  0.94009106E+000  0.10816240E+001  0.34478863E+001
  0.57578493E+000  0.94009040E+000  0.10816234E+001  0.34478859E+001
  0.57578432E+000  0.94008987E+000  0.10816229E+001  0.34478855E+001
  0.57578380E+000  0.94008944E+000  0.10816226E+001  0.34478852E+001
  0.57578338E+000  0.94008912E+000  0.10816224E+001  0.34478850E+001
  0.57578303E+000  0.94008888E+000  0.10816222E+001  0.34478849E+001
  0.57578274E+000  0.94008870E+000  0.10816222E+001  0.34478848E+001
  0.57578253E+000  0.94008860E+000  0.10816221E+001  0.34478847E+001
  0.57578236E+000  0.94008854E+000  0.10816222E+001  0.34478847E+001
  0.57578225E+000  0.94008853E+000  0.10816223E+001  0.34478848E+001
  0.57578218E+000  0.94008857E+000  0.10816224E+001  0.34478848E+001
  0.57578215E+000  0.94008864E+000  0.10816226E+001  0.34478849E+001
  0.57578216E+000  0.94008874E+000  0.10816228E+001  0.34478851E+001
  0.57578220E+000  0.94008887E+000  0.10816230E+001  0.34478852E+001
  0.57578227E+000  0.94008903E+000  0.10816232E+001  0.34478854E+001
  0.57578237E+000  0.94008920E+000  0.10816235E+001  0.34478856E+001
  0.57578250E+000  0.94008940E+000  0.10816237E+001  0.34478858E+001
  0.57578264E+000  0.94008961E+000  0.10816240E+001  0.34478860E+001
  0.57578281E+000  0.94008984E+000  0.10816243E+001  0.34478863E+001
  0.57578299E+000  0.94009008E+000  0.10816246E+001  0.34478865E+001
  0.57578319E+000  0.94009033E+000  0.10816249E+001  0.34478868E+001
  0.57578340E+000  0.94009060E+000  0.10816252E+001  0.34478871E+001
  0.57578362E+000  0.94009087E+000  0.10816256E+001  0.34478874E+001
  0.57578386E+000  0.94009115E+000  0.10816259E+001  0.34478877E+001
  0.57578410E+000  0.94009144E+000  0.10816263E+001  0.34478880E+001
  0.57578435E+000  0.94009173E+000  0.10816266E+001  0.34478883E+001
  0.57578461E+000  0.94009202E+000  0.10816270E+001  0.34478887E+001
  0.57578487E+000  0.94009232E+000  0.10816273E+001  0.34478890E+001
  0.57578514E+000  0.94009263E+000  0.10816277E+001  0.34478893E+001
  0.57578541E+000  0.94009293E+000  0.10816280E+001  0.34478896E+001
  0.57578568E+000  0.94009324E+000  0.10816284E+001  0.34478900E+001
  0.57578595E+000  0.94009354E+000  0.10816288E+001  0.34478903E+001
  0.57578622E+000  0.94009385E+000  0.10816291E+001  0.34478907E+001
  0.57578650E+000  0.94009415E+000  0.10816295E+001  0.34478910E+001
  0.57578677E+000  0.94009446E+000  0.10816298E+001  0.34478913E+001
  0.57578704E+000  0.94009476E+000  0.10816302E+001  0.34478917E+001
  0.57578731E+000  0.94009506E+000  0.10816306E+001  0.34478920E+001
  0.57578758E+000  0.94009535E+000  0.10816309E+001  0.34478923E+001
  0.57578785E+000  0.94009565E+000  0.10816313E+001  0.34478927E+001
  0.57578811E+000  0.94009594E+000  0.10816316E+001  0.34478930E+001
  0.57578837E+000  0.94009623E+000  0.10816320E+001  0.34478933E+001
  0.57578863E+000  0.94009651E+000  0.10816323E+001  0.34478936E+001
  0.57578888E+000  0.94009679E+000  0.10816327E+001  0.34478940E+001
  0.57578913E+000  0.94009706E+000  0.10816330E+001  0.34478943E+001
  0.57578937E+000  0.94009733E+000  0.10816333E+001  0.34478946E+001
  0.57578961E+000  0.94009759E+000  0.10816337E+001  0.34478949E+001
  0.57578985E+000  0.94009785E+000  0.10816340E+001  0.34478952E+001
  0.57579008E+000  0.94009810E+000  0.10816343E+001  0.34478954E+001
  0.57579030E+000  0.94009835E+000  0.10816346E+001  0.34478957E+001
  0.57579052E+000  0.94009859E+000  0.10816349E+001  0.34478960E+001
  0.57579073E+000  0.94009882E+000  0.10816352E+001  0.34478962E+001
  0.57579094E+000  0.94009904E+000  0.10816355E+001  0.34478965E+001
  0.57579114E+000  0.94009926E+000  0.10816358E+001  0.34478967E+001
  0.57579133E+000  0.94009947E+000  0.10816361E+001  0.34478970E+001
  0.57579152E+000  0.94009968E+000  0.10816363E+001  0.34478972E+001
  0.57579170E+000  0.94009987E+000  0.10816366E+001  0.34478974E+001
  0.57579188E+000  0.94010006E+000  0.10816368E+001  0.34478976E+001
  0.57579204E+000  0.94010024E+000  0.10816371E+001  0.34478979E+001
  0.57579220E+000  0.94010042E+000  0.10816373E+001  0.34478980E+001
  0.57579236E+000  0.94010058E+000  0.10816375E+001  0.34478982E+001
  0.57579250E+000  0.94010074E+000  0.10816377E+001  0.34478984E+001
  0.57579264E+000  0.94010089E+000  0.10816380E+001  0.34478986E+001
  0.57579278E+000  0.94010103E+000  0.10816382E+001  0.34478987E+001
  0.57579291E+000  0.94010117E+000  0.10816384E+001  0.34478989E+001
  0.57579303E+000  0.94010129E+000  0.10816385E+001  0.34478990E+001
  0.57579314E+000  0.94010141E+000  0.10816387E+001  0.34478992E+001
  0.57579325E+000  0.94010153E+000  0.10816389E+001  0.34478993E+001
  0.57579335E+000  0.94010163E+000  0.10816390E+001  0.34478994E+001
  0.57579345E+000  0.94010173E+000  0.10816392E+001  0.34478995E+001
  0.57579354E+000  0.94010183E+000  0.10816393E+001  0.34478996E+001
  0.57579362E+000  0.94010191E+000  0.10816395E+001  0.34478997E+001
  0.57579370E+000  0.94010200E+000  0.10816396E+001  0.34478998E+001
  0.57579378E+000  0.94010207E+000  0.10816397E+001  0.34478999E+001
  0.57579385E+000  0.94010214E+000  0.10816399E+001  0.34479000E+001
  0.57579391E+000  0.94010221E+000  0.10816400E+001  0.34479001E+001
  0.57579398E+000  0.94010227E+000  0.10816401E+001  0.34479002E+001
  0.57579403E+000  0.94010232E+000  0.10816402E+001  0.34479002E+001
  0.57579409E+000  0.94010238E+000  0.10816403E+001  0.34479003E+001
  0.57579414E+000  0.94010242E+000  0.10816404E+001  0.34479004E+001
  0.57579419E+000  0.94010247E+000  0.10816405E+001  0.34479004E+001
  0.57579423E+000  0.94010251E+000  0.10816406E+001  0.34479005E+001
  0.57579427E+000  0.94010255E+000  0.10816406E+001  0.34479005E+001
  0.57579431E+000  0.94010258E+000  0.10816407E+001  0.34479006E+001
  0.57579435E+000  0.94010261E+000  0.10816408E+001  0.34479006E+001
  0.57579438E+000  0.94010264E+000  0.10816409E+001  0.34479007E+001
  0.57579442E+000  0.94010267E+000  0.10816409E+001  0.34479008E+001
  0.57579445E+000  0.94010270E+000  0.10816410E+001  0.34479008E+001
  0.57579447E+000  0.94010272E+000  0.10816411E+001  0.34479009E+001
  0.57579450E+000  0.94010274E+000  0.10816411E+001  0.34479009E+001
  0.57579453E+000  0.94010277E+000  0.10816412E+001  0.34479010E+001
  0.57579455E+000  0.94010279E+000  0.10816412E+001  0.34479010E+001
  0.57579458E+000  0.94010280E+000  0.10816413E+001  0.34479011E+001
  0.57579460E+000  0.94010282E+000  0.10816413E+001  0.34479011E+001
  0.57579462E+000  0.94010284E+000  0.10816414E+001  0.34479012E+001
  0.57579464E+000  0.94010285E+000  0.10816414E+001  0.34479013E+001
  0.57579466E+000  0.94010287E+000  0.10816415E+001  0.34479013E+001
  0.57579468E+000  0.94010288E+000  0.10816415E+001  0.34479014E+001
  0.57579470E+000  0.94010290E+000  0.10816416E+001  0.34479015E+001
  0.57579472E+000  0.94010291E+000  0.10816416E+001  0.34479015E+001
  0.57579473E+000  0.94010292E+000  0.10816417E+001  0.34479016E+001
  0.57579475E+000  0.94010293E+000  0.10816417E+001  0.34479017E+001
  0.57579476E+000  0.94010295E+000  0.10816417E+001  0.34479018E+001
  0.57579478E+000  0.94010296E+000  0.10816418E+001  0.34479018E+001
  0.57579479E+000  0.94010297E+000  0.10816418E+001  0.34479019E+001
  0.57579481E+000  0.94010298E+000  0.10816419E+001  0.34479020E+001
  0.57579482E+000  0.94010299E+000  0.10816419E+001  0.34479021E+001
  0.57579484E+000  0.94010300E+000  0.10816419E+001  0.34479022E+001
  0.57579485E+000  0.94010301E+000  0.10816420E+001  0.34479023E+001
  0.57579486E+000  0.94010302E+000  0.10816420E+001  0.34479024E+001
  0.57579487E+000  0.94010303E+000  0.10816420E+001  0.34479025E+001
  0.57579489E+000  0.94010304E+000  0.10816420E+001  0.34479026E+001
  0.57579490E+000  0.94010304E+000  0.10816421E+001  0.34479027E+001
  0.57579491E+000  0.94010305E+000  0.10816421E+001  0.34479029E+001
  0.57579492E+000  0.94010306E+000  0.10816421E+001  0.34479030E+001
  0.57579493E+000  0.94010307E+000  0.10816422E+001  0.34479031E+001
  0.57579494E+000  0.94010307E+000  0.10816422E+001  0.34479032E+001
  0.57579495E+000  0.94010308E+000  0.10816422E+001  0.34479034E+001
  0.57579496E+000  0.94010309E+000  0.10816422E+001  0.34479035E+001
  0.57579497E+000  0.94010309E+000  0.10816422E+001  0.34479036E+001
  0.57579498E+000  0.94010310E+000  0.10816423E+001  0.34479038E+001
  0.57579498E+000  0.94010311E+000  0.10816423E+001  0.34479039E+001
  0.57579499E+000  0.94010311E+000  0.10816423E+001  0.34479041E+001
  0.57579500E+000  0.94010312E+000  0.10816423E+001  0.34479043E+001
  0.57579501E+000  0.94010312E+000  0.10816423E+001  0.34479044E+001
  0.57579501E+000  0.94010313E+000  0.10816424E+001  0.34479046E+001
  0.57579502E+000  0.94010313E+000  0.10816424E+001  0.34479047E+001
  0.57579502E+000  0.94010314E+000  0.10816424E+001  0.34479049E+001
  0.57579503E+000  0.94010314E+000  0.10816424E+001  0.34479051E+001
  0.57579504E+000  0.94010314E+000  0.10816424E+001  0.34479053E+001
  0.57579504E+000  0.94010315E+000  0.10816424E+001  0.34479054E+001
  0.57579504E+000  0.94010315E+000  0.10816424E+001  0.34479056E+001
  0.57579505E+000  0.94010315E+000  0.10816425E+001  0.34479058E+001
  0.57579505E+000  0.94010316E+000  0.10816425E+001  0.34479060E+001
  0.57579506E+000  0.94010316E+000  0.10816425E+001  0.34479062E+001
  0.57579506E+000  0.94010316E+000  0.10816425E+001  0.34479064E+001
  0.57579506E+000  0.94010316E+000  0.10816425E+001  0.34479066E+001
  0.57579507E+000  0.94010316E+000  0.10816425E+001  0.34479068E+001
  0.57579507E+000  0.94010317E+000  0.10816425E+001  0.34479070E+001
  0.57579507E+000  0.94010317E+000  0.10816425E+001  0.34479072E+001
  0.57579507E+000  0.94010317E+000  0.10816425E+001  0.34479074E+001
  0.57579508E+000  0.94010317E+000  0.10816425E+001  0.34479076E+001
  0.57579508E+000  0.94010317E+000  0.10816425E+001  0.34479078E+001
  0.57579508E+000  0.94010317E+000  0.10816425E+001  0.34479080E+001
  0.57579508E+000  0.94010317E+000  0.10816426E+001  0.34479082E+001
  0.57579508E+000  0.94010317E+000  0.10816426E+001  0.34479084E+001
  0.57579508E+000  0.94010317E+000  0.10816426E+001  0.34479086E+001
  0.57579509E+000  0.94010317E+000  0.10816426E+001  0.34479088E+001
  0.57579509E+000  0.94010317E+000  0.10816426E+001  0.34479090E+001
  0.57579509E+000  0.94010317E+000  0.10816426E+001  0.34479092E+001
  0.57579509E+000  0.94010317E+000  0.10816426E+001  0.34479094E+001
  0.57579509E+000  0.94010317E+000  0.10816426E+001  0.34479096E+001
  0.57579509E+000  0.94010317E+000  0.10816426E+001  0.34479098E+001
  0.57579509E+000  0.94010317E+000  0.10816426E+001  0.34479100E+001
  0.57579509E+000  0.94010317E+000  0.10816426E+001  0.34479102E+001
  0.57579509E+000  0.94010317E+000  0.10816426E+001  0.34479104E+001
  0.57579509E+000  0.94010317E+000  0.10816426E+001  0.34479106E+001
  0.57579509E+000  0.94010317E+000  0.10816426E+001  0.34479108E+001
  0.57579509E+000  0.94010317E+000  0.10816426E+001  0.34479110E+001
  0.57579509E+000  0.94010317E+000  0.10816426E+001  0.34479112E+001
  0.57579509E+000  0.94010317E+000  0.10816426E+001  0.34479114E+001
  0.57579509E+000  0.94010317E+000  0.10816426E+001  0.34479116E+001
  0.57579509E+000  0.94010317E+000  0.10816426E+001  0.34479118E+001
  0.57579509E+000  0.94010316E+000  0.10816426E+001  0.34479120E+001
  0.57579509E+000  0.94010316E+000  0.10816426E+001  0.34479122E+001
  0.57579509E+000  0.94010316E+000  0.10816426E+001  0.34479123E+001
  0.57579508E+000  0.94010316E+000  0.10816426E+001  0.34479125E+001
  0.57579508E+000  0.94010316E+000  0.10816426E+001  0.34479127E+001
  0.57579508E+000  0.94010316E+000  0.10816426E+001  0.34479129E+001
  0.57579508E+000  0.94010315E+000  0.10816426E+001  0.34479130E+001
  0.57579507E+000  0.94010315E+000  0.10816426E+001  0.34479132E+001
  0.57579507E+000  0.94010314E+000  0.10816426E+001  0.34479134E+001
  0.57579507E+000  0.94010313E+000  0.10816426E+001  0.34479135E+001
