  0.68711072E+000
  0.68712872E+000
  0.68709895E+000
  0.68707829E+000
  0.68706314E+000
  0.68705002E+000
  0.68703836E+000
  0.68702799E+000
  0.68701875E+000
  0.68701054E+000
  0.68700323E+000
  0.68699673E+000
  0.68699095E+000
  0.68698581E+000
  0.68698123E+000
  0.68697716E+000
  0.68697351E+000
  0.68697023E+000
  0.68696722E+000
  0.68696473E+000
  0.68696259E+000
  0.68696075E+000
  0.68695917E+000
  0.68695781E+000
  0.68695664E+000
  0.68695565E+000
  0.68695480E+000
  0.68695408E+000
  0.68695347E+000
  0.68695296E+000
  0.68695253E+000
  0.68695218E+000
  0.68695189E+000
  0.68695165E+000
  0.68695147E+000
  0.68695133E+000
  0.68695123E+000
  0.68695116E+000
  0.68695112E+000
  0.68695111E+000
  0.68695112E+000
  0.68695115E+000
  0.68695120E+000
  0.68695126E+000
  0.68695134E+000
  0.68695143E+000
  0.68695153E+000
  0.68695164E+000
  0.68695177E+000
  0.68695189E+000
  0.68695203E+000
  0.68695217E+000
  0.68695232E+000
  0.68695247E+000
  0.68695263E+000
  0.68695278E+000
  0.68695294E+000
  0.68695310E+000
  0.68695327E+000
  0.68695343E+000
  0.68695359E+000
  0.68695375E+000
  0.68695391E+000
  0.68695407E+000
  0.68695423E+000
  0.68695439E+000
  0.68695455E+000
  0.68695470E+000
  0.68695485E+000
  0.68695500E+000
  0.68695515E+000
  0.68695529E+000
  0.68695543E+000
  0.68695556E+000
  0.68695570E+000
  0.68695582E+000
  0.68695595E+000
  0.68695607E+000
  0.68695618E+000
  0.68695630E+000
  0.68695640E+000
  0.68695650E+000
  0.68695660E+000
  0.68695670E+000
  0.68695678E+000
  0.68695687E+000
  0.68695695E+000
  0.68695702E+000
  0.68695709E+000
  0.68695715E+000
  0.68695722E+000
  0.68695727E+000
  0.68695732E+000
  0.68695737E+000
  0.68695741E+000
  0.68695745E+000
  0.68695749E+000
  0.68695752E+000
  0.68695755E+000
  0.68695757E+000
  0.68695759E+000
  0.68695761E+000
  0.68695763E+000
  0.68695764E+000
  0.68695765E+000
  0.68695766E+000
  0.68695767E+000
  0.68695767E+000
  0.68695767E+000
  0.68695768E+000
  0.68695768E+000
  0.68695767E+000
  0.68695767E+000
  0.68695767E+000
  0.68695766E+000
  0.68695766E+000
  0.68695765E+000
  0.68695765E+000
  0.68695764E+000
  0.68695764E+000
  0.68695763E+000
  0.68695762E+000
  0.68695761E+000
  0.68695761E+000
  0.68695760E+000
  0.68695759E+000
  0.68695759E+000
  0.68695758E+000
  0.68695757E+000
  0.68695756E+000
  0.68695756E+000
  0.68695755E+000
  0.68695754E+000
  0.68695754E+000
  0.68695753E+000
  0.68695752E+000
  0.68695752E+000
  0.68695751E+000
  0.68695751E+000
  0.68695750E+000
  0.68695750E+000
  0.68695749E+000
  0.68695749E+000
  0.68695748E+000
  0.68695747E+000
  0.68695747E+000
  0.68695747E+000
  0.68695746E+000
  0.68695746E+000
  0.68695745E+000
  0.68695745E+000
  0.68695744E+000
  0.68695744E+000
  0.68695743E+000
  0.68695743E+000
  0.68695743E+000
  0.68695742E+000
  0.68695742E+000
  0.68695741E+000
  0.68695741E+000
  0.68695741E+000
  0.68695740E+000
  0.68695740E+000
  0.68695739E+000
  0.68695739E+000
  0.68695739E+000
  0.68695738E+000
  0.68695738E+000
  0.68695738E+000
  0.68695737E+000
  0.68695737E+000
  0.68695737E+000
  0.68695736E+000
  0.68695736E+000
  0.68695736E+000
  0.68695735E+000
  0.68695735E+000
  0.68695735E+000
  0.68695734E+000
  0.68695734E+000
  0.68695734E+000
  0.68695734E+000
  0.68695733E+000
  0.68695733E+000
  0.68695733E+000
  0.68695732E+000
  0.68695732E+000
  0.68695732E+000
  0.68695732E+000
  0.68695731E+000
  0.68695731E+000
  0.68695731E+000
  0.68695731E+000
  0.68695730E+000
  0.68695730E+000
  0.68695730E+000
  0.68695730E+000
  0.68695729E+000
  0.68695729E+000
  0.68695729E+000
