  0.89023548E+000
  0.89037726E+000
  0.89056375E+000
  0.89062876E+000
  0.89068716E+000
  0.89073649E+000
  0.89077775E+000
  0.89081218E+000
  0.89084087E+000
  0.89086474E+000
  0.89088457E+000
  0.89090102E+000
  0.89091462E+000
  0.89092584E+000
  0.89093504E+000
  0.89094256E+000
  0.89094864E+000
  0.89095351E+000
  0.89095727E+000
  0.89096044E+000
  0.89096300E+000
  0.89096504E+000
  0.89096663E+000
  0.89096785E+000
  0.89096875E+000
  0.89096938E+000
  0.89096979E+000
  0.89097001E+000
  0.89097008E+000
  0.89097002E+000
  0.89096986E+000
  0.89096962E+000
  0.89096930E+000
  0.89096894E+000
  0.89096853E+000
  0.89096809E+000
  0.89096764E+000
  0.89096716E+000
  0.89096668E+000
  0.89096619E+000
  0.89096571E+000
  0.89096522E+000
  0.89096474E+000
  0.89096427E+000
  0.89096380E+000
  0.89096334E+000
  0.89096288E+000
  0.89096244E+000
  0.89096200E+000
  0.89096156E+000
  0.89096114E+000
  0.89096072E+000
  0.89096030E+000
  0.89095990E+000
  0.89095949E+000
  0.89095909E+000
  0.89095870E+000
  0.89095831E+000
  0.89095793E+000
  0.89095755E+000
  0.89095717E+000
  0.89095679E+000
  0.89095642E+000
  0.89095606E+000
  0.89095570E+000
  0.89095534E+000
  0.89095498E+000
  0.89095463E+000
  0.89095429E+000
  0.89095395E+000
  0.89095362E+000
  0.89095329E+000
  0.89095297E+000
  0.89095265E+000
  0.89095234E+000
  0.89095204E+000
  0.89095174E+000
  0.89095146E+000
  0.89095118E+000
  0.89095091E+000
  0.89095064E+000
  0.89095039E+000
  0.89095014E+000
  0.89094990E+000
  0.89094968E+000
  0.89094946E+000
  0.89094925E+000
  0.89094904E+000
  0.89094885E+000
  0.89094867E+000
  0.89094849E+000
  0.89094833E+000
  0.89094817E+000
  0.89094802E+000
  0.89094788E+000
  0.89094775E+000
  0.89094762E+000
  0.89094751E+000
  0.89094740E+000
  0.89094729E+000
  0.89094720E+000
  0.89094711E+000
  0.89094702E+000
  0.89094694E+000
  0.89094687E+000
  0.89094680E+000
  0.89094674E+000
  0.89094668E+000
  0.89094662E+000
  0.89094657E+000
  0.89094652E+000
  0.89094648E+000
  0.89094644E+000
  0.89094640E+000
  0.89094636E+000
  0.89094632E+000
  0.89094629E+000
  0.89094626E+000
  0.89094623E+000
  0.89094620E+000
  0.89094617E+000
  0.89094615E+000
  0.89094612E+000
  0.89094610E+000
  0.89094608E+000
  0.89094605E+000
  0.89094603E+000
  0.89094601E+000
  0.89094599E+000
  0.89094597E+000
  0.89094595E+000
  0.89094593E+000
  0.89094591E+000
  0.89094590E+000
  0.89094588E+000
  0.89094586E+000
  0.89094585E+000
  0.89094583E+000
  0.89094581E+000
  0.89094580E+000
  0.89094578E+000
  0.89094577E+000
  0.89094576E+000
  0.89094574E+000
  0.89094573E+000
  0.89094572E+000
  0.89094570E+000
  0.89094569E+000
  0.89094568E+000
  0.89094567E+000
  0.89094566E+000
  0.89094565E+000
  0.89094564E+000
  0.89094563E+000
  0.89094562E+000
  0.89094561E+000
  0.89094560E+000
  0.89094560E+000
  0.89094559E+000
  0.89094558E+000
  0.89094558E+000
  0.89094557E+000
  0.89094556E+000
  0.89094556E+000
  0.89094555E+000
  0.89094555E+000
  0.89094554E+000
  0.89094554E+000
  0.89094553E+000
  0.89094553E+000
  0.89094553E+000
  0.89094552E+000
  0.89094552E+000
  0.89094552E+000
  0.89094552E+000
  0.89094551E+000
  0.89094551E+000
  0.89094551E+000
  0.89094551E+000
  0.89094550E+000
  0.89094550E+000
  0.89094550E+000
  0.89094550E+000
  0.89094550E+000
  0.89094550E+000
  0.89094550E+000
  0.89094550E+000
  0.89094550E+000
  0.89094550E+000
  0.89094550E+000
  0.89094550E+000
  0.89094550E+000
  0.89094550E+000
  0.89094550E+000
  0.89094550E+000
  0.89094550E+000
  0.89094550E+000
  0.89094550E+000
  0.89094551E+000
  0.89094554E+000
