  0.10950479E+002
  0.10950710E+002
  0.10950570E+002
  0.10950422E+002
  0.10950340E+002
  0.10950273E+002
  0.10950220E+002
  0.10950179E+002
  0.10950146E+002
  0.10950122E+002
  0.10950103E+002
  0.10950090E+002
  0.10950080E+002
  0.10950074E+002
  0.10950070E+002
  0.10950069E+002
  0.10950069E+002
  0.10950071E+002
  0.10950073E+002
  0.10950076E+002
  0.10950083E+002
  0.10950089E+002
  0.10950095E+002
  0.10950101E+002
  0.10950107E+002
  0.10950113E+002
  0.10950119E+002
  0.10950125E+002
  0.10950130E+002
  0.10950136E+002
  0.10950141E+002
  0.10950146E+002
  0.10950151E+002
  0.10950156E+002
  0.10950161E+002
  0.10950165E+002
  0.10950169E+002
  0.10950173E+002
  0.10950177E+002
  0.10950181E+002
  0.10950184E+002
  0.10950188E+002
  0.10950191E+002
  0.10950194E+002
  0.10950197E+002
  0.10950200E+002
  0.10950203E+002
  0.10950206E+002
  0.10950209E+002
  0.10950211E+002
  0.10950214E+002
  0.10950216E+002
  0.10950219E+002
  0.10950221E+002
  0.10950224E+002
  0.10950226E+002
  0.10950228E+002
  0.10950231E+002
  0.10950233E+002
  0.10950235E+002
  0.10950238E+002
  0.10950240E+002
  0.10950242E+002
  0.10950245E+002
  0.10950247E+002
  0.10950249E+002
  0.10950252E+002
  0.10950254E+002
  0.10950256E+002
  0.10950258E+002
  0.10950261E+002
  0.10950263E+002
  0.10950265E+002
  0.10950268E+002
  0.10950270E+002
  0.10950272E+002
  0.10950274E+002
  0.10950276E+002
  0.10950279E+002
  0.10950281E+002
  0.10950283E+002
  0.10950285E+002
  0.10950287E+002
  0.10950289E+002
  0.10950291E+002
  0.10950293E+002
  0.10950295E+002
  0.10950297E+002
  0.10950299E+002
  0.10950300E+002
  0.10950302E+002
  0.10950304E+002
  0.10950306E+002
  0.10950308E+002
  0.10950309E+002
  0.10950311E+002
  0.10950312E+002
  0.10950314E+002
  0.10950316E+002
  0.10950317E+002
  0.10950319E+002
  0.10950320E+002
  0.10950321E+002
  0.10950323E+002
  0.10950324E+002
  0.10950326E+002
  0.10950327E+002
  0.10950328E+002
  0.10950330E+002
  0.10950331E+002
  0.10950332E+002
  0.10950333E+002
  0.10950335E+002
  0.10950336E+002
  0.10950337E+002
  0.10950338E+002
  0.10950339E+002
  0.10950340E+002
  0.10950342E+002
  0.10950343E+002
  0.10950344E+002
  0.10950345E+002
  0.10950346E+002
  0.10950347E+002
  0.10950348E+002
  0.10950349E+002
  0.10950351E+002
  0.10950352E+002
  0.10950353E+002
  0.10950354E+002
  0.10950355E+002
  0.10950356E+002
  0.10950357E+002
  0.10950358E+002
  0.10950360E+002
  0.10950361E+002
  0.10950362E+002
  0.10950363E+002
  0.10950364E+002
  0.10950365E+002
  0.10950367E+002
  0.10950368E+002
  0.10950369E+002
  0.10950370E+002
  0.10950372E+002
  0.10950373E+002
  0.10950374E+002
  0.10950375E+002
  0.10950377E+002
  0.10950378E+002
  0.10950379E+002
  0.10950380E+002
  0.10950382E+002
  0.10950383E+002
  0.10950384E+002
  0.10950386E+002
  0.10950387E+002
  0.10950388E+002
  0.10950390E+002
  0.10950391E+002
  0.10950393E+002
  0.10950394E+002
  0.10950395E+002
  0.10950397E+002
  0.10950398E+002
  0.10950399E+002
  0.10950401E+002
  0.10950402E+002
  0.10950404E+002
  0.10950405E+002
  0.10950407E+002
  0.10950408E+002
  0.10950409E+002
  0.10950411E+002
  0.10950412E+002
  0.10950414E+002
  0.10950415E+002
  0.10950416E+002
  0.10950418E+002
  0.10950419E+002
  0.10950420E+002
  0.10950422E+002
  0.10950423E+002
  0.10950424E+002
  0.10950426E+002
  0.10950427E+002
  0.10950428E+002
  0.10950430E+002
  0.10950431E+002
  0.10950432E+002
  0.10950433E+002
  0.10950435E+002
  0.10950436E+002
  0.10950437E+002
  0.10950438E+002
  0.10950439E+002
  0.10950440E+002
  0.10950441E+002
  0.10950442E+002
  0.10950443E+002
