  0.37555754E+000
  0.37555830E+000
  0.37555899E+000
  0.37555960E+000
  0.37556014E+000
  0.37556063E+000
  0.37556105E+000
  0.37556143E+000
  0.37556176E+000
  0.37556205E+000
  0.37556230E+000
  0.37556252E+000
  0.37556271E+000
  0.37556287E+000
  0.37556302E+000
  0.37556314E+000
  0.37556324E+000
  0.37556332E+000
  0.37556338E+000
  0.37556343E+000
  0.37556346E+000
  0.37556348E+000
  0.37556349E+000
  0.37556349E+000
  0.37556347E+000
  0.37556345E+000
  0.37556342E+000
  0.37556338E+000
  0.37556334E+000
  0.37556329E+000
  0.37556324E+000
  0.37556318E+000
  0.37556311E+000
  0.37556305E+000
  0.37556298E+000
  0.37556290E+000
  0.37556283E+000
  0.37556275E+000
  0.37556267E+000
  0.37556259E+000
  0.37556250E+000
  0.37556242E+000
  0.37556233E+000
  0.37556224E+000
  0.37556215E+000
  0.37556206E+000
  0.37556197E+000
  0.37556188E+000
  0.37556179E+000
  0.37556169E+000
  0.37556160E+000
  0.37556151E+000
  0.37556141E+000
  0.37556132E+000
  0.37556122E+000
  0.37556113E+000
  0.37556103E+000
  0.37556094E+000
  0.37556084E+000
  0.37556075E+000
  0.37556066E+000
  0.37556056E+000
  0.37556047E+000
  0.37556038E+000
  0.37556028E+000
  0.37556019E+000
  0.37556010E+000
  0.37556001E+000
  0.37555992E+000
  0.37555983E+000
  0.37555975E+000
  0.37555966E+000
  0.37555958E+000
  0.37555949E+000
  0.37555941E+000
  0.37555933E+000
  0.37555925E+000
  0.37555918E+000
  0.37555910E+000
  0.37555903E+000
  0.37555896E+000
  0.37555889E+000
  0.37555883E+000
  0.37555877E+000
  0.37555870E+000
  0.37555865E+000
  0.37555859E+000
  0.37555854E+000
  0.37555848E+000
  0.37555844E+000
  0.37555839E+000
  0.37555834E+000
  0.37555830E+000
  0.37555826E+000
  0.37555822E+000
  0.37555819E+000
  0.37555815E+000
  0.37555812E+000
  0.37555809E+000
  0.37555806E+000
  0.37555804E+000
  0.37555801E+000
  0.37555799E+000
  0.37555796E+000
  0.37555794E+000
  0.37555792E+000
  0.37555790E+000
  0.37555788E+000
  0.37555787E+000
  0.37555785E+000
  0.37555783E+000
  0.37555782E+000
  0.37555780E+000
  0.37555779E+000
  0.37555778E+000
  0.37555777E+000
  0.37555775E+000
  0.37555774E+000
  0.37555773E+000
  0.37555772E+000
  0.37555771E+000
  0.37555770E+000
  0.37555769E+000
  0.37555768E+000
  0.37555767E+000
  0.37555766E+000
  0.37555765E+000
  0.37555765E+000
  0.37555764E+000
  0.37555763E+000
  0.37555762E+000
  0.37555762E+000
  0.37555761E+000
  0.37555760E+000
  0.37555760E+000
  0.37555759E+000
  0.37555758E+000
  0.37555758E+000
  0.37555757E+000
  0.37555757E+000
  0.37555756E+000
  0.37555756E+000
  0.37555756E+000
  0.37555755E+000
  0.37555755E+000
  0.37555755E+000
  0.37555754E+000
  0.37555754E+000
  0.37555754E+000
  0.37555753E+000
  0.37555753E+000
  0.37555753E+000
  0.37555753E+000
  0.37555753E+000
  0.37555752E+000
  0.37555752E+000
  0.37555752E+000
  0.37555752E+000
  0.37555752E+000
  0.37555752E+000
  0.37555752E+000
  0.37555752E+000
  0.37555752E+000
  0.37555752E+000
  0.37555752E+000
  0.37555752E+000
  0.37555752E+000
  0.37555752E+000
  0.37555752E+000
  0.37555752E+000
  0.37555752E+000
  0.37555752E+000
  0.37555752E+000
  0.37555752E+000
  0.37555752E+000
  0.37555752E+000
  0.37555752E+000
  0.37555752E+000
  0.37555753E+000
  0.37555753E+000
  0.37555753E+000
  0.37555753E+000
  0.37555753E+000
  0.37555753E+000
  0.37555753E+000
  0.37555753E+000
  0.37555754E+000
  0.37555754E+000
  0.37555754E+000
  0.37555754E+000
  0.37555754E+000
  0.37555754E+000
  0.37555754E+000
  0.37555755E+000
  0.37555755E+000
  0.37555755E+000
  0.37555755E+000
  0.37555755E+000
  0.37555755E+000
  0.37555755E+000
