  0.69328195E-001
  0.69548573E-001
  0.69685704E-001
  0.69738273E-001
  0.69764421E-001
  0.69771890E-001
  0.69766236E-001
  0.69751584E-001
  0.69730862E-001
  0.69706216E-001
  0.69679229E-001
  0.69651074E-001
  0.69622660E-001
  0.69594776E-001
  0.69567850E-001
  0.69542214E-001
  0.69518137E-001
  0.69495864E-001
  0.69475660E-001
  0.69457977E-001
  0.69442388E-001
  0.69428607E-001
  0.69416412E-001
  0.69405621E-001
  0.69396077E-001
  0.69387643E-001
  0.69380199E-001
  0.69373635E-001
  0.69367853E-001
  0.69362766E-001
  0.69358295E-001
  0.69354369E-001
  0.69350922E-001
  0.69347900E-001
  0.69345250E-001
  0.69342927E-001
  0.69340893E-001
  0.69339110E-001
  0.69337549E-001
  0.69336183E-001
  0.69334987E-001
  0.69333940E-001
  0.69333025E-001
  0.69332226E-001
  0.69331528E-001
  0.69330920E-001
  0.69330390E-001
  0.69329930E-001
  0.69329531E-001
  0.69329186E-001
  0.69328889E-001
  0.69328633E-001
  0.69328415E-001
  0.69328229E-001
  0.69328071E-001
  0.69327939E-001
  0.69327828E-001
  0.69327737E-001
  0.69327662E-001
  0.69327602E-001
  0.69327554E-001
  0.69327518E-001
  0.69327491E-001
  0.69327472E-001
  0.69327460E-001
  0.69327454E-001
  0.69327454E-001
  0.69327458E-001
  0.69327465E-001
  0.69327476E-001
  0.69327491E-001
  0.69327507E-001
  0.69327526E-001
  0.69327546E-001
  0.69327568E-001
  0.69327591E-001
  0.69327615E-001
  0.69327639E-001
  0.69327665E-001
  0.69327691E-001
  0.69327717E-001
  0.69327744E-001
  0.69327770E-001
  0.69327797E-001
  0.69327823E-001
  0.69327849E-001
  0.69327875E-001
  0.69327900E-001
  0.69327925E-001
  0.69327949E-001
  0.69327973E-001
  0.69327996E-001
  0.69328018E-001
  0.69328040E-001
  0.69328060E-001
  0.69328079E-001
  0.69328097E-001
  0.69328115E-001
  0.69328131E-001
  0.69328147E-001
  0.69328161E-001
  0.69328174E-001
  0.69328186E-001
  0.69328197E-001
  0.69328207E-001
  0.69328216E-001
  0.69328224E-001
  0.69328231E-001
  0.69328237E-001
  0.69328243E-001
  0.69328247E-001
  0.69328251E-001
  0.69328254E-001
  0.69328256E-001
  0.69328258E-001
  0.69328259E-001
  0.69328260E-001
  0.69328260E-001
  0.69328260E-001
  0.69328260E-001
  0.69328259E-001
  0.69328258E-001
  0.69328256E-001
  0.69328255E-001
  0.69328253E-001
  0.69328251E-001
  0.69328249E-001
  0.69328247E-001
  0.69328245E-001
  0.69328243E-001
  0.69328241E-001
  0.69328239E-001
  0.69328238E-001
  0.69328236E-001
  0.69328234E-001
  0.69328232E-001
  0.69328230E-001
  0.69328228E-001
  0.69328227E-001
  0.69328225E-001
  0.69328224E-001
  0.69328222E-001
  0.69328221E-001
  0.69328220E-001
  0.69328219E-001
  0.69328218E-001
  0.69328217E-001
  0.69328216E-001
  0.69328215E-001
  0.69328214E-001
  0.69328213E-001
  0.69328212E-001
  0.69328212E-001
  0.69328211E-001
  0.69328210E-001
  0.69328210E-001
  0.69328209E-001
  0.69328209E-001
  0.69328208E-001
  0.69328208E-001
  0.69328208E-001
  0.69328207E-001
  0.69328207E-001
  0.69328207E-001
  0.69328206E-001
  0.69328206E-001
  0.69328206E-001
  0.69328206E-001
  0.69328205E-001
  0.69328205E-001
  0.69328205E-001
  0.69328205E-001
  0.69328205E-001
  0.69328204E-001
  0.69328204E-001
  0.69328204E-001
  0.69328204E-001
  0.69328204E-001
  0.69328204E-001
  0.69328203E-001
  0.69328203E-001
  0.69328203E-001
  0.69328203E-001
  0.69328203E-001
  0.69328203E-001
  0.69328203E-001
  0.69328203E-001
  0.69328202E-001
  0.69328202E-001
  0.69328202E-001
  0.69328202E-001
  0.69328203E-001
  0.69328203E-001
  0.69328204E-001
  0.69328204E-001
  0.69328205E-001
  0.69328208E-001
  0.69328210E-001
  0.69328217E-001
  0.69328231E-001
