  0.23372266E+000
  0.23816451E+000
  0.23831360E+000
  0.23695051E+000
  0.23631412E+000
  0.23584651E+000
  0.23546520E+000
  0.23514828E+000
  0.23488391E+000
  0.23466323E+000
  0.23447909E+000
  0.23432618E+000
  0.23419912E+000
  0.23409343E+000
  0.23400620E+000
  0.23393503E+000
  0.23387812E+000
  0.23383444E+000
  0.23380411E+000
  0.23379136E+000
  0.23378178E+000
  0.23377369E+000
  0.23376675E+000
  0.23376077E+000
  0.23375561E+000
  0.23375116E+000
  0.23374730E+000
  0.23374395E+000
  0.23374104E+000
  0.23373850E+000
  0.23373629E+000
  0.23373436E+000
  0.23373267E+000
  0.23373119E+000
  0.23372989E+000
  0.23372875E+000
  0.23372774E+000
  0.23372686E+000
  0.23372608E+000
  0.23372539E+000
  0.23372478E+000
  0.23372425E+000
  0.23372377E+000
  0.23372336E+000
  0.23372300E+000
  0.23372268E+000
  0.23372240E+000
  0.23372216E+000
  0.23372196E+000
  0.23372179E+000
  0.23372164E+000
  0.23372152E+000
  0.23372143E+000
  0.23372135E+000
  0.23372128E+000
  0.23372124E+000
  0.23372120E+000
  0.23372117E+000
  0.23372116E+000
  0.23372115E+000
  0.23372114E+000
  0.23372115E+000
  0.23372115E+000
  0.23372116E+000
  0.23372117E+000
  0.23372119E+000
  0.23372120E+000
  0.23372122E+000
  0.23372124E+000
  0.23372127E+000
  0.23372129E+000
  0.23372132E+000
  0.23372135E+000
  0.23372139E+000
  0.23372143E+000
  0.23372146E+000
  0.23372150E+000
  0.23372155E+000
  0.23372159E+000
  0.23372164E+000
  0.23372169E+000
  0.23372175E+000
  0.23372180E+000
  0.23372186E+000
  0.23372191E+000
  0.23372197E+000
  0.23372203E+000
  0.23372209E+000
  0.23372215E+000
  0.23372221E+000
  0.23372227E+000
  0.23372233E+000
  0.23372239E+000
  0.23372245E+000
  0.23372250E+000
  0.23372255E+000
  0.23372260E+000
  0.23372265E+000
  0.23372270E+000
  0.23372274E+000
  0.23372279E+000
  0.23372282E+000
  0.23372286E+000
  0.23372289E+000
  0.23372292E+000
  0.23372294E+000
  0.23372297E+000
  0.23372299E+000
  0.23372300E+000
  0.23372302E+000
  0.23372303E+000
  0.23372303E+000
  0.23372304E+000
  0.23372304E+000
  0.23372304E+000
  0.23372304E+000
  0.23372304E+000
  0.23372304E+000
  0.23372303E+000
  0.23372302E+000
  0.23372302E+000
  0.23372301E+000
  0.23372300E+000
  0.23372299E+000
  0.23372298E+000
  0.23372297E+000
  0.23372295E+000
  0.23372294E+000
  0.23372293E+000
  0.23372292E+000
  0.23372291E+000
  0.23372290E+000
  0.23372289E+000
  0.23372288E+000
  0.23372287E+000
  0.23372286E+000
  0.23372285E+000
  0.23372284E+000
  0.23372283E+000
  0.23372282E+000
  0.23372281E+000
  0.23372281E+000
  0.23372280E+000
  0.23372279E+000
  0.23372279E+000
  0.23372278E+000
  0.23372277E+000
  0.23372277E+000
  0.23372276E+000
  0.23372276E+000
  0.23372275E+000
  0.23372275E+000
  0.23372275E+000
  0.23372274E+000
  0.23372274E+000
  0.23372274E+000
  0.23372273E+000
  0.23372273E+000
  0.23372273E+000
  0.23372273E+000
  0.23372272E+000
  0.23372272E+000
  0.23372272E+000
  0.23372272E+000
  0.23372272E+000
  0.23372272E+000
  0.23372271E+000
  0.23372271E+000
  0.23372271E+000
  0.23372271E+000
  0.23372271E+000
  0.23372271E+000
  0.23372271E+000
  0.23372270E+000
  0.23372270E+000
  0.23372270E+000
  0.23372270E+000
  0.23372270E+000
  0.23372270E+000
  0.23372270E+000
  0.23372270E+000
  0.23372270E+000
  0.23372270E+000
  0.23372269E+000
  0.23372269E+000
  0.23372269E+000
  0.23372269E+000
  0.23372269E+000
  0.23372269E+000
  0.23372269E+000
  0.23372269E+000
  0.23372269E+000
  0.23372269E+000
  0.23372269E+000
  0.23372270E+000
  0.23372270E+000
  0.23372272E+000
  0.23372273E+000
  0.23372279E+000
  0.23372293E+000
