  0.28931956E+000
  0.28927616E+000
  0.28924692E+000
  0.28922180E+000
  0.28920717E+000
  0.28919901E+000
  0.28919551E+000
  0.28919555E+000
  0.28919824E+000
  0.28920290E+000
  0.28920900E+000
  0.28921610E+000
  0.28922385E+000
  0.28923196E+000
  0.28924019E+000
  0.28924836E+000
  0.28925629E+000
  0.28926384E+000
  0.28927084E+000
  0.28927707E+000
  0.28928263E+000
  0.28928758E+000
  0.28929199E+000
  0.28929590E+000
  0.28929936E+000
  0.28930241E+000
  0.28930510E+000
  0.28930746E+000
  0.28930952E+000
  0.28931133E+000
  0.28931290E+000
  0.28931427E+000
  0.28931545E+000
  0.28931648E+000
  0.28931737E+000
  0.28931815E+000
  0.28931882E+000
  0.28931940E+000
  0.28931990E+000
  0.28932034E+000
  0.28932071E+000
  0.28932104E+000
  0.28932133E+000
  0.28932157E+000
  0.28932178E+000
  0.28932196E+000
  0.28932211E+000
  0.28932223E+000
  0.28932234E+000
  0.28932242E+000
  0.28932249E+000
  0.28932253E+000
  0.28932257E+000
  0.28932258E+000
  0.28932259E+000
  0.28932258E+000
  0.28932256E+000
  0.28932254E+000
  0.28932250E+000
  0.28932246E+000
  0.28932241E+000
  0.28932235E+000
  0.28932229E+000
  0.28932222E+000
  0.28932216E+000
  0.28932208E+000
  0.28932201E+000
  0.28932193E+000
  0.28932185E+000
  0.28932177E+000
  0.28932169E+000
  0.28932161E+000
  0.28932153E+000
  0.28932146E+000
  0.28932138E+000
  0.28932130E+000
  0.28932122E+000
  0.28932115E+000
  0.28932107E+000
  0.28932100E+000
  0.28932093E+000
  0.28932086E+000
  0.28932080E+000
  0.28932073E+000
  0.28932067E+000
  0.28932061E+000
  0.28932056E+000
  0.28932050E+000
  0.28932045E+000
  0.28932040E+000
  0.28932035E+000
  0.28932031E+000
  0.28932026E+000
  0.28932022E+000
  0.28932018E+000
  0.28932015E+000
  0.28932011E+000
  0.28932008E+000
  0.28932005E+000
  0.28932002E+000
  0.28931999E+000
  0.28931997E+000
  0.28931995E+000
  0.28931992E+000
  0.28931990E+000
  0.28931988E+000
  0.28931986E+000
  0.28931985E+000
  0.28931983E+000
  0.28931982E+000
  0.28931980E+000
  0.28931979E+000
  0.28931978E+000
  0.28931976E+000
  0.28931975E+000
  0.28931974E+000
  0.28931973E+000
  0.28931972E+000
  0.28931971E+000
  0.28931970E+000
  0.28931969E+000
  0.28931969E+000
  0.28931968E+000
  0.28931967E+000
  0.28931966E+000
  0.28931966E+000
  0.28931965E+000
  0.28931964E+000
  0.28931964E+000
  0.28931963E+000
  0.28931963E+000
  0.28931962E+000
  0.28931962E+000
  0.28931961E+000
  0.28931961E+000
  0.28931960E+000
  0.28931960E+000
  0.28931959E+000
  0.28931959E+000
  0.28931959E+000
  0.28931958E+000
  0.28931958E+000
  0.28931958E+000
  0.28931957E+000
  0.28931957E+000
  0.28931957E+000
  0.28931957E+000
  0.28931956E+000
  0.28931956E+000
  0.28931956E+000
  0.28931956E+000
  0.28931956E+000
  0.28931955E+000
  0.28931955E+000
  0.28931955E+000
  0.28931955E+000
  0.28931955E+000
  0.28931955E+000
  0.28931955E+000
  0.28931955E+000
  0.28931955E+000
  0.28931955E+000
  0.28931955E+000
  0.28931955E+000
  0.28931954E+000
  0.28931954E+000
  0.28931954E+000
  0.28931954E+000
  0.28931954E+000
  0.28931955E+000
  0.28931955E+000
  0.28931955E+000
  0.28931955E+000
  0.28931955E+000
  0.28931955E+000
  0.28931955E+000
  0.28931955E+000
  0.28931955E+000
  0.28931955E+000
  0.28931955E+000
  0.28931955E+000
  0.28931955E+000
  0.28931955E+000
  0.28931955E+000
  0.28931955E+000
  0.28931956E+000
  0.28931956E+000
  0.28931956E+000
  0.28931956E+000
  0.28931956E+000
  0.28931956E+000
  0.28931956E+000
  0.28931956E+000
  0.28931956E+000
  0.28931956E+000
  0.28931957E+000
  0.28931957E+000
  0.28931957E+000
  0.28931956E+000
  0.28931956E+000
