  0.52114316E-006
  0.79820686E-006
  0.74540615E-006
  0.66352740E-006
  0.63522799E-006
  0.61296527E-006
  0.59524073E-006
  0.58098091E-006
  0.56940716E-006
  0.55994524E-006
  0.55216431E-006
  0.54573546E-006
  0.54040370E-006
  0.53596896E-006
  0.53227276E-006
  0.52918797E-006
  0.52661172E-006
  0.52446013E-006
  0.52266447E-006
  0.52106662E-006
  0.52107663E-006
  0.52108555E-006
  0.52109349E-006
  0.52110053E-006
  0.52110676E-006
  0.52111227E-006
  0.52111711E-006
  0.52112136E-006
  0.52112508E-006
  0.52112833E-006
  0.52113116E-006
  0.52113362E-006
  0.52113575E-006
  0.52113761E-006
  0.52113922E-006
  0.52114061E-006
  0.52114181E-006
  0.52114286E-006
  0.52114377E-006
  0.52114455E-006
  0.52114523E-006
  0.52114582E-006
  0.52114633E-006
  0.52114677E-006
  0.52114715E-006
  0.52114747E-006
  0.52114774E-006
  0.52114797E-006
  0.52114816E-006
  0.52114831E-006
  0.52114842E-006
  0.52114851E-006
  0.52114857E-006
  0.52114860E-006
  0.52114861E-006
  0.52114860E-006
  0.52114856E-006
  0.52114851E-006
  0.52114845E-006
  0.52114837E-006
  0.52114828E-006
  0.52114818E-006
  0.52114807E-006
  0.52114795E-006
  0.52114783E-006
  0.52114770E-006
  0.52114756E-006
  0.52114743E-006
  0.52114729E-006
  0.52114714E-006
  0.52114700E-006
  0.52114686E-006
  0.52114671E-006
  0.52114657E-006
  0.52114643E-006
  0.52114629E-006
  0.52114615E-006
  0.52114601E-006
  0.52114588E-006
  0.52114575E-006
  0.52114562E-006
  0.52114550E-006
  0.52114538E-006
  0.52114527E-006
  0.52114516E-006
  0.52114505E-006
  0.52114495E-006
  0.52114485E-006
  0.52114475E-006
  0.52114466E-006
  0.52114458E-006
  0.52114450E-006
  0.52114442E-006
  0.52114435E-006
  0.52114428E-006
  0.52114421E-006
  0.52114415E-006
  0.52114409E-006
  0.52114404E-006
  0.52114399E-006
  0.52114394E-006
  0.52114389E-006
  0.52114385E-006
  0.52114381E-006
  0.52114377E-006
  0.52114374E-006
  0.52114370E-006
  0.52114367E-006
  0.52114364E-006
  0.52114362E-006
  0.52114359E-006
  0.52114357E-006
  0.52114354E-006
  0.52114352E-006
  0.52114350E-006
  0.52114348E-006
  0.52114346E-006
  0.52114344E-006
  0.52114343E-006
  0.52114341E-006
  0.52114340E-006
  0.52114338E-006
  0.52114337E-006
  0.52114336E-006
  0.52114334E-006
  0.52114333E-006
  0.52114332E-006
  0.52114331E-006
  0.52114330E-006
  0.52114329E-006
  0.52114328E-006
  0.52114327E-006
  0.52114326E-006
  0.52114325E-006
  0.52114324E-006
  0.52114323E-006
  0.52114322E-006
  0.52114322E-006
  0.52114321E-006
  0.52114320E-006
  0.52114320E-006
  0.52114319E-006
  0.52114318E-006
  0.52114318E-006
  0.52114317E-006
  0.52114317E-006
  0.52114316E-006
  0.52114316E-006
  0.52114316E-006
  0.52114315E-006
  0.52114315E-006
  0.52114315E-006
  0.52114314E-006
  0.52114314E-006
  0.52114314E-006
  0.52114314E-006
  0.52114313E-006
  0.52114313E-006
  0.52114313E-006
  0.52114313E-006
  0.52114313E-006
  0.52114313E-006
  0.52114313E-006
  0.52114313E-006
  0.52114313E-006
  0.52114313E-006
  0.52114313E-006
  0.52114313E-006
  0.52114313E-006
  0.52114313E-006
  0.52114313E-006
  0.52114313E-006
  0.52114313E-006
  0.52114313E-006
  0.52114313E-006
  0.52114313E-006
  0.52114313E-006
  0.52114313E-006
  0.52114314E-006
  0.52114314E-006
  0.52114314E-006
  0.52114314E-006
  0.52114314E-006
  0.52114314E-006
  0.52114314E-006
  0.52114315E-006
  0.52114315E-006
  0.52114315E-006
  0.52114315E-006
  0.52114315E-006
  0.52114316E-006
  0.52114316E-006
  0.52114316E-006
  0.52114316E-006
  0.52114316E-006
  0.52114316E-006
  0.52114316E-006
  0.52114316E-006
  0.52114316E-006
  0.52114316E-006
