  0.43051452E+000
  0.43050901E+000
  0.43052693E+000
  0.43053840E+000
  0.43054504E+000
  0.43055220E+000
  0.43055756E+000
  0.43056459E+000
  0.43056814E+000
  0.43057272E+000
  0.43057661E+000
  0.43057885E+000
  0.43058110E+000
  0.43058426E+000
  0.43058631E+000
  0.43058809E+000
  0.43058965E+000
  0.43059059E+000
  0.43059193E+000
  0.43059299E+000
  0.43059482E+000
  0.43059554E+000
  0.43059616E+000
  0.43059671E+000
  0.43059719E+000
  0.43059763E+000
  0.43059798E+000
  0.43059827E+000
  0.43059852E+000
  0.43059873E+000
  0.43059891E+000
  0.43059905E+000
  0.43059917E+000
  0.43059926E+000
  0.43059934E+000
  0.43059939E+000
  0.43059937E+000
  0.43059940E+000
  0.43059941E+000
  0.43059942E+000
  0.43059941E+000
  0.43059942E+000
  0.43059939E+000
  0.43059931E+000
  0.43059925E+000
  0.43059922E+000
  0.43059917E+000
  0.43059912E+000
  0.43059907E+000
  0.43059901E+000
  0.43059894E+000
  0.43059886E+000
  0.43059880E+000
  0.43059872E+000
  0.43059864E+000
  0.43059857E+000
  0.43059851E+000
  0.43059836E+000
  0.43059827E+000
  0.43059819E+000
  0.43059812E+000
  0.43059805E+000
  0.43059797E+000
  0.43059789E+000
  0.43059781E+000
  0.43059775E+000
  0.43059767E+000
  0.43059759E+000
  0.43059754E+000
  0.43059747E+000
  0.43059740E+000
  0.43059732E+000
  0.43059724E+000
  0.43059718E+000
  0.43059710E+000
  0.43059702E+000
  0.43059696E+000
  0.43059689E+000
  0.43059683E+000
  0.43059677E+000
  0.43059672E+000
  0.43059666E+000
  0.43059660E+000
  0.43059656E+000
  0.43059651E+000
  0.43059646E+000
  0.43059641E+000
  0.43059637E+000
  0.43059633E+000
  0.43059628E+000
  0.43059624E+000
  0.43059621E+000
  0.43059617E+000
  0.43059614E+000
  0.43059611E+000
  0.43059608E+000
  0.43059605E+000
  0.43059602E+000
  0.43059599E+000
  0.43059596E+000
  0.43059592E+000
  0.43059590E+000
  0.43059500E+000
  0.43059498E+000
  0.43059496E+000
  0.43059494E+000
  0.43059493E+000
  0.43059491E+000
  0.43059490E+000
  0.43059488E+000
  0.43059487E+000
  0.43059485E+000
  0.43059484E+000
  0.43059482E+000
  0.43059481E+000
  0.43059480E+000
  0.43059479E+000
  0.43059478E+000
  0.43059477E+000
  0.43059476E+000
  0.43059476E+000
  0.43059475E+000
  0.43059474E+000
  0.43059474E+000
  0.43059473E+000
  0.43059473E+000
  0.43059472E+000
  0.43059472E+000
  0.43059472E+000
  0.43059471E+000
  0.43059471E+000
  0.43059471E+000
  0.43059471E+000
  0.43059471E+000
  0.43059471E+000
  0.43059471E+000
  0.43059471E+000
  0.43059471E+000
  0.43059471E+000
  0.43059471E+000
  0.43059471E+000
  0.43059472E+000
  0.43059472E+000
  0.43059473E+000
  0.43059473E+000
  0.43059474E+000
  0.43059474E+000
  0.43059475E+000
  0.43059476E+000
  0.43059477E+000
  0.43059477E+000
  0.43059478E+000
  0.43059479E+000
  0.43059480E+000
  0.43059481E+000
  0.43059482E+000
  0.43059483E+000
  0.43059484E+000
  0.43059486E+000
  0.43059487E+000
  0.43059488E+000
  0.43059489E+000
  0.43059491E+000
  0.43059492E+000
  0.43059494E+000
  0.43059495E+000
  0.43059497E+000
  0.43059498E+000
  0.43059500E+000
  0.43059502E+000
  0.43059503E+000
  0.43059505E+000
  0.43059507E+000
  0.43059508E+000
  0.43059510E+000
  0.43059512E+000
  0.43059513E+000
  0.43059515E+000
  0.43059517E+000
  0.43059518E+000
  0.43059520E+000
  0.43059522E+000
  0.43059524E+000
  0.43059525E+000
  0.43059527E+000
  0.43059529E+000
  0.43059530E+000
  0.43059532E+000
  0.43059534E+000
  0.43059536E+000
  0.43059537E+000
  0.43059539E+000
  0.43059541E+000
  0.43059542E+000
  0.43059544E+000
  0.43059545E+000
  0.43059547E+000
  0.43059549E+000
  0.43059550E+000
  0.43059552E+000
