  0.35426611E+000
  0.35426197E+000
  0.35424187E+000
  0.35423301E+000
  0.35422543E+000
  0.35421853E+000
  0.35421245E+000
  0.35420901E+000
  0.35420169E+000
  0.35419728E+000
  0.35419384E+000
  0.35419047E+000
  0.35418643E+000
  0.35418373E+000
  0.35418116E+000
  0.35417881E+000
  0.35417662E+000
  0.35417473E+000
  0.35417309E+000
  0.35417184E+000
  0.35417063E+000
  0.35416959E+000
  0.35416904E+000
  0.35416829E+000
  0.35416768E+000
  0.35416712E+000
  0.35416667E+000
  0.35416628E+000
  0.35416596E+000
  0.35416570E+000
  0.35416549E+000
  0.35416532E+000
  0.35416518E+000
  0.35416508E+000
  0.35416500E+000
  0.35416494E+000
  0.35416491E+000
  0.35416490E+000
  0.35416489E+000
  0.35416489E+000
  0.35416491E+000
  0.35416493E+000
  0.35416497E+000
  0.35416501E+000
  0.35416506E+000
  0.35416511E+000
  0.35416517E+000
  0.35416523E+000
  0.35416529E+000
  0.35416536E+000
  0.35416542E+000
  0.35416549E+000
  0.35416556E+000
  0.35416562E+000
  0.35416568E+000
  0.35416575E+000
  0.35416583E+000
  0.35416590E+000
  0.35416598E+000
  0.35416605E+000
  0.35416613E+000
  0.35416620E+000
  0.35416629E+000
  0.35416636E+000
  0.35416643E+000
  0.35416652E+000
  0.35416659E+000
  0.35416666E+000
  0.35416672E+000
  0.35416679E+000
  0.35416685E+000
  0.35416690E+000
  0.35416696E+000
  0.35416703E+000
  0.35416709E+000
  0.35416715E+000
  0.35416721E+000
  0.35416724E+000
  0.35416729E+000
  0.35416734E+000
  0.35416739E+000
  0.35416744E+000
  0.35416749E+000
  0.35416753E+000
  0.35416757E+000
  0.35416761E+000
  0.35416765E+000
  0.35416768E+000
  0.35416771E+000
  0.35416774E+000
  0.35416777E+000
  0.35416780E+000
  0.35416782E+000
  0.35416784E+000
  0.35416787E+000
  0.35416788E+000
  0.35416790E+000
  0.35416791E+000
  0.35416793E+000
  0.35416794E+000
  0.35416795E+000
  0.35416796E+000
  0.35416796E+000
  0.35416797E+000
  0.35416797E+000
  0.35416798E+000
  0.35416798E+000
  0.35416798E+000
  0.35416798E+000
  0.35416798E+000
  0.35416798E+000
  0.35416798E+000
  0.35416798E+000
  0.35416798E+000
  0.35416798E+000
  0.35416798E+000
  0.35416798E+000
  0.35416797E+000
  0.35416797E+000
  0.35416797E+000
  0.35416797E+000
  0.35416796E+000
  0.35416796E+000
  0.35416797E+000
  0.35416796E+000
  0.35416796E+000
  0.35416796E+000
  0.35416796E+000
  0.35416796E+000
  0.35416796E+000
  0.35416796E+000
  0.35416796E+000
  0.35416796E+000
  0.35416796E+000
  0.35416797E+000
  0.35416797E+000
  0.35416797E+000
  0.35416797E+000
  0.35416798E+000
  0.35416798E+000
  0.35416799E+000
  0.35416799E+000
  0.35416800E+000
  0.35416800E+000
  0.35416801E+000
  0.35416802E+000
  0.35416802E+000
  0.35416803E+000
  0.35416804E+000
  0.35416805E+000
  0.35416806E+000
  0.35416807E+000
  0.35416808E+000
  0.35416809E+000
  0.35416810E+000
  0.35416811E+000
  0.35416812E+000
  0.35416813E+000
  0.35416814E+000
  0.35416816E+000
  0.35416817E+000
  0.35416818E+000
  0.35416820E+000
  0.35416821E+000
  0.35416822E+000
  0.35416824E+000
  0.35416825E+000
  0.35416827E+000
  0.35416828E+000
  0.35416830E+000
  0.35416831E+000
  0.35416833E+000
  0.35416835E+000
  0.35416836E+000
  0.35416838E+000
  0.35416840E+000
  0.35416841E+000
  0.35416843E+000
  0.35416845E+000
  0.35416846E+000
  0.35416848E+000
  0.35416850E+000
  0.35416851E+000
  0.35416853E+000
  0.35416855E+000
  0.35416856E+000
  0.35416858E+000
  0.35416860E+000
  0.35416861E+000
  0.35416863E+000
  0.35416865E+000
  0.35416866E+000
  0.35416868E+000
  0.35416869E+000
  0.35416871E+000
  0.35416872E+000
  0.35416874E+000
  0.35416875E+000
  0.35416877E+000
  0.35416878E+000
