  0.93159550E+000
  0.93099316E+000
  0.93120156E+000
  0.93145101E+000
  0.93156348E+000
  0.93164658E+000
  0.93170629E+000
  0.93174761E+000
  0.93177458E+000
  0.93179050E+000
  0.93179799E+000
  0.93179917E+000
  0.93179574E+000
  0.93178905E+000
  0.93178020E+000
  0.93177004E+000
  0.93175929E+000
  0.93174853E+000
  0.93173825E+000
  0.93172940E+000
  0.93171539E+000
  0.93170286E+000
  0.93169165E+000
  0.93168160E+000
  0.93167258E+000
  0.93166449E+000
  0.93165721E+000
  0.93165067E+000
  0.93164478E+000
  0.93163947E+000
  0.93163469E+000
  0.93163038E+000
  0.93162649E+000
  0.93162299E+000
  0.93161982E+000
  0.93161698E+000
  0.93161441E+000
  0.93161210E+000
  0.93161002E+000
  0.93160816E+000
  0.93160650E+000
  0.93160500E+000
  0.93160368E+000
  0.93160249E+000
  0.93160145E+000
  0.93160052E+000
  0.93159971E+000
  0.93159899E+000
  0.93159837E+000
  0.93159782E+000
  0.93159735E+000
  0.93159694E+000
  0.93159659E+000
  0.93159629E+000
  0.93159604E+000
  0.93159582E+000
  0.93159564E+000
  0.93159549E+000
  0.93159536E+000
  0.93159525E+000
  0.93159516E+000
  0.93159509E+000
  0.93159503E+000
  0.93159498E+000
  0.93159495E+000
  0.93159492E+000
  0.93159489E+000
  0.93159487E+000
  0.93159486E+000
  0.93159485E+000
  0.93159485E+000
  0.93159485E+000
  0.93159485E+000
  0.93159485E+000
  0.93159486E+000
  0.93159486E+000
  0.93159487E+000
  0.93159488E+000
  0.93159490E+000
  0.93159491E+000
  0.93159492E+000
  0.93159494E+000
  0.93159495E+000
  0.93159497E+000
  0.93159499E+000
  0.93159501E+000
  0.93159502E+000
  0.93159504E+000
  0.93159506E+000
  0.93159508E+000
  0.93159510E+000
  0.93159512E+000
  0.93159514E+000
  0.93159516E+000
  0.93159518E+000
  0.93159520E+000
  0.93159521E+000
  0.93159523E+000
  0.93159525E+000
  0.93159526E+000
  0.93159528E+000
  0.93159529E+000
  0.93159531E+000
  0.93159532E+000
  0.93159534E+000
  0.93159535E+000
  0.93159536E+000
  0.93159537E+000
  0.93159538E+000
  0.93159539E+000
  0.93159540E+000
  0.93159541E+000
  0.93159541E+000
  0.93159542E+000
  0.93159542E+000
  0.93159543E+000
  0.93159543E+000
  0.93159544E+000
  0.93159544E+000
  0.93159545E+000
  0.93159545E+000
  0.93159545E+000
  0.93159546E+000
  0.93159546E+000
  0.93159546E+000
  0.93159546E+000
  0.93159546E+000
  0.93159546E+000
  0.93159547E+000
  0.93159547E+000
  0.93159547E+000
  0.93159547E+000
  0.93159547E+000
  0.93159547E+000
  0.93159547E+000
  0.93159547E+000
  0.93159547E+000
  0.93159547E+000
  0.93159547E+000
  0.93159548E+000
  0.93159548E+000
  0.93159548E+000
  0.93159548E+000
  0.93159548E+000
  0.93159548E+000
  0.93159548E+000
  0.93159548E+000
  0.93159548E+000
  0.93159548E+000
  0.93159548E+000
  0.93159548E+000
  0.93159548E+000
  0.93159549E+000
  0.93159549E+000
  0.93159549E+000
  0.93159549E+000
  0.93159549E+000
  0.93159549E+000
  0.93159549E+000
  0.93159549E+000
  0.93159549E+000
  0.93159549E+000
  0.93159549E+000
  0.93159549E+000
  0.93159549E+000
  0.93159549E+000
  0.93159550E+000
  0.93159550E+000
  0.93159550E+000
  0.93159550E+000
  0.93159550E+000
  0.93159550E+000
  0.93159550E+000
  0.93159550E+000
  0.93159550E+000
  0.93159550E+000
  0.93159550E+000
  0.93159550E+000
  0.93159550E+000
  0.93159550E+000
  0.93159550E+000
  0.93159550E+000
  0.93159550E+000
  0.93159550E+000
  0.93159550E+000
  0.93159550E+000
  0.93159550E+000
  0.93159550E+000
  0.93159550E+000
  0.93159550E+000
  0.93159551E+000
  0.93159551E+000
  0.93159551E+000
  0.93159551E+000
  0.93159551E+000
  0.93159551E+000
  0.93159551E+000
  0.93159552E+000
  0.93159552E+000
  0.93159553E+000
