  0.42926851E-001
  0.43046427E-001
  0.43269636E-001
  0.43360120E-001
  0.43437199E-001
  0.43502712E-001
  0.43558344E-001
  0.43605566E-001
  0.43645643E-001
  0.43679648E-001
  0.43708494E-001
  0.43732953E-001
  0.43753683E-001
  0.43771237E-001
  0.43786087E-001
  0.43798632E-001
  0.43809211E-001
  0.43818114E-001
  0.43825584E-001
  0.43831832E-001
  0.43837034E-001
  0.43841342E-001
  0.43844887E-001
  0.43847780E-001
  0.43850116E-001
  0.43851977E-001
  0.43853433E-001
  0.43854545E-001
  0.43855365E-001
  0.43855938E-001
  0.43856303E-001
  0.43856492E-001
  0.43856534E-001
  0.43856455E-001
  0.43856275E-001
  0.43856011E-001
  0.43855678E-001
  0.43855290E-001
  0.43854857E-001
  0.43854388E-001
  0.43853889E-001
  0.43853368E-001
  0.43852828E-001
  0.43852274E-001
  0.43851708E-001
  0.43851134E-001
  0.43850553E-001
  0.43849968E-001
  0.43849378E-001
  0.43848786E-001
  0.43848192E-001
  0.43847598E-001
  0.43847003E-001
  0.43846409E-001
  0.43845815E-001
  0.43845223E-001
  0.43844633E-001
  0.43844045E-001
  0.43843460E-001
  0.43842878E-001
  0.43842300E-001
  0.43841726E-001
  0.43841156E-001
  0.43840592E-001
  0.43840033E-001
  0.43839481E-001
  0.43838935E-001
  0.43838396E-001
  0.43837866E-001
  0.43837343E-001
  0.43836830E-001
  0.43836326E-001
  0.43835832E-001
  0.43835349E-001
  0.43834878E-001
  0.43834417E-001
  0.43833969E-001
  0.43833534E-001
  0.43833112E-001
  0.43832703E-001
  0.43832307E-001
  0.43831926E-001
  0.43831560E-001
  0.43831208E-001
  0.43830871E-001
  0.43830548E-001
  0.43830240E-001
  0.43829947E-001
  0.43829669E-001
  0.43829405E-001
  0.43829156E-001
  0.43828921E-001
  0.43828700E-001
  0.43828493E-001
  0.43828300E-001
  0.43828119E-001
  0.43827950E-001
  0.43827794E-001
  0.43827649E-001
  0.43827516E-001
  0.43827393E-001
  0.43827279E-001
  0.43827176E-001
  0.43827081E-001
  0.43826994E-001
  0.43826915E-001
  0.43826843E-001
  0.43826778E-001
  0.43826719E-001
  0.43826666E-001
  0.43826618E-001
  0.43826574E-001
  0.43826535E-001
  0.43826499E-001
  0.43826467E-001
  0.43826437E-001
  0.43826411E-001
  0.43826387E-001
  0.43826364E-001
  0.43826344E-001
  0.43826325E-001
  0.43826308E-001
  0.43826292E-001
  0.43826277E-001
  0.43826263E-001
  0.43826249E-001
  0.43826237E-001
  0.43826224E-001
  0.43826213E-001
  0.43826202E-001
  0.43826191E-001
  0.43826180E-001
  0.43826170E-001
  0.43826161E-001
  0.43826151E-001
  0.43826142E-001
  0.43826133E-001
  0.43826124E-001
  0.43826116E-001
  0.43826108E-001
  0.43826100E-001
  0.43826092E-001
  0.43826085E-001
  0.43826078E-001
  0.43826071E-001
  0.43826064E-001
  0.43826058E-001
  0.43826052E-001
  0.43826047E-001
  0.43826041E-001
  0.43826036E-001
  0.43826032E-001
  0.43826027E-001
  0.43826023E-001
  0.43826020E-001
  0.43826016E-001
  0.43826013E-001
  0.43826010E-001
  0.43826008E-001
  0.43826006E-001
  0.43826004E-001
  0.43826002E-001
  0.43826001E-001
  0.43826000E-001
  0.43825999E-001
  0.43825998E-001
  0.43825998E-001
  0.43825998E-001
  0.43825998E-001
  0.43825999E-001
  0.43825999E-001
  0.43826000E-001
  0.43826001E-001
  0.43826002E-001
  0.43826003E-001
  0.43826005E-001
  0.43826006E-001
  0.43826008E-001
  0.43826010E-001
  0.43826012E-001
  0.43826014E-001
  0.43826016E-001
  0.43826018E-001
  0.43826020E-001
  0.43826023E-001
  0.43826025E-001
  0.43826028E-001
  0.43826030E-001
  0.43826033E-001
  0.43826036E-001
  0.43826038E-001
  0.43826042E-001
  0.43826045E-001
  0.43826049E-001
  0.43826053E-001
  0.43826058E-001
  0.43826065E-001
  0.43826072E-001
  0.43826087E-001
  0.43826120E-001
