  0.19248805E+000  0.21777604E+000  0.35332052E+000  0.51541225E+000  0.85933293E+000  0.97848494E+000  0.13287974E+001  0.24789452E+001  0.41120396E+001  0.58210841E+001  0.92744641E+001
  0.19241607E+000  0.21800624E+000  0.35331918E+000  0.51541735E+000  0.85906382E+000  0.97842264E+000  0.13287910E+001  0.24789529E+001  0.41119323E+001  0.58212555E+001  0.92744571E+001
  0.19232135E+000  0.21802173E+000  0.35331319E+000  0.51541677E+000  0.85901190E+000  0.97826662E+000  0.13288441E+001  0.24789541E+001  0.41119201E+001  0.58212560E+001  0.92744512E+001
  0.19228322E+000  0.21797789E+000  0.35329395E+000  0.51541494E+000  0.85901686E+000  0.97825531E+000  0.13287834E+001  0.24789542E+001  0.41119074E+001  0.58212550E+001  0.92744456E+001
  0.19222697E+000  0.21797278E+000  0.35329330E+000  0.51541789E+000  0.85907840E+000  0.97809098E+000  0.13287766E+001  0.24789546E+001  0.41118962E+001  0.58212543E+001  0.92744408E+001
  0.19219706E+000  0.21796824E+000  0.35329268E+000  0.51541336E+000  0.85903349E+000  0.97808169E+000  0.13287729E+001  0.24789550E+001  0.41118866E+001  0.58212536E+001  0.92744364E+001
  0.19218981E+000  0.21794052E+000  0.35329213E+000  0.51541177E+000  0.85899530E+000  0.97807379E+000  0.13287697E+001  0.24789554E+001  0.41118785E+001  0.58211419E+001  0.92744326E+001
  0.19215171E+000  0.21794008E+000  0.35329169E+000  0.51541100E+000  0.85896286E+000  0.97806709E+000  0.13287669E+001  0.24789557E+001  0.41118717E+001  0.58211348E+001  0.92744292E+001
  0.19214174E+000  0.21793973E+000  0.35321679E+000  0.51541032E+000  0.85893531E+000  0.97810393E+000  0.13287644E+001  0.24789559E+001  0.41118661E+001  0.58211288E+001  0.92744263E+001
  0.19213327E+000  0.21793944E+000  0.35321417E+000  0.51540974E+000  0.85891192E+000  0.97807163E+000  0.13287623E+001  0.24789561E+001  0.41118616E+001  0.58211237E+001  0.92744238E+001
  0.19209992E+000  0.21793141E+000  0.35321183E+000  0.51540922E+000  0.85890197E+000  0.97805258E+000  0.13287605E+001  0.24789563E+001  0.41112984E+001  0.58211193E+001  0.92744217E+001
  0.19209652E+000  0.21792729E+000  0.35320976E+000  0.51540877E+000  0.85889788E+000  0.97804924E+000  0.13287588E+001  0.24789564E+001  0.41112859E+001  0.58211157E+001  0.92744198E+001
  0.19209360E+000  0.21792371E+000  0.35320793E+000  0.51540837E+000  0.85889441E+000  0.97804644E+000  0.13287574E+001  0.24789565E+001  0.41112744E+001  0.58211126E+001  0.92744182E+001
  0.19209109E+000  0.21792053E+000  0.35320633E+000  0.51540800E+000  0.85889148E+000  0.97804410E+000  0.13288727E+001  0.24789566E+001  0.41112639E+001  0.58211099E+001  0.92744169E+001
  0.19206794E+000  0.21791764E+000  0.35320494E+000  0.51540766E+000  0.85888900E+000  0.97800737E+000  0.13288722E+001  0.24789566E+001  0.41112543E+001  0.58211077E+001  0.92744158E+001
  0.19206567E+000  0.21790767E+000  0.35320373E+000  0.51540734E+000  0.85888691E+000  0.97800541E+000  0.13288717E+001  0.24789566E+001  0.41112457E+001  0.58211058E+001  0.92744149E+001
  0.19206357E+000  0.21790468E+000  0.35320269E+000  0.51540702E+000  0.85888516E+000  0.97800354E+000  0.13288713E+001  0.24789564E+001  0.41112379E+001  0.58211041E+001  0.92744141E+001
  0.19206156E+000  0.21790178E+000  0.35320180E+000  0.51540668E+000  0.85888368E+000  0.97800181E+000  0.13288708E+001  0.24789561E+001  0.41112309E+001  0.58211027E+001  0.92744135E+001
  0.19205953E+000  0.21789888E+000  0.35320106E+000  0.51540629E+000  0.85888244E+000  0.97800029E+000  0.13288704E+001  0.24789553E+001  0.41112246E+001  0.58211014E+001  0.92744129E+001
  0.19205784E+000  0.21789635E+000  0.35320048E+000  0.51540597E+000  0.85888141E+000  0.97799904E+000  0.13288700E+001  0.24789547E+001  0.41112190E+001  0.58211002E+001  0.92744125E+001
  0.19205645E+000  0.21789589E+000  0.35319998E+000  0.51540573E+000  0.85879656E+000  0.97799800E+000  0.13288697E+001  0.24789542E+001  0.41112140E+001  0.58211002E+001  0.92744122E+001
  0.19205532E+000  0.21789552E+000  0.35319955E+000  0.51540553E+000  0.85879496E+000  0.97799716E+000  0.13288695E+001  0.24789538E+001  0.41112096E+001  0.58211002E+001  0.92744120E+001
  0.19205440E+000  0.21789522E+000  0.35319920E+000  0.51540537E+000  0.85879365E+000  0.97799647E+000  0.13288693E+001  0.24789535E+001  0.41112056E+001  0.58211001E+001  0.92744118E+001
  0.19205367E+000  0.21789498E+000  0.35319891E+000  0.51540526E+000  0.85879259E+000  0.97799593E+000  0.13288692E+001  0.24789534E+001  0.41112021E+001  0.58211001E+001  0.92744117E+001
  0.19205309E+000  0.21789480E+000  0.35319867E+000  0.51540517E+000  0.85879175E+000  0.97799550E+000  0.13288691E+001  0.24789532E+001  0.41111990E+001  0.58211001E+001  0.92744116E+001
  0.19205265E+000  0.21789465E+000  0.35319847E+000  0.51540512E+000  0.85879108E+000  0.97799516E+000  0.13288690E+001  0.24789532E+001  0.41111963E+001  0.58211001E+001  0.92744115E+001
  0.19205233E+000  0.21789455E+000  0.35319832E+000  0.51540508E+000  0.85879058E+000  0.97799492E+000  0.13288690E+001  0.24789532E+001  0.41111938E+001  0.58211001E+001  0.92744115E+001
  0.19205210E+000  0.21789447E+000  0.35319821E+000  0.51540507E+000  0.85879020E+000  0.97799474E+000  0.13288690E+001  0.24789532E+001  0.41111917E+001  0.58211001E+001  0.92744116E+001
  0.19205195E+000  0.21789442E+000  0.35319812E+000  0.51540508E+000  0.85878993E+000  0.97799462E+000  0.13288691E+001  0.24789533E+001  0.41111899E+001  0.58211001E+001  0.92744116E+001
  0.19205188E+000  0.21789440E+000  0.35319806E+000  0.51540510E+000  0.85878976E+000  0.97799456E+000  0.13288691E+001  0.24789534E+001  0.41111883E+001  0.58211001E+001  0.92744117E+001
  0.19204824E+000  0.21789439E+000  0.35319803E+000  0.51540513E+000  0.85878967E+000  0.97799453E+000  0.13288692E+001  0.24789535E+001  0.41111869E+001  0.58211001E+001  0.92744118E+001
  0.19204831E+000  0.21789441E+000  0.35319802E+000  0.51540518E+000  0.85878965E+000  0.97799455E+000  0.13288693E+001  0.24789537E+001  0.41111857E+001  0.58211001E+001  0.92744120E+001
  0.19204841E+000  0.21789443E+000  0.35319802E+000  0.51540523E+000  0.85878968E+000  0.97799459E+000  0.13288694E+001  0.24789539E+001  0.41111847E+001  0.58211002E+001  0.92744121E+001
  0.19204853E+000  0.21789447E+000  0.35319805E+000  0.51540529E+000  0.85878975E+000  0.97799466E+000  0.13288695E+001  0.24789541E+001  0.41111838E+001  0.58211002E+001  0.92744123E+001
  0.19204867E+000  0.21789452E+000  0.35319809E+000  0.51540536E+000  0.85878987E+000  0.97799475E+000  0.13288696E+001  0.24789543E+001  0.41111831E+001  0.58211002E+001  0.92744124E+001
  0.19204883E+000  0.21789457E+000  0.35319814E+000  0.51540543E+000  0.85879001E+000  0.97799486E+000  0.13288697E+001  0.24789545E+001  0.41111825E+001  0.58211002E+001  0.92744126E+001
  0.19204901E+000  0.21789463E+000  0.35319820E+000  0.51540551E+000  0.85879019E+000  0.97799498E+000  0.13288699E+001  0.24789548E+001  0.41111821E+001  0.58211002E+001  0.92744128E+001
  0.19204919E+000  0.21789470E+000  0.35319828E+000  0.51540560E+000  0.85879038E+000  0.97799511E+000  0.13288700E+001  0.24789550E+001  0.41111817E+001  0.58211002E+001  0.92744130E+001
  0.19204939E+000  0.21789477E+000  0.35319837E+000  0.51540569E+000  0.85879059E+000  0.97799525E+000  0.13288701E+001  0.24789553E+001  0.41111815E+001  0.58211003E+001  0.92744132E+001
  0.19204960E+000  0.21789485E+000  0.35319847E+000  0.51540578E+000  0.85879081E+000  0.97799540E+000  0.13288703E+001  0.24789555E+001  0.41111813E+001  0.58211003E+001  0.92744134E+001
  0.19204982E+000  0.21789493E+000  0.35319857E+000  0.51540587E+000  0.85879105E+000  0.97799556E+000  0.13288704E+001  0.24789558E+001  0.41111813E+001  0.58211003E+001  0.92744136E+001
  0.19205004E+000  0.21789501E+000  0.35319869E+000  0.51540597E+000  0.85879129E+000  0.97799572E+000  0.13288706E+001  0.24789561E+001  0.41111813E+001  0.58211003E+001  0.92744139E+001
  0.19205026E+000  0.21789510E+000  0.35319881E+000  0.51540606E+000  0.85879154E+000  0.97799588E+000  0.13288707E+001  0.24789564E+001  0.41111813E+001  0.58211003E+001  0.92744141E+001
  0.19205049E+000  0.21789519E+000  0.35319893E+000  0.51540616E+000  0.85879180E+000  0.97799605E+000  0.13288709E+001  0.24789566E+001  0.41111815E+001  0.58211004E+001  0.92744143E+001
  0.19205072E+000  0.21789528E+000  0.35319907E+000  0.51540626E+000  0.85879206E+000  0.97799622E+000  0.13288710E+001  0.24789569E+001  0.41111817E+001  0.58211004E+001  0.92744146E+001
  0.19205096E+000  0.21789537E+000  0.35319921E+000  0.51540637E+000  0.85879232E+000  0.97799640E+000  0.13288712E+001  0.24789572E+001  0.41111819E+001  0.58211004E+001  0.92744148E+001
  0.19205120E+000  0.21789546E+000  0.35319935E+000  0.51540647E+000  0.85879259E+000  0.97799657E+000  0.13288714E+001  0.24789575E+001  0.41111822E+001  0.58211004E+001  0.92744151E+001
  0.19205143E+000  0.21789555E+000  0.35319950E+000  0.51540658E+000  0.85879286E+000  0.97799675E+000  0.13288715E+001  0.24789578E+001  0.41111825E+001  0.58211004E+001  0.92744153E+001
  0.19205168E+000  0.21789565E+000  0.35319965E+000  0.51540668E+000  0.85879313E+000  0.97799693E+000  0.13288717E+001  0.24789581E+001  0.41111828E+001  0.58211005E+001  0.92744156E+001
  0.19205192E+000  0.21789574E+000  0.35319980E+000  0.51540679E+000  0.85879340E+000  0.97799710E+000  0.13288718E+001  0.24789584E+001  0.41111832E+001  0.58211005E+001  0.92744158E+001
  0.19205216E+000  0.21789584E+000  0.35319996E+000  0.51540690E+000  0.85879367E+000  0.97799728E+000  0.13288720E+001  0.24789587E+001  0.41111835E+001  0.58211005E+001  0.92744161E+001
  0.19205241E+000  0.21789593E+000  0.35320012E+000  0.51540701E+000  0.85879394E+000  0.97799746E+000  0.13288722E+001  0.24789590E+001  0.41111839E+001  0.58211005E+001  0.92744163E+001
  0.19205265E+000  0.21789603E+000  0.35320029E+000  0.51540711E+000  0.85879421E+000  0.97799764E+000  0.13288723E+001  0.24789593E+001  0.41111843E+001  0.58211006E+001  0.92744166E+001
  0.19205290E+000  0.21789612E+000  0.35320045E+000  0.51540722E+000  0.85879448E+000  0.97799782E+000  0.13288725E+001  0.24789596E+001  0.41111847E+001  0.58211006E+001  0.92744168E+001
  0.19205314E+000  0.21789622E+000  0.35320062E+000  0.51540733E+000  0.85879475E+000  0.97799800E+000  0.13288727E+001  0.24789599E+001  0.41111851E+001  0.58211006E+001  0.92744171E+001
  0.19205339E+000  0.21789631E+000  0.35320078E+000  0.51540744E+000  0.85879502E+000  0.97799818E+000  0.13288728E+001  0.24789602E+001  0.41111855E+001  0.58211006E+001  0.92744173E+001
  0.19205363E+000  0.21789641E+000  0.35320095E+000  0.51540755E+000  0.85879529E+000  0.97799835E+000  0.13288730E+001  0.24789606E+001  0.41111859E+001  0.58211006E+001  0.92744176E+001
  0.19205387E+000  0.21789650E+000  0.35320112E+000  0.51540766E+000  0.85879556E+000  0.97799853E+000  0.13288732E+001  0.24789609E+001  0.41111863E+001  0.58211007E+001  0.92744178E+001
  0.19205412E+000  0.21789660E+000  0.35320129E+000  0.51540777E+000  0.85879582E+000  0.97799871E+000  0.13288733E+001  0.24789612E+001  0.41111867E+001  0.58211007E+001  0.92744180E+001
  0.19205436E+000  0.21789669E+000  0.35320146E+000  0.51540788E+000  0.85879609E+000  0.97799888E+000  0.13288735E+001  0.24789615E+001  0.41111871E+001  0.58211007E+001  0.92744183E+001
  0.19205460E+000  0.21789679E+000  0.35320163E+000  0.51540799E+000  0.85879635E+000  0.97799906E+000  0.13288736E+001  0.24789618E+001  0.41111874E+001  0.58211007E+001  0.92744185E+001
  0.19205484E+000  0.21789688E+000  0.35320180E+000  0.51540810E+000  0.85879661E+000  0.97799923E+000  0.13288738E+001  0.24789621E+001  0.41111878E+001  0.58211008E+001  0.92744187E+001
  0.19205508E+000  0.21789697E+000  0.35320196E+000  0.51540820E+000  0.85879687E+000  0.97799940E+000  0.13288740E+001  0.24789624E+001  0.41111881E+001  0.58211008E+001  0.92744190E+001
  0.19205531E+000  0.21789706E+000  0.35320213E+000  0.51540831E+000  0.85879713E+000  0.97799957E+000  0.13288741E+001  0.24789627E+001  0.41111885E+001  0.58211008E+001  0.92744192E+001
  0.19205555E+000  0.21789715E+000  0.35320229E+000  0.51540841E+000  0.85879738E+000  0.97799974E+000  0.13288743E+001  0.24789630E+001  0.41111888E+001  0.58211008E+001  0.92744194E+001
  0.19205578E+000  0.21789724E+000  0.35320246E+000  0.51540852E+000  0.85879763E+000  0.97799991E+000  0.13288744E+001  0.24789633E+001  0.41111892E+001  0.58211008E+001  0.92744196E+001
  0.19205601E+000  0.21789733E+000  0.35320262E+000  0.51540862E+000  0.85879788E+000  0.97800007E+000  0.13288746E+001  0.24789635E+001  0.41111895E+001  0.58211009E+001  0.92744198E+001
  0.19205623E+000  0.21789742E+000  0.35320278E+000  0.51540872E+000  0.85879812E+000  0.97800023E+000  0.13288747E+001  0.24789638E+001  0.41111898E+001  0.58211009E+001  0.92744200E+001
  0.19205645E+000  0.21789750E+000  0.35320293E+000  0.51540882E+000  0.85879836E+000  0.97800039E+000  0.13288749E+001  0.24789641E+001  0.41111902E+001  0.58211009E+001  0.92744201E+001
  0.19205667E+000  0.21789759E+000  0.35320309E+000  0.51540892E+000  0.85879860E+000  0.97800055E+000  0.13288750E+001  0.24789644E+001  0.41111905E+001  0.58211009E+001  0.92744203E+001
  0.19205688E+000  0.21789767E+000  0.35320324E+000  0.51540902E+000  0.85879883E+000  0.97800070E+000  0.13288752E+001  0.24789646E+001  0.41111909E+001  0.58211009E+001  0.92744205E+001
  0.19205710E+000  0.21789775E+000  0.35320339E+000  0.51540911E+000  0.85879906E+000  0.97800085E+000  0.13288753E+001  0.24789649E+001  0.41111913E+001  0.58211010E+001  0.92744206E+001
  0.19206147E+000  0.21789783E+000  0.35320354E+000  0.51540920E+000  0.85879928E+000  0.97800100E+000  0.13288754E+001  0.24789652E+001  0.41111917E+001  0.58211010E+001  0.92744208E+001
  0.19206168E+000  0.21789790E+000  0.35320368E+000  0.51540929E+000  0.85879950E+000  0.97800114E+000  0.13288756E+001  0.24789654E+001  0.41111921E+001  0.58211010E+001  0.92744209E+001
  0.19206189E+000  0.21789798E+000  0.35320382E+000  0.51540938E+000  0.85879971E+000  0.97800129E+000  0.13287560E+001  0.24789657E+001  0.41111925E+001  0.58211010E+001  0.92744210E+001
  0.19206209E+000  0.21789805E+000  0.35320396E+000  0.51540947E+000  0.85879992E+000  0.97800142E+000  0.13287562E+001  0.24789659E+001  0.41111930E+001  0.58211010E+001  0.92744211E+001
  0.19206229E+000  0.21789812E+000  0.35320409E+000  0.51540955E+000  0.85880012E+000  0.97800156E+000  0.13287564E+001  0.24789661E+001  0.41111934E+001  0.58211011E+001  0.92744212E+001
  0.19206248E+000  0.21789819E+000  0.35320422E+000  0.51540963E+000  0.85880031E+000  0.97800168E+000  0.13287565E+001  0.24789663E+001  0.41111939E+001  0.58211011E+001  0.92744213E+001
  0.19206266E+000  0.21789826E+000  0.35320435E+000  0.51540971E+000  0.85880050E+000  0.97800181E+000  0.13287567E+001  0.24789666E+001  0.41111944E+001  0.58211011E+001  0.92744214E+001
  0.19206284E+000  0.21789833E+000  0.35320447E+000  0.51540978E+000  0.85880068E+000  0.97800193E+000  0.13287568E+001  0.24789668E+001  0.41111949E+001  0.58211011E+001  0.92744214E+001
  0.19206302E+000  0.21789839E+000  0.35320459E+000  0.51540986E+000  0.85880086E+000  0.97800205E+000  0.13287569E+001  0.24789670E+001  0.41111955E+001  0.58211011E+001  0.92744215E+001
  0.19206318E+000  0.21789845E+000  0.35320471E+000  0.51540993E+000  0.85880103E+000  0.97800216E+000  0.13287571E+001  0.24789672E+001  0.41111960E+001  0.58211011E+001  0.92744215E+001
  0.19206334E+000  0.21789851E+000  0.35320482E+000  0.51540999E+000  0.85880119E+000  0.97800227E+000  0.13287572E+001  0.24789673E+001  0.41111966E+001  0.58211012E+001  0.92744215E+001
  0.19206349E+000  0.21789856E+000  0.35320492E+000  0.51541006E+000  0.85880135E+000  0.97800237E+000  0.13287573E+001  0.24789675E+001  0.41111972E+001  0.58211012E+001  0.92744216E+001
  0.19206364E+000  0.21789861E+000  0.35320503E+000  0.51541012E+000  0.85880150E+000  0.97800247E+000  0.13287575E+001  0.24789677E+001  0.41111978E+001  0.58211012E+001  0.92744216E+001
  0.19206378E+000  0.21789866E+000  0.35320513E+000  0.51541018E+000  0.85880164E+000  0.97800256E+000  0.13287576E+001  0.24789679E+001  0.41111984E+001  0.58211012E+001  0.92744216E+001
  0.19206391E+000  0.21789871E+000  0.35320522E+000  0.51541023E+000  0.85880178E+000  0.97800265E+000  0.13287577E+001  0.24789680E+001  0.41111990E+001  0.58211012E+001  0.92744215E+001
  0.19206404E+000  0.21789876E+000  0.35320531E+000  0.51541029E+000  0.85880191E+000  0.97800274E+000  0.13287578E+001  0.24789682E+001  0.41111996E+001  0.58211012E+001  0.92744215E+001
  0.19206416E+000  0.21789880E+000  0.35320540E+000  0.51541034E+000  0.85880203E+000  0.97800282E+000  0.13287579E+001  0.24789683E+001  0.41112002E+001  0.58211012E+001  0.92744215E+001
  0.19206427E+000  0.21789884E+000  0.35320548E+000  0.51541038E+000  0.85880215E+000  0.97800289E+000  0.13287580E+001  0.24789684E+001  0.41112009E+001  0.58211012E+001  0.92744214E+001
  0.19206438E+000  0.21789888E+000  0.35320556E+000  0.51541043E+000  0.85880226E+000  0.97800297E+000  0.13287581E+001  0.24789685E+001  0.41112015E+001  0.58211012E+001  0.92744214E+001
  0.19206448E+000  0.21789892E+000  0.35320564E+000  0.51541047E+000  0.85880236E+000  0.97800303E+000  0.13287582E+001  0.24789687E+001  0.41112021E+001  0.58211012E+001  0.92744213E+001
  0.19206458E+000  0.21789895E+000  0.35320571E+000  0.51541051E+000  0.85880245E+000  0.97800310E+000  0.13287582E+001  0.24789688E+001  0.41112027E+001  0.58211013E+001  0.92744213E+001
  0.19206467E+000  0.21789898E+000  0.35320578E+000  0.51541055E+000  0.85880255E+000  0.97800316E+000  0.13287583E+001  0.24789689E+001  0.41112034E+001  0.58211013E+001  0.92744212E+001
  0.19206475E+000  0.21789901E+000  0.35320584E+000  0.51541058E+000  0.85880263E+000  0.97800321E+000  0.13287584E+001  0.24789690E+001  0.41112040E+001  0.58211013E+001  0.92744211E+001
  0.19206483E+000  0.21789904E+000  0.35320590E+000  0.51541061E+000  0.85880271E+000  0.97800326E+000  0.13287585E+001  0.24789690E+001  0.41112047E+001  0.58211013E+001  0.92744210E+001
  0.19206490E+000  0.21789907E+000  0.35320596E+000  0.51541064E+000  0.85880278E+000  0.97800331E+000  0.13287585E+001  0.24789691E+001  0.41112053E+001  0.58211013E+001  0.92744209E+001
  0.19206496E+000  0.21789909E+000  0.35320602E+000  0.51541067E+000  0.85880285E+000  0.97800336E+000  0.13287586E+001  0.24789692E+001  0.41112060E+001  0.58211013E+001  0.92744208E+001
  0.19206502E+000  0.21789912E+000  0.35320607E+000  0.51541070E+000  0.85880291E+000  0.97800340E+000  0.13287587E+001  0.24789693E+001  0.41112066E+001  0.58211013E+001  0.92744207E+001
  0.19206508E+000  0.21789914E+000  0.35320612E+000  0.51541072E+000  0.85880297E+000  0.97800344E+000  0.13287587E+001  0.24789693E+001  0.41112073E+001  0.58211013E+001  0.92744206E+001
  0.19206513E+000  0.21789916E+000  0.35320616E+000  0.51541074E+000  0.85880302E+000  0.97800347E+000  0.13287588E+001  0.24789694E+001  0.41112079E+001  0.58211013E+001  0.92744204E+001
  0.19206518E+000  0.21789917E+000  0.35320621E+000  0.51541076E+000  0.85880307E+000  0.97800350E+000  0.13287588E+001  0.24789695E+001  0.41112086E+001  0.58211013E+001  0.92744203E+001
  0.19206522E+000  0.21789919E+000  0.35320625E+000  0.51541078E+000  0.85888390E+000  0.97800353E+000  0.13287589E+001  0.24789695E+001  0.41112093E+001  0.58211013E+001  0.92744202E+001
  0.19206526E+000  0.21789921E+000  0.35320629E+000  0.51541080E+000  0.85888392E+000  0.97800356E+000  0.13287589E+001  0.24789696E+001  0.41112100E+001  0.58211013E+001  0.92744201E+001
  0.19206530E+000  0.21789922E+000  0.35320632E+000  0.51541081E+000  0.85888394E+000  0.97800358E+000  0.13287589E+001  0.24789696E+001  0.41112107E+001  0.58211013E+001  0.92744200E+001
  0.19206533E+000  0.21789923E+000  0.35320636E+000  0.51541083E+000  0.85888396E+000  0.97800360E+000  0.13287590E+001  0.24789696E+001  0.41112114E+001  0.58211013E+001  0.92744198E+001
  0.19206536E+000  0.21789924E+000  0.35320639E+000  0.51541084E+000  0.85888397E+000  0.97800362E+000  0.13287590E+001  0.24789697E+001  0.41112121E+001  0.58211013E+001  0.92744197E+001
  0.19206539E+000  0.21789925E+000  0.35320642E+000  0.51541085E+000  0.85888398E+000  0.97800364E+000  0.13287591E+001  0.24789697E+001  0.41112128E+001  0.58211013E+001  0.92744196E+001
  0.19206542E+000  0.21789926E+000  0.35320645E+000  0.51541086E+000  0.85888400E+000  0.97800366E+000  0.13287591E+001  0.24789697E+001  0.41112135E+001  0.58211013E+001  0.92744195E+001
  0.19206544E+000  0.21789927E+000  0.35320648E+000  0.51541087E+000  0.85888401E+000  0.97800367E+000  0.13287591E+001  0.24789698E+001  0.41112142E+001  0.58211013E+001  0.92744194E+001
  0.19206546E+000  0.21789928E+000  0.35320650E+000  0.51541088E+000  0.85888402E+000  0.97800369E+000  0.13287592E+001  0.24789698E+001  0.41112150E+001  0.58211013E+001  0.92744193E+001
  0.19206548E+000  0.21789929E+000  0.35320653E+000  0.51541089E+000  0.85888403E+000  0.97800370E+000  0.13287592E+001  0.24789698E+001  0.41112158E+001  0.58211013E+001  0.92744192E+001
  0.19206549E+000  0.21789930E+000  0.35320655E+000  0.51541090E+000  0.85888404E+000  0.97800371E+000  0.13287592E+001  0.24789698E+001  0.41112165E+001  0.58211013E+001  0.92744191E+001
  0.19206551E+000  0.21789930E+000  0.35320657E+000  0.51541091E+000  0.85888404E+000  0.97800372E+000  0.13287592E+001  0.24789699E+001  0.41112173E+001  0.58211013E+001  0.92744190E+001
  0.19206552E+000  0.21789931E+000  0.35320659E+000  0.51541091E+000  0.85888405E+000  0.97800373E+000  0.13287593E+001  0.24789699E+001  0.41112181E+001  0.58211013E+001  0.92744189E+001
  0.19206553E+000  0.21789931E+000  0.35320661E+000  0.51541092E+000  0.85888406E+000  0.97800374E+000  0.13287593E+001  0.24789699E+001  0.41112189E+001  0.58211013E+001  0.92744188E+001
  0.19206555E+000  0.21789932E+000  0.35320663E+000  0.51541093E+000  0.85888406E+000  0.97800375E+000  0.13287593E+001  0.24789699E+001  0.41112198E+001  0.58211013E+001  0.92744187E+001
  0.19206556E+000  0.21789932E+000  0.35320665E+000  0.51541093E+000  0.85888407E+000  0.97800375E+000  0.13287593E+001  0.24789699E+001  0.41112206E+001  0.58211013E+001  0.92744187E+001
  0.19206557E+000  0.21789933E+000  0.35320667E+000  0.51541094E+000  0.85888407E+000  0.97800376E+000  0.13287593E+001  0.24789699E+001  0.41112215E+001  0.58211013E+001  0.92744186E+001
  0.19206557E+000  0.21789933E+000  0.35320668E+000  0.51541094E+000  0.85888408E+000  0.97800377E+000  0.13287594E+001  0.24789699E+001  0.41112223E+001  0.58211013E+001  0.92744185E+001
  0.19206558E+000  0.21789933E+000  0.35320670E+000  0.51541094E+000  0.85888408E+000  0.97800377E+000  0.13287594E+001  0.24789700E+001  0.41112232E+001  0.58211013E+001  0.92744185E+001
  0.19206559E+000  0.21789934E+000  0.35320671E+000  0.51541095E+000  0.85888408E+000  0.97800378E+000  0.13287594E+001  0.24789700E+001  0.41112241E+001  0.58211013E+001  0.92744185E+001
  0.19206560E+000  0.21789934E+000  0.35320673E+000  0.51541095E+000  0.85888409E+000  0.97800378E+000  0.13287594E+001  0.24789700E+001  0.41112250E+001  0.58211013E+001  0.92744184E+001
  0.19206560E+000  0.21789934E+000  0.35320674E+000  0.51541096E+000  0.85888409E+000  0.97800379E+000  0.13287594E+001  0.24789700E+001  0.41112259E+001  0.58211013E+001  0.92744184E+001
  0.19206561E+000  0.21789935E+000  0.35320676E+000  0.51541096E+000  0.85888409E+000  0.97800379E+000  0.13287595E+001  0.24789700E+001  0.41112268E+001  0.58211013E+001  0.92744184E+001
  0.19206562E+000  0.21789935E+000  0.35320677E+000  0.51541096E+000  0.85888410E+000  0.97800380E+000  0.13287595E+001  0.24789700E+001  0.41112278E+001  0.58211013E+001  0.92744184E+001
  0.19206562E+000  0.21789935E+000  0.35320678E+000  0.51541097E+000  0.85888410E+000  0.97800380E+000  0.13287595E+001  0.24789700E+001  0.41112287E+001  0.58211013E+001  0.92744184E+001
  0.19206563E+000  0.21789935E+000  0.35320680E+000  0.51541097E+000  0.85888410E+000  0.97800380E+000  0.13287595E+001  0.24789700E+001  0.41112297E+001  0.58211013E+001  0.92744185E+001
  0.19206563E+000  0.21789936E+000  0.35320681E+000  0.51541097E+000  0.85888411E+000  0.97800381E+000  0.13287595E+001  0.24789701E+001  0.41112307E+001  0.58211013E+001  0.92744185E+001
  0.19206564E+000  0.21789936E+000  0.35320682E+000  0.51541098E+000  0.85888411E+000  0.97800381E+000  0.13287595E+001  0.24789701E+001  0.41112316E+001  0.58211013E+001  0.92744185E+001
  0.19206564E+000  0.21789936E+000  0.35320683E+000  0.51541098E+000  0.85888411E+000  0.97800381E+000  0.13287596E+001  0.24789701E+001  0.41112326E+001  0.58211013E+001  0.92744186E+001
  0.19206565E+000  0.21789936E+000  0.35320684E+000  0.51541098E+000  0.85888411E+000  0.97800382E+000  0.13287596E+001  0.24789701E+001  0.41112336E+001  0.58211013E+001  0.92744187E+001
  0.19206565E+000  0.21789937E+000  0.35320685E+000  0.51541098E+000  0.85888412E+000  0.97800382E+000  0.13287596E+001  0.24789701E+001  0.41112346E+001  0.58211013E+001  0.92744187E+001
  0.19206566E+000  0.21789937E+000  0.35320686E+000  0.51541099E+000  0.85888412E+000  0.97800382E+000  0.13287596E+001  0.24789701E+001  0.41112356E+001  0.58211014E+001  0.92744188E+001
  0.19206566E+000  0.21789937E+000  0.35320687E+000  0.51541099E+000  0.85888412E+000  0.97800383E+000  0.13287596E+001  0.24789701E+001  0.41112366E+001  0.58211014E+001  0.92744189E+001
  0.19206566E+000  0.21789937E+000  0.35320688E+000  0.51541099E+000  0.85888412E+000  0.97800383E+000  0.13287596E+001  0.24789701E+001  0.41112377E+001  0.58211014E+001  0.92744190E+001
  0.19206567E+000  0.21789937E+000  0.35320689E+000  0.51541100E+000  0.85888412E+000  0.97800383E+000  0.13287596E+001  0.24789701E+001  0.41112387E+001  0.58211014E+001  0.92744191E+001
  0.19206567E+000  0.21789938E+000  0.35320690E+000  0.51541100E+000  0.85888413E+000  0.97800384E+000  0.13287597E+001  0.24789701E+001  0.41112397E+001  0.58211014E+001  0.92744192E+001
  0.19206568E+000  0.21789938E+000  0.35320691E+000  0.51541100E+000  0.85888413E+000  0.97800384E+000  0.13287597E+001  0.24789701E+001  0.41112407E+001  0.58211014E+001  0.92744194E+001
  0.19206568E+000  0.21789938E+000  0.35320691E+000  0.51541100E+000  0.85888413E+000  0.97800384E+000  0.13287597E+001  0.24789702E+001  0.41112418E+001  0.58211014E+001  0.92744195E+001
  0.19206568E+000  0.21789938E+000  0.35320692E+000  0.51541100E+000  0.85888413E+000  0.97800384E+000  0.13287597E+001  0.24789702E+001  0.41112428E+001  0.58211014E+001  0.92744197E+001
  0.19206569E+000  0.21789938E+000  0.35320693E+000  0.51541101E+000  0.85888413E+000  0.97800385E+000  0.13287597E+001  0.24789702E+001  0.41112438E+001  0.58211014E+001  0.92744198E+001
  0.19206569E+000  0.21789938E+000  0.35320693E+000  0.51541101E+000  0.85888414E+000  0.97800385E+000  0.13287597E+001  0.24789702E+001  0.41112449E+001  0.58211014E+001  0.92744200E+001
  0.19206569E+000  0.21789939E+000  0.35320694E+000  0.51541101E+000  0.85888414E+000  0.97800385E+000  0.13287597E+001  0.24789702E+001  0.41112459E+001  0.58211014E+001  0.92744201E+001
  0.19206570E+000  0.21789939E+000  0.35320695E+000  0.51541101E+000  0.85888414E+000  0.97800385E+000  0.13287597E+001  0.24789702E+001  0.41112469E+001  0.58211014E+001  0.92744203E+001
  0.19206570E+000  0.21789939E+000  0.35320695E+000  0.51541101E+000  0.85888414E+000  0.97800385E+000  0.13287597E+001  0.24789702E+001  0.41112480E+001  0.58211014E+001  0.92744205E+001
  0.19206570E+000  0.21789939E+000  0.35320696E+000  0.51541101E+000  0.85888414E+000  0.97800386E+000  0.13287598E+001  0.24789702E+001  0.41112490E+001  0.58211014E+001  0.92744207E+001
  0.19206570E+000  0.21789939E+000  0.35320697E+000  0.51541102E+000  0.85888414E+000  0.97800386E+000  0.13287598E+001  0.24789702E+001  0.41112500E+001  0.58211014E+001  0.92744209E+001
  0.19206571E+000  0.21789939E+000  0.35320697E+000  0.51541102E+000  0.85888414E+000  0.97800386E+000  0.13287598E+001  0.24789702E+001  0.41112510E+001  0.58211014E+001  0.92744211E+001
  0.19206571E+000  0.21789939E+000  0.35320698E+000  0.51541102E+000  0.85888414E+000  0.97800386E+000  0.13287598E+001  0.24789702E+001  0.41112520E+001  0.58211014E+001  0.92744213E+001
  0.19206571E+000  0.21789939E+000  0.35320698E+000  0.51541102E+000  0.85888415E+000  0.97800386E+000  0.13287598E+001  0.24789702E+001  0.41112530E+001  0.58211014E+001  0.92744215E+001
  0.19206571E+000  0.21789940E+000  0.35320698E+000  0.51541102E+000  0.85888415E+000  0.97800386E+000  0.13287598E+001  0.24789702E+001  0.41112540E+001  0.58211014E+001  0.92744218E+001
  0.19206571E+000  0.21789940E+000  0.35320699E+000  0.51541102E+000  0.85888415E+000  0.97800386E+000  0.13287598E+001  0.24789702E+001  0.41112550E+001  0.58211014E+001  0.92744220E+001
  0.19206572E+000  0.21789940E+000  0.35320699E+000  0.51541102E+000  0.85888415E+000  0.97800387E+000  0.13287598E+001  0.24789702E+001  0.41112559E+001  0.58211014E+001  0.92744222E+001
  0.19206572E+000  0.21789940E+000  0.35320700E+000  0.51541102E+000  0.85888415E+000  0.97800387E+000  0.13287598E+001  0.24789702E+001  0.41112569E+001  0.58211014E+001  0.92744225E+001
  0.19206572E+000  0.21789940E+000  0.35320700E+000  0.51541102E+000  0.85888415E+000  0.97800387E+000  0.13287598E+001  0.24789702E+001  0.41112579E+001  0.58211014E+001  0.92744227E+001
  0.19206572E+000  0.21789940E+000  0.35320700E+000  0.51541103E+000  0.85888415E+000  0.97800387E+000  0.13287598E+001  0.24789702E+001  0.41112588E+001  0.58211014E+001  0.92744229E+001
  0.19206572E+000  0.21789940E+000  0.35320701E+000  0.51541103E+000  0.85888415E+000  0.97800387E+000  0.13287598E+001  0.24789702E+001  0.41112597E+001  0.58211014E+001  0.92744232E+001
  0.19206572E+000  0.21789940E+000  0.35320701E+000  0.51541103E+000  0.85888415E+000  0.97800387E+000  0.13287598E+001  0.24789703E+001  0.41112606E+001  0.58211014E+001  0.92744234E+001
  0.19206572E+000  0.21789940E+000  0.35320701E+000  0.51541103E+000  0.85888415E+000  0.97800387E+000  0.13287598E+001  0.24789703E+001  0.41112615E+001  0.58211014E+001  0.92744237E+001
  0.19206572E+000  0.21789940E+000  0.35320702E+000  0.51541103E+000  0.85888415E+000  0.97800387E+000  0.13287598E+001  0.24789703E+001  0.41112624E+001  0.58211014E+001  0.92744240E+001
  0.19206573E+000  0.21789940E+000  0.35320702E+000  0.51541103E+000  0.85888415E+000  0.97800387E+000  0.13287599E+001  0.24789703E+001  0.41112633E+001  0.58211014E+001  0.92744242E+001
  0.19206573E+000  0.21789940E+000  0.35320702E+000  0.51541103E+000  0.85888415E+000  0.97800387E+000  0.13287599E+001  0.24789703E+001  0.41112642E+001  0.58211014E+001  0.92744245E+001
  0.19206573E+000  0.21789940E+000  0.35320702E+000  0.51541103E+000  0.85888415E+000  0.97800387E+000  0.13287599E+001  0.24789703E+001  0.41112650E+001  0.58211014E+001  0.92744247E+001
  0.19206573E+000  0.21789940E+000  0.35320702E+000  0.51541103E+000  0.85888415E+000  0.97800387E+000  0.13287599E+001  0.24789703E+001  0.41112658E+001  0.58211014E+001  0.92744250E+001
  0.19206573E+000  0.21789940E+000  0.35320703E+000  0.51541103E+000  0.85888415E+000  0.97800387E+000  0.13287599E+001  0.24789703E+001  0.41112667E+001  0.58211014E+001  0.92744253E+001
  0.19206573E+000  0.21789940E+000  0.35320703E+000  0.51541103E+000  0.85888415E+000  0.97800387E+000  0.13287599E+001  0.24789703E+001  0.41112675E+001  0.58211014E+001  0.92744255E+001
  0.19206573E+000  0.21789940E+000  0.35320703E+000  0.51541103E+000  0.85888415E+000  0.97800387E+000  0.13287599E+001  0.24789703E+001  0.41112683E+001  0.58211014E+001  0.92744258E+001
  0.19206573E+000  0.21789940E+000  0.35320703E+000  0.51541103E+000  0.85888415E+000  0.97800387E+000  0.13287599E+001  0.24789703E+001  0.41112690E+001  0.58211014E+001  0.92744261E+001
  0.19206573E+000  0.21789940E+000  0.35320703E+000  0.51541103E+000  0.85888415E+000  0.97800387E+000  0.13287599E+001  0.24789703E+001  0.41112698E+001  0.58211014E+001  0.92744263E+001
  0.19206573E+000  0.21789940E+000  0.35320703E+000  0.51541103E+000  0.85888415E+000  0.97800387E+000  0.13287599E+001  0.24789703E+001  0.41112705E+001  0.58211014E+001  0.92744266E+001
  0.19206573E+000  0.21789940E+000  0.35320703E+000  0.51541103E+000  0.85888415E+000  0.97800387E+000  0.13287599E+001  0.24789703E+001  0.41112712E+001  0.58211014E+001  0.92744268E+001
  0.19206572E+000  0.21789940E+000  0.35320703E+000  0.51541103E+000  0.85888415E+000  0.97800387E+000  0.13287599E+001  0.24789703E+001  0.41112720E+001  0.58211014E+001  0.92744271E+001
  0.19206572E+000  0.21789940E+000  0.35320703E+000  0.51541103E+000  0.85888415E+000  0.97800387E+000  0.13287599E+001  0.24789703E+001  0.41112726E+001  0.58211014E+001  0.92744274E+001
  0.19206572E+000  0.21789940E+000  0.35320703E+000  0.51541103E+000  0.85888415E+000  0.97800387E+000  0.13287599E+001  0.24789703E+001  0.41112733E+001  0.58211014E+001  0.92744276E+001
  0.19206572E+000  0.21789940E+000  0.35320704E+000  0.51541103E+000  0.85888415E+000  0.97800387E+000  0.13287599E+001  0.24789703E+001  0.41112740E+001  0.58211014E+001  0.92744279E+001
  0.19206572E+000  0.21789940E+000  0.35320704E+000  0.51541103E+000  0.85888415E+000  0.97800387E+000  0.13287599E+001  0.24789703E+001  0.41112746E+001  0.58211014E+001  0.92744281E+001
  0.19206572E+000  0.21789940E+000  0.35320704E+000  0.51541103E+000  0.85888415E+000  0.97800387E+000  0.13287599E+001  0.24789703E+001  0.41112752E+001  0.58211014E+001  0.92744284E+001
  0.19206572E+000  0.21789940E+000  0.35320704E+000  0.51541103E+000  0.85888415E+000  0.97800387E+000  0.13287599E+001  0.24789703E+001  0.41112759E+001  0.58211014E+001  0.92744286E+001
  0.19206572E+000  0.21789940E+000  0.35320704E+000  0.51541103E+000  0.85888415E+000  0.97800387E+000  0.13287599E+001  0.24789703E+001  0.41112765E+001  0.58211014E+001  0.92744289E+001
  0.19206572E+000  0.21789940E+000  0.35320704E+000  0.51541102E+000  0.85888415E+000  0.97800387E+000  0.13287599E+001  0.24789703E+001  0.41112770E+001  0.58211014E+001  0.92744291E+001
  0.19206572E+000  0.21789940E+000  0.35320704E+000  0.51541102E+000  0.85888415E+000  0.97800387E+000  0.13287599E+001  0.24789703E+001  0.41112776E+001  0.58211014E+001  0.92744294E+001
  0.19206572E+000  0.21789940E+000  0.35320704E+000  0.51541102E+000  0.85888415E+000  0.97800387E+000  0.13287599E+001  0.24789703E+001  0.41112781E+001  0.58211014E+001  0.92744296E+001
  0.19206572E+000  0.21789940E+000  0.35320704E+000  0.51541102E+000  0.85888415E+000  0.97800386E+000  0.13287599E+001  0.24789703E+001  0.41112787E+001  0.58211014E+001  0.92744298E+001
  0.19206571E+000  0.21789940E+000  0.35320704E+000  0.51541102E+000  0.85888415E+000  0.97800386E+000  0.13287599E+001  0.24789703E+001  0.41112792E+001  0.58211014E+001  0.92744301E+001
  0.19206571E+000  0.21789940E+000  0.35320704E+000  0.51541102E+000  0.85888415E+000  0.97800386E+000  0.13287599E+001  0.24789703E+001  0.41112797E+001  0.58211014E+001  0.92744303E+001
  0.19206571E+000  0.21789940E+000  0.35320704E+000  0.51541102E+000  0.85888414E+000  0.97800386E+000  0.13287599E+001  0.24789703E+001  0.41112802E+001  0.58211014E+001  0.92744305E+001
  0.19206571E+000  0.21789940E+000  0.35320704E+000  0.51541102E+000  0.85888414E+000  0.97800386E+000  0.13287599E+001  0.24789703E+001  0.41112806E+001  0.58211014E+001  0.92744308E+001
  0.19206571E+000  0.21789940E+000  0.35320703E+000  0.51541102E+000  0.85888414E+000  0.97800386E+000  0.13287599E+001  0.24789703E+001  0.41112811E+001  0.58211014E+001  0.92744310E+001
  0.19206571E+000  0.21789940E+000  0.35320703E+000  0.51541102E+000  0.85888414E+000  0.97800386E+000  0.13287599E+001  0.24789703E+001  0.41112815E+001  0.58211014E+001  0.92744312E+001
  0.19206571E+000  0.21789940E+000  0.35320703E+000  0.51541102E+000  0.85888414E+000  0.97800386E+000  0.13287599E+001  0.24789702E+001  0.41112819E+001  0.58211014E+001  0.92744314E+001
  0.19206570E+000  0.21789939E+000  0.35320703E+000  0.51541102E+000  0.85888414E+000  0.97800386E+000  0.13287599E+001  0.24789702E+001  0.41112823E+001  0.58211014E+001  0.92744316E+001
  0.19206570E+000  0.21789939E+000  0.35320703E+000  0.51541102E+000  0.85888414E+000  0.97800386E+000  0.13287599E+001  0.24789702E+001  0.41112827E+001  0.58211014E+001  0.92744318E+001
  0.19206570E+000  0.21789939E+000  0.35320703E+000  0.51541101E+000  0.85888414E+000  0.97800385E+000  0.13287599E+001  0.24789702E+001  0.41112831E+001  0.58211014E+001  0.92744320E+001
  0.19206570E+000  0.21789939E+000  0.35320703E+000  0.51541101E+000  0.85888414E+000  0.97800385E+000  0.13287599E+001  0.24789702E+001  0.41112835E+001  0.58211014E+001  0.92744322E+001
  0.19206570E+000  0.21789939E+000  0.35320703E+000  0.51541101E+000  0.85888414E+000  0.97800385E+000  0.13287599E+001  0.24789702E+001  0.41112838E+001  0.58211014E+001  0.92744323E+001
  0.19206569E+000  0.21789939E+000  0.35320703E+000  0.51541101E+000  0.85888413E+000  0.97800385E+000  0.13287599E+001  0.24789702E+001  0.41112842E+001  0.58211014E+001  0.92744325E+001
  0.19206569E+000  0.21789939E+000  0.35320702E+000  0.51541101E+000  0.85888413E+000  0.97800384E+000  0.13287599E+001  0.24789702E+001  0.41112845E+001  0.58211014E+001  0.92744327E+001
  0.19206568E+000  0.21789938E+000  0.35320702E+000  0.51541101E+000  0.85888413E+000  0.97800384E+000  0.13287599E+001  0.24789702E+001  0.41112848E+001  0.58211014E+001  0.92744329E+001
  0.19206568E+000  0.21789939E+000  0.35320702E+000  0.51541101E+000  0.85888413E+000  0.97800384E+000  0.13287599E+001  0.24789702E+001  0.41112851E+001  0.58211014E+001  0.92744331E+001
