  0.30323305E+000  0.31795780E+000  0.45957558E+000  0.62727953E+000  0.80299030E+000  0.91010540E+000  0.12865909E+001  0.18876849E+001  0.26315817E+001  0.40992969E+001  0.58395410E+001
  0.30316636E+000  0.31802124E+000  0.45964140E+000  0.62734450E+000  0.80301796E+000  0.91011870E+000  0.12866547E+001  0.18877523E+001  0.26315846E+001  0.40993444E+001  0.58394994E+001
  0.30312097E+000  0.31815071E+000  0.45976429E+000  0.62746581E+000  0.80303552E+000  0.91023814E+000  0.12867739E+001  0.18877511E+001  0.26315852E+001  0.40994290E+001  0.58394899E+001
  0.30308281E+000  0.31818714E+000  0.45981412E+000  0.62751498E+000  0.80305205E+000  0.91020525E+000  0.12868222E+001  0.18877495E+001  0.26315879E+001  0.40995225E+001  0.58394850E+001
  0.30305077E+000  0.31824327E+000  0.45985657E+000  0.62755688E+000  0.80306575E+000  0.91017790E+000  0.12868633E+001  0.18878021E+001  0.26315908E+001  0.40995523E+001  0.58394805E+001
  0.30302587E+000  0.31828194E+000  0.45989265E+000  0.62759249E+000  0.80307739E+000  0.91032103E+000  0.12868983E+001  0.18877922E+001  0.26315937E+001  0.40995776E+001  0.58394766E+001
  0.30301309E+000  0.31831327E+000  0.45992329E+000  0.62762273E+000  0.80308732E+000  0.91032796E+000  0.12869280E+001  0.18877835E+001  0.26315966E+001  0.40995991E+001  0.58394731E+001
  0.30300261E+000  0.31833987E+000  0.45994930E+000  0.62745960E+000  0.80309582E+000  0.91033385E+000  0.12869532E+001  0.18877760E+001  0.26315996E+001  0.40996174E+001  0.58394702E+001
  0.30299405E+000  0.31836244E+000  0.45997137E+000  0.62767019E+000  0.80310309E+000  0.91033884E+000  0.12869746E+001  0.18877698E+001  0.26316026E+001  0.40996329E+001  0.58394676E+001
  0.30298711E+000  0.31838159E+000  0.45999011E+000  0.62768868E+000  0.80310931E+000  0.91034306E+000  0.12869927E+001  0.18877647E+001  0.26316055E+001  0.40996460E+001  0.58394654E+001
  0.30298157E+000  0.31839784E+000  0.46000600E+000  0.62770436E+000  0.80311464E+000  0.91034662E+000  0.12870081E+001  0.18877605E+001  0.26316083E+001  0.40996572E+001  0.58394635E+001
  0.30297722E+000  0.31841162E+000  0.46001947E+000  0.62771766E+000  0.80311919E+000  0.91034963E+000  0.12870212E+001  0.18877599E+001  0.26316110E+001  0.40996667E+001  0.58394619E+001
  0.30297392E+000  0.31842330E+000  0.46003089E+000  0.62772893E+000  0.80312308E+000  0.91035216E+000  0.12870322E+001  0.18877628E+001  0.26316137E+001  0.40996748E+001  0.58394605E+001
  0.30297154E+000  0.31843319E+000  0.46004056E+000  0.62773848E+000  0.80312640E+000  0.91035427E+000  0.12870416E+001  0.18877655E+001  0.26316163E+001  0.40996816E+001  0.58394592E+001
  0.30296999E+000  0.31844155E+000  0.46004874E+000  0.62774655E+000  0.80312923E+000  0.91035604E+000  0.12870495E+001  0.18877678E+001  0.26316187E+001  0.40996874E+001  0.58394582E+001
  0.30296920E+000  0.31844862E+000  0.46005566E+000  0.62775337E+000  0.80313165E+000  0.91035751E+000  0.12870562E+001  0.18877698E+001  0.26316210E+001  0.40996922E+001  0.58394573E+001
  0.30296911E+000  0.31845458E+000  0.46006148E+000  0.62775912E+000  0.80313375E+000  0.91035873E+000  0.12870619E+001  0.18877716E+001  0.26316232E+001  0.40996964E+001  0.58394567E+001
  0.30296967E+000  0.31845960E+000  0.46006639E+000  0.62776396E+000  0.80313567E+000  0.91035976E+000  0.12870666E+001  0.18877732E+001  0.26316252E+001  0.40996998E+001  0.58394564E+001
  0.30297094E+000  0.31846381E+000  0.46007051E+000  0.62776802E+000  0.80313784E+000  0.91036075E+000  0.12870706E+001  0.18877746E+001  0.26316271E+001  0.40997028E+001  0.58394573E+001
  0.30297198E+000  0.31846733E+000  0.46007395E+000  0.62777142E+000  0.80313962E+000  0.91036154E+000  0.12870740E+001  0.18877757E+001  0.26316288E+001  0.40997052E+001  0.58394579E+001
  0.30297283E+000  0.31847026E+000  0.46007681E+000  0.62777425E+000  0.80314108E+000  0.91036216E+000  0.12870767E+001  0.18877768E+001  0.26316304E+001  0.40997072E+001  0.58394584E+001
  0.30297352E+000  0.31847268E+000  0.46007919E+000  0.62777659E+000  0.80314226E+000  0.91036263E+000  0.12870790E+001  0.18877777E+001  0.26316318E+001  0.40997089E+001  0.58394588E+001
  0.30297406E+000  0.31845333E+000  0.46008114E+000  0.62777852E+000  0.80314322E+000  0.91036298E+000  0.12870809E+001  0.18877784E+001  0.26316332E+001  0.40997102E+001  0.58394590E+001
  0.30297449E+000  0.31845464E+000  0.46008273E+000  0.62778009E+000  0.80314397E+000  0.91036322E+000  0.12870825E+001  0.18877791E+001  0.26316344E+001  0.40997113E+001  0.58394592E+001
  0.30297480E+000  0.31845569E+000  0.46008402E+000  0.62778136E+000  0.80314455E+000  0.91036337E+000  0.12870837E+001  0.18877797E+001  0.26316355E+001  0.40997122E+001  0.58394592E+001
  0.30297504E+000  0.31845652E+000  0.46008505E+000  0.62778238E+000  0.80314498E+000  0.91036344E+000  0.12870847E+001  0.18877802E+001  0.26316365E+001  0.40997129E+001  0.58394593E+001
  0.30297519E+000  0.31845716E+000  0.46008585E+000  0.62778317E+000  0.80314529E+000  0.91036344E+000  0.12870855E+001  0.18877806E+001  0.26316375E+001  0.40997135E+001  0.58394592E+001
  0.30297528E+000  0.31845763E+000  0.46008646E+000  0.62778377E+000  0.80314549E+000  0.91036338E+000  0.12870861E+001  0.18877810E+001  0.26316383E+001  0.40997139E+001  0.58394591E+001
  0.30297531E+000  0.31845797E+000  0.46008691E+000  0.62778422E+000  0.80314560E+000  0.91036327E+000  0.12870865E+001  0.18877813E+001  0.26316391E+001  0.40997142E+001  0.58394590E+001
  0.30297529E+000  0.31845820E+000  0.46008723E+000  0.62778453E+000  0.80314564E+000  0.91036311E+000  0.12870868E+001  0.18877816E+001  0.26316398E+001  0.40997144E+001  0.58394588E+001
  0.30297523E+000  0.31845832E+000  0.46008743E+000  0.62778473E+000  0.80314561E+000  0.91036292E+000  0.12870870E+001  0.18877818E+001  0.26316404E+001  0.40997145E+001  0.58394586E+001
  0.30297514E+000  0.31845836E+000  0.46008753E+000  0.62778483E+000  0.80314552E+000  0.91036270E+000  0.12870871E+001  0.18877820E+001  0.26316409E+001  0.40997145E+001  0.58394583E+001
  0.30297501E+000  0.31845833E+000  0.46008756E+000  0.62778485E+000  0.80314539E+000  0.91036245E+000  0.12870872E+001  0.18877821E+001  0.26316414E+001  0.40997145E+001  0.58394581E+001
  0.30297486E+000  0.31845825E+000  0.46008751E+000  0.62778481E+000  0.80314522E+000  0.91036218E+000  0.12870871E+001  0.18877822E+001  0.26316418E+001  0.40997144E+001  0.58394578E+001
  0.30297469E+000  0.31845811E+000  0.46008741E+000  0.62778471E+000  0.80314502E+000  0.91036189E+000  0.12870870E+001  0.18877823E+001  0.26316422E+001  0.40997143E+001  0.58394575E+001
  0.30297450E+000  0.31845794E+000  0.46008727E+000  0.62778457E+000  0.80314479E+000  0.91036158E+000  0.12870869E+001  0.18877823E+001  0.26316424E+001  0.40997142E+001  0.58394572E+001
  0.30297429E+000  0.31845774E+000  0.46008709E+000  0.62778439E+000  0.80314454E+000  0.91036126E+000  0.12870867E+001  0.18877823E+001  0.26316426E+001  0.40997140E+001  0.58394568E+001
  0.30297407E+000  0.31845750E+000  0.46008687E+000  0.62778418E+000  0.80314427E+000  0.91036092E+000  0.12870865E+001  0.18877822E+001  0.26316428E+001  0.40997138E+001  0.58394565E+001
  0.30297383E+000  0.31845725E+000  0.46008663E+000  0.62778394E+000  0.80314398E+000  0.91036057E+000  0.12870863E+001  0.18877822E+001  0.26316429E+001  0.40997136E+001  0.58394561E+001
  0.30297359E+000  0.31845698E+000  0.46008638E+000  0.62778369E+000  0.80314369E+000  0.91036022E+000  0.12870860E+001  0.18877821E+001  0.26316430E+001  0.40997133E+001  0.58394558E+001
  0.30297334E+000  0.31845669E+000  0.46008610E+000  0.62778342E+000  0.80314338E+000  0.91035985E+000  0.12870857E+001  0.18877820E+001  0.26316430E+001  0.40997130E+001  0.58394554E+001
  0.30297307E+000  0.31845640E+000  0.46008581E+000  0.62778313E+000  0.80314306E+000  0.91035948E+000  0.12870855E+001  0.18877819E+001  0.26316430E+001  0.40997128E+001  0.58394550E+001
  0.30297280E+000  0.31845609E+000  0.46008552E+000  0.62778284E+000  0.80314274E+000  0.91035910E+000  0.12870852E+001  0.18877817E+001  0.26316429E+001  0.40997125E+001  0.58394546E+001
  0.30297253E+000  0.31845578E+000  0.46008521E+000  0.62778254E+000  0.80314241E+000  0.91035872E+000  0.12870849E+001  0.18877815E+001  0.26316428E+001  0.40997122E+001  0.58394543E+001
  0.30297225E+000  0.31845546E+000  0.46008490E+000  0.62778223E+000  0.80314207E+000  0.91035833E+000  0.12870846E+001  0.18877813E+001  0.26316427E+001  0.40997119E+001  0.58394539E+001
  0.30297196E+000  0.31845514E+000  0.46008458E+000  0.62778192E+000  0.80314173E+000  0.91035794E+000  0.12870843E+001  0.18877811E+001  0.26316425E+001  0.40997116E+001  0.58394535E+001
  0.30297167E+000  0.31845481E+000  0.46008426E+000  0.62778160E+000  0.80314139E+000  0.91035754E+000  0.12870840E+001  0.18877809E+001  0.26316423E+001  0.40997113E+001  0.58394531E+001
  0.30297137E+000  0.31845448E+000  0.46008394E+000  0.62778128E+000  0.80314104E+000  0.91035714E+000  0.12870837E+001  0.18877807E+001  0.26316421E+001  0.40997109E+001  0.58394527E+001
  0.30297108E+000  0.31845415E+000  0.46008361E+000  0.62778096E+000  0.80314070E+000  0.91035674E+000  0.12870833E+001  0.18877804E+001  0.26316419E+001  0.40997106E+001  0.58394522E+001
  0.30297077E+000  0.31845381E+000  0.46008329E+000  0.62778064E+000  0.80314035E+000  0.91035633E+000  0.12870830E+001  0.18877801E+001  0.26316416E+001  0.40997103E+001  0.58394518E+001
  0.30297047E+000  0.31845348E+000  0.46008296E+000  0.62778032E+000  0.80314000E+000  0.91035593E+000  0.12870827E+001  0.18877798E+001  0.26316413E+001  0.40997100E+001  0.58394514E+001
  0.30297016E+000  0.31845315E+000  0.46008263E+000  0.62777999E+000  0.80313965E+000  0.91035552E+000  0.12870824E+001  0.18877796E+001  0.26316410E+001  0.40997096E+001  0.58394510E+001
  0.30296986E+000  0.31845281E+000  0.46008231E+000  0.62777967E+000  0.80313930E+000  0.91035511E+000  0.12870821E+001  0.18877792E+001  0.26316407E+001  0.40997093E+001  0.58394506E+001
  0.30296955E+000  0.31845248E+000  0.46008198E+000  0.62777935E+000  0.80313894E+000  0.91035469E+000  0.12870818E+001  0.18877789E+001  0.26316404E+001  0.40997090E+001  0.58394502E+001
  0.30296924E+000  0.31845214E+000  0.46008165E+000  0.62777903E+000  0.80313859E+000  0.91035428E+000  0.12870814E+001  0.18877786E+001  0.26316401E+001  0.40997086E+001  0.58394497E+001
  0.30296893E+000  0.31845181E+000  0.46008133E+000  0.62777870E+000  0.80313824E+000  0.91035387E+000  0.12870811E+001  0.18877783E+001  0.26316397E+001  0.40997083E+001  0.58394493E+001
  0.30296861E+000  0.31845147E+000  0.46008100E+000  0.62777838E+000  0.80313789E+000  0.91035346E+000  0.12870808E+001  0.18877780E+001  0.26316394E+001  0.40997080E+001  0.58394489E+001
  0.30296830E+000  0.31845114E+000  0.46008068E+000  0.62777806E+000  0.80313754E+000  0.91035304E+000  0.12870805E+001  0.18877776E+001  0.26316390E+001  0.40997076E+001  0.58394485E+001
  0.30296799E+000  0.31845081E+000  0.46008035E+000  0.62777774E+000  0.80313720E+000  0.91035263E+000  0.12870802E+001  0.18877773E+001  0.26316387E+001  0.40997073E+001  0.58394480E+001
  0.30296768E+000  0.31845048E+000  0.46008003E+000  0.62777743E+000  0.80313685E+000  0.91035222E+000  0.12870799E+001  0.18877770E+001  0.26316383E+001  0.40997070E+001  0.58394476E+001
  0.30296737E+000  0.31845016E+000  0.46007971E+000  0.62777711E+000  0.80313651E+000  0.91035181E+000  0.12870796E+001  0.18877766E+001  0.26316380E+001  0.40997066E+001  0.58394472E+001
  0.30296707E+000  0.31844983E+000  0.46007940E+000  0.62777680E+000  0.80313617E+000  0.91035141E+000  0.12870793E+001  0.18877763E+001  0.26316376E+001  0.40997063E+001  0.58394468E+001
  0.30296676E+000  0.31844951E+000  0.46007908E+000  0.62777649E+000  0.80313583E+000  0.91035101E+000  0.12870789E+001  0.18877759E+001  0.26316373E+001  0.40997060E+001  0.58394464E+001
  0.30296646E+000  0.31844919E+000  0.46007877E+000  0.62777619E+000  0.80313549E+000  0.91035061E+000  0.12870786E+001  0.18877756E+001  0.26316369E+001  0.40997056E+001  0.58394459E+001
  0.30296616E+000  0.31844888E+000  0.46007847E+000  0.62777588E+000  0.80313516E+000  0.91035021E+000  0.12870783E+001  0.18877753E+001  0.26316366E+001  0.40997053E+001  0.58394455E+001
  0.30296586E+000  0.31844857E+000  0.46007816E+000  0.62777558E+000  0.80313484E+000  0.91034982E+000  0.12870781E+001  0.18877749E+001  0.26316362E+001  0.40997050E+001  0.58394451E+001
  0.30296557E+000  0.31844826E+000  0.46007786E+000  0.62777528E+000  0.80313451E+000  0.91034943E+000  0.12870778E+001  0.18877746E+001  0.26316359E+001  0.40997047E+001  0.58394447E+001
  0.30296528E+000  0.31844796E+000  0.46007756E+000  0.62777499E+000  0.80313420E+000  0.91034905E+000  0.12870775E+001  0.18877743E+001  0.26316356E+001  0.40997044E+001  0.58394443E+001
  0.30296500E+000  0.31844766E+000  0.46007727E+000  0.62777470E+000  0.80313388E+000  0.91034867E+000  0.12870772E+001  0.18877740E+001  0.26316353E+001  0.40997041E+001  0.58394439E+001
  0.30296472E+000  0.31844736E+000  0.46007698E+000  0.62777442E+000  0.80313358E+000  0.91034830E+000  0.12870769E+001  0.18877737E+001  0.26316350E+001  0.40997038E+001  0.58394436E+001
  0.30296444E+000  0.31844707E+000  0.46007670E+000  0.62777414E+000  0.80313327E+000  0.91034794E+000  0.12870766E+001  0.18877734E+001  0.26316347E+001  0.40997035E+001  0.58394432E+001
  0.30296417E+000  0.31844679E+000  0.46007642E+000  0.62777387E+000  0.80313298E+000  0.91034758E+000  0.12870764E+001  0.18877731E+001  0.26316344E+001  0.40997032E+001  0.58394428E+001
  0.30296391E+000  0.31844651E+000  0.46007615E+000  0.62777360E+000  0.80313269E+000  0.91034723E+000  0.12870761E+001  0.18877728E+001  0.26316341E+001  0.40997029E+001  0.58394424E+001
  0.30296365E+000  0.31844624E+000  0.46007589E+000  0.62777333E+000  0.80313241E+000  0.91034689E+000  0.12870758E+001  0.18877725E+001  0.26316338E+001  0.40997026E+001  0.58394421E+001
  0.30296340E+000  0.31844598E+000  0.46007563E+000  0.62777308E+000  0.80313213E+000  0.91034656E+000  0.12870756E+001  0.18877723E+001  0.26316335E+001  0.40997024E+001  0.58394417E+001
  0.30296315E+000  0.31844572E+000  0.46007537E+000  0.62777283E+000  0.80313186E+000  0.91034624E+000  0.12870753E+001  0.18877720E+001  0.26316333E+001  0.40997021E+001  0.58394414E+001
  0.30296292E+000  0.31844547E+000  0.46007513E+000  0.62777258E+000  0.80313160E+000  0.91034592E+000  0.12870751E+001  0.18877718E+001  0.26316330E+001  0.40997019E+001  0.58394411E+001
  0.30296269E+000  0.31844522E+000  0.46007489E+000  0.62777235E+000  0.80313135E+000  0.91034562E+000  0.12870749E+001  0.18877715E+001  0.26316328E+001  0.40997016E+001  0.58394408E+001
  0.30296246E+000  0.31844499E+000  0.46007465E+000  0.62777212E+000  0.80313111E+000  0.91034532E+000  0.12870747E+001  0.18877713E+001  0.26316325E+001  0.40997014E+001  0.58394404E+001
  0.30296225E+000  0.31844476E+000  0.46007443E+000  0.62777190E+000  0.80313087E+000  0.91034504E+000  0.12870744E+001  0.18877711E+001  0.26316323E+001  0.40997011E+001  0.58394402E+001
  0.30296204E+000  0.31844454E+000  0.46007421E+000  0.62777168E+000  0.80313065E+000  0.91034476E+000  0.12870742E+001  0.18877709E+001  0.26316321E+001  0.40997009E+001  0.58394399E+001
  0.30296184E+000  0.31844432E+000  0.46007400E+000  0.62777147E+000  0.80313043E+000  0.91034450E+000  0.12870740E+001  0.18877707E+001  0.26316319E+001  0.40997007E+001  0.58394396E+001
  0.30296165E+000  0.31844412E+000  0.46007380E+000  0.62777127E+000  0.80313022E+000  0.91034424E+000  0.12870738E+001  0.18877706E+001  0.26316317E+001  0.40997005E+001  0.58394393E+001
  0.30296147E+000  0.31844392E+000  0.46007360E+000  0.62777108E+000  0.80313002E+000  0.91034400E+000  0.12870736E+001  0.18877704E+001  0.26316315E+001  0.40997003E+001  0.58394391E+001
  0.30296129E+000  0.31844373E+000  0.46007342E+000  0.62777090E+000  0.80312983E+000  0.91034377E+000  0.12870735E+001  0.18877702E+001  0.26316313E+001  0.40997001E+001  0.58394388E+001
  0.30296112E+000  0.31844355E+000  0.46007324E+000  0.62777072E+000  0.80312965E+000  0.91034355E+000  0.12870733E+001  0.18877701E+001  0.26316312E+001  0.40996999E+001  0.58394386E+001
  0.30296097E+000  0.31844338E+000  0.46007307E+000  0.62777056E+000  0.80312947E+000  0.91034333E+000  0.12870731E+001  0.18877700E+001  0.26316310E+001  0.40996998E+001  0.58394384E+001
  0.30296081E+000  0.31844322E+000  0.46007291E+000  0.62777040E+000  0.80312931E+000  0.91034313E+000  0.12870730E+001  0.18877698E+001  0.26316309E+001  0.40996996E+001  0.58394381E+001
  0.30296067E+000  0.31844307E+000  0.46007276E+000  0.62777025E+000  0.80312915E+000  0.91034295E+000  0.12870728E+001  0.18877697E+001  0.26316307E+001  0.40996994E+001  0.58394379E+001
  0.30296054E+000  0.31844292E+000  0.46007261E+000  0.62777010E+000  0.80312901E+000  0.91034277E+000  0.12870727E+001  0.18877696E+001  0.26316306E+001  0.40996993E+001  0.58394378E+001
  0.30296041E+000  0.31844278E+000  0.46007247E+000  0.62776997E+000  0.80312887E+000  0.91034260E+000  0.12870725E+001  0.18877695E+001  0.26316305E+001  0.40996991E+001  0.58394376E+001
  0.30296029E+000  0.31844265E+000  0.46007234E+000  0.62776984E+000  0.80312874E+000  0.91034244E+000  0.12870724E+001  0.18877694E+001  0.26316304E+001  0.40996990E+001  0.58394374E+001
  0.30296018E+000  0.31844253E+000  0.46007222E+000  0.62776972E+000  0.80312862E+000  0.91034229E+000  0.12870723E+001  0.18877694E+001  0.26316303E+001  0.40996989E+001  0.58394372E+001
  0.30296008E+000  0.31844242E+000  0.46007211E+000  0.62776961E+000  0.80312850E+000  0.91034215E+000  0.12870722E+001  0.18877693E+001  0.26316302E+001  0.40996988E+001  0.58394371E+001
  0.30295998E+000  0.31844231E+000  0.46007200E+000  0.62776950E+000  0.80312840E+000  0.91034202E+000  0.12870721E+001  0.18877693E+001  0.26316301E+001  0.40996987E+001  0.58394370E+001
  0.30295989E+000  0.31844221E+000  0.46007190E+000  0.62776940E+000  0.80312830E+000  0.91034190E+000  0.12870720E+001  0.18877692E+001  0.26316300E+001  0.40996986E+001  0.58394368E+001
  0.30295981E+000  0.31844212E+000  0.46007181E+000  0.62776931E+000  0.80312821E+000  0.91034179E+000  0.12870719E+001  0.18877692E+001  0.26316300E+001  0.40996985E+001  0.58394367E+001
  0.30295973E+000  0.31844203E+000  0.46007172E+000  0.62776923E+000  0.80312812E+000  0.91034169E+000  0.12870718E+001  0.18877692E+001  0.26316299E+001  0.40996984E+001  0.58394366E+001
  0.30295966E+000  0.31844195E+000  0.46007164E+000  0.62776915E+000  0.80312805E+000  0.91034159E+000  0.12870717E+001  0.18877691E+001  0.26316299E+001  0.40996983E+001  0.58394365E+001
  0.30295959E+000  0.31844188E+000  0.46007157E+000  0.62776908E+000  0.80312797E+000  0.91034151E+000  0.12870717E+001  0.18877691E+001  0.26316298E+001  0.40996983E+001  0.58394364E+001
  0.30295953E+000  0.31844181E+000  0.46007150E+000  0.62776901E+000  0.80312791E+000  0.91034142E+000  0.12870716E+001  0.18877691E+001  0.26316298E+001  0.40996982E+001  0.58394363E+001
  0.30295947E+000  0.31844175E+000  0.46007144E+000  0.62776895E+000  0.80312785E+000  0.91034135E+000  0.12870715E+001  0.18877691E+001  0.26316298E+001  0.40996981E+001  0.58394362E+001
  0.30295942E+000  0.31844169E+000  0.46007138E+000  0.62776889E+000  0.80312779E+000  0.91034128E+000  0.12870715E+001  0.18877691E+001  0.26316297E+001  0.40996981E+001  0.58394361E+001
  0.30295938E+000  0.31844164E+000  0.46007133E+000  0.62776884E+000  0.80312774E+000  0.91034122E+000  0.12870714E+001  0.18877691E+001  0.26316297E+001  0.40996980E+001  0.58394360E+001
  0.30295934E+000  0.31844159E+000  0.46007128E+000  0.62776879E+000  0.80312770E+000  0.91034116E+000  0.12870714E+001  0.18877691E+001  0.26316297E+001  0.40996980E+001  0.58394360E+001
  0.30295930E+000  0.31844155E+000  0.46007124E+000  0.62776875E+000  0.80312766E+000  0.91034111E+000  0.12870713E+001  0.18877692E+001  0.26316297E+001  0.40996979E+001  0.58394359E+001
  0.30295926E+000  0.31844151E+000  0.46007120E+000  0.62776871E+000  0.80312762E+000  0.91034107E+000  0.12870713E+001  0.18877692E+001  0.26316297E+001  0.40996979E+001  0.58394359E+001
  0.30295923E+000  0.31844147E+000  0.46007116E+000  0.62776867E+000  0.80312759E+000  0.91034102E+000  0.12870713E+001  0.18877692E+001  0.26316297E+001  0.40996979E+001  0.58394358E+001
  0.30295920E+000  0.31844144E+000  0.46007113E+000  0.62776864E+000  0.80312756E+000  0.91034099E+000  0.12870712E+001  0.18877693E+001  0.26316297E+001  0.40996978E+001  0.58394358E+001
  0.30295918E+000  0.31844141E+000  0.46007110E+000  0.62776861E+000  0.80312753E+000  0.91034095E+000  0.12870712E+001  0.18877693E+001  0.26316298E+001  0.40996978E+001  0.58394357E+001
  0.30295915E+000  0.31844139E+000  0.46007107E+000  0.62776859E+000  0.80312750E+000  0.91034092E+000  0.12870712E+001  0.18877693E+001  0.26316298E+001  0.40996978E+001  0.58394357E+001
  0.30295913E+000  0.31844136E+000  0.46007105E+000  0.62776856E+000  0.80312748E+000  0.91034089E+000  0.12870712E+001  0.18877694E+001  0.26316298E+001  0.40996978E+001  0.58394356E+001
  0.30295911E+000  0.31844134E+000  0.46007103E+000  0.62776854E+000  0.80312746E+000  0.91034087E+000  0.12870711E+001  0.18877694E+001  0.26316298E+001  0.40996977E+001  0.58394356E+001
  0.30295909E+000  0.31844132E+000  0.46007101E+000  0.62776852E+000  0.80312744E+000  0.91034084E+000  0.12870711E+001  0.18877695E+001  0.26316299E+001  0.40996977E+001  0.58394356E+001
  0.30295908E+000  0.31844130E+000  0.46007099E+000  0.62776850E+000  0.80312742E+000  0.91034082E+000  0.12870711E+001  0.18877695E+001  0.26316299E+001  0.40996977E+001  0.58394356E+001
  0.30295906E+000  0.31844129E+000  0.46007098E+000  0.62776849E+000  0.80312741E+000  0.91034080E+000  0.12870711E+001  0.18877696E+001  0.26316299E+001  0.40996977E+001  0.58394355E+001
  0.30295905E+000  0.31844127E+000  0.46007096E+000  0.62776847E+000  0.80312740E+000  0.91034078E+000  0.12870711E+001  0.18877696E+001  0.26316300E+001  0.40996977E+001  0.58394355E+001
  0.30295904E+000  0.31844126E+000  0.46007095E+000  0.62776846E+000  0.80312738E+000  0.91034077E+000  0.12870711E+001  0.18877697E+001  0.26316300E+001  0.40996977E+001  0.58394355E+001
  0.30295903E+000  0.31844125E+000  0.46007094E+000  0.62776845E+000  0.80312737E+000  0.91034075E+000  0.12870710E+001  0.18877697E+001  0.26316300E+001  0.40996977E+001  0.58394355E+001
  0.30295902E+000  0.31844124E+000  0.46007092E+000  0.62776844E+000  0.80312736E+000  0.91034074E+000  0.12870710E+001  0.18877698E+001  0.26316301E+001  0.40996977E+001  0.58394355E+001
  0.30295901E+000  0.31844123E+000  0.46007091E+000  0.62776843E+000  0.80312735E+000  0.91034072E+000  0.12870710E+001  0.18877698E+001  0.26316301E+001  0.40996976E+001  0.58394354E+001
  0.30295900E+000  0.31844122E+000  0.46007090E+000  0.62776842E+000  0.80312734E+000  0.91034071E+000  0.12870710E+001  0.18877699E+001  0.26316302E+001  0.40996976E+001  0.58394354E+001
  0.30295899E+000  0.31844121E+000  0.46007090E+000  0.62776841E+000  0.80312733E+000  0.91034070E+000  0.12870710E+001  0.18877700E+001  0.26316302E+001  0.40996976E+001  0.58394354E+001
  0.30295898E+000  0.31844120E+000  0.46007089E+000  0.62776840E+000  0.80312732E+000  0.91034069E+000  0.12870710E+001  0.18877700E+001  0.26316303E+001  0.40996976E+001  0.58394354E+001
  0.30295897E+000  0.31844119E+000  0.46007088E+000  0.62776839E+000  0.80312732E+000  0.91034068E+000  0.12870710E+001  0.18877701E+001  0.26316303E+001  0.40996976E+001  0.58394354E+001
  0.30295897E+000  0.31844118E+000  0.46007087E+000  0.62776839E+000  0.80312731E+000  0.91034067E+000  0.12870710E+001  0.18877701E+001  0.26316304E+001  0.40996976E+001  0.58394354E+001
  0.30295896E+000  0.31844118E+000  0.46007086E+000  0.62776838E+000  0.80312730E+000  0.91034066E+000  0.12870710E+001  0.18877702E+001  0.26316304E+001  0.40996976E+001  0.58394354E+001
  0.30295895E+000  0.31844117E+000  0.46007086E+000  0.62776837E+000  0.80312730E+000  0.91034065E+000  0.12870710E+001  0.18877703E+001  0.26316305E+001  0.40996976E+001  0.58394354E+001
  0.30295895E+000  0.31844116E+000  0.46007085E+000  0.62776837E+000  0.80312729E+000  0.91034064E+000  0.12870710E+001  0.18877703E+001  0.26316305E+001  0.40996976E+001  0.58394354E+001
  0.30295894E+000  0.31844116E+000  0.46007085E+000  0.62776836E+000  0.80312728E+000  0.91034063E+000  0.12870710E+001  0.18877704E+001  0.26316306E+001  0.40996976E+001  0.58394354E+001
  0.30295893E+000  0.31844115E+000  0.46007084E+000  0.62776835E+000  0.80312728E+000  0.91034062E+000  0.12870710E+001  0.18877704E+001  0.26316306E+001  0.40996976E+001  0.58394354E+001
  0.30295893E+000  0.31844114E+000  0.46007083E+000  0.62776835E+000  0.80312727E+000  0.91034061E+000  0.12870710E+001  0.18877705E+001  0.26316307E+001  0.40996976E+001  0.58394354E+001
  0.30295892E+000  0.31844114E+000  0.46007083E+000  0.62776834E+000  0.80312726E+000  0.91034061E+000  0.12870709E+001  0.18877705E+001  0.26316307E+001  0.40996976E+001  0.58394354E+001
  0.30295892E+000  0.31844113E+000  0.46007082E+000  0.62776834E+000  0.80312726E+000  0.91034060E+000  0.12870709E+001  0.18877706E+001  0.26316308E+001  0.40996976E+001  0.58394354E+001
  0.30295891E+000  0.31844113E+000  0.46007082E+000  0.62776833E+000  0.80312725E+000  0.91034059E+000  0.12870709E+001  0.18877707E+001  0.26316308E+001  0.40996976E+001  0.58394354E+001
  0.30295891E+000  0.31844112E+000  0.46007081E+000  0.62776833E+000  0.80312725E+000  0.91034058E+000  0.12870709E+001  0.18877707E+001  0.26316309E+001  0.40996976E+001  0.58394354E+001
  0.30295890E+000  0.31844112E+000  0.46007081E+000  0.62776832E+000  0.80312724E+000  0.91034058E+000  0.12870709E+001  0.18877708E+001  0.26316310E+001  0.40996976E+001  0.58394354E+001
  0.30295890E+000  0.31844111E+000  0.46007080E+000  0.62776832E+000  0.80312724E+000  0.91034057E+000  0.12870709E+001  0.18877708E+001  0.26316310E+001  0.40996976E+001  0.58394355E+001
  0.30295889E+000  0.31844111E+000  0.46007080E+000  0.62776831E+000  0.80312723E+000  0.91034056E+000  0.12870709E+001  0.18877709E+001  0.26316311E+001  0.40996976E+001  0.58394355E+001
  0.30295889E+000  0.31844110E+000  0.46007079E+000  0.62776831E+000  0.80312723E+000  0.91034056E+000  0.12870709E+001  0.18877709E+001  0.26316311E+001  0.40996976E+001  0.58394355E+001
  0.30295888E+000  0.31844110E+000  0.46007079E+000  0.62776831E+000  0.80312722E+000  0.91034055E+000  0.12870709E+001  0.18877710E+001  0.26316312E+001  0.40996976E+001  0.58394355E+001
  0.30295888E+000  0.31844109E+000  0.46007078E+000  0.62776830E+000  0.80312722E+000  0.91034054E+000  0.12870709E+001  0.18877710E+001  0.26316312E+001  0.40996976E+001  0.58394355E+001
  0.30295887E+000  0.31844109E+000  0.46007078E+000  0.62776830E+000  0.80312722E+000  0.91034054E+000  0.12870709E+001  0.18877711E+001  0.26316313E+001  0.40996976E+001  0.58394355E+001
  0.30295887E+000  0.31844108E+000  0.46007078E+000  0.62776829E+000  0.80312721E+000  0.91034053E+000  0.12870709E+001  0.18877711E+001  0.26316313E+001  0.40996976E+001  0.58394356E+001
  0.30295887E+000  0.31844108E+000  0.46007077E+000  0.62776829E+000  0.80312721E+000  0.91034053E+000  0.12870709E+001  0.18877712E+001  0.26316314E+001  0.40996976E+001  0.58394356E+001
  0.30295886E+000  0.31844108E+000  0.46007077E+000  0.62776829E+000  0.80312720E+000  0.91034052E+000  0.12870709E+001  0.18877712E+001  0.26316315E+001  0.40996976E+001  0.58394356E+001
  0.30295886E+000  0.31844107E+000  0.46007077E+000  0.62776828E+000  0.80312720E+000  0.91034052E+000  0.12870709E+001  0.18877713E+001  0.26316315E+001  0.40996976E+001  0.58394356E+001
  0.30295886E+000  0.31844107E+000  0.46007076E+000  0.62776828E+000  0.80312720E+000  0.91034051E+000  0.12870709E+001  0.18877713E+001  0.26316316E+001  0.40996976E+001  0.58394356E+001
  0.30295885E+000  0.31844107E+000  0.46007076E+000  0.62776828E+000  0.80312719E+000  0.91034051E+000  0.12870709E+001  0.18877714E+001  0.26316316E+001  0.40996976E+001  0.58394357E+001
  0.30295885E+000  0.31844106E+000  0.46007076E+000  0.62776827E+000  0.80312719E+000  0.91034051E+000  0.12870709E+001  0.18877714E+001  0.26316317E+001  0.40996976E+001  0.58394357E+001
  0.30295885E+000  0.31844106E+000  0.46007075E+000  0.62776827E+000  0.80312719E+000  0.91034050E+000  0.12870709E+001  0.18877715E+001  0.26316317E+001  0.40996976E+001  0.58394357E+001
  0.30295885E+000  0.31844106E+000  0.46007075E+000  0.62776827E+000  0.80312719E+000  0.91034050E+000  0.12870709E+001  0.18877715E+001  0.26316318E+001  0.40996976E+001  0.58394357E+001
  0.30295884E+000  0.31844106E+000  0.46007075E+000  0.62776827E+000  0.80312718E+000  0.91034050E+000  0.12870709E+001  0.18877716E+001  0.26316318E+001  0.40996976E+001  0.58394357E+001
  0.30295884E+000  0.31844105E+000  0.46007075E+000  0.62776826E+000  0.80312718E+000  0.91034049E+000  0.12870709E+001  0.18877716E+001  0.26316319E+001  0.40996976E+001  0.58394358E+001
  0.30295884E+000  0.31844105E+000  0.46007075E+000  0.62776826E+000  0.80312718E+000  0.91034049E+000  0.12870709E+001  0.18877716E+001  0.26316319E+001  0.40996976E+001  0.58394358E+001
  0.30295884E+000  0.31844105E+000  0.46007074E+000  0.62776826E+000  0.80312718E+000  0.91034049E+000  0.12870709E+001  0.18877717E+001  0.26316320E+001  0.40996977E+001  0.58394358E+001
  0.30295884E+000  0.31844105E+000  0.46007074E+000  0.62776826E+000  0.80312718E+000  0.91034049E+000  0.12870709E+001  0.18877717E+001  0.26316320E+001  0.40996977E+001  0.58394359E+001
  0.30295883E+000  0.31844105E+000  0.46007074E+000  0.62776826E+000  0.80312718E+000  0.91034048E+000  0.12870709E+001  0.18877718E+001  0.26316321E+001  0.40996977E+001  0.58394359E+001
  0.30295883E+000  0.31844105E+000  0.46007074E+000  0.62776826E+000  0.80312717E+000  0.91034048E+000  0.12870709E+001  0.18877718E+001  0.26316321E+001  0.40996977E+001  0.58394359E+001
  0.30295883E+000  0.31844104E+000  0.46007074E+000  0.62776825E+000  0.80312717E+000  0.91034048E+000  0.12870709E+001  0.18877718E+001  0.26316322E+001  0.40996977E+001  0.58394359E+001
  0.30295883E+000  0.31844104E+000  0.46007074E+000  0.62776825E+000  0.80312717E+000  0.91034048E+000  0.12870709E+001  0.18877719E+001  0.26316322E+001  0.40996977E+001  0.58394360E+001
  0.30295883E+000  0.31844104E+000  0.46007074E+000  0.62776825E+000  0.80312717E+000  0.91034048E+000  0.12870709E+001  0.18877719E+001  0.26316323E+001  0.40996977E+001  0.58394360E+001
  0.30295883E+000  0.31844104E+000  0.46007073E+000  0.62776825E+000  0.80312717E+000  0.91034048E+000  0.12870709E+001  0.18877719E+001  0.26316323E+001  0.40996977E+001  0.58394360E+001
  0.30295883E+000  0.31844104E+000  0.46007073E+000  0.62776825E+000  0.80312717E+000  0.91034048E+000  0.12870709E+001  0.18877720E+001  0.26316324E+001  0.40996977E+001  0.58394361E+001
  0.30295883E+000  0.31844104E+000  0.46007073E+000  0.62776825E+000  0.80312717E+000  0.91034048E+000  0.12870709E+001  0.18877720E+001  0.26316324E+001  0.40996977E+001  0.58394361E+001
  0.30295883E+000  0.31844104E+000  0.46007073E+000  0.62776825E+000  0.80312717E+000  0.91034048E+000  0.12870709E+001  0.18877720E+001  0.26316325E+001  0.40996977E+001  0.58394361E+001
  0.30295883E+000  0.31844104E+000  0.46007073E+000  0.62776825E+000  0.80312717E+000  0.91034048E+000  0.12870709E+001  0.18877721E+001  0.26316325E+001  0.40996977E+001  0.58394362E+001
  0.30295883E+000  0.31844104E+000  0.46007073E+000  0.62776825E+000  0.80312717E+000  0.91034048E+000  0.12870709E+001  0.18877721E+001  0.26316325E+001  0.40996977E+001  0.58394362E+001
  0.30295883E+000  0.31844104E+000  0.46007073E+000  0.62776825E+000  0.80312717E+000  0.91034048E+000  0.12870709E+001  0.18877721E+001  0.26316326E+001  0.40996977E+001  0.58394362E+001
  0.30295883E+000  0.31844104E+000  0.46007073E+000  0.62776825E+000  0.80312717E+000  0.91034048E+000  0.12870709E+001  0.18877722E+001  0.26316326E+001  0.40996977E+001  0.58394362E+001
  0.30295883E+000  0.31844104E+000  0.46007073E+000  0.62776825E+000  0.80312717E+000  0.91034048E+000  0.12870709E+001  0.18877722E+001  0.26316327E+001  0.40996977E+001  0.58394363E+001
  0.30295883E+000  0.31844104E+000  0.46007073E+000  0.62776825E+000  0.80312717E+000  0.91034048E+000  0.12870709E+001  0.18877722E+001  0.26316327E+001  0.40996977E+001  0.58394363E+001
  0.30295883E+000  0.31844104E+000  0.46007073E+000  0.62776825E+000  0.80312718E+000  0.91034048E+000  0.12870709E+001  0.18877722E+001  0.26316327E+001  0.40996977E+001  0.58394363E+001
  0.30295883E+000  0.31844104E+000  0.46007074E+000  0.62776825E+000  0.80312718E+000  0.91034048E+000  0.12870709E+001  0.18877723E+001  0.26316328E+001  0.40996977E+001  0.58394364E+001
  0.30295883E+000  0.31844104E+000  0.46007074E+000  0.62776825E+000  0.80312718E+000  0.91034049E+000  0.12870709E+001  0.18877723E+001  0.26316328E+001  0.40996978E+001  0.58394364E+001
  0.30295884E+000  0.31844105E+000  0.46007074E+000  0.62776825E+000  0.80312718E+000  0.91034049E+000  0.12870709E+001  0.18877723E+001  0.26316328E+001  0.40996978E+001  0.58394364E+001
  0.30295884E+000  0.31844105E+000  0.46007074E+000  0.62776825E+000  0.80312718E+000  0.91034049E+000  0.12870709E+001  0.18877723E+001  0.26316329E+001  0.40996978E+001  0.58394365E+001
  0.30295884E+000  0.31844105E+000  0.46007074E+000  0.62776826E+000  0.80312718E+000  0.91034049E+000  0.12870709E+001  0.18877724E+001  0.26316329E+001  0.40996978E+001  0.58394365E+001
  0.30295884E+000  0.31844105E+000  0.46007074E+000  0.62776826E+000  0.80312718E+000  0.91034049E+000  0.12870709E+001  0.18877724E+001  0.26316329E+001  0.40996978E+001  0.58394365E+001
  0.30295884E+000  0.31844105E+000  0.46007074E+000  0.62776826E+000  0.80312718E+000  0.91034049E+000  0.12870709E+001  0.18877724E+001  0.26316330E+001  0.40996978E+001  0.58394366E+001
  0.30295884E+000  0.31844105E+000  0.46007074E+000  0.62776826E+000  0.80312719E+000  0.91034050E+000  0.12870709E+001  0.18877724E+001  0.26316330E+001  0.40996978E+001  0.58394366E+001
  0.30295884E+000  0.31844105E+000  0.46007074E+000  0.62776826E+000  0.80312719E+000  0.91034050E+000  0.12870709E+001  0.18877724E+001  0.26316330E+001  0.40996978E+001  0.58394366E+001
  0.30295885E+000  0.31844105E+000  0.46007074E+000  0.62776826E+000  0.80312719E+000  0.91034050E+000  0.12870709E+001  0.18877725E+001  0.26316331E+001  0.40996978E+001  0.58394366E+001
  0.30295885E+000  0.31844105E+000  0.46007075E+000  0.62776826E+000  0.80312719E+000  0.91034050E+000  0.12870709E+001  0.18877725E+001  0.26316331E+001  0.40996978E+001  0.58394367E+001
  0.30295885E+000  0.31844106E+000  0.46007075E+000  0.62776826E+000  0.80312719E+000  0.91034050E+000  0.12870709E+001  0.18877725E+001  0.26316331E+001  0.40996978E+001  0.58394367E+001
  0.30295885E+000  0.31844106E+000  0.46007075E+000  0.62776826E+000  0.80312719E+000  0.91034051E+000  0.12870709E+001  0.18877725E+001  0.26316332E+001  0.40996978E+001  0.58394367E+001
  0.30295885E+000  0.31844106E+000  0.46007075E+000  0.62776827E+000  0.80312719E+000  0.91034051E+000  0.12870709E+001  0.18877725E+001  0.26316332E+001  0.40996978E+001  0.58394368E+001
  0.30295885E+000  0.31844106E+000  0.46007075E+000  0.62776827E+000  0.80312720E+000  0.91034051E+000  0.12870709E+001  0.18877725E+001  0.26316332E+001  0.40996978E+001  0.58394368E+001
  0.30295886E+000  0.31844106E+000  0.46007075E+000  0.62776827E+000  0.80312720E+000  0.91034051E+000  0.12870709E+001  0.18877726E+001  0.26316332E+001  0.40996978E+001  0.58394368E+001
  0.30295886E+000  0.31844106E+000  0.46007075E+000  0.62776827E+000  0.80312720E+000  0.91034052E+000  0.12870709E+001  0.18877726E+001  0.26316333E+001  0.40996978E+001  0.58394368E+001
  0.30295886E+000  0.31844107E+000  0.46007076E+000  0.62776827E+000  0.80312720E+000  0.91034052E+000  0.12870709E+001  0.18877726E+001  0.26316333E+001  0.40996978E+001  0.58394369E+001
  0.30295886E+000  0.31844107E+000  0.46007076E+000  0.62776827E+000  0.80312721E+000  0.91034052E+000  0.12870709E+001  0.18877726E+001  0.26316333E+001  0.40996979E+001  0.58394369E+001
  0.30295886E+000  0.31844107E+000  0.46007076E+000  0.62776828E+000  0.80312721E+000  0.91034053E+000  0.12870709E+001  0.18877726E+001  0.26316333E+001  0.40996979E+001  0.58394369E+001
  0.30295887E+000  0.31844107E+000  0.46007076E+000  0.62776828E+000  0.80312721E+000  0.91034053E+000  0.12870709E+001  0.18877726E+001  0.26316334E+001  0.40996979E+001  0.58394369E+001
  0.30295887E+000  0.31844108E+000  0.46007076E+000  0.62776828E+000  0.80312722E+000  0.91034054E+000  0.12870709E+001  0.18877726E+001  0.26316334E+001  0.40996979E+001  0.58394370E+001
  0.30295888E+000  0.31844108E+000  0.46007077E+000  0.62776828E+000  0.80312722E+000  0.91034054E+000  0.12870709E+001  0.18877727E+001  0.26316334E+001  0.40996979E+001  0.58394370E+001
  0.30295888E+000  0.31844108E+000  0.46007077E+000  0.62776829E+000  0.80312723E+000  0.91034055E+000  0.12870709E+001  0.18877727E+001  0.26316334E+001  0.40996979E+001  0.58394370E+001
  0.30295889E+000  0.31844109E+000  0.46007077E+000  0.62776829E+000  0.80312724E+000  0.91034056E+000  0.12870709E+001  0.18877727E+001  0.26316334E+001  0.40996979E+001  0.58394370E+001
  0.30295890E+000  0.31844109E+000  0.46007078E+000  0.62776830E+000  0.80312724E+000  0.91034057E+000  0.12870709E+001  0.18877727E+001  0.26316335E+001  0.40996979E+001  0.58394371E+001
  0.30295888E+000  0.31844111E+000  0.46007080E+000  0.62776832E+000  0.80312723E+000  0.91034056E+000  0.12870709E+001  0.18877727E+001  0.26316335E+001  0.40996979E+001  0.58394371E+001
