 -0.57432092E+000 -0.43190780E+000 -0.11426195E+000 -0.56729871E-002 -0.39447190E-002 -0.10642722E-002  0.10817903E-002  0.96014761E+000  0.25658122E+001  0.51504776E+001  0.73807482E+001
 -0.56277983E+000 -0.42345176E+000 -0.11252667E+000 -0.55619382E-002 -0.38832485E-002 -0.10854323E-002  0.10741223E-002  0.95996305E+000  0.25656265E+001  0.51502354E+001  0.73805380E+001
 -0.56450354E+000 -0.42491580E+000 -0.11325151E+000 -0.55790480E-002 -0.38960645E-002 -0.10910920E-002  0.10734216E-002  0.95981262E+000  0.25654718E+001  0.51500290E+001  0.73803567E+001
 -0.56752000E+000 -0.42729831E+000 -0.11408555E+000 -0.56076699E-002 -0.39114962E-002 -0.10845401E-002  0.10749151E-002  0.95972305E+000  0.25653751E+001  0.51498929E+001  0.73802340E+001
 -0.56874837E+000 -0.42829481E+000 -0.11447781E+000 -0.56192685E-002 -0.39174422E-002 -0.10810649E-002  0.10759493E-002  0.95965624E+000  0.25653024E+001  0.51497864E+001  0.73801356E+001
 -0.56976661E+000 -0.42909996E+000 -0.11476388E+000 -0.56290313E-002 -0.39226348E-002 -0.10786406E-002  0.10768057E-002  0.95960798E+000  0.25652496E+001  0.51497057E+001  0.73800587E+001
 -0.57060965E+000 -0.42974695E+000 -0.11496512E+000 -0.56372043E-002 -0.39269807E-002 -0.10766080E-002  0.10775381E-002  0.95957488E+000  0.25652129E+001  0.51496474E+001  0.73800007E+001
 -0.57130797E+000 -0.43026494E+000 -0.11509899E+000 -0.56440373E-002 -0.39305917E-002 -0.10748491E-002  0.10781675E-002  0.95955417E+000  0.25651895E+001  0.51496079E+001  0.73799592E+001
 -0.57188713E+000 -0.43067845E+000 -0.11517974E+000 -0.56497464E-002 -0.39335868E-002 -0.10733207E-002  0.10787090E-002  0.95954352E+000  0.25651766E+001  0.51495842E+001  0.73799319E+001
 -0.57236822E+000 -0.43100774E+000 -0.11521907E+000 -0.56545138E-002 -0.39360685E-002 -0.10719931E-002  0.10791740E-002  0.95954101E+000  0.25651725E+001  0.51495736E+001  0.73799168E+001
 -0.57276846E+000 -0.43126936E+000 -0.11522654E+000 -0.56584918E-002 -0.39381230E-002 -0.10708416E-002  0.10795740E-002  0.95954504E+000  0.25651753E+001  0.51495736E+001  0.73799119E+001
 -0.57310198E+000 -0.43147675E+000 -0.11521002E+000 -0.56618085E-002 -0.39398241E-002 -0.10698500E-002  0.10799180E-002  0.95955428E+000  0.25651837E+001  0.51495822E+001  0.73799156E+001
 -0.57338031E+000 -0.43164085E+000 -0.11517594E+000 -0.56645710E-002 -0.39412302E-002 -0.10689955E-002  0.10802138E-002  0.95956764E+000  0.25651966E+001  0.51495978E+001  0.73799263E+001
 -0.57361293E+000 -0.43177052E+000 -0.11512958E+000 -0.56668704E-002 -0.39423912E-002 -0.10682592E-002  0.10804678E-002  0.95958422E+000  0.25652129E+001  0.51496189E+001  0.73799428E+001
 -0.57380762E+000 -0.43187295E+000 -0.11507528E+000 -0.56687815E-002 -0.39433500E-002 -0.10676308E-002  0.10806848E-002  0.95960325E+000  0.25652321E+001  0.51496442E+001  0.73799639E+001
 -0.57397082E+000 -0.43195398E+000 -0.11501660E+000 -0.56703675E-002 -0.39441428E-002 -0.10671015E-002  0.10808686E-002  0.95962413E+000  0.25652533E+001  0.51496729E+001  0.73799887E+001
 -0.57410789E+000 -0.43201840E+000 -0.11495651E+000 -0.56716821E-002 -0.39448011E-002 -0.10666662E-002  0.10810217E-002  0.95964634E+000  0.25652761E+001  0.51497041E+001  0.73800163E+001
 -0.57422331E+000 -0.43207014E+000 -0.11489751E+000 -0.56727714E-002 -0.39453540E-002 -0.10663249E-002  0.10811450E-002  0.95966948E+000  0.25652999E+001  0.51497371E+001  0.73800460E+001
 -0.57432087E+000 -0.43211243E+000 -0.11484177E+000 -0.56736758E-002 -0.39458303E-002 -0.10660877E-002  0.10812367E-002  0.95969320E+000  0.25653245E+001  0.51497714E+001  0.73800772E+001
 -0.57441050E+000 -0.43215309E+000 -0.11479273E+000 -0.56745001E-002 -0.39463186E-002 -0.10660162E-002  0.10812887E-002  0.95971722E+000  0.25653496E+001  0.51498065E+001  0.73801094E+001
 -0.57439802E+000 -0.43212057E+000 -0.11473054E+000 -0.56743178E-002 -0.39461230E-002 -0.10657984E-002  0.10813306E-002  0.95974129E+000  0.25653747E+001  0.51498419E+001  0.73801423E+001
 -0.57438748E+000 -0.43209268E+000 -0.11467531E+000 -0.56741569E-002 -0.39459518E-002 -0.10656099E-002  0.10813681E-002  0.95976523E+000  0.25653998E+001  0.51498774E+001  0.73801754E+001
 -0.57437849E+000 -0.43206871E+000 -0.11462634E+000 -0.56740147E-002 -0.39458012E-002 -0.10654453E-002  0.10814026E-002  0.95978888E+000  0.25654247E+001  0.51499126E+001  0.73802084E+001
 -0.57437080E+000 -0.43204805E+000 -0.11458297E+000 -0.56738889E-002 -0.39456686E-002 -0.10653014E-002  0.10814345E-002  0.95981210E+000  0.25654492E+001  0.51499474E+001  0.73802411E+001
 -0.57436419E+000 -0.43203020E+000 -0.11454463E+000 -0.56737778E-002 -0.39455519E-002 -0.10651753E-002  0.10814642E-002  0.95983478E+000  0.25654732E+001  0.51499815E+001  0.73802733E+001
 -0.57435847E+000 -0.43201473E+000 -0.11451076E+000 -0.56736797E-002 -0.39454492E-002 -0.10650648E-002  0.10814918E-002  0.95985685E+000  0.25654965E+001  0.51500147E+001  0.73803047E+001
 -0.57435352E+000 -0.43200129E+000 -0.11448087E+000 -0.56735932E-002 -0.39453587E-002 -0.10649680E-002  0.10815175E-002  0.95987822E+000  0.25655191E+001  0.51500470E+001  0.73803353E+001
 -0.57434922E+000 -0.43198959E+000 -0.11445452E+000 -0.56735169E-002 -0.39452792E-002 -0.10648830E-002  0.10815414E-002  0.95989883E+000  0.25655410E+001  0.51500782E+001  0.73803649E+001
 -0.57434548E+000 -0.43197938E+000 -0.11443129E+000 -0.56734497E-002 -0.39452092E-002 -0.10648083E-002  0.10815637E-002  0.95991863E+000  0.25655620E+001  0.51501082E+001  0.73803934E+001
 -0.57434222E+000 -0.43197046E+000 -0.11441082E+000 -0.56733906E-002 -0.39451477E-002 -0.10647428E-002  0.10815844E-002  0.95993758E+000  0.25655821E+001  0.51501370E+001  0.73804207E+001
 -0.57433938E+000 -0.43196264E+000 -0.11439279E+000 -0.56733386E-002 -0.39450936E-002 -0.10646852E-002  0.10816037E-002  0.95995566E+000  0.25656013E+001  0.51501644E+001  0.73804467E+001
 -0.57433690E+000 -0.43195578E+000 -0.11437690E+000 -0.56732930E-002 -0.39450461E-002 -0.10646346E-002  0.10816216E-002  0.95997282E+000  0.25656196E+001  0.51501905E+001  0.73804714E+001
 -0.57433473E+000 -0.43194976E+000 -0.11436289E+000 -0.56732530E-002 -0.39450044E-002 -0.10645901E-002  0.10816382E-002  0.95998907E+000  0.25656368E+001  0.51502151E+001  0.73804948E+001
 -0.57433284E+000 -0.43194447E+000 -0.11435054E+000 -0.56732178E-002 -0.39449678E-002 -0.10645510E-002  0.10816536E-002  0.96000438E+000  0.25656531E+001  0.51502384E+001  0.73805168E+001
 -0.57433118E+000 -0.43193981E+000 -0.11433964E+000 -0.56731870E-002 -0.39449356E-002 -0.10645166E-002  0.10816678E-002  0.96001875E+000  0.25656684E+001  0.51502602E+001  0.73805374E+001
 -0.57432974E+000 -0.43193571E+000 -0.11433002E+000 -0.56731600E-002 -0.39449074E-002 -0.10644864E-002  0.10816809E-002  0.96003219E+000  0.25656828E+001  0.51502805E+001  0.73805567E+001
 -0.57432848E+000 -0.43193210E+000 -0.11432153E+000 -0.56731363E-002 -0.39448826E-002 -0.10644597E-002  0.10816930E-002  0.96004470E+000  0.25656961E+001  0.51502995E+001  0.73805746E+001
 -0.57432738E+000 -0.43192891E+000 -0.11431402E+000 -0.56731156E-002 -0.39448609E-002 -0.10644363E-002  0.10817040E-002  0.96005629E+000  0.25657084E+001  0.51503170E+001  0.73805911E+001
 -0.57432642E+000 -0.43192611E+000 -0.11430739E+000 -0.56730974E-002 -0.39448418E-002 -0.10644157E-002  0.10817141E-002  0.96006698E+000  0.25657198E+001  0.51503332E+001  0.73806063E+001
 -0.57432558E+000 -0.43192363E+000 -0.11430152E+000 -0.56730815E-002 -0.39448250E-002 -0.10643975E-002  0.10817233E-002  0.96007679E+000  0.25657303E+001  0.51503480E+001  0.73806202E+001
 -0.57432485E+000 -0.43192145E+000 -0.11429634E+000 -0.56730676E-002 -0.39448103E-002 -0.10643816E-002  0.10817317E-002  0.96008575E+000  0.25657399E+001  0.51503615E+001  0.73806329E+001
 -0.57432421E+000 -0.43191953E+000 -0.11429176E+000 -0.56730554E-002 -0.39447975E-002 -0.10643676E-002  0.10817392E-002  0.96009390E+000  0.25657486E+001  0.51503738E+001  0.73806445E+001
 -0.57432366E+000 -0.43191784E+000 -0.11428771E+000 -0.56730447E-002 -0.39447862E-002 -0.10643552E-002  0.10817460E-002  0.96010126E+000  0.25657564E+001  0.51503849E+001  0.73806549E+001
 -0.57432318E+000 -0.43191634E+000 -0.11428413E+000 -0.56730354E-002 -0.39447763E-002 -0.10643444E-002  0.10817521E-002  0.96010788E+000  0.25657635E+001  0.51503950E+001  0.73806643E+001
 -0.57432276E+000 -0.43191503E+000 -0.11428097E+000 -0.56730272E-002 -0.39447676E-002 -0.10643349E-002  0.10817575E-002  0.96011380E+000  0.25657698E+001  0.51504039E+001  0.73806727E+001
 -0.57432240E+000 -0.43191388E+000 -0.11427818E+000 -0.56730201E-002 -0.39447601E-002 -0.10643266E-002  0.10817623E-002  0.96011906E+000  0.25657755E+001  0.51504120E+001  0.73806803E+001
 -0.57432208E+000 -0.43191286E+000 -0.11427572E+000 -0.56730140E-002 -0.39447535E-002 -0.10643193E-002  0.10817665E-002  0.96012370E+000  0.25657805E+001  0.51504191E+001  0.73806870E+001
 -0.57432181E+000 -0.43191198E+000 -0.11427357E+000 -0.56730086E-002 -0.39447477E-002 -0.10643129E-002  0.10817702E-002  0.96012778E+000  0.25657849E+001  0.51504254E+001  0.73806929E+001
 -0.57432158E+000 -0.43191120E+000 -0.11427167E+000 -0.56730039E-002 -0.39447427E-002 -0.10643074E-002  0.10817735E-002  0.96013135E+000  0.25657888E+001  0.51504310E+001  0.73806982E+001
 -0.57432139E+000 -0.43191052E+000 -0.11427001E+000 -0.56729999E-002 -0.39447384E-002 -0.10643026E-002  0.10817763E-002  0.96013444E+000  0.25657922E+001  0.51504359E+001  0.73807029E+001
 -0.57432122E+000 -0.43190994E+000 -0.11426856E+000 -0.56729964E-002 -0.39447346E-002 -0.10642984E-002  0.10817787E-002  0.96013711E+000  0.25657951E+001  0.51504402E+001  0.73807070E+001
 -0.57432108E+000 -0.43190943E+000 -0.11426729E+000 -0.56729934E-002 -0.39447314E-002 -0.10642947E-002  0.10817807E-002  0.96013940E+000  0.25657977E+001  0.51504441E+001  0.73807106E+001
 -0.57432096E+000 -0.43190899E+000 -0.11426619E+000 -0.56729908E-002 -0.39447286E-002 -0.10642916E-002  0.10817825E-002  0.96014135E+000  0.25657999E+001  0.51504474E+001  0.73807139E+001
 -0.57432086E+000 -0.43190861E+000 -0.11426524E+000 -0.56729887E-002 -0.39447262E-002 -0.10642889E-002  0.10817839E-002  0.96014302E+000  0.25658018E+001  0.51504504E+001  0.73807167E+001
 -0.57432078E+000 -0.43190829E+000 -0.11426442E+000 -0.56729868E-002 -0.39447242E-002 -0.10642865E-002  0.10817852E-002  0.96014442E+000  0.25658034E+001  0.51504530E+001  0.73807193E+001
 -0.57432071E+000 -0.43190802E+000 -0.11426372E+000 -0.56729852E-002 -0.39447225E-002 -0.10642845E-002  0.10817862E-002  0.96014561E+000  0.25658049E+001  0.51504553E+001  0.73807216E+001
 -0.57432066E+000 -0.43190779E+000 -0.11426312E+000 -0.56729839E-002 -0.39447210E-002 -0.10642827E-002  0.10817870E-002  0.96014661E+000  0.25658061E+001  0.51504573E+001  0.73807237E+001
 -0.57432062E+000 -0.43190760E+000 -0.11426261E+000 -0.56729828E-002 -0.39447197E-002 -0.10642811E-002  0.10817877E-002  0.96014745E+000  0.25658072E+001  0.51504592E+001  0.73807256E+001
 -0.57432059E+000 -0.43190744E+000 -0.11426218E+000 -0.56729819E-002 -0.39447186E-002 -0.10642798E-002  0.10817883E-002  0.96014816E+000  0.25658081E+001  0.51504609E+001  0.73807273E+001
 -0.57432057E+000 -0.43190731E+000 -0.11426182E+000 -0.56729812E-002 -0.39447177E-002 -0.10642786E-002  0.10817888E-002  0.96014876E+000  0.25658089E+001  0.51504624E+001  0.73807289E+001
 -0.57432055E+000 -0.43190721E+000 -0.11426153E+000 -0.56729806E-002 -0.39447170E-002 -0.10642775E-002  0.10817891E-002  0.96014927E+000  0.25658097E+001  0.51504638E+001  0.73807304E+001
 -0.57432054E+000 -0.43190713E+000 -0.11426128E+000 -0.56729802E-002 -0.39447163E-002 -0.10642766E-002  0.10817894E-002  0.96014970E+000  0.25658103E+001  0.51504651E+001  0.73807317E+001
 -0.57432054E+000 -0.43190707E+000 -0.11426109E+000 -0.56729798E-002 -0.39447158E-002 -0.10642757E-002  0.10817897E-002  0.96015008E+000  0.25658109E+001  0.51504663E+001  0.73807331E+001
 -0.57432054E+000 -0.43190703E+000 -0.11426093E+000 -0.56729796E-002 -0.39447154E-002 -0.10642750E-002  0.10817899E-002  0.96015041E+000  0.25658114E+001  0.51504675E+001  0.73807343E+001
 -0.57432055E+000 -0.43190700E+000 -0.11426081E+000 -0.56729794E-002 -0.39447150E-002 -0.10642743E-002  0.10817900E-002  0.96015069E+000  0.25658119E+001  0.51504685E+001  0.73807355E+001
 -0.57432055E+000 -0.43190698E+000 -0.11426073E+000 -0.56729793E-002 -0.39447147E-002 -0.10642737E-002  0.10817901E-002  0.96015095E+000  0.25658124E+001  0.51504696E+001  0.73807367E+001
 -0.57432057E+000 -0.43190698E+000 -0.11426066E+000 -0.56729792E-002 -0.39447145E-002 -0.10642731E-002  0.10817902E-002  0.96015118E+000  0.25658129E+001  0.51504706E+001  0.73807378E+001
 -0.57432058E+000 -0.43190698E+000 -0.11426063E+000 -0.56729792E-002 -0.39447143E-002 -0.10642726E-002  0.10817903E-002  0.96015139E+000  0.25658133E+001  0.51504715E+001  0.73807388E+001
 -0.57432059E+000 -0.43190699E+000 -0.11426061E+000 -0.56729793E-002 -0.39447141E-002 -0.10642722E-002  0.10817903E-002  0.96015157E+000  0.25658137E+001  0.51504725E+001  0.73807399E+001
 -0.57432061E+000 -0.43190701E+000 -0.11426061E+000 -0.56729794E-002 -0.39447140E-002 -0.10642718E-002  0.10817903E-002  0.96015175E+000  0.25658140E+001  0.51504734E+001  0.73807409E+001
 -0.57432063E+000 -0.43190704E+000 -0.11426062E+000 -0.56729795E-002 -0.39447140E-002 -0.10642714E-002  0.10817903E-002  0.96015191E+000  0.25658144E+001  0.51504742E+001  0.73807419E+001
 -0.57432065E+000 -0.43190707E+000 -0.11426064E+000 -0.56729797E-002 -0.39447140E-002 -0.10642711E-002  0.10817903E-002  0.96015205E+000  0.25658147E+001  0.51504751E+001  0.73807428E+001
 -0.57432067E+000 -0.43190710E+000 -0.11426068E+000 -0.56729799E-002 -0.39447140E-002 -0.10642709E-002  0.10817903E-002  0.96015218E+000  0.25658150E+001  0.51504758E+001  0.73807437E+001
 -0.57432069E+000 -0.43190714E+000 -0.11426072E+000 -0.56729801E-002 -0.39447141E-002 -0.10642707E-002  0.10817903E-002  0.96015231E+000  0.25658153E+001  0.51504766E+001  0.73807446E+001
 -0.57432071E+000 -0.43190718E+000 -0.11426078E+000 -0.56729803E-002 -0.39447141E-002 -0.10642706E-002  0.10817903E-002  0.96015242E+000  0.25658156E+001  0.51504773E+001  0.73807454E+001
 -0.57432073E+000 -0.43190722E+000 -0.11426083E+000 -0.56729805E-002 -0.39447142E-002 -0.10642704E-002  0.10817902E-002  0.96015251E+000  0.25658159E+001  0.51504780E+001  0.73807462E+001
 -0.57432075E+000 -0.43190727E+000 -0.11426090E+000 -0.56729808E-002 -0.39447144E-002 -0.10642704E-002  0.10817902E-002  0.96015260E+000  0.25658161E+001  0.51504787E+001  0.73807470E+001
 -0.57432078E+000 -0.43190731E+000 -0.11426096E+000 -0.56729810E-002 -0.39447145E-002 -0.10642704E-002  0.10817901E-002  0.96015268E+000  0.25658164E+001  0.51504793E+001  0.73807477E+001
 -0.57432080E+000 -0.43190736E+000 -0.11426103E+000 -0.56729813E-002 -0.39447147E-002 -0.10642704E-002  0.10817900E-002  0.96015274E+000  0.25658166E+001  0.51504799E+001  0.73807484E+001
 -0.57432082E+000 -0.43190741E+000 -0.11426110E+000 -0.56729816E-002 -0.39447149E-002 -0.10642705E-002  0.10817900E-002  0.96015280E+000  0.25658168E+001  0.51504805E+001  0.73807491E+001
 -0.57432084E+000 -0.43190745E+000 -0.11426117E+000 -0.56729819E-002 -0.39447152E-002 -0.10642706E-002  0.10817899E-002  0.96015284E+000  0.25658169E+001  0.51504810E+001  0.73807497E+001
 -0.57432086E+000 -0.43190750E+000 -0.11426125E+000 -0.56729822E-002 -0.39447154E-002 -0.10642707E-002  0.10817898E-002  0.96015287E+000  0.25658171E+001  0.51504815E+001  0.73807502E+001
 -0.57432089E+000 -0.43190755E+000 -0.11426132E+000 -0.56729825E-002 -0.39447157E-002 -0.10642710E-002  0.10817897E-002  0.96015289E+000  0.25658172E+001  0.51504819E+001  0.73807508E+001
 -0.57432091E+000 -0.43190760E+000 -0.11426140E+000 -0.56729828E-002 -0.39447159E-002 -0.10642712E-002  0.10817896E-002  0.96015290E+000  0.25658174E+001  0.51504823E+001  0.73807513E+001
 -0.57432093E+000 -0.43190764E+000 -0.11426147E+000 -0.56729831E-002 -0.39447162E-002 -0.10642715E-002  0.10817894E-002  0.96015289E+000  0.25658175E+001  0.51504827E+001  0.73807517E+001
 -0.57432095E+000 -0.43190769E+000 -0.11426154E+000 -0.56729834E-002 -0.39447165E-002 -0.10642717E-002  0.10817893E-002  0.96015288E+000  0.25658176E+001  0.51504830E+001  0.73807521E+001
 -0.57432097E+000 -0.43190773E+000 -0.11426161E+000 -0.56729837E-002 -0.39447168E-002 -0.10642720E-002  0.10817892E-002  0.96015286E+000  0.25658176E+001  0.51504833E+001  0.73807525E+001
 -0.57432099E+000 -0.43190777E+000 -0.11426168E+000 -0.56729840E-002 -0.39447171E-002 -0.10642724E-002  0.10817891E-002  0.96015283E+000  0.25658177E+001  0.51504836E+001  0.73807528E+001
 -0.57432100E+000 -0.43190781E+000 -0.11426175E+000 -0.56729843E-002 -0.39447174E-002 -0.10642727E-002  0.10817890E-002  0.96015279E+000  0.25658177E+001  0.51504838E+001  0.73807531E+001
 -0.57432102E+000 -0.43190785E+000 -0.11426182E+000 -0.56729845E-002 -0.39447178E-002 -0.10642731E-002  0.10817888E-002  0.96015274E+000  0.25658177E+001  0.51504840E+001  0.73807533E+001
 -0.57432104E+000 -0.43190789E+000 -0.11426188E+000 -0.56729848E-002 -0.39447181E-002 -0.10642735E-002  0.10817887E-002  0.96015268E+000  0.25658177E+001  0.51504842E+001  0.73807535E+001
 -0.57432105E+000 -0.43190792E+000 -0.11426194E+000 -0.56729851E-002 -0.39447184E-002 -0.10642739E-002  0.10817886E-002  0.96015261E+000  0.25658177E+001  0.51504843E+001  0.73807537E+001
 -0.57432107E+000 -0.43190796E+000 -0.11426200E+000 -0.56729854E-002 -0.39447187E-002 -0.10642743E-002  0.10817885E-002  0.96015254E+000  0.25658177E+001  0.51504844E+001  0.73807539E+001
 -0.57432108E+000 -0.43190799E+000 -0.11426206E+000 -0.56729856E-002 -0.39447190E-002 -0.10642747E-002  0.10817883E-002  0.96015246E+000  0.25658177E+001  0.51504845E+001  0.73807540E+001
 -0.57432109E+000 -0.43190802E+000 -0.11426211E+000 -0.56729859E-002 -0.39447193E-002 -0.10642751E-002  0.10817882E-002  0.96015238E+000  0.25658176E+001  0.51504845E+001  0.73807541E+001
 -0.57432110E+000 -0.43190805E+000 -0.11426216E+000 -0.56729861E-002 -0.39447196E-002 -0.10642755E-002  0.10817881E-002  0.96015228E+000  0.25658176E+001  0.51504845E+001  0.73807541E+001
 -0.57432111E+000 -0.43190807E+000 -0.11426220E+000 -0.56729863E-002 -0.39447199E-002 -0.10642759E-002  0.10817880E-002  0.96015219E+000  0.25658175E+001  0.51504845E+001  0.73807542E+001
 -0.57432112E+000 -0.43190810E+000 -0.11426225E+000 -0.56729865E-002 -0.39447202E-002 -0.10642762E-002  0.10817879E-002  0.96015209E+000  0.25658174E+001  0.51504845E+001  0.73807542E+001
 -0.57432113E+000 -0.43190812E+000 -0.11426229E+000 -0.56729867E-002 -0.39447204E-002 -0.10642766E-002  0.10817878E-002  0.96015199E+000  0.25658173E+001  0.51504844E+001  0.73807541E+001
 -0.57432114E+000 -0.43190813E+000 -0.11426232E+000 -0.56729869E-002 -0.39447207E-002 -0.10642769E-002  0.10817877E-002  0.96015188E+000  0.25658173E+001  0.51504844E+001  0.73807541E+001
 -0.57432114E+000 -0.43190815E+000 -0.11426235E+000 -0.56729871E-002 -0.39447209E-002 -0.10642772E-002  0.10817876E-002  0.96015178E+000  0.25658172E+001  0.51504843E+001  0.73807541E+001
 -0.57432115E+000 -0.43190817E+000 -0.11426238E+000 -0.56729873E-002 -0.39447211E-002 -0.10642774E-002  0.10817875E-002  0.96015167E+000  0.25658171E+001  0.51504842E+001  0.73807540E+001
 -0.57432115E+000 -0.43190818E+000 -0.11426241E+000 -0.56729874E-002 -0.39447213E-002 -0.10642777E-002  0.10817874E-002  0.96015156E+000  0.25658169E+001  0.51504841E+001  0.73807539E+001
 -0.57432116E+000 -0.43190819E+000 -0.11426243E+000 -0.56729875E-002 -0.39447214E-002 -0.10642779E-002  0.10817873E-002  0.96015145E+000  0.25658168E+001  0.51504840E+001  0.73807538E+001
 -0.57432116E+000 -0.43190820E+000 -0.11426245E+000 -0.56729877E-002 -0.39447216E-002 -0.10642781E-002  0.10817873E-002  0.96015134E+000  0.25658167E+001  0.51504838E+001  0.73807537E+001
 -0.57432116E+000 -0.43190820E+000 -0.11426246E+000 -0.56729878E-002 -0.39447217E-002 -0.10642783E-002  0.10817872E-002  0.96015123E+000  0.25658166E+001  0.51504837E+001  0.73807536E+001
 -0.57432116E+000 -0.43190821E+000 -0.11426247E+000 -0.56729879E-002 -0.39447218E-002 -0.10642784E-002  0.10817872E-002  0.96015112E+000  0.25658165E+001  0.51504836E+001  0.73807535E+001
 -0.57432116E+000 -0.43190821E+000 -0.11426248E+000 -0.56729879E-002 -0.39447219E-002 -0.10642785E-002  0.10817871E-002  0.96015101E+000  0.25658164E+001  0.51504834E+001  0.73807534E+001
 -0.57432116E+000 -0.43190821E+000 -0.11426249E+000 -0.56729880E-002 -0.39447220E-002 -0.10642786E-002  0.10817871E-002  0.96015091E+000  0.25658162E+001  0.51504833E+001  0.73807532E+001
 -0.57432115E+000 -0.43190821E+000 -0.11426249E+000 -0.56729881E-002 -0.39447220E-002 -0.10642786E-002  0.10817871E-002  0.96015080E+000  0.25658161E+001  0.51504831E+001  0.73807531E+001
 -0.57432115E+000 -0.43190821E+000 -0.11426250E+000 -0.56729881E-002 -0.39447221E-002 -0.10642786E-002  0.10817871E-002  0.96015070E+000  0.25658160E+001  0.51504830E+001  0.73807530E+001
 -0.57432115E+000 -0.43190820E+000 -0.11426249E+000 -0.56729882E-002 -0.39447221E-002 -0.10642786E-002  0.10817870E-002  0.96015060E+000  0.25658159E+001  0.51504828E+001  0.73807528E+001
 -0.57432114E+000 -0.43190820E+000 -0.11426249E+000 -0.56729882E-002 -0.39447221E-002 -0.10642786E-002  0.10817870E-002  0.96015050E+000  0.25658158E+001  0.51504826E+001  0.73807527E+001
 -0.57432114E+000 -0.43190819E+000 -0.11426249E+000 -0.56729882E-002 -0.39447221E-002 -0.10642785E-002  0.10817870E-002  0.96015040E+000  0.25658157E+001  0.51504825E+001  0.73807526E+001
 -0.57432114E+000 -0.43190818E+000 -0.11426248E+000 -0.56729882E-002 -0.39447221E-002 -0.10642785E-002  0.10817870E-002  0.96015031E+000  0.25658156E+001  0.51504823E+001  0.73807524E+001
 -0.57432113E+000 -0.43190818E+000 -0.11426247E+000 -0.56729882E-002 -0.39447220E-002 -0.10642784E-002  0.10817871E-002  0.96015022E+000  0.25658154E+001  0.51504822E+001  0.73807523E+001
 -0.57432112E+000 -0.43190817E+000 -0.11426246E+000 -0.56729882E-002 -0.39447220E-002 -0.10642782E-002  0.10817871E-002  0.96015013E+000  0.25658153E+001  0.51504820E+001  0.73807522E+001
 -0.57432112E+000 -0.43190816E+000 -0.11426245E+000 -0.56729882E-002 -0.39447219E-002 -0.10642781E-002  0.10817871E-002  0.96015005E+000  0.25658152E+001  0.51504819E+001  0.73807520E+001
 -0.57432111E+000 -0.43190815E+000 -0.11426244E+000 -0.56729882E-002 -0.39447219E-002 -0.10642780E-002  0.10817871E-002  0.96014996E+000  0.25658151E+001  0.51504818E+001  0.73807519E+001
 -0.57432111E+000 -0.43190814E+000 -0.11426243E+000 -0.56729882E-002 -0.39447218E-002 -0.10642778E-002  0.10817872E-002  0.96014988E+000  0.25658150E+001  0.51504816E+001  0.73807518E+001
 -0.57432110E+000 -0.43190813E+000 -0.11426241E+000 -0.56729882E-002 -0.39447217E-002 -0.10642777E-002  0.10817872E-002  0.96014980E+000  0.25658149E+001  0.51504815E+001  0.73807517E+001
 -0.57432109E+000 -0.43190812E+000 -0.11426240E+000 -0.56729882E-002 -0.39447217E-002 -0.10642775E-002  0.10817873E-002  0.96014973E+000  0.25658148E+001  0.51504813E+001  0.73807515E+001
 -0.57432109E+000 -0.43190810E+000 -0.11426239E+000 -0.56729881E-002 -0.39447216E-002 -0.10642773E-002  0.10817873E-002  0.96014966E+000  0.25658148E+001  0.51504812E+001  0.73807514E+001
 -0.57432108E+000 -0.43190809E+000 -0.11426237E+000 -0.56729881E-002 -0.39447215E-002 -0.10642771E-002  0.10817874E-002  0.96014959E+000  0.25658147E+001  0.51504811E+001  0.73807513E+001
 -0.57432107E+000 -0.43190808E+000 -0.11426236E+000 -0.56729881E-002 -0.39447214E-002 -0.10642769E-002  0.10817874E-002  0.96014952E+000  0.25658146E+001  0.51504810E+001  0.73807512E+001
 -0.57432107E+000 -0.43190807E+000 -0.11426234E+000 -0.56729880E-002 -0.39447213E-002 -0.10642767E-002  0.10817875E-002  0.96014946E+000  0.25658145E+001  0.51504809E+001  0.73807511E+001
 -0.57432106E+000 -0.43190806E+000 -0.11426233E+000 -0.56729880E-002 -0.39447212E-002 -0.10642765E-002  0.10817875E-002  0.96014939E+000  0.25658144E+001  0.51504808E+001  0.73807510E+001
 -0.57432105E+000 -0.43190805E+000 -0.11426231E+000 -0.56729880E-002 -0.39447211E-002 -0.10642764E-002  0.10817876E-002  0.96014933E+000  0.25658144E+001  0.51504807E+001  0.73807509E+001
 -0.57432105E+000 -0.43190804E+000 -0.11426230E+000 -0.56729879E-002 -0.39447210E-002 -0.10642762E-002  0.10817876E-002  0.96014927E+000  0.25658143E+001  0.51504806E+001  0.73807508E+001
 -0.57432104E+000 -0.43190803E+000 -0.11426228E+000 -0.56729879E-002 -0.39447209E-002 -0.10642760E-002  0.10817877E-002  0.96014922E+000  0.25658142E+001  0.51504805E+001  0.73807507E+001
 -0.57432104E+000 -0.43190802E+000 -0.11426227E+000 -0.56729879E-002 -0.39447208E-002 -0.10642758E-002  0.10817878E-002  0.96014916E+000  0.25658141E+001  0.51504804E+001  0.73807507E+001
 -0.57432103E+000 -0.43190801E+000 -0.11426225E+000 -0.56729878E-002 -0.39447208E-002 -0.10642756E-002  0.10817878E-002  0.96014911E+000  0.25658141E+001  0.51504803E+001  0.73807506E+001
 -0.57432103E+000 -0.43190800E+000 -0.11426224E+000 -0.56729878E-002 -0.39447207E-002 -0.10642754E-002  0.10817879E-002  0.96014906E+000  0.25658140E+001  0.51504802E+001  0.73807505E+001
 -0.57432102E+000 -0.43190799E+000 -0.11426223E+000 -0.56729878E-002 -0.39447206E-002 -0.10642753E-002  0.10817879E-002  0.96014901E+000  0.25658140E+001  0.51504801E+001  0.73807504E+001
 -0.57432102E+000 -0.43190798E+000 -0.11426221E+000 -0.56729877E-002 -0.39447205E-002 -0.10642751E-002  0.10817880E-002  0.96014896E+000  0.25658139E+001  0.51504800E+001  0.73807504E+001
 -0.57432101E+000 -0.43190797E+000 -0.11426220E+000 -0.56729877E-002 -0.39447204E-002 -0.10642750E-002  0.10817881E-002  0.96014892E+000  0.25658138E+001  0.51504799E+001  0.73807503E+001
 -0.57432101E+000 -0.43190796E+000 -0.11426219E+000 -0.56729877E-002 -0.39447204E-002 -0.10642748E-002  0.10817881E-002  0.96014887E+000  0.25658138E+001  0.51504799E+001  0.73807502E+001
 -0.57432100E+000 -0.43190795E+000 -0.11426218E+000 -0.56729876E-002 -0.39447203E-002 -0.10642747E-002  0.10817882E-002  0.96014883E+000  0.25658137E+001  0.51504798E+001  0.73807502E+001
 -0.57432100E+000 -0.43190794E+000 -0.11426217E+000 -0.56729876E-002 -0.39447202E-002 -0.10642745E-002  0.10817882E-002  0.96014879E+000  0.25658137E+001  0.51504797E+001  0.73807501E+001
 -0.57432099E+000 -0.43190794E+000 -0.11426216E+000 -0.56729876E-002 -0.39447201E-002 -0.10642744E-002  0.10817883E-002  0.96014875E+000  0.25658136E+001  0.51504797E+001  0.73807500E+001
 -0.57432099E+000 -0.43190793E+000 -0.11426215E+000 -0.56729876E-002 -0.39447201E-002 -0.10642743E-002  0.10817884E-002  0.96014871E+000  0.25658136E+001  0.51504796E+001  0.73807500E+001
 -0.57432099E+000 -0.43190792E+000 -0.11426214E+000 -0.56729875E-002 -0.39447200E-002 -0.10642741E-002  0.10817884E-002  0.96014867E+000  0.25658135E+001  0.51504795E+001  0.73807499E+001
 -0.57432098E+000 -0.43190792E+000 -0.11426213E+000 -0.56729875E-002 -0.39447200E-002 -0.10642740E-002  0.10817885E-002  0.96014864E+000  0.25658135E+001  0.51504795E+001  0.73807499E+001
 -0.57432098E+000 -0.43190791E+000 -0.11426212E+000 -0.56729875E-002 -0.39447199E-002 -0.10642739E-002  0.10817885E-002  0.96014860E+000  0.25658134E+001  0.51504794E+001  0.73807498E+001
 -0.57432098E+000 -0.43190791E+000 -0.11426211E+000 -0.56729875E-002 -0.39447199E-002 -0.10642738E-002  0.10817886E-002  0.96014857E+000  0.25658134E+001  0.51504794E+001  0.73807498E+001
 -0.57432097E+000 -0.43190790E+000 -0.11426210E+000 -0.56729875E-002 -0.39447198E-002 -0.10642737E-002  0.10817886E-002  0.96014854E+000  0.25658134E+001  0.51504793E+001  0.73807497E+001
 -0.57432097E+000 -0.43190790E+000 -0.11426209E+000 -0.56729874E-002 -0.39447198E-002 -0.10642736E-002  0.10817887E-002  0.96014850E+000  0.25658133E+001  0.51504792E+001  0.73807497E+001
 -0.57432097E+000 -0.43190789E+000 -0.11426209E+000 -0.56729874E-002 -0.39447197E-002 -0.10642736E-002  0.10817887E-002  0.96014847E+000  0.25658133E+001  0.51504792E+001  0.73807496E+001
 -0.57432097E+000 -0.43190789E+000 -0.11426208E+000 -0.56729874E-002 -0.39447197E-002 -0.10642735E-002  0.10817888E-002  0.96014844E+000  0.25658132E+001  0.51504791E+001  0.73807496E+001
 -0.57432096E+000 -0.43190788E+000 -0.11426207E+000 -0.56729874E-002 -0.39447197E-002 -0.10642734E-002  0.10817888E-002  0.96014841E+000  0.25658132E+001  0.51504791E+001  0.73807496E+001
 -0.57432096E+000 -0.43190788E+000 -0.11426207E+000 -0.56729874E-002 -0.39447196E-002 -0.10642733E-002  0.10817889E-002  0.96014839E+000  0.25658132E+001  0.51504790E+001  0.73807495E+001
 -0.57432096E+000 -0.43190787E+000 -0.11426206E+000 -0.56729874E-002 -0.39447196E-002 -0.10642733E-002  0.10817889E-002  0.96014836E+000  0.25658131E+001  0.51504790E+001  0.73807495E+001
 -0.57432096E+000 -0.43190787E+000 -0.11426206E+000 -0.56729874E-002 -0.39447196E-002 -0.10642732E-002  0.10817890E-002  0.96014833E+000  0.25658131E+001  0.51504790E+001  0.73807494E+001
 -0.57432095E+000 -0.43190787E+000 -0.11426205E+000 -0.56729873E-002 -0.39447195E-002 -0.10642732E-002  0.10817890E-002  0.96014831E+000  0.25658131E+001  0.51504789E+001  0.73807494E+001
 -0.57432095E+000 -0.43190786E+000 -0.11426205E+000 -0.56729873E-002 -0.39447195E-002 -0.10642731E-002  0.10817891E-002  0.96014828E+000  0.25658130E+001  0.51504789E+001  0.73807494E+001
 -0.57432095E+000 -0.43190786E+000 -0.11426204E+000 -0.56729873E-002 -0.39447195E-002 -0.10642731E-002  0.10817891E-002  0.96014826E+000  0.25658130E+001  0.51504788E+001  0.73807493E+001
 -0.57432095E+000 -0.43190786E+000 -0.11426204E+000 -0.56729873E-002 -0.39447195E-002 -0.10642730E-002  0.10817892E-002  0.96014823E+000  0.25658130E+001  0.51504788E+001  0.73807493E+001
 -0.57432095E+000 -0.43190785E+000 -0.11426204E+000 -0.56729873E-002 -0.39447194E-002 -0.10642730E-002  0.10817892E-002  0.96014821E+000  0.25658130E+001  0.51504788E+001  0.73807493E+001
 -0.57432095E+000 -0.43190785E+000 -0.11426203E+000 -0.56729873E-002 -0.39447194E-002 -0.10642729E-002  0.10817892E-002  0.96014819E+000  0.25658129E+001  0.51504787E+001  0.73807492E+001
 -0.57432095E+000 -0.43190785E+000 -0.11426203E+000 -0.56729873E-002 -0.39447194E-002 -0.10642729E-002  0.10817893E-002  0.96014817E+000  0.25658129E+001  0.51504787E+001  0.73807492E+001
 -0.57432095E+000 -0.43190785E+000 -0.11426202E+000 -0.56729873E-002 -0.39447194E-002 -0.10642729E-002  0.10817893E-002  0.96014815E+000  0.25658129E+001  0.51504786E+001  0.73807492E+001
 -0.57432094E+000 -0.43190785E+000 -0.11426202E+000 -0.56729873E-002 -0.39447194E-002 -0.10642729E-002  0.10817893E-002  0.96014813E+000  0.25658129E+001  0.51504786E+001  0.73807491E+001
 -0.57432094E+000 -0.43190784E+000 -0.11426202E+000 -0.56729873E-002 -0.39447194E-002 -0.10642728E-002  0.10817894E-002  0.96014811E+000  0.25658128E+001  0.51504786E+001  0.73807491E+001
 -0.57432094E+000 -0.43190784E+000 -0.11426202E+000 -0.56729873E-002 -0.39447194E-002 -0.10642728E-002  0.10817894E-002  0.96014809E+000  0.25658128E+001  0.51504785E+001  0.73807491E+001
 -0.57432094E+000 -0.43190784E+000 -0.11426201E+000 -0.56729873E-002 -0.39447193E-002 -0.10642728E-002  0.10817894E-002  0.96014807E+000  0.25658128E+001  0.51504785E+001  0.73807490E+001
 -0.57432094E+000 -0.43190784E+000 -0.11426201E+000 -0.56729873E-002 -0.39447193E-002 -0.10642728E-002  0.10817895E-002  0.96014805E+000  0.25658128E+001  0.51504785E+001  0.73807490E+001
 -0.57432094E+000 -0.43190784E+000 -0.11426201E+000 -0.56729873E-002 -0.39447193E-002 -0.10642728E-002  0.10817895E-002  0.96014803E+000  0.25658127E+001  0.51504784E+001  0.73807490E+001
 -0.57432094E+000 -0.43190784E+000 -0.11426201E+000 -0.56729873E-002 -0.39447193E-002 -0.10642727E-002  0.10817895E-002  0.96014802E+000  0.25658127E+001  0.51504784E+001  0.73807489E+001
 -0.57432094E+000 -0.43190783E+000 -0.11426200E+000 -0.56729873E-002 -0.39447193E-002 -0.10642727E-002  0.10817896E-002  0.96014800E+000  0.25658127E+001  0.51504784E+001  0.73807489E+001
 -0.57432094E+000 -0.43190783E+000 -0.11426200E+000 -0.56729873E-002 -0.39447193E-002 -0.10642727E-002  0.10817896E-002  0.96014798E+000  0.25658127E+001  0.51504784E+001  0.73807489E+001
 -0.57432094E+000 -0.43190783E+000 -0.11426200E+000 -0.56729872E-002 -0.39447193E-002 -0.10642727E-002  0.10817896E-002  0.96014797E+000  0.25658127E+001  0.51504783E+001  0.73807489E+001
 -0.57432094E+000 -0.43190783E+000 -0.11426200E+000 -0.56729872E-002 -0.39447193E-002 -0.10642727E-002  0.10817896E-002  0.96014795E+000  0.25658126E+001  0.51504783E+001  0.73807488E+001
 -0.57432094E+000 -0.43190783E+000 -0.11426200E+000 -0.56729872E-002 -0.39447193E-002 -0.10642727E-002  0.10817897E-002  0.96014794E+000  0.25658126E+001  0.51504783E+001  0.73807488E+001
 -0.57432094E+000 -0.43190783E+000 -0.11426200E+000 -0.56729872E-002 -0.39447193E-002 -0.10642727E-002  0.10817897E-002  0.96014792E+000  0.25658126E+001  0.51504782E+001  0.73807488E+001
 -0.57432093E+000 -0.43190783E+000 -0.11426199E+000 -0.56729872E-002 -0.39447193E-002 -0.10642727E-002  0.10817897E-002  0.96014791E+000  0.25658126E+001  0.51504782E+001  0.73807488E+001
 -0.57432093E+000 -0.43190783E+000 -0.11426199E+000 -0.56729872E-002 -0.39447193E-002 -0.10642727E-002  0.10817897E-002  0.96014790E+000  0.25658126E+001  0.51504782E+001  0.73807487E+001
 -0.57432093E+000 -0.43190783E+000 -0.11426199E+000 -0.56729872E-002 -0.39447193E-002 -0.10642726E-002  0.10817898E-002  0.96014788E+000  0.25658126E+001  0.51504782E+001  0.73807487E+001
 -0.57432093E+000 -0.43190782E+000 -0.11426199E+000 -0.56729872E-002 -0.39447193E-002 -0.10642726E-002  0.10817898E-002  0.96014787E+000  0.25658125E+001  0.51504781E+001  0.73807487E+001
 -0.57432093E+000 -0.43190782E+000 -0.11426199E+000 -0.56729872E-002 -0.39447193E-002 -0.10642726E-002  0.10817898E-002  0.96014786E+000  0.25658125E+001  0.51504781E+001  0.73807487E+001
 -0.57432093E+000 -0.43190782E+000 -0.11426199E+000 -0.56729872E-002 -0.39447193E-002 -0.10642726E-002  0.10817898E-002  0.96014785E+000  0.25658125E+001  0.51504781E+001  0.73807486E+001
 -0.57432093E+000 -0.43190782E+000 -0.11426199E+000 -0.56729872E-002 -0.39447193E-002 -0.10642726E-002  0.10817898E-002  0.96014784E+000  0.25658125E+001  0.51504781E+001  0.73807486E+001
 -0.57432093E+000 -0.43190782E+000 -0.11426199E+000 -0.56729872E-002 -0.39447193E-002 -0.10642726E-002  0.10817899E-002  0.96014783E+000  0.25658125E+001  0.51504781E+001  0.73807486E+001
 -0.57432093E+000 -0.43190782E+000 -0.11426198E+000 -0.56729872E-002 -0.39447193E-002 -0.10642726E-002  0.10817899E-002  0.96014782E+000  0.25658125E+001  0.51504780E+001  0.73807486E+001
 -0.57432093E+000 -0.43190782E+000 -0.11426198E+000 -0.56729872E-002 -0.39447193E-002 -0.10642726E-002  0.10817899E-002  0.96014781E+000  0.25658125E+001  0.51504780E+001  0.73807486E+001
 -0.57432093E+000 -0.43190782E+000 -0.11426198E+000 -0.56729872E-002 -0.39447193E-002 -0.10642726E-002  0.10817899E-002  0.96014780E+000  0.25658124E+001  0.51504780E+001  0.73807485E+001
 -0.57432093E+000 -0.43190782E+000 -0.11426198E+000 -0.56729872E-002 -0.39447192E-002 -0.10642726E-002  0.10817899E-002  0.96014779E+000  0.25658124E+001  0.51504780E+001  0.73807485E+001
 -0.57432093E+000 -0.43190782E+000 -0.11426198E+000 -0.56729872E-002 -0.39447192E-002 -0.10642726E-002  0.10817899E-002  0.96014778E+000  0.25658124E+001  0.51504780E+001  0.73807485E+001
 -0.57432093E+000 -0.43190782E+000 -0.11426198E+000 -0.56729872E-002 -0.39447192E-002 -0.10642726E-002  0.10817900E-002  0.96014777E+000  0.25658124E+001  0.51504779E+001  0.73807485E+001
 -0.57432093E+000 -0.43190782E+000 -0.11426198E+000 -0.56729872E-002 -0.39447192E-002 -0.10642726E-002  0.10817900E-002  0.96014776E+000  0.25658124E+001  0.51504779E+001  0.73807485E+001
 -0.57432093E+000 -0.43190782E+000 -0.11426198E+000 -0.56729872E-002 -0.39447193E-002 -0.10642726E-002  0.10817900E-002  0.96014775E+000  0.25658124E+001  0.51504779E+001  0.73807484E+001
 -0.57432093E+000 -0.43190782E+000 -0.11426198E+000 -0.56729872E-002 -0.39447193E-002 -0.10642726E-002  0.10817900E-002  0.96014774E+000  0.25658124E+001  0.51504779E+001  0.73807484E+001
 -0.57432093E+000 -0.43190782E+000 -0.11426198E+000 -0.56729872E-002 -0.39447193E-002 -0.10642726E-002  0.10817900E-002  0.96014773E+000  0.25658124E+001  0.51504779E+001  0.73807484E+001
 -0.57432093E+000 -0.43190782E+000 -0.11426198E+000 -0.56729872E-002 -0.39447193E-002 -0.10642727E-002  0.10817900E-002  0.96014772E+000  0.25658123E+001  0.51504778E+001  0.73807484E+001
 -0.57432093E+000 -0.43190782E+000 -0.11426198E+000 -0.56729872E-002 -0.39447193E-002 -0.10642727E-002  0.10817900E-002  0.96014771E+000  0.25658123E+001  0.51504778E+001  0.73807484E+001
 -0.57432093E+000 -0.43190782E+000 -0.11426198E+000 -0.56729872E-002 -0.39447193E-002 -0.10642728E-002  0.10817900E-002  0.96014769E+000  0.25658123E+001  0.51504778E+001  0.73807483E+001
 -0.57432093E+000 -0.43190782E+000 -0.11426199E+000 -0.56729873E-002 -0.39447194E-002 -0.10642728E-002  0.10817900E-002  0.96014768E+000  0.25658123E+001  0.51504777E+001  0.73807483E+001
 -0.57432093E+000 -0.43190783E+000 -0.11426199E+000 -0.56729873E-002 -0.39447194E-002 -0.10642730E-002  0.10817900E-002  0.96014766E+000  0.25658123E+001  0.51504777E+001  0.73807482E+001
 -0.57432094E+000 -0.43190783E+000 -0.11426200E+000 -0.56729873E-002 -0.39447195E-002 -0.10642732E-002  0.10817900E-002  0.96014763E+000  0.25658122E+001  0.51504776E+001  0.73807482E+001
 -0.57432094E+000 -0.43190784E+000 -0.11426202E+000 -0.56729875E-002 -0.39447198E-002 -0.10642738E-002  0.10817899E-002  0.96014760E+000  0.25658122E+001  0.51504776E+001  0.73807481E+001
 -0.57432095E+000 -0.43190785E+000 -0.11426204E+000 -0.56729877E-002 -0.39447205E-002 -0.10642752E-002  0.10817897E-002  0.96014759E+000  0.25658122E+001  0.51504776E+001  0.73807481E+001
