  0.00000000E+000  0.00000000E+000  0.00000000E+000  0.00000000E+000  0.00000000E+000  0.93662127E-001  0.19283099E+001  0.12499507E+002  0.31295227E+002  0.78686205E+002  0.15900738E+003
  0.00000000E+000  0.00000000E+000  0.00000000E+000  0.00000000E+000  0.00000000E+000  0.93659588E-001  0.19282731E+001  0.12499365E+002  0.31295128E+002  0.78685975E+002  0.15900720E+003
  0.00000000E+000  0.00000000E+000  0.00000000E+000  0.00000000E+000  0.00000000E+000  0.93657261E-001  0.19282373E+001  0.12499213E+002  0.31294991E+002  0.78685629E+002  0.15900693E+003
  0.00000000E+000  0.00000000E+000  0.00000000E+000  0.00000000E+000  0.00000000E+000  0.93655227E-001  0.19282092E+001  0.12499094E+002  0.31294876E+002  0.78685338E+002  0.15900670E+003
  0.00000000E+000  0.00000000E+000  0.00000000E+000  0.00000000E+000  0.00000000E+000  0.93653409E-001  0.19281852E+001  0.12498992E+002  0.31294778E+002  0.78685089E+002  0.15900651E+003
  0.00000000E+000  0.00000000E+000  0.00000000E+000  0.00000000E+000  0.00000000E+000  0.93651786E-001  0.19281642E+001  0.12498904E+002  0.31294695E+002  0.78684875E+002  0.15900635E+003
  0.00000000E+000  0.00000000E+000  0.00000000E+000  0.00000000E+000  0.00000000E+000  0.93650348E-001  0.19281459E+001  0.12498828E+002  0.31294624E+002  0.78684692E+002  0.15900621E+003
  0.00000000E+000  0.00000000E+000  0.00000000E+000  0.00000000E+000  0.00000000E+000  0.93649084E-001  0.19281300E+001  0.12498763E+002  0.31294564E+002  0.78684537E+002  0.15900609E+003
  0.00000000E+000  0.00000000E+000  0.00000000E+000  0.00000000E+000  0.00000000E+000  0.93647980E-001  0.19281161E+001  0.12498707E+002  0.31294513E+002  0.78684405E+002  0.15900599E+003
  0.00000000E+000  0.00000000E+000  0.00000000E+000  0.00000000E+000  0.00000000E+000  0.93647024E-001  0.19281041E+001  0.12498660E+002  0.31294470E+002  0.78684292E+002  0.15900590E+003
  0.00000000E+000  0.00000000E+000  0.00000000E+000  0.00000000E+000  0.00000000E+000  0.93646205E-001  0.19280936E+001  0.12498620E+002  0.31294433E+002  0.78684197E+002  0.15900583E+003
  0.00000000E+000  0.00000000E+000  0.00000000E+000  0.00000000E+000  0.00000000E+000  0.93645508E-001  0.19280846E+001  0.12498585E+002  0.31294402E+002  0.78684116E+002  0.15900577E+003
  0.00000000E+000  0.00000000E+000  0.00000000E+000  0.00000000E+000  0.00000000E+000  0.93644924E-001  0.19280769E+001  0.12498556E+002  0.31294376E+002  0.78684048E+002  0.15900571E+003
  0.00000000E+000  0.00000000E+000  0.00000000E+000  0.00000000E+000  0.00000000E+000  0.93644442E-001  0.19280703E+001  0.12498531E+002  0.31294354E+002  0.78683990E+002  0.15900567E+003
  0.00000000E+000  0.00000000E+000  0.00000000E+000  0.00000000E+000  0.00000000E+000  0.93644052E-001  0.19280646E+001  0.12498511E+002  0.31294336E+002  0.78683941E+002  0.15900563E+003
  0.00000000E+000  0.00000000E+000  0.00000000E+000  0.00000000E+000  0.00000000E+000  0.93643746E-001  0.19280599E+001  0.12498493E+002  0.31294321E+002  0.78683900E+002  0.15900560E+003
  0.00000000E+000  0.00000000E+000  0.00000000E+000  0.00000000E+000  0.00000000E+000  0.93643516E-001  0.19280560E+001  0.12498479E+002  0.31294309E+002  0.78683866E+002  0.15900557E+003
  0.00000000E+000  0.00000000E+000  0.00000000E+000  0.00000000E+000  0.00000000E+000  0.93643356E-001  0.19280527E+001  0.12498467E+002  0.31294299E+002  0.78683837E+002  0.15900555E+003
  0.00000000E+000  0.00000000E+000  0.00000000E+000  0.00000000E+000  0.00000000E+000  0.93643259E-001  0.19280501E+001  0.12498458E+002  0.31294291E+002  0.78683814E+002  0.15900553E+003
  0.00000000E+000  0.00000000E+000  0.00000000E+000  0.00000000E+000  0.00000000E+000  0.93643220E-001  0.19280481E+001  0.12498450E+002  0.31294284E+002  0.78683795E+002  0.15900551E+003
  0.00000000E+000  0.00000000E+000  0.00000000E+000  0.00000000E+000  0.00000000E+000  0.93643232E-001  0.19280465E+001  0.12498445E+002  0.31294280E+002  0.78683780E+002  0.15900550E+003
  0.00000000E+000  0.00000000E+000  0.00000000E+000  0.00000000E+000  0.00000000E+000  0.93643288E-001  0.19280454E+001  0.12498440E+002  0.31294276E+002  0.78683767E+002  0.15900549E+003
  0.00000000E+000  0.00000000E+000  0.00000000E+000  0.00000000E+000  0.00000000E+000  0.93643383E-001  0.19280446E+001  0.12498437E+002  0.31294273E+002  0.78683757E+002  0.15900548E+003
  0.00000000E+000  0.00000000E+000  0.00000000E+000  0.00000000E+000  0.00000000E+000  0.93643512E-001  0.19280442E+001  0.12498436E+002  0.31294271E+002  0.78683749E+002  0.15900547E+003
  0.00000000E+000  0.00000000E+000  0.00000000E+000  0.00000000E+000  0.00000000E+000  0.93643670E-001  0.19280441E+001  0.12498434E+002  0.31294270E+002  0.78683742E+002  0.15900546E+003
  0.00000000E+000  0.00000000E+000  0.00000000E+000  0.00000000E+000  0.00000000E+000  0.93643854E-001  0.19280442E+001  0.12498434E+002  0.31294269E+002  0.78683737E+002  0.15900546E+003
  0.00000000E+000  0.00000000E+000  0.00000000E+000  0.00000000E+000  0.00000000E+000  0.93644062E-001  0.19280445E+001  0.12498435E+002  0.31294269E+002  0.78683733E+002  0.15900545E+003
  0.00000000E+000  0.00000000E+000  0.00000000E+000  0.00000000E+000  0.00000000E+000  0.93644290E-001  0.19280451E+001  0.12498436E+002  0.31294269E+002  0.78683729E+002  0.15900544E+003
  0.00000000E+000  0.00000000E+000  0.00000000E+000  0.00000000E+000  0.00000000E+000  0.93644535E-001  0.19280458E+001  0.12498438E+002  0.31294270E+002  0.78683727E+002  0.15900544E+003
  0.00000000E+000  0.00000000E+000  0.00000000E+000  0.00000000E+000  0.00000000E+000  0.93644796E-001  0.19280468E+001  0.12498440E+002  0.31294271E+002  0.78683726E+002  0.15900544E+003
  0.00000000E+000  0.00000000E+000  0.00000000E+000  0.00000000E+000  0.00000000E+000  0.93645071E-001  0.19280478E+001  0.12498442E+002  0.31294272E+002  0.78683725E+002  0.15900543E+003
  0.00000000E+000  0.00000000E+000  0.00000000E+000  0.00000000E+000  0.00000000E+000  0.93645358E-001  0.19280491E+001  0.12498445E+002  0.31294274E+002  0.78683725E+002  0.15900543E+003
  0.00000000E+000  0.00000000E+000  0.00000000E+000  0.00000000E+000  0.00000000E+000  0.93645656E-001  0.19280504E+001  0.12498449E+002  0.31294276E+002  0.78683725E+002  0.15900543E+003
  0.00000000E+000  0.00000000E+000  0.00000000E+000  0.00000000E+000  0.00000000E+000  0.93645962E-001  0.19280519E+001  0.12498452E+002  0.31294278E+002  0.78683726E+002  0.15900542E+003
  0.00000000E+000  0.00000000E+000  0.00000000E+000  0.00000000E+000  0.00000000E+000  0.93646277E-001  0.19280535E+001  0.12498456E+002  0.31294281E+002  0.78683727E+002  0.15900542E+003
  0.00000000E+000  0.00000000E+000  0.00000000E+000  0.00000000E+000  0.00000000E+000  0.93646599E-001  0.19280552E+001  0.12498461E+002  0.31294283E+002  0.78683728E+002  0.15900542E+003
  0.00000000E+000  0.00000000E+000  0.00000000E+000  0.00000000E+000  0.00000000E+000  0.93646927E-001  0.19280570E+001  0.12498465E+002  0.31294286E+002  0.78683729E+002  0.15900541E+003
  0.00000000E+000  0.00000000E+000  0.00000000E+000  0.00000000E+000  0.00000000E+000  0.93647260E-001  0.19280589E+001  0.12498470E+002  0.31294289E+002  0.78683731E+002  0.15900541E+003
  0.00000000E+000  0.00000000E+000  0.00000000E+000  0.00000000E+000  0.00000000E+000  0.93647596E-001  0.19280609E+001  0.12498475E+002  0.31294292E+002  0.78683733E+002  0.15900541E+003
  0.00000000E+000  0.00000000E+000  0.00000000E+000  0.00000000E+000  0.00000000E+000  0.93647936E-001  0.19280630E+001  0.12498480E+002  0.31294296E+002  0.78683735E+002  0.15900540E+003
  0.00000000E+000  0.00000000E+000  0.00000000E+000  0.00000000E+000  0.00000000E+000  0.93648277E-001  0.19280652E+001  0.12498486E+002  0.31294299E+002  0.78683738E+002  0.15900540E+003
  0.00000000E+000  0.00000000E+000  0.00000000E+000  0.00000000E+000  0.00000000E+000  0.93648620E-001  0.19280675E+001  0.12498491E+002  0.31294302E+002  0.78683740E+002  0.15900540E+003
  0.00000000E+000  0.00000000E+000  0.00000000E+000  0.00000000E+000  0.00000000E+000  0.93648964E-001  0.19280699E+001  0.12498497E+002  0.31294306E+002  0.78683743E+002  0.15900539E+003
  0.00000000E+000  0.00000000E+000  0.00000000E+000  0.00000000E+000  0.00000000E+000  0.93649307E-001  0.19280723E+001  0.12498503E+002  0.31294310E+002  0.78683745E+002  0.15900539E+003
  0.00000000E+000  0.00000000E+000  0.00000000E+000  0.00000000E+000  0.00000000E+000  0.93649649E-001  0.19280748E+001  0.12498510E+002  0.31294313E+002  0.78683748E+002  0.15900538E+003
  0.00000000E+000  0.00000000E+000  0.00000000E+000  0.00000000E+000  0.00000000E+000  0.93649989E-001  0.19280774E+001  0.12498516E+002  0.31294317E+002  0.78683751E+002  0.15900538E+003
  0.00000000E+000  0.00000000E+000  0.00000000E+000  0.00000000E+000  0.00000000E+000  0.93650326E-001  0.19280801E+001  0.12498523E+002  0.31294321E+002  0.78683754E+002  0.15900538E+003
  0.00000000E+000  0.00000000E+000  0.00000000E+000  0.00000000E+000  0.00000000E+000  0.93650660E-001  0.19280829E+001  0.12498529E+002  0.31294325E+002  0.78683757E+002  0.15900537E+003
  0.00000000E+000  0.00000000E+000  0.00000000E+000  0.00000000E+000  0.00000000E+000  0.93650991E-001  0.19280857E+001  0.12498536E+002  0.31294329E+002  0.78683760E+002  0.15900536E+003
  0.00000000E+000  0.00000000E+000  0.00000000E+000  0.00000000E+000  0.00000000E+000  0.93651317E-001  0.19280886E+001  0.12498543E+002  0.31294333E+002  0.78683763E+002  0.15900536E+003
  0.00000000E+000  0.00000000E+000  0.00000000E+000  0.00000000E+000  0.00000000E+000  0.93651639E-001  0.19280916E+001  0.12498551E+002  0.31294337E+002  0.78683766E+002  0.15900535E+003
  0.00000000E+000  0.00000000E+000  0.00000000E+000  0.00000000E+000  0.00000000E+000  0.93651955E-001  0.19280946E+001  0.12498558E+002  0.31294341E+002  0.78683770E+002  0.15900535E+003
  0.00000000E+000  0.00000000E+000  0.00000000E+000  0.00000000E+000  0.00000000E+000  0.93652266E-001  0.19280977E+001  0.12498566E+002  0.31294345E+002  0.78683773E+002  0.15900534E+003
  0.00000000E+000  0.00000000E+000  0.00000000E+000  0.00000000E+000  0.00000000E+000  0.93652571E-001  0.19281009E+001  0.12498573E+002  0.31294350E+002  0.78683776E+002  0.15900533E+003
  0.00000000E+000  0.00000000E+000  0.00000000E+000  0.00000000E+000  0.00000000E+000  0.93652870E-001  0.19281041E+001  0.12498581E+002  0.31294354E+002  0.78683780E+002  0.15900532E+003
  0.00000000E+000  0.00000000E+000  0.00000000E+000  0.00000000E+000  0.00000000E+000  0.93653164E-001  0.19281073E+001  0.12498589E+002  0.31294358E+002  0.78683783E+002  0.15900532E+003
  0.00000000E+000  0.00000000E+000  0.00000000E+000  0.00000000E+000  0.00000000E+000  0.93653452E-001  0.19281107E+001  0.12498598E+002  0.31294362E+002  0.78683786E+002  0.15900531E+003
  0.00000000E+000  0.00000000E+000  0.00000000E+000  0.00000000E+000  0.00000000E+000  0.93653734E-001  0.19281140E+001  0.12498606E+002  0.31294367E+002  0.78683790E+002  0.15900530E+003
  0.00000000E+000  0.00000000E+000  0.00000000E+000  0.00000000E+000  0.00000000E+000  0.93654010E-001  0.19281175E+001  0.12498615E+002  0.31294371E+002  0.78683793E+002  0.15900529E+003
  0.00000000E+000  0.00000000E+000  0.00000000E+000  0.00000000E+000  0.00000000E+000  0.93654281E-001  0.19281209E+001  0.12498623E+002  0.31294375E+002  0.78683797E+002  0.15900528E+003
  0.00000000E+000  0.00000000E+000  0.00000000E+000  0.00000000E+000  0.00000000E+000  0.93654546E-001  0.19281244E+001  0.12498632E+002  0.31294380E+002  0.78683800E+002  0.15900527E+003
  0.00000000E+000  0.00000000E+000  0.00000000E+000  0.00000000E+000  0.00000000E+000  0.93654806E-001  0.19281280E+001  0.12498641E+002  0.31294384E+002  0.78683804E+002  0.15900526E+003
  0.00000000E+000  0.00000000E+000  0.00000000E+000  0.00000000E+000  0.00000000E+000  0.93655061E-001  0.19281316E+001  0.12498651E+002  0.31294389E+002  0.78683807E+002  0.15900525E+003
  0.00000000E+000  0.00000000E+000  0.00000000E+000  0.00000000E+000  0.00000000E+000  0.93655312E-001  0.19281352E+001  0.12498660E+002  0.31294393E+002  0.78683810E+002  0.15900524E+003
  0.00000000E+000  0.00000000E+000  0.00000000E+000  0.00000000E+000  0.00000000E+000  0.93655557E-001  0.19281388E+001  0.12498669E+002  0.31294398E+002  0.78683814E+002  0.15900522E+003
  0.00000000E+000  0.00000000E+000  0.00000000E+000  0.00000000E+000  0.00000000E+000  0.93655798E-001  0.19281425E+001  0.12498679E+002  0.31294402E+002  0.78683817E+002  0.15900521E+003
  0.00000000E+000  0.00000000E+000  0.00000000E+000  0.00000000E+000  0.00000000E+000  0.93656034E-001  0.19281462E+001  0.12498689E+002  0.31294407E+002  0.78683821E+002  0.15900520E+003
  0.00000000E+000  0.00000000E+000  0.00000000E+000  0.00000000E+000  0.00000000E+000  0.93656266E-001  0.19281499E+001  0.12498699E+002  0.31294411E+002  0.78683824E+002  0.15900518E+003
  0.00000000E+000  0.00000000E+000  0.00000000E+000  0.00000000E+000  0.00000000E+000  0.93656494E-001  0.19281536E+001  0.12498709E+002  0.31294416E+002  0.78683828E+002  0.15900517E+003
  0.00000000E+000  0.00000000E+000  0.00000000E+000  0.00000000E+000  0.00000000E+000  0.93656717E-001  0.19281573E+001  0.12498719E+002  0.31294421E+002  0.78683831E+002  0.15900516E+003
  0.00000000E+000  0.00000000E+000  0.00000000E+000  0.00000000E+000  0.00000000E+000  0.93656936E-001  0.19281611E+001  0.12498729E+002  0.31294426E+002  0.78683835E+002  0.15900514E+003
  0.00000000E+000  0.00000000E+000  0.00000000E+000  0.00000000E+000  0.00000000E+000  0.93657150E-001  0.19281648E+001  0.12498740E+002  0.31294431E+002  0.78683839E+002  0.15900513E+003
  0.00000000E+000  0.00000000E+000  0.00000000E+000  0.00000000E+000  0.00000000E+000  0.93657360E-001  0.19281685E+001  0.12498750E+002  0.31294435E+002  0.78683842E+002  0.15900511E+003
  0.00000000E+000  0.00000000E+000  0.00000000E+000  0.00000000E+000  0.00000000E+000  0.93657566E-001  0.19281722E+001  0.12498761E+002  0.31294440E+002  0.78683846E+002  0.15900509E+003
  0.00000000E+000  0.00000000E+000  0.00000000E+000  0.00000000E+000  0.00000000E+000  0.93657766E-001  0.19281760E+001  0.12498772E+002  0.31294446E+002  0.78683850E+002  0.15900508E+003
  0.00000000E+000  0.00000000E+000  0.00000000E+000  0.00000000E+000  0.00000000E+000  0.93657962E-001  0.19281797E+001  0.12498783E+002  0.31294451E+002  0.78683854E+002  0.15900506E+003
  0.00000000E+000  0.00000000E+000  0.00000000E+000  0.00000000E+000  0.00000000E+000  0.93658153E-001  0.19281833E+001  0.12498794E+002  0.31294456E+002  0.78683858E+002  0.15900504E+003
  0.00000000E+000  0.00000000E+000  0.00000000E+000  0.00000000E+000  0.00000000E+000  0.93658339E-001  0.19281870E+001  0.12498805E+002  0.31294461E+002  0.78683862E+002  0.15900502E+003
  0.00000000E+000  0.00000000E+000  0.00000000E+000  0.00000000E+000  0.00000000E+000  0.93658519E-001  0.19281906E+001  0.12498816E+002  0.31294467E+002  0.78683866E+002  0.15900500E+003
  0.00000000E+000  0.00000000E+000  0.00000000E+000  0.00000000E+000  0.00000000E+000  0.93658694E-001  0.19281942E+001  0.12498827E+002  0.31294473E+002  0.78683870E+002  0.15900498E+003
  0.00000000E+000  0.00000000E+000  0.00000000E+000  0.00000000E+000  0.00000000E+000  0.93658864E-001  0.19281977E+001  0.12498839E+002  0.31294478E+002  0.78683875E+002  0.15900496E+003
  0.00000000E+000  0.00000000E+000  0.00000000E+000  0.00000000E+000  0.00000000E+000  0.93659028E-001  0.19282012E+001  0.12498850E+002  0.31294484E+002  0.78683880E+002  0.15900494E+003
  0.00000000E+000  0.00000000E+000  0.00000000E+000  0.00000000E+000  0.00000000E+000  0.93659186E-001  0.19282046E+001  0.12498862E+002  0.31294490E+002  0.78683885E+002  0.15900492E+003
  0.00000000E+000  0.00000000E+000  0.00000000E+000  0.00000000E+000  0.00000000E+000  0.93659339E-001  0.19282080E+001  0.12498873E+002  0.31294496E+002  0.78683890E+002  0.15900490E+003
  0.00000000E+000  0.00000000E+000  0.00000000E+000  0.00000000E+000  0.00000000E+000  0.93659485E-001  0.19282114E+001  0.12498885E+002  0.31294502E+002  0.78683895E+002  0.15900488E+003
  0.00000000E+000  0.00000000E+000  0.00000000E+000  0.00000000E+000  0.00000000E+000  0.93659626E-001  0.19282147E+001  0.12498896E+002  0.31294508E+002  0.78683900E+002  0.15900486E+003
  0.00000000E+000  0.00000000E+000  0.00000000E+000  0.00000000E+000  0.00000000E+000  0.93659761E-001  0.19282179E+001  0.12498908E+002  0.31294515E+002  0.78683906E+002  0.15900484E+003
  0.00000000E+000  0.00000000E+000  0.00000000E+000  0.00000000E+000  0.00000000E+000  0.93659889E-001  0.19282210E+001  0.12498920E+002  0.31294521E+002  0.78683912E+002  0.15900482E+003
  0.00000000E+000  0.00000000E+000  0.00000000E+000  0.00000000E+000  0.00000000E+000  0.93660012E-001  0.19282241E+001  0.12498931E+002  0.31294528E+002  0.78683918E+002  0.15900479E+003
  0.00000000E+000  0.00000000E+000  0.00000000E+000  0.00000000E+000  0.00000000E+000  0.93660129E-001  0.19282271E+001  0.12498943E+002  0.31294535E+002  0.78683925E+002  0.15900477E+003
  0.00000000E+000  0.00000000E+000  0.00000000E+000  0.00000000E+000  0.00000000E+000  0.93660240E-001  0.19282301E+001  0.12498954E+002  0.31294542E+002  0.78683932E+002  0.15900475E+003
  0.00000000E+000  0.00000000E+000  0.00000000E+000  0.00000000E+000  0.00000000E+000  0.93660345E-001  0.19282330E+001  0.12498966E+002  0.31294549E+002  0.78683939E+002  0.15900473E+003
  0.00000000E+000  0.00000000E+000  0.00000000E+000  0.00000000E+000  0.00000000E+000  0.93660445E-001  0.19282358E+001  0.12498978E+002  0.31294556E+002  0.78683946E+002  0.15900471E+003
  0.00000000E+000  0.00000000E+000  0.00000000E+000  0.00000000E+000  0.00000000E+000  0.93660539E-001  0.19282385E+001  0.12498989E+002  0.31294563E+002  0.78683954E+002  0.15900469E+003
  0.00000000E+000  0.00000000E+000  0.00000000E+000  0.00000000E+000  0.00000000E+000  0.93660628E-001  0.19282412E+001  0.12499000E+002  0.31294570E+002  0.78683962E+002  0.15900466E+003
  0.00000000E+000  0.00000000E+000  0.00000000E+000  0.00000000E+000  0.00000000E+000  0.93660712E-001  0.19282438E+001  0.12499012E+002  0.31294578E+002  0.78683971E+002  0.15900464E+003
  0.00000000E+000  0.00000000E+000  0.00000000E+000  0.00000000E+000  0.00000000E+000  0.93660790E-001  0.19282463E+001  0.12499023E+002  0.31294586E+002  0.78683980E+002  0.15900462E+003
  0.00000000E+000  0.00000000E+000  0.00000000E+000  0.00000000E+000  0.00000000E+000  0.93660864E-001  0.19282488E+001  0.12499034E+002  0.31294593E+002  0.78683989E+002  0.15900460E+003
  0.00000000E+000  0.00000000E+000  0.00000000E+000  0.00000000E+000  0.00000000E+000  0.93660934E-001  0.19282512E+001  0.12499046E+002  0.31294601E+002  0.78683999E+002  0.15900458E+003
  0.00000000E+000  0.00000000E+000  0.00000000E+000  0.00000000E+000  0.00000000E+000  0.93660999E-001  0.19282535E+001  0.12499057E+002  0.31294609E+002  0.78684009E+002  0.15900457E+003
  0.00000000E+000  0.00000000E+000  0.00000000E+000  0.00000000E+000  0.00000000E+000  0.93661060E-001  0.19282557E+001  0.12499068E+002  0.31294617E+002  0.78684019E+002  0.15900455E+003
  0.00000000E+000  0.00000000E+000  0.00000000E+000  0.00000000E+000  0.00000000E+000  0.93661117E-001  0.19282579E+001  0.12499079E+002  0.31294626E+002  0.78684030E+002  0.15900453E+003
  0.00000000E+000  0.00000000E+000  0.00000000E+000  0.00000000E+000  0.00000000E+000  0.93661170E-001  0.19282600E+001  0.12499089E+002  0.31294634E+002  0.78684042E+002  0.15900451E+003
  0.00000000E+000  0.00000000E+000  0.00000000E+000  0.00000000E+000  0.00000000E+000  0.93661221E-001  0.19282621E+001  0.12499100E+002  0.31294642E+002  0.78684054E+002  0.15900450E+003
  0.00000000E+000  0.00000000E+000  0.00000000E+000  0.00000000E+000  0.00000000E+000  0.93661267E-001  0.19282640E+001  0.12499111E+002  0.31294651E+002  0.78684066E+002  0.15900448E+003
  0.00000000E+000  0.00000000E+000  0.00000000E+000  0.00000000E+000  0.00000000E+000  0.93661311E-001  0.19282660E+001  0.12499121E+002  0.31294660E+002  0.78684079E+002  0.15900447E+003
  0.00000000E+000  0.00000000E+000  0.00000000E+000  0.00000000E+000  0.00000000E+000  0.93661353E-001  0.19282678E+001  0.12499131E+002  0.31294668E+002  0.78684092E+002  0.15900445E+003
  0.00000000E+000  0.00000000E+000  0.00000000E+000  0.00000000E+000  0.00000000E+000  0.93661391E-001  0.19282696E+001  0.12499142E+002  0.31294677E+002  0.78684106E+002  0.15900444E+003
  0.00000000E+000  0.00000000E+000  0.00000000E+000  0.00000000E+000  0.00000000E+000  0.93661428E-001  0.19282713E+001  0.12499152E+002  0.31294686E+002  0.78684120E+002  0.15900443E+003
  0.00000000E+000  0.00000000E+000  0.00000000E+000  0.00000000E+000  0.00000000E+000  0.93661462E-001  0.19282730E+001  0.12499162E+002  0.31294695E+002  0.78684135E+002  0.15900442E+003
  0.00000000E+000  0.00000000E+000  0.00000000E+000  0.00000000E+000  0.00000000E+000  0.93661495E-001  0.19282746E+001  0.12499172E+002  0.31294704E+002  0.78684151E+002  0.15900441E+003
  0.00000000E+000  0.00000000E+000  0.00000000E+000  0.00000000E+000  0.00000000E+000  0.93661525E-001  0.19282761E+001  0.12499181E+002  0.31294713E+002  0.78684167E+002  0.15900440E+003
  0.00000000E+000  0.00000000E+000  0.00000000E+000  0.00000000E+000  0.00000000E+000  0.93661554E-001  0.19282776E+001  0.12499191E+002  0.31294723E+002  0.78684183E+002  0.15900440E+003
  0.00000000E+000  0.00000000E+000  0.00000000E+000  0.00000000E+000  0.00000000E+000  0.93661582E-001  0.19282791E+001  0.12499200E+002  0.31294732E+002  0.78684200E+002  0.15900439E+003
  0.00000000E+000  0.00000000E+000  0.00000000E+000  0.00000000E+000  0.00000000E+000  0.93661608E-001  0.19282805E+001  0.12499209E+002  0.31294741E+002  0.78684218E+002  0.15900439E+003
  0.00000000E+000  0.00000000E+000  0.00000000E+000  0.00000000E+000  0.00000000E+000  0.93661633E-001  0.19282818E+001  0.12499218E+002  0.31294751E+002  0.78684236E+002  0.15900438E+003
  0.00000000E+000  0.00000000E+000  0.00000000E+000  0.00000000E+000  0.00000000E+000  0.93661657E-001  0.19282831E+001  0.12499227E+002  0.31294760E+002  0.78684254E+002  0.15900438E+003
  0.00000000E+000  0.00000000E+000  0.00000000E+000  0.00000000E+000  0.00000000E+000  0.93661680E-001  0.19282844E+001  0.12499236E+002  0.31294770E+002  0.78684273E+002  0.15900438E+003
  0.00000000E+000  0.00000000E+000  0.00000000E+000  0.00000000E+000  0.00000000E+000  0.93661702E-001  0.19282856E+001  0.12499245E+002  0.31294779E+002  0.78684293E+002  0.15900438E+003
  0.00000000E+000  0.00000000E+000  0.00000000E+000  0.00000000E+000  0.00000000E+000  0.93661723E-001  0.19282867E+001  0.12499253E+002  0.31294788E+002  0.78684313E+002  0.15900439E+003
  0.00000000E+000  0.00000000E+000  0.00000000E+000  0.00000000E+000  0.00000000E+000  0.93661744E-001  0.19282878E+001  0.12499261E+002  0.31294798E+002  0.78684334E+002  0.15900439E+003
  0.00000000E+000  0.00000000E+000  0.00000000E+000  0.00000000E+000  0.00000000E+000  0.93661764E-001  0.19282889E+001  0.12499269E+002  0.31294807E+002  0.78684355E+002  0.15900440E+003
  0.00000000E+000  0.00000000E+000  0.00000000E+000  0.00000000E+000  0.00000000E+000  0.93661783E-001  0.19282899E+001  0.12499277E+002  0.31294817E+002  0.78684377E+002  0.15900440E+003
  0.00000000E+000  0.00000000E+000  0.00000000E+000  0.00000000E+000  0.00000000E+000  0.93661801E-001  0.19282909E+001  0.12499285E+002  0.31294826E+002  0.78684399E+002  0.15900441E+003
  0.00000000E+000  0.00000000E+000  0.00000000E+000  0.00000000E+000  0.00000000E+000  0.93661819E-001  0.19282918E+001  0.12499293E+002  0.31294835E+002  0.78684421E+002  0.15900442E+003
  0.00000000E+000  0.00000000E+000  0.00000000E+000  0.00000000E+000  0.00000000E+000  0.93661836E-001  0.19282927E+001  0.12499300E+002  0.31294845E+002  0.78684444E+002  0.15900443E+003
  0.00000000E+000  0.00000000E+000  0.00000000E+000  0.00000000E+000  0.00000000E+000  0.93661853E-001  0.19282936E+001  0.12499307E+002  0.31294854E+002  0.78684467E+002  0.15900445E+003
  0.00000000E+000  0.00000000E+000  0.00000000E+000  0.00000000E+000  0.00000000E+000  0.93661869E-001  0.19282944E+001  0.12499314E+002  0.31294863E+002  0.78684491E+002  0.15900446E+003
  0.00000000E+000  0.00000000E+000  0.00000000E+000  0.00000000E+000  0.00000000E+000  0.93661884E-001  0.19282952E+001  0.12499321E+002  0.31294872E+002  0.78684515E+002  0.15900447E+003
  0.00000000E+000  0.00000000E+000  0.00000000E+000  0.00000000E+000  0.00000000E+000  0.93661899E-001  0.19282960E+001  0.12499328E+002  0.31294882E+002  0.78684540E+002  0.15900449E+003
  0.00000000E+000  0.00000000E+000  0.00000000E+000  0.00000000E+000  0.00000000E+000  0.93661914E-001  0.19282967E+001  0.12499334E+002  0.31294891E+002  0.78684565E+002  0.15900451E+003
  0.00000000E+000  0.00000000E+000  0.00000000E+000  0.00000000E+000  0.00000000E+000  0.93661928E-001  0.19282974E+001  0.12499341E+002  0.31294899E+002  0.78684590E+002  0.15900453E+003
  0.00000000E+000  0.00000000E+000  0.00000000E+000  0.00000000E+000  0.00000000E+000  0.93661941E-001  0.19282981E+001  0.12499347E+002  0.31294908E+002  0.78684616E+002  0.15900455E+003
  0.00000000E+000  0.00000000E+000  0.00000000E+000  0.00000000E+000  0.00000000E+000  0.93661954E-001  0.19282987E+001  0.12499353E+002  0.31294917E+002  0.78684641E+002  0.15900457E+003
  0.00000000E+000  0.00000000E+000  0.00000000E+000  0.00000000E+000  0.00000000E+000  0.93661967E-001  0.19282993E+001  0.12499359E+002  0.31294926E+002  0.78684667E+002  0.15900459E+003
  0.00000000E+000  0.00000000E+000  0.00000000E+000  0.00000000E+000  0.00000000E+000  0.93661979E-001  0.19282999E+001  0.12499365E+002  0.31294934E+002  0.78684694E+002  0.15900462E+003
  0.00000000E+000  0.00000000E+000  0.00000000E+000  0.00000000E+000  0.00000000E+000  0.93661990E-001  0.19283004E+001  0.12499370E+002  0.31294943E+002  0.78684720E+002  0.15900464E+003
  0.00000000E+000  0.00000000E+000  0.00000000E+000  0.00000000E+000  0.00000000E+000  0.93662001E-001  0.19283010E+001  0.12499376E+002  0.31294951E+002  0.78684747E+002  0.15900467E+003
  0.00000000E+000  0.00000000E+000  0.00000000E+000  0.00000000E+000  0.00000000E+000  0.93662012E-001  0.19283015E+001  0.12499381E+002  0.31294959E+002  0.78684774E+002  0.15900470E+003
  0.00000000E+000  0.00000000E+000  0.00000000E+000  0.00000000E+000  0.00000000E+000  0.93662022E-001  0.19283019E+001  0.12499386E+002  0.31294967E+002  0.78684801E+002  0.15900473E+003
  0.00000000E+000  0.00000000E+000  0.00000000E+000  0.00000000E+000  0.00000000E+000  0.93662032E-001  0.19283024E+001  0.12499391E+002  0.31294975E+002  0.78684828E+002  0.15900476E+003
  0.00000000E+000  0.00000000E+000  0.00000000E+000  0.00000000E+000  0.00000000E+000  0.93662041E-001  0.19283028E+001  0.12499395E+002  0.31294983E+002  0.78684855E+002  0.15900479E+003
  0.00000000E+000  0.00000000E+000  0.00000000E+000  0.00000000E+000  0.00000000E+000  0.93662049E-001  0.19283032E+001  0.12499400E+002  0.31294991E+002  0.78684882E+002  0.15900482E+003
  0.00000000E+000  0.00000000E+000  0.00000000E+000  0.00000000E+000  0.00000000E+000  0.93662058E-001  0.19283036E+001  0.12499405E+002  0.31294998E+002  0.78684910E+002  0.15900485E+003
  0.00000000E+000  0.00000000E+000  0.00000000E+000  0.00000000E+000  0.00000000E+000  0.93662065E-001  0.19283040E+001  0.12499409E+002  0.31295006E+002  0.78684937E+002  0.15900488E+003
  0.00000000E+000  0.00000000E+000  0.00000000E+000  0.00000000E+000  0.00000000E+000  0.93662073E-001  0.19283044E+001  0.12499413E+002  0.31295013E+002  0.78684964E+002  0.15900492E+003
  0.00000000E+000  0.00000000E+000  0.00000000E+000  0.00000000E+000  0.00000000E+000  0.93662080E-001  0.19283047E+001  0.12499417E+002  0.31295020E+002  0.78684992E+002  0.15900495E+003
  0.00000000E+000  0.00000000E+000  0.00000000E+000  0.00000000E+000  0.00000000E+000  0.93662086E-001  0.19283050E+001  0.12499421E+002  0.31295027E+002  0.78685019E+002  0.15900499E+003
  0.00000000E+000  0.00000000E+000  0.00000000E+000  0.00000000E+000  0.00000000E+000  0.93662092E-001  0.19283053E+001  0.12499425E+002  0.31295034E+002  0.78685046E+002  0.15900503E+003
  0.00000000E+000  0.00000000E+000  0.00000000E+000  0.00000000E+000  0.00000000E+000  0.93662098E-001  0.19283056E+001  0.12499428E+002  0.31295040E+002  0.78685073E+002  0.15900506E+003
  0.00000000E+000  0.00000000E+000  0.00000000E+000  0.00000000E+000  0.00000000E+000  0.93662103E-001  0.19283059E+001  0.12499432E+002  0.31295047E+002  0.78685100E+002  0.15900510E+003
  0.00000000E+000  0.00000000E+000  0.00000000E+000  0.00000000E+000  0.00000000E+000  0.93662108E-001  0.19283061E+001  0.12499435E+002  0.31295053E+002  0.78685127E+002  0.15900514E+003
  0.00000000E+000  0.00000000E+000  0.00000000E+000  0.00000000E+000  0.00000000E+000  0.93662113E-001  0.19283064E+001  0.12499438E+002  0.31295059E+002  0.78685153E+002  0.15900518E+003
  0.00000000E+000  0.00000000E+000  0.00000000E+000  0.00000000E+000  0.00000000E+000  0.93662117E-001  0.19283066E+001  0.12499441E+002  0.31295065E+002  0.78685179E+002  0.15900521E+003
  0.00000000E+000  0.00000000E+000  0.00000000E+000  0.00000000E+000  0.00000000E+000  0.93662121E-001  0.19283068E+001  0.12499444E+002  0.31295071E+002  0.78685206E+002  0.15900525E+003
  0.00000000E+000  0.00000000E+000  0.00000000E+000  0.00000000E+000  0.00000000E+000  0.93662124E-001  0.19283070E+001  0.12499447E+002  0.31295077E+002  0.78685231E+002  0.15900529E+003
  0.00000000E+000  0.00000000E+000  0.00000000E+000  0.00000000E+000  0.00000000E+000  0.93662128E-001  0.19283072E+001  0.12499450E+002  0.31295082E+002  0.78685257E+002  0.15900533E+003
  0.00000000E+000  0.00000000E+000  0.00000000E+000  0.00000000E+000  0.00000000E+000  0.93662131E-001  0.19283074E+001  0.12499452E+002  0.31295088E+002  0.78685282E+002  0.15900537E+003
  0.00000000E+000  0.00000000E+000  0.00000000E+000  0.00000000E+000  0.00000000E+000  0.93662133E-001  0.19283076E+001  0.12499455E+002  0.31295093E+002  0.78685308E+002  0.15900541E+003
  0.00000000E+000  0.00000000E+000  0.00000000E+000  0.00000000E+000  0.00000000E+000  0.93662136E-001  0.19283077E+001  0.12499457E+002  0.31295098E+002  0.78685332E+002  0.15900545E+003
  0.00000000E+000  0.00000000E+000  0.00000000E+000  0.00000000E+000  0.00000000E+000  0.93662138E-001  0.19283079E+001  0.12499460E+002  0.31295103E+002  0.78685357E+002  0.15900549E+003
  0.00000000E+000  0.00000000E+000  0.00000000E+000  0.00000000E+000  0.00000000E+000  0.93662140E-001  0.19283080E+001  0.12499462E+002  0.31295108E+002  0.78685381E+002  0.15900553E+003
  0.00000000E+000  0.00000000E+000  0.00000000E+000  0.00000000E+000  0.00000000E+000  0.93662142E-001  0.19283082E+001  0.12499464E+002  0.31295112E+002  0.78685405E+002  0.15900557E+003
  0.00000000E+000  0.00000000E+000  0.00000000E+000  0.00000000E+000  0.00000000E+000  0.93662143E-001  0.19283083E+001  0.12499466E+002  0.31295117E+002  0.78685428E+002  0.15900561E+003
  0.00000000E+000  0.00000000E+000  0.00000000E+000  0.00000000E+000  0.00000000E+000  0.93662144E-001  0.19283084E+001  0.12499468E+002  0.31295121E+002  0.78685451E+002  0.15900565E+003
  0.00000000E+000  0.00000000E+000  0.00000000E+000  0.00000000E+000  0.00000000E+000  0.93662145E-001  0.19283085E+001  0.12499470E+002  0.31295126E+002  0.78685474E+002  0.15900569E+003
  0.00000000E+000  0.00000000E+000  0.00000000E+000  0.00000000E+000  0.00000000E+000  0.93662146E-001  0.19283086E+001  0.12499472E+002  0.31295130E+002  0.78685496E+002  0.15900573E+003
  0.00000000E+000  0.00000000E+000  0.00000000E+000  0.00000000E+000  0.00000000E+000  0.93662147E-001  0.19283087E+001  0.12499473E+002  0.31295134E+002  0.78685518E+002  0.15900577E+003
  0.00000000E+000  0.00000000E+000  0.00000000E+000  0.00000000E+000  0.00000000E+000  0.93662147E-001  0.19283088E+001  0.12499475E+002  0.31295137E+002  0.78685540E+002  0.15900581E+003
  0.00000000E+000  0.00000000E+000  0.00000000E+000  0.00000000E+000  0.00000000E+000  0.93662147E-001  0.19283089E+001  0.12499476E+002  0.31295141E+002  0.78685561E+002  0.15900585E+003
  0.00000000E+000  0.00000000E+000  0.00000000E+000  0.00000000E+000  0.00000000E+000  0.93662148E-001  0.19283090E+001  0.12499478E+002  0.31295145E+002  0.78685581E+002  0.15900589E+003
  0.00000000E+000  0.00000000E+000  0.00000000E+000  0.00000000E+000  0.00000000E+000  0.93662148E-001  0.19283090E+001  0.12499479E+002  0.31295148E+002  0.78685602E+002  0.15900593E+003
  0.00000000E+000  0.00000000E+000  0.00000000E+000  0.00000000E+000  0.00000000E+000  0.93662148E-001  0.19283091E+001  0.12499481E+002  0.31295151E+002  0.78685621E+002  0.15900597E+003
  0.00000000E+000  0.00000000E+000  0.00000000E+000  0.00000000E+000  0.00000000E+000  0.93662147E-001  0.19283092E+001  0.12499482E+002  0.31295155E+002  0.78685641E+002  0.15900601E+003
  0.00000000E+000  0.00000000E+000  0.00000000E+000  0.00000000E+000  0.00000000E+000  0.93662147E-001  0.19283092E+001  0.12499483E+002  0.31295158E+002  0.78685660E+002  0.15900604E+003
  0.00000000E+000  0.00000000E+000  0.00000000E+000  0.00000000E+000  0.00000000E+000  0.93662147E-001  0.19283093E+001  0.12499484E+002  0.31295161E+002  0.78685678E+002  0.15900608E+003
  0.00000000E+000  0.00000000E+000  0.00000000E+000  0.00000000E+000  0.00000000E+000  0.93662146E-001  0.19283093E+001  0.12499485E+002  0.31295164E+002  0.78685696E+002  0.15900612E+003
  0.00000000E+000  0.00000000E+000  0.00000000E+000  0.00000000E+000  0.00000000E+000  0.93662145E-001  0.19283094E+001  0.12499487E+002  0.31295166E+002  0.78685714E+002  0.15900615E+003
  0.00000000E+000  0.00000000E+000  0.00000000E+000  0.00000000E+000  0.00000000E+000  0.93662145E-001  0.19283094E+001  0.12499488E+002  0.31295169E+002  0.78685731E+002  0.15900619E+003
  0.00000000E+000  0.00000000E+000  0.00000000E+000  0.00000000E+000  0.00000000E+000  0.93662144E-001  0.19283094E+001  0.12499488E+002  0.31295171E+002  0.78685748E+002  0.15900622E+003
  0.00000000E+000  0.00000000E+000  0.00000000E+000  0.00000000E+000  0.00000000E+000  0.93662143E-001  0.19283095E+001  0.12499489E+002  0.31295174E+002  0.78685764E+002  0.15900626E+003
  0.00000000E+000  0.00000000E+000  0.00000000E+000  0.00000000E+000  0.00000000E+000  0.93662142E-001  0.19283095E+001  0.12499490E+002  0.31295176E+002  0.78685780E+002  0.15900629E+003
  0.00000000E+000  0.00000000E+000  0.00000000E+000  0.00000000E+000  0.00000000E+000  0.93662141E-001  0.19283095E+001  0.12499491E+002  0.31295179E+002  0.78685795E+002  0.15900632E+003
  0.00000000E+000  0.00000000E+000  0.00000000E+000  0.00000000E+000  0.00000000E+000  0.93662139E-001  0.19283096E+001  0.12499492E+002  0.31295181E+002  0.78685810E+002  0.15900636E+003
  0.00000000E+000  0.00000000E+000  0.00000000E+000  0.00000000E+000  0.00000000E+000  0.93662138E-001  0.19283096E+001  0.12499493E+002  0.31295183E+002  0.78685825E+002  0.15900639E+003
  0.00000000E+000  0.00000000E+000  0.00000000E+000  0.00000000E+000  0.00000000E+000  0.93662136E-001  0.19283096E+001  0.12499493E+002  0.31295185E+002  0.78685839E+002  0.15900642E+003
  0.00000000E+000  0.00000000E+000  0.00000000E+000  0.00000000E+000  0.00000000E+000  0.93662135E-001  0.19283096E+001  0.12499494E+002  0.31295187E+002  0.78685853E+002  0.15900645E+003
  0.00000000E+000  0.00000000E+000  0.00000000E+000  0.00000000E+000  0.00000000E+000  0.93662133E-001  0.19283096E+001  0.12499494E+002  0.31295188E+002  0.78685866E+002  0.15900648E+003
  0.00000000E+000  0.00000000E+000  0.00000000E+000  0.00000000E+000  0.00000000E+000  0.93662131E-001  0.19283096E+001  0.12499495E+002  0.31295190E+002  0.78685879E+002  0.15900651E+003
  0.00000000E+000  0.00000000E+000  0.00000000E+000  0.00000000E+000  0.00000000E+000  0.93662129E-001  0.19283096E+001  0.12499496E+002  0.31295192E+002  0.78685891E+002  0.15900654E+003
  0.00000000E+000  0.00000000E+000  0.00000000E+000  0.00000000E+000  0.00000000E+000  0.93662127E-001  0.19283096E+001  0.12499496E+002  0.31295193E+002  0.78685903E+002  0.15900657E+003
  0.00000000E+000  0.00000000E+000  0.00000000E+000  0.00000000E+000  0.00000000E+000  0.93662125E-001  0.19283096E+001  0.12499497E+002  0.31295195E+002  0.78685915E+002  0.15900660E+003
  0.00000000E+000  0.00000000E+000  0.00000000E+000  0.00000000E+000  0.00000000E+000  0.93662123E-001  0.19283096E+001  0.12499497E+002  0.31295196E+002  0.78685926E+002  0.15900662E+003
  0.00000000E+000  0.00000000E+000  0.00000000E+000  0.00000000E+000  0.00000000E+000  0.93662121E-001  0.19283096E+001  0.12499497E+002  0.31295198E+002  0.78685937E+002  0.15900665E+003
  0.00000000E+000  0.00000000E+000  0.00000000E+000  0.00000000E+000  0.00000000E+000  0.93662119E-001  0.19283096E+001  0.12499498E+002  0.31295199E+002  0.78685948E+002  0.15900667E+003
  0.00000000E+000  0.00000000E+000  0.00000000E+000  0.00000000E+000  0.00000000E+000  0.93662117E-001  0.19283096E+001  0.12499498E+002  0.31295200E+002  0.78685958E+002  0.15900670E+003
  0.00000000E+000  0.00000000E+000  0.00000000E+000  0.00000000E+000  0.00000000E+000  0.93662115E-001  0.19283096E+001  0.12499498E+002  0.31295201E+002  0.78685967E+002  0.15900672E+003
  0.00000000E+000  0.00000000E+000  0.00000000E+000  0.00000000E+000  0.00000000E+000  0.93662114E-001  0.19283096E+001  0.12499499E+002  0.31295202E+002  0.78685977E+002  0.15900675E+003
  0.00000000E+000  0.00000000E+000  0.00000000E+000  0.00000000E+000  0.00000000E+000  0.93662114E-001  0.19283095E+001  0.12499499E+002  0.31295204E+002  0.78685986E+002  0.15900677E+003
  0.00000000E+000  0.00000000E+000  0.00000000E+000  0.00000000E+000  0.00000000E+000  0.93662116E-001  0.19283096E+001  0.12499499E+002  0.31295205E+002  0.78685995E+002  0.15900679E+003
