  0.10529480E+002
  0.10529665E+002
  0.10529742E+002
  0.10529782E+002
  0.10529806E+002
  0.10529819E+002
  0.10529826E+002
  0.10529829E+002
  0.10529827E+002
  0.10529823E+002
  0.10529818E+002
  0.10529810E+002
  0.10529802E+002
  0.10529792E+002
  0.10529783E+002
  0.10529773E+002
  0.10529762E+002
  0.10529752E+002
  0.10529742E+002
  0.10529732E+002
  0.10529722E+002
  0.10529712E+002
  0.10529703E+002
  0.10529693E+002
  0.10529684E+002
  0.10529675E+002
  0.10529667E+002
  0.10529658E+002
  0.10529650E+002
  0.10529642E+002
  0.10529635E+002
  0.10529627E+002
  0.10529620E+002
  0.10529613E+002
  0.10529606E+002
  0.10529600E+002
  0.10529593E+002
  0.10529587E+002
  0.10529581E+002
  0.10529576E+002
  0.10529570E+002
  0.10529565E+002
  0.10529560E+002
  0.10529555E+002
  0.10529551E+002
  0.10529546E+002
  0.10529542E+002
  0.10529538E+002
  0.10529534E+002
  0.10529531E+002
  0.10529528E+002
  0.10529525E+002
  0.10529522E+002
  0.10529520E+002
  0.10529517E+002
  0.10529515E+002
  0.10529513E+002
  0.10529511E+002
  0.10529510E+002
  0.10529508E+002
  0.10529507E+002
  0.10529506E+002
  0.10529505E+002
  0.10529505E+002
  0.10529504E+002
  0.10529504E+002
  0.10529503E+002
  0.10529503E+002
  0.10529503E+002
  0.10529503E+002
  0.10529504E+002
  0.10529504E+002
  0.10529505E+002
  0.10529505E+002
  0.10529506E+002
  0.10529507E+002
  0.10529508E+002
  0.10529509E+002
  0.10529510E+002
  0.10529512E+002
  0.10529513E+002
  0.10529514E+002
  0.10529516E+002
  0.10529517E+002
  0.10529519E+002
  0.10529520E+002
  0.10529522E+002
  0.10529524E+002
  0.10529525E+002
  0.10529527E+002
  0.10529529E+002
  0.10529530E+002
  0.10529532E+002
  0.10529534E+002
  0.10529535E+002
  0.10529537E+002
  0.10529539E+002
  0.10529540E+002
  0.10529542E+002
  0.10529543E+002
  0.10529544E+002
  0.10529546E+002
  0.10529547E+002
  0.10529548E+002
  0.10529549E+002
  0.10529550E+002
  0.10529551E+002
  0.10529552E+002
  0.10529553E+002
  0.10529554E+002
  0.10529554E+002
  0.10529555E+002
  0.10529555E+002
  0.10529556E+002
  0.10529556E+002
  0.10529556E+002
  0.10529556E+002
  0.10529556E+002
  0.10529556E+002
  0.10529556E+002
  0.10529556E+002
  0.10529556E+002
  0.10529555E+002
  0.10529555E+002
  0.10529555E+002
  0.10529554E+002
  0.10529553E+002
  0.10529553E+002
  0.10529552E+002
  0.10529551E+002
  0.10529551E+002
  0.10529550E+002
  0.10529549E+002
  0.10529548E+002
  0.10529548E+002
  0.10529547E+002
  0.10529546E+002
  0.10529545E+002
  0.10529544E+002
  0.10529544E+002
  0.10529543E+002
  0.10529542E+002
  0.10529541E+002
  0.10529541E+002
  0.10529540E+002
  0.10529539E+002
  0.10529539E+002
  0.10529538E+002
  0.10529538E+002
  0.10529537E+002
  0.10529537E+002
  0.10529536E+002
  0.10529536E+002
  0.10529535E+002
  0.10529535E+002
  0.10529535E+002
  0.10529534E+002
  0.10529534E+002
  0.10529534E+002
  0.10529534E+002
  0.10529533E+002
  0.10529533E+002
  0.10529533E+002
  0.10529533E+002
  0.10529533E+002
  0.10529533E+002
  0.10529533E+002
  0.10529533E+002
  0.10529532E+002
  0.10529532E+002
  0.10529532E+002
  0.10529532E+002
  0.10529532E+002
  0.10529532E+002
  0.10529532E+002
  0.10529532E+002
  0.10529532E+002
  0.10529531E+002
  0.10529531E+002
  0.10529531E+002
  0.10529531E+002
  0.10529531E+002
  0.10529530E+002
  0.10529530E+002
  0.10529530E+002
  0.10529530E+002
  0.10529529E+002
  0.10529529E+002
  0.10529529E+002
  0.10529528E+002
  0.10529528E+002
  0.10529528E+002
  0.10529527E+002
  0.10529527E+002
  0.10529526E+002
  0.10529526E+002
  0.10529525E+002
  0.10529525E+002
  0.10529524E+002
  0.10529523E+002
