  0.49046815E-002  0.57116700E-001  0.10123147E+001  0.41043590E+002
  0.49153031E-002  0.57044133E-001  0.10117391E+001  0.41044967E+002
  0.49232921E-002  0.56985520E-001  0.10112535E+001  0.41045811E+002
  0.49291277E-002  0.56938221E-001  0.10108554E+001  0.41046411E+002
  0.49332391E-002  0.56900264E-001  0.10105343E+001  0.41046860E+002
  0.49359950E-002  0.56870101E-001  0.10102777E+001  0.41047198E+002
  0.49376998E-002  0.56846458E-001  0.10100745E+001  0.41047452E+002
  0.49386008E-002  0.56828260E-001  0.10099152E+001  0.41047638E+002
  0.49388965E-002  0.56814586E-001  0.10097921E+001  0.41047769E+002
  0.49387447E-002  0.56804644E-001  0.10096991E+001  0.41047856E+002
  0.49382698E-002  0.56797756E-001  0.10096310E+001  0.41047908E+002
  0.49375694E-002  0.56793347E-001  0.10095840E+001  0.41047930E+002
  0.49367192E-002  0.56790938E-001  0.10095546E+001  0.41047929E+002
  0.49357775E-002  0.56790131E-001  0.10095401E+001  0.41047908E+002
  0.49347887E-002  0.56790601E-001  0.10095382E+001  0.41047872E+002
  0.49337863E-002  0.56792085E-001  0.10095470E+001  0.41047822E+002
  0.49327947E-002  0.56794373E-001  0.10095647E+001  0.41047762E+002
  0.49318316E-002  0.56797297E-001  0.10095900E+001  0.41047694E+002
  0.49309091E-002  0.56800729E-001  0.10096215E+001  0.41047619E+002
  0.49300354E-002  0.56804567E-001  0.10096584E+001  0.41047539E+002
  0.49292150E-002  0.56808736E-001  0.10096996E+001  0.41047455E+002
  0.49284502E-002  0.56813177E-001  0.10097444E+001  0.41047367E+002
  0.49277411E-002  0.56817846E-001  0.10097921E+001  0.41047278E+002
  0.49270867E-002  0.56822709E-001  0.10098421E+001  0.41047186E+002
  0.49264847E-002  0.56827742E-001  0.10098939E+001  0.41047094E+002
  0.49259321E-002  0.56832925E-001  0.10099470E+001  0.41047000E+002
  0.49254256E-002  0.56838242E-001  0.10100009E+001  0.41046907E+002
  0.49249612E-002  0.56843681E-001  0.10100554E+001  0.41046814E+002
  0.49245351E-002  0.56849230E-001  0.10101101E+001  0.41046722E+002
  0.49241432E-002  0.56854877E-001  0.10101647E+001  0.41046631E+002
  0.49237814E-002  0.56860612E-001  0.10102188E+001  0.41046541E+002
  0.49234458E-002  0.56866421E-001  0.10102724E+001  0.41046452E+002
  0.49231326E-002  0.56872292E-001  0.10103251E+001  0.41046365E+002
  0.49228383E-002  0.56878209E-001  0.10103768E+001  0.41046280E+002
  0.49225593E-002  0.56884158E-001  0.10104274E+001  0.41046196E+002
  0.49222925E-002  0.56890121E-001  0.10104766E+001  0.41046115E+002
  0.49220352E-002  0.56896082E-001  0.10105246E+001  0.41046036E+002
  0.49217846E-002  0.56902022E-001  0.10105711E+001  0.41045960E+002
  0.49215386E-002  0.56907924E-001  0.10106162E+001  0.41045885E+002
  0.49212951E-002  0.56913771E-001  0.10106600E+001  0.41045813E+002
  0.49210525E-002  0.56919547E-001  0.10107023E+001  0.41045743E+002
  0.49208094E-002  0.56925239E-001  0.10107433E+001  0.41045676E+002
  0.49205646E-002  0.56930834E-001  0.10107830E+001  0.41045610E+002
  0.49203174E-002  0.56936326E-001  0.10108216E+001  0.41045547E+002
  0.49200671E-002  0.56941709E-001  0.10108592E+001  0.41045486E+002
  0.49198133E-002  0.56946981E-001  0.10108959E+001  0.41045427E+002
  0.49195558E-002  0.56952145E-001  0.10109318E+001  0.41045370E+002
  0.49192946E-002  0.56957206E-001  0.10109671E+001  0.41045314E+002
  0.49190298E-002  0.56962173E-001  0.10110019E+001  0.41045260E+002
  0.49187614E-002  0.56967058E-001  0.10110363E+001  0.41045207E+002
  0.49184896E-002  0.56971873E-001  0.10110705E+001  0.41045155E+002
  0.49182146E-002  0.56976632E-001  0.10111045E+001  0.41045105E+002
  0.49179367E-002  0.56981349E-001  0.10111385E+001  0.41045055E+002
  0.49176561E-002  0.56986040E-001  0.10111725E+001  0.41045007E+002
  0.49173727E-002  0.56990716E-001  0.10112067E+001  0.41044959E+002
  0.49170868E-002  0.56995389E-001  0.10112410E+001  0.41044912E+002
  0.49167985E-002  0.57000069E-001  0.10112755E+001  0.41044865E+002
  0.49165077E-002  0.57004761E-001  0.10113103E+001  0.41044819E+002
  0.49162146E-002  0.57009470E-001  0.10113453E+001  0.41044773E+002
  0.49159190E-002  0.57014199E-001  0.10113806E+001  0.41044728E+002
  0.49156212E-002  0.57018948E-001  0.10114162E+001  0.41044683E+002
  0.49153212E-002  0.57023713E-001  0.10114519E+001  0.41044639E+002
  0.49150192E-002  0.57028491E-001  0.10114879E+001  0.41044595E+002
  0.49147152E-002  0.57033275E-001  0.10115240E+001  0.41044551E+002
  0.49144096E-002  0.57038058E-001  0.10115602E+001  0.41044508E+002
  0.49141027E-002  0.57042833E-001  0.10115965E+001  0.41044466E+002
  0.49137947E-002  0.57047589E-001  0.10116327E+001  0.41044424E+002
  0.49134862E-002  0.57052316E-001  0.10116689E+001  0.41044383E+002
  0.49131774E-002  0.57057004E-001  0.10117050E+001  0.41044343E+002
  0.49128690E-002  0.57061642E-001  0.10117408E+001  0.41044303E+002
  0.49125614E-002  0.57066219E-001  0.10117764E+001  0.41044265E+002
  0.49122550E-002  0.57070724E-001  0.10118117E+001  0.41044227E+002
  0.49119505E-002  0.57075145E-001  0.10118466E+001  0.41044190E+002
  0.49116484E-002  0.57079473E-001  0.10118810E+001  0.41044154E+002
  0.49113491E-002  0.57083696E-001  0.10119148E+001  0.41044120E+002
  0.49110533E-002  0.57087804E-001  0.10119481E+001  0.41044086E+002
  0.49107614E-002  0.57091788E-001  0.10119807E+001  0.41044054E+002
  0.49104740E-002  0.57095639E-001  0.10120126E+001  0.41044023E+002
  0.49101914E-002  0.57099348E-001  0.10120436E+001  0.41043993E+002
  0.49099143E-002  0.57102907E-001  0.10120739E+001  0.41043964E+002
  0.49096429E-002  0.57106310E-001  0.10121033E+001  0.41043937E+002
  0.49093777E-002  0.57109551E-001  0.10121317E+001  0.41043911E+002
  0.49091191E-002  0.57112623E-001  0.10121591E+001  0.41043887E+002
  0.49088674E-002  0.57115524E-001  0.10121856E+001  0.41043864E+002
  0.49086229E-002  0.57118249E-001  0.10122109E+001  0.41043842E+002
  0.49083859E-002  0.57120795E-001  0.10122353E+001  0.41043822E+002
  0.49081567E-002  0.57123162E-001  0.10122585E+001  0.41043803E+002
  0.49079355E-002  0.57125348E-001  0.10122805E+001  0.41043786E+002
  0.49077224E-002  0.57127354E-001  0.10123015E+001  0.41043770E+002
  0.49075175E-002  0.57129181E-001  0.10123213E+001  0.41043755E+002
  0.49073209E-002  0.57130832E-001  0.10123399E+001  0.41043742E+002
  0.49071328E-002  0.57132309E-001  0.10123574E+001  0.41043730E+002
  0.49069531E-002  0.57133616E-001  0.10123737E+001  0.41043719E+002
  0.49067818E-002  0.57134758E-001  0.10123889E+001  0.41043709E+002
  0.49066188E-002  0.57135740E-001  0.10124030E+001  0.41043701E+002
  0.49064642E-002  0.57136567E-001  0.10124159E+001  0.41043694E+002
  0.49063178E-002  0.57137247E-001  0.10124277E+001  0.41043688E+002
  0.49061795E-002  0.57137787E-001  0.10124385E+001  0.41043683E+002
  0.49060491E-002  0.57138193E-001  0.10124483E+001  0.41043679E+002
  0.49059265E-002  0.57138474E-001  0.10124570E+001  0.41043676E+002
  0.49058114E-002  0.57138638E-001  0.10124647E+001  0.41043673E+002
  0.49057037E-002  0.57138692E-001  0.10124715E+001  0.41043672E+002
  0.49056030E-002  0.57138645E-001  0.10124773E+001  0.41043671E+002
  0.49055092E-002  0.57138507E-001  0.10124823E+001  0.41043671E+002
  0.49054221E-002  0.57138284E-001  0.10124864E+001  0.41043672E+002
  0.49053413E-002  0.57137985E-001  0.10124898E+001  0.41043673E+002
  0.49052665E-002  0.57137618E-001  0.10124924E+001  0.41043675E+002
  0.49051976E-002  0.57137192E-001  0.10124942E+001  0.41043677E+002
  0.49051341E-002  0.57136713E-001  0.10124954E+001  0.41043680E+002
  0.49050759E-002  0.57136190E-001  0.10124959E+001  0.41043683E+002
  0.49050227E-002  0.57135629E-001  0.10124959E+001  0.41043686E+002
  0.49049741E-002  0.57135037E-001  0.10124953E+001  0.41043690E+002
  0.49049300E-002  0.57134420E-001  0.10124941E+001  0.41043693E+002
  0.49048899E-002  0.57133784E-001  0.10124925E+001  0.41043697E+002
  0.49048538E-002  0.57133134E-001  0.10124905E+001  0.41043701E+002
  0.49048213E-002  0.57132476E-001  0.10124881E+001  0.41043705E+002
  0.49047921E-002  0.57131813E-001  0.10124853E+001  0.41043709E+002
  0.49047661E-002  0.57131151E-001  0.10124822E+001  0.41043713E+002
  0.49047430E-002  0.57130492E-001  0.10124788E+001  0.41043716E+002
  0.49047226E-002  0.57129840E-001  0.10124752E+001  0.41043720E+002
  0.49047047E-002  0.57129197E-001  0.10124713E+001  0.41043724E+002
  0.49046891E-002  0.57128567E-001  0.10124672E+001  0.41043728E+002
  0.49046756E-002  0.57127952E-001  0.10124630E+001  0.41043731E+002
  0.49046640E-002  0.57127352E-001  0.10124587E+001  0.41043734E+002
  0.49046541E-002  0.57126771E-001  0.10124542E+001  0.41043737E+002
  0.49046459E-002  0.57126208E-001  0.10124497E+001  0.41043740E+002
  0.49046391E-002  0.57125665E-001  0.10124451E+001  0.41043743E+002
  0.49046336E-002  0.57125143E-001  0.10124404E+001  0.41043746E+002
  0.49046293E-002  0.57124642E-001  0.10124358E+001  0.41043748E+002
  0.49046261E-002  0.57124162E-001  0.10124311E+001  0.41043751E+002
  0.49046238E-002  0.57123703E-001  0.10124265E+001  0.41043753E+002
  0.49046224E-002  0.57123266E-001  0.10124219E+001  0.41043755E+002
  0.49046218E-002  0.57122850E-001  0.10124174E+001  0.41043757E+002
  0.49046217E-002  0.57122455E-001  0.10124130E+001  0.41043758E+002
  0.49046223E-002  0.57122081E-001  0.10124086E+001  0.41043760E+002
  0.49046234E-002  0.57121726E-001  0.10124043E+001  0.41043761E+002
  0.49046249E-002  0.57121391E-001  0.10124001E+001  0.41043763E+002
  0.49046268E-002  0.57121074E-001  0.10123960E+001  0.41043764E+002
  0.49046290E-002  0.57120776E-001  0.10123920E+001  0.41043765E+002
  0.49046314E-002  0.57120496E-001  0.10123881E+001  0.41043766E+002
  0.49046341E-002  0.57120233E-001  0.10123844E+001  0.41043767E+002
  0.49046369E-002  0.57119985E-001  0.10123807E+001  0.41043768E+002
  0.49046399E-002  0.57119753E-001  0.10123773E+001  0.41043769E+002
  0.49046429E-002  0.57119536E-001  0.10123739E+001  0.41043770E+002
  0.49046460E-002  0.57119333E-001  0.10123707E+001  0.41043770E+002
  0.49046492E-002  0.57119144E-001  0.10123676E+001  0.41043771E+002
  0.49046523E-002  0.57118967E-001  0.10123646E+001  0.41043772E+002
  0.49046554E-002  0.57118802E-001  0.10123618E+001  0.41043772E+002
  0.49046585E-002  0.57118649E-001  0.10123591E+001  0.41043773E+002
  0.49046616E-002  0.57118506E-001  0.10123565E+001  0.41043774E+002
  0.49046645E-002  0.57118373E-001  0.10123540E+001  0.41043774E+002
  0.49046674E-002  0.57118250E-001  0.10123517E+001  0.41043775E+002
  0.49046701E-002  0.57118136E-001  0.10123495E+001  0.41043776E+002
  0.49046728E-002  0.57118030E-001  0.10123474E+001  0.41043776E+002
  0.49046754E-002  0.57117932E-001  0.10123454E+001  0.41043777E+002
  0.49046778E-002  0.57117842E-001  0.10123436E+001  0.41043778E+002
  0.49046801E-002  0.57117758E-001  0.10123418E+001  0.41043778E+002
  0.49046823E-002  0.57117681E-001  0.10123401E+001  0.41043779E+002
  0.49046843E-002  0.57117610E-001  0.10123386E+001  0.41043780E+002
  0.49046862E-002  0.57117544E-001  0.10123371E+001  0.41043780E+002
  0.49046880E-002  0.57117484E-001  0.10123357E+001  0.41043781E+002
  0.49046897E-002  0.57117428E-001  0.10123344E+001  0.41043782E+002
  0.49046912E-002  0.57117377E-001  0.10123332E+001  0.41043782E+002
  0.49046926E-002  0.57117330E-001  0.10123321E+001  0.41043783E+002
  0.49046938E-002  0.57117287E-001  0.10123310E+001  0.41043783E+002
  0.49046949E-002  0.57117248E-001  0.10123300E+001  0.41043784E+002
  0.49046959E-002  0.57117212E-001  0.10123291E+001  0.41043784E+002
  0.49046968E-002  0.57117178E-001  0.10123282E+001  0.41043785E+002
  0.49046976E-002  0.57117148E-001  0.10123274E+001  0.41043785E+002
  0.49046983E-002  0.57117120E-001  0.10123267E+001  0.41043786E+002
  0.49046988E-002  0.57117095E-001  0.10123260E+001  0.41043786E+002
  0.49046993E-002  0.57117072E-001  0.10123253E+001  0.41043786E+002
  0.49046996E-002  0.57117050E-001  0.10123247E+001  0.41043787E+002
  0.49046999E-002  0.57117031E-001  0.10123241E+001  0.41043787E+002
  0.49047001E-002  0.57117013E-001  0.10123236E+001  0.41043787E+002
  0.49047001E-002  0.57116996E-001  0.10123231E+001  0.41043787E+002
  0.49047002E-002  0.57116981E-001  0.10123226E+001  0.41043787E+002
  0.49047001E-002  0.57116967E-001  0.10123222E+001  0.41043787E+002
  0.49047000E-002  0.57116954E-001  0.10123218E+001  0.41043787E+002
  0.49046998E-002  0.57116942E-001  0.10123214E+001  0.41043786E+002
  0.49046995E-002  0.57116931E-001  0.10123211E+001  0.41043786E+002
  0.49046992E-002  0.57116921E-001  0.10123208E+001  0.41043785E+002
  0.49046988E-002  0.57116911E-001  0.10123205E+001  0.41043785E+002
  0.49046984E-002  0.57116902E-001  0.10123202E+001  0.41043784E+002
  0.49046979E-002  0.57116894E-001  0.10123199E+001  0.41043783E+002
  0.49046974E-002  0.57116885E-001  0.10123197E+001  0.41043783E+002
  0.49046969E-002  0.57116877E-001  0.10123194E+001  0.41043782E+002
  0.49046963E-002  0.57116870E-001  0.10123192E+001  0.41043781E+002
  0.49046956E-002  0.57116863E-001  0.10123190E+001  0.41043779E+002
  0.49046949E-002  0.57116856E-001  0.10123188E+001  0.41043778E+002
  0.49046942E-002  0.57116849E-001  0.10123186E+001  0.41043777E+002
  0.49046933E-002  0.57116843E-001  0.10123185E+001  0.41043775E+002
  0.49046924E-002  0.57116838E-001  0.10123183E+001  0.41043774E+002
  0.49046913E-002  0.57116833E-001  0.10123181E+001  0.41043772E+002
  0.49046901E-002  0.57116831E-001  0.10123180E+001  0.41043770E+002
  0.49046887E-002  0.57116830E-001  0.10123179E+001  0.41043768E+002
  0.49046868E-002  0.57116834E-001  0.10123179E+001  0.41043766E+002
  0.49046846E-002  0.57116843E-001  0.10123178E+001  0.41043764E+002
  0.49046814E-002  0.57116861E-001  0.10123179E+001  0.41043761E+002
  0.49046766E-002  0.57116898E-001  0.10123180E+001  0.41043759E+002
