  0.65819370E-001
  0.66100805E-001
  0.66161984E-001
  0.66175295E-001
  0.66176202E-001
  0.66173749E-001
  0.66170460E-001
  0.66167131E-001
  0.66163985E-001
  0.66161091E-001
  0.66158472E-001
  0.66156107E-001
  0.66153982E-001
  0.66152093E-001
  0.66150401E-001
  0.66148891E-001
  0.66147548E-001
  0.66146356E-001
  0.66145300E-001
  0.66144365E-001
  0.66143539E-001
  0.66142809E-001
  0.66142164E-001
  0.66141595E-001
  0.66141093E-001
  0.66140647E-001
  0.66140253E-001
  0.66139902E-001
  0.66139589E-001
  0.66139308E-001
  0.66139056E-001
  0.66138826E-001
  0.66138616E-001
  0.66138421E-001
  0.66138239E-001
  0.66138068E-001
  0.66137903E-001
  0.66137744E-001
  0.66137589E-001
  0.66137436E-001
  0.66137284E-001
  0.66137132E-001
  0.66136980E-001
  0.66136827E-001
  0.66136673E-001
  0.66136519E-001
  0.66136364E-001
  0.66136209E-001
  0.66136055E-001
  0.66135902E-001
  0.66135750E-001
  0.66135600E-001
  0.66135452E-001
  0.66135307E-001
  0.66135164E-001
  0.66135024E-001
  0.66134886E-001
  0.66134752E-001
  0.66134620E-001
  0.66134491E-001
  0.66134365E-001
  0.66134242E-001
  0.66134121E-001
  0.66134003E-001
  0.66133888E-001
  0.66133775E-001
  0.66133665E-001
  0.66133558E-001
  0.66133453E-001
  0.66133352E-001
  0.66133253E-001
  0.66133157E-001
  0.66133065E-001
  0.66132975E-001
  0.66132889E-001
  0.66132806E-001
  0.66132726E-001
  0.66132649E-001
  0.66132576E-001
  0.66132507E-001
  0.66132441E-001
  0.66132378E-001
  0.66132318E-001
  0.66132263E-001
  0.66132210E-001
  0.66132160E-001
  0.66132114E-001
  0.66132071E-001
  0.66132032E-001
  0.66131995E-001
  0.66131961E-001
  0.66131930E-001
  0.66131902E-001
  0.66131877E-001
  0.66131854E-001
  0.66131833E-001
  0.66131815E-001
  0.66131800E-001
  0.66131786E-001
  0.66131774E-001
  0.66131764E-001
  0.66131755E-001
  0.66131749E-001
  0.66131743E-001
  0.66131739E-001
  0.66131736E-001
  0.66131733E-001
  0.66131732E-001
  0.66131731E-001
  0.66131731E-001
  0.66131732E-001
  0.66131733E-001
  0.66131734E-001
  0.66131735E-001
  0.66131736E-001
  0.66131737E-001
  0.66131738E-001
  0.66131739E-001
  0.66131740E-001
  0.66131740E-001
  0.66131740E-001
  0.66131740E-001
  0.66131740E-001
  0.66131739E-001
  0.66131737E-001
  0.66131736E-001
  0.66131734E-001
  0.66131731E-001
  0.66131728E-001
  0.66131725E-001
  0.66131722E-001
  0.66131718E-001
  0.66131714E-001
  0.66131709E-001
  0.66131705E-001
  0.66131700E-001
  0.66131695E-001
  0.66131690E-001
  0.66131685E-001
  0.66131680E-001
  0.66131675E-001
  0.66131670E-001
  0.66131665E-001
  0.66131660E-001
  0.66131655E-001
  0.66131650E-001
  0.66131645E-001
  0.66131641E-001
  0.66131636E-001
  0.66131632E-001
  0.66131628E-001
  0.66131625E-001
  0.66131621E-001
  0.66131618E-001
  0.66131614E-001
  0.66131612E-001
  0.66131609E-001
  0.66131606E-001
  0.66131604E-001
  0.66131602E-001
  0.66131600E-001
  0.66131598E-001
  0.66131597E-001
  0.66131595E-001
  0.66131594E-001
  0.66131593E-001
  0.66131592E-001
  0.66131591E-001
  0.66131590E-001
  0.66131589E-001
  0.66131588E-001
  0.66131587E-001
  0.66131587E-001
  0.66131586E-001
  0.66131585E-001
  0.66131585E-001
  0.66131584E-001
  0.66131583E-001
  0.66131582E-001
  0.66131581E-001
  0.66131581E-001
  0.66131580E-001
  0.66131578E-001
  0.66131577E-001
  0.66131576E-001
  0.66131575E-001
  0.66131573E-001
  0.66131571E-001
  0.66131570E-001
  0.66131568E-001
  0.66131566E-001
  0.66131564E-001
  0.66131561E-001
  0.66131559E-001
  0.66131556E-001
  0.66131554E-001
  0.66131551E-001
  0.66131550E-001
  0.66131554E-001
  0.66131521E-001
