  0.64689252E+000  0.10288619E+000  0.15736748E+000  0.77685013E+000
  0.64476731E+000  0.10179689E+000  0.15906329E+000  0.77451118E+000
  0.64368994E+000  0.10148835E+000  0.15834741E+000  0.77423911E+000
  0.64177412E+000  0.10225428E+000  0.15841536E+000  0.77286006E+000
  0.63961195E+000  0.10356333E+000  0.15817984E+000  0.77266027E+000
  0.63734941E+000  0.10502703E+000  0.15813405E+000  0.77217889E+000
  0.63665957E+000  0.10462274E+000  0.15852607E+000  0.77183276E+000
  0.63601611E+000  0.10464235E+000  0.15793777E+000  0.77222678E+000
  0.63497628E+000  0.10529050E+000  0.15773303E+000  0.77219602E+000
  0.63440168E+000  0.10448360E+000  0.15873731E+000  0.77210446E+000
  0.63216673E+000  0.10581791E+000  0.15934924E+000  0.77205596E+000
  0.63198715E+000  0.10579690E+000  0.15933165E+000  0.77204601E+000
  0.63087523E+000  0.10677032E+000  0.15929356E+000  0.77208480E+000
  0.62921977E+000  0.10833250E+000  0.15927586E+000  0.77213278E+000
  0.62916348E+000  0.10770746E+000  0.15989293E+000  0.77219580E+000
  0.62835475E+000  0.10846957E+000  0.15927867E+000  0.77290631E+000
  0.62732575E+000  0.10949866E+000  0.15928813E+000  0.77298826E+000
  0.62695822E+000  0.10988634E+000  0.15930508E+000  0.77307698E+000
  0.62682125E+000  0.11006680E+000  0.15932115E+000  0.77317132E+000
  0.62687959E+000  0.11006014E+000  0.15934885E+000  0.77326868E+000
  0.62684314E+000  0.11017141E+000  0.15936963E+000  0.77336829E+000
  0.62564593E+000  0.11145511E+000  0.15939227E+000  0.77346919E+000
  0.62573686E+000  0.11145768E+000  0.15940020E+000  0.77358955E+000
  0.62583516E+000  0.11146363E+000  0.15942550E+000  0.77369096E+000
  0.62593930E+000  0.11147017E+000  0.15945184E+000  0.77379189E+000
  0.62604810E+000  0.11147732E+000  0.15947765E+000  0.77389323E+000
  0.62616044E+000  0.11148513E+000  0.15950513E+000  0.77399230E+000
  0.62626937E+000  0.11149944E+000  0.15953300E+000  0.77409013E+000
  0.66535284E+000  0.10533966E+000  0.15956113E+000  0.77418660E+000
  0.62650225E+000  0.11151887E+000  0.15958941E+000  0.77428162E+000
  0.62662010E+000  0.11152858E+000  0.15961774E+000  0.77437516E+000
  0.62673763E+000  0.11153868E+000  0.15964560E+000  0.77446762E+000
  0.62685429E+000  0.11154636E+000  0.15967661E+000  0.77455811E+000
  0.62696962E+000  0.11155720E+000  0.15970464E+000  0.77464710E+000
  0.62708163E+000  0.11156996E+000  0.15973244E+000  0.77473460E+000
  0.62719296E+000  0.11157777E+000  0.15976380E+000  0.77482064E+000
  0.62730210E+000  0.11158949E+000  0.15978928E+000  0.77490698E+000
  0.62740865E+000  0.11160144E+000  0.15981220E+000  0.77499413E+000
  0.62751243E+000  0.11161356E+000  0.15983863E+000  0.77507604E+000
  0.62761335E+000  0.11162520E+000  0.15986524E+000  0.77515666E+000
  0.62771134E+000  0.11163754E+000  0.15989077E+000  0.77523605E+000
  0.62780623E+000  0.11165009E+000  0.15991584E+000  0.77531427E+000
  0.62789075E+000  0.11167014E+000  0.15994043E+000  0.77539138E+000
  0.62798020E+000  0.11168243E+000  0.15996453E+000  0.77546745E+000
  0.62806700E+000  0.11169465E+000  0.15998816E+000  0.77554257E+000
  0.62815142E+000  0.11170668E+000  0.16001132E+000  0.77561682E+000
  0.62823348E+000  0.11171869E+000  0.16003405E+000  0.77569030E+000
  0.62831374E+000  0.11172486E+000  0.16006186E+000  0.77576313E+000
  0.62839232E+000  0.11173630E+000  0.16008382E+000  0.77583541E+000
  0.62846948E+000  0.11174751E+000  0.16010545E+000  0.77590727E+000
  0.62854550E+000  0.11175851E+000  0.16012681E+000  0.77597884E+000
  0.62862065E+000  0.11176929E+000  0.16014794E+000  0.77605025E+000
  0.62869520E+000  0.11177988E+000  0.16016886E+000  0.77612167E+000
  0.62876937E+000  0.11179030E+000  0.16018969E+000  0.77619315E+000
  0.62884336E+000  0.11180060E+000  0.16021047E+000  0.77626481E+000
  0.62891741E+000  0.11181074E+000  0.16023123E+000  0.77633677E+000
  0.62899165E+000  0.11182079E+000  0.16025200E+000  0.77640910E+000
  0.62906620E+000  0.11183078E+000  0.16027283E+000  0.77648188E+000
  0.62914116E+000  0.11184071E+000  0.16029374E+000  0.77655514E+000
  0.62921658E+000  0.11185062E+000  0.16031474E+000  0.77662890E+000
  0.62797949E+000  0.11317351E+000  0.16033586E+000  0.77670315E+000
  0.62805579E+000  0.11318349E+000  0.16035708E+000  0.77677788E+000
  0.62813252E+000  0.11319348E+000  0.16037035E+000  0.77686109E+000
  0.62820965E+000  0.11320349E+000  0.16039178E+000  0.77693659E+000
  0.62828593E+000  0.11320899E+000  0.16041894E+000  0.77701236E+000
  0.62836356E+000  0.11321901E+000  0.16044050E+000  0.77708830E+000
  0.62843912E+000  0.11323120E+000  0.16046207E+000  0.77716430E+000
  0.62851682E+000  0.11324120E+000  0.16048364E+000  0.77724022E+000
  0.62859434E+000  0.11325118E+000  0.16050517E+000  0.77731593E+000
  0.62867129E+000  0.11326137E+000  0.16052661E+000  0.77739130E+000
  0.62874802E+000  0.11284319E+000  0.16097569E+000  0.77746647E+000
  0.62882414E+000  0.11285291E+000  0.16099691E+000  0.77754070E+000
  0.62889948E+000  0.11286254E+000  0.16101792E+000  0.77761415E+000
  0.62897388E+000  0.11287205E+000  0.16103868E+000  0.77768665E+000
  0.62904720E+000  0.11288143E+000  0.16105915E+000  0.77775807E+000
  0.62911929E+000  0.11289058E+000  0.16107873E+000  0.77782890E+000
  0.62919000E+000  0.11289962E+000  0.16109851E+000  0.77789772E+000
  0.62925920E+000  0.11290847E+000  0.16109680E+000  0.77798612E+000
  0.62932675E+000  0.11291711E+000  0.16111572E+000  0.77805183E+000
  0.62939237E+000  0.11292568E+000  0.16113389E+000  0.77811606E+000
  0.62945628E+000  0.11293385E+000  0.16115183E+000  0.77817818E+000
  0.62951820E+000  0.11294177E+000  0.16116922E+000  0.77823836E+000
  0.62957805E+000  0.11294933E+000  0.16118615E+000  0.77829651E+000
  0.62963575E+000  0.11295671E+000  0.16120240E+000  0.77835256E+000
  0.62969122E+000  0.11296380E+000  0.16121803E+000  0.77840643E+000
  0.62974442E+000  0.11297060E+000  0.16123305E+000  0.77845807E+000
  0.62979528E+000  0.11297709E+000  0.16124742E+000  0.77850744E+000
  0.62984378E+000  0.11298329E+000  0.16126113E+000  0.77855453E+000
  0.62988990E+000  0.11298917E+000  0.16127421E+000  0.77859928E+000
  0.62993363E+000  0.11299475E+000  0.16128662E+000  0.77864170E+000
  0.62997497E+000  0.11300002E+000  0.16129838E+000  0.77868180E+000
  0.63001395E+000  0.11300498E+000  0.16130948E+000  0.77871960E+000
  0.63005058E+000  0.11300963E+000  0.16131993E+000  0.77875512E+000
  0.63008490E+000  0.11301399E+000  0.16132974E+000  0.77878839E+000
  0.63011695E+000  0.11301805E+000  0.16133888E+000  0.77881949E+000
  0.63014680E+000  0.11302183E+000  0.16134603E+000  0.77884982E+000
  0.63017450E+000  0.11302533E+000  0.16135399E+000  0.77887664E+000
  0.63020012E+000  0.11302855E+000  0.16136136E+000  0.77890145E+000
  0.63022373E+000  0.11303151E+000  0.16136818E+000  0.77892430E+000
  0.63024543E+000  0.11303423E+000  0.16137445E+000  0.77894530E+000
  0.63026530E+000  0.11303670E+000  0.16138020E+000  0.77896450E+000
  0.63028342E+000  0.11303894E+000  0.16138545E+000  0.77898201E+000
  0.63029989E+000  0.11304097E+000  0.16139024E+000  0.77899791E+000
  0.63031481E+000  0.11304279E+000  0.16139458E+000  0.77901230E+000
  0.63032826E+000  0.11304442E+000  0.16139850E+000  0.77902526E+000
  0.63034035E+000  0.11304587E+000  0.16140203E+000  0.77903689E+000
  0.63035116E+000  0.11304715E+000  0.16140518E+000  0.77904727E+000
  0.63036080E+000  0.11304828E+000  0.16140800E+000  0.77905651E+000
  0.63036935E+000  0.11304926E+000  0.16141050E+000  0.77906468E+000
  0.63037690E+000  0.11305010E+000  0.16141271E+000  0.77907187E+000
  0.63038353E+000  0.11305083E+000  0.16141465E+000  0.77907817E+000
  0.63038933E+000  0.11305144E+000  0.16141634E+000  0.77908366E+000
  0.63039438E+000  0.11305195E+000  0.16097663E+000  0.77952957E+000
  0.63039875E+000  0.11305237E+000  0.16097790E+000  0.77953365E+000
  0.63040250E+000  0.11305270E+000  0.16097897E+000  0.77953712E+000
  0.63040571E+000  0.11305297E+000  0.16097989E+000  0.77954005E+000
  0.63040843E+000  0.11305317E+000  0.16098065E+000  0.77954251E+000
  0.63041072E+000  0.11305330E+000  0.16098129E+000  0.77954453E+000
  0.63041263E+000  0.11305339E+000  0.16098180E+000  0.77954618E+000
  0.63041420E+000  0.11305344E+000  0.16098221E+000  0.77954749E+000
  0.63041549E+000  0.11305344E+000  0.16098254E+000  0.77954852E+000
  0.63041652E+000  0.11305341E+000  0.16098278E+000  0.77954929E+000
  0.63041733E+000  0.11305335E+000  0.16098295E+000  0.77954985E+000
  0.63041796E+000  0.11305327E+000  0.16098306E+000  0.77955021E+000
  0.63041842E+000  0.11305317E+000  0.16098312E+000  0.77955042E+000
  0.63041875E+000  0.11305305E+000  0.16098314E+000  0.77955049E+000
  0.63041896E+000  0.11305292E+000  0.16098311E+000  0.77955044E+000
  0.63041908E+000  0.11305278E+000  0.16098306E+000  0.77955029E+000
  0.63041912E+000  0.11305263E+000  0.16098298E+000  0.77955007E+000
  0.63041909E+000  0.11305248E+000  0.16098287E+000  0.77954978E+000
  0.63041900E+000  0.11305232E+000  0.16098275E+000  0.77954944E+000
  0.63041887E+000  0.11305217E+000  0.16098262E+000  0.77954906E+000
  0.63041871E+000  0.11305201E+000  0.16098247E+000  0.77954864E+000
  0.63041852E+000  0.11305185E+000  0.16098231E+000  0.77954820E+000
  0.63041831E+000  0.11305169E+000  0.16098215E+000  0.77954774E+000
  0.63041808E+000  0.11305154E+000  0.16098198E+000  0.77954727E+000
  0.63041785E+000  0.11305139E+000  0.16098181E+000  0.77954680E+000
  0.63041760E+000  0.11305124E+000  0.16098163E+000  0.77954632E+000
  0.63041735E+000  0.11305110E+000  0.16098146E+000  0.77954584E+000
  0.63041711E+000  0.11305097E+000  0.16098129E+000  0.77954537E+000
  0.63041686E+000  0.11305084E+000  0.16098112E+000  0.77954491E+000
  0.63041662E+000  0.11305072E+000  0.16098095E+000  0.77954445E+000
  0.63041638E+000  0.11305060E+000  0.16098079E+000  0.77954401E+000
  0.63041615E+000  0.11305049E+000  0.16098063E+000  0.77954358E+000
  0.63041592E+000  0.11305038E+000  0.16098048E+000  0.77954317E+000
  0.63041571E+000  0.11305028E+000  0.16098033E+000  0.77954277E+000
  0.63041550E+000  0.11305019E+000  0.16098019E+000  0.77954239E+000
  0.63041530E+000  0.11305010E+000  0.16098005E+000  0.77954203E+000
  0.63041512E+000  0.11305002E+000  0.16097992E+000  0.77954169E+000
  0.63041494E+000  0.11304994E+000  0.16097979E+000  0.77954136E+000
  0.63041478E+000  0.11304987E+000  0.16097968E+000  0.77954105E+000
  0.63041463E+000  0.11304980E+000  0.16097956E+000  0.77954077E+000
  0.63041450E+000  0.11304974E+000  0.16097946E+000  0.77954050E+000
  0.63041437E+000  0.11304969E+000  0.16097936E+000  0.77954025E+000
  0.63041426E+000  0.11304964E+000  0.16097927E+000  0.77954003E+000
  0.63041416E+000  0.11304959E+000  0.16097919E+000  0.77953982E+000
  0.63041408E+000  0.11304955E+000  0.16097911E+000  0.77953963E+000
  0.63041401E+000  0.11304952E+000  0.16097904E+000  0.77953946E+000
  0.63041395E+000  0.11304949E+000  0.16097897E+000  0.77953932E+000
  0.63041390E+000  0.11304946E+000  0.16097891E+000  0.77953919E+000
  0.63041387E+000  0.11304943E+000  0.16097886E+000  0.77953907E+000
  0.63041385E+000  0.11304941E+000  0.16097882E+000  0.77953898E+000
  0.63041384E+000  0.11304940E+000  0.16097878E+000  0.77953890E+000
  0.63041385E+000  0.11304938E+000  0.16097874E+000  0.77953885E+000
  0.63041387E+000  0.11304937E+000  0.16097871E+000  0.77953881E+000
  0.63041390E+000  0.11304936E+000  0.16097869E+000  0.77953878E+000
  0.63041394E+000  0.11304936E+000  0.16097868E+000  0.77953877E+000
  0.63041400E+000  0.11304936E+000  0.16097866E+000  0.77953878E+000
  0.63041406E+000  0.11304936E+000  0.16097866E+000  0.77953880E+000
  0.63041414E+000  0.11304936E+000  0.16097865E+000  0.77953883E+000
  0.63041422E+000  0.11304936E+000  0.16097866E+000  0.77953888E+000
  0.63041432E+000  0.11304937E+000  0.16097866E+000  0.77953894E+000
  0.63041442E+000  0.11304938E+000  0.16097867E+000  0.77953901E+000
  0.63041454E+000  0.11304938E+000  0.16097869E+000  0.77953909E+000
  0.63041466E+000  0.11304940E+000  0.16097871E+000  0.77953918E+000
  0.63041479E+000  0.11304941E+000  0.16097873E+000  0.77953928E+000
  0.63041492E+000  0.11304942E+000  0.16097875E+000  0.77953939E+000
  0.63041507E+000  0.11304944E+000  0.16097878E+000  0.77953951E+000
  0.63041521E+000  0.11304945E+000  0.16097881E+000  0.77953964E+000
  0.63041537E+000  0.11304947E+000  0.16097884E+000  0.77953977E+000
  0.63041553E+000  0.11304949E+000  0.16097888E+000  0.77953991E+000
  0.63041569E+000  0.11304950E+000  0.16097891E+000  0.77954006E+000
  0.63041586E+000  0.11304952E+000  0.16097895E+000  0.77954021E+000
  0.63041603E+000  0.11304954E+000  0.16097899E+000  0.77954037E+000
  0.63041621E+000  0.11304956E+000  0.16097903E+000  0.77954053E+000
  0.63041639E+000  0.11304958E+000  0.16097907E+000  0.77954069E+000
  0.63041657E+000  0.11304960E+000  0.16097912E+000  0.77954086E+000
  0.63041676E+000  0.11304962E+000  0.16097917E+000  0.77954104E+000
  0.63041695E+000  0.11304965E+000  0.16097921E+000  0.77954122E+000
  0.63041715E+000  0.11304967E+000  0.16097926E+000  0.77954141E+000
  0.63041736E+000  0.11304969E+000  0.16097932E+000  0.77954162E+000
  0.63041758E+000  0.11304972E+000  0.16097938E+000  0.77954184E+000
  0.63041782E+000  0.11304974E+000  0.16097944E+000  0.77954207E+000
  0.63041809E+000  0.11304977E+000  0.16097951E+000  0.77954234E+000
  0.63041839E+000  0.11304981E+000  0.16097959E+000  0.77954265E+000
  0.63041874E+000  0.11304984E+000  0.16097968E+000  0.77954302E+000
  0.63041917E+000  0.11304989E+000  0.16097980E+000  0.77954346E+000
  0.63041969E+000  0.11304995E+000  0.16097994E+000  0.77954399E+000
  0.63042030E+000  0.11305003E+000  0.16098011E+000  0.77954467E+000
  0.63042121E+000  0.11305015E+000  0.16098036E+000  0.77954536E+000
