 -0.51982404E-001  0.47365254E-002  0.44192679E+000  0.12893155E+001
 -0.52089749E-001  0.47198873E-002  0.44143816E+000  0.12863489E+001
 -0.52170012E-001  0.47114247E-002  0.44107529E+000  0.12841482E+001
 -0.52228661E-001  0.47067199E-002  0.44079056E+000  0.12824110E+001
 -0.52270163E-001  0.47043218E-002  0.44056202E+000  0.12810193E+001
 -0.52298217E-001  0.47034204E-002  0.44037763E+000  0.12799066E+001
 -0.52315833E-001  0.47034111E-002  0.44022922E+000  0.12790244E+001
 -0.52325437E-001  0.47038808E-002  0.44011069E+000  0.12783339E+001
 -0.52328976E-001  0.47045535E-002  0.44001712E+000  0.12778032E+001
 -0.52327996E-001  0.47052573E-002  0.43994438E+000  0.12774055E+001
 -0.52323722E-001  0.47058978E-002  0.43988896E+000  0.12771188E+001
 -0.52317118E-001  0.47064334E-002  0.43984788E+000  0.12769246E+001
 -0.52308934E-001  0.47068527E-002  0.43981863E+000  0.12768074E+001
 -0.52299752E-001  0.47071645E-002  0.43979913E+000  0.12767544E+001
 -0.52290017E-001  0.47073874E-002  0.43978763E+000  0.12767547E+001
 -0.52280066E-001  0.47075427E-002  0.43978271E+000  0.12767992E+001
 -0.52270151E-001  0.47076507E-002  0.43978321E+000  0.12768801E+001
 -0.52260455E-001  0.47077291E-002  0.43978821E+000  0.12769912E+001
 -0.52251108E-001  0.47077917E-002  0.43979697E+000  0.12771269E+001
 -0.52242197E-001  0.47078490E-002  0.43980887E+000  0.12772828E+001
 -0.52233776E-001  0.47079084E-002  0.43982344E+000  0.12774550E+001
 -0.52225876E-001  0.47079750E-002  0.43984028E+000  0.12776402E+001
 -0.52218505E-001  0.47080522E-002  0.43985911E+000  0.12778357E+001
 -0.52211659E-001  0.47081421E-002  0.43987968E+000  0.12780391E+001
 -0.52205320E-001  0.47082462E-002  0.43990180E+000  0.12782485E+001
 -0.52199466E-001  0.47083659E-002  0.43992535E+000  0.12784621E+001
 -0.52194066E-001  0.47085024E-002  0.43995020E+000  0.12786784E+001
 -0.52189085E-001  0.47086571E-002  0.43997629E+000  0.12788961E+001
 -0.52184487E-001  0.47088313E-002  0.44000352E+000  0.12791142E+001
 -0.52180234E-001  0.47090268E-002  0.44003186E+000  0.12793316E+001
 -0.52176289E-001  0.47092455E-002  0.44006124E+000  0.12795474E+001
 -0.52172613E-001  0.47094893E-002  0.44009160E+000  0.12797611E+001
 -0.52169170E-001  0.47097602E-002  0.44012288E+000  0.12799720E+001
 -0.52165926E-001  0.47100598E-002  0.44015501E+000  0.12801795E+001
 -0.52162847E-001  0.47103893E-002  0.44018790E+000  0.12803833E+001
 -0.52159903E-001  0.47107494E-002  0.44022145E+000  0.12805829E+001
 -0.52157067E-001  0.47111399E-002  0.44025556E+000  0.12807783E+001
 -0.52154312E-001  0.47115599E-002  0.44029010E+000  0.12809691E+001
 -0.52151617E-001  0.47120076E-002  0.44032494E+000  0.12811554E+001
 -0.52148961E-001  0.47124804E-002  0.44035995E+000  0.12813370E+001
 -0.52146327E-001  0.47129751E-002  0.44039498E+000  0.12815141E+001
 -0.52143700E-001  0.47134875E-002  0.44042990E+000  0.12816868E+001
 -0.52141068E-001  0.47140132E-002  0.44046459E+000  0.12818552E+001
 -0.52138421E-001  0.47145473E-002  0.44049891E+000  0.12820196E+001
 -0.52135749E-001  0.47150850E-002  0.44053277E+000  0.12821803E+001
 -0.52133048E-001  0.47156215E-002  0.44056610E+000  0.12823376E+001
 -0.52130310E-001  0.47161527E-002  0.44059882E+000  0.12824919E+001
 -0.52127533E-001  0.47166748E-002  0.44063092E+000  0.12826436E+001
 -0.52124713E-001  0.47171848E-002  0.44066237E+000  0.12827931E+001
 -0.52121848E-001  0.47176808E-002  0.44069321E+000  0.12829407E+001
 -0.52118936E-001  0.47181616E-002  0.44072345E+000  0.12830870E+001
 -0.52115975E-001  0.47186268E-002  0.44075317E+000  0.12832324E+001
 -0.52112967E-001  0.47190770E-002  0.44078243E+000  0.12833771E+001
 -0.52109909E-001  0.47195134E-002  0.44081131E+000  0.12835217E+001
 -0.52106802E-001  0.47199374E-002  0.44083990E+000  0.12836663E+001
 -0.52103647E-001  0.47203510E-002  0.44086827E+000  0.12838112E+001
 -0.52100446E-001  0.47207564E-002  0.44089651E+000  0.12839568E+001
 -0.52097199E-001  0.47211554E-002  0.44092470E+000  0.12841031E+001
 -0.52093908E-001  0.47215501E-002  0.44095288E+000  0.12842503E+001
 -0.52090578E-001  0.47219420E-002  0.44098111E+000  0.12843984E+001
 -0.52087210E-001  0.47223326E-002  0.44100942E+000  0.12845475E+001
 -0.52083809E-001  0.47227229E-002  0.44103784E+000  0.12846975E+001
 -0.52080380E-001  0.47231138E-002  0.44106636E+000  0.12848484E+001
 -0.52076927E-001  0.47235056E-002  0.44109499E+000  0.12850000E+001
 -0.52073457E-001  0.47238986E-002  0.44112370E+000  0.12851521E+001
 -0.52069976E-001  0.47242927E-002  0.44115248E+000  0.12853046E+001
 -0.52066490E-001  0.47246877E-002  0.44118127E+000  0.12854573E+001
 -0.52063005E-001  0.47250832E-002  0.44121005E+000  0.12856098E+001
 -0.52059530E-001  0.47254787E-002  0.44123877E+000  0.12857620E+001
 -0.52056071E-001  0.47258736E-002  0.44126736E+000  0.12859135E+001
 -0.52052636E-001  0.47262673E-002  0.44129578E+000  0.12860640E+001
 -0.52049231E-001  0.47266589E-002  0.44132398E+000  0.12862133E+001
 -0.52045864E-001  0.47270478E-002  0.44135188E+000  0.12863611E+001
 -0.52042543E-001  0.47274332E-002  0.44137944E+000  0.12865070E+001
 -0.52039274E-001  0.47278144E-002  0.44140660E+000  0.12866508E+001
 -0.52036064E-001  0.47281907E-002  0.44143331E+000  0.12867921E+001
 -0.52032920E-001  0.47285613E-002  0.44145950E+000  0.12869308E+001
 -0.52029847E-001  0.47289256E-002  0.44148513E+000  0.12870664E+001
 -0.52026851E-001  0.47292830E-002  0.44151015E+000  0.12871989E+001
 -0.52023938E-001  0.47296327E-002  0.44153451E+000  0.12873279E+001
 -0.52021113E-001  0.47299744E-002  0.44155817E+000  0.12874532E+001
 -0.52018379E-001  0.47303075E-002  0.44158110E+000  0.12875746E+001
 -0.52015742E-001  0.47306315E-002  0.44160326E+000  0.12876920E+001
 -0.52013204E-001  0.47309460E-002  0.44162462E+000  0.12878051E+001
 -0.52010768E-001  0.47312508E-002  0.44164515E+000  0.12879139E+001
 -0.52008437E-001  0.47315454E-002  0.44166484E+000  0.12880182E+001
 -0.52006213E-001  0.47318297E-002  0.44168366E+000  0.12881180E+001
 -0.52004096E-001  0.47321035E-002  0.44170162E+000  0.12882132E+001
 -0.52002089E-001  0.47323665E-002  0.44171869E+000  0.12883037E+001
 -0.52000190E-001  0.47326188E-002  0.44173487E+000  0.12883895E+001
 -0.51998399E-001  0.47328604E-002  0.44175018E+000  0.12884706E+001
 -0.51996716E-001  0.47330912E-002  0.44176462E+000  0.12885471E+001
 -0.51995140E-001  0.47333113E-002  0.44177819E+000  0.12886190E+001
 -0.51993668E-001  0.47335208E-002  0.44179092E+000  0.12886863E+001
 -0.51992299E-001  0.47337198E-002  0.44180281E+000  0.12887492E+001
 -0.51991029E-001  0.47339086E-002  0.44181389E+000  0.12888078E+001
 -0.51989857E-001  0.47340873E-002  0.44182419E+000  0.12888621E+001
 -0.51988779E-001  0.47342563E-002  0.44183372E+000  0.12889123E+001
 -0.51987791E-001  0.47344157E-002  0.44184253E+000  0.12889586E+001
 -0.51986889E-001  0.47345658E-002  0.44185063E+000  0.12890012E+001
 -0.51986070E-001  0.47347071E-002  0.44185807E+000  0.12890401E+001
 -0.51985330E-001  0.47348398E-002  0.44186487E+000  0.12890755E+001
 -0.51984664E-001  0.47349642E-002  0.44187108E+000  0.12891077E+001
 -0.51984069E-001  0.47350807E-002  0.44187672E+000  0.12891368E+001
 -0.51983539E-001  0.47351897E-002  0.44188184E+000  0.12891630E+001
 -0.51983071E-001  0.47352915E-002  0.44188646E+000  0.12891865E+001
 -0.51982660E-001  0.47353865E-002  0.44189062E+000  0.12892075E+001
 -0.51982302E-001  0.47354751E-002  0.44189436E+000  0.12892261E+001
 -0.51981992E-001  0.47355575E-002  0.44189770E+000  0.12892426E+001
 -0.51981728E-001  0.47356342E-002  0.44190069E+000  0.12892570E+001
 -0.51981505E-001  0.47357054E-002  0.44190335E+000  0.12892697E+001
 -0.51981319E-001  0.47357715E-002  0.44190572E+000  0.12892807E+001
 -0.51981166E-001  0.47358328E-002  0.44190781E+000  0.12892901E+001
 -0.51981044E-001  0.47358896E-002  0.44190966E+000  0.12892982E+001
 -0.51980949E-001  0.47359422E-002  0.44191129E+000  0.12893051E+001
 -0.51980879E-001  0.47359909E-002  0.44191273E+000  0.12893108E+001
 -0.51980830E-001  0.47360358E-002  0.44191399E+000  0.12893156E+001
 -0.51980799E-001  0.47360773E-002  0.44191509E+000  0.12893195E+001
 -0.51980785E-001  0.47361156E-002  0.44191606E+000  0.12893227E+001
 -0.51980786E-001  0.47361509E-002  0.44191691E+000  0.12893251E+001
 -0.51980799E-001  0.47361834E-002  0.44191765E+000  0.12893270E+001
 -0.51980822E-001  0.47362132E-002  0.44191830E+000  0.12893284E+001
 -0.51980854E-001  0.47362407E-002  0.44191887E+000  0.12893293E+001
 -0.51980894E-001  0.47362658E-002  0.44191937E+000  0.12893298E+001
 -0.51980939E-001  0.47362889E-002  0.44191981E+000  0.12893300E+001
 -0.51980990E-001  0.47363099E-002  0.44192019E+000  0.12893300E+001
 -0.51981044E-001  0.47363292E-002  0.44192053E+000  0.12893297E+001
 -0.51981101E-001  0.47363467E-002  0.44192083E+000  0.12893292E+001
 -0.51981161E-001  0.47363627E-002  0.44192109E+000  0.12893286E+001
 -0.51981222E-001  0.47363772E-002  0.44192133E+000  0.12893278E+001
 -0.51981284E-001  0.47363903E-002  0.44192153E+000  0.12893269E+001
 -0.51981346E-001  0.47364021E-002  0.44192172E+000  0.12893260E+001
 -0.51981408E-001  0.47364128E-002  0.44192188E+000  0.12893250E+001
 -0.51981470E-001  0.47364224E-002  0.44192203E+000  0.12893240E+001
 -0.51981530E-001  0.47364310E-002  0.44192217E+000  0.12893229E+001
 -0.51981590E-001  0.47364387E-002  0.44192228E+000  0.12893218E+001
 -0.51981648E-001  0.47364455E-002  0.44192239E+000  0.12893207E+001
 -0.51981705E-001  0.47364515E-002  0.44192249E+000  0.12893196E+001
 -0.51981760E-001  0.47364568E-002  0.44192258E+000  0.12893185E+001
 -0.51981814E-001  0.47364615E-002  0.44192266E+000  0.12893175E+001
 -0.51981866E-001  0.47364656E-002  0.44192273E+000  0.12893165E+001
 -0.51981915E-001  0.47364691E-002  0.44192280E+000  0.12893155E+001
 -0.51981963E-001  0.47364721E-002  0.44192285E+000  0.12893145E+001
 -0.51982009E-001  0.47364747E-002  0.44192291E+000  0.12893135E+001
 -0.51982052E-001  0.47364769E-002  0.44192296E+000  0.12893126E+001
 -0.51982094E-001  0.47364787E-002  0.44192301E+000  0.12893118E+001
 -0.51982133E-001  0.47364803E-002  0.44192305E+000  0.12893109E+001
 -0.51982171E-001  0.47364815E-002  0.44192309E+000  0.12893101E+001
 -0.51982206E-001  0.47364825E-002  0.44192312E+000  0.12893094E+001
 -0.51982240E-001  0.47364833E-002  0.44192316E+000  0.12893087E+001
 -0.51982271E-001  0.47364839E-002  0.44192319E+000  0.12893080E+001
 -0.51982301E-001  0.47364844E-002  0.44192322E+000  0.12893074E+001
 -0.51982329E-001  0.47364847E-002  0.44192325E+000  0.12893069E+001
 -0.51982355E-001  0.47364849E-002  0.44192328E+000  0.12893063E+001
 -0.51982379E-001  0.47364850E-002  0.44192331E+000  0.12893058E+001
 -0.51982401E-001  0.47364851E-002  0.44192334E+000  0.12893054E+001
 -0.51982422E-001  0.47364851E-002  0.44192337E+000  0.12893050E+001
 -0.51982441E-001  0.47364851E-002  0.44192340E+000  0.12893046E+001
 -0.51982459E-001  0.47364851E-002  0.44192343E+000  0.12893043E+001
 -0.51982475E-001  0.47364850E-002  0.44192347E+000  0.12893040E+001
 -0.51982489E-001  0.47364850E-002  0.44192350E+000  0.12893038E+001
 -0.51982502E-001  0.47364850E-002  0.44192354E+000  0.12893036E+001
 -0.51982514E-001  0.47364850E-002  0.44192357E+000  0.12893034E+001
 -0.51982525E-001  0.47364850E-002  0.44192361E+000  0.12893033E+001
 -0.51982534E-001  0.47364850E-002  0.44192365E+000  0.12893032E+001
 -0.51982542E-001  0.47364851E-002  0.44192370E+000  0.12893032E+001
 -0.51982549E-001  0.47364853E-002  0.44192374E+000  0.12893031E+001
 -0.51982555E-001  0.47364855E-002  0.44192379E+000  0.12893031E+001
 -0.51982560E-001  0.47364857E-002  0.44192384E+000  0.12893032E+001
 -0.51982563E-001  0.47364860E-002  0.44192389E+000  0.12893032E+001
 -0.51982566E-001  0.47364863E-002  0.44192394E+000  0.12893033E+001
 -0.51982569E-001  0.47364867E-002  0.44192399E+000  0.12893034E+001
 -0.51982570E-001  0.47364872E-002  0.44192405E+000  0.12893036E+001
 -0.51982571E-001  0.47364877E-002  0.44192411E+000  0.12893037E+001
 -0.51982570E-001  0.47364882E-002  0.44192417E+000  0.12893039E+001
 -0.51982570E-001  0.47364888E-002  0.44192423E+000  0.12893041E+001
 -0.51982568E-001  0.47364895E-002  0.44192430E+000  0.12893043E+001
 -0.51982567E-001  0.47364902E-002  0.44192436E+000  0.12893046E+001
 -0.51982564E-001  0.47364909E-002  0.44192443E+000  0.12893048E+001
 -0.51982561E-001  0.47364917E-002  0.44192450E+000  0.12893051E+001
 -0.51982558E-001  0.47364925E-002  0.44192456E+000  0.12893054E+001
 -0.51982554E-001  0.47364934E-002  0.44192463E+000  0.12893057E+001
 -0.51982550E-001  0.47364943E-002  0.44192471E+000  0.12893060E+001
 -0.51982546E-001  0.47364952E-002  0.44192478E+000  0.12893063E+001
 -0.51982542E-001  0.47364962E-002  0.44192485E+000  0.12893066E+001
 -0.51982537E-001  0.47364972E-002  0.44192492E+000  0.12893069E+001
 -0.51982531E-001  0.47364983E-002  0.44192500E+000  0.12893073E+001
 -0.51982526E-001  0.47364994E-002  0.44192507E+000  0.12893076E+001
 -0.51982520E-001  0.47365005E-002  0.44192515E+000  0.12893080E+001
 -0.51982514E-001  0.47365017E-002  0.44192523E+000  0.12893083E+001
 -0.51982507E-001  0.47365029E-002  0.44192532E+000  0.12893087E+001
 -0.51982500E-001  0.47365042E-002  0.44192540E+000  0.12893092E+001
 -0.51982492E-001  0.47365056E-002  0.44192550E+000  0.12893096E+001
 -0.51982482E-001  0.47365072E-002  0.44192560E+000  0.12893101E+001
 -0.51982471E-001  0.47365089E-002  0.44192572E+000  0.12893107E+001
 -0.51982457E-001  0.47365108E-002  0.44192585E+000  0.12893114E+001
 -0.51982439E-001  0.47365131E-002  0.44192601E+000  0.12893123E+001
 -0.51982416E-001  0.47365159E-002  0.44192621E+000  0.12893133E+001
 -0.51982384E-001  0.47365196E-002  0.44192647E+000  0.12893146E+001
 -0.51982334E-001  0.47365267E-002  0.44192689E+000  0.12893161E+001
