 -0.16986735E-001
 -0.17027433E-001
 -0.17057224E-001
 -0.17078559E-001
 -0.17093330E-001
 -0.17103033E-001
 -0.17108852E-001
 -0.17111727E-001
 -0.17112400E-001
 -0.17111454E-001
 -0.17109346E-001
 -0.17106434E-001
 -0.17102996E-001
 -0.17099245E-001
 -0.17095343E-001
 -0.17091410E-001
 -0.17087535E-001
 -0.17083782E-001
 -0.17080194E-001
 -0.17076801E-001
 -0.17073617E-001
 -0.17070651E-001
 -0.17067902E-001
 -0.17065367E-001
 -0.17063035E-001
 -0.17060897E-001
 -0.17058937E-001
 -0.17057143E-001
 -0.17055499E-001
 -0.17053989E-001
 -0.17052598E-001
 -0.17051311E-001
 -0.17050115E-001
 -0.17048994E-001
 -0.17047937E-001
 -0.17046932E-001
 -0.17045968E-001
 -0.17045035E-001
 -0.17044126E-001
 -0.17043231E-001
 -0.17042345E-001
 -0.17041462E-001
 -0.17040578E-001
 -0.17039689E-001
 -0.17038792E-001
 -0.17037884E-001
 -0.17036964E-001
 -0.17036030E-001
 -0.17035082E-001
 -0.17034118E-001
 -0.17033139E-001
 -0.17032144E-001
 -0.17031133E-001
 -0.17030107E-001
 -0.17029065E-001
 -0.17028008E-001
 -0.17026937E-001
 -0.17025851E-001
 -0.17024752E-001
 -0.17023641E-001
 -0.17022518E-001
 -0.17021385E-001
 -0.17020243E-001
 -0.17019094E-001
 -0.17017940E-001
 -0.17016782E-001
 -0.17015623E-001
 -0.17014465E-001
 -0.17013309E-001
 -0.17012159E-001
 -0.17011016E-001
 -0.17009884E-001
 -0.17008764E-001
 -0.17007658E-001
 -0.17006569E-001
 -0.17005500E-001
 -0.17004452E-001
 -0.17003427E-001
 -0.17002428E-001
 -0.17001455E-001
 -0.17000512E-001
 -0.16999598E-001
 -0.16998716E-001
 -0.16997866E-001
 -0.16997049E-001
 -0.16996268E-001
 -0.16995521E-001
 -0.16994809E-001
 -0.16994133E-001
 -0.16993492E-001
 -0.16992887E-001
 -0.16992318E-001
 -0.16991783E-001
 -0.16991282E-001
 -0.16990815E-001
 -0.16990380E-001
 -0.16989978E-001
 -0.16989605E-001
 -0.16989263E-001
 -0.16988948E-001
 -0.16988661E-001
 -0.16988399E-001
 -0.16988162E-001
 -0.16987947E-001
 -0.16987754E-001
 -0.16987581E-001
 -0.16987427E-001
 -0.16987290E-001
 -0.16987169E-001
 -0.16987062E-001
 -0.16986970E-001
 -0.16986889E-001
 -0.16986819E-001
 -0.16986760E-001
 -0.16986710E-001
 -0.16986667E-001
 -0.16986632E-001
 -0.16986604E-001
 -0.16986581E-001
 -0.16986563E-001
 -0.16986550E-001
 -0.16986540E-001
 -0.16986534E-001
 -0.16986530E-001
 -0.16986529E-001
 -0.16986530E-001
 -0.16986533E-001
 -0.16986537E-001
 -0.16986543E-001
 -0.16986550E-001
 -0.16986557E-001
 -0.16986565E-001
 -0.16986574E-001
 -0.16986583E-001
 -0.16986592E-001
 -0.16986602E-001
 -0.16986612E-001
 -0.16986621E-001
 -0.16986631E-001
 -0.16986641E-001
 -0.16986650E-001
 -0.16986659E-001
 -0.16986669E-001
 -0.16986678E-001
 -0.16986686E-001
 -0.16986695E-001
 -0.16986703E-001
 -0.16986711E-001
 -0.16986718E-001
 -0.16986725E-001
 -0.16986732E-001
 -0.16986739E-001
 -0.16986745E-001
 -0.16986751E-001
 -0.16986756E-001
 -0.16986761E-001
 -0.16986766E-001
 -0.16986771E-001
 -0.16986775E-001
 -0.16986779E-001
 -0.16986782E-001
 -0.16986785E-001
 -0.16986788E-001
 -0.16986790E-001
 -0.16986792E-001
 -0.16986794E-001
 -0.16986796E-001
 -0.16986797E-001
 -0.16986798E-001
 -0.16986799E-001
 -0.16986799E-001
 -0.16986800E-001
 -0.16986800E-001
 -0.16986799E-001
 -0.16986799E-001
 -0.16986798E-001
 -0.16986798E-001
 -0.16986797E-001
 -0.16986796E-001
 -0.16986795E-001
 -0.16986793E-001
 -0.16986792E-001
 -0.16986790E-001
 -0.16986789E-001
 -0.16986787E-001
 -0.16986785E-001
 -0.16986783E-001
 -0.16986781E-001
 -0.16986779E-001
 -0.16986777E-001
 -0.16986774E-001
 -0.16986772E-001
 -0.16986769E-001
 -0.16986765E-001
 -0.16986761E-001
 -0.16986757E-001
 -0.16986751E-001
 -0.16986743E-001
 -0.16986732E-001
 -0.16986715E-001
