  0.43798579E+000
  0.43713169E+000
  0.43649840E+000
  0.43599842E+000
  0.43559715E+000
  0.43527536E+000
  0.43501911E+000
  0.43481746E+000
  0.43466133E+000
  0.43454319E+000
  0.43445678E+000
  0.43439684E+000
  0.43435895E+000
  0.43433945E+000
  0.43433523E+000
  0.43434371E+000
  0.43436271E+000
  0.43439041E+000
  0.43442530E+000
  0.43446609E+000
  0.43451171E+000
  0.43456125E+000
  0.43461395E+000
  0.43466915E+000
  0.43472631E+000
  0.43478495E+000
  0.43484466E+000
  0.43490510E+000
  0.43496597E+000
  0.43502700E+000
  0.43508797E+000
  0.43514867E+000
  0.43520894E+000
  0.43526861E+000
  0.43532757E+000
  0.43538570E+000
  0.43544291E+000
  0.43549912E+000
  0.43555427E+000
  0.43560832E+000
  0.43566125E+000
  0.43571305E+000
  0.43576373E+000
  0.43581332E+000
  0.43586186E+000
  0.43590942E+000
  0.43595607E+000
  0.43600191E+000
  0.43604702E+000
  0.43609152E+000
  0.43613553E+000
  0.43617915E+000
  0.43622251E+000
  0.43626571E+000
  0.43630885E+000
  0.43635202E+000
  0.43639530E+000
  0.43643875E+000
  0.43648242E+000
  0.43652633E+000
  0.43657050E+000
  0.43661492E+000
  0.43665958E+000
  0.43670445E+000
  0.43674947E+000
  0.43679460E+000
  0.43683977E+000
  0.43688491E+000
  0.43692994E+000
  0.43697478E+000
  0.43701933E+000
  0.43706352E+000
  0.43710726E+000
  0.43715045E+000
  0.43719301E+000
  0.43723485E+000
  0.43727589E+000
  0.43731605E+000
  0.43735525E+000
  0.43739343E+000
  0.43743052E+000
  0.43746646E+000
  0.43750120E+000
  0.43753469E+000
  0.43756690E+000
  0.43759778E+000
  0.43762731E+000
  0.43765547E+000
  0.43768225E+000
  0.43770764E+000
  0.43773166E+000
  0.43775429E+000
  0.43777557E+000
  0.43779551E+000
  0.43781414E+000
  0.43783147E+000
  0.43784757E+000
  0.43786245E+000
  0.43787617E+000
  0.43788878E+000
  0.43790031E+000
  0.43791083E+000
  0.43792039E+000
  0.43792904E+000
  0.43793684E+000
  0.43794384E+000
  0.43795010E+000
  0.43795566E+000
  0.43796059E+000
  0.43796493E+000
  0.43796874E+000
  0.43797206E+000
  0.43797493E+000
  0.43797740E+000
  0.43797951E+000
  0.43798130E+000
  0.43798280E+000
  0.43798404E+000
  0.43798506E+000
  0.43798588E+000
  0.43798652E+000
  0.43798702E+000
  0.43798738E+000
  0.43798763E+000
  0.43798779E+000
  0.43798786E+000
  0.43798787E+000
  0.43798782E+000
  0.43798772E+000
  0.43798758E+000
  0.43798741E+000
  0.43798722E+000
  0.43798701E+000
  0.43798678E+000
  0.43798654E+000
  0.43798630E+000
  0.43798605E+000
  0.43798580E+000
  0.43798555E+000
  0.43798530E+000
  0.43798506E+000
  0.43798482E+000
  0.43798459E+000
  0.43798437E+000
  0.43798415E+000
  0.43798394E+000
  0.43798375E+000
  0.43798356E+000
  0.43798338E+000
  0.43798321E+000
  0.43798305E+000
  0.43798291E+000
  0.43798277E+000
  0.43798265E+000
  0.43798253E+000
  0.43798243E+000
  0.43798233E+000
  0.43798225E+000
  0.43798218E+000
  0.43798212E+000
  0.43798207E+000
  0.43798203E+000
  0.43798199E+000
  0.43798197E+000
  0.43798196E+000
  0.43798195E+000
  0.43798196E+000
  0.43798197E+000
  0.43798199E+000
  0.43798202E+000
  0.43798205E+000
  0.43798210E+000
  0.43798215E+000
  0.43798220E+000
  0.43798226E+000
  0.43798233E+000
  0.43798240E+000
  0.43798247E+000
  0.43798255E+000
  0.43798263E+000
  0.43798272E+000
  0.43798281E+000
  0.43798290E+000
  0.43798300E+000
  0.43798309E+000
  0.43798320E+000
  0.43798330E+000
  0.43798340E+000
  0.43798351E+000
  0.43798363E+000
  0.43798375E+000
  0.43798387E+000
  0.43798401E+000
  0.43798417E+000
  0.43798435E+000
  0.43798455E+000
  0.43798481E+000
  0.43798511E+000
  0.43798549E+000
  0.43798596E+000
