  0.12934640E+001
  0.12930094E+001
  0.12928116E+001
  0.12926778E+001
  0.12925734E+001
  0.12924889E+001
  0.12924199E+001
  0.12923634E+001
  0.12923173E+001
  0.12922797E+001
  0.12922493E+001
  0.12922248E+001
  0.12922053E+001
  0.12921899E+001
  0.12921779E+001
  0.12921688E+001
  0.12921621E+001
  0.12921574E+001
  0.12921543E+001
  0.12921526E+001
  0.12921520E+001
  0.12921524E+001
  0.12921535E+001
  0.12921553E+001
  0.12921575E+001
  0.12921602E+001
  0.12921632E+001
  0.12921665E+001
  0.12921700E+001
  0.12921736E+001
  0.12921773E+001
  0.12921811E+001
  0.12921849E+001
  0.12921887E+001
  0.12921925E+001
  0.12921963E+001
  0.12922000E+001
  0.12922036E+001
  0.12922071E+001
  0.12922105E+001
  0.12922138E+001
  0.12922170E+001
  0.12922201E+001
  0.12922230E+001
  0.12922258E+001
  0.12922284E+001
  0.12922310E+001
  0.12922333E+001
  0.12922356E+001
  0.12922378E+001
  0.12922398E+001
  0.12922418E+001
  0.12922436E+001
  0.12922454E+001
  0.12922471E+001
  0.12922488E+001
  0.12922505E+001
  0.12922521E+001
  0.12922537E+001
  0.12922553E+001
  0.12922569E+001
  0.12922586E+001
  0.12922602E+001
  0.12922618E+001
  0.12922635E+001
  0.12922652E+001
  0.12922669E+001
  0.12922687E+001
  0.12922704E+001
  0.12922722E+001
  0.12922740E+001
  0.12922758E+001
  0.12922776E+001
  0.12922794E+001
  0.12922812E+001
  0.12922830E+001
  0.12922847E+001
  0.12922865E+001
  0.12922883E+001
  0.12922900E+001
  0.12922917E+001
  0.12922933E+001
  0.12922950E+001
  0.12922966E+001
  0.12922981E+001
  0.12922996E+001
  0.12923011E+001
  0.12923025E+001
  0.12923038E+001
  0.12923051E+001
  0.12923064E+001
  0.12923076E+001
  0.12923087E+001
  0.12923098E+001
  0.12923108E+001
  0.12923118E+001
  0.12923127E+001
  0.12923135E+001
  0.12923143E+001
  0.12923151E+001
  0.12923158E+001
  0.12923164E+001
  0.12923170E+001
  0.12923175E+001
  0.12923180E+001
  0.12923185E+001
  0.12923189E+001
  0.12923193E+001
  0.12923196E+001
  0.12923199E+001
  0.12923202E+001
  0.12923204E+001
  0.12923206E+001
  0.12923208E+001
  0.12923210E+001
  0.12923212E+001
  0.12923213E+001
  0.12923214E+001
  0.12923215E+001
  0.12923216E+001
  0.12923216E+001
  0.12923217E+001
  0.12923217E+001
  0.12923218E+001
  0.12923218E+001
  0.12923218E+001
  0.12923218E+001
  0.12923218E+001
  0.12923218E+001
  0.12923218E+001
  0.12923218E+001
  0.12923218E+001
  0.12923218E+001
  0.12923218E+001
  0.12923218E+001
  0.12923218E+001
  0.12923218E+001
  0.12923218E+001
  0.12923217E+001
  0.12923217E+001
  0.12923217E+001
  0.12923217E+001
  0.12923217E+001
  0.12923217E+001
  0.12923217E+001
  0.12923216E+001
  0.12923216E+001
  0.12923216E+001
  0.12923216E+001
  0.12923216E+001
  0.12923216E+001
  0.12923216E+001
  0.12923216E+001
  0.12923216E+001
  0.12923216E+001
  0.12923216E+001
  0.12923216E+001
  0.12923216E+001
  0.12923216E+001
  0.12923216E+001
  0.12923216E+001
  0.12923216E+001
  0.12923216E+001
  0.12923216E+001
  0.12923216E+001
  0.12923216E+001
  0.12923216E+001
  0.12923216E+001
  0.12923216E+001
  0.12923216E+001
  0.12923216E+001
  0.12923216E+001
  0.12923217E+001
  0.12923217E+001
  0.12923217E+001
  0.12923217E+001
  0.12923217E+001
  0.12923217E+001
  0.12923217E+001
  0.12923217E+001
  0.12923217E+001
  0.12923217E+001
  0.12923217E+001
  0.12923217E+001
  0.12923217E+001
  0.12923217E+001
  0.12923217E+001
  0.12923217E+001
  0.12923217E+001
  0.12923217E+001
  0.12923217E+001
  0.12923217E+001
  0.12923217E+001
  0.12923217E+001
  0.12923217E+001
  0.12923217E+001
  0.12923217E+001
  0.12923217E+001
  0.12923217E+001
  0.12923218E+001
