  0.73621954E+000
  0.73608561E+000
  0.73582788E+000
  0.73561283E+000
  0.73545514E+000
  0.73534145E+000
  0.73525800E+000
  0.73519470E+000
  0.73514467E+000
  0.73510340E+000
  0.73506814E+000
  0.73503693E+000
  0.73500874E+000
  0.73498302E+000
  0.73495945E+000
  0.73493788E+000
  0.73491822E+000
  0.73490044E+000
  0.73488449E+000
  0.73487032E+000
  0.73485787E+000
  0.73484708E+000
  0.73483784E+000
  0.73483006E+000
  0.73482362E+000
  0.73481841E+000
  0.73481429E+000
  0.73481114E+000
  0.73480875E+000
  0.73480698E+000
  0.73480574E+000
  0.73480495E+000
  0.73480454E+000
  0.73480442E+000
  0.73480452E+000
  0.73480477E+000
  0.73480513E+000
  0.73480553E+000
  0.73480596E+000
  0.73480637E+000
  0.73480674E+000
  0.73480708E+000
  0.73480738E+000
  0.73480763E+000
  0.73480785E+000
  0.73480805E+000
  0.73480824E+000
  0.73480844E+000
  0.73480867E+000
  0.73480894E+000
  0.73480927E+000
  0.73480967E+000
  0.73481015E+000
  0.73481073E+000
  0.73481141E+000
  0.73481219E+000
  0.73481307E+000
  0.73481406E+000
  0.73481514E+000
  0.73481632E+000
  0.73481758E+000
  0.73481893E+000
  0.73482035E+000
  0.73482183E+000
  0.73482336E+000
  0.73482495E+000
  0.73482657E+000
  0.73482822E+000
  0.73482990E+000
  0.73483159E+000
  0.73483330E+000
  0.73483500E+000
  0.73483670E+000
  0.73483840E+000
  0.73484007E+000
  0.73484173E+000
  0.73484337E+000
  0.73484498E+000
  0.73484655E+000
  0.73484809E+000
  0.73484959E+000
  0.73485105E+000
  0.73485247E+000
  0.73485384E+000
  0.73485516E+000
  0.73485643E+000
  0.73485765E+000
  0.73485882E+000
  0.73485994E+000
  0.73486100E+000
  0.73486201E+000
  0.73486296E+000
  0.73486387E+000
  0.73486472E+000
  0.73486552E+000
  0.73486627E+000
  0.73486697E+000
  0.73486762E+000
  0.73486822E+000
  0.73486878E+000
  0.73486930E+000
  0.73486977E+000
  0.73487020E+000
  0.73487060E+000
  0.73487095E+000
  0.73487128E+000
  0.73487157E+000
  0.73487183E+000
  0.73487206E+000
  0.73487226E+000
  0.73487244E+000
  0.73487260E+000
  0.73487273E+000
  0.73487285E+000
  0.73487294E+000
  0.73487302E+000
  0.73487309E+000
  0.73487314E+000
  0.73487318E+000
  0.73487321E+000
  0.73487322E+000
  0.73487323E+000
  0.73487323E+000
  0.73487322E+000
  0.73487321E+000
  0.73487319E+000
  0.73487316E+000
  0.73487313E+000
  0.73487310E+000
  0.73487307E+000
  0.73487303E+000
  0.73487299E+000
  0.73487295E+000
  0.73487290E+000
  0.73487286E+000
  0.73487281E+000
  0.73487277E+000
  0.73487272E+000
  0.73487268E+000
  0.73487264E+000
  0.73487259E+000
  0.73487255E+000
  0.73487251E+000
  0.73487246E+000
  0.73487242E+000
  0.73487239E+000
  0.73487235E+000
  0.73487231E+000
  0.73487227E+000
  0.73487224E+000
  0.73487221E+000
  0.73487218E+000
  0.73487215E+000
  0.73487212E+000
  0.73487209E+000
  0.73487207E+000
  0.73487204E+000
  0.73487202E+000
  0.73487200E+000
  0.73487198E+000
  0.73487196E+000
  0.73487194E+000
  0.73487192E+000
  0.73487191E+000
  0.73487189E+000
  0.73487188E+000
  0.73487187E+000
  0.73487186E+000
  0.73487185E+000
  0.73487184E+000
  0.73487183E+000
  0.73487182E+000
  0.73487182E+000
  0.73487181E+000
  0.73487180E+000
  0.73487180E+000
  0.73487179E+000
  0.73487179E+000
  0.73487179E+000
  0.73487179E+000
  0.73487178E+000
  0.73487178E+000
  0.73487178E+000
  0.73487178E+000
  0.73487178E+000
  0.73487178E+000
  0.73487178E+000
  0.73487178E+000
  0.73487178E+000
  0.73487178E+000
  0.73487178E+000
  0.73487178E+000
  0.73487178E+000
  0.73487178E+000
  0.73487179E+000
  0.73487179E+000
  0.73487179E+000
  0.73487179E+000
  0.73487178E+000
  0.73487193E+000
