  0.30479220E+001
  0.31303898E+001
  0.31285181E+001
  0.31190568E+001
  0.31100968E+001
  0.31023222E+001
  0.30957024E+001
  0.30900906E+001
  0.30853421E+001
  0.30813046E+001
  0.30778666E+001
  0.30749358E+001
  0.30724347E+001
  0.30703335E+001
  0.30685454E+001
  0.30670152E+001
  0.30657040E+001
  0.30645792E+001
  0.30636128E+001
  0.30627813E+001
  0.30620644E+001
  0.30614447E+001
  0.30609076E+001
  0.30604402E+001
  0.30600315E+001
  0.30596722E+001
  0.30593541E+001
  0.30590700E+001
  0.30588138E+001
  0.30585802E+001
  0.30583647E+001
  0.30581635E+001
  0.30579734E+001
  0.30577913E+001
  0.30576147E+001
  0.30574415E+001
  0.30572700E+001
  0.30570989E+001
  0.30569270E+001
  0.30567535E+001
  0.30565777E+001
  0.30563991E+001
  0.30562175E+001
  0.30560328E+001
  0.30558447E+001
  0.30556533E+001
  0.30554588E+001
  0.30552610E+001
  0.30550602E+001
  0.30548564E+001
  0.30546496E+001
  0.30544401E+001
  0.30542278E+001
  0.30540129E+001
  0.30537952E+001
  0.30535750E+001
  0.30533523E+001
  0.30531271E+001
  0.30528997E+001
  0.30526700E+001
  0.30524385E+001
  0.30522052E+001
  0.30519704E+001
  0.30517346E+001
  0.30514979E+001
  0.30512610E+001
  0.30510240E+001
  0.30507875E+001
  0.30505520E+001
  0.30503179E+001
  0.30500857E+001
  0.30498558E+001
  0.30496288E+001
  0.30494051E+001
  0.30491851E+001
  0.30489694E+001
  0.30487583E+001
  0.30485523E+001
  0.30483516E+001
  0.30481567E+001
  0.30479679E+001
  0.30477855E+001
  0.30476096E+001
  0.30474406E+001
  0.30472785E+001
  0.30471237E+001
  0.30469761E+001
  0.30468358E+001
  0.30467029E+001
  0.30465773E+001
  0.30464590E+001
  0.30463480E+001
  0.30462440E+001
  0.30461471E+001
  0.30460569E+001
  0.30459735E+001
  0.30458964E+001
  0.30458256E+001
  0.30457607E+001
  0.30457014E+001
  0.30456476E+001
  0.30455989E+001
  0.30455550E+001
  0.30455157E+001
  0.30454806E+001
  0.30454495E+001
  0.30454221E+001
  0.30453980E+001
  0.30453771E+001
  0.30453590E+001
  0.30453434E+001
  0.30453303E+001
  0.30453192E+001
  0.30453101E+001
  0.30453026E+001
  0.30452967E+001
  0.30452921E+001
  0.30452887E+001
  0.30452863E+001
  0.30452848E+001
  0.30452841E+001
  0.30452841E+001
  0.30452846E+001
  0.30452855E+001
  0.30452869E+001
  0.30452886E+001
  0.30452906E+001
  0.30452928E+001
  0.30452951E+001
  0.30452976E+001
  0.30453002E+001
  0.30453028E+001
  0.30453055E+001
  0.30453082E+001
  0.30453109E+001
  0.30453136E+001
  0.30453162E+001
  0.30453188E+001
  0.30453214E+001
  0.30453239E+001
  0.30453263E+001
  0.30453286E+001
  0.30453309E+001
  0.30453331E+001
  0.30453352E+001
  0.30453372E+001
  0.30453392E+001
  0.30453411E+001
  0.30453428E+001
  0.30453445E+001
  0.30453461E+001
  0.30453476E+001
  0.30453490E+001
  0.30453504E+001
  0.30453516E+001
  0.30453528E+001
  0.30453539E+001
  0.30453549E+001
  0.30453558E+001
  0.30453566E+001
  0.30453574E+001
  0.30453581E+001
  0.30453587E+001
  0.30453593E+001
  0.30453598E+001
  0.30453602E+001
  0.30453606E+001
  0.30453609E+001
  0.30453611E+001
  0.30453613E+001
  0.30453614E+001
  0.30453615E+001
  0.30453616E+001
  0.30453615E+001
  0.30453615E+001
  0.30453614E+001
  0.30453613E+001
  0.30453611E+001
  0.30453609E+001
  0.30453607E+001
  0.30453605E+001
  0.30453602E+001
  0.30453599E+001
  0.30453596E+001
  0.30453592E+001
  0.30453589E+001
  0.30453585E+001
  0.30453581E+001
  0.30453576E+001
  0.30453572E+001
  0.30453567E+001
  0.30453561E+001
  0.30453555E+001
  0.30453548E+001
  0.30453540E+001
  0.30453530E+001
  0.30453517E+001
  0.30453500E+001
  0.30453477E+001
  0.30453432E+001
