  0.69872018E+000  0.89116673E+000  0.10018734E+001  0.25820958E+001
  0.69823496E+000  0.89096942E+000  0.10016964E+001  0.25804228E+001
  0.69799187E+000  0.89086553E+000  0.10016856E+001  0.25807038E+001
  0.69754600E+000  0.89104404E+000  0.10015230E+001  0.25796336E+001
  0.69721294E+000  0.89118114E+000  0.10016114E+001  0.25802883E+001
  0.69682834E+000  0.89136652E+000  0.10016073E+001  0.25801538E+001
  0.69668468E+000  0.89131534E+000  0.10016331E+001  0.25800467E+001
  0.69655309E+000  0.89128240E+000  0.10015655E+001  0.25800529E+001
  0.69639140E+000  0.89134838E+000  0.10014943E+001  0.25800354E+001
  0.69627379E+000  0.89119715E+000  0.10016668E+001  0.25799816E+001
  0.69579847E+000  0.89150902E+000  0.10017523E+001  0.25799378E+001
  0.69575256E+000  0.89149950E+000  0.10017445E+001  0.25799031E+001
  0.69557130E+000  0.89163831E+000  0.10017289E+001  0.25798830E+001
  0.69530978E+000  0.89186578E+000  0.10017221E+001  0.25798622E+001
  0.69528595E+000  0.89165639E+000  0.10019253E+001  0.25798443E+001
  0.69515748E+000  0.89176066E+000  0.10018603E+001  0.25798972E+001
  0.69497453E+000  0.89192784E+000  0.10018582E+001  0.25798883E+001
  0.69492638E+000  0.89196420E+000  0.10018573E+001  0.25798820E+001
  0.69490580E+000  0.89197729E+000  0.10018566E+001  0.25798779E+001
  0.69490384E+000  0.89197433E+000  0.10018571E+001  0.25798755E+001
  0.69489388E+000  0.89198270E+000  0.10018573E+001  0.25798745E+001
  0.69468009E+000  0.89219718E+000  0.10018579E+001  0.25798747E+001
  0.69468432E+000  0.89219538E+000  0.10018513E+001  0.25798834E+001
  0.69469002E+000  0.89219392E+000  0.10018524E+001  0.25798851E+001
  0.69469696E+000  0.89219259E+000  0.10018536E+001  0.25798873E+001
  0.69470493E+000  0.89219125E+000  0.10018551E+001  0.25798900E+001
  0.69471375E+000  0.89219013E+000  0.10018565E+001  0.25798929E+001
  0.69472262E+000  0.89218976E+000  0.10018580E+001  0.25798960E+001
  0.68852660E+000  0.88678360E+000  0.10018596E+001  0.25798992E+001
  0.69474309E+000  0.89218802E+000  0.10018611E+001  0.25799025E+001
  0.69475390E+000  0.89218722E+000  0.10018627E+001  0.25799058E+001
  0.69476493E+000  0.89218648E+000  0.10018643E+001  0.25799090E+001
  0.69477607E+000  0.89218414E+000  0.10018676E+001  0.25799122E+001
  0.69478725E+000  0.89218354E+000  0.10018692E+001  0.25799153E+001
  0.69479763E+000  0.89218377E+000  0.10018708E+001  0.25799183E+001
  0.69480865E+000  0.89218307E+000  0.10018726E+001  0.25799212E+001
  0.69481953E+000  0.89218266E+000  0.10018740E+001  0.25799241E+001
  0.69483021E+000  0.89218231E+000  0.10018751E+001  0.25799271E+001
  0.69484063E+000  0.89218202E+000  0.10018766E+001  0.25799295E+001
  0.69485076E+000  0.89218175E+000  0.10018781E+001  0.25799319E+001
  0.69486057E+000  0.89218157E+000  0.10018795E+001  0.25799340E+001
  0.69487003E+000  0.89218143E+000  0.10018809E+001  0.25799361E+001
  0.69487860E+000  0.89218185E+000  0.10018822E+001  0.25799379E+001
  0.69488735E+000  0.89218176E+000  0.10018835E+001  0.25799397E+001
  0.69489574E+000  0.89218169E+000  0.10018848E+001  0.25799413E+001
  0.69490377E+000  0.89218163E+000  0.10018860E+001  0.25799427E+001
  0.69491145E+000  0.89218157E+000  0.10018872E+001  0.25799440E+001
  0.69491881E+000  0.89218046E+000  0.10018893E+001  0.25799451E+001
  0.69492588E+000  0.89218037E+000  0.10018904E+001  0.25799462E+001
  0.69493267E+000  0.89218026E+000  0.10018914E+001  0.25799471E+001
  0.69493923E+000  0.89218013E+000  0.10018924E+001  0.25799478E+001
  0.69494558E+000  0.89217996E+000  0.10018933E+001  0.25799485E+001
  0.69495176E+000  0.89217976E+000  0.10018942E+001  0.25799491E+001
  0.69495779E+000  0.89217952E+000  0.10018951E+001  0.25799496E+001
  0.69496372E+000  0.89217926E+000  0.10018959E+001  0.25799500E+001
  0.69496957E+000  0.89217896E+000  0.10018968E+001  0.25799503E+001
  0.69497537E+000  0.89217862E+000  0.10018976E+001  0.25799506E+001
  0.69498114E+000  0.89217827E+000  0.10018984E+001  0.25799509E+001
  0.69498691E+000  0.89217788E+000  0.10018993E+001  0.25799511E+001
  0.69499268E+000  0.89217748E+000  0.10019001E+001  0.25799513E+001
  0.69474318E+000  0.89243235E+000  0.10019009E+001  0.25799516E+001
  0.69474899E+000  0.89243192E+000  0.10019018E+001  0.25799518E+001
  0.69475484E+000  0.89243149E+000  0.10019014E+001  0.25799533E+001
  0.69476073E+000  0.89243104E+000  0.10019023E+001  0.25799536E+001
  0.69476654E+000  0.89242418E+000  0.10019097E+001  0.25799540E+001
  0.69477248E+000  0.89242373E+000  0.10019106E+001  0.25799543E+001
  0.69477798E+000  0.89242376E+000  0.10019116E+001  0.25799547E+001
  0.69478397E+000  0.89242331E+000  0.10019125E+001  0.25799552E+001
  0.69478996E+000  0.89242287E+000  0.10019135E+001  0.25799557E+001
  0.69479593E+000  0.89242246E+000  0.10019145E+001  0.25799562E+001
  0.69480191E+000  0.89237803E+000  0.10019595E+001  0.25799568E+001
  0.69480786E+000  0.89237760E+000  0.10019605E+001  0.25799574E+001
  0.69481378E+000  0.89237719E+000  0.10019616E+001  0.25799581E+001
  0.69481964E+000  0.89237679E+000  0.10019626E+001  0.25799587E+001
  0.69482544E+000  0.89237640E+000  0.10019637E+001  0.25799595E+001
  0.69483117E+000  0.89237602E+000  0.10019648E+001  0.25799602E+001
  0.69483680E+000  0.89237566E+000  0.10019659E+001  0.25799610E+001
  0.69484234E+000  0.89237531E+000  0.10019584E+001  0.25799703E+001
  0.69484777E+000  0.89237498E+000  0.10019595E+001  0.25799711E+001
  0.69485307E+000  0.89237467E+000  0.10019605E+001  0.25799720E+001
  0.69485825E+000  0.89237437E+000  0.10019616E+001  0.25799728E+001
  0.69486329E+000  0.89237408E+000  0.10019627E+001  0.25799736E+001
  0.69486817E+000  0.89237379E+000  0.10019638E+001  0.25799745E+001
  0.69487291E+000  0.89237354E+000  0.10019648E+001  0.25799753E+001
  0.69487748E+000  0.89237329E+000  0.10019659E+001  0.25799761E+001
  0.69488188E+000  0.89237307E+000  0.10019669E+001  0.25799770E+001
  0.69488610E+000  0.89237285E+000  0.10019679E+001  0.25799778E+001
  0.69489015E+000  0.89237265E+000  0.10019689E+001  0.25799786E+001
  0.69489401E+000  0.89237247E+000  0.10019698E+001  0.25799793E+001
  0.69489769E+000  0.89237230E+000  0.10019708E+001  0.25799801E+001
  0.69490119E+000  0.89237215E+000  0.10019717E+001  0.25799808E+001
  0.69490450E+000  0.89237200E+000  0.10019726E+001  0.25799815E+001
  0.69490763E+000  0.89237187E+000  0.10019734E+001  0.25799822E+001
  0.69491057E+000  0.89237175E+000  0.10019743E+001  0.25799829E+001
  0.69491333E+000  0.89237165E+000  0.10019751E+001  0.25799835E+001
  0.69491592E+000  0.89237155E+000  0.10019757E+001  0.25799842E+001
  0.69491833E+000  0.89237146E+000  0.10019765E+001  0.25799847E+001
  0.69492058E+000  0.89237139E+000  0.10019772E+001  0.25799853E+001
  0.69492266E+000  0.89237132E+000  0.10019778E+001  0.25799858E+001
  0.69492459E+000  0.89237126E+000  0.10019785E+001  0.25799862E+001
  0.69492636E+000  0.89237120E+000  0.10019791E+001  0.25799867E+001
  0.69492799E+000  0.89237116E+000  0.10019796E+001  0.25799871E+001
  0.69492948E+000  0.89237111E+000  0.10019802E+001  0.25799875E+001
  0.69493084E+000  0.89237108E+000  0.10019807E+001  0.25799878E+001
  0.69493207E+000  0.89237105E+000  0.10019811E+001  0.25799881E+001
  0.69493319E+000  0.89237102E+000  0.10019816E+001  0.25799884E+001
  0.69493420E+000  0.89237099E+000  0.10019820E+001  0.25799887E+001
  0.69493511E+000  0.89237097E+000  0.10019823E+001  0.25799890E+001
  0.69493593E+000  0.89237095E+000  0.10019827E+001  0.25799892E+001
  0.69493665E+000  0.89237093E+000  0.10019830E+001  0.25799894E+001
  0.69493730E+000  0.89237092E+000  0.10019833E+001  0.25799896E+001
  0.69493787E+000  0.89237090E+000  0.10019835E+001  0.25799897E+001
  0.69493838E+000  0.89237089E+000  0.10019042E+001  0.25800694E+001
  0.69493882E+000  0.89237087E+000  0.10019044E+001  0.25800695E+001
  0.69493921E+000  0.89237086E+000  0.10019046E+001  0.25800696E+001
  0.69493955E+000  0.89237085E+000  0.10019048E+001  0.25800697E+001
  0.69493984E+000  0.89237083E+000  0.10019049E+001  0.25800698E+001
  0.69494010E+000  0.89237082E+000  0.10019050E+001  0.25800699E+001
  0.69494032E+000  0.89237080E+000  0.10019052E+001  0.25800700E+001
  0.69494050E+000  0.89237079E+000  0.10019052E+001  0.25800700E+001
  0.69494066E+000  0.89237077E+000  0.10019053E+001  0.25800701E+001
  0.69494079E+000  0.89237076E+000  0.10019054E+001  0.25800702E+001
  0.69494090E+000  0.89237074E+000  0.10019054E+001  0.25800702E+001
  0.69494099E+000  0.89237072E+000  0.10019054E+001  0.25800702E+001
  0.69494107E+000  0.89237070E+000  0.10019054E+001  0.25800703E+001
  0.69494113E+000  0.89237069E+000  0.10019054E+001  0.25800703E+001
  0.69494118E+000  0.89237067E+000  0.10019054E+001  0.25800703E+001
  0.69494122E+000  0.89237065E+000  0.10019054E+001  0.25800704E+001
  0.69494125E+000  0.89237063E+000  0.10019054E+001  0.25800704E+001
  0.69494127E+000  0.89237061E+000  0.10019054E+001  0.25800704E+001
  0.69494128E+000  0.89237059E+000  0.10019053E+001  0.25800705E+001
  0.69494129E+000  0.89237057E+000  0.10019053E+001  0.25800705E+001
  0.69494129E+000  0.89237055E+000  0.10019052E+001  0.25800705E+001
  0.69494129E+000  0.89237054E+000  0.10019052E+001  0.25800706E+001
  0.69494128E+000  0.89237052E+000  0.10019051E+001  0.25800706E+001
  0.69494127E+000  0.89237050E+000  0.10019050E+001  0.25800706E+001
  0.69494126E+000  0.89237048E+000  0.10019050E+001  0.25800707E+001
  0.69494125E+000  0.89237046E+000  0.10019049E+001  0.25800707E+001
  0.69494124E+000  0.89237045E+000  0.10019048E+001  0.25800708E+001
  0.69494122E+000  0.89237043E+000  0.10019048E+001  0.25800708E+001
  0.69494120E+000  0.89237041E+000  0.10019047E+001  0.25800709E+001
  0.69494118E+000  0.89237040E+000  0.10019046E+001  0.25800709E+001
  0.69494117E+000  0.89237038E+000  0.10019045E+001  0.25800710E+001
  0.69494115E+000  0.89237037E+000  0.10019045E+001  0.25800710E+001
  0.69494113E+000  0.89237035E+000  0.10019044E+001  0.25800711E+001
  0.69494111E+000  0.89237034E+000  0.10019043E+001  0.25800711E+001
  0.69494109E+000  0.89237032E+000  0.10019042E+001  0.25800712E+001
  0.69494107E+000  0.89237031E+000  0.10019042E+001  0.25800713E+001
  0.69494105E+000  0.89237030E+000  0.10019041E+001  0.25800713E+001
  0.69494103E+000  0.89237029E+000  0.10019040E+001  0.25800714E+001
  0.69494101E+000  0.89237028E+000  0.10019039E+001  0.25800715E+001
  0.69494099E+000  0.89237026E+000  0.10019039E+001  0.25800715E+001
  0.69494097E+000  0.89237025E+000  0.10019038E+001  0.25800716E+001
  0.69494096E+000  0.89237024E+000  0.10019037E+001  0.25800717E+001
  0.69494094E+000  0.89237023E+000  0.10019037E+001  0.25800718E+001
  0.69494093E+000  0.89237022E+000  0.10019036E+001  0.25800719E+001
  0.69494091E+000  0.89237021E+000  0.10019035E+001  0.25800719E+001
  0.69494090E+000  0.89237021E+000  0.10019035E+001  0.25800720E+001
  0.69494089E+000  0.89237020E+000  0.10019034E+001  0.25800721E+001
  0.69494087E+000  0.89237019E+000  0.10019034E+001  0.25800722E+001
  0.69494086E+000  0.89237018E+000  0.10019033E+001  0.25800723E+001
  0.69494085E+000  0.89237017E+000  0.10019032E+001  0.25800724E+001
  0.69494084E+000  0.89237017E+000  0.10019032E+001  0.25800724E+001
  0.69494084E+000  0.89237016E+000  0.10019031E+001  0.25800725E+001
  0.69494083E+000  0.89237015E+000  0.10019031E+001  0.25800726E+001
  0.69494082E+000  0.89237015E+000  0.10019031E+001  0.25800727E+001
  0.69494082E+000  0.89237014E+000  0.10019030E+001  0.25800728E+001
  0.69494081E+000  0.89237013E+000  0.10019030E+001  0.25800729E+001
  0.69494081E+000  0.89237013E+000  0.10019029E+001  0.25800729E+001
  0.69494081E+000  0.89237012E+000  0.10019029E+001  0.25800730E+001
  0.69494081E+000  0.89237012E+000  0.10019029E+001  0.25800731E+001
  0.69494081E+000  0.89237011E+000  0.10019028E+001  0.25800732E+001
  0.69494081E+000  0.89237011E+000  0.10019028E+001  0.25800732E+001
  0.69494081E+000  0.89237010E+000  0.10019028E+001  0.25800733E+001
  0.69494081E+000  0.89237010E+000  0.10019027E+001  0.25800734E+001
  0.69494082E+000  0.89237009E+000  0.10019027E+001  0.25800734E+001
  0.69494082E+000  0.89237009E+000  0.10019027E+001  0.25800735E+001
  0.69494083E+000  0.89237008E+000  0.10019027E+001  0.25800735E+001
  0.69494083E+000  0.89237008E+000  0.10019026E+001  0.25800736E+001
  0.69494084E+000  0.89237007E+000  0.10019026E+001  0.25800736E+001
  0.69494084E+000  0.89237007E+000  0.10019026E+001  0.25800737E+001
  0.69494085E+000  0.89237007E+000  0.10019026E+001  0.25800737E+001
  0.69494086E+000  0.89237006E+000  0.10019025E+001  0.25800738E+001
  0.69494087E+000  0.89237006E+000  0.10019025E+001  0.25800738E+001
  0.69494088E+000  0.89237005E+000  0.10019025E+001  0.25800738E+001
  0.69494089E+000  0.89237005E+000  0.10019025E+001  0.25800738E+001
  0.69494090E+000  0.89237005E+000  0.10019025E+001  0.25800739E+001
  0.69494090E+000  0.89237004E+000  0.10019025E+001  0.25800739E+001
  0.69494091E+000  0.89237004E+000  0.10019024E+001  0.25800739E+001
  0.69494093E+000  0.89237004E+000  0.10019024E+001  0.25800739E+001
  0.69494094E+000  0.89237003E+000  0.10019024E+001  0.25800739E+001
  0.69494095E+000  0.89237003E+000  0.10019024E+001  0.25800739E+001
  0.69494096E+000  0.89237002E+000  0.10019024E+001  0.25800739E+001
  0.69494097E+000  0.89237002E+000  0.10019024E+001  0.25800739E+001
  0.69494099E+000  0.89237001E+000  0.10019024E+001  0.25800739E+001
  0.69494100E+000  0.89237001E+000  0.10019023E+001  0.25800738E+001
  0.69494102E+000  0.89237000E+000  0.10019023E+001  0.25800738E+001
  0.69494104E+000  0.89236999E+000  0.10019023E+001  0.25800737E+001
  0.69494105E+000  0.89236997E+000  0.10019023E+001  0.25800737E+001
  0.69494124E+000  0.89237000E+000  0.10019024E+001  0.25800739E+001
