 -0.37054141E+000
 -0.37182438E+000
 -0.37213297E+000
 -0.37222471E+000
 -0.37225641E+000
 -0.37226862E+000
 -0.37227320E+000
 -0.37227427E+000
 -0.37227336E+000
 -0.37227123E+000
 -0.37226836E+000
 -0.37226499E+000
 -0.37226133E+000
 -0.37225758E+000
 -0.37225375E+000
 -0.37224994E+000
 -0.37224623E+000
 -0.37224263E+000
 -0.37223919E+000
 -0.37223591E+000
 -0.37223281E+000
 -0.37222988E+000
 -0.37222712E+000
 -0.37222454E+000
 -0.37222212E+000
 -0.37221986E+000
 -0.37221775E+000
 -0.37221578E+000
 -0.37221395E+000
 -0.37221224E+000
 -0.37221065E+000
 -0.37220917E+000
 -0.37220779E+000
 -0.37220651E+000
 -0.37220532E+000
 -0.37220421E+000
 -0.37220317E+000
 -0.37220220E+000
 -0.37220129E+000
 -0.37220044E+000
 -0.37219963E+000
 -0.37219888E+000
 -0.37219817E+000
 -0.37219750E+000
 -0.37219687E+000
 -0.37219628E+000
 -0.37219573E+000
 -0.37219521E+000
 -0.37219472E+000
 -0.37219428E+000
 -0.37219386E+000
 -0.37219348E+000
 -0.37219313E+000
 -0.37219281E+000
 -0.37219251E+000
 -0.37219224E+000
 -0.37219200E+000
 -0.37219178E+000
 -0.37219157E+000
 -0.37219138E+000
 -0.37219121E+000
 -0.37219105E+000
 -0.37219090E+000
 -0.37219076E+000
 -0.37219063E+000
 -0.37219051E+000
 -0.37219039E+000
 -0.37219028E+000
 -0.37219018E+000
 -0.37219008E+000
 -0.37218998E+000
 -0.37218988E+000
 -0.37218980E+000
 -0.37218971E+000
 -0.37218963E+000
 -0.37218955E+000
 -0.37218947E+000
 -0.37218940E+000
 -0.37218933E+000
 -0.37218926E+000
 -0.37218919E+000
 -0.37218913E+000
 -0.37218907E+000
 -0.37218902E+000
 -0.37218896E+000
 -0.37218891E+000
 -0.37218886E+000
 -0.37218882E+000
 -0.37218877E+000
 -0.37218873E+000
 -0.37218870E+000
 -0.37218866E+000
 -0.37218863E+000
 -0.37218861E+000
 -0.37218858E+000
 -0.37218856E+000
 -0.37218854E+000
 -0.37218853E+000
 -0.37218851E+000
 -0.37218850E+000
 -0.37218850E+000
 -0.37218849E+000
 -0.37218849E+000
 -0.37218849E+000
 -0.37218849E+000
 -0.37218850E+000
 -0.37218850E+000
 -0.37218851E+000
 -0.37218852E+000
 -0.37218852E+000
 -0.37218853E+000
 -0.37218854E+000
 -0.37218855E+000
 -0.37218855E+000
 -0.37218856E+000
 -0.37218856E+000
 -0.37218857E+000
 -0.37218857E+000
 -0.37218857E+000
 -0.37218857E+000
 -0.37218856E+000
 -0.37218856E+000
 -0.37218855E+000
 -0.37218854E+000
 -0.37218852E+000
 -0.37218851E+000
 -0.37218849E+000
 -0.37218847E+000
 -0.37218845E+000
 -0.37218843E+000
 -0.37218841E+000
 -0.37218838E+000
 -0.37218835E+000
 -0.37218833E+000
 -0.37218830E+000
 -0.37218827E+000
 -0.37218824E+000
 -0.37218821E+000
 -0.37218818E+000
 -0.37218814E+000
 -0.37218811E+000
 -0.37218808E+000
 -0.37218805E+000
 -0.37218802E+000
 -0.37218800E+000
 -0.37218797E+000
 -0.37218794E+000
 -0.37218792E+000
 -0.37218789E+000
 -0.37218787E+000
 -0.37218785E+000
 -0.37218783E+000
 -0.37218781E+000
 -0.37218779E+000
 -0.37218777E+000
 -0.37218775E+000
 -0.37218774E+000
 -0.37218773E+000
 -0.37218771E+000
 -0.37218770E+000
 -0.37218769E+000
 -0.37218769E+000
 -0.37218768E+000
 -0.37218767E+000
 -0.37218766E+000
 -0.37218766E+000
 -0.37218765E+000
 -0.37218765E+000
 -0.37218765E+000
 -0.37218764E+000
 -0.37218764E+000
 -0.37218764E+000
 -0.37218763E+000
 -0.37218763E+000
 -0.37218763E+000
 -0.37218763E+000
 -0.37218762E+000
 -0.37218762E+000
 -0.37218762E+000
 -0.37218761E+000
 -0.37218761E+000
 -0.37218760E+000
 -0.37218760E+000
 -0.37218759E+000
 -0.37218758E+000
 -0.37218758E+000
 -0.37218757E+000
 -0.37218756E+000
 -0.37218755E+000
 -0.37218754E+000
 -0.37218753E+000
 -0.37218752E+000
 -0.37218751E+000
 -0.37218750E+000
 -0.37218749E+000
 -0.37218748E+000
 -0.37218747E+000
 -0.37218746E+000
 -0.37218748E+000
 -0.37218730E+000
