  0.96833039E+000
  0.96862893E+000
  0.96877954E+000
  0.96889015E+000
  0.96897856E+000
  0.96905005E+000
  0.96910807E+000
  0.96915512E+000
  0.96919322E+000
  0.96922405E+000
  0.96924890E+000
  0.96926883E+000
  0.96928471E+000
  0.96929726E+000
  0.96930706E+000
  0.96931459E+000
  0.96932025E+000
  0.96932438E+000
  0.96932723E+000
  0.96932904E+000
  0.96932999E+000
  0.96933024E+000
  0.96932991E+000
  0.96932912E+000
  0.96932795E+000
  0.96932648E+000
  0.96932477E+000
  0.96932287E+000
  0.96932082E+000
  0.96931867E+000
  0.96931645E+000
  0.96931418E+000
  0.96931188E+000
  0.96930958E+000
  0.96930729E+000
  0.96930503E+000
  0.96930281E+000
  0.96930063E+000
  0.96929852E+000
  0.96929648E+000
  0.96929451E+000
  0.96929263E+000
  0.96929083E+000
  0.96928913E+000
  0.96928753E+000
  0.96928602E+000
  0.96928461E+000
  0.96928330E+000
  0.96928208E+000
  0.96928095E+000
  0.96927990E+000
  0.96927893E+000
  0.96927803E+000
  0.96927719E+000
  0.96927639E+000
  0.96927564E+000
  0.96927493E+000
  0.96927424E+000
  0.96927356E+000
  0.96927289E+000
  0.96927223E+000
  0.96927156E+000
  0.96927089E+000
  0.96927020E+000
  0.96926951E+000
  0.96926880E+000
  0.96926808E+000
  0.96926734E+000
  0.96926659E+000
  0.96926582E+000
  0.96926505E+000
  0.96926426E+000
  0.96926346E+000
  0.96926266E+000
  0.96926185E+000
  0.96926104E+000
  0.96926023E+000
  0.96925943E+000
  0.96925862E+000
  0.96925783E+000
  0.96925704E+000
  0.96925627E+000
  0.96925551E+000
  0.96925476E+000
  0.96925403E+000
  0.96925332E+000
  0.96925263E+000
  0.96925196E+000
  0.96925131E+000
  0.96925069E+000
  0.96925010E+000
  0.96924953E+000
  0.96924898E+000
  0.96924846E+000
  0.96924797E+000
  0.96924751E+000
  0.96924708E+000
  0.96924667E+000
  0.96924628E+000
  0.96924593E+000
  0.96924560E+000
  0.96924529E+000
  0.96924501E+000
  0.96924475E+000
  0.96924451E+000
  0.96924430E+000
  0.96924410E+000
  0.96924392E+000
  0.96924376E+000
  0.96924362E+000
  0.96924350E+000
  0.96924339E+000
  0.96924329E+000
  0.96924320E+000
  0.96924313E+000
  0.96924307E+000
  0.96924301E+000
  0.96924297E+000
  0.96924293E+000
  0.96924291E+000
  0.96924288E+000
  0.96924287E+000
  0.96924286E+000
  0.96924285E+000
  0.96924285E+000
  0.96924285E+000
  0.96924286E+000
  0.96924287E+000
  0.96924288E+000
  0.96924289E+000
  0.96924291E+000
  0.96924293E+000
  0.96924295E+000
  0.96924297E+000
  0.96924299E+000
  0.96924301E+000
  0.96924304E+000
  0.96924306E+000
  0.96924309E+000
  0.96924311E+000
  0.96924314E+000
  0.96924316E+000
  0.96924319E+000
  0.96924322E+000
  0.96924324E+000
  0.96924327E+000
  0.96924330E+000
  0.96924332E+000
  0.96924335E+000
  0.96924337E+000
  0.96924340E+000
  0.96924342E+000
  0.96924345E+000
  0.96924347E+000
  0.96924349E+000
  0.96924352E+000
  0.96924354E+000
  0.96924356E+000
  0.96924358E+000
  0.96924360E+000
  0.96924362E+000
  0.96924364E+000
  0.96924366E+000
  0.96924368E+000
  0.96924370E+000
  0.96924371E+000
  0.96924373E+000
  0.96924375E+000
  0.96924376E+000
  0.96924378E+000
  0.96924379E+000
  0.96924381E+000
  0.96924382E+000
  0.96924383E+000
  0.96924385E+000
  0.96924386E+000
  0.96924387E+000
  0.96924388E+000
  0.96924389E+000
  0.96924390E+000
  0.96924391E+000
  0.96924392E+000
  0.96924393E+000
  0.96924394E+000
  0.96924395E+000
  0.96924396E+000
  0.96924396E+000
  0.96924397E+000
  0.96924398E+000
  0.96924399E+000
  0.96924399E+000
  0.96924400E+000
  0.96924401E+000
  0.96924402E+000
  0.96924403E+000
  0.96924405E+000
  0.96924406E+000
  0.96924408E+000
  0.96924408E+000
  0.96924399E+000
