  0.49247688E+000
  0.49261581E+000
  0.49267975E+000
  0.49272594E+000
  0.49276296E+000
  0.49279310E+000
  0.49281773E+000
  0.49283783E+000
  0.49285418E+000
  0.49286744E+000
  0.49287816E+000
  0.49288676E+000
  0.49289361E+000
  0.49289902E+000
  0.49290323E+000
  0.49290644E+000
  0.49290883E+000
  0.49291053E+000
  0.49291167E+000
  0.49291234E+000
  0.49291262E+000
  0.49291258E+000
  0.49291228E+000
  0.49291175E+000
  0.49291105E+000
  0.49291021E+000
  0.49290925E+000
  0.49290819E+000
  0.49290706E+000
  0.49290587E+000
  0.49290463E+000
  0.49290337E+000
  0.49290208E+000
  0.49290078E+000
  0.49289949E+000
  0.49289819E+000
  0.49289691E+000
  0.49289564E+000
  0.49289439E+000
  0.49289317E+000
  0.49289199E+000
  0.49289083E+000
  0.49288972E+000
  0.49288864E+000
  0.49288761E+000
  0.49288662E+000
  0.49288567E+000
  0.49288477E+000
  0.49288391E+000
  0.49288308E+000
  0.49288230E+000
  0.49288154E+000
  0.49288082E+000
  0.49288012E+000
  0.49287945E+000
  0.49287879E+000
  0.49287814E+000
  0.49287750E+000
  0.49287687E+000
  0.49287624E+000
  0.49287561E+000
  0.49287497E+000
  0.49287433E+000
  0.49287369E+000
  0.49287303E+000
  0.49287237E+000
  0.49287171E+000
  0.49287103E+000
  0.49287035E+000
  0.49286967E+000
  0.49286898E+000
  0.49286829E+000
  0.49286760E+000
  0.49286691E+000
  0.49286622E+000
  0.49286553E+000
  0.49286485E+000
  0.49286418E+000
  0.49286351E+000
  0.49286286E+000
  0.49286221E+000
  0.49286158E+000
  0.49286096E+000
  0.49286036E+000
  0.49285977E+000
  0.49285920E+000
  0.49285865E+000
  0.49285812E+000
  0.49285760E+000
  0.49285711E+000
  0.49285664E+000
  0.49285619E+000
  0.49285576E+000
  0.49285536E+000
  0.49285497E+000
  0.49285461E+000
  0.49285427E+000
  0.49285395E+000
  0.49285365E+000
  0.49285337E+000
  0.49285311E+000
  0.49285287E+000
  0.49285265E+000
  0.49285245E+000
  0.49285226E+000
  0.49285209E+000
  0.49285194E+000
  0.49285180E+000
  0.49285167E+000
  0.49285156E+000
  0.49285146E+000
  0.49285137E+000
  0.49285129E+000
  0.49285122E+000
  0.49285115E+000
  0.49285110E+000
  0.49285106E+000
  0.49285102E+000
  0.49285099E+000
  0.49285096E+000
  0.49285094E+000
  0.49285092E+000
  0.49285091E+000
  0.49285090E+000
  0.49285090E+000
  0.49285089E+000
  0.49285089E+000
  0.49285090E+000
  0.49285090E+000
  0.49285091E+000
  0.49285092E+000
  0.49285093E+000
  0.49285094E+000
  0.49285095E+000
  0.49285096E+000
  0.49285098E+000
  0.49285099E+000
  0.49285101E+000
  0.49285102E+000
  0.49285104E+000
  0.49285106E+000
  0.49285107E+000
  0.49285109E+000
  0.49285111E+000
  0.49285112E+000
  0.49285114E+000
  0.49285116E+000
  0.49285117E+000
  0.49285119E+000
  0.49285120E+000
  0.49285122E+000
  0.49285124E+000
  0.49285125E+000
  0.49285126E+000
  0.49285128E+000
  0.49285129E+000
  0.49285131E+000
  0.49285132E+000
  0.49285133E+000
  0.49285135E+000
  0.49285136E+000
  0.49285137E+000
  0.49285138E+000
  0.49285139E+000
  0.49285140E+000
  0.49285141E+000
  0.49285142E+000
  0.49285143E+000
  0.49285144E+000
  0.49285145E+000
  0.49285146E+000
  0.49285146E+000
  0.49285147E+000
  0.49285148E+000
  0.49285148E+000
  0.49285149E+000
  0.49285150E+000
  0.49285150E+000
  0.49285151E+000
  0.49285151E+000
  0.49285152E+000
  0.49285152E+000
  0.49285153E+000
  0.49285153E+000
  0.49285154E+000
  0.49285154E+000
  0.49285154E+000
  0.49285155E+000
  0.49285155E+000
  0.49285155E+000
  0.49285156E+000
  0.49285156E+000
  0.49285156E+000
  0.49285157E+000
  0.49285157E+000
  0.49285157E+000
  0.49285158E+000
  0.49285158E+000
  0.49285159E+000
  0.49285155E+000
