  0.57383610E+000  0.93961210E+000  0.10807732E+001  0.34439866E+001
  0.57416609E+000  0.93972726E+000  0.10809899E+001  0.34439183E+001
  0.57442679E+000  0.93980514E+000  0.10812250E+001  0.34454262E+001
  0.57464360E+000  0.93986790E+000  0.10811589E+001  0.34445565E+001
  0.57482627E+000  0.93992079E+000  0.10813791E+001  0.34461944E+001
  0.57498052E+000  0.93996535E+000  0.10814359E+001  0.34464758E+001
  0.57511077E+000  0.94000281E+000  0.10814828E+001  0.34467070E+001
  0.57522077E+000  0.94003416E+000  0.10815215E+001  0.34468975E+001
  0.57531356E+000  0.94006047E+000  0.10815533E+001  0.34470546E+001
  0.57539183E+000  0.94008242E+000  0.10815793E+001  0.34471844E+001
  0.57545773E+000  0.94010077E+000  0.10816006E+001  0.34472917E+001
  0.57551315E+000  0.94011609E+000  0.10816180E+001  0.34473804E+001
  0.57555976E+000  0.94012881E+000  0.10816321E+001  0.34474537E+001
  0.57559883E+000  0.94013941E+000  0.10816434E+001  0.34475142E+001
  0.57563154E+000  0.94014815E+000  0.10816524E+001  0.34475640E+001
  0.57565887E+000  0.94015528E+000  0.10816596E+001  0.34476049E+001
  0.57568158E+000  0.94016112E+000  0.10816652E+001  0.34476385E+001
  0.57570041E+000  0.94016581E+000  0.10816696E+001  0.34476659E+001
  0.57571593E+000  0.94016954E+000  0.10816729E+001  0.34476882E+001
  0.57572864E+000  0.94017243E+000  0.10816753E+001  0.34477063E+001
  0.57573896E+000  0.94017461E+000  0.10816770E+001  0.34477207E+001
  0.57574723E+000  0.94017621E+000  0.10816781E+001  0.34477323E+001
  0.57575377E+000  0.94017729E+000  0.10816788E+001  0.34477414E+001
  0.57575885E+000  0.94017792E+000  0.10816790E+001  0.34477484E+001
  0.57576269E+000  0.94017816E+000  0.10816790E+001  0.34477539E+001
  0.57576550E+000  0.94017807E+000  0.10816787E+001  0.34477579E+001
  0.57576742E+000  0.94017770E+000  0.10816781E+001  0.34477609E+001
  0.57576863E+000  0.94017708E+000  0.10816775E+001  0.34477630E+001
  0.55815652E+000  0.93567865E+000  0.10816766E+001  0.34477644E+001
  0.57576934E+000  0.94017523E+000  0.10816757E+001  0.34477653E+001
  0.57576906E+000  0.94017405E+000  0.10816747E+001  0.34477658E+001
  0.57576846E+000  0.94017274E+000  0.10816736E+001  0.34477660E+001
  0.57576764E+000  0.94017131E+000  0.10816725E+001  0.34477660E+001
  0.57576665E+000  0.94016979E+000  0.10816714E+001  0.34477659E+001
  0.57576554E+000  0.94016819E+000  0.10816702E+001  0.34477657E+001
  0.57576437E+000  0.94016652E+000  0.10816690E+001  0.34477656E+001
  0.57576317E+000  0.94016481E+000  0.10816678E+001  0.34477655E+001
  0.57576200E+000  0.94016307E+000  0.10816666E+001  0.34477655E+001
  0.57576086E+000  0.94016131E+000  0.10816654E+001  0.34477656E+001
  0.57575980E+000  0.94015954E+000  0.10816642E+001  0.34477659E+001
  0.57575883E+000  0.94015778E+000  0.10816630E+001  0.34477663E+001
  0.57575798E+000  0.94015605E+000  0.10816619E+001  0.34477670E+001
  0.57575724E+000  0.94015434E+000  0.10816608E+001  0.34477678E+001
  0.57575664E+000  0.94015267E+000  0.10816598E+001  0.34477689E+001
  0.57575618E+000  0.94015105E+000  0.10816588E+001  0.34477702E+001
  0.57575586E+000  0.94014949E+000  0.10816578E+001  0.34477717E+001
  0.57575569E+000  0.94014799E+000  0.10816569E+001  0.34477735E+001
  0.57575565E+000  0.94014655E+000  0.10816560E+001  0.34477755E+001
  0.57575575E+000  0.94014518E+000  0.10816552E+001  0.34477777E+001
  0.57575598E+000  0.94014387E+000  0.10816545E+001  0.34477802E+001
  0.57575632E+000  0.94014263E+000  0.10816538E+001  0.34477829E+001
  0.57575679E+000  0.94014144E+000  0.10816531E+001  0.34477857E+001
  0.57575735E+000  0.94014032E+000  0.10816525E+001  0.34477888E+001
  0.57575801E+000  0.94013924E+000  0.10816520E+001  0.34477921E+001
  0.57575875E+000  0.94013820E+000  0.10816515E+001  0.34477955E+001
  0.57575956E+000  0.94013721E+000  0.10816510E+001  0.34477991E+001
  0.57576044E+000  0.94013624E+000  0.10816505E+001  0.34478028E+001
  0.57576137E+000  0.94013530E+000  0.10816501E+001  0.34478067E+001
  0.57576235E+000  0.94013437E+000  0.10816497E+001  0.34478106E+001
  0.57576336E+000  0.94013346E+000  0.10816494E+001  0.34478146E+001
  0.57576440E+000  0.94013256E+000  0.10816490E+001  0.34478186E+001
  0.57576545E+000  0.94013167E+000  0.10816487E+001  0.34478227E+001
  0.57576653E+000  0.94013079E+000  0.10816484E+001  0.34478268E+001
  0.57576762E+000  0.94012990E+000  0.10816481E+001  0.34478309E+001
  0.57576871E+000  0.94012901E+000  0.10816478E+001  0.34478350E+001
  0.57576981E+000  0.94012812E+000  0.10816476E+001  0.34478390E+001
  0.57577090E+000  0.94012723E+000  0.10816473E+001  0.34478430E+001
  0.57577200E+000  0.94012634E+000  0.10816470E+001  0.34478470E+001
  0.57577308E+000  0.94012546E+000  0.10816468E+001  0.34478509E+001
  0.57577416E+000  0.94012457E+000  0.10816466E+001  0.34478548E+001
  0.57577522E+000  0.94012368E+000  0.10816463E+001  0.34478586E+001
  0.57577626E+000  0.94012280E+000  0.10816461E+001  0.34478623E+001
  0.57577729E+000  0.94012193E+000  0.10816459E+001  0.34478658E+001
  0.57577830E+000  0.94012106E+000  0.10816457E+001  0.34478693E+001
  0.57577929E+000  0.94012021E+000  0.10816456E+001  0.34478727E+001
  0.57578026E+000  0.94011937E+000  0.10816454E+001  0.34478760E+001
  0.57578120E+000  0.94011854E+000  0.10816453E+001  0.34478792E+001
  0.57578212E+000  0.94011773E+000  0.10816451E+001  0.34478822E+001
  0.57578300E+000  0.94011693E+000  0.10816450E+001  0.34478852E+001
  0.57578386E+000  0.94011616E+000  0.10816449E+001  0.34478880E+001
  0.57578469E+000  0.94011540E+000  0.10816448E+001  0.34478906E+001
  0.57578549E+000  0.94011467E+000  0.10816447E+001  0.34478932E+001
  0.57578626E+000  0.94011396E+000  0.10816447E+001  0.34478956E+001
  0.57578700E+000  0.94011328E+000  0.10816446E+001  0.34478978E+001
  0.57578770E+000  0.94011262E+000  0.10816446E+001  0.34479000E+001
  0.57578837E+000  0.94011199E+000  0.10816446E+001  0.34479020E+001
  0.57578901E+000  0.94011138E+000  0.10816446E+001  0.34479039E+001
  0.57578961E+000  0.94011080E+000  0.10816446E+001  0.34479056E+001
  0.57579019E+000  0.94011025E+000  0.10816446E+001  0.34479073E+001
  0.57579073E+000  0.94010973E+000  0.10816446E+001  0.34479088E+001
  0.57579124E+000  0.94010924E+000  0.10816447E+001  0.34479102E+001
  0.57579171E+000  0.94010877E+000  0.10816447E+001  0.34479114E+001
  0.57579216E+000  0.94010833E+000  0.10816448E+001  0.34479126E+001
  0.57579258E+000  0.94010792E+000  0.10816448E+001  0.34479137E+001
  0.57579296E+000  0.94010754E+000  0.10816449E+001  0.34479146E+001
  0.57579332E+000  0.94010718E+000  0.10816450E+001  0.34479155E+001
  0.57579365E+000  0.94010685E+000  0.10816451E+001  0.34479163E+001
  0.57579396E+000  0.94010655E+000  0.10816451E+001  0.34479170E+001
  0.57579424E+000  0.94010626E+000  0.10816452E+001  0.34479176E+001
  0.57579449E+000  0.94010600E+000  0.10816453E+001  0.34479182E+001
  0.57579473E+000  0.94010577E+000  0.10816454E+001  0.34479187E+001
  0.57579494E+000  0.94010555E+000  0.10816455E+001  0.34479191E+001
  0.57579513E+000  0.94010535E+000  0.10816456E+001  0.34479195E+001
  0.57579531E+000  0.94010518E+000  0.10816457E+001  0.34479198E+001
  0.57579546E+000  0.94010501E+000  0.10816458E+001  0.34479200E+001
  0.57579560E+000  0.94010487E+000  0.10816459E+001  0.34479203E+001
  0.57579573E+000  0.94010474E+000  0.10816459E+001  0.34479205E+001
  0.57579584E+000  0.94010462E+000  0.10816460E+001  0.34479206E+001
  0.57579593E+000  0.94010452E+000  0.10816461E+001  0.34479208E+001
  0.57579602E+000  0.94010443E+000  0.10816462E+001  0.34479209E+001
  0.57579609E+000  0.94010435E+000  0.10816462E+001  0.34479209E+001
  0.57579615E+000  0.94010428E+000  0.10816463E+001  0.34479210E+001
  0.57579621E+000  0.94010421E+000  0.10816463E+001  0.34479211E+001
  0.57579625E+000  0.94010416E+000  0.10816464E+001  0.34479211E+001
  0.57579629E+000  0.94010411E+000  0.10816464E+001  0.34479211E+001
  0.57579632E+000  0.94010407E+000  0.10816464E+001  0.34479211E+001
  0.57579634E+000  0.94010403E+000  0.10816464E+001  0.34479211E+001
  0.57579635E+000  0.94010400E+000  0.10816464E+001  0.34479211E+001
  0.57579636E+000  0.94010397E+000  0.10816464E+001  0.34479211E+001
  0.57579637E+000  0.94010394E+000  0.10816464E+001  0.34479211E+001
  0.57579637E+000  0.94010392E+000  0.10816464E+001  0.34479211E+001
  0.57579637E+000  0.94010390E+000  0.10816464E+001  0.34479211E+001
  0.57579636E+000  0.94010388E+000  0.10816464E+001  0.34479211E+001
  0.57579635E+000  0.94010386E+000  0.10816464E+001  0.34479211E+001
  0.57579634E+000  0.94010385E+000  0.10816463E+001  0.34479211E+001
  0.57579633E+000  0.94010383E+000  0.10816463E+001  0.34479210E+001
  0.57579631E+000  0.94010382E+000  0.10816462E+001  0.34479210E+001
  0.57579629E+000  0.94010380E+000  0.10816462E+001  0.34479210E+001
  0.57579627E+000  0.94010379E+000  0.10816461E+001  0.34479210E+001
  0.57579624E+000  0.94010378E+000  0.10816461E+001  0.34479210E+001
  0.57579622E+000  0.94010377E+000  0.10816460E+001  0.34479211E+001
  0.57579619E+000  0.94010375E+000  0.10816460E+001  0.34479211E+001
  0.57579616E+000  0.94010374E+000  0.10816459E+001  0.34479211E+001
  0.57579614E+000  0.94010373E+000  0.10816458E+001  0.34479211E+001
  0.57579611E+000  0.94010372E+000  0.10816457E+001  0.34479211E+001
  0.57579608E+000  0.94010371E+000  0.10816457E+001  0.34479212E+001
  0.57579605E+000  0.94010369E+000  0.10816456E+001  0.34479212E+001
  0.57579602E+000  0.94010368E+000  0.10816455E+001  0.34479212E+001
  0.57579599E+000  0.94010367E+000  0.10816454E+001  0.34479213E+001
  0.57579595E+000  0.94010366E+000  0.10816454E+001  0.34479213E+001
  0.57579592E+000  0.94010365E+000  0.10816453E+001  0.34479214E+001
  0.57579589E+000  0.94010363E+000  0.10816452E+001  0.34479215E+001
  0.57579586E+000  0.94010362E+000  0.10816451E+001  0.34479215E+001
  0.57579583E+000  0.94010361E+000  0.10816451E+001  0.34479216E+001
  0.57579580E+000  0.94010360E+000  0.10816450E+001  0.34479217E+001
  0.57579577E+000  0.94010359E+000  0.10816449E+001  0.34479217E+001
  0.57579574E+000  0.94010358E+000  0.10816448E+001  0.34479218E+001
  0.57579572E+000  0.94010357E+000  0.10816448E+001  0.34479219E+001
  0.57579569E+000  0.94010355E+000  0.10816447E+001  0.34479220E+001
  0.57579566E+000  0.94010354E+000  0.10816446E+001  0.34479221E+001
  0.57579563E+000  0.94010353E+000  0.10816445E+001  0.34479222E+001
  0.57579561E+000  0.94010352E+000  0.10816445E+001  0.34479223E+001
  0.57579558E+000  0.94010351E+000  0.10816444E+001  0.34479224E+001
  0.57579556E+000  0.94010350E+000  0.10816443E+001  0.34479225E+001
  0.57579553E+000  0.94010349E+000  0.10816443E+001  0.34479226E+001
  0.57579551E+000  0.94010348E+000  0.10816442E+001  0.34479228E+001
  0.57579549E+000  0.94010347E+000  0.10816441E+001  0.34479229E+001
  0.57579547E+000  0.94010346E+000  0.10816441E+001  0.34479230E+001
  0.57579545E+000  0.94010345E+000  0.10816440E+001  0.34479231E+001
  0.57579543E+000  0.94010345E+000  0.10816440E+001  0.34479232E+001
  0.57579541E+000  0.94010344E+000  0.10816439E+001  0.34479233E+001
  0.57579539E+000  0.94010343E+000  0.10816439E+001  0.34479235E+001
  0.57579537E+000  0.94010342E+000  0.10816438E+001  0.34479236E+001
  0.57579536E+000  0.94010341E+000  0.10816438E+001  0.34479237E+001
  0.57579534E+000  0.94010340E+000  0.10816437E+001  0.34479238E+001
  0.57579533E+000  0.94010340E+000  0.10816437E+001  0.34479239E+001
  0.57579531E+000  0.94010339E+000  0.10816436E+001  0.34479240E+001
  0.57579530E+000  0.94010338E+000  0.10816436E+001  0.34479241E+001
  0.57579529E+000  0.94010337E+000  0.10816436E+001  0.34479242E+001
  0.57579528E+000  0.94010337E+000  0.10816435E+001  0.34479244E+001
  0.57579527E+000  0.94010336E+000  0.10816435E+001  0.34479245E+001
  0.57579526E+000  0.94010335E+000  0.10816435E+001  0.34479246E+001
  0.57579525E+000  0.94010335E+000  0.10816434E+001  0.34479246E+001
  0.57579524E+000  0.94010334E+000  0.10816434E+001  0.34479247E+001
  0.57579523E+000  0.94010333E+000  0.10816434E+001  0.34479248E+001
  0.57579522E+000  0.94010333E+000  0.10816433E+001  0.34479249E+001
  0.57579521E+000  0.94010332E+000  0.10816433E+001  0.34479250E+001
  0.57579521E+000  0.94010332E+000  0.10816433E+001  0.34479250E+001
  0.57579520E+000  0.94010331E+000  0.10816432E+001  0.34479251E+001
  0.57579519E+000  0.94010330E+000  0.10816432E+001  0.34479252E+001
  0.57579519E+000  0.94010330E+000  0.10816432E+001  0.34479252E+001
  0.57579518E+000  0.94010329E+000  0.10816432E+001  0.34479253E+001
  0.57579518E+000  0.94010329E+000  0.10816431E+001  0.34479253E+001
  0.57579517E+000  0.94010328E+000  0.10816431E+001  0.34479254E+001
  0.57579517E+000  0.94010328E+000  0.10816431E+001  0.34479254E+001
  0.57579517E+000  0.94010327E+000  0.10816431E+001  0.34479254E+001
  0.57579516E+000  0.94010327E+000  0.10816431E+001  0.34479255E+001
  0.57579516E+000  0.94010326E+000  0.10816430E+001  0.34479255E+001
  0.57579516E+000  0.94010326E+000  0.10816430E+001  0.34479255E+001
  0.57579516E+000  0.94010325E+000  0.10816430E+001  0.34479255E+001
  0.57579515E+000  0.94010325E+000  0.10816430E+001  0.34479255E+001
  0.57579515E+000  0.94010324E+000  0.10816430E+001  0.34479255E+001
  0.57579515E+000  0.94010324E+000  0.10816430E+001  0.34479255E+001
  0.57579515E+000  0.94010323E+000  0.10816429E+001  0.34479255E+001
  0.57579516E+000  0.94010323E+000  0.10816429E+001  0.34479255E+001
  0.57579516E+000  0.94010323E+000  0.10816429E+001  0.34479255E+001
  0.57579517E+000  0.94010322E+000  0.10816429E+001  0.34479256E+001
  0.57579518E+000  0.94010322E+000  0.10816429E+001  0.34479256E+001
  0.57579521E+000  0.94010322E+000  0.10816429E+001  0.34479255E+001
  0.57579519E+000  0.94010318E+000  0.10816428E+001  0.34479254E+001
