 -0.47077723E-001  0.61853225E-001  0.14542415E+001  0.42332906E+002
 -0.47174446E-001  0.61764020E-001  0.14531772E+001  0.42331316E+002
 -0.47246720E-001  0.61696944E-001  0.14523288E+001  0.42329960E+002
 -0.47299534E-001  0.61644941E-001  0.14516460E+001  0.42328822E+002
 -0.47336924E-001  0.61604586E-001  0.14510963E+001  0.42327879E+002
 -0.47362222E-001  0.61573521E-001  0.14506554E+001  0.42327105E+002
 -0.47378133E-001  0.61549869E-001  0.14503037E+001  0.42326476E+002
 -0.47386836E-001  0.61532141E-001  0.14500259E+001  0.42325972E+002
 -0.47390079E-001  0.61519139E-001  0.14498093E+001  0.42325572E+002
 -0.47389251E-001  0.61509901E-001  0.14496434E+001  0.42325262E+002
 -0.47385452E-001  0.61503654E-001  0.14495200E+001  0.42325027E+002
 -0.47379549E-001  0.61499780E-001  0.14494319E+001  0.42324855E+002
 -0.47372215E-001  0.61497790E-001  0.14493733E+001  0.42324737E+002
 -0.47363974E-001  0.61497296E-001  0.14493393E+001  0.42324663E+002
 -0.47355228E-001  0.61497989E-001  0.14493259E+001  0.42324626E+002
 -0.47346280E-001  0.61499628E-001  0.14493297E+001  0.42324621E+002
 -0.47337357E-001  0.61502023E-001  0.14493479E+001  0.42324643E+002
 -0.47328624E-001  0.61505026E-001  0.14493782E+001  0.42324685E+002
 -0.47320199E-001  0.61508520E-001  0.14494185E+001  0.42324746E+002
 -0.47312162E-001  0.61512416E-001  0.14494673E+001  0.42324822E+002
 -0.47304561E-001  0.61516645E-001  0.14495230E+001  0.42324910E+002
 -0.47297426E-001  0.61521152E-001  0.14495847E+001  0.42325008E+002
 -0.47290764E-001  0.61525898E-001  0.14496512E+001  0.42325113E+002
 -0.47284572E-001  0.61530851E-001  0.14497218E+001  0.42325225E+002
 -0.47278836E-001  0.61535988E-001  0.14497957E+001  0.42325342E+002
 -0.47273534E-001  0.61541291E-001  0.14498723E+001  0.42325463E+002
 -0.47268640E-001  0.61546745E-001  0.14499511E+001  0.42325586E+002
 -0.47264124E-001  0.61552338E-001  0.14500317E+001  0.42325711E+002
 -0.47259952E-001  0.61558061E-001  0.14501136E+001  0.42325836E+002
 -0.47256091E-001  0.61563904E-001  0.14501965E+001  0.42325962E+002
 -0.47252507E-001  0.61569857E-001  0.14502801E+001  0.42326088E+002
 -0.47249167E-001  0.61575910E-001  0.14503640E+001  0.42326213E+002
 -0.47246037E-001  0.61582052E-001  0.14504480E+001  0.42326337E+002
 -0.47243087E-001  0.61588269E-001  0.14505318E+001  0.42326459E+002
 -0.47240288E-001  0.61594547E-001  0.14506153E+001  0.42326580E+002
 -0.47237611E-001  0.61600871E-001  0.14506981E+001  0.42326698E+002
 -0.47235032E-001  0.61607222E-001  0.14507801E+001  0.42326815E+002
 -0.47232527E-001  0.61613582E-001  0.14508612E+001  0.42326929E+002
 -0.47230078E-001  0.61619932E-001  0.14509412E+001  0.42327041E+002
 -0.47227665E-001  0.61626252E-001  0.14510199E+001  0.42327150E+002
 -0.47225274E-001  0.61632522E-001  0.14510973E+001  0.42327257E+002
 -0.47222890E-001  0.61638726E-001  0.14511732E+001  0.42327363E+002
 -0.47220503E-001  0.61644848E-001  0.14512476E+001  0.42327466E+002
 -0.47218103E-001  0.61650873E-001  0.14513206E+001  0.42327567E+002
 -0.47215682E-001  0.61656794E-001  0.14513920E+001  0.42327666E+002
 -0.47213235E-001  0.61662602E-001  0.14514620E+001  0.42327765E+002
 -0.47210755E-001  0.61668297E-001  0.14515307E+001  0.42327861E+002
 -0.47208239E-001  0.61673881E-001  0.14515980E+001  0.42327957E+002
 -0.47205683E-001  0.61679358E-001  0.14516643E+001  0.42328053E+002
 -0.47203087E-001  0.61684739E-001  0.14517295E+001  0.42328148E+002
 -0.47200446E-001  0.61690034E-001  0.14517939E+001  0.42328242E+002
 -0.47197761E-001  0.61695258E-001  0.14518577E+001  0.42328337E+002
 -0.47195030E-001  0.61700427E-001  0.14519209E+001  0.42328433E+002
 -0.47192253E-001  0.61705553E-001  0.14519838E+001  0.42328529E+002
 -0.47189429E-001  0.61710654E-001  0.14520465E+001  0.42328625E+002
 -0.47186561E-001  0.61715740E-001  0.14521092E+001  0.42328723E+002
 -0.47183647E-001  0.61720825E-001  0.14521720E+001  0.42328822E+002
 -0.47180691E-001  0.61725916E-001  0.14522350E+001  0.42328922E+002
 -0.47177694E-001  0.61731020E-001  0.14522982E+001  0.42329024E+002
 -0.47174659E-001  0.61736141E-001  0.14523617E+001  0.42329126E+002
 -0.47171589E-001  0.61741280E-001  0.14524256E+001  0.42329231E+002
 -0.47168488E-001  0.61746436E-001  0.14524898E+001  0.42329336E+002
 -0.47165360E-001  0.61751604E-001  0.14525542E+001  0.42329443E+002
 -0.47162212E-001  0.61756780E-001  0.14526190E+001  0.42329551E+002
 -0.47159048E-001  0.61761957E-001  0.14526839E+001  0.42329661E+002
 -0.47155873E-001  0.61767126E-001  0.14527489E+001  0.42329771E+002
 -0.47152695E-001  0.61772276E-001  0.14528140E+001  0.42329882E+002
 -0.47149519E-001  0.61777399E-001  0.14528790E+001  0.42329993E+002
 -0.47146353E-001  0.61782483E-001  0.14529437E+001  0.42330105E+002
 -0.47143202E-001  0.61787516E-001  0.14530082E+001  0.42330217E+002
 -0.47140074E-001  0.61792486E-001  0.14530722E+001  0.42330329E+002
 -0.47136976E-001  0.61797383E-001  0.14531357E+001  0.42330440E+002
 -0.47133914E-001  0.61802193E-001  0.14531985E+001  0.42330551E+002
 -0.47130895E-001  0.61806906E-001  0.14532604E+001  0.42330661E+002
 -0.47127925E-001  0.61811510E-001  0.14533214E+001  0.42330770E+002
 -0.47125011E-001  0.61815995E-001  0.14533814E+001  0.42330878E+002
 -0.47122158E-001  0.61820350E-001  0.14534402E+001  0.42330984E+002
 -0.47119373E-001  0.61824565E-001  0.14534977E+001  0.42331089E+002
 -0.47116660E-001  0.61828631E-001  0.14535538E+001  0.42331192E+002
 -0.47114024E-001  0.61832540E-001  0.14536084E+001  0.42331292E+002
 -0.47111470E-001  0.61836285E-001  0.14536614E+001  0.42331390E+002
 -0.47109002E-001  0.61839858E-001  0.14537128E+001  0.42331486E+002
 -0.47106623E-001  0.61843255E-001  0.14537624E+001  0.42331579E+002
 -0.47104336E-001  0.61846470E-001  0.14538102E+001  0.42331669E+002
 -0.47102145E-001  0.61849499E-001  0.14538561E+001  0.42331756E+002
 -0.47100051E-001  0.61852341E-001  0.14539001E+001  0.42331840E+002
 -0.47098056E-001  0.61854992E-001  0.14539421E+001  0.42331921E+002
 -0.47096161E-001  0.61857452E-001  0.14539821E+001  0.42331999E+002
 -0.47094366E-001  0.61859721E-001  0.14540202E+001  0.42332074E+002
 -0.47092672E-001  0.61861800E-001  0.14540561E+001  0.42332145E+002
 -0.47091078E-001  0.61863692E-001  0.14540901E+001  0.42332212E+002
 -0.47089584E-001  0.61865400E-001  0.14541220E+001  0.42332277E+002
 -0.47088187E-001  0.61866927E-001  0.14541519E+001  0.42332338E+002
 -0.47086886E-001  0.61868279E-001  0.14541798E+001  0.42332396E+002
 -0.47085680E-001  0.61869459E-001  0.14542058E+001  0.42332450E+002
 -0.47084565E-001  0.61870476E-001  0.14542298E+001  0.42332502E+002
 -0.47083539E-001  0.61871335E-001  0.14542519E+001  0.42332550E+002
 -0.47082599E-001  0.61872043E-001  0.14542722E+001  0.42332595E+002
 -0.47081742E-001  0.61872609E-001  0.14542908E+001  0.42332637E+002
 -0.47080963E-001  0.61873040E-001  0.14543076E+001  0.42332677E+002
 -0.47080259E-001  0.61873345E-001  0.14543228E+001  0.42332714E+002
 -0.47079627E-001  0.61873532E-001  0.14543363E+001  0.42332748E+002
 -0.47079061E-001  0.61873610E-001  0.14543484E+001  0.42332779E+002
 -0.47078560E-001  0.61873587E-001  0.14543590E+001  0.42332808E+002
 -0.47078117E-001  0.61873473E-001  0.14543683E+001  0.42332835E+002
 -0.47077729E-001  0.61873276E-001  0.14543762E+001  0.42332860E+002
 -0.47077393E-001  0.61873005E-001  0.14543830E+001  0.42332883E+002
 -0.47077104E-001  0.61872667E-001  0.14543886E+001  0.42332904E+002
 -0.47076858E-001  0.61872271E-001  0.14543931E+001  0.42332923E+002
 -0.47076652E-001  0.61871824E-001  0.14543966E+001  0.42332940E+002
 -0.47076482E-001  0.61871335E-001  0.14543992E+001  0.42332956E+002
 -0.47076345E-001  0.61870809E-001  0.14544010E+001  0.42332970E+002
 -0.47076236E-001  0.61870253E-001  0.14544020E+001  0.42332983E+002
 -0.47076154E-001  0.61869674E-001  0.14544022E+001  0.42332995E+002
 -0.47076096E-001  0.61869076E-001  0.14544018E+001  0.42333006E+002
 -0.47076058E-001  0.61868467E-001  0.14544008E+001  0.42333016E+002
 -0.47076038E-001  0.61867849E-001  0.14543993E+001  0.42333024E+002
 -0.47076033E-001  0.61867228E-001  0.14543973E+001  0.42333032E+002
 -0.47076042E-001  0.61866607E-001  0.14543949E+001  0.42333039E+002
 -0.47076063E-001  0.61865990E-001  0.14543921E+001  0.42333045E+002
 -0.47076094E-001  0.61865381E-001  0.14543889E+001  0.42333051E+002
 -0.47076133E-001  0.61864781E-001  0.14543855E+001  0.42333056E+002
 -0.47076178E-001  0.61864192E-001  0.14543819E+001  0.42333060E+002
 -0.47076230E-001  0.61863618E-001  0.14543780E+001  0.42333064E+002
 -0.47076285E-001  0.61863060E-001  0.14543740E+001  0.42333068E+002
 -0.47076344E-001  0.61862518E-001  0.14543699E+001  0.42333070E+002
 -0.47076405E-001  0.61861995E-001  0.14543656E+001  0.42333073E+002
 -0.47076468E-001  0.61861490E-001  0.14543613E+001  0.42333075E+002
 -0.47076532E-001  0.61861005E-001  0.14543569E+001  0.42333077E+002
 -0.47076596E-001  0.61860539E-001  0.14543525E+001  0.42333079E+002
 -0.47076660E-001  0.61860094E-001  0.14543481E+001  0.42333080E+002
 -0.47076724E-001  0.61859668E-001  0.14543437E+001  0.42333081E+002
 -0.47076786E-001  0.61859263E-001  0.14543393E+001  0.42333082E+002
 -0.47076848E-001  0.61858878E-001  0.14543350E+001  0.42333082E+002
 -0.47076908E-001  0.61858512E-001  0.14543307E+001  0.42333083E+002
 -0.47076967E-001  0.61858165E-001  0.14543265E+001  0.42333083E+002
 -0.47077023E-001  0.61857836E-001  0.14543225E+001  0.42333084E+002
 -0.47077078E-001  0.61857526E-001  0.14543185E+001  0.42333084E+002
 -0.47077131E-001  0.61857233E-001  0.14543146E+001  0.42333084E+002
 -0.47077182E-001  0.61856958E-001  0.14543108E+001  0.42333084E+002
 -0.47077231E-001  0.61856698E-001  0.14543071E+001  0.42333084E+002
 -0.47077278E-001  0.61856454E-001  0.14543035E+001  0.42333084E+002
 -0.47077323E-001  0.61856226E-001  0.14543001E+001  0.42333083E+002
 -0.47077366E-001  0.61856011E-001  0.14542968E+001  0.42333083E+002
 -0.47077406E-001  0.61855810E-001  0.14542936E+001  0.42333083E+002
 -0.47077445E-001  0.61855623E-001  0.14542906E+001  0.42333083E+002
 -0.47077481E-001  0.61855447E-001  0.14542877E+001  0.42333083E+002
 -0.47077515E-001  0.61855284E-001  0.14542849E+001  0.42333083E+002
 -0.47077548E-001  0.61855131E-001  0.14542822E+001  0.42333083E+002
 -0.47077578E-001  0.61854989E-001  0.14542796E+001  0.42333083E+002
 -0.47077607E-001  0.61854857E-001  0.14542772E+001  0.42333083E+002
 -0.47077634E-001  0.61854734E-001  0.14542749E+001  0.42333083E+002
 -0.47077659E-001  0.61854621E-001  0.14542728E+001  0.42333083E+002
 -0.47077682E-001  0.61854515E-001  0.14542707E+001  0.42333083E+002
 -0.47077703E-001  0.61854417E-001  0.14542687E+001  0.42333083E+002
 -0.47077723E-001  0.61854327E-001  0.14542669E+001  0.42333083E+002
 -0.47077742E-001  0.61854243E-001  0.14542652E+001  0.42333083E+002
 -0.47077759E-001  0.61854166E-001  0.14542635E+001  0.42333084E+002
 -0.47077774E-001  0.61854095E-001  0.14542620E+001  0.42333084E+002
 -0.47077788E-001  0.61854029E-001  0.14542606E+001  0.42333084E+002
 -0.47077801E-001  0.61853969E-001  0.14542592E+001  0.42333085E+002
 -0.47077813E-001  0.61853913E-001  0.14542580E+001  0.42333085E+002
 -0.47077823E-001  0.61853862E-001  0.14542568E+001  0.42333086E+002
 -0.47077832E-001  0.61853815E-001  0.14542557E+001  0.42333086E+002
 -0.47077840E-001  0.61853772E-001  0.14542547E+001  0.42333087E+002
 -0.47077847E-001  0.61853733E-001  0.14542537E+001  0.42333087E+002
 -0.47077853E-001  0.61853697E-001  0.14542528E+001  0.42333088E+002
 -0.47077858E-001  0.61853664E-001  0.14542520E+001  0.42333088E+002
 -0.47077862E-001  0.61853634E-001  0.14542513E+001  0.42333089E+002
 -0.47077865E-001  0.61853606E-001  0.14542505E+001  0.42333089E+002
 -0.47077868E-001  0.61853581E-001  0.14542499E+001  0.42333089E+002
 -0.47077869E-001  0.61853558E-001  0.14542493E+001  0.42333090E+002
 -0.47077870E-001  0.61853537E-001  0.14542487E+001  0.42333090E+002
 -0.47077871E-001  0.61853518E-001  0.14542482E+001  0.42333091E+002
 -0.47077870E-001  0.61853501E-001  0.14542478E+001  0.42333091E+002
 -0.47077870E-001  0.61853485E-001  0.14542473E+001  0.42333091E+002
 -0.47077868E-001  0.61853471E-001  0.14542469E+001  0.42333091E+002
 -0.47077866E-001  0.61853457E-001  0.14542466E+001  0.42333091E+002
 -0.47077864E-001  0.61853445E-001  0.14542462E+001  0.42333091E+002
 -0.47077862E-001  0.61853434E-001  0.14542459E+001  0.42333091E+002
 -0.47077859E-001  0.61853424E-001  0.14542457E+001  0.42333091E+002
 -0.47077855E-001  0.61853414E-001  0.14542454E+001  0.42333091E+002
 -0.47077852E-001  0.61853406E-001  0.14542452E+001  0.42333091E+002
 -0.47077848E-001  0.61853398E-001  0.14542450E+001  0.42333090E+002
 -0.47077844E-001  0.61853390E-001  0.14542448E+001  0.42333090E+002
 -0.47077839E-001  0.61853383E-001  0.14542446E+001  0.42333089E+002
 -0.47077835E-001  0.61853376E-001  0.14542444E+001  0.42333089E+002
 -0.47077830E-001  0.61853369E-001  0.14542443E+001  0.42333088E+002
 -0.47077825E-001  0.61853363E-001  0.14542442E+001  0.42333087E+002
 -0.47077819E-001  0.61853357E-001  0.14542440E+001  0.42333086E+002
 -0.47077813E-001  0.61853352E-001  0.14542439E+001  0.42333086E+002
 -0.47077807E-001  0.61853347E-001  0.14542439E+001  0.42333084E+002
 -0.47077799E-001  0.61853343E-001  0.14542438E+001  0.42333083E+002
 -0.47077791E-001  0.61853340E-001  0.14542437E+001  0.42333082E+002
 -0.47077781E-001  0.61853340E-001  0.14542437E+001  0.42333081E+002
 -0.47077769E-001  0.61853341E-001  0.14542438E+001  0.42333080E+002
 -0.47077753E-001  0.61853347E-001  0.14542439E+001  0.42333078E+002
 -0.47077732E-001  0.61853359E-001  0.14542441E+001  0.42333077E+002
 -0.47077703E-001  0.61853381E-001  0.14542443E+001  0.42333076E+002
 -0.47077657E-001  0.61853424E-001  0.14542449E+001  0.42333075E+002
