  0.68630962E+000
  0.68652121E+000
  0.68662795E+000
  0.68670635E+000
  0.68676902E+000
  0.68681968E+000
  0.68686080E+000
  0.68689416E+000
  0.68692116E+000
  0.68694301E+000
  0.68696062E+000
  0.68697474E+000
  0.68698600E+000
  0.68699489E+000
  0.68700184E+000
  0.68700718E+000
  0.68701119E+000
  0.68701411E+000
  0.68701614E+000
  0.68701742E+000
  0.68701809E+000
  0.68701827E+000
  0.68701804E+000
  0.68701748E+000
  0.68701665E+000
  0.68701560E+000
  0.68701439E+000
  0.68701304E+000
  0.68701160E+000
  0.68701007E+000
  0.68700850E+000
  0.68700689E+000
  0.68700526E+000
  0.68700363E+000
  0.68700200E+000
  0.68700040E+000
  0.68699882E+000
  0.68699728E+000
  0.68699579E+000
  0.68699434E+000
  0.68699295E+000
  0.68699161E+000
  0.68699034E+000
  0.68698913E+000
  0.68698800E+000
  0.68698693E+000
  0.68698593E+000
  0.68698500E+000
  0.68698414E+000
  0.68698333E+000
  0.68698259E+000
  0.68698190E+000
  0.68698126E+000
  0.68698067E+000
  0.68698011E+000
  0.68697957E+000
  0.68697907E+000
  0.68697858E+000
  0.68697810E+000
  0.68697762E+000
  0.68697715E+000
  0.68697668E+000
  0.68697620E+000
  0.68697572E+000
  0.68697523E+000
  0.68697472E+000
  0.68697421E+000
  0.68697369E+000
  0.68697316E+000
  0.68697261E+000
  0.68697206E+000
  0.68697150E+000
  0.68697094E+000
  0.68697037E+000
  0.68696980E+000
  0.68696923E+000
  0.68696865E+000
  0.68696808E+000
  0.68696751E+000
  0.68696695E+000
  0.68696639E+000
  0.68696584E+000
  0.68696530E+000
  0.68696477E+000
  0.68696425E+000
  0.68696375E+000
  0.68696326E+000
  0.68696279E+000
  0.68696233E+000
  0.68696189E+000
  0.68696147E+000
  0.68696106E+000
  0.68696068E+000
  0.68696031E+000
  0.68695996E+000
  0.68695963E+000
  0.68695933E+000
  0.68695904E+000
  0.68695877E+000
  0.68695851E+000
  0.68695828E+000
  0.68695806E+000
  0.68695786E+000
  0.68695768E+000
  0.68695751E+000
  0.68695736E+000
  0.68695722E+000
  0.68695709E+000
  0.68695698E+000
  0.68695688E+000
  0.68695679E+000
  0.68695671E+000
  0.68695664E+000
  0.68695658E+000
  0.68695653E+000
  0.68695648E+000
  0.68695645E+000
  0.68695642E+000
  0.68695639E+000
  0.68695637E+000
  0.68695636E+000
  0.68695634E+000
  0.68695634E+000
  0.68695633E+000
  0.68695633E+000
  0.68695633E+000
  0.68695634E+000
  0.68695634E+000
  0.68695635E+000
  0.68695636E+000
  0.68695637E+000
  0.68695639E+000
  0.68695640E+000
  0.68695642E+000
  0.68695643E+000
  0.68695645E+000
  0.68695646E+000
  0.68695648E+000
  0.68695650E+000
  0.68695652E+000
  0.68695654E+000
  0.68695655E+000
  0.68695657E+000
  0.68695659E+000
  0.68695661E+000
  0.68695663E+000
  0.68695665E+000
  0.68695667E+000
  0.68695668E+000
  0.68695670E+000
  0.68695672E+000
  0.68695674E+000
  0.68695675E+000
  0.68695677E+000
  0.68695679E+000
  0.68695680E+000
  0.68695682E+000
  0.68695683E+000
  0.68695685E+000
  0.68695686E+000
  0.68695688E+000
  0.68695689E+000
  0.68695691E+000
  0.68695692E+000
  0.68695693E+000
  0.68695694E+000
  0.68695696E+000
  0.68695697E+000
  0.68695698E+000
  0.68695699E+000
  0.68695700E+000
  0.68695701E+000
  0.68695702E+000
  0.68695703E+000
  0.68695704E+000
  0.68695705E+000
  0.68695705E+000
  0.68695706E+000
  0.68695707E+000
  0.68695708E+000
  0.68695708E+000
  0.68695709E+000
  0.68695710E+000
  0.68695710E+000
  0.68695711E+000
  0.68695711E+000
  0.68695712E+000
  0.68695713E+000
  0.68695713E+000
  0.68695714E+000
  0.68695714E+000
  0.68695715E+000
  0.68695715E+000
  0.68695716E+000
  0.68695717E+000
  0.68695718E+000
  0.68695719E+000
  0.68695720E+000
  0.68695720E+000
  0.68695714E+000
