  0.89014684E+000
  0.89040777E+000
  0.89053940E+000
  0.89063608E+000
  0.89071335E+000
  0.89077583E+000
  0.89082653E+000
  0.89086766E+000
  0.89090096E+000
  0.89092791E+000
  0.89094962E+000
  0.89096704E+000
  0.89098092E+000
  0.89099189E+000
  0.89100046E+000
  0.89100704E+000
  0.89101199E+000
  0.89101559E+000
  0.89101808E+000
  0.89101966E+000
  0.89102049E+000
  0.89102071E+000
  0.89102043E+000
  0.89101974E+000
  0.89101871E+000
  0.89101743E+000
  0.89101593E+000
  0.89101427E+000
  0.89101248E+000
  0.89101061E+000
  0.89100866E+000
  0.89100668E+000
  0.89100467E+000
  0.89100266E+000
  0.89100066E+000
  0.89099868E+000
  0.89099674E+000
  0.89099484E+000
  0.89099299E+000
  0.89099120E+000
  0.89098949E+000
  0.89098784E+000
  0.89098627E+000
  0.89098479E+000
  0.89098338E+000
  0.89098207E+000
  0.89098084E+000
  0.89097969E+000
  0.89097862E+000
  0.89097763E+000
  0.89097672E+000
  0.89097587E+000
  0.89097508E+000
  0.89097434E+000
  0.89097365E+000
  0.89097300E+000
  0.89097237E+000
  0.89097177E+000
  0.89097117E+000
  0.89097059E+000
  0.89097001E+000
  0.89096943E+000
  0.89096884E+000
  0.89096824E+000
  0.89096764E+000
  0.89096702E+000
  0.89096638E+000
  0.89096574E+000
  0.89096508E+000
  0.89096441E+000
  0.89096373E+000
  0.89096305E+000
  0.89096235E+000
  0.89096165E+000
  0.89096094E+000
  0.89096024E+000
  0.89095953E+000
  0.89095882E+000
  0.89095812E+000
  0.89095743E+000
  0.89095674E+000
  0.89095606E+000
  0.89095540E+000
  0.89095474E+000
  0.89095411E+000
  0.89095348E+000
  0.89095288E+000
  0.89095230E+000
  0.89095173E+000
  0.89095119E+000
  0.89095067E+000
  0.89095017E+000
  0.89094969E+000
  0.89094924E+000
  0.89094881E+000
  0.89094841E+000
  0.89094803E+000
  0.89094767E+000
  0.89094734E+000
  0.89094702E+000
  0.89094674E+000
  0.89094647E+000
  0.89094622E+000
  0.89094599E+000
  0.89094579E+000
  0.89094560E+000
  0.89094543E+000
  0.89094527E+000
  0.89094513E+000
  0.89094501E+000
  0.89094490E+000
  0.89094480E+000
  0.89094472E+000
  0.89094464E+000
  0.89094458E+000
  0.89094452E+000
  0.89094448E+000
  0.89094444E+000
  0.89094441E+000
  0.89094438E+000
  0.89094436E+000
  0.89094435E+000
  0.89094434E+000
  0.89094434E+000
  0.89094434E+000
  0.89094434E+000
  0.89094434E+000
  0.89094435E+000
  0.89094436E+000
  0.89094437E+000
  0.89094439E+000
  0.89094440E+000
  0.89094442E+000
  0.89094444E+000
  0.89094446E+000
  0.89094448E+000
  0.89094450E+000
  0.89094452E+000
  0.89094454E+000
  0.89094456E+000
  0.89094459E+000
  0.89094461E+000
  0.89094463E+000
  0.89094466E+000
  0.89094468E+000
  0.89094470E+000
  0.89094472E+000
  0.89094475E+000
  0.89094477E+000
  0.89094479E+000
  0.89094481E+000
  0.89094483E+000
  0.89094486E+000
  0.89094488E+000
  0.89094490E+000
  0.89094492E+000
  0.89094494E+000
  0.89094496E+000
  0.89094497E+000
  0.89094499E+000
  0.89094501E+000
  0.89094503E+000
  0.89094504E+000
  0.89094506E+000
  0.89094508E+000
  0.89094509E+000
  0.89094511E+000
  0.89094512E+000
  0.89094513E+000
  0.89094515E+000
  0.89094516E+000
  0.89094517E+000
  0.89094518E+000
  0.89094519E+000
  0.89094521E+000
  0.89094522E+000
  0.89094523E+000
  0.89094524E+000
  0.89094524E+000
  0.89094525E+000
  0.89094526E+000
  0.89094527E+000
  0.89094528E+000
  0.89094529E+000
  0.89094529E+000
  0.89094530E+000
  0.89094531E+000
  0.89094531E+000
  0.89094532E+000
  0.89094533E+000
  0.89094534E+000
  0.89094534E+000
  0.89094535E+000
  0.89094536E+000
  0.89094537E+000
  0.89094538E+000
  0.89094539E+000
  0.89094541E+000
  0.89094541E+000
  0.89094533E+000
