  0.10950479E+002
  0.10949769E+002
  0.10949183E+002
  0.10948702E+002
  0.10948309E+002
  0.10947992E+002
  0.10947737E+002
  0.10947534E+002
  0.10947376E+002
  0.10947255E+002
  0.10947165E+002
  0.10947100E+002
  0.10947058E+002
  0.10947033E+002
  0.10947022E+002
  0.10947025E+002
  0.10947037E+002
  0.10947059E+002
  0.10947087E+002
  0.10947121E+002
  0.10947160E+002
  0.10947203E+002
  0.10947249E+002
  0.10947297E+002
  0.10947347E+002
  0.10947399E+002
  0.10947452E+002
  0.10947506E+002
  0.10947561E+002
  0.10947615E+002
  0.10947670E+002
  0.10947725E+002
  0.10947779E+002
  0.10947833E+002
  0.10947886E+002
  0.10947939E+002
  0.10947990E+002
  0.10948041E+002
  0.10948092E+002
  0.10948141E+002
  0.10948189E+002
  0.10948237E+002
  0.10948283E+002
  0.10948329E+002
  0.10948374E+002
  0.10948418E+002
  0.10948461E+002
  0.10948504E+002
  0.10948546E+002
  0.10948588E+002
  0.10948630E+002
  0.10948672E+002
  0.10948713E+002
  0.10948755E+002
  0.10948797E+002
  0.10948839E+002
  0.10948881E+002
  0.10948924E+002
  0.10948967E+002
  0.10949011E+002
  0.10949055E+002
  0.10949100E+002
  0.10949145E+002
  0.10949190E+002
  0.10949236E+002
  0.10949281E+002
  0.10949327E+002
  0.10949374E+002
  0.10949420E+002
  0.10949466E+002
  0.10949512E+002
  0.10949558E+002
  0.10949603E+002
  0.10949648E+002
  0.10949693E+002
  0.10949736E+002
  0.10949779E+002
  0.10949822E+002
  0.10949863E+002
  0.10949903E+002
  0.10949943E+002
  0.10949981E+002
  0.10950018E+002
  0.10950054E+002
  0.10950089E+002
  0.10950122E+002
  0.10950154E+002
  0.10950184E+002
  0.10950213E+002
  0.10950241E+002
  0.10950267E+002
  0.10950292E+002
  0.10950316E+002
  0.10950338E+002
  0.10950359E+002
  0.10950378E+002
  0.10950396E+002
  0.10950413E+002
  0.10950428E+002
  0.10950443E+002
  0.10950456E+002
  0.10950468E+002
  0.10950479E+002
  0.10950489E+002
  0.10950498E+002
  0.10950507E+002
  0.10950514E+002
  0.10950521E+002
  0.10950526E+002
  0.10950532E+002
  0.10950536E+002
  0.10950540E+002
  0.10950544E+002
  0.10950546E+002
  0.10950549E+002
  0.10950551E+002
  0.10950553E+002
  0.10950554E+002
  0.10950555E+002
  0.10950556E+002
  0.10950556E+002
  0.10950556E+002
  0.10950556E+002
  0.10950556E+002
  0.10950556E+002
  0.10950555E+002
  0.10950555E+002
  0.10950554E+002
  0.10950553E+002
  0.10950552E+002
  0.10950552E+002
  0.10950551E+002
  0.10950550E+002
  0.10950549E+002
  0.10950548E+002
  0.10950546E+002
  0.10950545E+002
  0.10950544E+002
  0.10950543E+002
  0.10950542E+002
  0.10950541E+002
  0.10950540E+002
  0.10950539E+002
  0.10950538E+002
  0.10950537E+002
  0.10950537E+002
  0.10950536E+002
  0.10950535E+002
  0.10950534E+002
  0.10950534E+002
  0.10950533E+002
  0.10950532E+002
  0.10950532E+002
  0.10950531E+002
  0.10950531E+002
  0.10950530E+002
  0.10950530E+002
  0.10950530E+002
  0.10950529E+002
  0.10950529E+002
  0.10950529E+002
  0.10950529E+002
  0.10950528E+002
  0.10950528E+002
  0.10950528E+002
  0.10950528E+002
  0.10950528E+002
  0.10950528E+002
  0.10950528E+002
  0.10950528E+002
  0.10950527E+002
  0.10950527E+002
  0.10950527E+002
  0.10950527E+002
  0.10950527E+002
  0.10950527E+002
  0.10950527E+002
  0.10950527E+002
  0.10950527E+002
  0.10950527E+002
  0.10950527E+002
  0.10950527E+002
  0.10950527E+002
  0.10950526E+002
  0.10950526E+002
  0.10950526E+002
  0.10950526E+002
  0.10950526E+002
  0.10950525E+002
  0.10950525E+002
  0.10950525E+002
  0.10950525E+002
  0.10950524E+002
  0.10950524E+002
  0.10950524E+002
  0.10950523E+002
  0.10950523E+002
  0.10950523E+002
  0.10950523E+002
  0.10950523E+002
