  0.52304222E+000
  0.53372196E+000
  0.53341724E+000
  0.53217105E+000
  0.53100318E+000
  0.52999669E+000
  0.52914515E+000
  0.52842801E+000
  0.52782539E+000
  0.52731674E+000
  0.52688697E+000
  0.52652356E+000
  0.52621608E+000
  0.52596045E+000
  0.52574511E+000
  0.52556273E+000
  0.52540811E+000
  0.52527690E+000
  0.52516541E+000
  0.52507054E+000
  0.52498963E+000
  0.52492043E+000
  0.52486101E+000
  0.52480975E+000
  0.52476526E+000
  0.52472635E+000
  0.52469200E+000
  0.52466134E+000
  0.52463362E+000
  0.52460819E+000
  0.52458455E+000
  0.52456226E+000
  0.52454097E+000
  0.52452034E+000
  0.52450009E+000
  0.52448002E+000
  0.52445994E+000
  0.52443973E+000
  0.52441929E+000
  0.52439853E+000
  0.52437742E+000
  0.52435592E+000
  0.52433402E+000
  0.52431172E+000
  0.52428902E+000
  0.52426594E+000
  0.52424250E+000
  0.52421871E+000
  0.52419459E+000
  0.52417017E+000
  0.52414544E+000
  0.52412042E+000
  0.52409511E+000
  0.52406953E+000
  0.52404366E+000
  0.52401752E+000
  0.52399111E+000
  0.52396443E+000
  0.52393749E+000
  0.52391031E+000
  0.52388291E+000
  0.52385532E+000
  0.52382755E+000
  0.52379965E+000
  0.52377166E+000
  0.52374362E+000
  0.52371558E+000
  0.52368759E+000
  0.52365970E+000
  0.52363198E+000
  0.52360447E+000
  0.52357723E+000
  0.52355032E+000
  0.52352380E+000
  0.52349771E+000
  0.52347212E+000
  0.52344707E+000
  0.52342262E+000
  0.52339879E+000
  0.52337565E+000
  0.52335322E+000
  0.52333154E+000
  0.52331063E+000
  0.52329054E+000
  0.52327127E+000
  0.52325285E+000
  0.52323529E+000
  0.52321860E+000
  0.52320278E+000
  0.52318783E+000
  0.52317375E+000
  0.52316053E+000
  0.52314815E+000
  0.52313660E+000
  0.52312587E+000
  0.52311593E+000
  0.52310675E+000
  0.52309831E+000
  0.52309058E+000
  0.52308353E+000
  0.52307712E+000
  0.52307132E+000
  0.52306610E+000
  0.52306143E+000
  0.52305725E+000
  0.52305356E+000
  0.52305030E+000
  0.52304744E+000
  0.52304495E+000
  0.52304281E+000
  0.52304097E+000
  0.52303942E+000
  0.52303812E+000
  0.52303705E+000
  0.52303618E+000
  0.52303549E+000
  0.52303496E+000
  0.52303457E+000
  0.52303430E+000
  0.52303414E+000
  0.52303407E+000
  0.52303409E+000
  0.52303416E+000
  0.52303430E+000
  0.52303448E+000
  0.52303470E+000
  0.52303495E+000
  0.52303523E+000
  0.52303553E+000
  0.52303584E+000
  0.52303617E+000
  0.52303650E+000
  0.52303683E+000
  0.52303716E+000
  0.52303750E+000
  0.52303783E+000
  0.52303816E+000
  0.52303848E+000
  0.52303879E+000
  0.52303910E+000
  0.52303940E+000
  0.52303969E+000
  0.52303997E+000
  0.52304024E+000
  0.52304050E+000
  0.52304075E+000
  0.52304099E+000
  0.52304121E+000
  0.52304143E+000
  0.52304163E+000
  0.52304183E+000
  0.52304201E+000
  0.52304218E+000
  0.52304235E+000
  0.52304250E+000
  0.52304264E+000
  0.52304277E+000
  0.52304289E+000
  0.52304300E+000
  0.52304310E+000
  0.52304319E+000
  0.52304327E+000
  0.52304335E+000
  0.52304341E+000
  0.52304347E+000
  0.52304352E+000
  0.52304356E+000
  0.52304360E+000
  0.52304362E+000
  0.52304364E+000
  0.52304366E+000
  0.52304367E+000
  0.52304367E+000
  0.52304367E+000
  0.52304366E+000
  0.52304365E+000
  0.52304363E+000
  0.52304361E+000
  0.52304359E+000
  0.52304356E+000
  0.52304353E+000
  0.52304350E+000
  0.52304346E+000
  0.52304342E+000
  0.52304338E+000
  0.52304334E+000
  0.52304330E+000
  0.52304325E+000
  0.52304320E+000
  0.52304315E+000
  0.52304309E+000
  0.52304303E+000
  0.52304296E+000
  0.52304288E+000
  0.52304278E+000
  0.52304267E+000
  0.52304252E+000
  0.52304233E+000
  0.52304205E+000
  0.52304148E+000
