  0.23372266E+000
  0.24442227E+000
  0.24413836E+000
  0.24290674E+000
  0.24174767E+000
  0.24074550E+000
  0.23989489E+000
  0.23917614E+000
  0.23857006E+000
  0.23805664E+000
  0.23762120E+000
  0.23725155E+000
  0.23693755E+000
  0.23667533E+000
  0.23645350E+000
  0.23626486E+000
  0.23610432E+000
  0.23596762E+000
  0.23585115E+000
  0.23575183E+000
  0.23566705E+000
  0.23559457E+000
  0.23553249E+000
  0.23547917E+000
  0.23543321E+000
  0.23539341E+000
  0.23535872E+000
  0.23532824E+000
  0.23530118E+000
  0.23527686E+000
  0.23525473E+000
  0.23523430E+000
  0.23521518E+000
  0.23519696E+000
  0.23517933E+000
  0.23516203E+000
  0.23514484E+000
  0.23512757E+000
  0.23511009E+000
  0.23509229E+000
  0.23507408E+000
  0.23505541E+000
  0.23503625E+000
  0.23501657E+000
  0.23499637E+000
  0.23497566E+000
  0.23495446E+000
  0.23493278E+000
  0.23491066E+000
  0.23488810E+000
  0.23486513E+000
  0.23484177E+000
  0.23481803E+000
  0.23479392E+000
  0.23476945E+000
  0.23474463E+000
  0.23471947E+000
  0.23469398E+000
  0.23466815E+000
  0.23464202E+000
  0.23461560E+000
  0.23458891E+000
  0.23456198E+000
  0.23453484E+000
  0.23450753E+000
  0.23448009E+000
  0.23445257E+000
  0.23442502E+000
  0.23439749E+000
  0.23437002E+000
  0.23434268E+000
  0.23431553E+000
  0.23428861E+000
  0.23426198E+000
  0.23423570E+000
  0.23420982E+000
  0.23418439E+000
  0.23415947E+000
  0.23413510E+000
  0.23411131E+000
  0.23408817E+000
  0.23406569E+000
  0.23404392E+000
  0.23402288E+000
  0.23400260E+000
  0.23398312E+000
  0.23396443E+000
  0.23394656E+000
  0.23392952E+000
  0.23391331E+000
  0.23389793E+000
  0.23388338E+000
  0.23386965E+000
  0.23385673E+000
  0.23384461E+000
  0.23383328E+000
  0.23382270E+000
  0.23381287E+000
  0.23380375E+000
  0.23379531E+000
  0.23378754E+000
  0.23378040E+000
  0.23377385E+000
  0.23376787E+000
  0.23376243E+000
  0.23375750E+000
  0.23375303E+000
  0.23374900E+000
  0.23374538E+000
  0.23374214E+000
  0.23373925E+000
  0.23373668E+000
  0.23373440E+000
  0.23373239E+000
  0.23373063E+000
  0.23372908E+000
  0.23372774E+000
  0.23372658E+000
  0.23372558E+000
  0.23372472E+000
  0.23372399E+000
  0.23372338E+000
  0.23372287E+000
  0.23372245E+000
  0.23372211E+000
  0.23372185E+000
  0.23372164E+000
  0.23372149E+000
  0.23372138E+000
  0.23372132E+000
  0.23372129E+000
  0.23372130E+000
  0.23372132E+000
  0.23372138E+000
  0.23372145E+000
  0.23372154E+000
  0.23372164E+000
  0.23372175E+000
  0.23372187E+000
  0.23372200E+000
  0.23372213E+000
  0.23372227E+000
  0.23372241E+000
  0.23372255E+000
  0.23372269E+000
  0.23372283E+000
  0.23372297E+000
  0.23372310E+000
  0.23372324E+000
  0.23372336E+000
  0.23372349E+000
  0.23372361E+000
  0.23372372E+000
  0.23372383E+000
  0.23372393E+000
  0.23372402E+000
  0.23372411E+000
  0.23372419E+000
  0.23372427E+000
  0.23372434E+000
  0.23372440E+000
  0.23372445E+000
  0.23372450E+000
  0.23372454E+000
  0.23372457E+000
  0.23372460E+000
  0.23372462E+000
  0.23372464E+000
  0.23372465E+000
  0.23372465E+000
  0.23372465E+000
  0.23372464E+000
  0.23372463E+000
  0.23372461E+000
  0.23372459E+000
  0.23372457E+000
  0.23372454E+000
  0.23372450E+000
  0.23372446E+000
  0.23372442E+000
  0.23372438E+000
  0.23372433E+000
  0.23372428E+000
  0.23372423E+000
  0.23372418E+000
  0.23372412E+000
  0.23372406E+000
  0.23372400E+000
  0.23372393E+000
  0.23372387E+000
  0.23372379E+000
  0.23372372E+000
  0.23372363E+000
  0.23372353E+000
  0.23372342E+000
  0.23372329E+000
  0.23372312E+000
  0.23372292E+000
  0.23372262E+000
  0.23372203E+000
