  0.52114316E-006
  0.52110736E-006
  0.52106987E-006
  0.52104365E-006
  0.52102778E-006
  0.52102001E-006
  0.52101834E-006
  0.52102123E-006
  0.52102746E-006
  0.52103606E-006
  0.52104627E-006
  0.52105749E-006
  0.52106924E-006
  0.52108112E-006
  0.52109282E-006
  0.52110410E-006
  0.52111475E-006
  0.52112463E-006
  0.52113362E-006
  0.52114163E-006
  0.52114860E-006
  0.52115449E-006
  0.52115929E-006
  0.52116301E-006
  0.52116565E-006
  0.52116725E-006
  0.52116787E-006
  0.52116754E-006
  0.52116635E-006
  0.52116435E-006
  0.52116163E-006
  0.52115829E-006
  0.52115439E-006
  0.52115004E-006
  0.52114532E-006
  0.52114032E-006
  0.52113513E-006
  0.52112983E-006
  0.52112448E-006
  0.52111917E-006
  0.52111393E-006
  0.52110884E-006
  0.52110391E-006
  0.52109919E-006
  0.52109468E-006
  0.52109041E-006
  0.52108638E-006
  0.52108257E-006
  0.52107899E-006
  0.52107562E-006
  0.52107245E-006
  0.52106947E-006
  0.52106665E-006
  0.52106398E-006
  0.52106147E-006
  0.52105908E-006
  0.52105683E-006
  0.52105470E-006
  0.52105269E-006
  0.52105080E-006
  0.52104904E-006
  0.52104741E-006
  0.52104590E-006
  0.52104453E-006
  0.52104330E-006
  0.52104221E-006
  0.52104128E-006
  0.52104049E-006
  0.52103986E-006
  0.52103939E-006
  0.52103908E-006
  0.52103894E-006
  0.52103896E-006
  0.52103915E-006
  0.52103950E-006
  0.52104002E-006
  0.52104070E-006
  0.52104154E-006
  0.52104253E-006
  0.52104368E-006
  0.52104497E-006
  0.52104641E-006
  0.52104797E-006
  0.52104967E-006
  0.52105148E-006
  0.52105340E-006
  0.52105543E-006
  0.52105755E-006
  0.52105975E-006
  0.52106202E-006
  0.52106436E-006
  0.52106676E-006
  0.52106919E-006
  0.52107166E-006
  0.52107416E-006
  0.52107667E-006
  0.52107919E-006
  0.52108171E-006
  0.52108421E-006
  0.52108670E-006
  0.52108915E-006
  0.52109158E-006
  0.52109397E-006
  0.52109630E-006
  0.52109859E-006
  0.52110083E-006
  0.52110300E-006
  0.52110511E-006
  0.52110715E-006
  0.52110913E-006
  0.52111103E-006
  0.52111286E-006
  0.52111462E-006
  0.52111631E-006
  0.52111792E-006
  0.52111946E-006
  0.52112092E-006
  0.52112232E-006
  0.52112364E-006
  0.52112489E-006
  0.52112608E-006
  0.52112720E-006
  0.52112826E-006
  0.52112926E-006
  0.52113020E-006
  0.52113108E-006
  0.52113190E-006
  0.52113268E-006
  0.52113340E-006
  0.52113408E-006
  0.52113471E-006
  0.52113530E-006
  0.52113585E-006
  0.52113636E-006
  0.52113683E-006
  0.52113727E-006
  0.52113768E-006
  0.52113806E-006
  0.52113841E-006
  0.52113873E-006
  0.52113903E-006
  0.52113930E-006
  0.52113955E-006
  0.52113978E-006
  0.52114000E-006
  0.52114020E-006
  0.52114038E-006
  0.52114054E-006
  0.52114069E-006
  0.52114083E-006
  0.52114096E-006
  0.52114108E-006
  0.52114118E-006
  0.52114128E-006
  0.52114137E-006
  0.52114145E-006
  0.52114153E-006
  0.52114160E-006
  0.52114166E-006
  0.52114172E-006
  0.52114178E-006
  0.52114183E-006
  0.52114187E-006
  0.52114192E-006
  0.52114196E-006
  0.52114200E-006
  0.52114203E-006
  0.52114207E-006
  0.52114210E-006
  0.52114213E-006
  0.52114216E-006
  0.52114219E-006
  0.52114222E-006
  0.52114224E-006
  0.52114227E-006
  0.52114230E-006
  0.52114232E-006
  0.52114235E-006
  0.52114237E-006
  0.52114240E-006
  0.52114242E-006
  0.52114244E-006
  0.52114247E-006
  0.52114249E-006
  0.52114252E-006
  0.52114254E-006
  0.52114257E-006
  0.52114260E-006
  0.52114262E-006
  0.52114265E-006
  0.52114268E-006
  0.52114271E-006
  0.52114274E-006
  0.52114276E-006
  0.52114279E-006
  0.52114283E-006
  0.52114286E-006
  0.52114289E-006
  0.52114292E-006
  0.52114297E-006
