  0.37555754E+000
  0.37554389E+000
  0.37553300E+000
  0.37552431E+000
  0.37551741E+000
  0.37551194E+000
  0.37550763E+000
  0.37550423E+000
  0.37550158E+000
  0.37549951E+000
  0.37549790E+000
  0.37549665E+000
  0.37549568E+000
  0.37549491E+000
  0.37549430E+000
  0.37549380E+000
  0.37549338E+000
  0.37549301E+000
  0.37549266E+000
  0.37549232E+000
  0.37549198E+000
  0.37549161E+000
  0.37549122E+000
  0.37549079E+000
  0.37549033E+000
  0.37548982E+000
  0.37548927E+000
  0.37548867E+000
  0.37548802E+000
  0.37548732E+000
  0.37548658E+000
  0.37548580E+000
  0.37548497E+000
  0.37548410E+000
  0.37548319E+000
  0.37548225E+000
  0.37548128E+000
  0.37548028E+000
  0.37547926E+000
  0.37547822E+000
  0.37547716E+000
  0.37547610E+000
  0.37547503E+000
  0.37547397E+000
  0.37547291E+000
  0.37547186E+000
  0.37547082E+000
  0.37546981E+000
  0.37546882E+000
  0.37546786E+000
  0.37546693E+000
  0.37546605E+000
  0.37546521E+000
  0.37546442E+000
  0.37546369E+000
  0.37546302E+000
  0.37546241E+000
  0.37546187E+000
  0.37546140E+000
  0.37546102E+000
  0.37546071E+000
  0.37546049E+000
  0.37546036E+000
  0.37546033E+000
  0.37546039E+000
  0.37546055E+000
  0.37546081E+000
  0.37546117E+000
  0.37546164E+000
  0.37546221E+000
  0.37546289E+000
  0.37546367E+000
  0.37546456E+000
  0.37546555E+000
  0.37546665E+000
  0.37546785E+000
  0.37546914E+000
  0.37547053E+000
  0.37547201E+000
  0.37547358E+000
  0.37547523E+000
  0.37547695E+000
  0.37547875E+000
  0.37548061E+000
  0.37548254E+000
  0.37548451E+000
  0.37548654E+000
  0.37548860E+000
  0.37549070E+000
  0.37549283E+000
  0.37549498E+000
  0.37549713E+000
  0.37549930E+000
  0.37550147E+000
  0.37550362E+000
  0.37550577E+000
  0.37550790E+000
  0.37551000E+000
  0.37551208E+000
  0.37551412E+000
  0.37551613E+000
  0.37551809E+000
  0.37552000E+000
  0.37552187E+000
  0.37552369E+000
  0.37552545E+000
  0.37552715E+000
  0.37552880E+000
  0.37553038E+000
  0.37553191E+000
  0.37553338E+000
  0.37553478E+000
  0.37553613E+000
  0.37553741E+000
  0.37553864E+000
  0.37553980E+000
  0.37554091E+000
  0.37554196E+000
  0.37554296E+000
  0.37554390E+000
  0.37554479E+000
  0.37554563E+000
  0.37554642E+000
  0.37554717E+000
  0.37554787E+000
  0.37554852E+000
  0.37554914E+000
  0.37554971E+000
  0.37555025E+000
  0.37555075E+000
  0.37555122E+000
  0.37555166E+000
  0.37555206E+000
  0.37555244E+000
  0.37555279E+000
  0.37555311E+000
  0.37555342E+000
  0.37555369E+000
  0.37555395E+000
  0.37555419E+000
  0.37555441E+000
  0.37555461E+000
  0.37555479E+000
  0.37555496E+000
  0.37555512E+000
  0.37555527E+000
  0.37555540E+000
  0.37555552E+000
  0.37555563E+000
  0.37555573E+000
  0.37555583E+000
  0.37555591E+000
  0.37555599E+000
  0.37555606E+000
  0.37555613E+000
  0.37555619E+000
  0.37555624E+000
  0.37555630E+000
  0.37555634E+000
  0.37555639E+000
  0.37555643E+000
  0.37555647E+000
  0.37555650E+000
  0.37555653E+000
  0.37555656E+000
  0.37555659E+000
  0.37555662E+000
  0.37555665E+000
  0.37555667E+000
  0.37555670E+000
  0.37555672E+000
  0.37555674E+000
  0.37555676E+000
  0.37555679E+000
  0.37555681E+000
  0.37555683E+000
  0.37555685E+000
  0.37555687E+000
  0.37555689E+000
  0.37555691E+000
  0.37555693E+000
  0.37555695E+000
  0.37555697E+000
  0.37555699E+000
  0.37555701E+000
  0.37555703E+000
  0.37555706E+000
  0.37555708E+000
  0.37555710E+000
  0.37555712E+000
  0.37555715E+000
  0.37555717E+000
  0.37555719E+000
  0.37555722E+000
  0.37555725E+000
  0.37555727E+000
  0.37555730E+000
  0.37555733E+000
  0.37555736E+000
  0.37555739E+000
