  0.69328195E-001
  0.69591249E-001
  0.69754534E-001
  0.69859930E-001
  0.69927235E-001
  0.69967959E-001
  0.69989626E-001
  0.69997489E-001
  0.69995358E-001
  0.69986045E-001
  0.69971658E-001
  0.69953811E-001
  0.69933708E-001
  0.69912261E-001
  0.69890166E-001
  0.69867957E-001
  0.69846038E-001
  0.69824711E-001
  0.69804196E-001
  0.69784649E-001
  0.69766174E-001
  0.69748833E-001
  0.69732653E-001
  0.69717636E-001
  0.69703760E-001
  0.69690987E-001
  0.69679266E-001
  0.69668536E-001
  0.69658739E-001
  0.69649807E-001
  0.69641656E-001
  0.69634202E-001
  0.69627364E-001
  0.69621064E-001
  0.69615226E-001
  0.69609781E-001
  0.69604662E-001
  0.69599808E-001
  0.69595166E-001
  0.69590685E-001
  0.69586323E-001
  0.69582041E-001
  0.69577808E-001
  0.69573594E-001
  0.69569378E-001
  0.69565142E-001
  0.69560869E-001
  0.69556548E-001
  0.69552170E-001
  0.69547728E-001
  0.69543217E-001
  0.69538635E-001
  0.69533979E-001
  0.69529249E-001
  0.69524445E-001
  0.69519568E-001
  0.69514620E-001
  0.69509603E-001
  0.69504522E-001
  0.69499381E-001
  0.69494185E-001
  0.69488940E-001
  0.69483652E-001
  0.69478331E-001
  0.69472983E-001
  0.69467619E-001
  0.69462247E-001
  0.69456879E-001
  0.69451524E-001
  0.69446194E-001
  0.69440898E-001
  0.69435649E-001
  0.69430458E-001
  0.69425335E-001
  0.69420290E-001
  0.69415335E-001
  0.69410479E-001
  0.69405731E-001
  0.69401101E-001
  0.69396596E-001
  0.69392224E-001
  0.69387991E-001
  0.69383905E-001
  0.69379969E-001
  0.69376189E-001
  0.69372568E-001
  0.69369109E-001
  0.69365814E-001
  0.69362684E-001
  0.69359720E-001
  0.69356920E-001
  0.69354282E-001
  0.69351807E-001
  0.69349489E-001
  0.69347327E-001
  0.69345317E-001
  0.69343453E-001
  0.69341732E-001
  0.69340146E-001
  0.69338692E-001
  0.69337362E-001
  0.69336150E-001
  0.69335051E-001
  0.69334058E-001
  0.69333164E-001
  0.69332362E-001
  0.69331647E-001
  0.69331012E-001
  0.69330451E-001
  0.69329957E-001
  0.69329525E-001
  0.69329150E-001
  0.69328826E-001
  0.69328548E-001
  0.69328312E-001
  0.69328114E-001
  0.69327949E-001
  0.69327813E-001
  0.69327703E-001
  0.69327617E-001
  0.69327550E-001
  0.69327501E-001
  0.69327467E-001
  0.69327447E-001
  0.69327437E-001
  0.69327437E-001
  0.69327446E-001
  0.69327461E-001
  0.69327482E-001
  0.69327507E-001
  0.69327537E-001
  0.69327569E-001
  0.69327604E-001
  0.69327641E-001
  0.69327679E-001
  0.69327718E-001
  0.69327757E-001
  0.69327797E-001
  0.69327837E-001
  0.69327876E-001
  0.69327915E-001
  0.69327954E-001
  0.69327992E-001
  0.69328028E-001
  0.69328064E-001
  0.69328099E-001
  0.69328132E-001
  0.69328164E-001
  0.69328195E-001
  0.69328224E-001
  0.69328252E-001
  0.69328279E-001
  0.69328304E-001
  0.69328327E-001
  0.69328350E-001
  0.69328370E-001
  0.69328389E-001
  0.69328407E-001
  0.69328423E-001
  0.69328438E-001
  0.69328451E-001
  0.69328463E-001
  0.69328474E-001
  0.69328483E-001
  0.69328491E-001
  0.69328497E-001
  0.69328503E-001
  0.69328507E-001
  0.69328510E-001
  0.69328512E-001
  0.69328513E-001
  0.69328513E-001
  0.69328512E-001
  0.69328510E-001
  0.69328507E-001
  0.69328503E-001
  0.69328499E-001
  0.69328494E-001
  0.69328488E-001
  0.69328482E-001
  0.69328475E-001
  0.69328468E-001
  0.69328460E-001
  0.69328452E-001
  0.69328443E-001
  0.69328434E-001
  0.69328425E-001
  0.69328415E-001
  0.69328404E-001
  0.69328394E-001
  0.69328382E-001
  0.69328369E-001
  0.69328355E-001
  0.69328339E-001
  0.69328320E-001
  0.69328298E-001
  0.69328270E-001
  0.69328234E-001
  0.69328185E-001
  0.69328099E-001
