  0.28931956E+000
  0.28929969E+000
  0.28927888E+000
  0.28926432E+000
  0.28925551E+000
  0.28925119E+000
  0.28925027E+000
  0.28925187E+000
  0.28925533E+000
  0.28926010E+000
  0.28926577E+000
  0.28927200E+000
  0.28927852E+000
  0.28928512E+000
  0.28929162E+000
  0.28929788E+000
  0.28930379E+000
  0.28930928E+000
  0.28931427E+000
  0.28931871E+000
  0.28932258E+000
  0.28932585E+000
  0.28932852E+000
  0.28933058E+000
  0.28933205E+000
  0.28933294E+000
  0.28933328E+000
  0.28933310E+000
  0.28933243E+000
  0.28933133E+000
  0.28932982E+000
  0.28932796E+000
  0.28932580E+000
  0.28932338E+000
  0.28932076E+000
  0.28931799E+000
  0.28931511E+000
  0.28931216E+000
  0.28930919E+000
  0.28930624E+000
  0.28930334E+000
  0.28930051E+000
  0.28929777E+000
  0.28929515E+000
  0.28929265E+000
  0.28929028E+000
  0.28928804E+000
  0.28928593E+000
  0.28928394E+000
  0.28928207E+000
  0.28928031E+000
  0.28927865E+000
  0.28927709E+000
  0.28927561E+000
  0.28927421E+000
  0.28927289E+000
  0.28927163E+000
  0.28927045E+000
  0.28926934E+000
  0.28926829E+000
  0.28926731E+000
  0.28926640E+000
  0.28926557E+000
  0.28926481E+000
  0.28926413E+000
  0.28926352E+000
  0.28926300E+000
  0.28926256E+000
  0.28926221E+000
  0.28926195E+000
  0.28926178E+000
  0.28926170E+000
  0.28926172E+000
  0.28926182E+000
  0.28926202E+000
  0.28926230E+000
  0.28926268E+000
  0.28926315E+000
  0.28926370E+000
  0.28926434E+000
  0.28926505E+000
  0.28926585E+000
  0.28926672E+000
  0.28926766E+000
  0.28926867E+000
  0.28926973E+000
  0.28927086E+000
  0.28927203E+000
  0.28927326E+000
  0.28927452E+000
  0.28927582E+000
  0.28927715E+000
  0.28927850E+000
  0.28927987E+000
  0.28928126E+000
  0.28928265E+000
  0.28928405E+000
  0.28928545E+000
  0.28928684E+000
  0.28928822E+000
  0.28928958E+000
  0.28929093E+000
  0.28929225E+000
  0.28929355E+000
  0.28929482E+000
  0.28929606E+000
  0.28929727E+000
  0.28929844E+000
  0.28929957E+000
  0.28930067E+000
  0.28930173E+000
  0.28930274E+000
  0.28930372E+000
  0.28930465E+000
  0.28930555E+000
  0.28930640E+000
  0.28930722E+000
  0.28930799E+000
  0.28930873E+000
  0.28930942E+000
  0.28931008E+000
  0.28931070E+000
  0.28931129E+000
  0.28931185E+000
  0.28931237E+000
  0.28931286E+000
  0.28931331E+000
  0.28931374E+000
  0.28931415E+000
  0.28931452E+000
  0.28931487E+000
  0.28931520E+000
  0.28931550E+000
  0.28931579E+000
  0.28931605E+000
  0.28931629E+000
  0.28931652E+000
  0.28931673E+000
  0.28931692E+000
  0.28931710E+000
  0.28931727E+000
  0.28931742E+000
  0.28931756E+000
  0.28931769E+000
  0.28931781E+000
  0.28931792E+000
  0.28931802E+000
  0.28931811E+000
  0.28931819E+000
  0.28931827E+000
  0.28931834E+000
  0.28931841E+000
  0.28931847E+000
  0.28931852E+000
  0.28931857E+000
  0.28931862E+000
  0.28931866E+000
  0.28931870E+000
  0.28931873E+000
  0.28931876E+000
  0.28931879E+000
  0.28931882E+000
  0.28931885E+000
  0.28931887E+000
  0.28931890E+000
  0.28931892E+000
  0.28931894E+000
  0.28931896E+000
  0.28931897E+000
  0.28931899E+000
  0.28931901E+000
  0.28931902E+000
  0.28931904E+000
  0.28931905E+000
  0.28931907E+000
  0.28931908E+000
  0.28931910E+000
  0.28931911E+000
  0.28931912E+000
  0.28931914E+000
  0.28931915E+000
  0.28931917E+000
  0.28931918E+000
  0.28931919E+000
  0.28931921E+000
  0.28931922E+000
  0.28931924E+000
  0.28931925E+000
  0.28931927E+000
  0.28931928E+000
  0.28931930E+000
  0.28931931E+000
  0.28931933E+000
  0.28931934E+000
  0.28931936E+000
  0.28931938E+000
  0.28931939E+000
  0.28931941E+000
  0.28931943E+000
  0.28931946E+000
