  0.35430407E+000
  0.35424777E+000
  0.35422392E+000
  0.35421443E+000
  0.35420434E+000
  0.35419835E+000
  0.35419481E+000
  0.35419050E+000
  0.35418596E+000
  0.35418385E+000
  0.35418329E+000
  0.35417877E+000
  0.35417689E+000
  0.35417674E+000
  0.35417404E+000
  0.35417273E+000
  0.35417204E+000
  0.35417287E+000
  0.35417242E+000
  0.35417491E+000
  0.35417238E+000
  0.35417217E+000
  0.35417232E+000
  0.35417262E+000
  0.35417274E+000
  0.35417380E+000
  0.35417426E+000
  0.35417400E+000
  0.35417426E+000
  0.35417467E+000
  0.35417478E+000
  0.35417481E+000
  0.35417541E+000
  0.35417593E+000
  0.35417732E+000
  0.35417750E+000
  0.35417651E+000
  0.35417496E+000
  0.35417494E+000
  0.35417554E+000
  0.35417729E+000
  0.35417660E+000
  0.35417638E+000
  0.35417700E+000
  0.35417711E+000
  0.35417511E+000
  0.35417533E+000
  0.35417521E+000
  0.35417485E+000
  0.35417457E+000
  0.35417431E+000
  0.35417427E+000
  0.35417413E+000
  0.35417369E+000
  0.35417559E+000
  0.35417494E+000
  0.35417452E+000
  0.35417446E+000
  0.35417411E+000
  0.35417447E+000
  0.35417476E+000
  0.35417231E+000
  0.35417173E+000
  0.35417161E+000
  0.35417191E+000
  0.35417159E+000
  0.35417150E+000
  0.35417171E+000
  0.35417415E+000
  0.35417360E+000
  0.35417101E+000
  0.35417130E+000
  0.35417089E+000
  0.35417081E+000
  0.35417071E+000
  0.35417116E+000
  0.35417125E+000
  0.35417142E+000
  0.35417107E+000
  0.35417083E+000
  0.35417061E+000
  0.35417060E+000
  0.35417052E+000
  0.35417017E+000
  0.35417022E+000
  0.35417039E+000
  0.35417020E+000
  0.35417023E+000
  0.35416996E+000
  0.35416972E+000
  0.35416986E+000
  0.35416942E+000
  0.35416941E+000
  0.35416926E+000
  0.35416933E+000
  0.35416920E+000
  0.35416915E+000
  0.35416917E+000
  0.35416899E+000
  0.35416917E+000
  0.35416914E+000
  0.35416915E+000
  0.35416914E+000
  0.35416914E+000
  0.35416910E+000
  0.35416903E+000
  0.35416897E+000
  0.35416909E+000
  0.35416902E+000
  0.35416898E+000
  0.35416912E+000
  0.35416911E+000
  0.35416908E+000
  0.35416905E+000
  0.35416902E+000
  0.35416904E+000
  0.35416902E+000
  0.35416900E+000
  0.35416899E+000
  0.35416898E+000
  0.35416897E+000
  0.35416897E+000
  0.35416896E+000
  0.35416896E+000
  0.35416897E+000
  0.35416897E+000
  0.35416897E+000
  0.35416898E+000
  0.35416898E+000
  0.35416899E+000
  0.35416900E+000
  0.35416902E+000
  0.35416903E+000
  0.35416900E+000
  0.35416901E+000
  0.35416903E+000
  0.35416904E+000
  0.35416906E+000
  0.35416907E+000
  0.35416909E+000
  0.35416911E+000
  0.35416913E+000
  0.35416913E+000
  0.35416915E+000
  0.35416917E+000
  0.35416919E+000
  0.35416921E+000
  0.35416923E+000
  0.35416925E+000
  0.35416927E+000
  0.35416929E+000
  0.35416931E+000
  0.35416933E+000
  0.35416935E+000
  0.35416937E+000
  0.35416939E+000
  0.35416941E+000
  0.35416943E+000
  0.35416944E+000
  0.35416946E+000
  0.35416949E+000
  0.35416950E+000
  0.35416952E+000
  0.35416954E+000
  0.35416956E+000
  0.35416957E+000
  0.35416959E+000
  0.35416961E+000
  0.35416962E+000
  0.35416964E+000
  0.35416965E+000
  0.35416967E+000
  0.35416967E+000
  0.35416969E+000
  0.35416970E+000
  0.35416971E+000
  0.35416973E+000
  0.35416974E+000
  0.35416975E+000
  0.35416976E+000
  0.35416977E+000
  0.35416978E+000
  0.35416978E+000
  0.35416979E+000
  0.35416980E+000
  0.35416980E+000
  0.35416980E+000
  0.35416981E+000
  0.35416981E+000
  0.35416981E+000
  0.35416981E+000
  0.35416981E+000
  0.35416981E+000
  0.35416981E+000
  0.35416982E+000
  0.35416982E+000
  0.35416981E+000
  0.35416980E+000
  0.35416980E+000
  0.35416982E+000
