  0.43075674E+000
  0.43073345E+000
  0.43071287E+000
  0.43069378E+000
  0.43067418E+000
  0.43066102E+000
  0.43064922E+000
  0.43063609E+000
  0.43062476E+000
  0.43061649E+000
  0.43060799E+000
  0.43060197E+000
  0.43059765E+000
  0.43059371E+000
  0.43059009E+000
  0.43058450E+000
  0.43058224E+000
  0.43058251E+000
  0.43058048E+000
  0.43057824E+000
  0.43057696E+000
  0.43057734E+000
  0.43057607E+000
  0.43057565E+000
  0.43057506E+000
  0.43057565E+000
  0.43057600E+000
  0.43057491E+000
  0.43057379E+000
  0.43057595E+000
  0.43057624E+000
  0.43057680E+000
  0.43057577E+000
  0.43057735E+000
  0.43057713E+000
  0.43057796E+000
  0.43058066E+000
  0.43058091E+000
  0.43058072E+000
  0.43058075E+000
  0.43058041E+000
  0.43058081E+000
  0.43058206E+000
  0.43058190E+000
  0.43058440E+000
  0.43058349E+000
  0.43058364E+000
  0.43058443E+000
  0.43058522E+000
  0.43058570E+000
  0.43058686E+000
  0.43058794E+000
  0.43058701E+000
  0.43058673E+000
  0.43058749E+000
  0.43058653E+000
  0.43058516E+000
  0.43058569E+000
  0.43058658E+000
  0.43058780E+000
  0.43058903E+000
  0.43058930E+000
  0.43058888E+000
  0.43058810E+000
  0.43058894E+000
  0.43059017E+000
  0.43059144E+000
  0.43059087E+000
  0.43059037E+000
  0.43059097E+000
  0.43059262E+000
  0.43059112E+000
  0.43059142E+000
  0.43059330E+000
  0.43059360E+000
  0.43059522E+000
  0.43059324E+000
  0.43059377E+000
  0.43059366E+000
  0.43059354E+000
  0.43059420E+000
  0.43059407E+000
  0.43059362E+000
  0.43059418E+000
  0.43059481E+000
  0.43059478E+000
  0.43059562E+000
  0.43059603E+000
  0.43059485E+000
  0.43059460E+000
  0.43059694E+000
  0.43059627E+000
  0.43059643E+000
  0.43059600E+000
  0.43059578E+000
  0.43059600E+000
  0.43059596E+000
  0.43059608E+000
  0.43059622E+000
  0.43059594E+000
  0.43059657E+000
  0.43059656E+000
  0.43059615E+000
  0.43059577E+000
  0.43059603E+000
  0.43059530E+000
  0.43059523E+000
  0.43059523E+000
  0.43059528E+000
  0.43059547E+000
  0.43059539E+000
  0.43059529E+000
  0.43059520E+000
  0.43059564E+000
  0.43059559E+000
  0.43059558E+000
  0.43059650E+000
  0.43059652E+000
  0.43059655E+000
  0.43059655E+000
  0.43059657E+000
  0.43059658E+000
  0.43059658E+000
  0.43059658E+000
  0.43059658E+000
  0.43059658E+000
  0.43059659E+000
  0.43059659E+000
  0.43059660E+000
  0.43059659E+000
  0.43059659E+000
  0.43059659E+000
  0.43059660E+000
  0.43059662E+000
  0.43059662E+000
  0.43059662E+000
  0.43059660E+000
  0.43059661E+000
  0.43059662E+000
  0.43059662E+000
  0.43059663E+000
  0.43059577E+000
  0.43059576E+000
  0.43059577E+000
  0.43059579E+000
  0.43059580E+000
  0.43059582E+000
  0.43059584E+000
  0.43059586E+000
  0.43059588E+000
  0.43059590E+000
  0.43059592E+000
  0.43059594E+000
  0.43059596E+000
  0.43059597E+000
  0.43059599E+000
  0.43059601E+000
  0.43059603E+000
  0.43059605E+000
  0.43059607E+000
  0.43059609E+000
  0.43059611E+000
  0.43059613E+000
  0.43059615E+000
  0.43059617E+000
  0.43059618E+000
  0.43059625E+000
  0.43059627E+000
  0.43059628E+000
  0.43059625E+000
  0.43059627E+000
  0.43059628E+000
  0.43059630E+000
  0.43059631E+000
  0.43059633E+000
  0.43059634E+000
  0.43059635E+000
  0.43059636E+000
  0.43059638E+000
  0.43059639E+000
  0.43059640E+000
  0.43059641E+000
  0.43059641E+000
  0.43059642E+000
  0.43059644E+000
  0.43059645E+000
  0.43059645E+000
  0.43059646E+000
  0.43059646E+000
  0.43059647E+000
  0.43059648E+000
  0.43059648E+000
  0.43059648E+000
  0.43059648E+000
  0.43059649E+000
  0.43059649E+000
  0.43059650E+000
  0.43059651E+000
  0.43059651E+000
  0.43059741E+000
