  0.82261485E+000
  0.82261386E+000
  0.82261281E+000
  0.82261186E+000
  0.82261107E+000
  0.82261042E+000
  0.82260991E+000
  0.82260951E+000
  0.82260920E+000
  0.82260897E+000
  0.82260881E+000
  0.82260870E+000
  0.82260863E+000
  0.82260859E+000
  0.82260859E+000
  0.82260860E+000
  0.82260864E+000
  0.82260869E+000
  0.82260875E+000
  0.82260882E+000
  0.82260889E+000
  0.82260897E+000
  0.82260906E+000
  0.82260915E+000
  0.82260923E+000
  0.82260932E+000
  0.82260941E+000
  0.82260949E+000
  0.82260957E+000
  0.82260965E+000
  0.82260973E+000
  0.82260981E+000
  0.82260988E+000
  0.82260995E+000
  0.82261001E+000
  0.82261007E+000
  0.82261013E+000
  0.82261018E+000
  0.82261023E+000
  0.82261027E+000
  0.82261031E+000
  0.82261035E+000
  0.82261038E+000
  0.82261040E+000
  0.82261043E+000
  0.82261045E+000
  0.82261047E+000
  0.82261048E+000
  0.82261049E+000
  0.82261050E+000
  0.82261051E+000
  0.82261051E+000
  0.82261051E+000
  0.82261051E+000
  0.82261051E+000
  0.82261051E+000
  0.82261050E+000
  0.82261050E+000
  0.82261050E+000
  0.82261050E+000
  0.82261049E+000
  0.82261049E+000
  0.82261049E+000
  0.82261049E+000
  0.82261049E+000
  0.82261049E+000
  0.82261050E+000
  0.82261050E+000
  0.82261051E+000
  0.82261051E+000
  0.82261052E+000
  0.82261053E+000
  0.82261054E+000
  0.82261055E+000
  0.82261057E+000
  0.82261058E+000
  0.82261059E+000
  0.82261061E+000
  0.82261062E+000
  0.82261064E+000
  0.82261065E+000
  0.82261067E+000
  0.82261069E+000
  0.82261070E+000
  0.82261072E+000
  0.82261074E+000
  0.82261075E+000
  0.82261077E+000
  0.82261078E+000
  0.82261080E+000
  0.82261081E+000
  0.82261083E+000
  0.82261085E+000
  0.82261086E+000
  0.82261088E+000
  0.82261089E+000
  0.82261091E+000
  0.82261093E+000
  0.82261095E+000
  0.82261096E+000
  0.82261098E+000
  0.82261100E+000
  0.82261103E+000
  0.82261105E+000
  0.82261107E+000
  0.82261110E+000
  0.82261113E+000
  0.82261116E+000
  0.82261119E+000
  0.82261122E+000
  0.82261126E+000
  0.82261129E+000
  0.82261133E+000
  0.82261138E+000
  0.82261142E+000
  0.82261147E+000
  0.82261152E+000
  0.82261157E+000
  0.82261162E+000
  0.82261167E+000
  0.82261173E+000
  0.82261179E+000
  0.82261185E+000
  0.82261191E+000
  0.82261197E+000
  0.82261204E+000
  0.82261210E+000
  0.82261217E+000
  0.82261223E+000
  0.82261230E+000
  0.82261237E+000
  0.82261244E+000
  0.82261250E+000
  0.82261257E+000
  0.82261264E+000
  0.82261271E+000
  0.82261278E+000
  0.82261284E+000
  0.82261291E+000
  0.82261298E+000
  0.82261304E+000
  0.82261311E+000
  0.82261317E+000
  0.82261323E+000
  0.82261330E+000
  0.82261336E+000
  0.82261342E+000
  0.82261347E+000
  0.82261353E+000
  0.82261359E+000
  0.82261364E+000
  0.82261369E+000
  0.82261375E+000
  0.82261380E+000
  0.82261385E+000
  0.82261389E+000
  0.82261394E+000
  0.82261398E+000
  0.82261403E+000
  0.82261407E+000
  0.82261411E+000
  0.82261415E+000
  0.82261419E+000
  0.82261423E+000
  0.82261426E+000
  0.82261430E+000
  0.82261433E+000
  0.82261437E+000
  0.82261440E+000
  0.82261443E+000
  0.82261446E+000
  0.82261448E+000
  0.82261451E+000
  0.82261454E+000
  0.82261456E+000
  0.82261459E+000
  0.82261461E+000
  0.82261463E+000
  0.82261465E+000
  0.82261467E+000
  0.82261469E+000
  0.82261471E+000
  0.82261473E+000
  0.82261475E+000
  0.82261476E+000
  0.82261478E+000
  0.82261480E+000
  0.82261481E+000
  0.82261482E+000
  0.82261484E+000
  0.82261485E+000
  0.82261486E+000
  0.82261487E+000
  0.82261489E+000
  0.82261490E+000
  0.82261491E+000
  0.82261492E+000
  0.82261493E+000
  0.82261494E+000
  0.82261495E+000
