  0.93159550E+000
  0.93212268E+000
  0.93245814E+000
  0.93269547E+000
  0.93286801E+000
  0.93299267E+000
  0.93308058E+000
  0.93313991E+000
  0.93317702E+000
  0.93319692E+000
  0.93320358E+000
  0.93320014E+000
  0.93318911E+000
  0.93317242E+000
  0.93315166E+000
  0.93312805E+000
  0.93310255E+000
  0.93307587E+000
  0.93304856E+000
  0.93302105E+000
  0.93299362E+000
  0.93296650E+000
  0.93293983E+000
  0.93291371E+000
  0.93288818E+000
  0.93286327E+000
  0.93283898E+000
  0.93281529E+000
  0.93279216E+000
  0.93276956E+000
  0.93274744E+000
  0.93272576E+000
  0.93270446E+000
  0.93268351E+000
  0.93266287E+000
  0.93264250E+000
  0.93262236E+000
  0.93260244E+000
  0.93258271E+000
  0.93256316E+000
  0.93254377E+000
  0.93252455E+000
  0.93250548E+000
  0.93248657E+000
  0.93246781E+000
  0.93244920E+000
  0.93243073E+000
  0.93241239E+000
  0.93239418E+000
  0.93237608E+000
  0.93235807E+000
  0.93234012E+000
  0.93232222E+000
  0.93230433E+000
  0.93228643E+000
  0.93226851E+000
  0.93225052E+000
  0.93223247E+000
  0.93221433E+000
  0.93219609E+000
  0.93217774E+000
  0.93215930E+000
  0.93214077E+000
  0.93212216E+000
  0.93210349E+000
  0.93208479E+000
  0.93206607E+000
  0.93204737E+000
  0.93202872E+000
  0.93201015E+000
  0.93199171E+000
  0.93197343E+000
  0.93195534E+000
  0.93193748E+000
  0.93191989E+000
  0.93190260E+000
  0.93188566E+000
  0.93186908E+000
  0.93185291E+000
  0.93183716E+000
  0.93182188E+000
  0.93180707E+000
  0.93179277E+000
  0.93177899E+000
  0.93176574E+000
  0.93175305E+000
  0.93174092E+000
  0.93172937E+000
  0.93171838E+000
  0.93170797E+000
  0.93169813E+000
  0.93168886E+000
  0.93168016E+000
  0.93167200E+000
  0.93166440E+000
  0.93165732E+000
  0.93165075E+000
  0.93164469E+000
  0.93163910E+000
  0.93163397E+000
  0.93162927E+000
  0.93162500E+000
  0.93162112E+000
  0.93161761E+000
  0.93161445E+000
  0.93161162E+000
  0.93160909E+000
  0.93160684E+000
  0.93160485E+000
  0.93160310E+000
  0.93160157E+000
  0.93160024E+000
  0.93159909E+000
  0.93159810E+000
  0.93159726E+000
  0.93159655E+000
  0.93159596E+000
  0.93159547E+000
  0.93159507E+000
  0.93159475E+000
  0.93159450E+000
  0.93159432E+000
  0.93159418E+000
  0.93159409E+000
  0.93159404E+000
  0.93159403E+000
  0.93159404E+000
  0.93159407E+000
  0.93159413E+000
  0.93159420E+000
  0.93159428E+000
  0.93159437E+000
  0.93159447E+000
  0.93159458E+000
  0.93159469E+000
  0.93159480E+000
  0.93159491E+000
  0.93159503E+000
  0.93159514E+000
  0.93159526E+000
  0.93159537E+000
  0.93159548E+000
  0.93159558E+000
  0.93159569E+000
  0.93159579E+000
  0.93159588E+000
  0.93159598E+000
  0.93159607E+000
  0.93159615E+000
  0.93159623E+000
  0.93159630E+000
  0.93159637E+000
  0.93159644E+000
  0.93159650E+000
  0.93159656E+000
  0.93159661E+000
  0.93159666E+000
  0.93159670E+000
  0.93159674E+000
  0.93159677E+000
  0.93159680E+000
  0.93159683E+000
  0.93159685E+000
  0.93159686E+000
  0.93159688E+000
  0.93159688E+000
  0.93159689E+000
  0.93159689E+000
  0.93159689E+000
  0.93159688E+000
  0.93159687E+000
  0.93159686E+000
  0.93159685E+000
  0.93159683E+000
  0.93159681E+000
  0.93159679E+000
  0.93159677E+000
  0.93159674E+000
  0.93159671E+000
  0.93159668E+000
  0.93159665E+000
  0.93159662E+000
  0.93159658E+000
  0.93159655E+000
  0.93159651E+000
  0.93159647E+000
  0.93159643E+000
  0.93159640E+000
  0.93159635E+000
  0.93159631E+000
  0.93159627E+000
  0.93159622E+000
  0.93159616E+000
  0.93159610E+000
  0.93159603E+000
  0.93159595E+000
  0.93159585E+000
  0.93159573E+000
  0.93159556E+000
  0.93159531E+000
