  0.30387646E+000  0.31846409E+000  0.46007078E+000  0.62776830E+000  0.80353680E+000  0.91065904E+000  0.12870709E+001  0.18926248E+001  0.26394340E+001  0.41043444E+001  0.58417285E+001
  0.30375824E+000  0.31846409E+000  0.46000958E+000  0.62776830E+000  0.80345887E+000  0.91062466E+000  0.12870709E+001  0.18919439E+001  0.26341204E+001  0.41034494E+001  0.58414657E+001
  0.30365752E+000  0.31846409E+000  0.46007078E+000  0.62776830E+000  0.80344744E+000  0.91055375E+000  0.12870709E+001  0.18894108E+001  0.26337661E+001  0.41033063E+001  0.58410205E+001
  0.30357173E+000  0.31846409E+000  0.45995684E+000  0.62776830E+000  0.80338647E+000  0.91060792E+000  0.12870709E+001  0.18882805E+001  0.26334530E+001  0.41011525E+001  0.58409052E+001
  0.30349869E+000  0.31846074E+000  0.46007078E+000  0.62776830E+000  0.80336119E+000  0.91057704E+000  0.12870709E+001  0.18879102E+001  0.26314798E+001  0.41012026E+001  0.58406573E+001
  0.30343651E+000  0.31846409E+000  0.46007078E+000  0.62776830E+000  0.80328012E+000  0.91044479E+000  0.12870709E+001  0.18876118E+001  0.26305073E+001  0.41012392E+001  0.58406895E+001
  0.30338356E+000  0.31846327E+000  0.46007078E+000  0.62764968E+000  0.80333160E+000  0.91051829E+000  0.12870709E+001  0.18873738E+001  0.26289987E+001  0.40998939E+001  0.58403314E+001
  0.30333846E+000  0.31846409E+000  0.46007078E+000  0.62776830E+000  0.80327406E+000  0.91048619E+000  0.12870709E+001  0.18871955E+001  0.26270148E+001  0.40997856E+001  0.58400373E+001
  0.30330001E+000  0.31846409E+000  0.46007078E+000  0.62776830E+000  0.80322539E+000  0.91040421E+000  0.12870709E+001  0.18871316E+001  0.26267794E+001  0.40997470E+001  0.58402770E+001
  0.30326722E+000  0.31844090E+000  0.46007078E+000  0.62776830E+000  0.80327549E+000  0.91047570E+000  0.12870709E+001  0.18870784E+001  0.26265732E+001  0.40996625E+001  0.58402553E+001
  0.30323922E+000  0.31846338E+000  0.46007078E+000  0.62776830E+000  0.80323954E+000  0.91047730E+000  0.12870709E+001  0.18870559E+001  0.26263954E+001  0.40994049E+001  0.58397687E+001
  0.30321529E+000  0.31846409E+000  0.46007078E+000  0.62776830E+000  0.80320906E+000  0.91045421E+000  0.12870709E+001  0.18870302E+001  0.26262425E+001  0.40995408E+001  0.58401415E+001
  0.30319482E+000  0.31846409E+000  0.46007078E+000  0.62776830E+000  0.80318319E+000  0.91044108E+000  0.12870709E+001  0.18869939E+001  0.26261316E+001  0.40994697E+001  0.58399736E+001
  0.30317729E+000  0.31846409E+000  0.45995486E+000  0.62776830E+000  0.80316122E+000  0.91042736E+000  0.12870709E+001  0.18869626E+001  0.26260213E+001  0.40992632E+001  0.58400793E+001
  0.30316226E+000  0.31846409E+000  0.46007078E+000  0.62776830E+000  0.80322353E+000  0.91039433E+000  0.12870709E+001  0.18869358E+001  0.26259266E+001  0.40990786E+001  0.58400878E+001
  0.30314935E+000  0.31846409E+000  0.46007078E+000  0.62776830E+000  0.80320716E+000  0.91043416E+000  0.12870709E+001  0.18869129E+001  0.26258454E+001  0.40995240E+001  0.58400018E+001
  0.30313825E+000  0.31846409E+000  0.46007078E+000  0.62776830E+000  0.80319317E+000  0.91040654E+000  0.12870709E+001  0.18868934E+001  0.26257757E+001  0.40997676E+001  0.58400122E+001
  0.30312868E+000  0.31846175E+000  0.46007078E+000  0.62776830E+000  0.80318119E+000  0.91043448E+000  0.12870709E+001  0.18868769E+001  0.26257159E+001  0.40996689E+001  0.58399646E+001
  0.30312042E+000  0.31846016E+000  0.46007078E+000  0.62776830E+000  0.80321170E+000  0.91041663E+000  0.12870709E+001  0.18868628E+001  0.26256646E+001  0.40997604E+001  0.58399242E+001
  0.30311328E+000  0.31845878E+000  0.45995463E+000  0.62776830E+000  0.80320278E+000  0.91043167E+000  0.12870709E+001  0.18868510E+001  0.26256207E+001  0.40997745E+001  0.58398900E+001
  0.30310707E+000  0.31845759E+000  0.46007078E+000  0.62776830E+000  0.80319509E+000  0.91041691E+000  0.12870709E+001  0.18869038E+001  0.26255830E+001  0.40997048E+001  0.58398609E+001
  0.30310167E+000  0.31846409E+000  0.46007078E+000  0.62776830E+000  0.80318842E+000  0.91040380E+000  0.12870709E+001  0.18868943E+001  0.26255508E+001  0.40997712E+001  0.58398361E+001
  0.30309695E+000  0.31846409E+000  0.46007078E+000  0.62776830E+000  0.80318263E+000  0.91042471E+000  0.12870709E+001  0.18868860E+001  0.26255232E+001  0.40997610E+001  0.58398149E+001
  0.30309292E+000  0.31846409E+000  0.46007078E+000  0.62776830E+000  0.80317756E+000  0.91041549E+000  0.12870709E+001  0.18868789E+001  0.26254996E+001  0.40997740E+001  0.58399266E+001
  0.30308991E+000  0.31846409E+000  0.46007078E+000  0.62776830E+000  0.80317312E+000  0.91040693E+000  0.12870709E+001  0.18868727E+001  0.26254794E+001  0.40997461E+001  0.58398993E+001
  0.30308724E+000  0.31846409E+000  0.46007078E+000  0.62776830E+000  0.80316918E+000  0.91039891E+000  0.12870709E+001  0.18868673E+001  0.26254621E+001  0.40997408E+001  0.58398752E+001
  0.30308484E+000  0.31846409E+000  0.46007078E+000  0.62776830E+000  0.80316567E+000  0.91039131E+000  0.12870709E+001  0.18868626E+001  0.26254472E+001  0.40997365E+001  0.58398537E+001
  0.30308266E+000  0.31846409E+000  0.46007078E+000  0.62770861E+000  0.80316250E+000  0.91038404E+000  0.12870709E+001  0.18868585E+001  0.26254345E+001  0.40997330E+001  0.58398343E+001
  0.30308067E+000  0.31846409E+000  0.46007078E+000  0.62770323E+000  0.80315962E+000  0.91037702E+000  0.12870709E+001  0.18868548E+001  0.26263326E+001  0.40997302E+001  0.58398166E+001
  0.30307882E+000  0.31846409E+000  0.46007078E+000  0.62769811E+000  0.80315696E+000  0.91041948E+000  0.12870709E+001  0.18868516E+001  0.26264259E+001  0.40997279E+001  0.58398003E+001
  0.30307709E+000  0.31846409E+000  0.46007078E+000  0.62769318E+000  0.80315449E+000  0.91041567E+000  0.12870709E+001  0.18868686E+001  0.26264791E+001  0.40997260E+001  0.58397851E+001
  0.30307545E+000  0.31846409E+000  0.46007078E+000  0.62768837E+000  0.80315215E+000  0.91041211E+000  0.12870709E+001  0.18868682E+001  0.26265385E+001  0.40997655E+001  0.58397706E+001
  0.30307387E+000  0.31846409E+000  0.46007078E+000  0.62768365E+000  0.80314991E+000  0.91040873E+000  0.12870709E+001  0.18868660E+001  0.26269163E+001  0.40997692E+001  0.58397568E+001
  0.30307233E+000  0.31846409E+000  0.46007078E+000  0.62767897E+000  0.80314775E+000  0.91040549E+000  0.12870709E+001  0.18868638E+001  0.26270071E+001  0.40997494E+001  0.58397434E+001
  0.30307082E+000  0.31846409E+000  0.46007078E+000  0.62767428E+000  0.80314562E+000  0.91040234E+000  0.12870709E+001  0.18868619E+001  0.26284710E+001  0.40997303E+001  0.58397302E+001
  0.30306931E+000  0.31846409E+000  0.46007078E+000  0.62766957E+000  0.80314352E+000  0.91039924E+000  0.12870709E+001  0.18868600E+001  0.26284579E+001  0.40997163E+001  0.58397171E+001
  0.30306780E+000  0.31846409E+000  0.46007078E+000  0.62776830E+000  0.80314142E+000  0.91039617E+000  0.12870709E+001  0.18868582E+001  0.26285641E+001  0.40997153E+001  0.58397040E+001
  0.30306628E+000  0.31846409E+000  0.46007078E+000  0.62776830E+000  0.80313932E+000  0.91039309E+000  0.12870709E+001  0.18868564E+001  0.26303173E+001  0.40997144E+001  0.58396908E+001
  0.30306473E+000  0.31846409E+000  0.46007078E+000  0.62776830E+000  0.80313718E+000  0.91038998E+000  0.12870709E+001  0.18868547E+001  0.26303185E+001  0.40997135E+001  0.58396797E+001
  0.30306315E+000  0.31846409E+000  0.46007078E+000  0.62776830E+000  0.80319524E+000  0.91041392E+000  0.12870709E+001  0.18868531E+001  0.26303206E+001  0.40997127E+001  0.58396747E+001
  0.30306154E+000  0.31846409E+000  0.46007078E+000  0.62764470E+000  0.80319277E+000  0.91040652E+000  0.12870709E+001  0.18868514E+001  0.26303235E+001  0.40997635E+001  0.58396696E+001
  0.30305992E+000  0.31846409E+000  0.46007078E+000  0.62763935E+000  0.80319478E+000  0.91039892E+000  0.12870709E+001  0.18868554E+001  0.26303273E+001  0.40997407E+001  0.58396645E+001
  0.30305844E+000  0.31846409E+000  0.46007078E+000  0.62763384E+000  0.80319288E+000  0.91040844E+000  0.12870709E+001  0.18868529E+001  0.26303319E+001  0.40997178E+001  0.58396592E+001
  0.30305692E+000  0.31846409E+000  0.46007078E+000  0.62762818E+000  0.80319094E+000  0.91039998E+000  0.12870709E+001  0.18868503E+001  0.26303436E+001  0.40997075E+001  0.58396538E+001
  0.30305535E+000  0.31846409E+000  0.46007078E+000  0.62762235E+000  0.80318896E+000  0.91039129E+000  0.12870709E+001  0.18868479E+001  0.26303443E+001  0.40997065E+001  0.58396482E+001
  0.30305374E+000  0.31846409E+000  0.46007078E+000  0.62776830E+000  0.80318692E+000  0.91038237E+000  0.12870709E+001  0.18868455E+001  0.26308763E+001  0.40997054E+001  0.58396424E+001
  0.30305208E+000  0.31846409E+000  0.46007078E+000  0.62776830E+000  0.80318482E+000  0.91037321E+000  0.12870709E+001  0.18868432E+001  0.26309415E+001  0.40997044E+001  0.58398606E+001
  0.30305037E+000  0.31846409E+000  0.46007078E+000  0.62776830E+000  0.80318268E+000  0.91040995E+000  0.12870709E+001  0.18868409E+001  0.26310132E+001  0.40997033E+001  0.58398462E+001
  0.30304861E+000  0.31846409E+000  0.46007078E+000  0.62776830E+000  0.80318048E+000  0.91040488E+000  0.12870709E+001  0.18868388E+001  0.26313479E+001  0.40997022E+001  0.58398315E+001
  0.30304680E+000  0.31846409E+000  0.46007078E+000  0.62776830E+000  0.80317823E+000  0.91039851E+000  0.12870709E+001  0.18868449E+001  0.26313412E+001  0.40997010E+001  0.58398164E+001
  0.30304495E+000  0.31846409E+000  0.46007078E+000  0.62776830E+000  0.80317594E+000  0.91039259E+000  0.12870709E+001  0.18868428E+001  0.26316263E+001  0.40996998E+001  0.58398009E+001
  0.30304305E+000  0.31844177E+000  0.46007078E+000  0.62776830E+000  0.80317359E+000  0.91038654E+000  0.12870709E+001  0.18868404E+001  0.26316194E+001  0.40996987E+001  0.58397851E+001
  0.30304111E+000  0.31844121E+000  0.46007078E+000  0.62776830E+000  0.80317120E+000  0.91038038E+000  0.12870709E+001  0.18868380E+001  0.26316837E+001  0.40996975E+001  0.58397690E+001
  0.30303913E+000  0.31844063E+000  0.46007078E+000  0.62776830E+000  0.80316877E+000  0.91037410E+000  0.12870709E+001  0.18868356E+001  0.26316475E+001  0.40996963E+001  0.58397526E+001
  0.30303710E+000  0.31844005E+000  0.46007078E+000  0.62757883E+000  0.80316629E+000  0.91036772E+000  0.12870709E+001  0.18868334E+001  0.26316133E+001  0.40997674E+001  0.58397359E+001
  0.30303504E+000  0.31846409E+000  0.46007078E+000  0.62757883E+000  0.80316378E+000  0.91036124E+000  0.12870709E+001  0.18868312E+001  0.26315928E+001  0.40997373E+001  0.58398252E+001
  0.30303295E+000  0.31846409E+000  0.46007078E+000  0.62757882E+000  0.80316124E+000  0.91035467E+000  0.12870709E+001  0.18868328E+001  0.26315867E+001  0.40997074E+001  0.58397986E+001
  0.30303082E+000  0.31846409E+000  0.46007078E+000  0.62757882E+000  0.80315867E+000  0.91040734E+000  0.12870709E+001  0.18868303E+001  0.26315808E+001  0.40996916E+001  0.58397719E+001
  0.30302866E+000  0.31846336E+000  0.46007078E+000  0.62757882E+000  0.80318508E+000  0.91039581E+000  0.12870709E+001  0.18868279E+001  0.26315751E+001  0.40997748E+001  0.58397449E+001
  0.30302648E+000  0.31846248E+000  0.46007078E+000  0.62757882E+000  0.80318052E+000  0.91038418E+000  0.12870709E+001  0.18868256E+001  0.26316342E+001  0.40997444E+001  0.58398202E+001
  0.30302428E+000  0.31846409E+000  0.46007078E+000  0.62757881E+000  0.80317594E+000  0.91037248E+000  0.12870709E+001  0.18868235E+001  0.26316060E+001  0.40997145E+001  0.58397921E+001
  0.30302207E+000  0.31846409E+000  0.46007078E+000  0.62776830E+000  0.80317136E+000  0.91036072E+000  0.12870709E+001  0.18868215E+001  0.26315804E+001  0.40996872E+001  0.58397638E+001
  0.30301983E+000  0.31846178E+000  0.46007078E+000  0.62776830E+000  0.80316678E+000  0.91034894E+000  0.12870709E+001  0.18868197E+001  0.26315574E+001  0.40997607E+001  0.58397355E+001
  0.30301760E+000  0.31846100E+000  0.46007078E+000  0.62776830E+000  0.80316221E+000  0.91033714E+000  0.12870709E+001  0.18868180E+001  0.26315516E+001  0.40997323E+001  0.58397071E+001
  0.30301535E+000  0.31846021E+000  0.46007078E+000  0.62776830E+000  0.80315766E+000  0.91032536E+000  0.12870709E+001  0.18868165E+001  0.26315480E+001  0.40997047E+001  0.58396788E+001
  0.30301311E+000  0.31845943E+000  0.46007078E+000  0.62776830E+000  0.80315314E+000  0.91031362E+000  0.12870709E+001  0.18868152E+001  0.26316076E+001  0.40996830E+001  0.58396507E+001
  0.30301087E+000  0.31846409E+000  0.46007078E+000  0.62776830E+000  0.80314867E+000  0.91030193E+000  0.12870709E+001  0.18868329E+001  0.26315866E+001  0.40996821E+001  0.58396226E+001
  0.30300865E+000  0.31846409E+000  0.46007078E+000  0.62776830E+000  0.80314424E+000  0.91029034E+000  0.12870709E+001  0.18880514E+001  0.26315686E+001  0.40997587E+001  0.58395949E+001
  0.30300643E+000  0.31845711E+000  0.46007078E+000  0.62757879E+000  0.80313986E+000  0.91027884E+000  0.12870709E+001  0.18880208E+001  0.26315533E+001  0.40997288E+001  0.58395674E+001
  0.30300424E+000  0.31845635E+000  0.46007078E+000  0.62757879E+000  0.80313556E+000  0.91026748E+000  0.12870709E+001  0.18879915E+001  0.26315409E+001  0.40997001E+001  0.58395402E+001
  0.30300206E+000  0.31845560E+000  0.46007078E+000  0.62776830E+000  0.80313132E+000  0.91026045E+000  0.12870709E+001  0.18879637E+001  0.26315345E+001  0.40996794E+001  0.58397824E+001
  0.30299992E+000  0.31846409E+000  0.46007078E+000  0.62776830E+000  0.80312717E+000  0.91039660E+000  0.12870709E+001  0.18879630E+001  0.26315336E+001  0.40997751E+001  0.58397563E+001
  0.30299781E+000  0.31846409E+000  0.46007078E+000  0.62776830E+000  0.80312311E+000  0.91038563E+000  0.12870709E+001  0.18879635E+001  0.26315331E+001  0.40997481E+001  0.58397307E+001
  0.30299573E+000  0.31846409E+000  0.46007078E+000  0.62776830E+000  0.80311915E+000  0.91037488E+000  0.12870709E+001  0.18879634E+001  0.26315328E+001  0.40997223E+001  0.58397057E+001
  0.30299369E+000  0.31846409E+000  0.46007078E+000  0.62776830E+000  0.80311576E+000  0.91036436E+000  0.12870709E+001  0.18879628E+001  0.26315329E+001  0.40996977E+001  0.58396813E+001
  0.30299170E+000  0.31846409E+000  0.46007078E+000  0.62776830E+000  0.80311357E+000  0.91035410E+000  0.12870709E+001  0.18880539E+001  0.26315333E+001  0.40996772E+001  0.58396576E+001
  0.30298976E+000  0.31846409E+000  0.46007078E+000  0.62776830E+000  0.80317350E+000  0.91034411E+000  0.12870709E+001  0.18880314E+001  0.26315340E+001  0.40996770E+001  0.58396346E+001
  0.30298786E+000  0.31846409E+000  0.46007078E+000  0.62776830E+000  0.80317051E+000  0.91033441E+000  0.12870709E+001  0.18880102E+001  0.26315350E+001  0.40997725E+001  0.58396123E+001
  0.30298602E+000  0.31846409E+000  0.46007078E+000  0.62776830E+000  0.80316763E+000  0.91032501E+000  0.12870709E+001  0.18879903E+001  0.26319453E+001  0.40997510E+001  0.58395909E+001
  0.30298424E+000  0.31846409E+000  0.46007078E+000  0.62776830E+000  0.80316485E+000  0.91031593E+000  0.12870709E+001  0.18879716E+001  0.26319264E+001  0.40997307E+001  0.58395702E+001
  0.30298252E+000  0.31846409E+000  0.46007078E+000  0.62776830E+000  0.80316217E+000  0.91030718E+000  0.12870709E+001  0.18879542E+001  0.26319546E+001  0.40997116E+001  0.58395503E+001
  0.30298086E+000  0.31846409E+000  0.46007078E+000  0.62776830E+000  0.80315961E+000  0.91029876E+000  0.12870709E+001  0.18879478E+001  0.26319397E+001  0.40996937E+001  0.58397381E+001
  0.30297927E+000  0.31846409E+000  0.46007078E+000  0.62776830E+000  0.80315716E+000  0.91029068E+000  0.12870709E+001  0.18879445E+001  0.26319360E+001  0.40996769E+001  0.58397151E+001
  0.30297774E+000  0.31846409E+000  0.46007078E+000  0.62776830E+000  0.80315483E+000  0.91028296E+000  0.12870709E+001  0.18879411E+001  0.26319407E+001  0.40996762E+001  0.58396932E+001
  0.30297628E+000  0.31846409E+000  0.46007078E+000  0.62776830E+000  0.80315261E+000  0.91027560E+000  0.12870709E+001  0.18879376E+001  0.26319347E+001  0.40996762E+001  0.58396724E+001
  0.30297489E+000  0.31846409E+000  0.46006942E+000  0.62776830E+000  0.80315050E+000  0.91026859E+000  0.12870709E+001  0.18879340E+001  0.26318256E+001  0.40996762E+001  0.58396527E+001
  0.30297356E+000  0.31846409E+000  0.46006870E+000  0.62776830E+000  0.80314851E+000  0.91026195E+000  0.12870709E+001  0.18879304E+001  0.26318054E+001  0.40997721E+001  0.58396340E+001
  0.30297231E+000  0.31846409E+000  0.46006802E+000  0.62776830E+000  0.80314663E+000  0.91025566E+000  0.12870709E+001  0.18879267E+001  0.26317869E+001  0.40997588E+001  0.58396164E+001
  0.30297112E+000  0.31846409E+000  0.46006737E+000  0.62776830E+000  0.80314486E+000  0.91024973E+000  0.12870709E+001  0.18879231E+001  0.26317700E+001  0.40997465E+001  0.58395998E+001
  0.30297000E+000  0.31846409E+000  0.46006677E+000  0.62776830E+000  0.80314321E+000  0.91024415E+000  0.12870709E+001  0.18879195E+001  0.26317546E+001  0.40997721E+001  0.58395843E+001
  0.30296895E+000  0.31846409E+000  0.46007078E+000  0.62776830E+000  0.80314166E+000  0.91039095E+000  0.12870709E+001  0.18879159E+001  0.26317406E+001  0.40997642E+001  0.58395698E+001
  0.30296797E+000  0.31846409E+000  0.46007078E+000  0.62776830E+000  0.80314021E+000  0.91038599E+000  0.12870709E+001  0.18879125E+001  0.26317280E+001  0.40997570E+001  0.58395562E+001
  0.30296705E+000  0.31846409E+000  0.46007078E+000  0.62776830E+000  0.80313887E+000  0.91038136E+000  0.12870709E+001  0.18878226E+001  0.26317166E+001  0.40997503E+001  0.58395436E+001
  0.30296620E+000  0.31846409E+000  0.46007078E+000  0.62776830E+000  0.80313762E+000  0.91037707E+000  0.12870709E+001  0.18878167E+001  0.26317063E+001  0.40997443E+001  0.58395320E+001
  0.30296541E+000  0.31846409E+000  0.46007078E+000  0.62776830E+000  0.80313648E+000  0.91037309E+000  0.12870709E+001  0.18878113E+001  0.26316970E+001  0.40997388E+001  0.58395212E+001
  0.30296468E+000  0.31846409E+000  0.46007078E+000  0.62776830E+000  0.80313542E+000  0.91036942E+000  0.12870709E+001  0.18878065E+001  0.26316887E+001  0.40997337E+001  0.58395114E+001
  0.30296401E+000  0.31846409E+000  0.46007078E+000  0.62776830E+000  0.80313445E+000  0.91036604E+000  0.12870709E+001  0.18878022E+001  0.26316813E+001  0.40997292E+001  0.58395023E+001
  0.30296339E+000  0.31846409E+000  0.46007078E+000  0.62776830E+000  0.80313356E+000  0.91036295E+000  0.12870709E+001  0.18877984E+001  0.26316747E+001  0.40997251E+001  0.58394940E+001
  0.30296283E+000  0.31846409E+000  0.46007078E+000  0.62776830E+000  0.80313276E+000  0.91036013E+000  0.12870709E+001  0.18877949E+001  0.26316689E+001  0.40997214E+001  0.58394864E+001
  0.30296232E+000  0.31844219E+000  0.46007078E+000  0.62776830E+000  0.80313203E+000  0.91035756E+000  0.12870709E+001  0.18877918E+001  0.26316637E+001  0.40997180E+001  0.58394796E+001
  0.30296185E+000  0.31844204E+000  0.46007078E+000  0.62776830E+000  0.80313136E+000  0.91035523E+000  0.12870709E+001  0.18877891E+001  0.26316591E+001  0.40997151E+001  0.58394734E+001
  0.30296143E+000  0.31844191E+000  0.46007078E+000  0.62776830E+000  0.80313077E+000  0.91035313E+000  0.12870709E+001  0.18877867E+001  0.26316550E+001  0.40997124E+001  0.58394679E+001
  0.30296105E+000  0.31844178E+000  0.46007078E+000  0.62776830E+000  0.80313024E+000  0.91035124E+000  0.12870709E+001  0.18877846E+001  0.26316515E+001  0.40997101E+001  0.58394629E+001
  0.30296071E+000  0.31844167E+000  0.46007078E+000  0.62776830E+000  0.80312976E+000  0.91034955E+000  0.12870709E+001  0.18877827E+001  0.26316484E+001  0.40997080E+001  0.58394585E+001
  0.30296041E+000  0.31844158E+000  0.46007078E+000  0.62776830E+000  0.80312934E+000  0.91034805E+000  0.12870709E+001  0.18877811E+001  0.26316457E+001  0.40997061E+001  0.58394545E+001
  0.30296015E+000  0.31844149E+000  0.46007078E+000  0.62776830E+000  0.80312896E+000  0.91034671E+000  0.12870709E+001  0.18877797E+001  0.26316434E+001  0.40997045E+001  0.58394510E+001
  0.30295991E+000  0.31844141E+000  0.46007078E+000  0.62776830E+000  0.80312864E+000  0.91034554E+000  0.12870709E+001  0.18877784E+001  0.26316414E+001  0.40997031E+001  0.58394480E+001
  0.30295970E+000  0.31844135E+000  0.46007078E+000  0.62776830E+000  0.80312835E+000  0.91034451E+000  0.12870709E+001  0.18877774E+001  0.26316397E+001  0.40997019E+001  0.58394453E+001
  0.30295952E+000  0.31844129E+000  0.46007078E+000  0.62776830E+000  0.80312810E+000  0.91034361E+000  0.12870709E+001  0.18877765E+001  0.26316382E+001  0.40997008E+001  0.58394430E+001
  0.30295937E+000  0.31844124E+000  0.46007078E+000  0.62776830E+000  0.80312788E+000  0.91034283E+000  0.12870709E+001  0.18877758E+001  0.26316372E+001  0.40997000E+001  0.58394410E+001
  0.30295923E+000  0.31844119E+000  0.46007078E+000  0.62776830E+000  0.80312770E+000  0.91034216E+000  0.12870709E+001  0.18877751E+001  0.26316363E+001  0.40996992E+001  0.58394393E+001
  0.30295912E+000  0.31844116E+000  0.46007078E+000  0.62776830E+000  0.80312754E+000  0.91034159E+000  0.12870709E+001  0.18877746E+001  0.26316355E+001  0.40996985E+001  0.58394379E+001
  0.30295902E+000  0.31844113E+000  0.46007078E+000  0.62776830E+000  0.80312741E+000  0.91034110E+000  0.12870709E+001  0.18877742E+001  0.26316349E+001  0.40996980E+001  0.58394367E+001
  0.30295894E+000  0.31844110E+000  0.46007078E+000  0.62776830E+000  0.80312730E+000  0.91034070E+000  0.12870709E+001  0.18877739E+001  0.26316344E+001  0.40996976E+001  0.58394357E+001
  0.30295887E+000  0.31844108E+000  0.46007078E+000  0.62776830E+000  0.80312721E+000  0.91034037E+000  0.12870709E+001  0.18877736E+001  0.26316341E+001  0.40996972E+001  0.58394349E+001
  0.30295882E+000  0.31844106E+000  0.46007078E+000  0.62776830E+000  0.80312714E+000  0.91034010E+000  0.12870709E+001  0.18877734E+001  0.26316338E+001  0.40996969E+001  0.58394343E+001
  0.30295877E+000  0.31844105E+000  0.46007078E+000  0.62776830E+000  0.80312708E+000  0.91033988E+000  0.12870709E+001  0.18877733E+001  0.26316336E+001  0.40996967E+001  0.58394338E+001
  0.30295874E+000  0.31844104E+000  0.46007078E+000  0.62776830E+000  0.80312703E+000  0.91033971E+000  0.12870709E+001  0.18877732E+001  0.26316334E+001  0.40996966E+001  0.58394335E+001
  0.30295871E+000  0.31844103E+000  0.46007078E+000  0.62776830E+000  0.80312700E+000  0.91033958E+000  0.12870709E+001  0.18877732E+001  0.26316334E+001  0.40996965E+001  0.58394332E+001
  0.30295869E+000  0.31844102E+000  0.46007078E+000  0.62776830E+000  0.80312698E+000  0.91033949E+000  0.12870709E+001  0.18877732E+001  0.26316333E+001  0.40996964E+001  0.58394331E+001
  0.30295868E+000  0.31844102E+000  0.46007078E+000  0.62776830E+000  0.80312696E+000  0.91033943E+000  0.12870709E+001  0.18877732E+001  0.26316334E+001  0.40996964E+001  0.58394330E+001
  0.30295867E+000  0.31844102E+000  0.46007078E+000  0.62776830E+000  0.80312695E+000  0.91033940E+000  0.12870709E+001  0.18877732E+001  0.26316334E+001  0.40996964E+001  0.58394330E+001
  0.30295867E+000  0.31844102E+000  0.46007078E+000  0.62776830E+000  0.80312695E+000  0.91033939E+000  0.12870709E+001  0.18877733E+001  0.26316335E+001  0.40996964E+001  0.58394331E+001
  0.30295867E+000  0.31844102E+000  0.46007078E+000  0.62776830E+000  0.80312696E+000  0.91033940E+000  0.12870709E+001  0.18877734E+001  0.26316336E+001  0.40996964E+001  0.58394332E+001
  0.30295868E+000  0.31844102E+000  0.46007078E+000  0.62776830E+000  0.80312696E+000  0.91033943E+000  0.12870709E+001  0.18877735E+001  0.26316337E+001  0.40996965E+001  0.58394333E+001
  0.30295868E+000  0.31844102E+000  0.46007078E+000  0.62776830E+000  0.80312697E+000  0.91033947E+000  0.12870709E+001  0.18877736E+001  0.26316339E+001  0.40996966E+001  0.58394335E+001
  0.30295869E+000  0.31844103E+000  0.46007078E+000  0.62776830E+000  0.80312699E+000  0.91033952E+000  0.12870709E+001  0.18877737E+001  0.26316340E+001  0.40996967E+001  0.58394338E+001
  0.30295870E+000  0.31844103E+000  0.46007078E+000  0.62776830E+000  0.80312701E+000  0.91033958E+000  0.12870709E+001  0.18877738E+001  0.26316342E+001  0.40996968E+001  0.58394340E+001
  0.30295872E+000  0.31844103E+000  0.46007078E+000  0.62776830E+000  0.80312702E+000  0.91033965E+000  0.12870709E+001  0.18877740E+001  0.26316344E+001  0.40996969E+001  0.58394343E+001
  0.30295873E+000  0.31844104E+000  0.46007078E+000  0.62776830E+000  0.80312704E+000  0.91033972E+000  0.12870709E+001  0.18877741E+001  0.26316345E+001  0.40996970E+001  0.58394345E+001
  0.30295875E+000  0.31844104E+000  0.46007078E+000  0.62776830E+000  0.80312707E+000  0.91033980E+000  0.12870709E+001  0.18877742E+001  0.26316347E+001  0.40996971E+001  0.58394348E+001
  0.30295876E+000  0.31844105E+000  0.46007078E+000  0.62776830E+000  0.80312709E+000  0.91033988E+000  0.12870709E+001  0.18877744E+001  0.26316349E+001  0.40996972E+001  0.58394351E+001
  0.30295878E+000  0.31844105E+000  0.46007078E+000  0.62776830E+000  0.80312711E+000  0.91033996E+000  0.12870709E+001  0.18877745E+001  0.26316351E+001  0.40996973E+001  0.58394354E+001
  0.30295879E+000  0.31844106E+000  0.46007078E+000  0.62776830E+000  0.80312713E+000  0.91034004E+000  0.12870709E+001  0.18877746E+001  0.26316352E+001  0.40996974E+001  0.58394357E+001
  0.30295881E+000  0.31844107E+000  0.46007078E+000  0.62776830E+000  0.80312715E+000  0.91034013E+000  0.12870709E+001  0.18877747E+001  0.26316354E+001  0.40996976E+001  0.58394360E+001
  0.30295882E+000  0.31844107E+000  0.46007078E+000  0.62776830E+000  0.80312718E+000  0.91034021E+000  0.12870709E+001  0.18877748E+001  0.26316356E+001  0.40996977E+001  0.58394363E+001
  0.30295884E+000  0.31844108E+000  0.46007078E+000  0.62776830E+000  0.80312720E+000  0.91034029E+000  0.12870709E+001  0.18877750E+001  0.26316357E+001  0.40996978E+001  0.58394366E+001
  0.30295886E+000  0.31844108E+000  0.46007078E+000  0.62776830E+000  0.80312722E+000  0.91034037E+000  0.12870709E+001  0.18877751E+001  0.26316359E+001  0.40996979E+001  0.58394369E+001
  0.30295887E+000  0.31844109E+000  0.46007078E+000  0.62776830E+000  0.80312724E+000  0.91034045E+000  0.12870709E+001  0.18877752E+001  0.26316360E+001  0.40996980E+001  0.58394372E+001
  0.30295889E+000  0.31844109E+000  0.46007078E+000  0.62776830E+000  0.80312726E+000  0.91034053E+000  0.12870709E+001  0.18877753E+001  0.26316362E+001  0.40996981E+001  0.58394375E+001
  0.30295890E+000  0.31844110E+000  0.46007078E+000  0.62776830E+000  0.80312728E+000  0.91034061E+000  0.12870709E+001  0.18877754E+001  0.26316363E+001  0.40996982E+001  0.58394378E+001
  0.30295891E+000  0.31844110E+000  0.46007078E+000  0.62776830E+000  0.80312730E+000  0.91034068E+000  0.12870709E+001  0.18877755E+001  0.26316365E+001  0.40996983E+001  0.58394380E+001
  0.30295893E+000  0.31844111E+000  0.46007078E+000  0.62776830E+000  0.80312732E+000  0.91034075E+000  0.12870709E+001  0.18877756E+001  0.26316366E+001  0.40996984E+001  0.58394383E+001
  0.30295894E+000  0.31844111E+000  0.46007078E+000  0.62776830E+000  0.80312734E+000  0.91034082E+000  0.12870709E+001  0.18877756E+001  0.26316367E+001  0.40996985E+001  0.58394385E+001
  0.30295895E+000  0.31844111E+000  0.46007078E+000  0.62776830E+000  0.80312736E+000  0.91034089E+000  0.12870709E+001  0.18877757E+001  0.26316368E+001  0.40996986E+001  0.58394388E+001
  0.30295896E+000  0.31844112E+000  0.46007078E+000  0.62776830E+000  0.80312737E+000  0.91034095E+000  0.12870709E+001  0.18877758E+001  0.26316369E+001  0.40996987E+001  0.58394390E+001
  0.30295898E+000  0.31844112E+000  0.46007078E+000  0.62776830E+000  0.80312739E+000  0.91034101E+000  0.12870709E+001  0.18877758E+001  0.26316370E+001  0.40996987E+001  0.58394392E+001
  0.30295899E+000  0.31844113E+000  0.46007078E+000  0.62776830E+000  0.80312740E+000  0.91034107E+000  0.12870709E+001  0.18877759E+001  0.26316371E+001  0.40996988E+001  0.58394394E+001
  0.30295900E+000  0.31844113E+000  0.46007078E+000  0.62776830E+000  0.80312742E+000  0.91034112E+000  0.12870709E+001  0.18877759E+001  0.26316372E+001  0.40996989E+001  0.58394396E+001
  0.30295901E+000  0.31844113E+000  0.46007078E+000  0.62776830E+000  0.80312743E+000  0.91034117E+000  0.12870709E+001  0.18877760E+001  0.26316373E+001  0.40996990E+001  0.58394398E+001
  0.30295902E+000  0.31844114E+000  0.46007078E+000  0.62776830E+000  0.80312744E+000  0.91034122E+000  0.12870709E+001  0.18877760E+001  0.26316374E+001  0.40996990E+001  0.58394399E+001
  0.30295902E+000  0.31844114E+000  0.46007078E+000  0.62776830E+000  0.80312745E+000  0.91034126E+000  0.12870709E+001  0.18877761E+001  0.26316374E+001  0.40996991E+001  0.58394401E+001
  0.30295903E+000  0.31844114E+000  0.46007078E+000  0.62776830E+000  0.80312746E+000  0.91034130E+000  0.12870709E+001  0.18877761E+001  0.26316375E+001  0.40996991E+001  0.58394402E+001
  0.30295904E+000  0.31844114E+000  0.46007078E+000  0.62776830E+000  0.80312747E+000  0.91034134E+000  0.12870709E+001  0.18877761E+001  0.26316375E+001  0.40996992E+001  0.58394404E+001
  0.30295904E+000  0.31844115E+000  0.46007078E+000  0.62776830E+000  0.80312748E+000  0.91034137E+000  0.12870709E+001  0.18877761E+001  0.26316376E+001  0.40996992E+001  0.58394405E+001
  0.30295905E+000  0.31844115E+000  0.46007078E+000  0.62776830E+000  0.80312749E+000  0.91034140E+000  0.12870709E+001  0.18877761E+001  0.26316376E+001  0.40996992E+001  0.58394406E+001
  0.30295905E+000  0.31844115E+000  0.46007078E+000  0.62776830E+000  0.80312749E+000  0.91034143E+000  0.12870709E+001  0.18877761E+001  0.26316376E+001  0.40996993E+001  0.58394407E+001
  0.30295906E+000  0.31844115E+000  0.46007078E+000  0.62776830E+000  0.80312750E+000  0.91034145E+000  0.12870709E+001  0.18877761E+001  0.26316377E+001  0.40996993E+001  0.58394408E+001
  0.30295906E+000  0.31844115E+000  0.46007078E+000  0.62776830E+000  0.80312750E+000  0.91034147E+000  0.12870709E+001  0.18877761E+001  0.26316377E+001  0.40996993E+001  0.58394409E+001
  0.30295907E+000  0.31844115E+000  0.46007078E+000  0.62776830E+000  0.80312751E+000  0.91034149E+000  0.12870709E+001  0.18877761E+001  0.26316377E+001  0.40996994E+001  0.58394409E+001
  0.30295907E+000  0.31844115E+000  0.46007078E+000  0.62776830E+000  0.80312751E+000  0.91034150E+000  0.12870709E+001  0.18877761E+001  0.26316377E+001  0.40996994E+001  0.58394410E+001
  0.30295907E+000  0.31844115E+000  0.46007078E+000  0.62776830E+000  0.80312751E+000  0.91034152E+000  0.12870709E+001  0.18877761E+001  0.26316377E+001  0.40996994E+001  0.58394410E+001
  0.30295907E+000  0.31844115E+000  0.46007078E+000  0.62776830E+000  0.80312752E+000  0.91034153E+000  0.12870709E+001  0.18877760E+001  0.26316377E+001  0.40996994E+001  0.58394411E+001
  0.30295907E+000  0.31844116E+000  0.46007078E+000  0.62776830E+000  0.80312752E+000  0.91034153E+000  0.12870709E+001  0.18877760E+001  0.26316377E+001  0.40996994E+001  0.58394411E+001
  0.30295907E+000  0.31844116E+000  0.46007078E+000  0.62776830E+000  0.80312752E+000  0.91034154E+000  0.12870709E+001  0.18877760E+001  0.26316376E+001  0.40996994E+001  0.58394411E+001
  0.30295907E+000  0.31844116E+000  0.46007078E+000  0.62776830E+000  0.80312752E+000  0.91034154E+000  0.12870709E+001  0.18877760E+001  0.26316376E+001  0.40996994E+001  0.58394411E+001
  0.30295907E+000  0.31844116E+000  0.46007078E+000  0.62776830E+000  0.80312752E+000  0.91034153E+000  0.12870709E+001  0.18877759E+001  0.26316376E+001  0.40996994E+001  0.58394411E+001
  0.30295907E+000  0.31844116E+000  0.46007078E+000  0.62776830E+000  0.80312751E+000  0.91034153E+000  0.12870709E+001  0.18877759E+001  0.26316376E+001  0.40996994E+001  0.58394411E+001
  0.30295907E+000  0.31844115E+000  0.46007078E+000  0.62776830E+000  0.80312751E+000  0.91034152E+000  0.12870709E+001  0.18877758E+001  0.26316375E+001  0.40996994E+001  0.58394411E+001
  0.30295907E+000  0.31844115E+000  0.46007078E+000  0.62776830E+000  0.80312751E+000  0.91034152E+000  0.12870709E+001  0.18877758E+001  0.26316375E+001  0.40996994E+001  0.58394411E+001
  0.30295907E+000  0.31844115E+000  0.46007078E+000  0.62776830E+000  0.80312750E+000  0.91034151E+000  0.12870709E+001  0.18877757E+001  0.26316374E+001  0.40996993E+001  0.58394411E+001
  0.30295907E+000  0.31844115E+000  0.46007078E+000  0.62776830E+000  0.80312750E+000  0.91034149E+000  0.12870709E+001  0.18877757E+001  0.26316374E+001  0.40996993E+001  0.58394410E+001
  0.30295906E+000  0.31844115E+000  0.46007078E+000  0.62776830E+000  0.80312750E+000  0.91034148E+000  0.12870709E+001  0.18877756E+001  0.26316373E+001  0.40996993E+001  0.58394410E+001
  0.30295906E+000  0.31844115E+000  0.46007078E+000  0.62776830E+000  0.80312749E+000  0.91034147E+000  0.12870709E+001  0.18877756E+001  0.26316373E+001  0.40996993E+001  0.58394410E+001
  0.30295906E+000  0.31844115E+000  0.46007078E+000  0.62776830E+000  0.80312749E+000  0.91034145E+000  0.12870709E+001  0.18877755E+001  0.26316372E+001  0.40996993E+001  0.58394409E+001
  0.30295905E+000  0.31844115E+000  0.46007078E+000  0.62776830E+000  0.80312748E+000  0.91034143E+000  0.12870709E+001  0.18877754E+001  0.26316371E+001  0.40996992E+001  0.58394409E+001
  0.30295905E+000  0.31844115E+000  0.46007078E+000  0.62776830E+000  0.80312747E+000  0.91034141E+000  0.12870709E+001  0.18877754E+001  0.26316371E+001  0.40996992E+001  0.58394408E+001
  0.30295905E+000  0.31844115E+000  0.46007078E+000  0.62776830E+000  0.80312747E+000  0.91034139E+000  0.12870709E+001  0.18877753E+001  0.26316370E+001  0.40996992E+001  0.58394407E+001
  0.30295904E+000  0.31844114E+000  0.46007078E+000  0.62776830E+000  0.80312746E+000  0.91034137E+000  0.12870709E+001  0.18877753E+001  0.26316369E+001  0.40996991E+001  0.58394407E+001
  0.30295904E+000  0.31844114E+000  0.46007078E+000  0.62776830E+000  0.80312746E+000  0.91034134E+000  0.12870709E+001  0.18877752E+001  0.26316368E+001  0.40996991E+001  0.58394406E+001
  0.30295903E+000  0.31844114E+000  0.46007078E+000  0.62776830E+000  0.80312745E+000  0.91034132E+000  0.12870709E+001  0.18877751E+001  0.26316368E+001  0.40996991E+001  0.58394405E+001
  0.30295903E+000  0.31844114E+000  0.46007078E+000  0.62776830E+000  0.80312744E+000  0.91034130E+000  0.12870709E+001  0.18877751E+001  0.26316367E+001  0.40996990E+001  0.58394405E+001
  0.30295902E+000  0.31844114E+000  0.46007078E+000  0.62776830E+000  0.80312743E+000  0.91034127E+000  0.12870709E+001  0.18877750E+001  0.26316366E+001  0.40996990E+001  0.58394404E+001
  0.30295902E+000  0.31844114E+000  0.46007078E+000  0.62776830E+000  0.80312743E+000  0.91034124E+000  0.12870709E+001  0.18877749E+001  0.26316365E+001  0.40996990E+001  0.58394403E+001
  0.30295901E+000  0.31844113E+000  0.46007078E+000  0.62776830E+000  0.80312742E+000  0.91034122E+000  0.12870709E+001  0.18877749E+001  0.26316365E+001  0.40996989E+001  0.58394402E+001
  0.30295901E+000  0.31844113E+000  0.46007078E+000  0.62776830E+000  0.80312741E+000  0.91034119E+000  0.12870709E+001  0.18877748E+001  0.26316364E+001  0.40996989E+001  0.58394401E+001
  0.30295900E+000  0.31844113E+000  0.46007078E+000  0.62776830E+000  0.80312740E+000  0.91034116E+000  0.12870709E+001  0.18877747E+001  0.26316363E+001  0.40996989E+001  0.58394400E+001
  0.30295900E+000  0.31844113E+000  0.46007078E+000  0.62776830E+000  0.80312739E+000  0.91034113E+000  0.12870709E+001  0.18877746E+001  0.26316362E+001  0.40996988E+001  0.58394399E+001
  0.30295899E+000  0.31844113E+000  0.46007078E+000  0.62776830E+000  0.80312738E+000  0.91034110E+000  0.12870709E+001  0.18877746E+001  0.26316361E+001  0.40996988E+001  0.58394398E+001
  0.30295898E+000  0.31844112E+000  0.46007078E+000  0.62776830E+000  0.80312737E+000  0.91034106E+000  0.12870709E+001  0.18877745E+001  0.26316360E+001  0.40996987E+001  0.58394397E+001
  0.30295898E+000  0.31844112E+000  0.46007078E+000  0.62776830E+000  0.80312736E+000  0.91034102E+000  0.12870709E+001  0.18877744E+001  0.26316359E+001  0.40996987E+001  0.58394396E+001
  0.30295897E+000  0.31844112E+000  0.46007078E+000  0.62776830E+000  0.80312735E+000  0.91034098E+000  0.12870709E+001  0.18877743E+001  0.26316358E+001  0.40996986E+001  0.58394394E+001
  0.30295896E+000  0.31844112E+000  0.46007078E+000  0.62776830E+000  0.80312734E+000  0.91034093E+000  0.12870709E+001  0.18877742E+001  0.26316356E+001  0.40996985E+001  0.58394393E+001
  0.30295895E+000  0.31844111E+000  0.46007078E+000  0.62776830E+000  0.80312732E+000  0.91034087E+000  0.12870709E+001  0.18877741E+001  0.26316355E+001  0.40996984E+001  0.58394391E+001
  0.30295894E+000  0.31844111E+000  0.46007078E+000  0.62776830E+000  0.80312730E+000  0.91034080E+000  0.12870709E+001  0.18877740E+001  0.26316353E+001  0.40996983E+001  0.58394388E+001
  0.30295892E+000  0.31844110E+000  0.46007078E+000  0.62776830E+000  0.80312727E+000  0.91034072E+000  0.12870709E+001  0.18877738E+001  0.26316351E+001  0.40996982E+001  0.58394385E+001
  0.30295890E+000  0.31844109E+000  0.46007078E+000  0.62776830E+000  0.80312724E+000  0.91034061E+000  0.12870709E+001  0.18877736E+001  0.26316348E+001  0.40996980E+001  0.58394382E+001
  0.30295887E+000  0.31844108E+000  0.46007078E+000  0.62776830E+000  0.80312718E+000  0.91034050E+000  0.12870709E+001  0.18877734E+001  0.26316345E+001  0.40996978E+001  0.58394378E+001
  0.30295884E+000  0.31844109E+000  0.46007078E+000  0.62776830E+000  0.80312720E+000  0.91034033E+000  0.12870709E+001  0.18877734E+001  0.26316341E+001  0.40996980E+001  0.58394381E+001
  0.30295889E+000  0.31844109E+000  0.46007078E+000  0.62776830E+000  0.80312724E+000  0.91034056E+000  0.12870709E+001  0.18877736E+001  0.26316349E+001  0.40996981E+001  0.58394383E+001
