 -0.57432092E+000 -0.43190780E+000 -0.11426195E+000 -0.56729871E-002 -0.39447190E-002 -0.10642722E-002  0.10817903E-002  0.96014761E+000  0.25658122E+001  0.51504776E+001  0.73807482E+001
 -0.57469808E+000 -0.43254081E+000 -0.11516620E+000 -0.56830287E-002 -0.39893432E-002 -0.11665339E-002  0.10532839E-002  0.95729083E+000  0.25621498E+001  0.51433084E+001  0.73726695E+001
 -0.57495792E+000 -0.43302061E+000 -0.11582869E+000 -0.56846773E-002 -0.39900242E-002 -0.11656024E-002  0.10502681E-002  0.95497569E+000  0.25591107E+001  0.51371844E+001  0.73657197E+001
 -0.57512575E+000 -0.43336692E+000 -0.11631047E+000 -0.56850707E-002 -0.39864492E-002 -0.11554134E-002  0.10520173E-002  0.95310463E+000  0.25566266E+001  0.51320398E+001  0.73598234E+001
 -0.57522517E+000 -0.43360285E+000 -0.11665445E+000 -0.56850838E-002 -0.39827265E-002 -0.11454643E-002  0.10544551E-002  0.95158655E+000  0.25546114E+001  0.51277786E+001  0.73548773E+001
 -0.57527582E+000 -0.43375145E+000 -0.11689188E+000 -0.56848987E-002 -0.39793085E-002 -0.11366582E-002  0.10567434E-002  0.95036229E+000  0.25529844E+001  0.51246247E+001  0.73507835E+001
 -0.57529281E+000 -0.43383325E+000 -0.11704629E+000 -0.56845960E-002 -0.39762610E-002 -0.11290361E-002  0.10587729E-002  0.94938159E+000  0.25516772E+001  0.51225394E+001  0.73474469E+001
 -0.57528734E+000 -0.43386536E+000 -0.11713594E+000 -0.56842218E-002 -0.39735684E-002 -0.11224794E-002  0.10605486E-002  0.94860336E+000  0.25506333E+001  0.51208928E+001  0.73447765E+001
 -0.57526750E+000 -0.43386156E+000 -0.11717532E+000 -0.56838068E-002 -0.39712004E-002 -0.11168563E-002  0.10621140E-002  0.94799352E+000  0.25498074E+001  0.51196180E+001  0.73426864E+001
 -0.57523903E+000 -0.43383260E+000 -0.11717604E+000 -0.56833700E-002 -0.39691115E-002 -0.11120142E-002  0.10634874E-002  0.94752367E+000  0.25491629E+001  0.51186554E+001  0.73410970E+001
 -0.57520592E+000 -0.43378670E+000 -0.11714745E+000 -0.56829256E-002 -0.39672689E-002 -0.11078411E-002  0.10646948E-002  0.94717007E+000  0.25486703E+001  0.51179535E+001  0.73399355E+001
 -0.57517089E+000 -0.43373014E+000 -0.11709713E+000 -0.56824843E-002 -0.39656434E-002 -0.11042420E-002  0.10657619E-002  0.94691283E+000  0.25483054E+001  0.51174685E+001  0.73391368E+001
 -0.57513576E+000 -0.43366759E+000 -0.11703119E+000 -0.56820531E-002 -0.39642091E-002 -0.11011356E-002  0.10667035E-002  0.94673559E+000  0.25480480E+001  0.51171635E+001  0.73386434E+001
 -0.57510168E+000 -0.43360246E+000 -0.11695459E+000 -0.56816400E-002 -0.39629610E-002 -0.10984961E-002  0.10675550E-002  0.94662481E+000  0.25478817E+001  0.51170079E+001  0.73384051E+001
 -0.57506935E+000 -0.43353717E+000 -0.11687126E+000 -0.56812456E-002 -0.39618627E-002 -0.10962245E-002  0.10683141E-002  0.94656929E+000  0.25477924E+001  0.51169763E+001  0.73383788E+001
 -0.57503915E+000 -0.43347343E+000 -0.11678433E+000 -0.56808711E-002 -0.39608916E-002 -0.10942589E-002  0.10689835E-002  0.94655977E+000  0.25477686E+001  0.51170474E+001  0.73385276E+001
 -0.57501123E+000 -0.43341236E+000 -0.11669626E+000 -0.56805180E-002 -0.39600323E-002 -0.10925560E-002  0.10695720E-002  0.94658858E+000  0.25478003E+001  0.51172037E+001  0.73388205E+001
 -0.57498563E+000 -0.43335467E+000 -0.11660893E+000 -0.56801870E-002 -0.39592714E-002 -0.10910789E-002  0.10700892E-002  0.94664939E+000  0.25478794E+001  0.51174304E+001  0.73392309E+001
 -0.57496227E+000 -0.43330075E+000 -0.11652376E+000 -0.56798781E-002 -0.39585972E-002 -0.10897958E-002  0.10705441E-002  0.94673698E+000  0.25479989E+001  0.51177153E+001  0.73397368E+001
 -0.57494103E+000 -0.43325079E+000 -0.11644180E+000 -0.56795911E-002 -0.39579993E-002 -0.10886795E-002  0.10709449E-002  0.94684701E+000  0.25481526E+001  0.51180479E+001  0.73403195E+001
 -0.57492175E+000 -0.43320478E+000 -0.11636376E+000 -0.56793256E-002 -0.39574684E-002 -0.10877064E-002  0.10712987E-002  0.94697588E+000  0.25483355E+001  0.51184196E+001  0.73409635E+001
 -0.57490427E+000 -0.43316262E+000 -0.11629013E+000 -0.56790807E-002 -0.39569966E-002 -0.10868562E-002  0.10716121E-002  0.94712062E+000  0.25485430E+001  0.51188228E+001  0.73416556E+001
 -0.57488843E+000 -0.43312412E+000 -0.11622116E+000 -0.56788557E-002 -0.39565765E-002 -0.10861113E-002  0.10718909E-002  0.94727872E+000  0.25487714E+001  0.51192514E+001  0.73423847E+001
 -0.57487403E+000 -0.43308905E+000 -0.11615697E+000 -0.56786493E-002 -0.39562019E-002 -0.10854564E-002  0.10721401E-002  0.94744808E+000  0.25490173E+001  0.51196997E+001  0.73431415E+001
 -0.57486094E+000 -0.43305714E+000 -0.11609751E+000 -0.56784604E-002 -0.39558671E-002 -0.10848781E-002  0.10723642E-002  0.94762695E+000  0.25492779E+001  0.51201633E+001  0.73439178E+001
 -0.57484899E+000 -0.43302811E+000 -0.11604267E+000 -0.56782879E-002 -0.39555668E-002 -0.10843649E-002  0.10725671E-002  0.94781382E+000  0.25495506E+001  0.51206380E+001  0.73447071E+001
 -0.57483803E+000 -0.43300168E+000 -0.11599223E+000 -0.56781305E-002 -0.39552966E-002 -0.10839068E-002  0.10727523E-002  0.94800742E+000  0.25498332E+001  0.51211203E+001  0.73455033E+001
 -0.57482795E+000 -0.43297756E+000 -0.11594595E+000 -0.56779869E-002 -0.39550524E-002 -0.10834947E-002  0.10729228E-002  0.94820663E+000  0.25501237E+001  0.51216072E+001  0.73463016E+001
 -0.57481861E+000 -0.43295547E+000 -0.11590350E+000 -0.56778560E-002 -0.39548304E-002 -0.10831210E-002  0.10730813E-002  0.94841049E+000  0.25504204E+001  0.51220961E+001  0.73470975E+001
 -0.57480991E+000 -0.43293517E+000 -0.11586457E+000 -0.56777365E-002 -0.39546274E-002 -0.10827788E-002  0.10732301E-002  0.94861814E+000  0.25507216E+001  0.51225845E+001  0.73478873E+001
 -0.57480174E+000 -0.43291640E+000 -0.11582880E+000 -0.56776271E-002 -0.39544403E-002 -0.10824623E-002  0.10733705E-002  0.94882882E+000  0.25510259E+001  0.51230704E+001  0.73486676E+001
 -0.57479401E+000 -0.43289892E+000 -0.11579586E+000 -0.56775267E-002 -0.39542667E-002 -0.10821667E-002  0.10735050E-002  0.94904183E+000  0.25513320E+001  0.51235519E+001  0.73494358E+001
 -0.57478664E+000 -0.43288253E+000 -0.11576539E+000 -0.56774340E-002 -0.39541040E-002 -0.10818875E-002  0.10736352E-002  0.94925652E+000  0.25516387E+001  0.51240275E+001  0.73501892E+001
 -0.57477955E+000 -0.43286703E+000 -0.11573706E+000 -0.56773479E-002 -0.39539501E-002 -0.10816206E-002  0.10737625E-002  0.94947231E+000  0.25519448E+001  0.51244957E+001  0.73509259E+001
 -0.57477267E+000 -0.43285224E+000 -0.11571055E+000 -0.56772673E-002 -0.39538031E-002 -0.10813626E-002  0.10738878E-002  0.94968862E+000  0.25522494E+001  0.51249554E+001  0.73516441E+001
 -0.57476595E+000 -0.43283800E+000 -0.11568556E+000 -0.56771914E-002 -0.39536612E-002 -0.10811108E-002  0.10740121E-002  0.94990491E+000  0.25525515E+001  0.51254055E+001  0.73523425E+001
 -0.57475933E+000 -0.43282416E+000 -0.11566180E+000 -0.56771192E-002 -0.39535230E-002 -0.10808626E-002  0.10741361E-002  0.95012069E+000  0.25528503E+001  0.51259361E+001  0.73530201E+001
 -0.57475278E+000 -0.43281060E+000 -0.11563901E+000 -0.56770500E-002 -0.39533873E-002 -0.10806163E-002  0.10742605E-002  0.95033546E+000  0.25531451E+001  0.51265099E+001  0.73536761E+001
 -0.57474625E+000 -0.43279722E+000 -0.11561697E+000 -0.56769830E-002 -0.39532532E-002 -0.10803701E-002  0.10743856E-002  0.95054877E+000  0.25534352E+001  0.51270682E+001  0.73543104E+001
 -0.57473971E+000 -0.43278392E+000 -0.11559546E+000 -0.56769177E-002 -0.39531196E-002 -0.10801229E-002  0.10745118E-002  0.95076020E+000  0.25537202E+001  0.51276107E+001  0.73549230E+001
 -0.57473313E+000 -0.43277062E+000 -0.11557432E+000 -0.56768535E-002 -0.39529860E-002 -0.10798736E-002  0.10746392E-002  0.95096937E+000  0.25539994E+001  0.51281372E+001  0.73555143E+001
 -0.57472650E+000 -0.43275725E+000 -0.11555337E+000 -0.56767899E-002 -0.39528518E-002 -0.10796216E-002  0.10747679E-002  0.95117593E+000  0.25542727E+001  0.51286480E+001  0.73560852E+001
 -0.57471980E+000 -0.43274377E+000 -0.11553249E+000 -0.56767267E-002 -0.39527165E-002 -0.10793663E-002  0.10748979E-002  0.95137962E+000  0.25545399E+001  0.51291436E+001  0.73566368E+001
 -0.57471302E+000 -0.43273013E+000 -0.11551158E+000 -0.56766634E-002 -0.39525799E-002 -0.10791074E-002  0.10750292E-002  0.95158022E+000  0.25548009E+001  0.51296245E+001  0.73571705E+001
 -0.57470615E+000 -0.43271630E+000 -0.11549053E+000 -0.56765998E-002 -0.39524417E-002 -0.10788448E-002  0.10751616E-002  0.95177757E+000  0.25550557E+001  0.51300919E+001  0.73576881E+001
 -0.57469918E+000 -0.43270226E+000 -0.11546928E+000 -0.56765357E-002 -0.39523017E-002 -0.10785783E-002  0.10752950E-002  0.95197160E+000  0.25553045E+001  0.51305469E+001  0.73581914E+001
 -0.57469211E+000 -0.43268799E+000 -0.11544778E+000 -0.56764709E-002 -0.39521598E-002 -0.10783079E-002  0.10754292E-002  0.95216235E+000  0.25555477E+001  0.51309908E+001  0.73586823E+001
 -0.57468495E+000 -0.43267348E+000 -0.11542597E+000 -0.56764053E-002 -0.39520160E-002 -0.10780337E-002  0.10755641E-002  0.95234989E+000  0.25557857E+001  0.51314251E+001  0.73591631E+001
 -0.57467768E+000 -0.43265872E+000 -0.11540383E+000 -0.56763389E-002 -0.39518702E-002 -0.10777557E-002  0.10756996E-002  0.95253440E+000  0.25560190E+001  0.51318515E+001  0.73596357E+001
 -0.57467031E+000 -0.43264371E+000 -0.11538134E+000 -0.56762715E-002 -0.39517225E-002 -0.10774740E-002  0.10758354E-002  0.95271613E+000  0.25562482E+001  0.51322714E+001  0.73601022E+001
 -0.57466285E+000 -0.43262846E+000 -0.11535847E+000 -0.56762032E-002 -0.39515727E-002 -0.10771887E-002  0.10759715E-002  0.95289539E+000  0.25564740E+001  0.51326865E+001  0.73605645E+001
 -0.57465528E+000 -0.43261295E+000 -0.11533523E+000 -0.56761338E-002 -0.39514210E-002 -0.10768998E-002  0.10761079E-002  0.95307255E+000  0.25566971E+001  0.51330983E+001  0.73610244E+001
 -0.57464763E+000 -0.43259720E+000 -0.11531160E+000 -0.56760633E-002 -0.39512673E-002 -0.10766072E-002  0.10762446E-002  0.95324799E+000  0.25569181E+001  0.51335082E+001  0.73614833E+001
 -0.57463987E+000 -0.43258121E+000 -0.11528759E+000 -0.56759918E-002 -0.39511116E-002 -0.10763112E-002  0.10763815E-002  0.95342214E+000  0.25571377E+001  0.51339174E+001  0.73619427E+001
 -0.57463202E+000 -0.43256498E+000 -0.11526320E+000 -0.56759193E-002 -0.39509539E-002 -0.10760116E-002  0.10765187E-002  0.95359539E+000  0.25573565E+001  0.51343270E+001  0.73624037E+001
 -0.57462409E+000 -0.43254852E+000 -0.11523844E+000 -0.56758457E-002 -0.39507943E-002 -0.10757086E-002  0.10766564E-002  0.95376813E+000  0.25575752E+001  0.51347379E+001  0.73628671E+001
 -0.57461606E+000 -0.43253183E+000 -0.11521331E+000 -0.56757711E-002 -0.39506328E-002 -0.10754021E-002  0.10767945E-002  0.95394072E+000  0.25577941E+001  0.51351509E+001  0.73633337E+001
 -0.57460795E+000 -0.43251493E+000 -0.11518784E+000 -0.56756956E-002 -0.39504694E-002 -0.10750923E-002  0.10769331E-002  0.95411345E+000  0.25580136E+001  0.51355665E+001  0.73638040E+001
 -0.57459975E+000 -0.43249783E+000 -0.11516203E+000 -0.56756191E-002 -0.39503042E-002 -0.10747793E-002  0.10770724E-002  0.95428659E+000  0.25582341E+001  0.51359850E+001  0.73642781E+001
 -0.57459148E+000 -0.43248055E+000 -0.11513592E+000 -0.56755418E-002 -0.39501374E-002 -0.10744633E-002  0.10772123E-002  0.95446029E+000  0.25584557E+001  0.51364065E+001  0.73647562E+001
 -0.57458314E+000 -0.43246309E+000 -0.11510952E+000 -0.56754636E-002 -0.39499690E-002 -0.10741446E-002  0.10773529E-002  0.95463468E+000  0.25586785E+001  0.51368312E+001  0.73652381E+001
 -0.57457473E+000 -0.43244547E+000 -0.11508287E+000 -0.56753848E-002 -0.39497993E-002 -0.10738233E-002  0.10774941E-002  0.95480979E+000  0.25589026E+001  0.51372587E+001  0.73657236E+001
 -0.57456628E+000 -0.43242773E+000 -0.11505599E+000 -0.56753054E-002 -0.39496284E-002 -0.10735000E-002  0.10776360E-002  0.95498559E+000  0.25591278E+001  0.51376888E+001  0.73662123E+001
 -0.57455777E+000 -0.43240988E+000 -0.11502893E+000 -0.56752255E-002 -0.39494565E-002 -0.10731749E-002  0.10777783E-002  0.95516200E+000  0.25593540E+001  0.51381212E+001  0.73667036E+001
 -0.57454924E+000 -0.43239194E+000 -0.11500174E+000 -0.56751452E-002 -0.39492840E-002 -0.10728487E-002  0.10779211E-002  0.95533887E+000  0.25595810E+001  0.51385553E+001  0.73671969E+001
 -0.57454069E+000 -0.43237396E+000 -0.11497444E+000 -0.56750646E-002 -0.39491111E-002 -0.10725218E-002  0.10780641E-002  0.95551602E+000  0.25598085E+001  0.51389905E+001  0.73676916E+001
 -0.57453213E+000 -0.43235595E+000 -0.11494710E+000 -0.56749840E-002 -0.39489380E-002 -0.10721947E-002  0.10782071E-002  0.95569320E+000  0.25600362E+001  0.51394261E+001  0.73681867E+001
 -0.57452359E+000 -0.43233796E+000 -0.11491977E+000 -0.56749035E-002 -0.39487652E-002 -0.10718682E-002  0.10783500E-002  0.95587014E+000  0.25602637E+001  0.51398614E+001  0.73686815E+001
 -0.57451507E+000 -0.43232002E+000 -0.11489250E+000 -0.56748231E-002 -0.39485930E-002 -0.10715427E-002  0.10784924E-002  0.95604655E+000  0.25604907E+001  0.51402957E+001  0.73691750E+001
 -0.57450660E+000 -0.43230216E+000 -0.11486534E+000 -0.56747432E-002 -0.39484216E-002 -0.10712190E-002  0.10786340E-002  0.95622211E+000  0.25607166E+001  0.51407280E+001  0.73696664E+001
 -0.57449819E+000 -0.43228442E+000 -0.11483835E+000 -0.56746637E-002 -0.39482515E-002 -0.10708977E-002  0.10787746E-002  0.95639649E+000  0.25609412E+001  0.51411576E+001  0.73701546E+001
 -0.57448985E+000 -0.43226683E+000 -0.11481159E+000 -0.56745850E-002 -0.39480830E-002 -0.10705795E-002  0.10789139E-002  0.95656934E+000  0.25611639E+001  0.51415835E+001  0.73706387E+001
 -0.57448161E+000 -0.43224944E+000 -0.11478511E+000 -0.56745072E-002 -0.39479164E-002 -0.10702651E-002  0.10790517E-002  0.95674032E+000  0.25613843E+001  0.51420050E+001  0.73711176E+001
 -0.57447348E+000 -0.43223228E+000 -0.11475897E+000 -0.56744304E-002 -0.39477521E-002 -0.10699550E-002  0.10791877E-002  0.95690909E+000  0.25616019E+001  0.51424213E+001  0.73715905E+001
 -0.57446548E+000 -0.43221538E+000 -0.11473322E+000 -0.56743548E-002 -0.39475905E-002 -0.10696500E-002  0.10793217E-002  0.95707530E+000  0.25618163E+001  0.51428313E+001  0.73720564E+001
 -0.57445762E+000 -0.43219877E+000 -0.11470792E+000 -0.56742805E-002 -0.39474318E-002 -0.10693506E-002  0.10794534E-002  0.95723863E+000  0.25620271E+001  0.51432344E+001  0.73725144E+001
 -0.57444992E+000 -0.43218250E+000 -0.11468312E+000 -0.56742078E-002 -0.39472764E-002 -0.10690575E-002  0.10795825E-002  0.95739874E+000  0.25622339E+001  0.51436297E+001  0.73729635E+001
 -0.57444239E+000 -0.43216659E+000 -0.11465886E+000 -0.56741366E-002 -0.39471246E-002 -0.10687712E-002  0.10797088E-002  0.95755533E+000  0.25624362E+001  0.51440165E+001  0.73734029E+001
 -0.57443505E+000 -0.43215107E+000 -0.11463520E+000 -0.56740673E-002 -0.39469767E-002 -0.10684922E-002  0.10798320E-002  0.95770811E+000  0.25626338E+001  0.51443941E+001  0.73738319E+001
 -0.57442792E+000 -0.43213598E+000 -0.11461217E+000 -0.56739998E-002 -0.39468328E-002 -0.10682211E-002  0.10799519E-002  0.95785682E+000  0.25628261E+001  0.51447618E+001  0.73742496E+001
 -0.57442099E+000 -0.43212132E+000 -0.11458981E+000 -0.56739344E-002 -0.39466934E-002 -0.10679582E-002  0.10800683E-002  0.95800120E+000  0.25630129E+001  0.51451190E+001  0.73746553E+001
 -0.57441428E+000 -0.43210713E+000 -0.11456816E+000 -0.56738711E-002 -0.39465585E-002 -0.10677041E-002  0.10801811E-002  0.95814103E+000  0.25631940E+001  0.51454651E+001  0.73750485E+001
 -0.57440781E+000 -0.43209343E+000 -0.11454725E+000 -0.56738099E-002 -0.39464283E-002 -0.10674590E-002  0.10802900E-002  0.95827611E+000  0.25633690E+001  0.51457996E+001  0.73754286E+001
 -0.57440158E+000 -0.43208023E+000 -0.11452711E+000 -0.56737511E-002 -0.39463031E-002 -0.10672232E-002  0.10803949E-002  0.95840626E+000  0.25635377E+001  0.51461221E+001  0.73757950E+001
 -0.57439559E+000 -0.43206755E+000 -0.11450775E+000 -0.56736945E-002 -0.39461830E-002 -0.10669970E-002  0.10804958E-002  0.95853132E+000  0.25637000E+001  0.51464323E+001  0.73761473E+001
 -0.57438986E+000 -0.43205541E+000 -0.11448921E+000 -0.56736404E-002 -0.39460680E-002 -0.10667807E-002  0.10805924E-002  0.95865118E+000  0.25638555E+001  0.51467297E+001  0.73764853E+001
 -0.57438438E+000 -0.43204381E+000 -0.11447149E+000 -0.56735887E-002 -0.39459584E-002 -0.10665745E-002  0.10806847E-002  0.95876573E+000  0.25640043E+001  0.51470141E+001  0.73768085E+001
 -0.57437917E+000 -0.43203276E+000 -0.11445461E+000 -0.56735395E-002 -0.39458541E-002 -0.10663783E-002  0.10807727E-002  0.95887489E+000  0.25641462E+001  0.51472854E+001  0.73771168E+001
 -0.57437422E+000 -0.43202226E+000 -0.11443857E+000 -0.56734928E-002 -0.39457551E-002 -0.10661923E-002  0.10808563E-002  0.95897864E+000  0.25642811E+001  0.51475435E+001  0.73774100E+001
 -0.57436953E+000 -0.43201231E+000 -0.11442337E+000 -0.56734486E-002 -0.39456615E-002 -0.10660164E-002  0.10809355E-002  0.95907696E+000  0.25644091E+001  0.51477882E+001  0.73776882E+001
 -0.57436510E+000 -0.43200291E+000 -0.11440901E+000 -0.56734068E-002 -0.39455733E-002 -0.10658506E-002  0.10810103E-002  0.95916987E+000  0.25645301E+001  0.51480197E+001  0.73779513E+001
 -0.57436093E+000 -0.43199406E+000 -0.11439548E+000 -0.56733675E-002 -0.39454903E-002 -0.10656949E-002  0.10810808E-002  0.95925741E+000  0.25646441E+001  0.51482379E+001  0.73781994E+001
 -0.57435701E+000 -0.43198575E+000 -0.11438278E+000 -0.56733307E-002 -0.39454125E-002 -0.10655490E-002  0.10811470E-002  0.95933964E+000  0.25647513E+001  0.51484431E+001  0.73784327E+001
 -0.57435335E+000 -0.43197798E+000 -0.11437089E+000 -0.56732962E-002 -0.39453399E-002 -0.10654128E-002  0.10812090E-002  0.95941664E+000  0.25648518E+001  0.51486354E+001  0.73786514E+001
 -0.57434993E+000 -0.43197072E+000 -0.11435979E+000 -0.56732640E-002 -0.39452723E-002 -0.10652861E-002  0.10812668E-002  0.95948851E+000  0.25649457E+001  0.51488151E+001  0.73788558E+001
 -0.57434675E+000 -0.43196397E+000 -0.11434947E+000 -0.56732342E-002 -0.39452096E-002 -0.10651687E-002  0.10813206E-002  0.95955538E+000  0.25650331E+001  0.51489825E+001  0.73790462E+001
 -0.57434381E+000 -0.43195772E+000 -0.11433990E+000 -0.56732065E-002 -0.39451516E-002 -0.10650602E-002  0.10813705E-002  0.95961739E+000  0.25651142E+001  0.51491379E+001  0.73792229E+001
 -0.57434109E+000 -0.43195194E+000 -0.11433105E+000 -0.56731810E-002 -0.39450982E-002 -0.10649603E-002  0.10814165E-002  0.95967472E+000  0.25651892E+001  0.51492817E+001  0.73793865E+001
 -0.57433859E+000 -0.43194662E+000 -0.11432291E+000 -0.56731575E-002 -0.39450492E-002 -0.10648687E-002  0.10814590E-002  0.95972752E+000  0.25652584E+001  0.51494142E+001  0.73795374E+001
 -0.57433629E+000 -0.43194174E+000 -0.11431543E+000 -0.56731359E-002 -0.39450044E-002 -0.10647851E-002  0.10814979E-002  0.95977600E+000  0.25653219E+001  0.51495361E+001  0.73796761E+001
 -0.57433420E+000 -0.43193727E+000 -0.11430860E+000 -0.56731163E-002 -0.39449636E-002 -0.10647090E-002  0.10815335E-002  0.95982033E+000  0.25653801E+001  0.51496477E+001  0.73798032E+001
 -0.57433229E+000 -0.43193321E+000 -0.11430237E+000 -0.56730984E-002 -0.39449265E-002 -0.10646400E-002  0.10815659E-002  0.95986074E+000  0.25654331E+001  0.51497495E+001  0.73799191E+001
 -0.57433056E+000 -0.43192952E+000 -0.11429672E+000 -0.56730822E-002 -0.39448931E-002 -0.10645778E-002  0.10815953E-002  0.95989742E+000  0.25654813E+001  0.51498421E+001  0.73800246E+001
 -0.57432900E+000 -0.43192619E+000 -0.11429161E+000 -0.56730676E-002 -0.39448630E-002 -0.10645220E-002  0.10816219E-002  0.95993059E+000  0.25655250E+001  0.51499259E+001  0.73801200E+001
 -0.57432760E+000 -0.43192320E+000 -0.11428701E+000 -0.56730545E-002 -0.39448361E-002 -0.10644721E-002  0.10816458E-002  0.95996047E+000  0.25655643E+001  0.51500015E+001  0.73802062E+001
 -0.57432634E+000 -0.43192051E+000 -0.11428289E+000 -0.56730428E-002 -0.39448122E-002 -0.10644278E-002  0.10816672E-002  0.95998726E+000  0.25655996E+001  0.51500694E+001  0.73802836E+001
 -0.57432522E+000 -0.43191812E+000 -0.11427921E+000 -0.56730323E-002 -0.39447910E-002 -0.10643886E-002  0.10816864E-002  0.96001119E+000  0.25656312E+001  0.51501301E+001  0.73803528E+001
 -0.57432423E+000 -0.43191600E+000 -0.11427594E+000 -0.56730231E-002 -0.39447723E-002 -0.10643542E-002  0.10817034E-002  0.96003245E+000  0.25656593E+001  0.51501842E+001  0.73804145E+001
 -0.57432335E+000 -0.43191412E+000 -0.11427305E+000 -0.56730149E-002 -0.39447559E-002 -0.10643242E-002  0.10817184E-002  0.96005127E+000  0.25656842E+001  0.51502321E+001  0.73804692E+001
 -0.57432259E+000 -0.43191248E+000 -0.11427051E+000 -0.56730078E-002 -0.39447417E-002 -0.10642981E-002  0.10817317E-002  0.96006783E+000  0.25657061E+001  0.51502743E+001  0.73805174E+001
 -0.57432192E+000 -0.43191104E+000 -0.11426829E+000 -0.56730016E-002 -0.39447294E-002 -0.10642758E-002  0.10817432E-002  0.96008234E+000  0.25657253E+001  0.51503114E+001  0.73805597E+001
 -0.57432134E+000 -0.43190979E+000 -0.11426636E+000 -0.56729962E-002 -0.39447189E-002 -0.10642567E-002  0.10817533E-002  0.96009496E+000  0.25657421E+001  0.51503437E+001  0.73805966E+001
 -0.57432084E+000 -0.43190872E+000 -0.11426469E+000 -0.56729916E-002 -0.39447100E-002 -0.10642406E-002  0.10817620E-002  0.96010588E+000  0.25657566E+001  0.51503718E+001  0.73806287E+001
 -0.57432042E+000 -0.43190780E+000 -0.11426327E+000 -0.56729877E-002 -0.39447025E-002 -0.10642272E-002  0.10817695E-002  0.96011527E+000  0.25657691E+001  0.51503959E+001  0.73806563E+001
 -0.57432007E+000 -0.43190703E+000 -0.11426205E+000 -0.56729844E-002 -0.39446964E-002 -0.10642163E-002  0.10817759E-002  0.96012327E+000  0.25657797E+001  0.51504166E+001  0.73806799E+001
 -0.57431977E+000 -0.43190638E+000 -0.11426103E+000 -0.56729816E-002 -0.39446913E-002 -0.10642074E-002  0.10817812E-002  0.96013004E+000  0.25657888E+001  0.51504341E+001  0.73806999E+001
 -0.57431953E+000 -0.43190584E+000 -0.11426019E+000 -0.56729794E-002 -0.39446873E-002 -0.10642005E-002  0.10817857E-002  0.96013571E+000  0.25657963E+001  0.51504488E+001  0.73807167E+001
 -0.57431933E+000 -0.43190541E+000 -0.11425949E+000 -0.56729775E-002 -0.39446842E-002 -0.10641953E-002  0.10817895E-002  0.96014040E+000  0.25658026E+001  0.51504610E+001  0.73807307E+001
 -0.57431918E+000 -0.43190506E+000 -0.11425893E+000 -0.56729761E-002 -0.39446819E-002 -0.10641915E-002  0.10817925E-002  0.96014423E+000  0.25658078E+001  0.51504710E+001  0.73807422E+001
 -0.57431907E+000 -0.43190479E+000 -0.11425849E+000 -0.56729750E-002 -0.39446802E-002 -0.10641890E-002  0.10817950E-002  0.96014731E+000  0.25658119E+001  0.51504791E+001  0.73807515E+001
 -0.57431898E+000 -0.43190459E+000 -0.11425815E+000 -0.56729742E-002 -0.39446792E-002 -0.10641876E-002  0.10817969E-002  0.96014973E+000  0.25658152E+001  0.51504854E+001  0.73807588E+001
 -0.57431893E+000 -0.43190445E+000 -0.11425790E+000 -0.56729736E-002 -0.39446787E-002 -0.10641871E-002  0.10817983E-002  0.96015158E+000  0.25658177E+001  0.51504904E+001  0.73807644E+001
 -0.57431890E+000 -0.43190436E+000 -0.11425773E+000 -0.56729733E-002 -0.39446786E-002 -0.10641875E-002  0.10817994E-002  0.96015294E+000  0.25658196E+001  0.51504940E+001  0.73807686E+001
 -0.57431889E+000 -0.43190431E+000 -0.11425763E+000 -0.56729731E-002 -0.39446789E-002 -0.10641885E-002  0.10818001E-002  0.96015387E+000  0.25658208E+001  0.51504965E+001  0.73807715E+001
 -0.57431889E+000 -0.43190431E+000 -0.11425759E+000 -0.56729732E-002 -0.39446795E-002 -0.10641901E-002  0.10818006E-002  0.96015444E+000  0.25658216E+001  0.51504981E+001  0.73807734E+001
 -0.57431892E+000 -0.43190433E+000 -0.11425760E+000 -0.56729733E-002 -0.39446804E-002 -0.10641922E-002  0.10818008E-002  0.96015471E+000  0.25658220E+001  0.51504989E+001  0.73807743E+001
 -0.57431896E+000 -0.43190439E+000 -0.11425765E+000 -0.56729736E-002 -0.39446815E-002 -0.10641947E-002  0.10818007E-002  0.96015471E+000  0.25658221E+001  0.51504990E+001  0.73807744E+001
 -0.57431900E+000 -0.43190446E+000 -0.11425773E+000 -0.56729739E-002 -0.39446828E-002 -0.10641975E-002  0.10818006E-002  0.96015451E+000  0.25658218E+001  0.51504985E+001  0.73807739E+001
 -0.57431906E+000 -0.43190456E+000 -0.11425785E+000 -0.56729744E-002 -0.39446842E-002 -0.10642006E-002  0.10818002E-002  0.96015412E+000  0.25658213E+001  0.51504976E+001  0.73807729E+001
 -0.57431913E+000 -0.43190467E+000 -0.11425799E+000 -0.56729749E-002 -0.39446857E-002 -0.10642038E-002  0.10817998E-002  0.96015360E+000  0.25658206E+001  0.51504963E+001  0.73807714E+001
 -0.57431920E+000 -0.43190480E+000 -0.11425815E+000 -0.56729754E-002 -0.39446874E-002 -0.10642072E-002  0.10817993E-002  0.96015295E+000  0.25658198E+001  0.51504947E+001  0.73807695E+001
 -0.57431927E+000 -0.43190493E+000 -0.11425832E+000 -0.56729760E-002 -0.39446891E-002 -0.10642107E-002  0.10817987E-002  0.96015222E+000  0.25658188E+001  0.51504928E+001  0.73807673E+001
 -0.57431935E+000 -0.43190508E+000 -0.11425851E+000 -0.56729767E-002 -0.39446908E-002 -0.10642143E-002  0.10817980E-002  0.96015141E+000  0.25658178E+001  0.51504907E+001  0.73807650E+001
 -0.57431943E+000 -0.43190523E+000 -0.11425871E+000 -0.56729773E-002 -0.39446925E-002 -0.10642179E-002  0.10817973E-002  0.96015055E+000  0.25658166E+001  0.51504885E+001  0.73807624E+001
 -0.57431952E+000 -0.43190538E+000 -0.11425891E+000 -0.56729780E-002 -0.39446943E-002 -0.10642215E-002  0.10817965E-002  0.96014966E+000  0.25658154E+001  0.51504862E+001  0.73807597E+001
 -0.57431960E+000 -0.43190554E+000 -0.11425912E+000 -0.56729786E-002 -0.39446961E-002 -0.10642251E-002  0.10817958E-002  0.96014874E+000  0.25658142E+001  0.51504838E+001  0.73807570E+001
 -0.57431969E+000 -0.43190570E+000 -0.11425934E+000 -0.56729793E-002 -0.39446978E-002 -0.10642287E-002  0.10817950E-002  0.96014780E+000  0.25658130E+001  0.51504813E+001  0.73807541E+001
 -0.57431977E+000 -0.43190586E+000 -0.11425955E+000 -0.56729800E-002 -0.39446996E-002 -0.10642322E-002  0.10817942E-002  0.96014686E+000  0.25658117E+001  0.51504789E+001  0.73807513E+001
 -0.57431986E+000 -0.43190602E+000 -0.11425976E+000 -0.56729807E-002 -0.39447013E-002 -0.10642356E-002  0.10817934E-002  0.96014593E+000  0.25658105E+001  0.51504764E+001  0.73807485E+001
 -0.57431994E+000 -0.43190617E+000 -0.11425998E+000 -0.56729813E-002 -0.39447030E-002 -0.10642390E-002  0.10817927E-002  0.96014501E+000  0.25658093E+001  0.51504740E+001  0.73807456E+001
 -0.57432003E+000 -0.43190633E+000 -0.11426019E+000 -0.56729820E-002 -0.39447046E-002 -0.10642423E-002  0.10817919E-002  0.96014410E+000  0.25658080E+001  0.51504716E+001  0.73807429E+001
 -0.57432011E+000 -0.43190648E+000 -0.11426039E+000 -0.56729826E-002 -0.39447062E-002 -0.10642455E-002  0.10817911E-002  0.96014322E+000  0.25658069E+001  0.51504692E+001  0.73807401E+001
 -0.57432019E+000 -0.43190663E+000 -0.11426060E+000 -0.56729832E-002 -0.39447078E-002 -0.10642486E-002  0.10817904E-002  0.96014236E+000  0.25658057E+001  0.51504670E+001  0.73807375E+001
 -0.57432027E+000 -0.43190678E+000 -0.11426080E+000 -0.56729839E-002 -0.39447093E-002 -0.10642516E-002  0.10817897E-002  0.96014153E+000  0.25658046E+001  0.51504647E+001  0.73807349E+001
 -0.57432034E+000 -0.43190692E+000 -0.11426099E+000 -0.56729844E-002 -0.39447107E-002 -0.10642544E-002  0.10817890E-002  0.96014073E+000  0.25658035E+001  0.51504626E+001  0.73807324E+001
 -0.57432042E+000 -0.43190706E+000 -0.11426118E+000 -0.56729850E-002 -0.39447121E-002 -0.10642572E-002  0.10817883E-002  0.96013996E+000  0.25658025E+001  0.51504606E+001  0.73807300E+001
 -0.57432049E+000 -0.43190719E+000 -0.11426136E+000 -0.56729856E-002 -0.39447134E-002 -0.10642598E-002  0.10817877E-002  0.96013923E+000  0.25658015E+001  0.51504586E+001  0.73807278E+001
 -0.57432056E+000 -0.43190732E+000 -0.11426153E+000 -0.56729861E-002 -0.39447147E-002 -0.10642624E-002  0.10817871E-002  0.96013853E+000  0.25658006E+001  0.51504567E+001  0.73807256E+001
 -0.57432062E+000 -0.43190745E+000 -0.11426170E+000 -0.56729866E-002 -0.39447159E-002 -0.10642648E-002  0.10817865E-002  0.96013787E+000  0.25657997E+001  0.51504550E+001  0.73807235E+001
 -0.57432069E+000 -0.43190756E+000 -0.11426186E+000 -0.56729871E-002 -0.39447171E-002 -0.10642670E-002  0.10817860E-002  0.96013725E+000  0.25657989E+001  0.51504533E+001  0.73807216E+001
 -0.57432075E+000 -0.43190768E+000 -0.11426201E+000 -0.56729875E-002 -0.39447182E-002 -0.10642692E-002  0.10817854E-002  0.96013668E+000  0.25657981E+001  0.51504517E+001  0.73807197E+001
 -0.57432080E+000 -0.43190778E+000 -0.11426216E+000 -0.56729879E-002 -0.39447192E-002 -0.10642713E-002  0.10817850E-002  0.96013614E+000  0.25657974E+001  0.51504503E+001  0.73807180E+001
 -0.57432086E+000 -0.43190788E+000 -0.11426230E+000 -0.56729883E-002 -0.39447202E-002 -0.10642732E-002  0.10817845E-002  0.96013564E+000  0.25657967E+001  0.51504489E+001  0.73807164E+001
 -0.57432091E+000 -0.43190798E+000 -0.11426243E+000 -0.56729887E-002 -0.39447211E-002 -0.10642750E-002  0.10817841E-002  0.96013518E+000  0.25657961E+001  0.51504477E+001  0.73807149E+001
 -0.57432096E+000 -0.43190807E+000 -0.11426255E+000 -0.56729891E-002 -0.39447219E-002 -0.10642767E-002  0.10817837E-002  0.96013476E+000  0.25657955E+001  0.51504465E+001  0.73807136E+001
 -0.57432100E+000 -0.43190815E+000 -0.11426266E+000 -0.56729894E-002 -0.39447227E-002 -0.10642782E-002  0.10817833E-002  0.96013439E+000  0.25657950E+001  0.51504455E+001  0.73807124E+001
 -0.57432104E+000 -0.43190823E+000 -0.11426277E+000 -0.56729897E-002 -0.39447235E-002 -0.10642797E-002  0.10817830E-002  0.96013405E+000  0.25657945E+001  0.51504445E+001  0.73807113E+001
 -0.57432108E+000 -0.43190831E+000 -0.11426287E+000 -0.56729900E-002 -0.39447242E-002 -0.10642810E-002  0.10817827E-002  0.96013375E+000  0.25657941E+001  0.51504437E+001  0.73807103E+001
 -0.57432112E+000 -0.43190837E+000 -0.11426296E+000 -0.56729903E-002 -0.39447248E-002 -0.10642823E-002  0.10817824E-002  0.96013349E+000  0.25657938E+001  0.51504430E+001  0.73807094E+001
 -0.57432115E+000 -0.43190843E+000 -0.11426304E+000 -0.56729905E-002 -0.39447254E-002 -0.10642834E-002  0.10817822E-002  0.96013327E+000  0.25657935E+001  0.51504423E+001  0.73807086E+001
 -0.57432118E+000 -0.43190849E+000 -0.11426312E+000 -0.56729907E-002 -0.39447259E-002 -0.10642844E-002  0.10817820E-002  0.96013309E+000  0.25657932E+001  0.51504418E+001  0.73807080E+001
 -0.57432121E+000 -0.43190854E+000 -0.11426319E+000 -0.56729909E-002 -0.39447263E-002 -0.10642854E-002  0.10817818E-002  0.96013295E+000  0.25657930E+001  0.51504414E+001  0.73807075E+001
 -0.57432124E+000 -0.43190859E+000 -0.11426325E+000 -0.56729911E-002 -0.39447268E-002 -0.10642862E-002  0.10817816E-002  0.96013284E+000  0.25657929E+001  0.51504410E+001  0.73807071E+001
 -0.57432126E+000 -0.43190863E+000 -0.11426330E+000 -0.56729912E-002 -0.39447271E-002 -0.10642869E-002  0.10817815E-002  0.96013277E+000  0.25657928E+001  0.51504408E+001  0.73807067E+001
 -0.57432128E+000 -0.43190866E+000 -0.11426335E+000 -0.56729914E-002 -0.39447274E-002 -0.10642875E-002  0.10817814E-002  0.96013273E+000  0.25657927E+001  0.51504407E+001  0.73807065E+001
 -0.57432130E+000 -0.43190869E+000 -0.11426339E+000 -0.56729915E-002 -0.39447277E-002 -0.10642881E-002  0.10817813E-002  0.96013273E+000  0.25657927E+001  0.51504406E+001  0.73807064E+001
 -0.57432131E+000 -0.43190872E+000 -0.11426342E+000 -0.56729916E-002 -0.39447279E-002 -0.10642885E-002  0.10817813E-002  0.96013275E+000  0.25657927E+001  0.51504406E+001  0.73807064E+001
 -0.57432133E+000 -0.43190874E+000 -0.11426345E+000 -0.56729916E-002 -0.39447281E-002 -0.10642889E-002  0.10817813E-002  0.96013281E+000  0.25657928E+001  0.51504407E+001  0.73807065E+001
 -0.57432134E+000 -0.43190876E+000 -0.11426347E+000 -0.56729917E-002 -0.39447283E-002 -0.10642892E-002  0.10817813E-002  0.96013290E+000  0.25657929E+001  0.51504409E+001  0.73807067E+001
 -0.57432134E+000 -0.43190877E+000 -0.11426348E+000 -0.56729917E-002 -0.39447284E-002 -0.10642894E-002  0.10817813E-002  0.96013302E+000  0.25657930E+001  0.51504411E+001  0.73807070E+001
 -0.57432135E+000 -0.43190878E+000 -0.11426349E+000 -0.56729917E-002 -0.39447284E-002 -0.10642896E-002  0.10817814E-002  0.96013316E+000  0.25657932E+001  0.51504415E+001  0.73807073E+001
 -0.57432136E+000 -0.43190879E+000 -0.11426349E+000 -0.56729917E-002 -0.39447285E-002 -0.10642897E-002  0.10817814E-002  0.96013333E+000  0.25657934E+001  0.51504419E+001  0.73807077E+001
 -0.57432136E+000 -0.43190879E+000 -0.11426349E+000 -0.56729917E-002 -0.39447285E-002 -0.10642897E-002  0.10817815E-002  0.96013352E+000  0.25657937E+001  0.51504423E+001  0.73807082E+001
 -0.57432136E+000 -0.43190879E+000 -0.11426349E+000 -0.56729917E-002 -0.39447284E-002 -0.10642896E-002  0.10817816E-002  0.96013374E+000  0.25657940E+001  0.51504428E+001  0.73807088E+001
 -0.57432136E+000 -0.43190878E+000 -0.11426348E+000 -0.56729917E-002 -0.39447284E-002 -0.10642895E-002  0.10817818E-002  0.96013398E+000  0.25657943E+001  0.51504434E+001  0.73807095E+001
 -0.57432136E+000 -0.43190878E+000 -0.11426346E+000 -0.56729916E-002 -0.39447283E-002 -0.10642894E-002  0.10817819E-002  0.96013423E+000  0.25657946E+001  0.51504440E+001  0.73807102E+001
 -0.57432135E+000 -0.43190876E+000 -0.11426344E+000 -0.56729916E-002 -0.39447282E-002 -0.10642892E-002  0.10817821E-002  0.96013451E+000  0.25657950E+001  0.51504447E+001  0.73807109E+001
 -0.57432135E+000 -0.43190875E+000 -0.11426342E+000 -0.56729915E-002 -0.39447280E-002 -0.10642889E-002  0.10817822E-002  0.96013480E+000  0.25657954E+001  0.51504454E+001  0.73807117E+001
 -0.57432134E+000 -0.43190874E+000 -0.11426340E+000 -0.56729914E-002 -0.39447279E-002 -0.10642886E-002  0.10817824E-002  0.96013511E+000  0.25657958E+001  0.51504462E+001  0.73807126E+001
 -0.57432133E+000 -0.43190872E+000 -0.11426337E+000 -0.56729913E-002 -0.39447277E-002 -0.10642883E-002  0.10817826E-002  0.96013543E+000  0.25657962E+001  0.51504470E+001  0.73807135E+001
 -0.57432133E+000 -0.43190870E+000 -0.11426333E+000 -0.56729912E-002 -0.39447275E-002 -0.10642879E-002  0.10817828E-002  0.96013576E+000  0.25657966E+001  0.51504478E+001  0.73807144E+001
 -0.57432132E+000 -0.43190868E+000 -0.11426330E+000 -0.56729911E-002 -0.39447273E-002 -0.10642875E-002  0.10817831E-002  0.96013611E+000  0.25657971E+001  0.51504487E+001  0.73807154E+001
 -0.57432131E+000 -0.43190865E+000 -0.11426326E+000 -0.56729910E-002 -0.39447271E-002 -0.10642871E-002  0.10817833E-002  0.96013647E+000  0.25657975E+001  0.51504496E+001  0.73807164E+001
 -0.57432129E+000 -0.43190863E+000 -0.11426322E+000 -0.56729909E-002 -0.39447268E-002 -0.10642866E-002  0.10817835E-002  0.96013683E+000  0.25657980E+001  0.51504505E+001  0.73807174E+001
 -0.57432128E+000 -0.43190860E+000 -0.11426318E+000 -0.56729908E-002 -0.39447265E-002 -0.10642862E-002  0.10817838E-002  0.96013721E+000  0.25657985E+001  0.51504514E+001  0.73807185E+001
 -0.57432127E+000 -0.43190857E+000 -0.11426314E+000 -0.56729906E-002 -0.39447263E-002 -0.10642857E-002  0.10817841E-002  0.96013759E+000  0.25657990E+001  0.51504524E+001  0.73807196E+001
 -0.57432126E+000 -0.43190854E+000 -0.11426309E+000 -0.56729905E-002 -0.39447260E-002 -0.10642851E-002  0.10817843E-002  0.96013799E+000  0.25657995E+001  0.51504534E+001  0.73807207E+001
 -0.57432124E+000 -0.43190851E+000 -0.11426304E+000 -0.56729903E-002 -0.39447257E-002 -0.10642846E-002  0.10817846E-002  0.96013839E+000  0.25658001E+001  0.51504544E+001  0.73807219E+001
 -0.57432123E+000 -0.43190848E+000 -0.11426299E+000 -0.56729902E-002 -0.39447254E-002 -0.10642840E-002  0.10817849E-002  0.96013881E+000  0.25658006E+001  0.51504555E+001  0.73807231E+001
 -0.57432121E+000 -0.43190844E+000 -0.11426294E+000 -0.56729900E-002 -0.39447250E-002 -0.10642833E-002  0.10817852E-002  0.96013924E+000  0.25658012E+001  0.51504566E+001  0.73807244E+001
 -0.57432119E+000 -0.43190841E+000 -0.11426288E+000 -0.56729899E-002 -0.39447247E-002 -0.10642827E-002  0.10817855E-002  0.96013970E+000  0.25658018E+001  0.51504577E+001  0.73807257E+001
 -0.57432117E+000 -0.43190836E+000 -0.11426282E+000 -0.56729897E-002 -0.39447243E-002 -0.10642819E-002  0.10817858E-002  0.96014018E+000  0.25658024E+001  0.51504590E+001  0.73807271E+001
 -0.57432115E+000 -0.43190832E+000 -0.11426275E+000 -0.56729895E-002 -0.39447238E-002 -0.10642811E-002  0.10817862E-002  0.96014071E+000  0.25658031E+001  0.51504603E+001  0.73807287E+001
 -0.57432113E+000 -0.43190826E+000 -0.11426267E+000 -0.56729892E-002 -0.39447233E-002 -0.10642801E-002  0.10817866E-002  0.96014130E+000  0.25658039E+001  0.51504619E+001  0.73807305E+001
 -0.57432110E+000 -0.43190820E+000 -0.11426257E+000 -0.56729889E-002 -0.39447227E-002 -0.10642790E-002  0.10817871E-002  0.96014197E+000  0.25658047E+001  0.51504636E+001  0.73807325E+001
 -0.57432106E+000 -0.43190813E+000 -0.11426246E+000 -0.56729886E-002 -0.39447220E-002 -0.10642777E-002  0.10817877E-002  0.96014275E+000  0.25658058E+001  0.51504656E+001  0.73807348E+001
 -0.57432102E+000 -0.43190803E+000 -0.11426232E+000 -0.56729882E-002 -0.39447211E-002 -0.10642760E-002  0.10817884E-002  0.96014371E+000  0.25658070E+001  0.51504681E+001  0.73807377E+001
 -0.57432096E+000 -0.43190791E+000 -0.11426214E+000 -0.56729876E-002 -0.39447199E-002 -0.10642737E-002  0.10817894E-002  0.96014489E+000  0.25658086E+001  0.51504711E+001  0.73807411E+001
 -0.57432087E+000 -0.43190773E+000 -0.11426188E+000 -0.56729869E-002 -0.39447183E-002 -0.10642705E-002  0.10817907E-002  0.96014638E+000  0.25658104E+001  0.51504746E+001  0.73807450E+001
 -0.57432076E+000 -0.43190748E+000 -0.11426147E+000 -0.56729855E-002 -0.39447150E-002 -0.10642642E-002  0.10817933E-002  0.96014847E+000  0.25658128E+001  0.51504785E+001  0.73807491E+001
