  0.19200925E+000  0.21681694E+000  0.35246339E+000  0.51399367E+000  0.85888036E+000  0.97798266E+000  0.13282473E+001  0.24779387E+001  0.40846375E+001  0.58212600E+001  0.92451999E+001
  0.19203265E+000  0.21735554E+000  0.35261481E+000  0.51465147E+000  0.85886703E+000  0.97800469E+000  0.13282673E+001  0.24782277E+001  0.40985521E+001  0.58212711E+001  0.92449201E+001
  0.19205682E+000  0.21756336E+000  0.35259728E+000  0.51520742E+000  0.85886595E+000  0.97792653E+000  0.13285575E+001  0.24784547E+001  0.41014965E+001  0.58213167E+001  0.92449532E+001
  0.19206303E+000  0.21773183E+000  0.35264182E+000  0.51531721E+000  0.85885415E+000  0.97801105E+000  0.13280384E+001  0.24786443E+001  0.41035855E+001  0.58212327E+001  0.92449813E+001
  0.19206158E+000  0.21776089E+000  0.35267622E+000  0.51532981E+000  0.85886560E+000  0.97795308E+000  0.13287107E+001  0.24787227E+001  0.41049864E+001  0.58212750E+001  0.92477423E+001
  0.19204887E+000  0.21779276E+000  0.35269002E+000  0.51534050E+000  0.85887760E+000  0.97798349E+000  0.13287637E+001  0.24787963E+001  0.41055269E+001  0.58212843E+001  0.92503536E+001
  0.19204907E+000  0.21781145E+000  0.35271972E+000  0.51535101E+000  0.85886887E+000  0.97798800E+000  0.13287220E+001  0.24788080E+001  0.41060306E+001  0.58214151E+001  0.92528845E+001
  0.19205032E+000  0.21785738E+000  0.35274565E+000  0.51535790E+000  0.85886772E+000  0.97799417E+000  0.13287534E+001  0.24789371E+001  0.41066431E+001  0.58213154E+001  0.92549835E+001
  0.19204717E+000  0.21787236E+000  0.35276497E+000  0.51536472E+000  0.85887582E+000  0.97798432E+000  0.13286990E+001  0.24784779E+001  0.41095034E+001  0.58214587E+001  0.92567254E+001
  0.19205247E+000  0.21787079E+000  0.35277518E+000  0.51537046E+000  0.85886579E+000  0.97791344E+000  0.13287839E+001  0.24785267E+001  0.41102959E+001  0.58213985E+001  0.92581503E+001
  0.19206319E+000  0.21786292E+000  0.35277679E+000  0.51537645E+000  0.85885600E+000  0.97792116E+000  0.13287823E+001  0.24785681E+001  0.41102631E+001  0.58214149E+001  0.92593052E+001
  0.19206080E+000  0.21787561E+000  0.35278753E+000  0.51537969E+000  0.85884824E+000  0.97793057E+000  0.13288117E+001  0.24786035E+001  0.41104203E+001  0.58214399E+001  0.92603324E+001
  0.19206407E+000  0.21788198E+000  0.35278968E+000  0.51538360E+000  0.85884171E+000  0.97800574E+000  0.13287629E+001  0.24786337E+001  0.41120822E+001  0.58214616E+001  0.92607140E+001
  0.19206306E+000  0.21788164E+000  0.35280244E+000  0.51538679E+000  0.85883626E+000  0.97799337E+000  0.13288076E+001  0.24790333E+001  0.41122019E+001  0.58214766E+001  0.92622868E+001
  0.19206589E+000  0.21788095E+000  0.35280335E+000  0.51538957E+000  0.85883151E+000  0.97801505E+000  0.13288300E+001  0.24786845E+001  0.41128185E+001  0.58214114E+001  0.92627611E+001
  0.19201920E+000  0.21788365E+000  0.35281045E+000  0.51539228E+000  0.85888258E+000  0.97800730E+000  0.13287647E+001  0.24787188E+001  0.41123861E+001  0.58210489E+001  0.92632710E+001
  0.19206149E+000  0.21787948E+000  0.35281409E+000  0.51539415E+000  0.85886591E+000  0.97800066E+000  0.13287782E+001  0.24787193E+001  0.41124566E+001  0.58213467E+001  0.92638096E+001
  0.19201503E+000  0.21788067E+000  0.35281650E+000  0.51539604E+000  0.85882132E+000  0.97799497E+000  0.13288364E+001  0.24790154E+001  0.41126813E+001  0.58212641E+001  0.92642738E+001
  0.19201714E+000  0.21788081E+000  0.35281945E+000  0.51539327E+000  0.85885718E+000  0.97799008E+000  0.13288121E+001  0.24787448E+001  0.41130263E+001  0.58214862E+001  0.92646740E+001
  0.19204671E+000  0.21788086E+000  0.35281722E+000  0.51539606E+000  0.85885433E+000  0.97798588E+000  0.13288256E+001  0.24787930E+001  0.41133235E+001  0.58214243E+001  0.92650194E+001
  0.19202057E+000  0.21788225E+000  0.35282046E+000  0.51539085E+000  0.85887993E+000  0.97798228E+000  0.13288372E+001  0.24790175E+001  0.41135802E+001  0.58211709E+001  0.92653177E+001
  0.19202194E+000  0.21788106E+000  0.35282332E+000  0.51539199E+000  0.85882251E+000  0.97798476E+000  0.13288473E+001  0.24791396E+001  0.41138021E+001  0.58213212E+001  0.92655759E+001
  0.19202314E+000  0.21788269E+000  0.35282406E+000  0.51539808E+000  0.85881236E+000  0.97798660E+000  0.13286823E+001  0.24790700E+001  0.41139945E+001  0.58214494E+001  0.92657998E+001
  0.19202418E+000  0.21788142E+000  0.35282580E+000  0.51539401E+000  0.85881129E+000  0.97799956E+000  0.13287026E+001  0.24791423E+001  0.41147248E+001  0.58210463E+001  0.92659944E+001
  0.19202510E+000  0.21788275E+000  0.35282758E+000  0.51540113E+000  0.85881038E+000  0.97801079E+000  0.13288300E+001  0.24789449E+001  0.41147528E+001  0.58210462E+001  0.92661642E+001
  0.19204071E+000  0.21788178E+000  0.35282920E+000  0.51539575E+000  0.85880961E+000  0.97797058E+000  0.13287366E+001  0.24790499E+001  0.41147774E+001  0.58210461E+001  0.92663131E+001
  0.19203761E+000  0.21788192E+000  0.35283007E+000  0.51539656E+000  0.85881466E+000  0.97796911E+000  0.13287664E+001  0.24791411E+001  0.41147664E+001  0.58210460E+001  0.92666652E+001
  0.19205996E+000  0.21788327E+000  0.35283249E+000  0.51539735E+000  0.85882262E+000  0.97796785E+000  0.13287924E+001  0.24788340E+001  0.41147726E+001  0.58210459E+001  0.92667585E+001
  0.19202790E+000  0.21788225E+000  0.35283997E+000  0.51539811E+000  0.85885743E+000  0.97797827E+000  0.13288152E+001  0.24789037E+001  0.41147973E+001  0.58210458E+001  0.92668423E+001
  0.19202844E+000  0.21788242E+000  0.35284642E+000  0.51539887E+000  0.85881935E+000  0.97799203E+000  0.13288354E+001  0.24789653E+001  0.41148477E+001  0.58210458E+001  0.92669185E+001
  0.19205512E+000  0.21788268E+000  0.35285201E+000  0.51539962E+000  0.85883497E+000  0.97800430E+000  0.13288533E+001  0.24790204E+001  0.41148687E+001  0.58210457E+001  0.92669885E+001
  0.19203105E+000  0.21788301E+000  0.35286107E+000  0.51540039E+000  0.85884903E+000  0.97801537E+000  0.13287303E+001  0.24790701E+001  0.41146564E+001  0.58210457E+001  0.92670535E+001
  0.19204235E+000  0.21788380E+000  0.35286127E+000  0.51540117E+000  0.85886182E+000  0.97796350E+000  0.13287621E+001  0.24791156E+001  0.41144416E+001  0.58210456E+001  0.92671147E+001
  0.19205265E+000  0.21788345E+000  0.35286519E+000  0.51540196E+000  0.85887365E+000  0.97796288E+000  0.13287913E+001  0.24791578E+001  0.41142328E+001  0.58210688E+001  0.92673981E+001
  0.19206474E+000  0.21788364E+000  0.35286877E+000  0.51540277E+000  0.85885967E+000  0.97798488E+000  0.13288185E+001  0.24788143E+001  0.41140289E+001  0.58210993E+001  0.92674989E+001
  0.19203115E+000  0.21788388E+000  0.35287209E+000  0.51540362E+000  0.85880650E+000  0.97796178E+000  0.13288442E+001  0.24788159E+001  0.41138290E+001  0.58211278E+001  0.92675523E+001
  0.19203157E+000  0.21788414E+000  0.35288232E+000  0.51540449E+000  0.85880642E+000  0.97796128E+000  0.13288478E+001  0.24788480E+001  0.41136322E+001  0.58211549E+001  0.92676049E+001
  0.19203199E+000  0.21788441E+000  0.35289124E+000  0.51540539E+000  0.85880636E+000  0.97796079E+000  0.13287312E+001  0.24788839E+001  0.41134379E+001  0.58211810E+001  0.92676571E+001
  0.19203242E+000  0.21788469E+000  0.35290026E+000  0.51540456E+000  0.85880632E+000  0.97799037E+000  0.13287331E+001  0.24789194E+001  0.41132868E+001  0.58212065E+001  0.92677093E+001
  0.19203285E+000  0.21788525E+000  0.35290838E+000  0.51536653E+000  0.85881080E+000  0.97795985E+000  0.13287351E+001  0.24789550E+001  0.41131630E+001  0.58212318E+001  0.92677616E+001
  0.19203329E+000  0.21788530E+000  0.35290706E+000  0.51537659E+000  0.85885902E+000  0.97795938E+000  0.13287372E+001  0.24789910E+001  0.41130794E+001  0.58212572E+001  0.92678144E+001
  0.19204155E+000  0.21788562E+000  0.35289470E+000  0.51538793E+000  0.85887074E+000  0.97795891E+000  0.13287393E+001  0.24790274E+001  0.41131222E+001  0.58212828E+001  0.92678678E+001
  0.19206173E+000  0.21788596E+000  0.35290544E+000  0.51539962E+000  0.85881198E+000  0.97795843E+000  0.13287415E+001  0.24790646E+001  0.41131479E+001  0.58213088E+001  0.92679218E+001
  0.19203469E+000  0.21788631E+000  0.35291673E+000  0.51536634E+000  0.85886373E+000  0.97795846E+000  0.13287438E+001  0.24791027E+001  0.41131561E+001  0.58213353E+001  0.92679767E+001
  0.19203518E+000  0.21788668E+000  0.35292861E+000  0.51536744E+000  0.85882641E+000  0.97795854E+000  0.13287463E+001  0.24791418E+001  0.41131467E+001  0.58213626E+001  0.92680324E+001
  0.19203569E+000  0.21788705E+000  0.35290123E+000  0.51536921E+000  0.85887495E+000  0.97797271E+000  0.13287488E+001  0.24791820E+001  0.41131189E+001  0.58213905E+001  0.92680890E+001
  0.19203622E+000  0.21788744E+000  0.35291211E+000  0.51538791E+000  0.85885635E+000  0.97800606E+000  0.13287515E+001  0.24788334E+001  0.41130725E+001  0.58214193E+001  0.92681464E+001
  0.19203676E+000  0.21788784E+000  0.35293918E+000  0.51540760E+000  0.85880619E+000  0.97795881E+000  0.13287610E+001  0.24788353E+001  0.41130067E+001  0.58214878E+001  0.92682046E+001
  0.19203731E+000  0.21788825E+000  0.35293902E+000  0.51540032E+000  0.85880619E+000  0.97795891E+000  0.13287841E+001  0.24788372E+001  0.41129027E+001  0.58210540E+001  0.92682637E+001
  0.19203788E+000  0.21788867E+000  0.35295118E+000  0.51537712E+000  0.85880618E+000  0.97795902E+000  0.13288079E+001  0.24788798E+001  0.41127872E+001  0.58210697E+001  0.92683235E+001
  0.19205323E+000  0.21788911E+000  0.35291648E+000  0.51538881E+000  0.85881195E+000  0.97795913E+000  0.13288326E+001  0.24789259E+001  0.41126761E+001  0.58211216E+001  0.92684502E+001
  0.19203907E+000  0.21788956E+000  0.35292935E+000  0.51540450E+000  0.85881918E+000  0.97795925E+000  0.13288580E+001  0.24789732E+001  0.41125694E+001  0.58211748E+001  0.92685828E+001
  0.19204636E+000  0.21789002E+000  0.35295434E+000  0.51539808E+000  0.85882659E+000  0.97795938E+000  0.13288405E+001  0.24790217E+001  0.41124669E+001  0.58212293E+001  0.92687183E+001
  0.19206253E+000  0.21789048E+000  0.35298057E+000  0.51539500E+000  0.85883741E+000  0.97795952E+000  0.13287737E+001  0.24790713E+001  0.41123686E+001  0.58212850E+001  0.92688566E+001
  0.19206258E+000  0.21789096E+000  0.35294407E+000  0.51540116E+000  0.85884191E+000  0.97795966E+000  0.13287773E+001  0.24791220E+001  0.41122744E+001  0.58213420E+001  0.92689976E+001
  0.19204161E+000  0.21789144E+000  0.35298109E+000  0.51540751E+000  0.85884982E+000  0.97795981E+000  0.13287810E+001  0.24791737E+001  0.41122192E+001  0.58214001E+001  0.92691410E+001
  0.19204227E+000  0.21789194E+000  0.35298342E+000  0.51539418E+000  0.85886922E+000  0.97796595E+000  0.13287849E+001  0.24791319E+001  0.41121855E+001  0.58214968E+001  0.92692867E+001
  0.19204295E+000  0.21789250E+000  0.35301502E+000  0.51540735E+000  0.85886604E+000  0.97797240E+000  0.13287888E+001  0.24791849E+001  0.41121575E+001  0.58210630E+001  0.92694344E+001
  0.19204363E+000  0.21789294E+000  0.35300323E+000  0.51539966E+000  0.85887434E+000  0.97797895E+000  0.13287928E+001  0.24788810E+001  0.41121350E+001  0.58210641E+001  0.92695839E+001
  0.19204432E+000  0.21789130E+000  0.35303431E+000  0.51540249E+000  0.85888275E+000  0.97798560E+000  0.13287969E+001  0.24789222E+001  0.41121183E+001  0.58210652E+001  0.92697349E+001
  0.19204501E+000  0.21789035E+000  0.35304496E+000  0.51540538E+000  0.85880636E+000  0.97799234E+000  0.13288010E+001  0.24789640E+001  0.41121074E+001  0.58210663E+001  0.92698872E+001
  0.19205131E+000  0.21789093E+000  0.35299220E+000  0.51540832E+000  0.85880632E+000  0.97799915E+000  0.13288308E+001  0.24790062E+001  0.41121022E+001  0.58210674E+001  0.92700405E+001
  0.19206253E+000  0.21789151E+000  0.35302547E+000  0.51541131E+000  0.85880629E+000  0.97800602E+000  0.13288095E+001  0.24790488E+001  0.41121028E+001  0.58210686E+001  0.92701945E+001
  0.19204714E+000  0.21789336E+000  0.35305152E+000  0.51541227E+000  0.85885688E+000  0.97801294E+000  0.13288138E+001  0.24790916E+001  0.41121093E+001  0.58210697E+001  0.92703488E+001
  0.19204785E+000  0.21789269E+000  0.35307603E+000  0.51539231E+000  0.85885164E+000  0.97796135E+000  0.13288181E+001  0.24791347E+001  0.41121215E+001  0.58210709E+001  0.92705033E+001
  0.19204855E+000  0.21789329E+000  0.35304237E+000  0.51541068E+000  0.85885049E+000  0.97796153E+000  0.13288225E+001  0.24791789E+001  0.41121396E+001  0.58210721E+001  0.92706576E+001
  0.19205933E+000  0.21789389E+000  0.35308091E+000  0.51541196E+000  0.85881685E+000  0.97796171E+000  0.13288269E+001  0.24788793E+001  0.41121633E+001  0.58210732E+001  0.92708113E+001
  0.19206455E+000  0.21789448E+000  0.35308544E+000  0.51540880E+000  0.85884134E+000  0.97796189E+000  0.13288313E+001  0.24788818E+001  0.41121927E+001  0.58210744E+001  0.92709642E+001
  0.19205066E+000  0.21789508E+000  0.35310737E+000  0.51540143E+000  0.85886575E+000  0.97796877E+000  0.13288357E+001  0.24788843E+001  0.41122276E+001  0.58210755E+001  0.92717904E+001
  0.19206267E+000  0.21789567E+000  0.35310158E+000  0.51541008E+000  0.85880595E+000  0.97799332E+000  0.13288670E+001  0.24788868E+001  0.41122679E+001  0.58210767E+001  0.92718829E+001
  0.19205205E+000  0.21789626E+000  0.35304170E+000  0.51540181E+000  0.85880589E+000  0.97796268E+000  0.13288444E+001  0.24789005E+001  0.41123133E+001  0.58210778E+001  0.92719738E+001
  0.19205272E+000  0.21789684E+000  0.35306915E+000  0.51540777E+000  0.85880582E+000  0.97798806E+000  0.13288487E+001  0.24789351E+001  0.41123638E+001  0.58210790E+001  0.92720628E+001
  0.19205339E+000  0.21789885E+000  0.35309669E+000  0.51541372E+000  0.85883213E+000  0.97796303E+000  0.13288530E+001  0.24789692E+001  0.41112040E+001  0.58210801E+001  0.92721498E+001
  0.19206096E+000  0.21789798E+000  0.35312425E+000  0.51540274E+000  0.85887836E+000  0.97796319E+000  0.13288572E+001  0.24790027E+001  0.41112359E+001  0.58210812E+001  0.92722347E+001
  0.19205988E+000  0.21789854E+000  0.35315175E+000  0.51541569E+000  0.85880563E+000  0.97800158E+000  0.13288616E+001  0.24790357E+001  0.41112707E+001  0.58210822E+001  0.92723174E+001
  0.19206511E+000  0.21789909E+000  0.35312896E+000  0.51538309E+000  0.85880556E+000  0.97796352E+000  0.13288655E+001  0.24790680E+001  0.41113083E+001  0.58210833E+001  0.92723977E+001
  0.19205936E+000  0.21789963E+000  0.35317084E+000  0.51538316E+000  0.85882364E+000  0.97799009E+000  0.13288695E+001  0.24791043E+001  0.41113238E+001  0.58210843E+001  0.92728903E+001
  0.19206085E+000  0.21790015E+000  0.35317339E+000  0.51538323E+000  0.85884988E+000  0.97796383E+000  0.13288382E+001  0.24791531E+001  0.41113632E+001  0.58210853E+001  0.92729650E+001
  0.19206231E+000  0.21790066E+000  0.35317583E+000  0.51538329E+000  0.85887545E+000  0.97796398E+000  0.13288681E+001  0.24792006E+001  0.41114057E+001  0.58210863E+001  0.92730433E+001
  0.19206372E+000  0.21790115E+000  0.35317819E+000  0.51538336E+000  0.85880527E+000  0.97796413E+000  0.13287804E+001  0.24791893E+001  0.41113854E+001  0.58210873E+001  0.92731187E+001
  0.19206508E+000  0.21790163E+000  0.35318039E+000  0.51539678E+000  0.85880519E+000  0.97796426E+000  0.13287867E+001  0.24792174E+001  0.41114119E+001  0.58210882E+001  0.92731913E+001
  0.19205876E+000  0.21790209E+000  0.35318249E+000  0.51541276E+000  0.85880512E+000  0.97798297E+000  0.13287929E+001  0.24789149E+001  0.41114382E+001  0.58210891E+001  0.92732608E+001
  0.19206291E+000  0.21790254E+000  0.35318447E+000  0.51538942E+000  0.85883243E+000  0.97800672E+000  0.13287988E+001  0.24789167E+001  0.41114642E+001  0.58210899E+001  0.92733274E+001
  0.19205974E+000  0.21790112E+000  0.35318643E+000  0.51539978E+000  0.85886733E+000  0.97796465E+000  0.13288046E+001  0.24789184E+001  0.41114899E+001  0.58210908E+001  0.92733909E+001
  0.19206020E+000  0.21789290E+000  0.35318809E+000  0.51540979E+000  0.85880490E+000  0.97796477E+000  0.13288220E+001  0.24789201E+001  0.41115151E+001  0.58210915E+001  0.92734514E+001
  0.19206064E+000  0.21789336E+000  0.35322509E+000  0.51538370E+000  0.85880482E+000  0.97796488E+000  0.13288422E+001  0.24789216E+001  0.41115397E+001  0.58210923E+001  0.92735088E+001
  0.19206106E+000  0.21789499E+000  0.35320337E+000  0.51538375E+000  0.85880475E+000  0.97796498E+000  0.13288615E+001  0.24789231E+001  0.41115638E+001  0.58210930E+001  0.92735632E+001
  0.19206414E+000  0.21789888E+000  0.35319275E+000  0.51538379E+000  0.85880468E+000  0.97796508E+000  0.13288252E+001  0.24789245E+001  0.41115871E+001  0.58210937E+001  0.92736146E+001
  0.19206182E+000  0.21790262E+000  0.35319410E+000  0.51538384E+000  0.85880461E+000  0.97796828E+000  0.13288297E+001  0.24789259E+001  0.41116096E+001  0.58210944E+001  0.92741013E+001
  0.19206218E+000  0.21789845E+000  0.35321309E+000  0.51538388E+000  0.85880454E+000  0.97797377E+000  0.13288340E+001  0.24789272E+001  0.41116313E+001  0.58210950E+001  0.92741326E+001
  0.19206251E+000  0.21789992E+000  0.35324023E+000  0.51538392E+000  0.85880448E+000  0.97797445E+000  0.13288380E+001  0.24789283E+001  0.41116520E+001  0.58210956E+001  0.92741617E+001
  0.19206282E+000  0.21790131E+000  0.35319770E+000  0.51538396E+000  0.85880442E+000  0.97797726E+000  0.13288418E+001  0.24789295E+001  0.41116719E+001  0.58210961E+001  0.92741888E+001
  0.19206310E+000  0.21790263E+000  0.35320066E+000  0.51538400E+000  0.85880436E+000  0.97797989E+000  0.13288555E+001  0.24789305E+001  0.41116907E+001  0.58210966E+001  0.92742138E+001
  0.19206337E+000  0.21790386E+000  0.35322347E+000  0.51538403E+000  0.85880430E+000  0.97798234E+000  0.13288749E+001  0.24789315E+001  0.41117085E+001  0.58210971E+001  0.92742369E+001
  0.19206362E+000  0.21790502E+000  0.35324479E+000  0.51538406E+000  0.85880424E+000  0.97798462E+000  0.13288719E+001  0.24789324E+001  0.41117253E+001  0.58210975E+001  0.92742582E+001
  0.19206385E+000  0.21789774E+000  0.35326463E+000  0.51538467E+000  0.85880419E+000  0.97798673E+000  0.13288547E+001  0.24789332E+001  0.41117411E+001  0.58210979E+001  0.92742777E+001
  0.19206406E+000  0.21789796E+000  0.35325741E+000  0.51538755E+000  0.85880414E+000  0.97798868E+000  0.13288573E+001  0.24789340E+001  0.41117558E+001  0.58210983E+001  0.92742956E+001
  0.19206426E+000  0.21789817E+000  0.35323970E+000  0.51539022E+000  0.85880409E+000  0.97799047E+000  0.13288597E+001  0.24789347E+001  0.41117706E+001  0.58210987E+001  0.92743119E+001
  0.19206444E+000  0.21789836E+000  0.35324857E+000  0.51539268E+000  0.85880404E+000  0.97799211E+000  0.13288620E+001  0.24789353E+001  0.41117938E+001  0.58210990E+001  0.92743266E+001
  0.19206460E+000  0.21789853E+000  0.35325670E+000  0.51539493E+000  0.85880400E+000  0.97799361E+000  0.13288640E+001  0.24789359E+001  0.41118155E+001  0.58210993E+001  0.92743400E+001
  0.19206475E+000  0.21789868E+000  0.35327257E+000  0.51539699E+000  0.85880742E+000  0.97799497E+000  0.13288659E+001  0.24789364E+001  0.41118045E+001  0.58210995E+001  0.92743521E+001
  0.19206488E+000  0.21789882E+000  0.35327086E+000  0.51539886E+000  0.85881769E+000  0.97799620E+000  0.13288675E+001  0.24789369E+001  0.41118142E+001  0.58210998E+001  0.92743629E+001
  0.19206500E+000  0.21789895E+000  0.35327696E+000  0.51540055E+000  0.85882698E+000  0.97799731E+000  0.13288690E+001  0.24789373E+001  0.41118230E+001  0.58211000E+001  0.92743726E+001
  0.19206511E+000  0.21789906E+000  0.35324369E+000  0.51540208E+000  0.85883534E+000  0.97799831E+000  0.13288704E+001  0.24789377E+001  0.41118310E+001  0.58211002E+001  0.92743813E+001
  0.19206520E+000  0.21789916E+000  0.35325392E+000  0.51540346E+000  0.85884283E+000  0.97799921E+000  0.13288716E+001  0.24789381E+001  0.41118382E+001  0.58211004E+001  0.92743890E+001
  0.19206529E+000  0.21789925E+000  0.35326306E+000  0.51540468E+000  0.85884952E+000  0.97800000E+000  0.13288727E+001  0.24789384E+001  0.41118446E+001  0.58211005E+001  0.92743957E+001
  0.19206536E+000  0.21789933E+000  0.35327119E+000  0.51540577E+000  0.85885546E+000  0.97800070E+000  0.13288737E+001  0.24789401E+001  0.41118502E+001  0.58211007E+001  0.92744017E+001
  0.19206543E+000  0.21789940E+000  0.35327839E+000  0.51540674E+000  0.85886070E+000  0.97800132E+000  0.13288745E+001  0.24789458E+001  0.41118553E+001  0.58211008E+001  0.92744069E+001
  0.19206548E+000  0.21789945E+000  0.35328472E+000  0.51540759E+000  0.85886532E+000  0.97800291E+000  0.13288752E+001  0.24789509E+001  0.41118597E+001  0.58211009E+001  0.92744115E+001
  0.19206553E+000  0.21789950E+000  0.35326696E+000  0.51540833E+000  0.85886935E+000  0.97801049E+000  0.13288759E+001  0.24789553E+001  0.41118635E+001  0.58211010E+001  0.92744154E+001
  0.19206558E+000  0.21789955E+000  0.35327262E+000  0.51540897E+000  0.85887286E+000  0.97801709E+000  0.13288764E+001  0.24789591E+001  0.41118668E+001  0.58211011E+001  0.92744188E+001
  0.19206561E+000  0.21789958E+000  0.35327752E+000  0.51540953E+000  0.85887588E+000  0.97800309E+000  0.13288769E+001  0.24789624E+001  0.41118697E+001  0.58211012E+001  0.92744216E+001
  0.19206564E+000  0.21789961E+000  0.35328173E+000  0.51541001E+000  0.85887847E+000  0.97800339E+000  0.13287596E+001  0.24789652E+001  0.41118721E+001  0.58211012E+001  0.92744241E+001
  0.19206567E+000  0.21789963E+000  0.35328530E+000  0.51541042E+000  0.85888067E+000  0.97800364E+000  0.13287598E+001  0.24789675E+001  0.41113002E+001  0.58211013E+001  0.92744261E+001
  0.19206569E+000  0.21789965E+000  0.35320801E+000  0.51541076E+000  0.85888252E+000  0.97800385E+000  0.13287599E+001  0.24789695E+001  0.41113033E+001  0.58211013E+001  0.92744278E+001
  0.19206571E+000  0.21789967E+000  0.35320809E+000  0.51541104E+000  0.85888406E+000  0.97800402E+000  0.13287601E+001  0.24789711E+001  0.41113061E+001  0.58211013E+001  0.92744293E+001
  0.19206572E+000  0.21789968E+000  0.35320815E+000  0.51541128E+000  0.85880362E+000  0.97800416E+000  0.13287602E+001  0.24789725E+001  0.41113086E+001  0.58211014E+001  0.92744304E+001
  0.19206573E+000  0.21789968E+000  0.35320820E+000  0.51541147E+000  0.85880361E+000  0.97800427E+000  0.13287603E+001  0.24789735E+001  0.41113109E+001  0.58211014E+001  0.92744314E+001
  0.19206574E+000  0.21789969E+000  0.35320825E+000  0.51541162E+000  0.85880361E+000  0.97800435E+000  0.13287604E+001  0.24789744E+001  0.41113129E+001  0.58211014E+001  0.92744321E+001
  0.19206575E+000  0.21789969E+000  0.35320828E+000  0.51541173E+000  0.85880360E+000  0.97800441E+000  0.13287604E+001  0.24789750E+001  0.41113147E+001  0.58211014E+001  0.92744327E+001
  0.19206575E+000  0.21789969E+000  0.35320830E+000  0.51541182E+000  0.85880360E+000  0.97800446E+000  0.13287605E+001  0.24789754E+001  0.41113163E+001  0.58211014E+001  0.92744331E+001
  0.19206576E+000  0.21789968E+000  0.35320831E+000  0.51541187E+000  0.85880359E+000  0.97800448E+000  0.13287605E+001  0.24789757E+001  0.41113177E+001  0.58211015E+001  0.92744335E+001
  0.19206576E+000  0.21789968E+000  0.35320832E+000  0.51541191E+000  0.85880359E+000  0.97800450E+000  0.13287606E+001  0.24789759E+001  0.41113190E+001  0.58211015E+001  0.92744337E+001
  0.19206576E+000  0.21789967E+000  0.35320832E+000  0.51541193E+000  0.85880359E+000  0.97800450E+000  0.13287606E+001  0.24789760E+001  0.41113201E+001  0.58211015E+001  0.92744339E+001
  0.19206575E+000  0.21789966E+000  0.35320832E+000  0.51541193E+000  0.85880358E+000  0.97800449E+000  0.13287606E+001  0.24789759E+001  0.41113211E+001  0.58211015E+001  0.92744340E+001
  0.19206575E+000  0.21789965E+000  0.35320831E+000  0.51541192E+000  0.85880358E+000  0.97800447E+000  0.13287606E+001  0.24789758E+001  0.41113220E+001  0.58211015E+001  0.92744341E+001
  0.19206575E+000  0.21789964E+000  0.35320829E+000  0.51541190E+000  0.85880358E+000  0.97800445E+000  0.13287606E+001  0.24789756E+001  0.41113228E+001  0.58211015E+001  0.92744342E+001
  0.19206575E+000  0.21789963E+000  0.35320827E+000  0.51541186E+000  0.85880358E+000  0.97800442E+000  0.13287606E+001  0.24789754E+001  0.41113235E+001  0.58211015E+001  0.92744342E+001
  0.19206574E+000  0.21789962E+000  0.35320825E+000  0.51541182E+000  0.85880358E+000  0.97800439E+000  0.13287606E+001  0.24789751E+001  0.41113241E+001  0.58211014E+001  0.92744342E+001
  0.19206574E+000  0.21789961E+000  0.35320823E+000  0.51541178E+000  0.85880358E+000  0.97800435E+000  0.13287606E+001  0.24789748E+001  0.41113246E+001  0.58211014E+001  0.92744342E+001
  0.19206573E+000  0.21789960E+000  0.35320820E+000  0.51541173E+000  0.85880358E+000  0.97800431E+000  0.13287606E+001  0.24789744E+001  0.41113250E+001  0.58211014E+001  0.92744342E+001
  0.19206573E+000  0.21789959E+000  0.35320817E+000  0.51541167E+000  0.85880358E+000  0.97800427E+000  0.13287606E+001  0.24789741E+001  0.41113254E+001  0.58211014E+001  0.92744342E+001
  0.19206572E+000  0.21789958E+000  0.35320814E+000  0.51541161E+000  0.85880358E+000  0.97800422E+000  0.13287606E+001  0.24789737E+001  0.41113257E+001  0.58211014E+001  0.92744343E+001
  0.19206572E+000  0.21789957E+000  0.35320811E+000  0.51541155E+000  0.85880358E+000  0.97800418E+000  0.13287606E+001  0.24789733E+001  0.41113259E+001  0.58211014E+001  0.92744343E+001
  0.19206571E+000  0.21789955E+000  0.35320808E+000  0.51541149E+000  0.85880358E+000  0.97800413E+000  0.13287606E+001  0.24789729E+001  0.41113261E+001  0.58211014E+001  0.92744343E+001
  0.19206571E+000  0.21789954E+000  0.35320804E+000  0.51541143E+000  0.85880358E+000  0.97800409E+000  0.13287605E+001  0.24789725E+001  0.41113262E+001  0.58211014E+001  0.92744344E+001
  0.19206570E+000  0.21789953E+000  0.35320801E+000  0.51541137E+000  0.85880358E+000  0.97800404E+000  0.13287605E+001  0.24789721E+001  0.41113263E+001  0.58211014E+001  0.92744344E+001
  0.19206570E+000  0.21789952E+000  0.35320797E+000  0.51541131E+000  0.85880358E+000  0.97800400E+000  0.13287605E+001  0.24789717E+001  0.41113264E+001  0.58211014E+001  0.92744345E+001
  0.19206569E+000  0.21789951E+000  0.35320793E+000  0.51541124E+000  0.85880358E+000  0.97800396E+000  0.13287605E+001  0.24789713E+001  0.41113264E+001  0.58211014E+001  0.92744346E+001
  0.19206569E+000  0.21789950E+000  0.35320790E+000  0.51541118E+000  0.85880358E+000  0.97800391E+000  0.13287605E+001  0.24789709E+001  0.41113264E+001  0.58211014E+001  0.92744347E+001
  0.19206568E+000  0.21789949E+000  0.35320786E+000  0.51541112E+000  0.85880358E+000  0.97800387E+000  0.13287604E+001  0.24789706E+001  0.41113263E+001  0.58211014E+001  0.92744348E+001
  0.19206568E+000  0.21789948E+000  0.35320782E+000  0.51541107E+000  0.85888421E+000  0.97800383E+000  0.13287604E+001  0.24789702E+001  0.41113262E+001  0.58211014E+001  0.92744349E+001
  0.19206568E+000  0.21789947E+000  0.35320779E+000  0.51541101E+000  0.85888391E+000  0.97800379E+000  0.13287604E+001  0.24789698E+001  0.41113261E+001  0.58211013E+001  0.92744350E+001
  0.19206567E+000  0.21789946E+000  0.35320775E+000  0.51541096E+000  0.85888362E+000  0.97800375E+000  0.13287604E+001  0.24789695E+001  0.41113259E+001  0.58211013E+001  0.92744351E+001
  0.19206567E+000  0.21789945E+000  0.35320772E+000  0.51541090E+000  0.85888334E+000  0.97800372E+000  0.13287603E+001  0.24789692E+001  0.41113258E+001  0.58211013E+001  0.92744353E+001
  0.19206566E+000  0.21789944E+000  0.35320768E+000  0.51541085E+000  0.85888307E+000  0.97800368E+000  0.13287603E+001  0.24789689E+001  0.41113256E+001  0.58211013E+001  0.92744354E+001
  0.19206566E+000  0.21789944E+000  0.35320765E+000  0.51541081E+000  0.85888282E+000  0.97800365E+000  0.13287603E+001  0.24789686E+001  0.41113254E+001  0.58211013E+001  0.92744356E+001
  0.19206566E+000  0.21789943E+000  0.35320761E+000  0.51541076E+000  0.85888258E+000  0.97800362E+000  0.13287603E+001  0.24789683E+001  0.41113252E+001  0.58211013E+001  0.92744358E+001
  0.19206565E+000  0.21789942E+000  0.35320758E+000  0.51541072E+000  0.85888235E+000  0.97800359E+000  0.13287603E+001  0.24789680E+001  0.41113250E+001  0.58211013E+001  0.92744359E+001
  0.19206565E+000  0.21789941E+000  0.35320755E+000  0.51541068E+000  0.85888213E+000  0.97800356E+000  0.13287602E+001  0.24789678E+001  0.41113247E+001  0.58211013E+001  0.92744361E+001
  0.19206565E+000  0.21789941E+000  0.35320751E+000  0.51541064E+000  0.85888193E+000  0.97800353E+000  0.13287602E+001  0.24789675E+001  0.41113245E+001  0.58211013E+001  0.92744363E+001
  0.19206565E+000  0.21789940E+000  0.35328789E+000  0.51541060E+000  0.85888173E+000  0.97800351E+000  0.13287602E+001  0.24789673E+001  0.41113242E+001  0.58211013E+001  0.92744365E+001
  0.19206564E+000  0.21789940E+000  0.35328760E+000  0.51541057E+000  0.85888156E+000  0.97800349E+000  0.13287602E+001  0.24789671E+001  0.41113240E+001  0.58211013E+001  0.92744367E+001
  0.19206564E+000  0.21789939E+000  0.35328734E+000  0.51541053E+000  0.85888139E+000  0.97800347E+000  0.13287601E+001  0.24789669E+001  0.41113237E+001  0.58211013E+001  0.92744368E+001
  0.19206564E+000  0.21789939E+000  0.35328709E+000  0.51541051E+000  0.85888124E+000  0.97800345E+000  0.13287601E+001  0.24789667E+001  0.41113234E+001  0.58211013E+001  0.92744370E+001
  0.19206564E+000  0.21789938E+000  0.35328687E+000  0.51541048E+000  0.85888110E+000  0.97800343E+000  0.13287601E+001  0.24789666E+001  0.41113231E+001  0.58211013E+001  0.92744372E+001
  0.19206563E+000  0.21789938E+000  0.35328667E+000  0.51541045E+000  0.85888097E+000  0.97800341E+000  0.13287601E+001  0.24789664E+001  0.41113229E+001  0.58211013E+001  0.92744374E+001
  0.19206563E+000  0.21789937E+000  0.35328648E+000  0.51541043E+000  0.85888086E+000  0.97800340E+000  0.13287601E+001  0.24789663E+001  0.41113226E+001  0.58211013E+001  0.92744376E+001
  0.19206563E+000  0.21789937E+000  0.35328632E+000  0.51541041E+000  0.85888076E+000  0.97800339E+000  0.13287601E+001  0.24789662E+001  0.41113223E+001  0.58211013E+001  0.92744378E+001
  0.19206563E+000  0.21789937E+000  0.35328617E+000  0.51541040E+000  0.85888067E+000  0.97800338E+000  0.13287600E+001  0.24789661E+001  0.41113220E+001  0.58211013E+001  0.92744380E+001
  0.19206563E+000  0.21789936E+000  0.35328605E+000  0.51541038E+000  0.85888059E+000  0.97800337E+000  0.13287600E+001  0.24789660E+001  0.41113217E+001  0.58211013E+001  0.92744382E+001
  0.19206563E+000  0.21789936E+000  0.35328594E+000  0.51541037E+000  0.85888053E+000  0.97800336E+000  0.13287600E+001  0.24789659E+001  0.41113214E+001  0.58211013E+001  0.92744383E+001
  0.19206563E+000  0.21789936E+000  0.35328585E+000  0.51541036E+000  0.85888047E+000  0.97800335E+000  0.13287600E+001  0.24789659E+001  0.41113211E+001  0.58211013E+001  0.92744385E+001
  0.19206563E+000  0.21789936E+000  0.35328578E+000  0.51541035E+000  0.85888043E+000  0.97800335E+000  0.13287600E+001  0.24789658E+001  0.41113208E+001  0.58211013E+001  0.92744387E+001
  0.19206563E+000  0.21789935E+000  0.35328573E+000  0.51541034E+000  0.85888040E+000  0.97800335E+000  0.13287600E+001  0.24789658E+001  0.41113205E+001  0.58211013E+001  0.92744389E+001
  0.19206563E+000  0.21789935E+000  0.35328569E+000  0.51541034E+000  0.85888038E+000  0.97800335E+000  0.13287600E+001  0.24789658E+001  0.41113202E+001  0.58211013E+001  0.92744391E+001
  0.19206563E+000  0.21789935E+000  0.35328567E+000  0.51541033E+000  0.85888037E+000  0.97800334E+000  0.13287600E+001  0.24789658E+001  0.41113199E+001  0.58211013E+001  0.92744393E+001
  0.19206563E+000  0.21789935E+000  0.35328567E+000  0.51541033E+000  0.85888037E+000  0.97800335E+000  0.13287599E+001  0.24789658E+001  0.41113196E+001  0.58211013E+001  0.92744395E+001
  0.19206563E+000  0.21789935E+000  0.35328568E+000  0.51541033E+000  0.85888038E+000  0.97800335E+000  0.13287599E+001  0.24789658E+001  0.41113194E+001  0.58211013E+001  0.92744396E+001
  0.19206563E+000  0.21789935E+000  0.35328570E+000  0.51541034E+000  0.85888040E+000  0.97800335E+000  0.13287599E+001  0.24789658E+001  0.41113191E+001  0.58211013E+001  0.92744398E+001
  0.19206563E+000  0.21789935E+000  0.35328574E+000  0.51541034E+000  0.85888042E+000  0.97800336E+000  0.13287599E+001  0.24789659E+001  0.41113188E+001  0.58211013E+001  0.92744400E+001
  0.19206563E+000  0.21789935E+000  0.35328579E+000  0.51541035E+000  0.85888046E+000  0.97800336E+000  0.13287599E+001  0.24789659E+001  0.41113185E+001  0.58211013E+001  0.92744402E+001
  0.19206563E+000  0.21789935E+000  0.35328585E+000  0.51541035E+000  0.85888050E+000  0.97800337E+000  0.13287599E+001  0.24789660E+001  0.41113181E+001  0.58211013E+001  0.92744403E+001
  0.19206563E+000  0.21789935E+000  0.35328592E+000  0.51541036E+000  0.85888055E+000  0.97800337E+000  0.13287599E+001  0.24789660E+001  0.41113178E+001  0.58211013E+001  0.92744405E+001
  0.19206563E+000  0.21789935E+000  0.35328601E+000  0.51541037E+000  0.85888061E+000  0.97800338E+000  0.13287599E+001  0.24789661E+001  0.41113175E+001  0.58211013E+001  0.92744407E+001
  0.19206563E+000  0.21789935E+000  0.35328610E+000  0.51541038E+000  0.85888067E+000  0.97800339E+000  0.13287599E+001  0.24789662E+001  0.41113172E+001  0.58211013E+001  0.92744408E+001
  0.19206563E+000  0.21789935E+000  0.35328621E+000  0.51541039E+000  0.85888074E+000  0.97800340E+000  0.13287599E+001  0.24789663E+001  0.41113169E+001  0.58211013E+001  0.92744410E+001
  0.19206564E+000  0.21789935E+000  0.35328632E+000  0.51541041E+000  0.85888081E+000  0.97800341E+000  0.13287599E+001  0.24789664E+001  0.41113166E+001  0.58211013E+001  0.92744411E+001
  0.19206564E+000  0.21789935E+000  0.35328644E+000  0.51541042E+000  0.85888089E+000  0.97800342E+000  0.13287599E+001  0.24789665E+001  0.41113163E+001  0.58211013E+001  0.92744413E+001
  0.19206564E+000  0.21789935E+000  0.35328657E+000  0.51541044E+000  0.85888097E+000  0.97800343E+000  0.13287599E+001  0.24789666E+001  0.41113160E+001  0.58211013E+001  0.92744414E+001
  0.19206564E+000  0.21789935E+000  0.35328670E+000  0.51541045E+000  0.85888106E+000  0.97800344E+000  0.13287599E+001  0.24789667E+001  0.41113157E+001  0.58211013E+001  0.92744416E+001
  0.19206564E+000  0.21789935E+000  0.35328684E+000  0.51541047E+000  0.85888115E+000  0.97800346E+000  0.13287599E+001  0.24789668E+001  0.41113154E+001  0.58211013E+001  0.92744417E+001
  0.19206564E+000  0.21789935E+000  0.35328698E+000  0.51541049E+000  0.85888124E+000  0.97800347E+000  0.13287599E+001  0.24789669E+001  0.41113150E+001  0.58211013E+001  0.92744418E+001
  0.19206564E+000  0.21789936E+000  0.35328713E+000  0.51541050E+000  0.85888134E+000  0.97800348E+000  0.13287599E+001  0.24789670E+001  0.41113147E+001  0.58211013E+001  0.92744420E+001
  0.19206565E+000  0.21789936E+000  0.35328729E+000  0.51541052E+000  0.85888144E+000  0.97800350E+000  0.13287599E+001  0.24789671E+001  0.41113144E+001  0.58211013E+001  0.92744421E+001
  0.19206565E+000  0.21789936E+000  0.35328745E+000  0.51541054E+000  0.85888154E+000  0.97800351E+000  0.13287599E+001  0.24789672E+001  0.41113141E+001  0.58211013E+001  0.92744422E+001
  0.19206565E+000  0.21789936E+000  0.35328761E+000  0.51541056E+000  0.85888165E+000  0.97800353E+000  0.13287599E+001  0.24789674E+001  0.41113138E+001  0.58211013E+001  0.92744423E+001
  0.19206565E+000  0.21789936E+000  0.35328778E+000  0.51541058E+000  0.85888176E+000  0.97800354E+000  0.13287599E+001  0.24789675E+001  0.41113134E+001  0.58211013E+001  0.92744425E+001
  0.19206565E+000  0.21789936E+000  0.35328796E+000  0.51541060E+000  0.85888187E+000  0.97800356E+000  0.13287599E+001  0.24789677E+001  0.41113131E+001  0.58211013E+001  0.92744426E+001
  0.19206565E+000  0.21789936E+000  0.35320704E+000  0.51541062E+000  0.85888199E+000  0.97800357E+000  0.13287599E+001  0.24789678E+001  0.41113128E+001  0.58211013E+001  0.92744427E+001
  0.19206566E+000  0.21789937E+000  0.35320704E+000  0.51541065E+000  0.85888212E+000  0.97800359E+000  0.13287599E+001  0.24789680E+001  0.41113125E+001  0.58211013E+001  0.92744429E+001
  0.19206566E+000  0.21789937E+000  0.35320704E+000  0.51541067E+000  0.85888226E+000  0.97800361E+000  0.13287599E+001  0.24789682E+001  0.41113123E+001  0.58211013E+001  0.92744430E+001
  0.19206566E+000  0.21789937E+000  0.35320704E+000  0.51541070E+000  0.85888241E+000  0.97800363E+000  0.13287599E+001  0.24789684E+001  0.41113120E+001  0.58211013E+001  0.92744432E+001
  0.19206567E+000  0.21789937E+000  0.35320705E+000  0.51541073E+000  0.85888259E+000  0.97800366E+000  0.13287599E+001  0.24789686E+001  0.41113118E+001  0.58211013E+001  0.92744434E+001
  0.19206567E+000  0.21789938E+000  0.35320705E+000  0.51541077E+000  0.85888279E+000  0.97800370E+000  0.13287599E+001  0.24789689E+001  0.41113117E+001  0.58211013E+001  0.92744437E+001
  0.19206567E+000  0.21789938E+000  0.35320706E+000  0.51541081E+000  0.85888302E+000  0.97800374E+000  0.13287600E+001  0.24789692E+001  0.41113116E+001  0.58211013E+001  0.92744441E+001
  0.19206568E+000  0.21789939E+000  0.35320707E+000  0.51541086E+000  0.85888331E+000  0.97800379E+000  0.13287600E+001  0.24789696E+001  0.41113116E+001  0.58211013E+001  0.92744445E+001
  0.19206569E+000  0.21789941E+000  0.35320708E+000  0.51541092E+000  0.85888365E+000  0.97800385E+000  0.13287600E+001  0.24789700E+001  0.41113117E+001  0.58211013E+001  0.92744450E+001
  0.19206570E+000  0.21789941E+000  0.35320712E+000  0.51541102E+000  0.85888415E+000  0.97800388E+000  0.13287601E+001  0.24789703E+001  0.41113117E+001  0.58211014E+001  0.92744448E+001
  0.19206568E+000  0.21789939E+000  0.35320712E+000  0.51541124E+000  0.85880356E+000  0.97800393E+000  0.13287600E+001  0.24789714E+001  0.41113119E+001  0.58211014E+001  0.92744453E+001
