    0.00000000000000
    0.01262719338640
    0.02525438677279
    0.03788158015919
    0.05050877354559
    0.06313596693199
    0.07576316031838
    0.08839035370478
    0.10101754709118
    0.11364474047757
    0.22940309143732
    0.43306241115762
    0.77352475840846
    1.31892950795697
    2.16165375661765
    3.42405669108763
    5.26500874001234
    7.88724529403286
   11.54558383740917
   16.55604247787812
   23.30589707557181
   32.26471344735004
   43.99639045185317
   59.17224913641447
   78.58520254422885
  103.16504023426825
  133.99486105346739
  172.32868721734522
  219.61029229860750
  277.49327529090721
  347.86241250465048
  432.85631866162839
  534.89144818364468
  656.68746731572503
  801.29402738560066
  972.11896917679087
 1172.95849301440626
 1408.02637914530396
 1681.98944883401850
 2000.00000000000000
