    0.00301319056874
    0.01704517943316
    0.04395780284672
    0.07937691378688
    0.12147146373188
    0.14404072785460
    0.12147146373188
    0.07937691378688
    0.04395780284672
    0.01704517943316
    0.00358221518845
    0.00412303264801
    0.01256309092831
    0.02575158806170
    0.04338606290152
    0.06527789867681
    0.09128944589495
    0.12131269541559
    0.15525904999358
    0.19305361247216
    0.23463165812175
    0.27993630416016
    0.32891689048982
    0.38152780970538
    0.43772763482255
    0.49747845204865
    0.56074533931888
    0.62749595125516
    0.69770018360647
    0.77132989822350
    0.84835869493122
    0.92876172028519
    1.01251550572507
    1.09959782943947
    1.18998759756205
    1.28366474128113
    1.38061012716538
    1.48080547855391
    1.58423330627761
    1.69087684730384
    1.80072001015111
    1.91374732612174
    2.02994390556148
    2.14929539848432
    2.27178795900560
    2.39741114862404
    2.52614631811608
    2.65798080227963
    2.79290819480686
    1.43057146495959
