   -0.67376982858937
   -0.66774344745189
   -0.63967946972305
   -0.57982784175845
   -0.48092564214928
   -0.33688491429468
   -0.19284418644009
   -0.09394198683092
   -0.03409035886632
   -0.00602638113748
    0.00000000000000
    0.00113804923942
    0.00824606529602
    0.02626423109603
    0.05974924141942
    0.11303635689908
    0.19030503877304
    0.29561524868898
    0.43293042960423
    0.60613334867613
    0.81903765454855
    1.07539666491963
    1.37891026286887
    1.73323044589927
    2.14196588227963
    2.60868571554437
    3.13692278637694
    3.73017639418213
    4.39191468888726
    5.12557676139508
    5.93457448533426
    6.82229415125752
    7.79209792590464
    8.84732516270765
    9.99129358478358
   11.22730035783176
   12.55862306734583
   13.98852061216252
   15.52023402445366
   17.15698722471774
   18.90198771906134
   20.75842724501996
   22.72948237130482
   24.81831505614292
   27.02807316827346
   29.36189097415412
   31.82289546552155
   34.41418361038628
   37.13885707008082
   40.00000000000000
