  0.57891327E+000  0.31467589E+000  0.23536659E+001  0.38834039E+002
  0.57891354E+000  0.31466965E+000  0.23536707E+001  0.38834081E+002
  0.57891404E+000  0.31466947E+000  0.23536688E+001  0.38834120E+002
  0.57891455E+000  0.31466995E+000  0.23536662E+001  0.38834158E+002
  0.57891503E+000  0.31467049E+000  0.23536637E+001  0.38834195E+002
  0.57891549E+000  0.31467104E+000  0.23536616E+001  0.38834232E+002
  0.57891592E+000  0.31467157E+000  0.23536597E+001  0.38834269E+002
  0.57891633E+000  0.31467209E+000  0.23536582E+001  0.38834306E+002
  0.57891674E+000  0.31467261E+000  0.23536570E+001  0.38834343E+002
  0.57891713E+000  0.31467311E+000  0.23536561E+001  0.38834380E+002
  0.57891751E+000  0.31467360E+000  0.23536554E+001  0.38834418E+002
  0.57891788E+000  0.31467409E+000  0.23536550E+001  0.38834455E+002
  0.57891825E+000  0.31467457E+000  0.23536548E+001  0.38834492E+002
  0.57891862E+000  0.31467504E+000  0.23536549E+001  0.38834530E+002
  0.57891899E+000  0.31467550E+000  0.23536552E+001  0.38834568E+002
  0.57891935E+000  0.31467595E+000  0.23536557E+001  0.38834606E+002
  0.57891971E+000  0.31467640E+000  0.23536565E+001  0.38834644E+002
  0.57892008E+000  0.31467684E+000  0.23536575E+001  0.38834683E+002
  0.57892044E+000  0.31467727E+000  0.23536587E+001  0.38834723E+002
  0.57892081E+000  0.31467769E+000  0.23536602E+001  0.38834762E+002
  0.57892119E+000  0.31467811E+000  0.23536619E+001  0.38834803E+002
  0.57892156E+000  0.31467852E+000  0.23536639E+001  0.38834844E+002
  0.57892194E+000  0.31467893E+000  0.23536661E+001  0.38834886E+002
  0.57892233E+000  0.31467934E+000  0.23536685E+001  0.38834928E+002
  0.57892273E+000  0.31467974E+000  0.23536713E+001  0.38834972E+002
  0.57892313E+000  0.31468013E+000  0.23536743E+001  0.38835016E+002
  0.57892354E+000  0.31468053E+000  0.23536776E+001  0.38835062E+002
  0.57892396E+000  0.31468092E+000  0.23536811E+001  0.38835108E+002
  0.57892439E+000  0.31468131E+000  0.23536850E+001  0.38835155E+002
  0.57892483E+000  0.31468171E+000  0.23536892E+001  0.38835204E+002
  0.57892529E+000  0.31468210E+000  0.23536936E+001  0.38835254E+002
  0.57892576E+000  0.31468250E+000  0.23536984E+001  0.38835305E+002
  0.57892624E+000  0.31468290E+000  0.23537036E+001  0.38835358E+002
  0.57892673E+000  0.31468330E+000  0.23537090E+001  0.38835412E+002
  0.57892724E+000  0.31468371E+000  0.23537149E+001  0.38835468E+002
  0.57892777E+000  0.31468412E+000  0.23537211E+001  0.38835526E+002
  0.57892831E+000  0.31468455E+000  0.23537276E+001  0.38835585E+002
  0.57892887E+000  0.31468498E+000  0.23537346E+001  0.38835646E+002
  0.57892945E+000  0.31468542E+000  0.23537420E+001  0.38835709E+002
  0.57893005E+000  0.31468587E+000  0.23537498E+001  0.38835774E+002
  0.57893067E+000  0.31468633E+000  0.23537580E+001  0.38835840E+002
  0.57893131E+000  0.31468680E+000  0.23537666E+001  0.38835909E+002
  0.57893198E+000  0.31468729E+000  0.23537757E+001  0.38835980E+002
  0.57893267E+000  0.31468778E+000  0.23537853E+001  0.38836054E+002
  0.57893338E+000  0.31468829E+000  0.23537954E+001  0.38836129E+002
  0.57893413E+000  0.31468881E+000  0.23538059E+001  0.38836207E+002
  0.57893491E+000  0.31468934E+000  0.23538169E+001  0.38836287E+002
  0.57893572E+000  0.31468989E+000  0.23538285E+001  0.38836370E+002
  0.57893656E+000  0.31469045E+000  0.23538406E+001  0.38836455E+002
  0.57893745E+000  0.31469102E+000  0.23538532E+001  0.38836543E+002
  0.57893837E+000  0.31469161E+000  0.23538664E+001  0.38836633E+002
  0.57893933E+000  0.31469222E+000  0.23538802E+001  0.38836726E+002
  0.57894034E+000  0.31469284E+000  0.23538946E+001  0.38836821E+002
  0.57894139E+000  0.31469348E+000  0.23539096E+001  0.38836919E+002
  0.57894249E+000  0.31469414E+000  0.23539253E+001  0.38837020E+002
  0.57894364E+000  0.31469482E+000  0.23539416E+001  0.38837124E+002
  0.57894484E+000  0.31469553E+000  0.23539587E+001  0.38837230E+002
  0.57894610E+000  0.31469626E+000  0.23539764E+001  0.38837339E+002
  0.57894741E+000  0.31469701E+000  0.23539950E+001  0.38837450E+002
  0.57894878E+000  0.31469779E+000  0.23540143E+001  0.38837564E+002
  0.57895021E+000  0.31469860E+000  0.23540344E+001  0.38837681E+002
  0.57895169E+000  0.31469944E+000  0.23540554E+001  0.38837800E+002
  0.57895324E+000  0.31470031E+000  0.23540773E+001  0.38837922E+002
  0.57895485E+000  0.31470121E+000  0.23541001E+001  0.38838046E+002
  0.57895652E+000  0.31470214E+000  0.23541238E+001  0.38838173E+002
  0.57895826E+000  0.31470311E+000  0.23541485E+001  0.38838302E+002
  0.57896005E+000  0.31470412E+000  0.23541742E+001  0.38838434E+002
  0.57896192E+000  0.31470516E+000  0.23542009E+001  0.38838567E+002
  0.57896384E+000  0.31470624E+000  0.23542286E+001  0.38838703E+002
  0.57896583E+000  0.31470736E+000  0.23542575E+001  0.38838841E+002
  0.57896788E+000  0.31470852E+000  0.23542875E+001  0.38838981E+002
  0.57897000E+000  0.31470972E+000  0.23543186E+001  0.38839123E+002
  0.57897218E+000  0.31471096E+000  0.23543509E+001  0.38839266E+002
  0.57897442E+000  0.31471224E+000  0.23543843E+001  0.38839411E+002
  0.57897672E+000  0.31471356E+000  0.23544190E+001  0.38839558E+002
  0.57897909E+000  0.31471493E+000  0.23544548E+001  0.38839706E+002
  0.57898151E+000  0.31471633E+000  0.23544919E+001  0.38839855E+002
  0.57898399E+000  0.31471778E+000  0.23545303E+001  0.38840006E+002
  0.57898652E+000  0.31471927E+000  0.23545698E+001  0.38840158E+002
  0.57898911E+000  0.31472080E+000  0.23546107E+001  0.38840311E+002
  0.57899176E+000  0.31472237E+000  0.23546528E+001  0.38840464E+002
  0.57899445E+000  0.31472398E+000  0.23546961E+001  0.38840619E+002
  0.57899720E+000  0.31472563E+000  0.23547406E+001  0.38840774E+002
  0.57899999E+000  0.31472731E+000  0.23547864E+001  0.38840930E+002
  0.57900282E+000  0.31472903E+000  0.23548334E+001  0.38841086E+002
  0.57900570E+000  0.31473078E+000  0.23548816E+001  0.38841243E+002
  0.57900862E+000  0.31473256E+000  0.23549310E+001  0.38841400E+002
  0.57901157E+000  0.31473437E+000  0.23549814E+001  0.38841557E+002
  0.57901455E+000  0.31473621E+000  0.23550330E+001  0.38841715E+002
  0.57901757E+000  0.31473807E+000  0.23550856E+001  0.38841873E+002
  0.57902061E+000  0.31473995E+000  0.23551392E+001  0.38842031E+002
  0.57902367E+000  0.31474185E+000  0.23551937E+001  0.38842189E+002
  0.57902675E+000  0.31474377E+000  0.23552492E+001  0.38842347E+002
  0.57902984E+000  0.31474570E+000  0.23553055E+001  0.38842505E+002
  0.57903295E+000  0.31474764E+000  0.23553625E+001  0.38842664E+002
  0.57903606E+000  0.31474959E+000  0.23554203E+001  0.38842822E+002
  0.57903918E+000  0.31475154E+000  0.23554787E+001  0.38842981E+002
  0.57904229E+000  0.31475350E+000  0.23555377E+001  0.38843139E+002
  0.57904540E+000  0.31475545E+000  0.23555972E+001  0.38843298E+002
  0.57904850E+000  0.31475740E+000  0.23556572E+001  0.38843457E+002
  0.57905158E+000  0.31475934E+000  0.23557175E+001  0.38843616E+002
  0.57905465E+000  0.31476127E+000  0.23557781E+001  0.38843776E+002
  0.57905769E+000  0.31476318E+000  0.23558388E+001  0.38843935E+002
  0.57906070E+000  0.31476508E+000  0.23558998E+001  0.38844095E+002
  0.57906369E+000  0.31476696E+000  0.23559607E+001  0.38844256E+002
  0.57906664E+000  0.31476882E+000  0.23560217E+001  0.38844417E+002
  0.57906955E+000  0.31477065E+000  0.23560825E+001  0.38844578E+002
  0.57907243E+000  0.31477245E+000  0.23561432E+001  0.38844740E+002
  0.57907525E+000  0.31477423E+000  0.23562036E+001  0.38844903E+002
  0.57907803E+000  0.31477597E+000  0.23562638E+001  0.38845066E+002
  0.57908076E+000  0.31477768E+000  0.23563235E+001  0.38845230E+002
  0.57908343E+000  0.31477935E+000  0.23563829E+001  0.38845395E+002
  0.57908604E+000  0.31478098E+000  0.23564417E+001  0.38845560E+002
  0.57908860E+000  0.31478258E+000  0.23565000E+001  0.38845727E+002
  0.57909109E+000  0.31478413E+000  0.23565577E+001  0.38845895E+002
  0.57909352E+000  0.31478564E+000  0.23566148E+001  0.38846063E+002
  0.57909589E+000  0.31478710E+000  0.23566711E+001  0.38846233E+002
  0.57909819E+000  0.31478852E+000  0.23567267E+001  0.38846404E+002
  0.57910041E+000  0.31478989E+000  0.23567816E+001  0.38846576E+002
  0.57910257E+000  0.31479122E+000  0.23568356E+001  0.38846750E+002
  0.57910466E+000  0.31479250E+000  0.23568887E+001  0.38846925E+002
  0.57910668E+000  0.31479374E+000  0.23569410E+001  0.38847101E+002
  0.57910862E+000  0.31479492E+000  0.23569923E+001  0.38847278E+002
  0.57911049E+000  0.31479606E+000  0.23570427E+001  0.38847457E+002
  0.57911229E+000  0.31479715E+000  0.23570921E+001  0.38847637E+002
  0.57911401E+000  0.31479820E+000  0.23571405E+001  0.38847819E+002
  0.57911566E+000  0.31479919E+000  0.23571880E+001  0.38848002E+002
  0.57911724E+000  0.31480015E+000  0.23572344E+001  0.38848187E+002
  0.57911875E+000  0.31480105E+000  0.23572798E+001  0.38848373E+002
  0.57912019E+000  0.31480191E+000  0.23573242E+001  0.38848561E+002
  0.57912155E+000  0.31480273E+000  0.23573675E+001  0.38848750E+002
  0.57912285E+000  0.31480351E+000  0.23574097E+001  0.38848941E+002
  0.57912408E+000  0.31480424E+000  0.23574509E+001  0.38849133E+002
  0.57912525E+000  0.31480493E+000  0.23574911E+001  0.38849327E+002
  0.57912634E+000  0.31480558E+000  0.23575302E+001  0.38849522E+002
  0.57912738E+000  0.31480619E+000  0.23575682E+001  0.38849719E+002
  0.57912835E+000  0.31480677E+000  0.23576052E+001  0.38849917E+002
  0.57912926E+000  0.31480731E+000  0.23576412E+001  0.38850116E+002
  0.57913011E+000  0.31480781E+000  0.23576761E+001  0.38850317E+002
  0.57913091E+000  0.31480828E+000  0.23577100E+001  0.38850519E+002
  0.57913165E+000  0.31480872E+000  0.23577429E+001  0.38850722E+002
  0.57913234E+000  0.31480913E+000  0.23577748E+001  0.38850927E+002
  0.57913298E+000  0.31480950E+000  0.23578057E+001  0.38851132E+002
  0.57913356E+000  0.31480985E+000  0.23578357E+001  0.38851339E+002
  0.57913411E+000  0.31481017E+000  0.23578646E+001  0.38851546E+002
  0.57913460E+000  0.31481046E+000  0.23578927E+001  0.38851755E+002
  0.57913505E+000  0.31481073E+000  0.23579198E+001  0.38851964E+002
  0.57913547E+000  0.31481098E+000  0.23579460E+001  0.38852174E+002
  0.57913584E+000  0.31481120E+000  0.23579713E+001  0.38852385E+002
  0.57913617E+000  0.31481140E+000  0.23579957E+001  0.38852596E+002
  0.57913647E+000  0.31481158E+000  0.23580193E+001  0.38852807E+002
  0.57913674E+000  0.31481174E+000  0.23580420E+001  0.38853020E+002
  0.57913698E+000  0.31481189E+000  0.23580640E+001  0.38853232E+002
  0.57913718E+000  0.31481201E+000  0.23580851E+001  0.38853444E+002
  0.57913736E+000  0.31481213E+000  0.23581054E+001  0.38853657E+002
  0.57913751E+000  0.31481222E+000  0.23581250E+001  0.38853870E+002
  0.57913764E+000  0.31481231E+000  0.23581439E+001  0.38854082E+002
  0.57913775E+000  0.31481238E+000  0.23581620E+001  0.38854294E+002
  0.57913783E+000  0.31481243E+000  0.23581795E+001  0.38854506E+002
  0.57913790E+000  0.31481248E+000  0.23581963E+001  0.38854718E+002
  0.57913794E+000  0.31481252E+000  0.23582124E+001  0.38854929E+002
  0.57913797E+000  0.31481255E+000  0.23582278E+001  0.38855139E+002
  0.57913799E+000  0.31481256E+000  0.23582427E+001  0.38855348E+002
  0.57913799E+000  0.31481257E+000  0.23582570E+001  0.38855557E+002
  0.57913798E+000  0.31481258E+000  0.23582706E+001  0.38855764E+002
  0.57913795E+000  0.31481257E+000  0.23582838E+001  0.38855970E+002
  0.57913792E+000  0.31481256E+000  0.23582964E+001  0.38856176E+002
  0.57913787E+000  0.31481255E+000  0.23583084E+001  0.38856379E+002
  0.57913782E+000  0.31481253E+000  0.23583200E+001  0.38856582E+002
  0.57913776E+000  0.31481250E+000  0.23583310E+001  0.38856782E+002
  0.57913769E+000  0.31481247E+000  0.23583416E+001  0.38856982E+002
  0.57913761E+000  0.31481244E+000  0.23583518E+001  0.38857179E+002
  0.57913753E+000  0.31481240E+000  0.23583615E+001  0.38857375E+002
  0.57913745E+000  0.31481236E+000  0.23583708E+001  0.38857568E+002
  0.57913736E+000  0.31481232E+000  0.23583797E+001  0.38857760E+002
  0.57913727E+000  0.31481228E+000  0.23583882E+001  0.38857950E+002
  0.57913717E+000  0.31481223E+000  0.23583963E+001  0.38858137E+002
  0.57913708E+000  0.31481219E+000  0.23584041E+001  0.38858322E+002
  0.57913698E+000  0.31481214E+000  0.23584115E+001  0.38858505E+002
  0.57913688E+000  0.31481209E+000  0.23584186E+001  0.38858686E+002
  0.57913678E+000  0.31481204E+000  0.23584254E+001  0.38858864E+002
  0.57913667E+000  0.31481199E+000  0.23584318E+001  0.38859039E+002
  0.57913657E+000  0.31481194E+000  0.23584380E+001  0.38859212E+002
  0.57913647E+000  0.31481189E+000  0.23584439E+001  0.38859382E+002
  0.57913637E+000  0.31481184E+000  0.23584495E+001  0.38859550E+002
  0.57913627E+000  0.31481179E+000  0.23584549E+001  0.38859715E+002
  0.57913617E+000  0.31481174E+000  0.23584600E+001  0.38859877E+002
  0.57913607E+000  0.31481169E+000  0.23584649E+001  0.38860036E+002
  0.57913598E+000  0.31481164E+000  0.23584695E+001  0.38860193E+002
  0.57913588E+000  0.31481159E+000  0.23584740E+001  0.38860346E+002
  0.57913579E+000  0.31481154E+000  0.23584782E+001  0.38860497E+002
  0.57913569E+000  0.31481150E+000  0.23584822E+001  0.38860645E+002
  0.57913560E+000  0.31481145E+000  0.23584860E+001  0.38860790E+002
  0.57913551E+000  0.31481141E+000  0.23584897E+001  0.38860932E+002
  0.57913543E+000  0.31481136E+000  0.23584932E+001  0.38861071E+002
  0.57913534E+000  0.31481132E+000  0.23584965E+001  0.38861207E+002
  0.57913526E+000  0.31481127E+000  0.23584997E+001  0.38861340E+002
  0.57913518E+000  0.31481123E+000  0.23585027E+001  0.38861470E+002
  0.57913510E+000  0.31481119E+000  0.23585055E+001  0.38861597E+002
  0.57913503E+000  0.31481115E+000  0.23585083E+001  0.38861722E+002
