  0.49029285E-002  0.56976179E-001  0.10107474E+001  0.41008668E+002
  0.49029645E-002  0.56976997E-001  0.10107506E+001  0.41008705E+002
  0.49030022E-002  0.56977830E-001  0.10107537E+001  0.41008738E+002
  0.49030412E-002  0.56978641E-001  0.10107567E+001  0.41008770E+002
  0.49030804E-002  0.56979429E-001  0.10107597E+001  0.41008802E+002
  0.49031189E-002  0.56980199E-001  0.10107627E+001  0.41008835E+002
  0.49031562E-002  0.56980951E-001  0.10107656E+001  0.41008867E+002
  0.49031917E-002  0.56981680E-001  0.10107686E+001  0.41008900E+002
  0.49032255E-002  0.56982383E-001  0.10107716E+001  0.41008933E+002
  0.49032574E-002  0.56983057E-001  0.10107746E+001  0.41008966E+002
  0.49032875E-002  0.56983702E-001  0.10107776E+001  0.41009000E+002
  0.49033159E-002  0.56984319E-001  0.10107807E+001  0.41009034E+002
  0.49033427E-002  0.56984909E-001  0.10107839E+001  0.41009068E+002
  0.49033680E-002  0.56985477E-001  0.10107871E+001  0.41009103E+002
  0.49033921E-002  0.56986027E-001  0.10107903E+001  0.41009138E+002
  0.49034150E-002  0.56986563E-001  0.10107936E+001  0.41009173E+002
  0.49034369E-002  0.56987089E-001  0.10107970E+001  0.41009210E+002
  0.49034580E-002  0.56987609E-001  0.10108005E+001  0.41009246E+002
  0.49034782E-002  0.56988126E-001  0.10108039E+001  0.41009284E+002
  0.49034979E-002  0.56988645E-001  0.10108075E+001  0.41009322E+002
  0.49035170E-002  0.56989167E-001  0.10108111E+001  0.41009361E+002
  0.49035357E-002  0.56989695E-001  0.10108147E+001  0.41009400E+002
  0.49035541E-002  0.56990232E-001  0.10108184E+001  0.41009441E+002
  0.49035723E-002  0.56990780E-001  0.10108221E+001  0.41009482E+002
  0.49035904E-002  0.56991341E-001  0.10108259E+001  0.41009525E+002
  0.49036084E-002  0.56991915E-001  0.10108298E+001  0.41009569E+002
  0.49036264E-002  0.56992506E-001  0.10108337E+001  0.41009614E+002
  0.49036445E-002  0.56993115E-001  0.10108377E+001  0.41009660E+002
  0.49036627E-002  0.56993743E-001  0.10108418E+001  0.41009707E+002
  0.49036812E-002  0.56994391E-001  0.10108459E+001  0.41009756E+002
  0.49036999E-002  0.56995061E-001  0.10108501E+001  0.41009806E+002
  0.49037190E-002  0.56995755E-001  0.10108544E+001  0.41009858E+002
  0.49037384E-002  0.56996472E-001  0.10108588E+001  0.41009912E+002
  0.49037583E-002  0.56997215E-001  0.10108633E+001  0.41009967E+002
  0.49037786E-002  0.56997985E-001  0.10108679E+001  0.41010025E+002
  0.49037995E-002  0.56998782E-001  0.10108727E+001  0.41010084E+002
  0.49038209E-002  0.56999608E-001  0.10108776E+001  0.41010145E+002
  0.49038430E-002  0.57000463E-001  0.10108826E+001  0.41010208E+002
  0.49038657E-002  0.57001347E-001  0.10108877E+001  0.41010273E+002
  0.49038890E-002  0.57002261E-001  0.10108931E+001  0.41010340E+002
  0.49039131E-002  0.57003206E-001  0.10108986E+001  0.41010410E+002
  0.49039379E-002  0.57004182E-001  0.10109043E+001  0.41010482E+002
  0.49039634E-002  0.57005188E-001  0.10109101E+001  0.41010556E+002
  0.49039898E-002  0.57006225E-001  0.10109162E+001  0.41010633E+002
  0.49040168E-002  0.57007293E-001  0.10109225E+001  0.41010713E+002
  0.49040446E-002  0.57008391E-001  0.10109289E+001  0.41010795E+002
  0.49040731E-002  0.57009519E-001  0.10109356E+001  0.41010879E+002
  0.49041024E-002  0.57010676E-001  0.10109426E+001  0.41010967E+002
  0.49041322E-002  0.57011863E-001  0.10109498E+001  0.41011057E+002
  0.49041627E-002  0.57013077E-001  0.10109572E+001  0.41011150E+002
  0.49041937E-002  0.57014320E-001  0.10109648E+001  0.41011246E+002
  0.49042252E-002  0.57015591E-001  0.10109727E+001  0.41011345E+002
  0.49042571E-002  0.57016888E-001  0.10109809E+001  0.41011447E+002
  0.49042894E-002  0.57018212E-001  0.10109894E+001  0.41011552E+002
  0.49043220E-002  0.57019562E-001  0.10109981E+001  0.41011660E+002
  0.49043547E-002  0.57020938E-001  0.10110071E+001  0.41011772E+002
  0.49043877E-002  0.57022339E-001  0.10110163E+001  0.41011886E+002
  0.49044207E-002  0.57023765E-001  0.10110259E+001  0.41012004E+002
  0.49044537E-002  0.57025215E-001  0.10110358E+001  0.41012124E+002
  0.49044866E-002  0.57026688E-001  0.10110459E+001  0.41012248E+002
  0.49045194E-002  0.57028185E-001  0.10110564E+001  0.41012375E+002
  0.49045521E-002  0.57029705E-001  0.10110671E+001  0.41012506E+002
  0.49045845E-002  0.57031245E-001  0.10110782E+001  0.41012639E+002
  0.49046166E-002  0.57032807E-001  0.10110896E+001  0.41012776E+002
  0.49046483E-002  0.57034388E-001  0.10111014E+001  0.41012915E+002
  0.49046796E-002  0.57035987E-001  0.10111135E+001  0.41013058E+002
  0.49047105E-002  0.57037604E-001  0.10111259E+001  0.41013204E+002
  0.49047408E-002  0.57039236E-001  0.10111386E+001  0.41013353E+002
  0.49047704E-002  0.57040883E-001  0.10111517E+001  0.41013505E+002
  0.49047994E-002  0.57042541E-001  0.10111651E+001  0.41013659E+002
  0.49048277E-002  0.57044211E-001  0.10111789E+001  0.41013817E+002
  0.49048551E-002  0.57045889E-001  0.10111930E+001  0.41013977E+002
  0.49048817E-002  0.57047574E-001  0.10112075E+001  0.41014140E+002
  0.49049073E-002  0.57049264E-001  0.10112223E+001  0.41014306E+002
  0.49049319E-002  0.57050957E-001  0.10112375E+001  0.41014474E+002
  0.49049555E-002  0.57052650E-001  0.10112530E+001  0.41014645E+002
  0.49049779E-002  0.57054343E-001  0.10112688E+001  0.41014817E+002
  0.49049992E-002  0.57056031E-001  0.10112849E+001  0.41014993E+002
  0.49050192E-002  0.57057714E-001  0.10113013E+001  0.41015170E+002
  0.49050380E-002  0.57059389E-001  0.10113181E+001  0.41015349E+002
  0.49050554E-002  0.57061055E-001  0.10113351E+001  0.41015530E+002
  0.49050716E-002  0.57062709E-001  0.10113524E+001  0.41015714E+002
  0.49050863E-002  0.57064349E-001  0.10113699E+001  0.41015898E+002
  0.49050997E-002  0.57065974E-001  0.10113877E+001  0.41016085E+002
  0.49051117E-002  0.57067582E-001  0.10114058E+001  0.41016273E+002
  0.49051223E-002  0.57069171E-001  0.10114240E+001  0.41016463E+002
  0.49051316E-002  0.57070739E-001  0.10114425E+001  0.41016654E+002
  0.49051395E-002  0.57072286E-001  0.10114611E+001  0.41016846E+002
  0.49051460E-002  0.57073809E-001  0.10114799E+001  0.41017040E+002
  0.49051512E-002  0.57075307E-001  0.10114988E+001  0.41017235E+002
  0.49051552E-002  0.57076780E-001  0.10115179E+001  0.41017431E+002
  0.49051579E-002  0.57078226E-001  0.10115370E+001  0.41017628E+002
  0.49051594E-002  0.57079643E-001  0.10115562E+001  0.41017826E+002
  0.49051598E-002  0.57081032E-001  0.10115754E+001  0.41018025E+002
  0.49051591E-002  0.57082390E-001  0.10115947E+001  0.41018225E+002
  0.49051573E-002  0.57083719E-001  0.10116139E+001  0.41018426E+002
  0.49051546E-002  0.57085016E-001  0.10116332E+001  0.41018627E+002
  0.49051510E-002  0.57086281E-001  0.10116524E+001  0.41018829E+002
  0.49051465E-002  0.57087515E-001  0.10116715E+001  0.41019032E+002
  0.49051412E-002  0.57088715E-001  0.10116905E+001  0.41019236E+002
  0.49051352E-002  0.57089883E-001  0.10117094E+001  0.41019441E+002
  0.49051285E-002  0.57091019E-001  0.10117281E+001  0.41019646E+002
  0.49051212E-002  0.57092121E-001  0.10117467E+001  0.41019851E+002
  0.49051133E-002  0.57093189E-001  0.10117650E+001  0.41020058E+002
  0.49051050E-002  0.57094225E-001  0.10117832E+001  0.41020265E+002
  0.49050962E-002  0.57095228E-001  0.10118012E+001  0.41020473E+002
  0.49050870E-002  0.57096198E-001  0.10118188E+001  0.41020681E+002
  0.49050775E-002  0.57097136E-001  0.10118363E+001  0.41020890E+002
  0.49050678E-002  0.57098042E-001  0.10118534E+001  0.41021099E+002
  0.49050578E-002  0.57098915E-001  0.10118702E+001  0.41021310E+002
  0.49050476E-002  0.57099757E-001  0.10118867E+001  0.41021520E+002
  0.49050373E-002  0.57100569E-001  0.10119029E+001  0.41021732E+002
  0.49050269E-002  0.57101349E-001  0.10119187E+001  0.41021944E+002
  0.49050165E-002  0.57102100E-001  0.10119342E+001  0.41022157E+002
  0.49050060E-002  0.57102822E-001  0.10119493E+001  0.41022371E+002
  0.49049955E-002  0.57103514E-001  0.10119641E+001  0.41022585E+002
  0.49049851E-002  0.57104179E-001  0.10119784E+001  0.41022800E+002
  0.49049748E-002  0.57104816E-001  0.10119924E+001  0.41023016E+002
  0.49049645E-002  0.57105426E-001  0.10120060E+001  0.41023232E+002
  0.49049544E-002  0.57106011E-001  0.10120192E+001  0.41023449E+002
  0.49049445E-002  0.57106570E-001  0.10120320E+001  0.41023667E+002
  0.49049346E-002  0.57107104E-001  0.10120444E+001  0.41023886E+002
  0.49049250E-002  0.57107614E-001  0.10120564E+001  0.41024105E+002
  0.49049156E-002  0.57108101E-001  0.10120680E+001  0.41024325E+002
  0.49049063E-002  0.57108566E-001  0.10120792E+001  0.41024546E+002
  0.49048973E-002  0.57109009E-001  0.10120901E+001  0.41024768E+002
  0.49048885E-002  0.57109432E-001  0.10121005E+001  0.41024991E+002
  0.49048799E-002  0.57109834E-001  0.10121106E+001  0.41025214E+002
  0.49048716E-002  0.57110216E-001  0.10121203E+001  0.41025438E+002
  0.49048635E-002  0.57110580E-001  0.10121296E+001  0.41025663E+002
  0.49048557E-002  0.57110926E-001  0.10121385E+001  0.41025888E+002
  0.49048480E-002  0.57111254E-001  0.10121471E+001  0.41026114E+002
  0.49048407E-002  0.57111566E-001  0.10121554E+001  0.41026341E+002
  0.49048336E-002  0.57111861E-001  0.10121633E+001  0.41026569E+002
  0.49048267E-002  0.57112142E-001  0.10121708E+001  0.41026797E+002
  0.49048201E-002  0.57112407E-001  0.10121781E+001  0.41027026E+002
  0.49048137E-002  0.57112659E-001  0.10121850E+001  0.41027255E+002
  0.49048075E-002  0.57112897E-001  0.10121917E+001  0.41027485E+002
  0.49048016E-002  0.57113123E-001  0.10121980E+001  0.41027715E+002
  0.49047959E-002  0.57113336E-001  0.10122041E+001  0.41027946E+002
  0.49047904E-002  0.57113537E-001  0.10122098E+001  0.41028178E+002
  0.49047852E-002  0.57113728E-001  0.10122153E+001  0.41028409E+002
  0.49047801E-002  0.57113907E-001  0.10122206E+001  0.41028641E+002
  0.49047753E-002  0.57114077E-001  0.10122256E+001  0.41028874E+002
  0.49047707E-002  0.57114237E-001  0.10122303E+001  0.41029106E+002
  0.49047663E-002  0.57114388E-001  0.10122348E+001  0.41029339E+002
  0.49047620E-002  0.57114530E-001  0.10122392E+001  0.41029571E+002
  0.49047580E-002  0.57114664E-001  0.10122432E+001  0.41029804E+002
  0.49047541E-002  0.57114790E-001  0.10122471E+001  0.41030036E+002
  0.49047504E-002  0.57114909E-001  0.10122508E+001  0.41030269E+002
  0.49047469E-002  0.57115021E-001  0.10122543E+001  0.41030501E+002
  0.49047435E-002  0.57115126E-001  0.10122576E+001  0.41030733E+002
  0.49047403E-002  0.57115225E-001  0.10122608E+001  0.41030964E+002
  0.49047373E-002  0.57115318E-001  0.10122638E+001  0.41031195E+002
  0.49047343E-002  0.57115405E-001  0.10122666E+001  0.41031426E+002
  0.49047316E-002  0.57115488E-001  0.10122693E+001  0.41031655E+002
  0.49047289E-002  0.57115565E-001  0.10122718E+001  0.41031884E+002
  0.49047264E-002  0.57115637E-001  0.10122743E+001  0.41032112E+002
  0.49047240E-002  0.57115705E-001  0.10122765E+001  0.41032339E+002
  0.49047218E-002  0.57115768E-001  0.10122787E+001  0.41032565E+002
  0.49047196E-002  0.57115828E-001  0.10122807E+001  0.41032790E+002
  0.49047176E-002  0.57115884E-001  0.10122826E+001  0.41033014E+002
  0.49047156E-002  0.57115937E-001  0.10122845E+001  0.41033237E+002
  0.49047138E-002  0.57115986E-001  0.10122862E+001  0.41033458E+002
  0.49047120E-002  0.57116032E-001  0.10122878E+001  0.41033677E+002
  0.49047104E-002  0.57116075E-001  0.10122893E+001  0.41033895E+002
  0.49047088E-002  0.57116115E-001  0.10122908E+001  0.41034111E+002
  0.49047073E-002  0.57116153E-001  0.10122922E+001  0.41034325E+002
  0.49047059E-002  0.57116189E-001  0.10122935E+001  0.41034538E+002
  0.49047045E-002  0.57116222E-001  0.10122947E+001  0.41034748E+002
  0.49047033E-002  0.57116253E-001  0.10122958E+001  0.41034957E+002
  0.49047021E-002  0.57116282E-001  0.10122969E+001  0.41035163E+002
  0.49047009E-002  0.57116309E-001  0.10122979E+001  0.41035367E+002
  0.49046999E-002  0.57116334E-001  0.10122989E+001  0.41035569E+002
  0.49046988E-002  0.57116358E-001  0.10122998E+001  0.41035769E+002
  0.49046979E-002  0.57116380E-001  0.10123007E+001  0.41035966E+002
  0.49046970E-002  0.57116401E-001  0.10123015E+001  0.41036160E+002
  0.49046961E-002  0.57116420E-001  0.10123022E+001  0.41036353E+002
  0.49046953E-002  0.57116439E-001  0.10123030E+001  0.41036542E+002
  0.49046945E-002  0.57116455E-001  0.10123036E+001  0.41036729E+002
  0.49046938E-002  0.57116471E-001  0.10123043E+001  0.41036913E+002
  0.49046931E-002  0.57116486E-001  0.10123049E+001  0.41037094E+002
  0.49046924E-002  0.57116500E-001  0.10123054E+001  0.41037272E+002
  0.49046918E-002  0.57116513E-001  0.10123060E+001  0.41037448E+002
  0.49046912E-002  0.57116525E-001  0.10123065E+001  0.41037620E+002
  0.49046907E-002  0.57116536E-001  0.10123070E+001  0.41037790E+002
  0.49046902E-002  0.57116547E-001  0.10123074E+001  0.41037956E+002
  0.49046897E-002  0.57116557E-001  0.10123078E+001  0.41038120E+002
  0.49046892E-002  0.57116566E-001  0.10123082E+001  0.41038281E+002
  0.49046888E-002  0.57116574E-001  0.10123086E+001  0.41038438E+002
  0.49046884E-002  0.57116582E-001  0.10123089E+001  0.41038593E+002
  0.49046880E-002  0.57116590E-001  0.10123093E+001  0.41038744E+002
  0.49046876E-002  0.57116597E-001  0.10123096E+001  0.41038892E+002
  0.49046873E-002  0.57116603E-001  0.10123099E+001  0.41039037E+002
  0.49046870E-002  0.57116609E-001  0.10123101E+001  0.41039179E+002
  0.49046866E-002  0.57116615E-001  0.10123104E+001  0.41039318E+002
  0.49046864E-002  0.57116620E-001  0.10123107E+001  0.41039454E+002
  0.49046861E-002  0.57116625E-001  0.10123109E+001  0.41039587E+002
  0.49046858E-002  0.57116630E-001  0.10123111E+001  0.41039717E+002
  0.49046856E-002  0.57116635E-001  0.10123113E+001  0.41039844E+002
