  0.66067110E-001
  0.66069316E-001
  0.66070033E-001
  0.66070307E-001
  0.66070436E-001
  0.66070516E-001
  0.66070578E-001
  0.66070634E-001
  0.66070688E-001
  0.66070741E-001
  0.66070794E-001
  0.66070847E-001
  0.66070902E-001
  0.66070957E-001
  0.66071013E-001
  0.66071070E-001
  0.66071129E-001
  0.66071189E-001
  0.66071250E-001
  0.66071313E-001
  0.66071378E-001
  0.66071444E-001
  0.66071512E-001
  0.66071582E-001
  0.66071654E-001
  0.66071728E-001
  0.66071805E-001
  0.66071883E-001
  0.66071965E-001
  0.66072049E-001
  0.66072135E-001
  0.66072225E-001
  0.66072318E-001
  0.66072415E-001
  0.66072515E-001
  0.66072618E-001
  0.66072726E-001
  0.66072837E-001
  0.66072953E-001
  0.66073073E-001
  0.66073198E-001
  0.66073328E-001
  0.66073462E-001
  0.66073602E-001
  0.66073747E-001
  0.66073897E-001
  0.66074053E-001
  0.66074215E-001
  0.66074383E-001
  0.66074556E-001
  0.66074736E-001
  0.66074922E-001
  0.66075114E-001
  0.66075313E-001
  0.66075518E-001
  0.66075730E-001
  0.66075949E-001
  0.66076174E-001
  0.66076406E-001
  0.66076645E-001
  0.66076891E-001
  0.66077143E-001
  0.66077402E-001
  0.66077668E-001
  0.66077941E-001
  0.66078220E-001
  0.66078506E-001
  0.66078798E-001
  0.66079097E-001
  0.66079402E-001
  0.66079713E-001
  0.66080030E-001
  0.66080353E-001
  0.66080681E-001
  0.66081015E-001
  0.66081353E-001
  0.66081697E-001
  0.66082046E-001
  0.66082399E-001
  0.66082756E-001
  0.66083117E-001
  0.66083482E-001
  0.66083850E-001
  0.66084221E-001
  0.66084595E-001
  0.66084972E-001
  0.66085351E-001
  0.66085732E-001
  0.66086115E-001
  0.66086499E-001
  0.66086885E-001
  0.66087272E-001
  0.66087660E-001
  0.66088048E-001
  0.66088437E-001
  0.66088826E-001
  0.66089215E-001
  0.66089605E-001
  0.66089994E-001
  0.66090383E-001
  0.66090772E-001
  0.66091160E-001
  0.66091547E-001
  0.66091934E-001
  0.66092321E-001
  0.66092706E-001
  0.66093091E-001
  0.66093475E-001
  0.66093858E-001
  0.66094241E-001
  0.66094622E-001
  0.66095003E-001
  0.66095383E-001
  0.66095762E-001
  0.66096140E-001
  0.66096518E-001
  0.66096895E-001
  0.66097271E-001
  0.66097647E-001
  0.66098021E-001
  0.66098396E-001
  0.66098770E-001
  0.66099143E-001
  0.66099516E-001
  0.66099888E-001
  0.66100261E-001
  0.66100633E-001
  0.66101004E-001
  0.66101376E-001
  0.66101747E-001
  0.66102118E-001
  0.66102490E-001
  0.66102861E-001
  0.66103232E-001
  0.66103603E-001
  0.66103974E-001
  0.66104345E-001
  0.66104716E-001
  0.66105088E-001
  0.66105459E-001
  0.66105830E-001
  0.66106202E-001
  0.66106573E-001
  0.66106944E-001
  0.66107315E-001
  0.66107686E-001
  0.66108057E-001
  0.66108428E-001
  0.66108798E-001
  0.66109168E-001
  0.66109538E-001
  0.66109907E-001
  0.66110275E-001
  0.66110643E-001
  0.66111009E-001
  0.66111375E-001
  0.66111740E-001
  0.66112104E-001
  0.66112467E-001
  0.66112828E-001
  0.66113187E-001
  0.66113545E-001
  0.66113902E-001
  0.66114256E-001
  0.66114608E-001
  0.66114959E-001
  0.66115306E-001
  0.66115652E-001
  0.66115995E-001
  0.66116335E-001
  0.66116672E-001
  0.66117007E-001
  0.66117338E-001
  0.66117666E-001
  0.66117990E-001
  0.66118312E-001
  0.66118629E-001
  0.66118943E-001
  0.66119253E-001
  0.66119559E-001
  0.66119862E-001
  0.66120160E-001
  0.66120453E-001
  0.66120743E-001
  0.66121028E-001
  0.66121309E-001
  0.66121585E-001
  0.66121857E-001
  0.66122124E-001
  0.66122386E-001
  0.66122644E-001
  0.66122897E-001
  0.66123145E-001
  0.66123388E-001
  0.66123627E-001
  0.66123860E-001
  0.66124089E-001
  0.66124313E-001
  0.66124532E-001
  0.66124746E-001
