  0.42099906E+000
  0.42100103E+000
  0.42100376E+000
  0.42100662E+000
  0.42100943E+000
  0.42101210E+000
  0.42101464E+000
  0.42101702E+000
  0.42101926E+000
  0.42102136E+000
  0.42102332E+000
  0.42102515E+000
  0.42102685E+000
  0.42102844E+000
  0.42102992E+000
  0.42103128E+000
  0.42103255E+000
  0.42103373E+000
  0.42103481E+000
  0.42103580E+000
  0.42103671E+000
  0.42103755E+000
  0.42103831E+000
  0.42103899E+000
  0.42103961E+000
  0.42104016E+000
  0.42104064E+000
  0.42104106E+000
  0.42104143E+000
  0.42104173E+000
  0.42104198E+000
  0.42104218E+000
  0.42104232E+000
  0.42104242E+000
  0.42104246E+000
  0.42104247E+000
  0.42104243E+000
  0.42104235E+000
  0.42104223E+000
  0.42104208E+000
  0.42104190E+000
  0.42104169E+000
  0.42104145E+000
  0.42104118E+000
  0.42104089E+000
  0.42104059E+000
  0.42104026E+000
  0.42103992E+000
  0.42103957E+000
  0.42103920E+000
  0.42103883E+000
  0.42103844E+000
  0.42103805E+000
  0.42103766E+000
  0.42103726E+000
  0.42103686E+000
  0.42103645E+000
  0.42103604E+000
  0.42103563E+000
  0.42103522E+000
  0.42103480E+000
  0.42103439E+000
  0.42103397E+000
  0.42103355E+000
  0.42103312E+000
  0.42103269E+000
  0.42103226E+000
  0.42103183E+000
  0.42103139E+000
  0.42103095E+000
  0.42103050E+000
  0.42103005E+000
  0.42102960E+000
  0.42102914E+000
  0.42102867E+000
  0.42102821E+000
  0.42102774E+000
  0.42102726E+000
  0.42102678E+000
  0.42102630E+000
  0.42102582E+000
  0.42102534E+000
  0.42102485E+000
  0.42102436E+000
  0.42102387E+000
  0.42102339E+000
  0.42102290E+000
  0.42102241E+000
  0.42102192E+000
  0.42102144E+000
  0.42102095E+000
  0.42102047E+000
  0.42101999E+000
  0.42101951E+000
  0.42101904E+000
  0.42101857E+000
  0.42101810E+000
  0.42101764E+000
  0.42101718E+000
  0.42101672E+000
  0.42101627E+000
  0.42101582E+000
  0.42101538E+000
  0.42101494E+000
  0.42101451E+000
  0.42101408E+000
  0.42101366E+000
  0.42101324E+000
  0.42101283E+000
  0.42101243E+000
  0.42101203E+000
  0.42101164E+000
  0.42101125E+000
  0.42101087E+000
  0.42101050E+000
  0.42101013E+000
  0.42100977E+000
  0.42100941E+000
  0.42100907E+000
  0.42100873E+000
  0.42100839E+000
  0.42100806E+000
  0.42100774E+000
  0.42100743E+000
  0.42100713E+000
  0.42100683E+000
  0.42100654E+000
  0.42100625E+000
  0.42100597E+000
  0.42100570E+000
  0.42100544E+000
  0.42100519E+000
  0.42100494E+000
  0.42100470E+000
  0.42100446E+000
  0.42100423E+000
  0.42100401E+000
  0.42100380E+000
  0.42100359E+000
  0.42100339E+000
  0.42100320E+000
  0.42100301E+000
  0.42100283E+000
  0.42100266E+000
  0.42100249E+000
  0.42100232E+000
  0.42100217E+000
  0.42100202E+000
  0.42100187E+000
  0.42100173E+000
  0.42100160E+000
  0.42100147E+000
  0.42100135E+000
  0.42100123E+000
  0.42100111E+000
  0.42100100E+000
  0.42100090E+000
  0.42100080E+000
  0.42100070E+000
  0.42100061E+000
  0.42100052E+000
  0.42100044E+000
  0.42100036E+000
  0.42100028E+000
  0.42100021E+000
  0.42100014E+000
  0.42100008E+000
  0.42100001E+000
  0.42099996E+000
  0.42099990E+000
  0.42099985E+000
  0.42099979E+000
  0.42099975E+000
  0.42099970E+000
  0.42099966E+000
  0.42099962E+000
  0.42099958E+000
  0.42099954E+000
  0.42099951E+000
  0.42099947E+000
  0.42099944E+000
  0.42099941E+000
  0.42099938E+000
  0.42099936E+000
  0.42099933E+000
  0.42099931E+000
  0.42099929E+000
  0.42099927E+000
  0.42099925E+000
  0.42099923E+000
  0.42099922E+000
  0.42099920E+000
  0.42099919E+000
  0.42099917E+000
  0.42099916E+000
  0.42099915E+000
  0.42099914E+000
  0.42099913E+000
  0.42099912E+000
  0.42099911E+000
