 -0.51990914E-001  0.47410905E-002  0.44201656E+000  0.12892296E+001
 -0.51991356E-001  0.47411012E-002  0.44201810E+000  0.12892365E+001
 -0.51991743E-001  0.47411185E-002  0.44201962E+000  0.12892462E+001
 -0.51992072E-001  0.47411296E-002  0.44202107E+000  0.12892565E+001
 -0.51992350E-001  0.47411258E-002  0.44202241E+000  0.12892667E+001
 -0.51992583E-001  0.47411012E-002  0.44202366E+000  0.12892764E+001
 -0.51992776E-001  0.47410559E-002  0.44202482E+000  0.12892856E+001
 -0.51992936E-001  0.47409944E-002  0.44202587E+000  0.12892943E+001
 -0.51993068E-001  0.47409236E-002  0.44202680E+000  0.12893025E+001
 -0.51993177E-001  0.47408497E-002  0.44202762E+000  0.12893103E+001
 -0.51993265E-001  0.47407777E-002  0.44202832E+000  0.12893176E+001
 -0.51993336E-001  0.47407109E-002  0.44202890E+000  0.12893245E+001
 -0.51993392E-001  0.47406509E-002  0.44202936E+000  0.12893309E+001
 -0.51993437E-001  0.47405984E-002  0.44202971E+000  0.12893370E+001
 -0.51993471E-001  0.47405531E-002  0.44202995E+000  0.12893428E+001
 -0.51993496E-001  0.47405141E-002  0.44203009E+000  0.12893482E+001
 -0.51993514E-001  0.47404803E-002  0.44203012E+000  0.12893533E+001
 -0.51993525E-001  0.47404506E-002  0.44203007E+000  0.12893581E+001
 -0.51993531E-001  0.47404238E-002  0.44202994E+000  0.12893626E+001
 -0.51993532E-001  0.47403988E-002  0.44202973E+000  0.12893668E+001
 -0.51993529E-001  0.47403749E-002  0.44202946E+000  0.12893707E+001
 -0.51993522E-001  0.47403514E-002  0.44202913E+000  0.12893744E+001
 -0.51993513E-001  0.47403275E-002  0.44202875E+000  0.12893778E+001
 -0.51993500E-001  0.47403030E-002  0.44202832E+000  0.12893810E+001
 -0.51993486E-001  0.47402774E-002  0.44202785E+000  0.12893839E+001
 -0.51993470E-001  0.47402506E-002  0.44202734E+000  0.12893867E+001
 -0.51993452E-001  0.47402223E-002  0.44202681E+000  0.12893891E+001
 -0.51993432E-001  0.47401926E-002  0.44202626E+000  0.12893914E+001
 -0.51993411E-001  0.47401612E-002  0.44202568E+000  0.12893934E+001
 -0.51993388E-001  0.47401284E-002  0.44202509E+000  0.12893953E+001
 -0.51993364E-001  0.47400939E-002  0.44202448E+000  0.12893969E+001
 -0.51993339E-001  0.47400580E-002  0.44202387E+000  0.12893983E+001
 -0.51993312E-001  0.47400206E-002  0.44202324E+000  0.12893995E+001
 -0.51993285E-001  0.47399820E-002  0.44202260E+000  0.12894005E+001
 -0.51993255E-001  0.47399420E-002  0.44202196E+000  0.12894014E+001
 -0.51993225E-001  0.47399010E-002  0.44202131E+000  0.12894020E+001
 -0.51993193E-001  0.47398590E-002  0.44202065E+000  0.12894026E+001
 -0.51993160E-001  0.47398161E-002  0.44201999E+000  0.12894029E+001
 -0.51993126E-001  0.47397726E-002  0.44201932E+000  0.12894031E+001
 -0.51993090E-001  0.47397285E-002  0.44201865E+000  0.12894032E+001
 -0.51993052E-001  0.47396839E-002  0.44201797E+000  0.12894032E+001
 -0.51993013E-001  0.47396391E-002  0.44201729E+000  0.12894030E+001
 -0.51992972E-001  0.47395940E-002  0.44201661E+000  0.12894027E+001
 -0.51992929E-001  0.47395489E-002  0.44201593E+000  0.12894023E+001
 -0.51992884E-001  0.47395037E-002  0.44201524E+000  0.12894019E+001
 -0.51992837E-001  0.47394584E-002  0.44201455E+000  0.12894013E+001
 -0.51992789E-001  0.47394132E-002  0.44201387E+000  0.12894007E+001
 -0.51992738E-001  0.47393680E-002  0.44201318E+000  0.12894000E+001
 -0.51992684E-001  0.47393227E-002  0.44201249E+000  0.12893993E+001
 -0.51992628E-001  0.47392774E-002  0.44201180E+000  0.12893985E+001
 -0.51992570E-001  0.47392319E-002  0.44201111E+000  0.12893977E+001
 -0.51992509E-001  0.47391862E-002  0.44201042E+000  0.12893968E+001
 -0.51992446E-001  0.47391402E-002  0.44200973E+000  0.12893959E+001
 -0.51992379E-001  0.47390938E-002  0.44200904E+000  0.12893950E+001
 -0.51992310E-001  0.47390471E-002  0.44200835E+000  0.12893941E+001
 -0.51992238E-001  0.47389998E-002  0.44200765E+000  0.12893932E+001
 -0.51992163E-001  0.47389520E-002  0.44200695E+000  0.12893922E+001
 -0.51992084E-001  0.47389036E-002  0.44200624E+000  0.12893913E+001
 -0.51992003E-001  0.47388546E-002  0.44200552E+000  0.12893903E+001
 -0.51991919E-001  0.47388050E-002  0.44200479E+000  0.12893894E+001
 -0.51991831E-001  0.47387548E-002  0.44200405E+000  0.12893884E+001
 -0.51991740E-001  0.47387040E-002  0.44200330E+000  0.12893874E+001
 -0.51991646E-001  0.47386526E-002  0.44200254E+000  0.12893865E+001
 -0.51991549E-001  0.47386007E-002  0.44200176E+000  0.12893855E+001
 -0.51991449E-001  0.47385482E-002  0.44200097E+000  0.12893846E+001
 -0.51991345E-001  0.47384953E-002  0.44200017E+000  0.12893836E+001
 -0.51991238E-001  0.47384420E-002  0.44199934E+000  0.12893827E+001
 -0.51991127E-001  0.47383883E-002  0.44199850E+000  0.12893817E+001
 -0.51991014E-001  0.47383343E-002  0.44199763E+000  0.12893808E+001
 -0.51990897E-001  0.47382801E-002  0.44199675E+000  0.12893798E+001
 -0.51990778E-001  0.47382257E-002  0.44199585E+000  0.12893789E+001
 -0.51990655E-001  0.47381712E-002  0.44199493E+000  0.12893779E+001
 -0.51990529E-001  0.47381167E-002  0.44199398E+000  0.12893770E+001
 -0.51990400E-001  0.47380623E-002  0.44199302E+000  0.12893760E+001
 -0.51990269E-001  0.47380080E-002  0.44199204E+000  0.12893751E+001
 -0.51990134E-001  0.47379540E-002  0.44199103E+000  0.12893741E+001
 -0.51989997E-001  0.47379002E-002  0.44199001E+000  0.12893732E+001
 -0.51989857E-001  0.47378469E-002  0.44198896E+000  0.12893723E+001
 -0.51989715E-001  0.47377940E-002  0.44198790E+000  0.12893713E+001
 -0.51989571E-001  0.47377417E-002  0.44198681E+000  0.12893704E+001
 -0.51989425E-001  0.47376900E-002  0.44198571E+000  0.12893695E+001
 -0.51989277E-001  0.47376391E-002  0.44198459E+000  0.12893686E+001
 -0.51989127E-001  0.47375890E-002  0.44198345E+000  0.12893676E+001
 -0.51988975E-001  0.47375398E-002  0.44198230E+000  0.12893667E+001
 -0.51988823E-001  0.47374916E-002  0.44198114E+000  0.12893658E+001
 -0.51988669E-001  0.47374444E-002  0.44197996E+000  0.12893650E+001
 -0.51988514E-001  0.47373983E-002  0.44197877E+000  0.12893641E+001
 -0.51988358E-001  0.47373534E-002  0.44197757E+000  0.12893632E+001
 -0.51988202E-001  0.47373098E-002  0.44197637E+000  0.12893624E+001
 -0.51988046E-001  0.47372673E-002  0.44197515E+000  0.12893615E+001
 -0.51987890E-001  0.47372262E-002  0.44197393E+000  0.12893607E+001
 -0.51987734E-001  0.47371865E-002  0.44197271E+000  0.12893599E+001
 -0.51987579E-001  0.47371481E-002  0.44197148E+000  0.12893591E+001
 -0.51987424E-001  0.47371111E-002  0.44197025E+000  0.12893583E+001
 -0.51987271E-001  0.47370755E-002  0.44196903E+000  0.12893575E+001
 -0.51987118E-001  0.47370413E-002  0.44196781E+000  0.12893567E+001
 -0.51986967E-001  0.47370086E-002  0.44196659E+000  0.12893559E+001
 -0.51986817E-001  0.47369772E-002  0.44196538E+000  0.12893552E+001
 -0.51986669E-001  0.47369473E-002  0.44196418E+000  0.12893544E+001
 -0.51986523E-001  0.47369187E-002  0.44196298E+000  0.12893537E+001
 -0.51986379E-001  0.47368915E-002  0.44196180E+000  0.12893529E+001
 -0.51986237E-001  0.47368657E-002  0.44196063E+000  0.12893522E+001
 -0.51986098E-001  0.47368412E-002  0.44195948E+000  0.12893515E+001
 -0.51985961E-001  0.47368179E-002  0.44195834E+000  0.12893507E+001
 -0.51985827E-001  0.47367960E-002  0.44195721E+000  0.12893500E+001
 -0.51985695E-001  0.47367752E-002  0.44195611E+000  0.12893493E+001
 -0.51985567E-001  0.47367557E-002  0.44195502E+000  0.12893486E+001
 -0.51985441E-001  0.47367373E-002  0.44195396E+000  0.12893479E+001
 -0.51985318E-001  0.47367199E-002  0.44195291E+000  0.12893472E+001
 -0.51985199E-001  0.47367037E-002  0.44195189E+000  0.12893465E+001
 -0.51985083E-001  0.47366885E-002  0.44195089E+000  0.12893458E+001
 -0.51984970E-001  0.47366742E-002  0.44194991E+000  0.12893451E+001
 -0.51984860E-001  0.47366609E-002  0.44194896E+000  0.12893444E+001
 -0.51984753E-001  0.47366485E-002  0.44194803E+000  0.12893437E+001
 -0.51984650E-001  0.47366369E-002  0.44194713E+000  0.12893430E+001
 -0.51984550E-001  0.47366262E-002  0.44194626E+000  0.12893423E+001
 -0.51984453E-001  0.47366162E-002  0.44194540E+000  0.12893417E+001
 -0.51984359E-001  0.47366069E-002  0.44194458E+000  0.12893410E+001
 -0.51984269E-001  0.47365983E-002  0.44194378E+000  0.12893403E+001
 -0.51984182E-001  0.47365904E-002  0.44194301E+000  0.12893396E+001
 -0.51984098E-001  0.47365830E-002  0.44194226E+000  0.12893390E+001
 -0.51984017E-001  0.47365763E-002  0.44194154E+000  0.12893383E+001
 -0.51983939E-001  0.47365701E-002  0.44194084E+000  0.12893377E+001
 -0.51983864E-001  0.47365643E-002  0.44194017E+000  0.12893370E+001
 -0.51983792E-001  0.47365591E-002  0.44193952E+000  0.12893364E+001
 -0.51983723E-001  0.47365543E-002  0.44193890E+000  0.12893357E+001
 -0.51983657E-001  0.47365499E-002  0.44193831E+000  0.12893351E+001
 -0.51983594E-001  0.47365459E-002  0.44193773E+000  0.12893345E+001
 -0.51983533E-001  0.47365423E-002  0.44193718E+000  0.12893339E+001
 -0.51983475E-001  0.47365390E-002  0.44193666E+000  0.12893333E+001
 -0.51983419E-001  0.47365360E-002  0.44193615E+000  0.12893327E+001
 -0.51983366E-001  0.47365333E-002  0.44193567E+000  0.12893321E+001
 -0.51983316E-001  0.47365308E-002  0.44193521E+000  0.12893315E+001
 -0.51983267E-001  0.47365286E-002  0.44193477E+000  0.12893309E+001
 -0.51983221E-001  0.47365266E-002  0.44193434E+000  0.12893304E+001
 -0.51983177E-001  0.47365249E-002  0.44193394E+000  0.12893298E+001
 -0.51983135E-001  0.47365233E-002  0.44193356E+000  0.12893293E+001
 -0.51983096E-001  0.47365219E-002  0.44193319E+000  0.12893287E+001
 -0.51983058E-001  0.47365207E-002  0.44193285E+000  0.12893282E+001
 -0.51983022E-001  0.47365196E-002  0.44193252E+000  0.12893277E+001
 -0.51982988E-001  0.47365187E-002  0.44193220E+000  0.12893272E+001
 -0.51982955E-001  0.47365179E-002  0.44193190E+000  0.12893267E+001
 -0.51982924E-001  0.47365172E-002  0.44193162E+000  0.12893263E+001
 -0.51982895E-001  0.47365166E-002  0.44193135E+000  0.12893258E+001
 -0.51982867E-001  0.47365162E-002  0.44193109E+000  0.12893254E+001
 -0.51982841E-001  0.47365158E-002  0.44193085E+000  0.12893249E+001
 -0.51982816E-001  0.47365154E-002  0.44193062E+000  0.12893245E+001
 -0.51982792E-001  0.47365152E-002  0.44193040E+000  0.12893241E+001
 -0.51982770E-001  0.47365150E-002  0.44193019E+000  0.12893237E+001
 -0.51982749E-001  0.47365149E-002  0.44193000E+000  0.12893233E+001
 -0.51982729E-001  0.47365148E-002  0.44192981E+000  0.12893230E+001
 -0.51982710E-001  0.47365148E-002  0.44192964E+000  0.12893226E+001
 -0.51982692E-001  0.47365148E-002  0.44192947E+000  0.12893222E+001
 -0.51982675E-001  0.47365149E-002  0.44192931E+000  0.12893219E+001
 -0.51982659E-001  0.47365149E-002  0.44192917E+000  0.12893216E+001
 -0.51982644E-001  0.47365151E-002  0.44192903E+000  0.12893213E+001
 -0.51982630E-001  0.47365152E-002  0.44192890E+000  0.12893210E+001
 -0.51982617E-001  0.47365154E-002  0.44192877E+000  0.12893207E+001
 -0.51982604E-001  0.47365156E-002  0.44192865E+000  0.12893204E+001
 -0.51982592E-001  0.47365157E-002  0.44192854E+000  0.12893201E+001
 -0.51982581E-001  0.47365160E-002  0.44192844E+000  0.12893199E+001
 -0.51982570E-001  0.47365162E-002  0.44192834E+000  0.12893196E+001
 -0.51982560E-001  0.47365164E-002  0.44192825E+000  0.12893194E+001
 -0.51982551E-001  0.47365166E-002  0.44192816E+000  0.12893192E+001
 -0.51982542E-001  0.47365169E-002  0.44192808E+000  0.12893190E+001
 -0.51982534E-001  0.47365171E-002  0.44192800E+000  0.12893187E+001
 -0.51982526E-001  0.47365174E-002  0.44192793E+000  0.12893185E+001
 -0.51982519E-001  0.47365176E-002  0.44192786E+000  0.12893184E+001
 -0.51982512E-001  0.47365179E-002  0.44192779E+000  0.12893182E+001
 -0.51982505E-001  0.47365181E-002  0.44192773E+000  0.12893180E+001
 -0.51982499E-001  0.47365184E-002  0.44192768E+000  0.12893178E+001
 -0.51982493E-001  0.47365186E-002  0.44192762E+000  0.12893177E+001
 -0.51982488E-001  0.47365189E-002  0.44192757E+000  0.12893175E+001
 -0.51982483E-001  0.47365191E-002  0.44192752E+000  0.12893174E+001
 -0.51982478E-001  0.47365194E-002  0.44192748E+000  0.12893173E+001
 -0.51982474E-001  0.47365196E-002  0.44192744E+000  0.12893171E+001
 -0.51982469E-001  0.47365198E-002  0.44192740E+000  0.12893170E+001
 -0.51982465E-001  0.47365200E-002  0.44192736E+000  0.12893169E+001
 -0.51982462E-001  0.47365203E-002  0.44192733E+000  0.12893168E+001
 -0.51982458E-001  0.47365205E-002  0.44192729E+000  0.12893167E+001
 -0.51982455E-001  0.47365207E-002  0.44192726E+000  0.12893166E+001
 -0.51982452E-001  0.47365209E-002  0.44192723E+000  0.12893165E+001
 -0.51982449E-001  0.47365211E-002  0.44192721E+000  0.12893164E+001
 -0.51982446E-001  0.47365212E-002  0.44192718E+000  0.12893163E+001
 -0.51982444E-001  0.47365214E-002  0.44192716E+000  0.12893163E+001
 -0.51982441E-001  0.47365216E-002  0.44192714E+000  0.12893162E+001
 -0.51982439E-001  0.47365218E-002  0.44192712E+000  0.12893161E+001
 -0.51982437E-001  0.47365219E-002  0.44192710E+000  0.12893161E+001
 -0.51982435E-001  0.47365221E-002  0.44192708E+000  0.12893160E+001
 -0.51982433E-001  0.47365222E-002  0.44192706E+000  0.12893159E+001
 -0.51982431E-001  0.47365224E-002  0.44192704E+000  0.12893159E+001
 -0.51982430E-001  0.47365225E-002  0.44192703E+000  0.12893158E+001
 -0.51982428E-001  0.47365227E-002  0.44192701E+000  0.12893158E+001
 -0.51982427E-001  0.47365228E-002  0.44192700E+000  0.12893158E+001
 -0.51982425E-001  0.47365229E-002  0.44192699E+000  0.12893157E+001
 -0.51982424E-001  0.47365230E-002  0.44192698E+000  0.12893157E+001
 -0.51982423E-001  0.47365231E-002  0.44192696E+000  0.12893156E+001
 -0.51982422E-001  0.47365232E-002  0.44192695E+000  0.12893156E+001
 -0.51982421E-001  0.47365234E-002  0.44192694E+000  0.12893156E+001
 -0.51982420E-001  0.47365234E-002  0.44192693E+000  0.12893156E+001
