 -0.16986735E-001
 -0.16987021E-001
 -0.16987267E-001
 -0.16987476E-001
 -0.16987653E-001
 -0.16987801E-001
 -0.16987925E-001
 -0.16988028E-001
 -0.16988113E-001
 -0.16988184E-001
 -0.16988242E-001
 -0.16988290E-001
 -0.16988330E-001
 -0.16988361E-001
 -0.16988387E-001
 -0.16988408E-001
 -0.16988424E-001
 -0.16988437E-001
 -0.16988447E-001
 -0.16988454E-001
 -0.16988459E-001
 -0.16988463E-001
 -0.16988465E-001
 -0.16988466E-001
 -0.16988466E-001
 -0.16988466E-001
 -0.16988465E-001
 -0.16988463E-001
 -0.16988461E-001
 -0.16988458E-001
 -0.16988456E-001
 -0.16988453E-001
 -0.16988450E-001
 -0.16988447E-001
 -0.16988443E-001
 -0.16988440E-001
 -0.16988437E-001
 -0.16988433E-001
 -0.16988430E-001
 -0.16988426E-001
 -0.16988423E-001
 -0.16988419E-001
 -0.16988415E-001
 -0.16988411E-001
 -0.16988408E-001
 -0.16988403E-001
 -0.16988399E-001
 -0.16988395E-001
 -0.16988390E-001
 -0.16988386E-001
 -0.16988381E-001
 -0.16988375E-001
 -0.16988370E-001
 -0.16988364E-001
 -0.16988358E-001
 -0.16988351E-001
 -0.16988345E-001
 -0.16988337E-001
 -0.16988330E-001
 -0.16988321E-001
 -0.16988313E-001
 -0.16988304E-001
 -0.16988294E-001
 -0.16988285E-001
 -0.16988274E-001
 -0.16988263E-001
 -0.16988252E-001
 -0.16988240E-001
 -0.16988228E-001
 -0.16988215E-001
 -0.16988202E-001
 -0.16988188E-001
 -0.16988174E-001
 -0.16988160E-001
 -0.16988145E-001
 -0.16988129E-001
 -0.16988113E-001
 -0.16988097E-001
 -0.16988080E-001
 -0.16988063E-001
 -0.16988046E-001
 -0.16988028E-001
 -0.16988010E-001
 -0.16987991E-001
 -0.16987973E-001
 -0.16987954E-001
 -0.16987934E-001
 -0.16987915E-001
 -0.16987895E-001
 -0.16987875E-001
 -0.16987854E-001
 -0.16987834E-001
 -0.16987813E-001
 -0.16987792E-001
 -0.16987771E-001
 -0.16987750E-001
 -0.16987729E-001
 -0.16987707E-001
 -0.16987686E-001
 -0.16987665E-001
 -0.16987643E-001
 -0.16987622E-001
 -0.16987601E-001
 -0.16987579E-001
 -0.16987558E-001
 -0.16987537E-001
 -0.16987516E-001
 -0.16987495E-001
 -0.16987474E-001
 -0.16987453E-001
 -0.16987433E-001
 -0.16987413E-001
 -0.16987393E-001
 -0.16987373E-001
 -0.16987353E-001
 -0.16987334E-001
 -0.16987315E-001
 -0.16987296E-001
 -0.16987278E-001
 -0.16987260E-001
 -0.16987242E-001
 -0.16987225E-001
 -0.16987208E-001
 -0.16987191E-001
 -0.16987175E-001
 -0.16987159E-001
 -0.16987143E-001
 -0.16987128E-001
 -0.16987113E-001
 -0.16987099E-001
 -0.16987085E-001
 -0.16987071E-001
 -0.16987058E-001
 -0.16987045E-001
 -0.16987033E-001
 -0.16987020E-001
 -0.16987009E-001
 -0.16986997E-001
 -0.16986986E-001
 -0.16986976E-001
 -0.16986966E-001
 -0.16986956E-001
 -0.16986946E-001
 -0.16986937E-001
 -0.16986928E-001
 -0.16986919E-001
 -0.16986911E-001
 -0.16986903E-001
 -0.16986896E-001
 -0.16986888E-001
 -0.16986881E-001
 -0.16986875E-001
 -0.16986868E-001
 -0.16986862E-001
 -0.16986856E-001
 -0.16986850E-001
 -0.16986845E-001
 -0.16986840E-001
 -0.16986835E-001
 -0.16986830E-001
 -0.16986825E-001
 -0.16986821E-001
 -0.16986817E-001
 -0.16986813E-001
 -0.16986809E-001
 -0.16986806E-001
 -0.16986802E-001
 -0.16986799E-001
 -0.16986796E-001
 -0.16986793E-001
 -0.16986790E-001
 -0.16986787E-001
 -0.16986784E-001
 -0.16986782E-001
 -0.16986780E-001
 -0.16986777E-001
 -0.16986775E-001
 -0.16986773E-001
 -0.16986771E-001
 -0.16986769E-001
 -0.16986768E-001
 -0.16986766E-001
 -0.16986764E-001
 -0.16986763E-001
 -0.16986762E-001
 -0.16986760E-001
 -0.16986759E-001
 -0.16986758E-001
 -0.16986757E-001
 -0.16986755E-001
 -0.16986754E-001
 -0.16986753E-001
 -0.16986753E-001
 -0.16986752E-001
 -0.16986751E-001
 -0.16986750E-001
 -0.16986749E-001
 -0.16986748E-001
 -0.16986748E-001
 -0.16986747E-001
