  0.43798579E+000
  0.43798806E+000
  0.43799103E+000
  0.43799410E+000
  0.43799708E+000
  0.43799991E+000
  0.43800256E+000
  0.43800505E+000
  0.43800737E+000
  0.43800954E+000
  0.43801156E+000
  0.43801344E+000
  0.43801518E+000
  0.43801680E+000
  0.43801830E+000
  0.43801969E+000
  0.43802098E+000
  0.43802216E+000
  0.43802325E+000
  0.43802426E+000
  0.43802517E+000
  0.43802601E+000
  0.43802677E+000
  0.43802746E+000
  0.43802807E+000
  0.43802862E+000
  0.43802911E+000
  0.43802953E+000
  0.43802989E+000
  0.43803019E+000
  0.43803044E+000
  0.43803063E+000
  0.43803077E+000
  0.43803086E+000
  0.43803091E+000
  0.43803091E+000
  0.43803087E+000
  0.43803078E+000
  0.43803066E+000
  0.43803051E+000
  0.43803032E+000
  0.43803011E+000
  0.43802986E+000
  0.43802959E+000
  0.43802930E+000
  0.43802899E+000
  0.43802866E+000
  0.43802831E+000
  0.43802796E+000
  0.43802759E+000
  0.43802721E+000
  0.43802682E+000
  0.43802642E+000
  0.43802602E+000
  0.43802562E+000
  0.43802521E+000
  0.43802480E+000
  0.43802438E+000
  0.43802396E+000
  0.43802354E+000
  0.43802312E+000
  0.43802269E+000
  0.43802226E+000
  0.43802183E+000
  0.43802140E+000
  0.43802096E+000
  0.43802052E+000
  0.43802007E+000
  0.43801962E+000
  0.43801916E+000
  0.43801870E+000
  0.43801824E+000
  0.43801777E+000
  0.43801730E+000
  0.43801682E+000
  0.43801634E+000
  0.43801585E+000
  0.43801536E+000
  0.43801486E+000
  0.43801437E+000
  0.43801387E+000
  0.43801336E+000
  0.43801286E+000
  0.43801235E+000
  0.43801185E+000
  0.43801134E+000
  0.43801083E+000
  0.43801032E+000
  0.43800982E+000
  0.43800931E+000
  0.43800881E+000
  0.43800830E+000
  0.43800780E+000
  0.43800730E+000
  0.43800681E+000
  0.43800632E+000
  0.43800583E+000
  0.43800534E+000
  0.43800486E+000
  0.43800438E+000
  0.43800391E+000
  0.43800344E+000
  0.43800298E+000
  0.43800252E+000
  0.43800207E+000
  0.43800162E+000
  0.43800118E+000
  0.43800074E+000
  0.43800031E+000
  0.43799988E+000
  0.43799946E+000
  0.43799905E+000
  0.43799864E+000
  0.43799824E+000
  0.43799785E+000
  0.43799746E+000
  0.43799708E+000
  0.43799671E+000
  0.43799634E+000
  0.43799599E+000
  0.43799563E+000
  0.43799529E+000
  0.43799495E+000
  0.43799462E+000
  0.43799430E+000
  0.43799399E+000
  0.43799368E+000
  0.43799338E+000
  0.43799309E+000
  0.43799280E+000
  0.43799253E+000
  0.43799226E+000
  0.43799200E+000
  0.43799174E+000
  0.43799149E+000
  0.43799125E+000
  0.43799102E+000
  0.43799080E+000
  0.43799058E+000
  0.43799037E+000
  0.43799016E+000
  0.43798997E+000
  0.43798978E+000
  0.43798959E+000
  0.43798941E+000
  0.43798924E+000
  0.43798908E+000
  0.43798892E+000
  0.43798877E+000
  0.43798862E+000
  0.43798848E+000
  0.43798834E+000
  0.43798821E+000
  0.43798809E+000
  0.43798797E+000
  0.43798785E+000
  0.43798774E+000
  0.43798764E+000
  0.43798754E+000
  0.43798744E+000
  0.43798735E+000
  0.43798726E+000
  0.43798718E+000
  0.43798710E+000
  0.43798702E+000
  0.43798695E+000
  0.43798688E+000
  0.43798681E+000
  0.43798675E+000
  0.43798669E+000
  0.43798663E+000
  0.43798658E+000
  0.43798653E+000
  0.43798648E+000
  0.43798644E+000
  0.43798639E+000
  0.43798635E+000
  0.43798631E+000
  0.43798628E+000
  0.43798624E+000
  0.43798621E+000
  0.43798618E+000
  0.43798615E+000
  0.43798612E+000
  0.43798610E+000
  0.43798607E+000
  0.43798605E+000
  0.43798603E+000
  0.43798601E+000
  0.43798599E+000
  0.43798597E+000
  0.43798596E+000
  0.43798594E+000
  0.43798593E+000
  0.43798591E+000
  0.43798590E+000
  0.43798589E+000
  0.43798588E+000
  0.43798587E+000
  0.43798586E+000
