  0.12920628E+001
  0.12920617E+001
  0.12920618E+001
  0.12920621E+001
  0.12920626E+001
  0.12920631E+001
  0.12920636E+001
  0.12920641E+001
  0.12920646E+001
  0.12920651E+001
  0.12920656E+001
  0.12920660E+001
  0.12920665E+001
  0.12920670E+001
  0.12920674E+001
  0.12920679E+001
  0.12920683E+001
  0.12920687E+001
  0.12920692E+001
  0.12920696E+001
  0.12920701E+001
  0.12920705E+001
  0.12920709E+001
  0.12920714E+001
  0.12920718E+001
  0.12920722E+001
  0.12920727E+001
  0.12920731E+001
  0.12920736E+001
  0.12920740E+001
  0.12920745E+001
  0.12920750E+001
  0.12920754E+001
  0.12920759E+001
  0.12920764E+001
  0.12920769E+001
  0.12920775E+001
  0.12920780E+001
  0.12920785E+001
  0.12920791E+001
  0.12920796E+001
  0.12920802E+001
  0.12920808E+001
  0.12920814E+001
  0.12920821E+001
  0.12920827E+001
  0.12920834E+001
  0.12920841E+001
  0.12920848E+001
  0.12920855E+001
  0.12920862E+001
  0.12920870E+001
  0.12920878E+001
  0.12920886E+001
  0.12920894E+001
  0.12920903E+001
  0.12920911E+001
  0.12920920E+001
  0.12920929E+001
  0.12920939E+001
  0.12920948E+001
  0.12920958E+001
  0.12920968E+001
  0.12920978E+001
  0.12920989E+001
  0.12921000E+001
  0.12921010E+001
  0.12921022E+001
  0.12921033E+001
  0.12921044E+001
  0.12921056E+001
  0.12921068E+001
  0.12921080E+001
  0.12921092E+001
  0.12921105E+001
  0.12921117E+001
  0.12921130E+001
  0.12921143E+001
  0.12921156E+001
  0.12921169E+001
  0.12921183E+001
  0.12921196E+001
  0.12921210E+001
  0.12921223E+001
  0.12921237E+001
  0.12921251E+001
  0.12921265E+001
  0.12921279E+001
  0.12921293E+001
  0.12921307E+001
  0.12921321E+001
  0.12921335E+001
  0.12921349E+001
  0.12921364E+001
  0.12921378E+001
  0.12921392E+001
  0.12921406E+001
  0.12921421E+001
  0.12921435E+001
  0.12921449E+001
  0.12921464E+001
  0.12921478E+001
  0.12921492E+001
  0.12921507E+001
  0.12921521E+001
  0.12921535E+001
  0.12921550E+001
  0.12921564E+001
  0.12921579E+001
  0.12921593E+001
  0.12921607E+001
  0.12921622E+001
  0.12921636E+001
  0.12921651E+001
  0.12921665E+001
  0.12921680E+001
  0.12921694E+001
  0.12921709E+001
  0.12921723E+001
  0.12921738E+001
  0.12921752E+001
  0.12921767E+001
  0.12921782E+001
  0.12921797E+001
  0.12921811E+001
  0.12921826E+001
  0.12921841E+001
  0.12921856E+001
  0.12921871E+001
  0.12921886E+001
  0.12921901E+001
  0.12921917E+001
  0.12921932E+001
  0.12921947E+001
  0.12921963E+001
  0.12921978E+001
  0.12921993E+001
  0.12922009E+001
  0.12922025E+001
  0.12922040E+001
  0.12922056E+001
  0.12922072E+001
  0.12922088E+001
  0.12922104E+001
  0.12922120E+001
  0.12922136E+001
  0.12922152E+001
  0.12922168E+001
  0.12922184E+001
  0.12922200E+001
  0.12922216E+001
  0.12922233E+001
  0.12922249E+001
  0.12922265E+001
  0.12922281E+001
  0.12922298E+001
  0.12922314E+001
  0.12922330E+001
  0.12922346E+001
  0.12922362E+001
  0.12922378E+001
  0.12922395E+001
  0.12922411E+001
  0.12922426E+001
  0.12922442E+001
  0.12922458E+001
  0.12922474E+001
  0.12922490E+001
  0.12922505E+001
  0.12922520E+001
  0.12922536E+001
  0.12922551E+001
  0.12922566E+001
  0.12922581E+001
  0.12922596E+001
  0.12922610E+001
  0.12922625E+001
  0.12922639E+001
  0.12922653E+001
  0.12922667E+001
  0.12922681E+001
  0.12922695E+001
  0.12922708E+001
  0.12922722E+001
  0.12922735E+001
  0.12922748E+001
  0.12922760E+001
  0.12922773E+001
  0.12922785E+001
  0.12922797E+001
  0.12922809E+001
  0.12922821E+001
  0.12922832E+001
  0.12922843E+001
  0.12922854E+001
  0.12922865E+001
  0.12922875E+001
  0.12922886E+001
  0.12922896E+001
  0.12922906E+001
