  0.30447178E+001
  0.30451625E+001
  0.30452586E+001
  0.30452845E+001
  0.30452923E+001
  0.30452944E+001
  0.30452943E+001
  0.30452933E+001
  0.30452919E+001
  0.30452902E+001
  0.30452885E+001
  0.30452867E+001
  0.30452850E+001
  0.30452832E+001
  0.30452816E+001
  0.30452800E+001
  0.30452785E+001
  0.30452771E+001
  0.30452757E+001
  0.30452744E+001
  0.30452733E+001
  0.30452722E+001
  0.30452712E+001
  0.30452702E+001
  0.30452694E+001
  0.30452686E+001
  0.30452679E+001
  0.30452673E+001
  0.30452668E+001
  0.30452663E+001
  0.30452659E+001
  0.30452657E+001
  0.30452655E+001
  0.30452653E+001
  0.30452653E+001
  0.30452654E+001
  0.30452656E+001
  0.30452658E+001
  0.30452662E+001
  0.30452666E+001
  0.30452672E+001
  0.30452678E+001
  0.30452685E+001
  0.30452693E+001
  0.30452701E+001
  0.30452710E+001
  0.30452720E+001
  0.30452730E+001
  0.30452740E+001
  0.30452750E+001
  0.30452760E+001
  0.30452769E+001
  0.30452778E+001
  0.30452786E+001
  0.30452793E+001
  0.30452799E+001
  0.30452804E+001
  0.30452807E+001
  0.30452808E+001
  0.30452808E+001
  0.30452805E+001
  0.30452801E+001
  0.30452794E+001
  0.30452785E+001
  0.30452774E+001
  0.30452760E+001
  0.30452743E+001
  0.30452725E+001
  0.30452704E+001
  0.30452680E+001
  0.30452654E+001
  0.30452627E+001
  0.30452597E+001
  0.30452565E+001
  0.30452531E+001
  0.30452496E+001
  0.30452460E+001
  0.30452422E+001
  0.30452382E+001
  0.30452342E+001
  0.30452301E+001
  0.30452260E+001
  0.30452217E+001
  0.30452175E+001
  0.30452132E+001
  0.30452089E+001
  0.30452046E+001
  0.30452003E+001
  0.30451961E+001
  0.30451918E+001
  0.30451877E+001
  0.30451835E+001
  0.30451794E+001
  0.30451754E+001
  0.30451715E+001
  0.30451676E+001
  0.30451638E+001
  0.30451601E+001
  0.30451565E+001
  0.30451530E+001
  0.30451496E+001
  0.30451462E+001
  0.30451430E+001
  0.30451399E+001
  0.30451369E+001
  0.30451340E+001
  0.30451313E+001
  0.30451286E+001
  0.30451261E+001
  0.30451237E+001
  0.30451214E+001
  0.30451192E+001
  0.30451172E+001
  0.30451153E+001
  0.30451135E+001
  0.30451118E+001
  0.30451103E+001
  0.30451089E+001
  0.30451077E+001
  0.30451066E+001
  0.30451056E+001
  0.30451048E+001
  0.30451041E+001
  0.30451035E+001
  0.30451030E+001
  0.30451027E+001
  0.30451026E+001
  0.30451025E+001
  0.30451026E+001
  0.30451029E+001
  0.30451032E+001
  0.30451037E+001
  0.30451043E+001
  0.30451050E+001
  0.30451059E+001
  0.30451069E+001
  0.30451080E+001
  0.30451092E+001
  0.30451105E+001
  0.30451119E+001
  0.30451135E+001
  0.30451151E+001
  0.30451169E+001
  0.30451187E+001
  0.30451207E+001
  0.30451227E+001
  0.30451248E+001
  0.30451270E+001
  0.30451293E+001
  0.30451317E+001
  0.30451341E+001
  0.30451367E+001
  0.30451392E+001
  0.30451419E+001
  0.30451446E+001
  0.30451474E+001
  0.30451502E+001
  0.30451530E+001
  0.30451559E+001
  0.30451589E+001
  0.30451619E+001
  0.30451649E+001
  0.30451679E+001
  0.30451710E+001
  0.30451741E+001
  0.30451772E+001
  0.30451804E+001
  0.30451835E+001
  0.30451867E+001
  0.30451898E+001
  0.30451930E+001
  0.30451962E+001
  0.30451993E+001
  0.30452025E+001
  0.30452056E+001
  0.30452088E+001
  0.30452119E+001
  0.30452150E+001
  0.30452181E+001
  0.30452211E+001
  0.30452242E+001
  0.30452272E+001
  0.30452301E+001
  0.30452331E+001
  0.30452360E+001
  0.30452389E+001
  0.30452417E+001
  0.30452446E+001
  0.30452473E+001
  0.30452501E+001
  0.30452528E+001
  0.30452554E+001
  0.30452580E+001
  0.30452606E+001
  0.30452631E+001
  0.30452656E+001
  0.30452680E+001
  0.30452704E+001
  0.30452727E+001
  0.30452750E+001
