  0.73484870E+000
  0.73485693E+000
  0.73485967E+000
  0.73486122E+000
  0.73486242E+000
  0.73486344E+000
  0.73486432E+000
  0.73486506E+000
  0.73486568E+000
  0.73486618E+000
  0.73486656E+000
  0.73486686E+000
  0.73486707E+000
  0.73486720E+000
  0.73486728E+000
  0.73486731E+000
  0.73486729E+000
  0.73486724E+000
  0.73486717E+000
  0.73486707E+000
  0.73486696E+000
  0.73486684E+000
  0.73486671E+000
  0.73486657E+000
  0.73486644E+000
  0.73486630E+000
  0.73486616E+000
  0.73486603E+000
  0.73486590E+000
  0.73486578E+000
  0.73486566E+000
  0.73486555E+000
  0.73486544E+000
  0.73486534E+000
  0.73486525E+000
  0.73486517E+000
  0.73486509E+000
  0.73486502E+000
  0.73486496E+000
  0.73486490E+000
  0.73486485E+000
  0.73486481E+000
  0.73486477E+000
  0.73486474E+000
  0.73486472E+000
  0.73486470E+000
  0.73486468E+000
  0.73486467E+000
  0.73486467E+000
  0.73486467E+000
  0.73486468E+000
  0.73486469E+000
  0.73486470E+000
  0.73486471E+000
  0.73486473E+000
  0.73486475E+000
  0.73486477E+000
  0.73486480E+000
  0.73486482E+000
  0.73486485E+000
  0.73486488E+000
  0.73486491E+000
  0.73486494E+000
  0.73486497E+000
  0.73486500E+000
  0.73486503E+000
  0.73486506E+000
  0.73486510E+000
  0.73486513E+000
  0.73486516E+000
  0.73486520E+000
  0.73486523E+000
  0.73486527E+000
  0.73486531E+000
  0.73486535E+000
  0.73486539E+000
  0.73486543E+000
  0.73486548E+000
  0.73486552E+000
  0.73486557E+000
  0.73486563E+000
  0.73486569E+000
  0.73486575E+000
  0.73486581E+000
  0.73486588E+000
  0.73486596E+000
  0.73486603E+000
  0.73486611E+000
  0.73486620E+000
  0.73486629E+000
  0.73486638E+000
  0.73486648E+000
  0.73486658E+000
  0.73486669E+000
  0.73486680E+000
  0.73486691E+000
  0.73486702E+000
  0.73486714E+000
  0.73486726E+000
  0.73486738E+000
  0.73486751E+000
  0.73486763E+000
  0.73486776E+000
  0.73486789E+000
  0.73486802E+000
  0.73486815E+000
  0.73486828E+000
  0.73486841E+000
  0.73486854E+000
  0.73486866E+000
  0.73486879E+000
  0.73486892E+000
  0.73486904E+000
  0.73486916E+000
  0.73486928E+000
  0.73486940E+000
  0.73486952E+000
  0.73486963E+000
  0.73486974E+000
  0.73486985E+000
  0.73486996E+000
  0.73487006E+000
  0.73487016E+000
  0.73487026E+000
  0.73487035E+000
  0.73487044E+000
  0.73487053E+000
  0.73487061E+000
  0.73487069E+000
  0.73487077E+000
  0.73487084E+000
  0.73487091E+000
  0.73487098E+000
  0.73487104E+000
  0.73487110E+000
  0.73487116E+000
  0.73487121E+000
  0.73487126E+000
  0.73487131E+000
  0.73487136E+000
  0.73487140E+000
  0.73487144E+000
  0.73487148E+000
  0.73487152E+000
  0.73487155E+000
  0.73487158E+000
  0.73487161E+000
  0.73487164E+000
  0.73487167E+000
  0.73487169E+000
  0.73487171E+000
  0.73487173E+000
  0.73487175E+000
  0.73487177E+000
  0.73487178E+000
  0.73487180E+000
  0.73487181E+000
  0.73487182E+000
  0.73487183E+000
  0.73487184E+000
  0.73487185E+000
  0.73487186E+000
  0.73487186E+000
  0.73487187E+000
  0.73487187E+000
  0.73487188E+000
  0.73487188E+000
  0.73487188E+000
  0.73487189E+000
  0.73487189E+000
  0.73487189E+000
  0.73487189E+000
  0.73487189E+000
  0.73487189E+000
  0.73487189E+000
  0.73487189E+000
  0.73487189E+000
  0.73487189E+000
  0.73487189E+000
  0.73487189E+000
  0.73487189E+000
  0.73487189E+000
  0.73487188E+000
  0.73487188E+000
  0.73487188E+000
  0.73487188E+000
  0.73487188E+000
  0.73487188E+000
  0.73487187E+000
  0.73487187E+000
  0.73487187E+000
  0.73487187E+000
  0.73487187E+000
  0.73487186E+000
  0.73487186E+000
  0.73487186E+000
  0.73487186E+000
  0.73487186E+000
  0.73487185E+000
  0.73487185E+000
