  0.69493717E+000  0.89236078E+000  0.10018385E+001  0.25791150E+001
  0.69493654E+000  0.89236038E+000  0.10018378E+001  0.25791123E+001
  0.69493635E+000  0.89236033E+000  0.10018378E+001  0.25791129E+001
  0.69493633E+000  0.89236037E+000  0.10018379E+001  0.25791143E+001
  0.69493639E+000  0.89236044E+000  0.10018380E+001  0.25791159E+001
  0.69493649E+000  0.89236050E+000  0.10018381E+001  0.25791176E+001
  0.69493662E+000  0.89236057E+000  0.10018382E+001  0.25791193E+001
  0.69493677E+000  0.89236064E+000  0.10018383E+001  0.25791210E+001
  0.69493693E+000  0.89236070E+000  0.10018384E+001  0.25791226E+001
  0.69493708E+000  0.89236077E+000  0.10018385E+001  0.25791242E+001
  0.69493724E+000  0.89236083E+000  0.10018387E+001  0.25791258E+001
  0.69493739E+000  0.89236088E+000  0.10018388E+001  0.25791274E+001
  0.69493753E+000  0.89236094E+000  0.10018389E+001  0.25791289E+001
  0.69493767E+000  0.89236099E+000  0.10018390E+001  0.25791305E+001
  0.69493780E+000  0.89236104E+000  0.10018391E+001  0.25791320E+001
  0.69493792E+000  0.89236109E+000  0.10018392E+001  0.25791335E+001
  0.69493804E+000  0.89236113E+000  0.10018393E+001  0.25791350E+001
  0.69493815E+000  0.89236118E+000  0.10018395E+001  0.25791365E+001
  0.69493825E+000  0.89236122E+000  0.10018396E+001  0.25791380E+001
  0.69493835E+000  0.89236125E+000  0.10018397E+001  0.25791395E+001
  0.69493844E+000  0.89236129E+000  0.10018398E+001  0.25791410E+001
  0.69493852E+000  0.89236132E+000  0.10018399E+001  0.25791426E+001
  0.69493860E+000  0.89236136E+000  0.10018400E+001  0.25791441E+001
  0.69493867E+000  0.89236139E+000  0.10018401E+001  0.25791456E+001
  0.69493873E+000  0.89236141E+000  0.10018402E+001  0.25791472E+001
  0.69493879E+000  0.89236144E+000  0.10018403E+001  0.25791487E+001
  0.69493885E+000  0.89236147E+000  0.10018404E+001  0.25791503E+001
  0.69493889E+000  0.89236150E+000  0.10018405E+001  0.25791519E+001
  0.69493894E+000  0.89236152E+000  0.10018406E+001  0.25791536E+001
  0.69493897E+000  0.89236154E+000  0.10018407E+001  0.25791552E+001
  0.69493900E+000  0.89236157E+000  0.10018408E+001  0.25791569E+001
  0.69493903E+000  0.89236159E+000  0.10018409E+001  0.25791587E+001
  0.69493905E+000  0.89236162E+000  0.10018410E+001  0.25791604E+001
  0.69493907E+000  0.89236164E+000  0.10018411E+001  0.25791623E+001
  0.69493908E+000  0.89236166E+000  0.10018412E+001  0.25791641E+001
  0.69493908E+000  0.89236168E+000  0.10018413E+001  0.25791660E+001
  0.69493909E+000  0.89236170E+000  0.10018414E+001  0.25791680E+001
  0.69493908E+000  0.89236172E+000  0.10018415E+001  0.25791700E+001
  0.69493908E+000  0.89236175E+000  0.10018416E+001  0.25791720E+001
  0.69493906E+000  0.89236177E+000  0.10018417E+001  0.25791741E+001
  0.69493905E+000  0.89236179E+000  0.10018418E+001  0.25791763E+001
  0.69493903E+000  0.89236181E+000  0.10018419E+001  0.25791785E+001
  0.69493901E+000  0.89236183E+000  0.10018420E+001  0.25791808E+001
  0.69493899E+000  0.89236185E+000  0.10018421E+001  0.25791832E+001
  0.69493896E+000  0.89236187E+000  0.10018422E+001  0.25791856E+001
  0.69493893E+000  0.89236188E+000  0.10018423E+001  0.25791881E+001
  0.69493890E+000  0.89236190E+000  0.10018424E+001  0.25791906E+001
  0.69493887E+000  0.89236192E+000  0.10018426E+001  0.25791932E+001
  0.69493884E+000  0.89236194E+000  0.10018427E+001  0.25791959E+001
  0.69493881E+000  0.89236196E+000  0.10018428E+001  0.25791987E+001
  0.69493878E+000  0.89236198E+000  0.10018429E+001  0.25792016E+001
  0.69493874E+000  0.89236200E+000  0.10018431E+001  0.25792045E+001
  0.69493871E+000  0.89236202E+000  0.10018432E+001  0.25792075E+001
  0.69493868E+000  0.89236204E+000  0.10018434E+001  0.25792106E+001
  0.69493864E+000  0.89236206E+000  0.10018435E+001  0.25792137E+001
  0.69493861E+000  0.89236208E+000  0.10018437E+001  0.25792169E+001
  0.69493858E+000  0.89236210E+000  0.10018439E+001  0.25792203E+001
  0.69493855E+000  0.89236213E+000  0.10018441E+001  0.25792237E+001
  0.69493852E+000  0.89236215E+000  0.10018442E+001  0.25792271E+001
  0.69493850E+000  0.89236218E+000  0.10018444E+001  0.25792307E+001
  0.69493847E+000  0.89236221E+000  0.10018446E+001  0.25792343E+001
  0.69493845E+000  0.89236224E+000  0.10018449E+001  0.25792380E+001
  0.69493842E+000  0.89236227E+000  0.10018451E+001  0.25792418E+001
  0.69493840E+000  0.89236230E+000  0.10018453E+001  0.25792456E+001
  0.69493838E+000  0.89236233E+000  0.10018456E+001  0.25792496E+001
  0.69493836E+000  0.89236237E+000  0.10018458E+001  0.25792536E+001
  0.69493834E+000  0.89236241E+000  0.10018461E+001  0.25792577E+001
  0.69493832E+000  0.89236245E+000  0.10018464E+001  0.25792618E+001
  0.69493831E+000  0.89236249E+000  0.10018466E+001  0.25792660E+001
  0.69493829E+000  0.89236254E+000  0.10018469E+001  0.25792703E+001
  0.69493828E+000  0.89236258E+000  0.10018473E+001  0.25792746E+001
  0.69493827E+000  0.89236263E+000  0.10018476E+001  0.25792790E+001
  0.69493826E+000  0.89236268E+000  0.10018479E+001  0.25792835E+001
  0.69493825E+000  0.89236273E+000  0.10018483E+001  0.25792880E+001
  0.69493824E+000  0.89236279E+000  0.10018487E+001  0.25792926E+001
  0.69493823E+000  0.89236285E+000  0.10018490E+001  0.25792972E+001
  0.69493822E+000  0.89236291E+000  0.10018494E+001  0.25793019E+001
  0.69493822E+000  0.89236297E+000  0.10018499E+001  0.25793066E+001
  0.69493822E+000  0.89236303E+000  0.10018503E+001  0.25793113E+001
  0.69493821E+000  0.89236310E+000  0.10018507E+001  0.25793160E+001
  0.69493821E+000  0.89236317E+000  0.10018512E+001  0.25793208E+001
  0.69493821E+000  0.89236324E+000  0.10018517E+001  0.25793257E+001
  0.69493821E+000  0.89236332E+000  0.10018522E+001  0.25793305E+001
  0.69493821E+000  0.89236339E+000  0.10018527E+001  0.25793354E+001
  0.69493822E+000  0.89236347E+000  0.10018533E+001  0.25793402E+001
  0.69493822E+000  0.89236355E+000  0.10018538E+001  0.25793451E+001
  0.69493823E+000  0.89236363E+000  0.10018544E+001  0.25793500E+001
  0.69493823E+000  0.89236372E+000  0.10018550E+001  0.25793549E+001
  0.69493824E+000  0.89236381E+000  0.10018556E+001  0.25793598E+001
  0.69493825E+000  0.89236389E+000  0.10018562E+001  0.25793647E+001
  0.69493826E+000  0.89236399E+000  0.10018569E+001  0.25793696E+001
  0.69493827E+000  0.89236408E+000  0.10018576E+001  0.25793745E+001
  0.69493828E+000  0.89236417E+000  0.10018582E+001  0.25793794E+001
  0.69493829E+000  0.89236427E+000  0.10018589E+001  0.25793843E+001
  0.69493831E+000  0.89236437E+000  0.10018596E+001  0.25793891E+001
  0.69493832E+000  0.89236447E+000  0.10018604E+001  0.25793940E+001
  0.69493834E+000  0.89236457E+000  0.10018611E+001  0.25793989E+001
  0.69493836E+000  0.89236467E+000  0.10018619E+001  0.25794037E+001
  0.69493838E+000  0.89236478E+000  0.10018626E+001  0.25794086E+001
  0.69493840E+000  0.89236488E+000  0.10018634E+001  0.25794134E+001
  0.69493842E+000  0.89236499E+000  0.10018642E+001  0.25794182E+001
  0.69493844E+000  0.89236510E+000  0.10018650E+001  0.25794231E+001
  0.69493846E+000  0.89236521E+000  0.10018657E+001  0.25794279E+001
  0.69493849E+000  0.89236532E+000  0.10018665E+001  0.25794327E+001
  0.69493851E+000  0.89236543E+000  0.10018673E+001  0.25794375E+001
  0.69493854E+000  0.89236554E+000  0.10018682E+001  0.25794423E+001
  0.69493857E+000  0.89236565E+000  0.10018690E+001  0.25794471E+001
  0.69493860E+000  0.89236576E+000  0.10018698E+001  0.25794519E+001
  0.69493863E+000  0.89236587E+000  0.10018706E+001  0.25794567E+001
  0.69493866E+000  0.89236598E+000  0.10018714E+001  0.25794615E+001
  0.69493869E+000  0.89236609E+000  0.10018722E+001  0.25794663E+001
  0.69493872E+000  0.89236620E+000  0.10018730E+001  0.25794711E+001
  0.69493876E+000  0.89236631E+000  0.10018738E+001  0.25794760E+001
  0.69493879E+000  0.89236642E+000  0.10018745E+001  0.25794808E+001
  0.69493883E+000  0.89236653E+000  0.10018753E+001  0.25794857E+001
  0.69493887E+000  0.89236663E+000  0.10018761E+001  0.25794906E+001
  0.69493890E+000  0.89236674E+000  0.10018769E+001  0.25794954E+001
  0.69493894E+000  0.89236684E+000  0.10018776E+001  0.25795004E+001
  0.69493898E+000  0.89236694E+000  0.10018784E+001  0.25795053E+001
  0.69493902E+000  0.89236704E+000  0.10018791E+001  0.25795103E+001
  0.69493906E+000  0.89236714E+000  0.10018798E+001  0.25795153E+001
  0.69493910E+000  0.89236723E+000  0.10018805E+001  0.25795203E+001
  0.69493915E+000  0.89236733E+000  0.10018812E+001  0.25795253E+001
  0.69493919E+000  0.89236742E+000  0.10018819E+001  0.25795304E+001
  0.69493923E+000  0.89236751E+000  0.10018826E+001  0.25795355E+001
  0.69493927E+000  0.89236760E+000  0.10018833E+001  0.25795407E+001
  0.69493932E+000  0.89236769E+000  0.10018839E+001  0.25795459E+001
  0.69493936E+000  0.89236777E+000  0.10018845E+001  0.25795511E+001
  0.69493941E+000  0.89236785E+000  0.10018852E+001  0.25795564E+001
  0.69493945E+000  0.89236793E+000  0.10018858E+001  0.25795617E+001
  0.69493949E+000  0.89236801E+000  0.10018863E+001  0.25795670E+001
  0.69493954E+000  0.89236808E+000  0.10018869E+001  0.25795724E+001
  0.69493958E+000  0.89236815E+000  0.10018875E+001  0.25795778E+001
  0.69493963E+000  0.89236823E+000  0.10018880E+001  0.25795833E+001
  0.69493967E+000  0.89236829E+000  0.10018886E+001  0.25795888E+001
  0.69493971E+000  0.89236836E+000  0.10018891E+001  0.25795944E+001
  0.69493976E+000  0.89236842E+000  0.10018896E+001  0.25796000E+001
  0.69493980E+000  0.89236849E+000  0.10018901E+001  0.25796056E+001
  0.69493984E+000  0.89236855E+000  0.10018905E+001  0.25796113E+001
  0.69493988E+000  0.89236860E+000  0.10018910E+001  0.25796170E+001
  0.69493992E+000  0.89236866E+000  0.10018914E+001  0.25796228E+001
  0.69493996E+000  0.89236871E+000  0.10018919E+001  0.25796286E+001
  0.69494000E+000  0.89236877E+000  0.10018923E+001  0.25796344E+001
  0.69494004E+000  0.89236882E+000  0.10018927E+001  0.25796403E+001
  0.69494008E+000  0.89236886E+000  0.10018931E+001  0.25796462E+001
  0.69494012E+000  0.89236891E+000  0.10018934E+001  0.25796522E+001
  0.69494015E+000  0.89236896E+000  0.10018938E+001  0.25796581E+001
  0.69494019E+000  0.89236900E+000  0.10018942E+001  0.25796641E+001
  0.69494023E+000  0.89236904E+000  0.10018945E+001  0.25796702E+001
  0.69494026E+000  0.89236908E+000  0.10018948E+001  0.25796763E+001
  0.69494029E+000  0.89236912E+000  0.10018951E+001  0.25796823E+001
  0.69494033E+000  0.89236916E+000  0.10018954E+001  0.25796885E+001
  0.69494036E+000  0.89236919E+000  0.10018957E+001  0.25796946E+001
  0.69494039E+000  0.89236923E+000  0.10018960E+001  0.25797007E+001
  0.69494042E+000  0.89236926E+000  0.10018963E+001  0.25797069E+001
  0.69494045E+000  0.89236929E+000  0.10018965E+001  0.25797131E+001
  0.69494048E+000  0.89236932E+000  0.10018968E+001  0.25797193E+001
  0.69494051E+000  0.89236935E+000  0.10018970E+001  0.25797255E+001
  0.69494053E+000  0.89236938E+000  0.10018972E+001  0.25797316E+001
  0.69494056E+000  0.89236940E+000  0.10018975E+001  0.25797378E+001
  0.69494058E+000  0.89236943E+000  0.10018977E+001  0.25797440E+001
  0.69494061E+000  0.89236945E+000  0.10018979E+001  0.25797502E+001
  0.69494063E+000  0.89236948E+000  0.10018981E+001  0.25797563E+001
  0.69494065E+000  0.89236950E+000  0.10018983E+001  0.25797625E+001
  0.69494068E+000  0.89236952E+000  0.10018984E+001  0.25797686E+001
  0.69494070E+000  0.89236954E+000  0.10018986E+001  0.25797747E+001
  0.69494072E+000  0.89236956E+000  0.10018988E+001  0.25797808E+001
  0.69494074E+000  0.89236958E+000  0.10018989E+001  0.25797869E+001
  0.69494075E+000  0.89236960E+000  0.10018991E+001  0.25797929E+001
  0.69494077E+000  0.89236962E+000  0.10018992E+001  0.25797989E+001
  0.69494079E+000  0.89236963E+000  0.10018994E+001  0.25798049E+001
  0.69494081E+000  0.89236965E+000  0.10018995E+001  0.25798108E+001
  0.69494082E+000  0.89236966E+000  0.10018996E+001  0.25798166E+001
  0.69494084E+000  0.89236968E+000  0.10018997E+001  0.25798225E+001
  0.69494085E+000  0.89236969E+000  0.10018998E+001  0.25798282E+001
  0.69494087E+000  0.89236970E+000  0.10019000E+001  0.25798340E+001
  0.69494088E+000  0.89236972E+000  0.10019001E+001  0.25798396E+001
  0.69494089E+000  0.89236973E+000  0.10019002E+001  0.25798453E+001
  0.69494091E+000  0.89236974E+000  0.10019002E+001  0.25798508E+001
  0.69494092E+000  0.89236975E+000  0.10019003E+001  0.25798563E+001
  0.69494093E+000  0.89236976E+000  0.10019004E+001  0.25798617E+001
  0.69494094E+000  0.89236977E+000  0.10019005E+001  0.25798671E+001
  0.69494095E+000  0.89236978E+000  0.10019006E+001  0.25798724E+001
  0.69494096E+000  0.89236979E+000  0.10019007E+001  0.25798776E+001
  0.69494097E+000  0.89236980E+000  0.10019007E+001  0.25798827E+001
  0.69494098E+000  0.89236981E+000  0.10019008E+001  0.25798878E+001
  0.69494099E+000  0.89236981E+000  0.10019009E+001  0.25798928E+001
  0.69494100E+000  0.89236982E+000  0.10019009E+001  0.25798977E+001
  0.69494101E+000  0.89236983E+000  0.10019010E+001  0.25799025E+001
  0.69494101E+000  0.89236983E+000  0.10019010E+001  0.25799073E+001
  0.69494102E+000  0.89236984E+000  0.10019011E+001  0.25799119E+001
  0.69494103E+000  0.89236985E+000  0.10019011E+001  0.25799165E+001
  0.69494103E+000  0.89236985E+000  0.10019012E+001  0.25799210E+001
  0.69494104E+000  0.89236986E+000  0.10019012E+001  0.25799254E+001
  0.69494105E+000  0.89236986E+000  0.10019013E+001  0.25799298E+001
  0.69494105E+000  0.89236987E+000  0.10019013E+001  0.25799340E+001
  0.69494106E+000  0.89236987E+000  0.10019014E+001  0.25799382E+001
  0.69494106E+000  0.89236988E+000  0.10019014E+001  0.25799422E+001
  0.69494107E+000  0.89236988E+000  0.10019014E+001  0.25799462E+001
  0.69494107E+000  0.89236989E+000  0.10019015E+001  0.25799501E+001
