  0.77799132E+000  0.89327847E+000  0.10978118E+001  0.23991698E+001
  0.77799088E+000  0.89327581E+000  0.10978124E+001  0.23991679E+001
  0.77799158E+000  0.89327297E+000  0.10978131E+001  0.23991697E+001
  0.77799128E+000  0.89327140E+000  0.10978138E+001  0.23991723E+001
  0.77799054E+000  0.89327034E+000  0.10978147E+001  0.23991751E+001
  0.77798965E+000  0.89326937E+000  0.10978157E+001  0.23991779E+001
  0.77798873E+000  0.89326838E+000  0.10978168E+001  0.23991808E+001
  0.77798782E+000  0.89326735E+000  0.10978179E+001  0.23991835E+001
  0.77798694E+000  0.89326631E+000  0.10978191E+001  0.23991863E+001
  0.77798610E+000  0.89326533E+000  0.10978201E+001  0.23991890E+001
  0.77798529E+000  0.89326444E+000  0.10978210E+001  0.23991918E+001
  0.77798451E+000  0.89326367E+000  0.10978217E+001  0.23991945E+001
  0.77798376E+000  0.89326302E+000  0.10978223E+001  0.23991972E+001
  0.77798304E+000  0.89326249E+000  0.10978226E+001  0.23991999E+001
  0.77798235E+000  0.89326208E+000  0.10978228E+001  0.23992027E+001
  0.77798168E+000  0.89326177E+000  0.10978229E+001  0.23992054E+001
  0.77798103E+000  0.89326154E+000  0.10978228E+001  0.23992082E+001
  0.77798040E+000  0.89326138E+000  0.10978225E+001  0.23992110E+001
  0.77797978E+000  0.89326127E+000  0.10978222E+001  0.23992138E+001
  0.77797918E+000  0.89326120E+000  0.10978218E+001  0.23992166E+001
  0.77797859E+000  0.89326116E+000  0.10978214E+001  0.23992194E+001
  0.77797801E+000  0.89326113E+000  0.10978209E+001  0.23992222E+001
  0.77797744E+000  0.89326110E+000  0.10978204E+001  0.23992251E+001
  0.77797688E+000  0.89326108E+000  0.10978199E+001  0.23992279E+001
  0.77797632E+000  0.89326104E+000  0.10978194E+001  0.23992308E+001
  0.77797577E+000  0.89326099E+000  0.10978188E+001  0.23992336E+001
  0.77797522E+000  0.89326092E+000  0.10978184E+001  0.23992365E+001
  0.77797467E+000  0.89326083E+000  0.10978179E+001  0.23992394E+001
  0.77797413E+000  0.89326072E+000  0.10978175E+001  0.23992423E+001
  0.77797359E+000  0.89326057E+000  0.10978171E+001  0.23992452E+001
  0.77797304E+000  0.89326040E+000  0.10978167E+001  0.23992481E+001
  0.77797250E+000  0.89326019E+000  0.10978164E+001  0.23992511E+001
  0.77797196E+000  0.89325994E+000  0.10978162E+001  0.23992540E+001
  0.77797143E+000  0.89325966E+000  0.10978160E+001  0.23992570E+001
  0.77797089E+000  0.89325935E+000  0.10978158E+001  0.23992600E+001
  0.77797035E+000  0.89325899E+000  0.10978157E+001  0.23992631E+001
  0.77796981E+000  0.89325860E+000  0.10978156E+001  0.23992661E+001
  0.77796928E+000  0.89325816E+000  0.10978155E+001  0.23992693E+001
  0.77796875E+000  0.89325769E+000  0.10978155E+001  0.23992725E+001
  0.77796822E+000  0.89325719E+000  0.10978155E+001  0.23992757E+001
  0.77796769E+000  0.89325665E+000  0.10978155E+001  0.23992791E+001
  0.77796717E+000  0.89325607E+000  0.10978155E+001  0.23992824E+001
  0.77796665E+000  0.89325547E+000  0.10978156E+001  0.23992859E+001
  0.77796614E+000  0.89325485E+000  0.10978156E+001  0.23992895E+001
  0.77796564E+000  0.89325420E+000  0.10978157E+001  0.23992931E+001
  0.77796514E+000  0.89325353E+000  0.10978157E+001  0.23992968E+001
  0.77796465E+000  0.89325286E+000  0.10978157E+001  0.23993006E+001
  0.77796417E+000  0.89325217E+000  0.10978157E+001  0.23993045E+001
  0.77796370E+000  0.89325149E+000  0.10978157E+001  0.23993085E+001
  0.77796324E+000  0.89325080E+000  0.10978157E+001  0.23993126E+001
  0.77796280E+000  0.89325013E+000  0.10978156E+001  0.23993167E+001
  0.77796236E+000  0.89324946E+000  0.10978155E+001  0.23993210E+001
  0.77796194E+000  0.89324880E+000  0.10978153E+001  0.23993253E+001
  0.77796153E+000  0.89324816E+000  0.10978152E+001  0.23993298E+001
  0.77796113E+000  0.89324754E+000  0.10978150E+001  0.23993343E+001
  0.77796075E+000  0.89324694E+000  0.10978148E+001  0.23993389E+001
  0.77796038E+000  0.89324636E+000  0.10978145E+001  0.23993436E+001
  0.77796002E+000  0.89324580E+000  0.10978142E+001  0.23993483E+001
  0.77795968E+000  0.89324527E+000  0.10978139E+001  0.23993532E+001
  0.77795935E+000  0.89324475E+000  0.10978136E+001  0.23993581E+001
  0.77795904E+000  0.89324426E+000  0.10978132E+001  0.23993631E+001
  0.77795874E+000  0.89324379E+000  0.10978129E+001  0.23993681E+001
  0.77795846E+000  0.89324333E+000  0.10978125E+001  0.23993732E+001
  0.77795819E+000  0.89324290E+000  0.10978121E+001  0.23993784E+001
  0.77795794E+000  0.89324249E+000  0.10978117E+001  0.23993837E+001
  0.77795770E+000  0.89324209E+000  0.10978113E+001  0.23993891E+001
  0.77795748E+000  0.89324171E+000  0.10978108E+001  0.23993945E+001
  0.77795727E+000  0.89324134E+000  0.10978104E+001  0.23993999E+001
  0.77795707E+000  0.89324099E+000  0.10978099E+001  0.23994055E+001
  0.77795689E+000  0.89324066E+000  0.10978095E+001  0.23994110E+001
  0.77795672E+000  0.89324035E+000  0.10978090E+001  0.23994167E+001
  0.77795656E+000  0.89324005E+000  0.10978085E+001  0.23994224E+001
  0.77795642E+000  0.89323977E+000  0.10978080E+001  0.23994282E+001
  0.77795629E+000  0.89323951E+000  0.10978075E+001  0.23994340E+001
  0.77795618E+000  0.89323926E+000  0.10978070E+001  0.23994398E+001
  0.77795608E+000  0.89323904E+000  0.10978064E+001  0.23994457E+001
  0.77795599E+000  0.89323884E+000  0.10978059E+001  0.23994517E+001
  0.77795591E+000  0.89323865E+000  0.10978053E+001  0.23994577E+001
  0.77795584E+000  0.89323849E+000  0.10978048E+001  0.23994637E+001
  0.77795578E+000  0.89323835E+000  0.10978042E+001  0.23994697E+001
  0.77795574E+000  0.89323823E+000  0.10978037E+001  0.23994758E+001
  0.77795570E+000  0.89323814E+000  0.10978031E+001  0.23994819E+001
  0.77795568E+000  0.89323807E+000  0.10978025E+001  0.23994880E+001
  0.77795566E+000  0.89323802E+000  0.10978019E+001  0.23994941E+001
  0.77795566E+000  0.89323799E+000  0.10978013E+001  0.23995002E+001
  0.77795566E+000  0.89323799E+000  0.10978007E+001  0.23995063E+001
  0.77795568E+000  0.89323801E+000  0.10978001E+001  0.23995125E+001
  0.77795570E+000  0.89323805E+000  0.10977995E+001  0.23995186E+001
  0.77795573E+000  0.89323811E+000  0.10977989E+001  0.23995247E+001
  0.77795576E+000  0.89323819E+000  0.10977983E+001  0.23995308E+001
  0.77795580E+000  0.89323829E+000  0.10977977E+001  0.23995369E+001
  0.77795585E+000  0.89323841E+000  0.10977971E+001  0.23995430E+001
  0.77795591E+000  0.89323855E+000  0.10977965E+001  0.23995491E+001
  0.77795597E+000  0.89323870E+000  0.10977959E+001  0.23995552E+001
  0.77795604E+000  0.89323886E+000  0.10977953E+001  0.23995612E+001
  0.77795611E+000  0.89323904E+000  0.10977947E+001  0.23995673E+001
  0.77795618E+000  0.89323923E+000  0.10977942E+001  0.23995733E+001
  0.77795626E+000  0.89323943E+000  0.10977936E+001  0.23995793E+001
  0.77795634E+000  0.89323964E+000  0.10977930E+001  0.23995853E+001
  0.77795643E+000  0.89323986E+000  0.10977925E+001  0.23995913E+001
  0.77795652E+000  0.89324009E+000  0.10977920E+001  0.23995972E+001
  0.77795661E+000  0.89324032E+000  0.10977915E+001  0.23996031E+001
  0.77795670E+000  0.89324056E+000  0.10977910E+001  0.23996090E+001
  0.77795679E+000  0.89324080E+000  0.10977905E+001  0.23996149E+001
  0.77795689E+000  0.89324104E+000  0.10977900E+001  0.23996208E+001
  0.77795698E+000  0.89324129E+000  0.10977895E+001  0.23996267E+001
  0.77795708E+000  0.89324154E+000  0.10977891E+001  0.23996325E+001
  0.77795717E+000  0.89324178E+000  0.10977886E+001  0.23996384E+001
  0.77795727E+000  0.89324203E+000  0.10977882E+001  0.23996442E+001
  0.77795736E+000  0.89324228E+000  0.10977878E+001  0.23996500E+001
  0.77795746E+000  0.89324253E+000  0.10977874E+001  0.23996558E+001
  0.77795755E+000  0.89324277E+000  0.10977870E+001  0.23996616E+001
  0.77795765E+000  0.89324301E+000  0.10977867E+001  0.23996674E+001
  0.77795774E+000  0.89324325E+000  0.10977863E+001  0.23996732E+001
  0.77795783E+000  0.89324349E+000  0.10977860E+001  0.23996790E+001
  0.77795792E+000  0.89324372E+000  0.10977857E+001  0.23996848E+001
  0.77795800E+000  0.89324395E+000  0.10977853E+001  0.23996906E+001
  0.77795809E+000  0.89324417E+000  0.10977851E+001  0.23996964E+001
  0.77795817E+000  0.89324439E+000  0.10977848E+001  0.23997022E+001
  0.77795825E+000  0.89324461E+000  0.10977845E+001  0.23997080E+001
  0.77795833E+000  0.89324482E+000  0.10977842E+001  0.23997139E+001
  0.77795841E+000  0.89324503E+000  0.10977840E+001  0.23997197E+001
  0.77795848E+000  0.89324523E+000  0.10977838E+001  0.23997255E+001
  0.77795856E+000  0.89324542E+000  0.10977836E+001  0.23997314E+001
  0.77795863E+000  0.89324561E+000  0.10977833E+001  0.23997373E+001
  0.77795869E+000  0.89324579E+000  0.10977831E+001  0.23997431E+001
  0.77795876E+000  0.89324597E+000  0.10977830E+001  0.23997491E+001
  0.77795882E+000  0.89324614E+000  0.10977828E+001  0.23997550E+001
  0.77795889E+000  0.89324631E+000  0.10977826E+001  0.23997609E+001
  0.77795894E+000  0.89324647E+000  0.10977825E+001  0.23997669E+001
  0.77795900E+000  0.89324663E+000  0.10977823E+001  0.23997729E+001
  0.77795906E+000  0.89324678E+000  0.10977822E+001  0.23997789E+001
  0.77795911E+000  0.89324692E+000  0.10977821E+001  0.23997849E+001
  0.77795916E+000  0.89324706E+000  0.10977819E+001  0.23997910E+001
  0.77795921E+000  0.89324720E+000  0.10977818E+001  0.23997971E+001
  0.77795925E+000  0.89324733E+000  0.10977817E+001  0.23998032E+001
  0.77795930E+000  0.89324745E+000  0.10977816E+001  0.23998093E+001
  0.77795934E+000  0.89324757E+000  0.10977815E+001  0.23998155E+001
  0.77795938E+000  0.89324769E+000  0.10977815E+001  0.23998216E+001
  0.77795942E+000  0.89324780E+000  0.10977814E+001  0.23998278E+001
  0.77795945E+000  0.89324790E+000  0.10977813E+001  0.23998341E+001
  0.77795949E+000  0.89324801E+000  0.10977812E+001  0.23998403E+001
  0.77795952E+000  0.89324810E+000  0.10977812E+001  0.23998466E+001
  0.77795955E+000  0.89324819E+000  0.10977811E+001  0.23998529E+001
  0.77795958E+000  0.89324828E+000  0.10977811E+001  0.23998592E+001
  0.77795961E+000  0.89324837E+000  0.10977810E+001  0.23998656E+001
  0.77795964E+000  0.89324845E+000  0.10977810E+001  0.23998719E+001
  0.77795967E+000  0.89324853E+000  0.10977810E+001  0.23998783E+001
  0.77795969E+000  0.89324860E+000  0.10977809E+001  0.23998847E+001
  0.77795971E+000  0.89324867E+000  0.10977809E+001  0.23998911E+001
  0.77795974E+000  0.89324874E+000  0.10977809E+001  0.23998975E+001
  0.77795976E+000  0.89324880E+000  0.10977808E+001  0.23999040E+001
  0.77795978E+000  0.89324886E+000  0.10977808E+001  0.23999104E+001
  0.77795980E+000  0.89324892E+000  0.10977808E+001  0.23999168E+001
  0.77795981E+000  0.89324897E+000  0.10977808E+001  0.23999233E+001
  0.77795983E+000  0.89324902E+000  0.10977808E+001  0.23999297E+001
  0.77795985E+000  0.89324907E+000  0.10977808E+001  0.23999361E+001
  0.77795986E+000  0.89324912E+000  0.10977807E+001  0.23999426E+001
  0.77795988E+000  0.89324916E+000  0.10977807E+001  0.23999490E+001
  0.77795989E+000  0.89324921E+000  0.10977807E+001  0.23999554E+001
  0.77795990E+000  0.89324925E+000  0.10977807E+001  0.23999618E+001
  0.77795991E+000  0.89324928E+000  0.10977807E+001  0.23999682E+001
  0.77795992E+000  0.89324932E+000  0.10977807E+001  0.23999745E+001
  0.77795993E+000  0.89324935E+000  0.10977807E+001  0.23999809E+001
  0.77795994E+000  0.89324938E+000  0.10977807E+001  0.23999872E+001
  0.77795995E+000  0.89324942E+000  0.10977807E+001  0.23999935E+001
  0.77795996E+000  0.89324944E+000  0.10977807E+001  0.23999997E+001
  0.77795997E+000  0.89324947E+000  0.10977807E+001  0.24000060E+001
  0.77795998E+000  0.89324950E+000  0.10977807E+001  0.24000121E+001
  0.77795999E+000  0.89324952E+000  0.10977807E+001  0.24000183E+001
  0.77795999E+000  0.89324954E+000  0.10977807E+001  0.24000244E+001
  0.77796000E+000  0.89324957E+000  0.10977807E+001  0.24000304E+001
  0.77796001E+000  0.89324959E+000  0.10977807E+001  0.24000364E+001
  0.77796001E+000  0.89324961E+000  0.10977807E+001  0.24000424E+001
  0.77796002E+000  0.89324963E+000  0.10977807E+001  0.24000482E+001
  0.77796002E+000  0.89324964E+000  0.10977807E+001  0.24000541E+001
  0.77796003E+000  0.89324966E+000  0.10977807E+001  0.24000599E+001
  0.77796003E+000  0.89324967E+000  0.10977807E+001  0.24000656E+001
  0.77796004E+000  0.89324969E+000  0.10977807E+001  0.24000712E+001
  0.77796004E+000  0.89324970E+000  0.10977807E+001  0.24000768E+001
  0.77796004E+000  0.89324972E+000  0.10977807E+001  0.24000823E+001
  0.77796005E+000  0.89324973E+000  0.10977807E+001  0.24000877E+001
  0.77796005E+000  0.89324974E+000  0.10977808E+001  0.24000931E+001
  0.77796005E+000  0.89324975E+000  0.10977808E+001  0.24000984E+001
  0.77796006E+000  0.89324976E+000  0.10977808E+001  0.24001036E+001
  0.77796006E+000  0.89324977E+000  0.10977808E+001  0.24001087E+001
  0.77796006E+000  0.89324978E+000  0.10977808E+001  0.24001138E+001
  0.77796006E+000  0.89324979E+000  0.10977808E+001  0.24001188E+001
  0.77796007E+000  0.89324980E+000  0.10977808E+001  0.24001237E+001
  0.77796007E+000  0.89324980E+000  0.10977808E+001  0.24001285E+001
  0.77796007E+000  0.89324981E+000  0.10977808E+001  0.24001332E+001
  0.77796007E+000  0.89324982E+000  0.10977808E+001  0.24001378E+001
  0.77796007E+000  0.89324983E+000  0.10977808E+001  0.24001424E+001
  0.77796008E+000  0.89324983E+000  0.10977808E+001  0.24001468E+001
  0.77796008E+000  0.89324984E+000  0.10977808E+001  0.24001512E+001
  0.77796008E+000  0.89324984E+000  0.10977808E+001  0.24001555E+001
  0.77796008E+000  0.89324985E+000  0.10977808E+001  0.24001597E+001
  0.77796008E+000  0.89324985E+000  0.10977808E+001  0.24001638E+001
  0.77796008E+000  0.89324986E+000  0.10977808E+001  0.24001678E+001
  0.77796008E+000  0.89324986E+000  0.10977808E+001  0.24001718E+001
