  0.49287325E+000
  0.49287354E+000
  0.49287357E+000
  0.49287354E+000
  0.49287350E+000
  0.49287345E+000
  0.49287340E+000
  0.49287334E+000
  0.49287329E+000
  0.49287323E+000
  0.49287318E+000
  0.49287312E+000
  0.49287307E+000
  0.49287302E+000
  0.49287297E+000
  0.49287292E+000
  0.49287287E+000
  0.49287282E+000
  0.49287278E+000
  0.49287273E+000
  0.49287269E+000
  0.49287265E+000
  0.49287260E+000
  0.49287256E+000
  0.49287252E+000
  0.49287248E+000
  0.49287244E+000
  0.49287240E+000
  0.49287236E+000
  0.49287233E+000
  0.49287229E+000
  0.49287225E+000
  0.49287221E+000
  0.49287218E+000
  0.49287214E+000
  0.49287210E+000
  0.49287206E+000
  0.49287203E+000
  0.49287199E+000
  0.49287195E+000
  0.49287191E+000
  0.49287187E+000
  0.49287183E+000
  0.49287179E+000
  0.49287174E+000
  0.49287170E+000
  0.49287165E+000
  0.49287161E+000
  0.49287156E+000
  0.49287151E+000
  0.49287145E+000
  0.49287140E+000
  0.49287134E+000
  0.49287128E+000
  0.49287121E+000
  0.49287115E+000
  0.49287108E+000
  0.49287101E+000
  0.49287093E+000
  0.49287085E+000
  0.49287077E+000
  0.49287068E+000
  0.49287059E+000
  0.49287050E+000
  0.49287040E+000
  0.49287030E+000
  0.49287019E+000
  0.49287008E+000
  0.49286996E+000
  0.49286984E+000
  0.49286972E+000
  0.49286959E+000
  0.49286945E+000
  0.49286931E+000
  0.49286917E+000
  0.49286902E+000
  0.49286886E+000
  0.49286871E+000
  0.49286854E+000
  0.49286837E+000
  0.49286820E+000
  0.49286802E+000
  0.49286784E+000
  0.49286766E+000
  0.49286747E+000
  0.49286727E+000
  0.49286707E+000
  0.49286687E+000
  0.49286667E+000
  0.49286646E+000
  0.49286625E+000
  0.49286603E+000
  0.49286582E+000
  0.49286560E+000
  0.49286537E+000
  0.49286515E+000
  0.49286492E+000
  0.49286469E+000
  0.49286447E+000
  0.49286423E+000
  0.49286400E+000
  0.49286377E+000
  0.49286354E+000
  0.49286330E+000
  0.49286307E+000
  0.49286283E+000
  0.49286260E+000
  0.49286237E+000
  0.49286214E+000
  0.49286190E+000
  0.49286167E+000
  0.49286144E+000
  0.49286122E+000
  0.49286099E+000
  0.49286077E+000
  0.49286054E+000
  0.49286032E+000
  0.49286011E+000
  0.49285989E+000
  0.49285968E+000
  0.49285947E+000
  0.49285926E+000
  0.49285905E+000
  0.49285885E+000
  0.49285865E+000
  0.49285846E+000
  0.49285826E+000
  0.49285807E+000
  0.49285789E+000
  0.49285770E+000
  0.49285753E+000
  0.49285735E+000
  0.49285718E+000
  0.49285701E+000
  0.49285684E+000
  0.49285668E+000
  0.49285652E+000
  0.49285637E+000
  0.49285622E+000
  0.49285607E+000
  0.49285593E+000
  0.49285578E+000
  0.49285565E+000
  0.49285551E+000
  0.49285538E+000
  0.49285526E+000
  0.49285513E+000
  0.49285501E+000
  0.49285490E+000
  0.49285478E+000
  0.49285467E+000
  0.49285457E+000
  0.49285446E+000
  0.49285436E+000
  0.49285426E+000
  0.49285417E+000
  0.49285408E+000
  0.49285399E+000
  0.49285390E+000
  0.49285382E+000
  0.49285374E+000
  0.49285366E+000
  0.49285358E+000
  0.49285351E+000
  0.49285344E+000
  0.49285337E+000
  0.49285330E+000
  0.49285324E+000
  0.49285317E+000
  0.49285311E+000
  0.49285306E+000
  0.49285300E+000
  0.49285295E+000
  0.49285289E+000
  0.49285284E+000
  0.49285280E+000
  0.49285275E+000
  0.49285270E+000
  0.49285266E+000
  0.49285262E+000
  0.49285258E+000
  0.49285254E+000
  0.49285250E+000
  0.49285247E+000
  0.49285243E+000
  0.49285240E+000
  0.49285237E+000
  0.49285234E+000
  0.49285231E+000
  0.49285228E+000
  0.49285225E+000
  0.49285222E+000
  0.49285220E+000
  0.49285218E+000
  0.49285215E+000
  0.49285213E+000
  0.49285211E+000
  0.49285209E+000
  0.49285207E+000
  0.49285205E+000
