  0.57577383E+000  0.94009173E+000  0.10815704E+001  0.34467089E+001
  0.57577420E+000  0.94009207E+000  0.10815712E+001  0.34467099E+001
  0.57577429E+000  0.94009213E+000  0.10815713E+001  0.34467105E+001
  0.57577432E+000  0.94009211E+000  0.10815714E+001  0.34467111E+001
  0.57577431E+000  0.94009206E+000  0.10815714E+001  0.34467118E+001
  0.57577429E+000  0.94009202E+000  0.10815714E+001  0.34467126E+001
  0.57577426E+000  0.94009196E+000  0.10815714E+001  0.34467134E+001
  0.57577422E+000  0.94009191E+000  0.10815714E+001  0.34467143E+001
  0.57577418E+000  0.94009187E+000  0.10815714E+001  0.34467152E+001
  0.57577414E+000  0.94009182E+000  0.10815715E+001  0.34467161E+001
  0.57577410E+000  0.94009178E+000  0.10815715E+001  0.34467171E+001
  0.57577407E+000  0.94009173E+000  0.10815715E+001  0.34467182E+001
  0.57577403E+000  0.94009170E+000  0.10815715E+001  0.34467192E+001
  0.57577399E+000  0.94009166E+000  0.10815715E+001  0.34467203E+001
  0.57577396E+000  0.94009163E+000  0.10815715E+001  0.34467215E+001
  0.57577393E+000  0.94009159E+000  0.10815715E+001  0.34467226E+001
  0.57577390E+000  0.94009156E+000  0.10815715E+001  0.34467238E+001
  0.57577387E+000  0.94009154E+000  0.10815715E+001  0.34467250E+001
  0.57577384E+000  0.94009151E+000  0.10815715E+001  0.34467263E+001
  0.57577382E+000  0.94009149E+000  0.10815715E+001  0.34467276E+001
  0.57577380E+000  0.94009147E+000  0.10815716E+001  0.34467289E+001
  0.57577378E+000  0.94009145E+000  0.10815716E+001  0.34467303E+001
  0.57577376E+000  0.94009143E+000  0.10815716E+001  0.34467317E+001
  0.57577374E+000  0.94009141E+000  0.10815716E+001  0.34467331E+001
  0.57577373E+000  0.94009140E+000  0.10815717E+001  0.34467346E+001
  0.57577371E+000  0.94009139E+000  0.10815717E+001  0.34467361E+001
  0.57577370E+000  0.94009138E+000  0.10815717E+001  0.34467377E+001
  0.57577369E+000  0.94009137E+000  0.10815718E+001  0.34467393E+001
  0.57577369E+000  0.94009136E+000  0.10815718E+001  0.34467410E+001
  0.57577368E+000  0.94009135E+000  0.10815719E+001  0.34467428E+001
  0.57577368E+000  0.94009135E+000  0.10815719E+001  0.34467446E+001
  0.57577367E+000  0.94009134E+000  0.10815720E+001  0.34467464E+001
  0.57577367E+000  0.94009134E+000  0.10815720E+001  0.34467483E+001
  0.57577367E+000  0.94009134E+000  0.10815721E+001  0.34467503E+001
  0.57577368E+000  0.94009134E+000  0.10815722E+001  0.34467524E+001
  0.57577368E+000  0.94009135E+000  0.10815723E+001  0.34467545E+001
  0.57577369E+000  0.94009135E+000  0.10815723E+001  0.34467567E+001
  0.57577370E+000  0.94009136E+000  0.10815724E+001  0.34467589E+001
  0.57577371E+000  0.94009137E+000  0.10815725E+001  0.34467613E+001
  0.57577373E+000  0.94009138E+000  0.10815726E+001  0.34467637E+001
  0.57577374E+000  0.94009139E+000  0.10815728E+001  0.34467662E+001
  0.57577376E+000  0.94009140E+000  0.10815729E+001  0.34467688E+001
  0.57577378E+000  0.94009142E+000  0.10815730E+001  0.34467715E+001
  0.57577380E+000  0.94009144E+000  0.10815731E+001  0.34467742E+001
  0.57577383E+000  0.94009145E+000  0.10815733E+001  0.34467771E+001
  0.57577385E+000  0.94009147E+000  0.10815734E+001  0.34467800E+001
  0.57577388E+000  0.94009150E+000  0.10815736E+001  0.34467830E+001
  0.57577392E+000  0.94009152E+000  0.10815737E+001  0.34467862E+001
  0.57577395E+000  0.94009154E+000  0.10815739E+001  0.34467894E+001
  0.57577399E+000  0.94009157E+000  0.10815741E+001  0.34467927E+001
  0.57577403E+000  0.94009160E+000  0.10815743E+001  0.34467961E+001
  0.57577407E+000  0.94009163E+000  0.10815745E+001  0.34467996E+001
  0.57577412E+000  0.94009166E+000  0.10815747E+001  0.34468032E+001
  0.57577417E+000  0.94009169E+000  0.10815749E+001  0.34468069E+001
  0.57577422E+000  0.94009173E+000  0.10815751E+001  0.34468107E+001
  0.57577427E+000  0.94009176E+000  0.10815753E+001  0.34468146E+001
  0.57577433E+000  0.94009180E+000  0.10815756E+001  0.34468186E+001
  0.57577440E+000  0.94009184E+000  0.10815758E+001  0.34468227E+001
  0.57577446E+000  0.94009188E+000  0.10815761E+001  0.34468269E+001
  0.57577454E+000  0.94009193E+000  0.10815764E+001  0.34468312E+001
  0.57577461E+000  0.94009197E+000  0.10815767E+001  0.34468356E+001
  0.57577469E+000  0.94009202E+000  0.10815770E+001  0.34468401E+001
  0.57577478E+000  0.94009207E+000  0.10815773E+001  0.34468446E+001
  0.57577487E+000  0.94009212E+000  0.10815776E+001  0.34468493E+001
  0.57577496E+000  0.94009218E+000  0.10815780E+001  0.34468540E+001
  0.57577506E+000  0.94009224E+000  0.10815784E+001  0.34468588E+001
  0.57577516E+000  0.94009229E+000  0.10815787E+001  0.34468637E+001
  0.57577528E+000  0.94009236E+000  0.10815791E+001  0.34468687E+001
  0.57577539E+000  0.94009242E+000  0.10815795E+001  0.34468737E+001
  0.57577551E+000  0.94009249E+000  0.10815800E+001  0.34468788E+001
  0.57577564E+000  0.94009256E+000  0.10815804E+001  0.34468840E+001
  0.57577578E+000  0.94009263E+000  0.10815809E+001  0.34468893E+001
  0.57577592E+000  0.94009271E+000  0.10815813E+001  0.34468946E+001
  0.57577606E+000  0.94009279E+000  0.10815818E+001  0.34469000E+001
  0.57577622E+000  0.94009287E+000  0.10815824E+001  0.34469054E+001
  0.57577637E+000  0.94009296E+000  0.10815829E+001  0.34469109E+001
  0.57577654E+000  0.94009304E+000  0.10815834E+001  0.34469164E+001
  0.57577671E+000  0.94009314E+000  0.10815840E+001  0.34469220E+001
  0.57577689E+000  0.94009323E+000  0.10815846E+001  0.34469276E+001
  0.57577707E+000  0.94009333E+000  0.10815852E+001  0.34469333E+001
  0.57577726E+000  0.94009343E+000  0.10815858E+001  0.34469390E+001
  0.57577746E+000  0.94009354E+000  0.10815865E+001  0.34469447E+001
  0.57577766E+000  0.94009364E+000  0.10815872E+001  0.34469504E+001
  0.57577787E+000  0.94009376E+000  0.10815878E+001  0.34469562E+001
  0.57577809E+000  0.94009387E+000  0.10815885E+001  0.34469620E+001
  0.57577831E+000  0.94009399E+000  0.10815893E+001  0.34469679E+001
  0.57577853E+000  0.94009411E+000  0.10815900E+001  0.34469737E+001
  0.57577876E+000  0.94009423E+000  0.10815907E+001  0.34469796E+001
  0.57577900E+000  0.94009436E+000  0.10815915E+001  0.34469855E+001
  0.57577924E+000  0.94009449E+000  0.10815923E+001  0.34469914E+001
  0.57577949E+000  0.94009462E+000  0.10815931E+001  0.34469973E+001
  0.57577974E+000  0.94009475E+000  0.10815939E+001  0.34470033E+001
  0.57577999E+000  0.94009489E+000  0.10815947E+001  0.34470092E+001
  0.57578025E+000  0.94009503E+000  0.10815956E+001  0.34470152E+001
  0.57578051E+000  0.94009517E+000  0.10815964E+001  0.34470212E+001
  0.57578077E+000  0.94009531E+000  0.10815973E+001  0.34470272E+001
  0.57578104E+000  0.94009545E+000  0.10815981E+001  0.34470332E+001
  0.57578131E+000  0.94009560E+000  0.10815990E+001  0.34470392E+001
  0.57578158E+000  0.94009575E+000  0.10815999E+001  0.34470452E+001
  0.57578186E+000  0.94009590E+000  0.10816008E+001  0.34470513E+001
  0.57578213E+000  0.94009605E+000  0.10816017E+001  0.34470574E+001
  0.57578241E+000  0.94009620E+000  0.10816026E+001  0.34470634E+001
  0.57578269E+000  0.94009635E+000  0.10816035E+001  0.34470696E+001
  0.57578297E+000  0.94009650E+000  0.10816044E+001  0.34470757E+001
  0.57578325E+000  0.94009666E+000  0.10816053E+001  0.34470818E+001
  0.57578353E+000  0.94009681E+000  0.10816062E+001  0.34470880E+001
  0.57578381E+000  0.94009696E+000  0.10816071E+001  0.34470942E+001
  0.57578408E+000  0.94009711E+000  0.10816080E+001  0.34471005E+001
  0.57578436E+000  0.94009727E+000  0.10816088E+001  0.34471067E+001
  0.57578464E+000  0.94009742E+000  0.10816097E+001  0.34471130E+001
  0.57578491E+000  0.94009757E+000  0.10816106E+001  0.34471193E+001
  0.57578518E+000  0.94009772E+000  0.10816115E+001  0.34471257E+001
  0.57578545E+000  0.94009787E+000  0.10816123E+001  0.34471321E+001
  0.57578572E+000  0.94009802E+000  0.10816132E+001  0.34471385E+001
  0.57578599E+000  0.94009816E+000  0.10816140E+001  0.34471450E+001
  0.57578625E+000  0.94009831E+000  0.10816149E+001  0.34471516E+001
  0.57578651E+000  0.94009845E+000  0.10816157E+001  0.34471581E+001
  0.57578676E+000  0.94009859E+000  0.10816165E+001  0.34471648E+001
  0.57578701E+000  0.94009873E+000  0.10816173E+001  0.34471714E+001
  0.57578726E+000  0.94009887E+000  0.10816181E+001  0.34471782E+001
  0.57578751E+000  0.94009901E+000  0.10816189E+001  0.34471849E+001
  0.57578775E+000  0.94009914E+000  0.10816196E+001  0.34471918E+001
  0.57578798E+000  0.94009927E+000  0.10816204E+001  0.34471987E+001
  0.57578822E+000  0.94009940E+000  0.10816211E+001  0.34472056E+001
  0.57578844E+000  0.94009952E+000  0.10816218E+001  0.34472126E+001
  0.57578867E+000  0.94009965E+000  0.10816225E+001  0.34472197E+001
  0.57578889E+000  0.94009977E+000  0.10816232E+001  0.34472268E+001
  0.57578910E+000  0.94009989E+000  0.10816239E+001  0.34472340E+001
  0.57578931E+000  0.94010000E+000  0.10816245E+001  0.34472412E+001
  0.57578951E+000  0.94010011E+000  0.10816252E+001  0.34472486E+001
  0.57578971E+000  0.94010022E+000  0.10816258E+001  0.34472559E+001
  0.57578991E+000  0.94010033E+000  0.10816264E+001  0.34472634E+001
  0.57579010E+000  0.94010044E+000  0.10816270E+001  0.34472709E+001
  0.57579028E+000  0.94010054E+000  0.10816276E+001  0.34472784E+001
  0.57579046E+000  0.94010064E+000  0.10816281E+001  0.34472861E+001
  0.57579063E+000  0.94010073E+000  0.10816287E+001  0.34472937E+001
  0.57579080E+000  0.94010082E+000  0.10816292E+001  0.34473015E+001
  0.57579097E+000  0.94010091E+000  0.10816297E+001  0.34473093E+001
  0.57579113E+000  0.94010100E+000  0.10816302E+001  0.34473171E+001
  0.57579128E+000  0.94010109E+000  0.10816307E+001  0.34473250E+001
  0.57579144E+000  0.94010117E+000  0.10816312E+001  0.34473330E+001
  0.57579158E+000  0.94010125E+000  0.10816316E+001  0.34473410E+001
  0.57579172E+000  0.94010133E+000  0.10816321E+001  0.34473491E+001
  0.57579186E+000  0.94010140E+000  0.10816325E+001  0.34473572E+001
  0.57579199E+000  0.94010147E+000  0.10816329E+001  0.34473653E+001
  0.57579212E+000  0.94010154E+000  0.10816333E+001  0.34473735E+001
  0.57579224E+000  0.94010161E+000  0.10816337E+001  0.34473818E+001
  0.57579236E+000  0.94010167E+000  0.10816341E+001  0.34473900E+001
  0.57579248E+000  0.94010174E+000  0.10816344E+001  0.34473983E+001
  0.57579259E+000  0.94010180E+000  0.10816348E+001  0.34474066E+001
  0.57579269E+000  0.94010185E+000  0.10816351E+001  0.34474150E+001
  0.57579280E+000  0.94010191E+000  0.10816354E+001  0.34474234E+001
  0.57579290E+000  0.94010196E+000  0.10816357E+001  0.34474317E+001
  0.57579299E+000  0.94010202E+000  0.10816360E+001  0.34474401E+001
  0.57579308E+000  0.94010207E+000  0.10816363E+001  0.34474485E+001
  0.57579317E+000  0.94010211E+000  0.10816366E+001  0.34474569E+001
  0.57579326E+000  0.94010216E+000  0.10816369E+001  0.34474653E+001
  0.57579334E+000  0.94010220E+000  0.10816371E+001  0.34474737E+001
  0.57579342E+000  0.94010225E+000  0.10816374E+001  0.34474821E+001
  0.57579349E+000  0.94010229E+000  0.10816376E+001  0.34474905E+001
  0.57579356E+000  0.94010232E+000  0.10816378E+001  0.34474989E+001
  0.57579363E+000  0.94010236E+000  0.10816380E+001  0.34475072E+001
  0.57579370E+000  0.94010240E+000  0.10816382E+001  0.34475155E+001
  0.57579376E+000  0.94010243E+000  0.10816384E+001  0.34475238E+001
  0.57579382E+000  0.94010247E+000  0.10816386E+001  0.34475320E+001
  0.57579388E+000  0.94010250E+000  0.10816388E+001  0.34475402E+001
  0.57579394E+000  0.94010253E+000  0.10816390E+001  0.34475484E+001
  0.57579399E+000  0.94010256E+000  0.10816392E+001  0.34475565E+001
  0.57579404E+000  0.94010258E+000  0.10816393E+001  0.34475645E+001
  0.57579409E+000  0.94010261E+000  0.10816395E+001  0.34475725E+001
  0.57579414E+000  0.94010264E+000  0.10816396E+001  0.34475804E+001
  0.57579418E+000  0.94010266E+000  0.10816398E+001  0.34475883E+001
  0.57579423E+000  0.94010268E+000  0.10816399E+001  0.34475961E+001
  0.57579427E+000  0.94010270E+000  0.10816400E+001  0.34476038E+001
  0.57579431E+000  0.94010273E+000  0.10816401E+001  0.34476115E+001
  0.57579434E+000  0.94010275E+000  0.10816403E+001  0.34476190E+001
  0.57579438E+000  0.94010277E+000  0.10816404E+001  0.34476265E+001
  0.57579441E+000  0.94010278E+000  0.10816405E+001  0.34476339E+001
  0.57579445E+000  0.94010280E+000  0.10816406E+001  0.34476412E+001
  0.57579448E+000  0.94010282E+000  0.10816407E+001  0.34476484E+001
  0.57579451E+000  0.94010283E+000  0.10816408E+001  0.34476555E+001
  0.57579453E+000  0.94010285E+000  0.10816409E+001  0.34476625E+001
  0.57579456E+000  0.94010286E+000  0.10816409E+001  0.34476694E+001
  0.57579459E+000  0.94010288E+000  0.10816410E+001  0.34476763E+001
  0.57579461E+000  0.94010289E+000  0.10816411E+001  0.34476830E+001
  0.57579463E+000  0.94010290E+000  0.10816412E+001  0.34476896E+001
  0.57579466E+000  0.94010292E+000  0.10816412E+001  0.34476961E+001
  0.57579468E+000  0.94010293E+000  0.10816413E+001  0.34477024E+001
  0.57579470E+000  0.94010294E+000  0.10816414E+001  0.34477087E+001
  0.57579472E+000  0.94010295E+000  0.10816414E+001  0.34477149E+001
  0.57579473E+000  0.94010296E+000  0.10816415E+001  0.34477209E+001
  0.57579475E+000  0.94010297E+000  0.10816416E+001  0.34477268E+001
  0.57579477E+000  0.94010298E+000  0.10816416E+001  0.34477326E+001
  0.57579478E+000  0.94010298E+000  0.10816417E+001  0.34477383E+001
  0.57579480E+000  0.94010299E+000  0.10816417E+001  0.34477439E+001
  0.57579481E+000  0.94010300E+000  0.10816417E+001  0.34477494E+001
  0.57579483E+000  0.94010301E+000  0.10816418E+001  0.34477547E+001
  0.57579484E+000  0.94010301E+000  0.10816418E+001  0.34477599E+001
  0.57579485E+000  0.94010302E+000  0.10816419E+001  0.34477650E+001
  0.57579486E+000  0.94010303E+000  0.10816419E+001  0.34477700E+001
