  0.68698985E+000
  0.68699000E+000
  0.68698987E+000
  0.68698971E+000
  0.68698955E+000
  0.68698940E+000
  0.68698926E+000
  0.68698912E+000
  0.68698899E+000
  0.68698887E+000
  0.68698875E+000
  0.68698863E+000
  0.68698852E+000
  0.68698841E+000
  0.68698831E+000
  0.68698821E+000
  0.68698811E+000
  0.68698802E+000
  0.68698792E+000
  0.68698783E+000
  0.68698774E+000
  0.68698766E+000
  0.68698757E+000
  0.68698749E+000
  0.68698741E+000
  0.68698733E+000
  0.68698725E+000
  0.68698717E+000
  0.68698710E+000
  0.68698702E+000
  0.68698694E+000
  0.68698687E+000
  0.68698679E+000
  0.68698671E+000
  0.68698664E+000
  0.68698656E+000
  0.68698648E+000
  0.68698640E+000
  0.68698632E+000
  0.68698624E+000
  0.68698616E+000
  0.68698607E+000
  0.68698599E+000
  0.68698590E+000
  0.68698581E+000
  0.68698572E+000
  0.68698562E+000
  0.68698552E+000
  0.68698542E+000
  0.68698531E+000
  0.68698521E+000
  0.68698509E+000
  0.68698498E+000
  0.68698485E+000
  0.68698473E+000
  0.68698460E+000
  0.68698446E+000
  0.68698432E+000
  0.68698418E+000
  0.68698403E+000
  0.68698387E+000
  0.68698371E+000
  0.68698354E+000
  0.68698337E+000
  0.68698319E+000
  0.68698300E+000
  0.68698281E+000
  0.68698261E+000
  0.68698240E+000
  0.68698219E+000
  0.68698197E+000
  0.68698174E+000
  0.68698151E+000
  0.68698128E+000
  0.68698103E+000
  0.68698078E+000
  0.68698053E+000
  0.68698027E+000
  0.68698000E+000
  0.68697973E+000
  0.68697945E+000
  0.68697917E+000
  0.68697889E+000
  0.68697860E+000
  0.68697831E+000
  0.68697801E+000
  0.68697771E+000
  0.68697741E+000
  0.68697711E+000
  0.68697680E+000
  0.68697649E+000
  0.68697618E+000
  0.68697587E+000
  0.68697556E+000
  0.68697524E+000
  0.68697492E+000
  0.68697461E+000
  0.68697429E+000
  0.68697398E+000
  0.68697366E+000
  0.68697334E+000
  0.68697303E+000
  0.68697271E+000
  0.68697240E+000
  0.68697209E+000
  0.68697178E+000
  0.68697147E+000
  0.68697116E+000
  0.68697086E+000
  0.68697055E+000
  0.68697025E+000
  0.68696995E+000
  0.68696966E+000
  0.68696937E+000
  0.68696908E+000
  0.68696879E+000
  0.68696851E+000
  0.68696822E+000
  0.68696795E+000
  0.68696767E+000
  0.68696741E+000
  0.68696714E+000
  0.68696688E+000
  0.68696662E+000
  0.68696637E+000
  0.68696612E+000
  0.68696587E+000
  0.68696563E+000
  0.68696539E+000
  0.68696516E+000
  0.68696493E+000
  0.68696471E+000
  0.68696449E+000
  0.68696427E+000
  0.68696406E+000
  0.68696385E+000
  0.68696365E+000
  0.68696346E+000
  0.68696326E+000
  0.68696307E+000
  0.68696289E+000
  0.68696271E+000
  0.68696253E+000
  0.68696236E+000
  0.68696220E+000
  0.68696203E+000
  0.68696188E+000
  0.68696172E+000
  0.68696157E+000
  0.68696143E+000
  0.68696128E+000
  0.68696115E+000
  0.68696101E+000
  0.68696088E+000
  0.68696075E+000
  0.68696063E+000
  0.68696051E+000
  0.68696040E+000
  0.68696028E+000
  0.68696017E+000
  0.68696007E+000
  0.68695997E+000
  0.68695987E+000
  0.68695977E+000
  0.68695968E+000
  0.68695959E+000
  0.68695950E+000
  0.68695942E+000
  0.68695933E+000
  0.68695926E+000
  0.68695918E+000
  0.68695911E+000
  0.68695903E+000
  0.68695897E+000
  0.68695890E+000
  0.68695884E+000
  0.68695877E+000
  0.68695871E+000
  0.68695866E+000
  0.68695860E+000
  0.68695855E+000
  0.68695850E+000
  0.68695845E+000
  0.68695840E+000
  0.68695835E+000
  0.68695831E+000
  0.68695826E+000
  0.68695822E+000
  0.68695818E+000
  0.68695814E+000
  0.68695811E+000
  0.68695807E+000
  0.68695804E+000
  0.68695800E+000
  0.68695797E+000
  0.68695794E+000
  0.68695791E+000
  0.68695789E+000
  0.68695786E+000
  0.68695783E+000
