  0.10941321E+002
  0.10941334E+002
  0.10941346E+002
  0.10941358E+002
  0.10941369E+002
  0.10941381E+002
  0.10941393E+002
  0.10941404E+002
  0.10941416E+002
  0.10941427E+002
  0.10941438E+002
  0.10941449E+002
  0.10941461E+002
  0.10941472E+002
  0.10941483E+002
  0.10941494E+002
  0.10941506E+002
  0.10941517E+002
  0.10941528E+002
  0.10941540E+002
  0.10941552E+002
  0.10941563E+002
  0.10941575E+002
  0.10941587E+002
  0.10941600E+002
  0.10941612E+002
  0.10941625E+002
  0.10941638E+002
  0.10941652E+002
  0.10941665E+002
  0.10941680E+002
  0.10941694E+002
  0.10941709E+002
  0.10941724E+002
  0.10941740E+002
  0.10941756E+002
  0.10941773E+002
  0.10941790E+002
  0.10941807E+002
  0.10941826E+002
  0.10941845E+002
  0.10941864E+002
  0.10941884E+002
  0.10941905E+002
  0.10941926E+002
  0.10941948E+002
  0.10941971E+002
  0.10941995E+002
  0.10942019E+002
  0.10942044E+002
  0.10942070E+002
  0.10942097E+002
  0.10942124E+002
  0.10942152E+002
  0.10942182E+002
  0.10942212E+002
  0.10942242E+002
  0.10942274E+002
  0.10942307E+002
  0.10942340E+002
  0.10942375E+002
  0.10942410E+002
  0.10942446E+002
  0.10942483E+002
  0.10942521E+002
  0.10942560E+002
  0.10942599E+002
  0.10942639E+002
  0.10942681E+002
  0.10942723E+002
  0.10942765E+002
  0.10942809E+002
  0.10942853E+002
  0.10942898E+002
  0.10942944E+002
  0.10942991E+002
  0.10943038E+002
  0.10943086E+002
  0.10943134E+002
  0.10943183E+002
  0.10943232E+002
  0.10943282E+002
  0.10943333E+002
  0.10943384E+002
  0.10943436E+002
  0.10943487E+002
  0.10943540E+002
  0.10943592E+002
  0.10943645E+002
  0.10943699E+002
  0.10943752E+002
  0.10943806E+002
  0.10943860E+002
  0.10943915E+002
  0.10943970E+002
  0.10944024E+002
  0.10944079E+002
  0.10944135E+002
  0.10944190E+002
  0.10944246E+002
  0.10944301E+002
  0.10944357E+002
  0.10944413E+002
  0.10944469E+002
  0.10944525E+002
  0.10944581E+002
  0.10944638E+002
  0.10944694E+002
  0.10944751E+002
  0.10944807E+002
  0.10944864E+002
  0.10944921E+002
  0.10944977E+002
  0.10945034E+002
  0.10945091E+002
  0.10945148E+002
  0.10945205E+002
  0.10945263E+002
  0.10945320E+002
  0.10945377E+002
  0.10945435E+002
  0.10945492E+002
  0.10945550E+002
  0.10945608E+002
  0.10945666E+002
  0.10945724E+002
  0.10945782E+002
  0.10945840E+002
  0.10945898E+002
  0.10945956E+002
  0.10946015E+002
  0.10946073E+002
  0.10946132E+002
  0.10946191E+002
  0.10946249E+002
  0.10946308E+002
  0.10946367E+002
  0.10946426E+002
  0.10946485E+002
  0.10946544E+002
  0.10946603E+002
  0.10946663E+002
  0.10946722E+002
  0.10946781E+002
  0.10946840E+002
  0.10946899E+002
  0.10946958E+002
  0.10947017E+002
  0.10947076E+002
  0.10947135E+002
  0.10947194E+002
  0.10947253E+002
  0.10947311E+002
  0.10947370E+002
  0.10947428E+002
  0.10947486E+002
  0.10947544E+002
  0.10947601E+002
  0.10947659E+002
  0.10947716E+002
  0.10947772E+002
  0.10947829E+002
  0.10947885E+002
  0.10947940E+002
  0.10947995E+002
  0.10948050E+002
  0.10948104E+002
  0.10948158E+002
  0.10948212E+002
  0.10948265E+002
  0.10948317E+002
  0.10948369E+002
  0.10948420E+002
  0.10948471E+002
  0.10948521E+002
  0.10948570E+002
  0.10948619E+002
  0.10948667E+002
  0.10948715E+002
  0.10948762E+002
  0.10948808E+002
  0.10948853E+002
  0.10948898E+002
  0.10948942E+002
  0.10948985E+002
  0.10949028E+002
  0.10949069E+002
  0.10949110E+002
  0.10949151E+002
  0.10949190E+002
  0.10949229E+002
  0.10949267E+002
  0.10949304E+002
  0.10949340E+002
  0.10949376E+002
  0.10949410E+002
  0.10949444E+002
  0.10949478E+002
  0.10949510E+002
  0.10949542E+002
