  0.23364842E+000
  0.23368223E+000
  0.23368719E+000
  0.23368830E+000
  0.23368880E+000
  0.23368919E+000
  0.23368955E+000
  0.23368990E+000
  0.23369023E+000
  0.23369056E+000
  0.23369086E+000
  0.23369115E+000
  0.23369143E+000
  0.23369170E+000
  0.23369196E+000
  0.23369221E+000
  0.23369246E+000
  0.23369270E+000
  0.23369295E+000
  0.23369320E+000
  0.23369346E+000
  0.23369373E+000
  0.23369401E+000
  0.23369430E+000
  0.23369461E+000
  0.23369494E+000
  0.23369529E+000
  0.23369566E+000
  0.23369605E+000
  0.23369647E+000
  0.23369692E+000
  0.23369739E+000
  0.23369790E+000
  0.23369843E+000
  0.23369900E+000
  0.23369960E+000
  0.23370024E+000
  0.23370091E+000
  0.23370161E+000
  0.23370235E+000
  0.23370312E+000
  0.23370392E+000
  0.23370475E+000
  0.23370561E+000
  0.23370649E+000
  0.23370740E+000
  0.23370833E+000
  0.23370928E+000
  0.23371024E+000
  0.23371122E+000
  0.23371220E+000
  0.23371319E+000
  0.23371418E+000
  0.23371517E+000
  0.23371616E+000
  0.23371713E+000
  0.23371810E+000
  0.23371905E+000
  0.23371998E+000
  0.23372089E+000
  0.23372178E+000
  0.23372264E+000
  0.23372348E+000
  0.23372428E+000
  0.23372505E+000
  0.23372579E+000
  0.23372650E+000
  0.23372717E+000
  0.23372780E+000
  0.23372841E+000
  0.23372897E+000
  0.23372950E+000
  0.23373000E+000
  0.23373046E+000
  0.23373089E+000
  0.23373129E+000
  0.23373166E+000
  0.23373200E+000
  0.23373231E+000
  0.23373259E+000
  0.23373285E+000
  0.23373308E+000
  0.23373329E+000
  0.23373348E+000
  0.23373364E+000
  0.23373379E+000
  0.23373392E+000
  0.23373402E+000
  0.23373411E+000
  0.23373419E+000
  0.23373424E+000
  0.23373428E+000
  0.23373431E+000
  0.23373432E+000
  0.23373432E+000
  0.23373430E+000
  0.23373427E+000
  0.23373422E+000
  0.23373417E+000
  0.23373410E+000
  0.23373402E+000
  0.23373393E+000
  0.23373383E+000
  0.23373372E+000
  0.23373360E+000
  0.23373347E+000
  0.23373333E+000
  0.23373318E+000
  0.23373302E+000
  0.23373286E+000
  0.23373269E+000
  0.23373251E+000
  0.23373233E+000
  0.23373215E+000
  0.23373195E+000
  0.23373176E+000
  0.23373156E+000
  0.23373136E+000
  0.23373115E+000
  0.23373095E+000
  0.23373074E+000
  0.23373053E+000
  0.23373032E+000
  0.23373011E+000
  0.23372990E+000
  0.23372969E+000
  0.23372948E+000
  0.23372928E+000
  0.23372907E+000
  0.23372887E+000
  0.23372867E+000
  0.23372847E+000
  0.23372828E+000
  0.23372809E+000
  0.23372790E+000
  0.23372772E+000
  0.23372754E+000
  0.23372736E+000
  0.23372719E+000
  0.23372702E+000
  0.23372685E+000
  0.23372669E+000
  0.23372654E+000
  0.23372639E+000
  0.23372624E+000
  0.23372610E+000
  0.23372596E+000
  0.23372582E+000
  0.23372569E+000
  0.23372556E+000
  0.23372544E+000
  0.23372532E+000
  0.23372521E+000
  0.23372510E+000
  0.23372500E+000
  0.23372489E+000
  0.23372479E+000
  0.23372470E+000
  0.23372461E+000
  0.23372452E+000
  0.23372444E+000
  0.23372436E+000
  0.23372428E+000
  0.23372420E+000
  0.23372413E+000
  0.23372406E+000
  0.23372400E+000
  0.23372394E+000
  0.23372388E+000
  0.23372382E+000
  0.23372376E+000
  0.23372371E+000
  0.23372366E+000
  0.23372361E+000
  0.23372356E+000
  0.23372352E+000
  0.23372348E+000
  0.23372344E+000
  0.23372340E+000
  0.23372336E+000
  0.23372333E+000
  0.23372330E+000
  0.23372326E+000
  0.23372323E+000
  0.23372321E+000
  0.23372318E+000
  0.23372315E+000
  0.23372313E+000
  0.23372310E+000
  0.23372308E+000
  0.23372306E+000
  0.23372304E+000
  0.23372302E+000
  0.23372300E+000
  0.23372298E+000
  0.23372297E+000
  0.23372295E+000
  0.23372294E+000
  0.23372292E+000
  0.23372291E+000
