  0.52304222E+000
  0.52310109E+000
  0.52311348E+000
  0.52311651E+000
  0.52311714E+000
  0.52311703E+000
  0.52311666E+000
  0.52311619E+000
  0.52311568E+000
  0.52311515E+000
  0.52311463E+000
  0.52311413E+000
  0.52311364E+000
  0.52311317E+000
  0.52311272E+000
  0.52311229E+000
  0.52311188E+000
  0.52311149E+000
  0.52311112E+000
  0.52311077E+000
  0.52311044E+000
  0.52311013E+000
  0.52310983E+000
  0.52310955E+000
  0.52310928E+000
  0.52310902E+000
  0.52310877E+000
  0.52310854E+000
  0.52310832E+000
  0.52310811E+000
  0.52310791E+000
  0.52310772E+000
  0.52310754E+000
  0.52310737E+000
  0.52310721E+000
  0.52310706E+000
  0.52310692E+000
  0.52310679E+000
  0.52310666E+000
  0.52310655E+000
  0.52310644E+000
  0.52310634E+000
  0.52310625E+000
  0.52310616E+000
  0.52310608E+000
  0.52310600E+000
  0.52310592E+000
  0.52310583E+000
  0.52310575E+000
  0.52310565E+000
  0.52310555E+000
  0.52310544E+000
  0.52310531E+000
  0.52310517E+000
  0.52310501E+000
  0.52310482E+000
  0.52310461E+000
  0.52310438E+000
  0.52310411E+000
  0.52310381E+000
  0.52310348E+000
  0.52310312E+000
  0.52310272E+000
  0.52310228E+000
  0.52310180E+000
  0.52310128E+000
  0.52310073E+000
  0.52310014E+000
  0.52309951E+000
  0.52309884E+000
  0.52309814E+000
  0.52309740E+000
  0.52309663E+000
  0.52309583E+000
  0.52309501E+000
  0.52309415E+000
  0.52309328E+000
  0.52309238E+000
  0.52309146E+000
  0.52309053E+000
  0.52308958E+000
  0.52308862E+000
  0.52308765E+000
  0.52308667E+000
  0.52308569E+000
  0.52308470E+000
  0.52308372E+000
  0.52308273E+000
  0.52308175E+000
  0.52308077E+000
  0.52307979E+000
  0.52307882E+000
  0.52307786E+000
  0.52307691E+000
  0.52307596E+000
  0.52307503E+000
  0.52307410E+000
  0.52307319E+000
  0.52307229E+000
  0.52307141E+000
  0.52307053E+000
  0.52306967E+000
  0.52306883E+000
  0.52306799E+000
  0.52306718E+000
  0.52306638E+000
  0.52306559E+000
  0.52306482E+000
  0.52306406E+000
  0.52306332E+000
  0.52306260E+000
  0.52306189E+000
  0.52306120E+000
  0.52306052E+000
  0.52305986E+000
  0.52305922E+000
  0.52305859E+000
  0.52305798E+000
  0.52305739E+000
  0.52305681E+000
  0.52305625E+000
  0.52305570E+000
  0.52305517E+000
  0.52305466E+000
  0.52305416E+000
  0.52305367E+000
  0.52305320E+000
  0.52305275E+000
  0.52305231E+000
  0.52305189E+000
  0.52305148E+000
  0.52305108E+000
  0.52305070E+000
  0.52305033E+000
  0.52304998E+000
  0.52304964E+000
  0.52304931E+000
  0.52304899E+000
  0.52304868E+000
  0.52304839E+000
  0.52304811E+000
  0.52304784E+000
  0.52304758E+000
  0.52304733E+000
  0.52304709E+000
  0.52304686E+000
  0.52304665E+000
  0.52304644E+000
  0.52304623E+000
  0.52304604E+000
  0.52304586E+000
  0.52304568E+000
  0.52304551E+000
  0.52304535E+000
  0.52304520E+000
  0.52304505E+000
  0.52304492E+000
  0.52304478E+000
  0.52304465E+000
  0.52304453E+000
  0.52304442E+000
  0.52304431E+000
  0.52304420E+000
  0.52304410E+000
  0.52304401E+000
  0.52304392E+000
  0.52304383E+000
  0.52304375E+000
  0.52304367E+000
  0.52304360E+000
  0.52304353E+000
  0.52304346E+000
  0.52304340E+000
  0.52304334E+000
  0.52304328E+000
  0.52304322E+000
  0.52304317E+000
  0.52304312E+000
  0.52304308E+000
  0.52304303E+000
  0.52304299E+000
  0.52304295E+000
  0.52304291E+000
  0.52304288E+000
  0.52304284E+000
  0.52304281E+000
  0.52304278E+000
  0.52304275E+000
  0.52304272E+000
  0.52304269E+000
  0.52304267E+000
  0.52304265E+000
  0.52304262E+000
  0.52304260E+000
  0.52304258E+000
  0.52304256E+000
  0.52304254E+000
  0.52304253E+000
  0.52304251E+000
  0.52304250E+000
