  0.69328195E-001
  0.69329787E-001
  0.69330462E-001
  0.69330922E-001
  0.69331297E-001
  0.69331622E-001
  0.69331910E-001
  0.69332167E-001
  0.69332395E-001
  0.69332598E-001
  0.69332778E-001
  0.69332937E-001
  0.69333077E-001
  0.69333199E-001
  0.69333305E-001
  0.69333396E-001
  0.69333473E-001
  0.69333539E-001
  0.69333594E-001
  0.69333639E-001
  0.69333676E-001
  0.69333706E-001
  0.69333729E-001
  0.69333746E-001
  0.69333758E-001
  0.69333766E-001
  0.69333770E-001
  0.69333772E-001
  0.69333770E-001
  0.69333767E-001
  0.69333761E-001
  0.69333755E-001
  0.69333747E-001
  0.69333738E-001
  0.69333728E-001
  0.69333718E-001
  0.69333707E-001
  0.69333695E-001
  0.69333684E-001
  0.69333672E-001
  0.69333659E-001
  0.69333647E-001
  0.69333635E-001
  0.69333622E-001
  0.69333609E-001
  0.69333596E-001
  0.69333583E-001
  0.69333569E-001
  0.69333555E-001
  0.69333541E-001
  0.69333527E-001
  0.69333512E-001
  0.69333497E-001
  0.69333481E-001
  0.69333465E-001
  0.69333448E-001
  0.69333430E-001
  0.69333412E-001
  0.69333392E-001
  0.69333372E-001
  0.69333350E-001
  0.69333328E-001
  0.69333305E-001
  0.69333280E-001
  0.69333254E-001
  0.69333227E-001
  0.69333199E-001
  0.69333170E-001
  0.69333139E-001
  0.69333107E-001
  0.69333073E-001
  0.69333038E-001
  0.69333002E-001
  0.69332964E-001
  0.69332925E-001
  0.69332884E-001
  0.69332842E-001
  0.69332798E-001
  0.69332753E-001
  0.69332706E-001
  0.69332658E-001
  0.69332608E-001
  0.69332557E-001
  0.69332505E-001
  0.69332451E-001
  0.69332396E-001
  0.69332340E-001
  0.69332282E-001
  0.69332223E-001
  0.69332163E-001
  0.69332102E-001
  0.69332039E-001
  0.69331976E-001
  0.69331912E-001
  0.69331847E-001
  0.69331781E-001
  0.69331714E-001
  0.69331647E-001
  0.69331579E-001
  0.69331510E-001
  0.69331441E-001
  0.69331372E-001
  0.69331303E-001
  0.69331233E-001
  0.69331163E-001
  0.69331093E-001
  0.69331023E-001
  0.69330954E-001
  0.69330884E-001
  0.69330815E-001
  0.69330746E-001
  0.69330678E-001
  0.69330610E-001
  0.69330543E-001
  0.69330476E-001
  0.69330410E-001
  0.69330345E-001
  0.69330281E-001
  0.69330217E-001
  0.69330155E-001
  0.69330093E-001
  0.69330032E-001
  0.69329973E-001
  0.69329914E-001
  0.69329857E-001
  0.69329801E-001
  0.69329746E-001
  0.69329692E-001
  0.69329639E-001
  0.69329588E-001
  0.69329538E-001
  0.69329489E-001
  0.69329441E-001
  0.69329395E-001
  0.69329349E-001
  0.69329305E-001
  0.69329263E-001
  0.69329221E-001
  0.69329181E-001
  0.69329142E-001
  0.69329104E-001
  0.69329068E-001
  0.69329032E-001
  0.69328998E-001
  0.69328965E-001
  0.69328933E-001
  0.69328902E-001
  0.69328872E-001
  0.69328844E-001
  0.69328816E-001
  0.69328789E-001
  0.69328764E-001
  0.69328739E-001
  0.69328715E-001
  0.69328692E-001
  0.69328670E-001
  0.69328649E-001
  0.69328629E-001
  0.69328609E-001
  0.69328591E-001
  0.69328573E-001
  0.69328555E-001
  0.69328539E-001
  0.69328523E-001
  0.69328508E-001
  0.69328493E-001
  0.69328479E-001
  0.69328466E-001
  0.69328453E-001
  0.69328441E-001
  0.69328430E-001
  0.69328419E-001
  0.69328408E-001
  0.69328398E-001
  0.69328388E-001
  0.69328379E-001
  0.69328370E-001
  0.69328361E-001
  0.69328353E-001
  0.69328346E-001
  0.69328338E-001
  0.69328331E-001
  0.69328325E-001
  0.69328318E-001
  0.69328312E-001
  0.69328307E-001
  0.69328301E-001
  0.69328296E-001
  0.69328291E-001
  0.69328286E-001
  0.69328282E-001
  0.69328277E-001
  0.69328273E-001
  0.69328269E-001
  0.69328266E-001
  0.69328262E-001
  0.69328259E-001
  0.69328255E-001
  0.69328252E-001
  0.69328250E-001
