  0.28939380E+000
  0.28941886E+000
  0.28942630E+000
  0.28942822E+000
  0.28942835E+000
  0.28942785E+000
  0.28942711E+000
  0.28942629E+000
  0.28942544E+000
  0.28942460E+000
  0.28942377E+000
  0.28942297E+000
  0.28942220E+000
  0.28942147E+000
  0.28942076E+000
  0.28942008E+000
  0.28941942E+000
  0.28941879E+000
  0.28941817E+000
  0.28941757E+000
  0.28941698E+000
  0.28941640E+000
  0.28941582E+000
  0.28941524E+000
  0.28941466E+000
  0.28941408E+000
  0.28941349E+000
  0.28941288E+000
  0.28941227E+000
  0.28941164E+000
  0.28941099E+000
  0.28941033E+000
  0.28940964E+000
  0.28940894E+000
  0.28940821E+000
  0.28940745E+000
  0.28940668E+000
  0.28940588E+000
  0.28940505E+000
  0.28940420E+000
  0.28940332E+000
  0.28940242E+000
  0.28940150E+000
  0.28940055E+000
  0.28939958E+000
  0.28939859E+000
  0.28939758E+000
  0.28939655E+000
  0.28939550E+000
  0.28939443E+000
  0.28939335E+000
  0.28939225E+000
  0.28939113E+000
  0.28938999E+000
  0.28938885E+000
  0.28938769E+000
  0.28938651E+000
  0.28938533E+000
  0.28938413E+000
  0.28938292E+000
  0.28938170E+000
  0.28938048E+000
  0.28937924E+000
  0.28937800E+000
  0.28937675E+000
  0.28937549E+000
  0.28937423E+000
  0.28937297E+000
  0.28937170E+000
  0.28937044E+000
  0.28936917E+000
  0.28936790E+000
  0.28936663E+000
  0.28936537E+000
  0.28936411E+000
  0.28936286E+000
  0.28936162E+000
  0.28936038E+000
  0.28935915E+000
  0.28935793E+000
  0.28935673E+000
  0.28935554E+000
  0.28935436E+000
  0.28935319E+000
  0.28935205E+000
  0.28935091E+000
  0.28934980E+000
  0.28934871E+000
  0.28934763E+000
  0.28934658E+000
  0.28934555E+000
  0.28934454E+000
  0.28934355E+000
  0.28934259E+000
  0.28934165E+000
  0.28934073E+000
  0.28933984E+000
  0.28933897E+000
  0.28933812E+000
  0.28933730E+000
  0.28933651E+000
  0.28933574E+000
  0.28933500E+000
  0.28933428E+000
  0.28933358E+000
  0.28933291E+000
  0.28933226E+000
  0.28933164E+000
  0.28933104E+000
  0.28933046E+000
  0.28932991E+000
  0.28932938E+000
  0.28932887E+000
  0.28932838E+000
  0.28932791E+000
  0.28932746E+000
  0.28932703E+000
  0.28932663E+000
  0.28932624E+000
  0.28932586E+000
  0.28932551E+000
  0.28932517E+000
  0.28932485E+000
  0.28932455E+000
  0.28932426E+000
  0.28932398E+000
  0.28932372E+000
  0.28932347E+000
  0.28932324E+000
  0.28932302E+000
  0.28932281E+000
  0.28932261E+000
  0.28932242E+000
  0.28932224E+000
  0.28932208E+000
  0.28932192E+000
  0.28932177E+000
  0.28932163E+000
  0.28932150E+000
  0.28932137E+000
  0.28932126E+000
  0.28932115E+000
  0.28932104E+000
  0.28932095E+000
  0.28932085E+000
  0.28932077E+000
  0.28932069E+000
  0.28932061E+000
  0.28932054E+000
  0.28932048E+000
  0.28932042E+000
  0.28932036E+000
  0.28932030E+000
  0.28932025E+000
  0.28932021E+000
  0.28932016E+000
  0.28932012E+000
  0.28932008E+000
  0.28932005E+000
  0.28932001E+000
  0.28931998E+000
  0.28931995E+000
  0.28931993E+000
  0.28931990E+000
  0.28931988E+000
  0.28931985E+000
  0.28931983E+000
  0.28931981E+000
  0.28931980E+000
  0.28931978E+000
  0.28931977E+000
  0.28931975E+000
  0.28931974E+000
  0.28931973E+000
  0.28931971E+000
  0.28931970E+000
  0.28931969E+000
  0.28931968E+000
  0.28931968E+000
  0.28931967E+000
  0.28931966E+000
  0.28931965E+000
  0.28931965E+000
  0.28931964E+000
  0.28931964E+000
  0.28931963E+000
  0.28931963E+000
  0.28931962E+000
  0.28931962E+000
  0.28931961E+000
  0.28931961E+000
  0.28931961E+000
  0.28931960E+000
  0.28931960E+000
  0.28931960E+000
  0.28931960E+000
  0.28931959E+000
  0.28931959E+000
  0.28931959E+000
  0.28931959E+000
