  0.43050437E+000
  0.43050431E+000
  0.43050434E+000
  0.43050440E+000
  0.43050447E+000
  0.43050455E+000
  0.43050464E+000
  0.43050474E+000
  0.43050484E+000
  0.43050495E+000
  0.43050505E+000
  0.43050516E+000
  0.43050527E+000
  0.43050539E+000
  0.43050550E+000
  0.43050562E+000
  0.43050573E+000
  0.43050585E+000
  0.43050597E+000
  0.43050610E+000
  0.43050622E+000
  0.43050635E+000
  0.43050648E+000
  0.43050661E+000
  0.43050674E+000
  0.43050688E+000
  0.43050702E+000
  0.43050717E+000
  0.43050732E+000
  0.43050747E+000
  0.43050762E+000
  0.43050778E+000
  0.43050795E+000
  0.43050812E+000
  0.43050829E+000
  0.43050847E+000
  0.43050865E+000
  0.43050884E+000
  0.43050903E+000
  0.43050923E+000
  0.43050943E+000
  0.43050965E+000
  0.43050986E+000
  0.43051008E+000
  0.43051031E+000
  0.43051055E+000
  0.43051079E+000
  0.43051104E+000
  0.43051129E+000
  0.43051155E+000
  0.43051182E+000
  0.43051209E+000
  0.43051237E+000
  0.43051266E+000
  0.43051295E+000
  0.43051325E+000
  0.43051355E+000
  0.43051386E+000
  0.43051418E+000
  0.43051450E+000
  0.43051483E+000
  0.43051516E+000
  0.43051549E+000
  0.43051583E+000
  0.43051618E+000
  0.43051653E+000
  0.43051688E+000
  0.43051723E+000
  0.43051759E+000
  0.43051795E+000
  0.43051831E+000
  0.43051868E+000
  0.43051904E+000
  0.43051941E+000
  0.43051978E+000
  0.43052015E+000
  0.43052051E+000
  0.43052088E+000
  0.43052125E+000
  0.43052161E+000
  0.43052198E+000
  0.43052235E+000
  0.43052271E+000
  0.43052307E+000
  0.43052343E+000
  0.43052379E+000
  0.43052415E+000
  0.43052450E+000
  0.43052486E+000
  0.43052521E+000
  0.43052556E+000
  0.43052590E+000
  0.43052625E+000
  0.43052660E+000
  0.43052694E+000
  0.43052728E+000
  0.43052762E+000
  0.43052796E+000
  0.43052830E+000
  0.43052865E+000
  0.43052899E+000
  0.43052933E+000
  0.43052967E+000
  0.43053001E+000
  0.43053035E+000
  0.43053070E+000
  0.43053105E+000
  0.43053140E+000
  0.43053175E+000
  0.43053210E+000
  0.43053246E+000
  0.43053283E+000
  0.43053320E+000
  0.43053357E+000
  0.43053395E+000
  0.43053433E+000
  0.43053472E+000
  0.43053511E+000
  0.43053551E+000
  0.43053592E+000
  0.43053634E+000
  0.43053676E+000
  0.43053719E+000
  0.43053763E+000
  0.43053807E+000
  0.43053853E+000
  0.43053899E+000
  0.43053946E+000
  0.43053994E+000
  0.43054043E+000
  0.43054092E+000
  0.43054143E+000
  0.43054194E+000
  0.43054247E+000
  0.43054300E+000
  0.43054354E+000
  0.43054409E+000
  0.43054465E+000
  0.43054522E+000
  0.43054579E+000
  0.43054637E+000
  0.43054697E+000
  0.43054757E+000
  0.43054817E+000
  0.43054879E+000
  0.43054941E+000
  0.43055004E+000
  0.43055068E+000
  0.43055132E+000
  0.43055196E+000
  0.43055262E+000
  0.43055328E+000
  0.43055394E+000
  0.43055460E+000
  0.43055528E+000
  0.43055595E+000
  0.43055663E+000
  0.43055731E+000
  0.43055799E+000
  0.43055867E+000
  0.43055936E+000
  0.43056004E+000
  0.43056073E+000
  0.43056141E+000
  0.43056209E+000
  0.43056278E+000
  0.43056346E+000
  0.43056414E+000
  0.43056481E+000
  0.43056549E+000
  0.43056616E+000
  0.43056682E+000
  0.43056749E+000
  0.43056814E+000
  0.43056880E+000
  0.43056944E+000
  0.43057008E+000
  0.43057072E+000
  0.43057135E+000
  0.43057197E+000
  0.43057258E+000
  0.43057319E+000
  0.43057379E+000
  0.43057438E+000
  0.43057496E+000
  0.43057554E+000
  0.43057611E+000
  0.43057666E+000
  0.43057721E+000
  0.43057775E+000
  0.43057828E+000
  0.43057880E+000
  0.43057931E+000
  0.43057981E+000
  0.43058030E+000
  0.43058079E+000
  0.43058126E+000
  0.43058172E+000
  0.43058217E+000
  0.43058261E+000
