  0.93159550E+000
  0.93159692E+000
  0.93159742E+000
  0.93159757E+000
  0.93159756E+000
  0.93159745E+000
  0.93159727E+000
  0.93159705E+000
  0.93159680E+000
  0.93159652E+000
  0.93159622E+000
  0.93159592E+000
  0.93159560E+000
  0.93159529E+000
  0.93159498E+000
  0.93159467E+000
  0.93159437E+000
  0.93159408E+000
  0.93159381E+000
  0.93159354E+000
  0.93159328E+000
  0.93159304E+000
  0.93159281E+000
  0.93159259E+000
  0.93159239E+000
  0.93159220E+000
  0.93159203E+000
  0.93159187E+000
  0.93159173E+000
  0.93159160E+000
  0.93159149E+000
  0.93159139E+000
  0.93159130E+000
  0.93159123E+000
  0.93159117E+000
  0.93159113E+000
  0.93159109E+000
  0.93159108E+000
  0.93159107E+000
  0.93159107E+000
  0.93159109E+000
  0.93159111E+000
  0.93159115E+000
  0.93159119E+000
  0.93159124E+000
  0.93159130E+000
  0.93159136E+000
  0.93159143E+000
  0.93159150E+000
  0.93159158E+000
  0.93159166E+000
  0.93159174E+000
  0.93159182E+000
  0.93159190E+000
  0.93159199E+000
  0.93159207E+000
  0.93159215E+000
  0.93159224E+000
  0.93159232E+000
  0.93159239E+000
  0.93159247E+000
  0.93159254E+000
  0.93159262E+000
  0.93159269E+000
  0.93159276E+000
  0.93159282E+000
  0.93159289E+000
  0.93159295E+000
  0.93159301E+000
  0.93159307E+000
  0.93159313E+000
  0.93159318E+000
  0.93159324E+000
  0.93159329E+000
  0.93159335E+000
  0.93159340E+000
  0.93159345E+000
  0.93159350E+000
  0.93159355E+000
  0.93159360E+000
  0.93159365E+000
  0.93159370E+000
  0.93159375E+000
  0.93159380E+000
  0.93159385E+000
  0.93159390E+000
  0.93159394E+000
  0.93159399E+000
  0.93159404E+000
  0.93159409E+000
  0.93159413E+000
  0.93159418E+000
  0.93159423E+000
  0.93159427E+000
  0.93159432E+000
  0.93159436E+000
  0.93159441E+000
  0.93159445E+000
  0.93159449E+000
  0.93159454E+000
  0.93159458E+000
  0.93159462E+000
  0.93159466E+000
  0.93159470E+000
  0.93159474E+000
  0.93159478E+000
  0.93159482E+000
  0.93159486E+000
  0.93159489E+000
  0.93159493E+000
  0.93159496E+000
  0.93159500E+000
  0.93159503E+000
  0.93159507E+000
  0.93159510E+000
  0.93159513E+000
  0.93159516E+000
  0.93159519E+000
  0.93159522E+000
  0.93159525E+000
  0.93159528E+000
  0.93159531E+000
  0.93159533E+000
  0.93159536E+000
  0.93159538E+000
  0.93159541E+000
  0.93159543E+000
  0.93159545E+000
  0.93159547E+000
  0.93159550E+000
  0.93159552E+000
  0.93159554E+000
  0.93159555E+000
  0.93159557E+000
  0.93159559E+000
  0.93159561E+000
  0.93159562E+000
  0.93159564E+000
  0.93159565E+000
  0.93159567E+000
  0.93159568E+000
  0.93159569E+000
  0.93159571E+000
  0.93159572E+000
  0.93159573E+000
  0.93159574E+000
  0.93159575E+000
  0.93159575E+000
  0.93159576E+000
  0.93159577E+000
  0.93159578E+000
  0.93159578E+000
  0.93159579E+000
  0.93159579E+000
  0.93159580E+000
  0.93159580E+000
  0.93159581E+000
  0.93159581E+000
  0.93159581E+000
  0.93159581E+000
  0.93159582E+000
  0.93159582E+000
  0.93159582E+000
  0.93159582E+000
  0.93159582E+000
  0.93159582E+000
  0.93159582E+000
  0.93159582E+000
  0.93159582E+000
  0.93159581E+000
  0.93159581E+000
  0.93159581E+000
  0.93159581E+000
  0.93159580E+000
  0.93159580E+000
  0.93159580E+000
  0.93159579E+000
  0.93159579E+000
  0.93159579E+000
  0.93159578E+000
  0.93159578E+000
  0.93159577E+000
  0.93159577E+000
  0.93159577E+000
  0.93159576E+000
  0.93159576E+000
  0.93159575E+000
  0.93159575E+000
  0.93159574E+000
  0.93159574E+000
  0.93159573E+000
  0.93159573E+000
  0.93159572E+000
  0.93159572E+000
  0.93159571E+000
  0.93159571E+000
  0.93159570E+000
  0.93159570E+000
  0.93159569E+000
  0.93159569E+000
