  0.35406763E+000
  0.35406756E+000
  0.35406770E+000
  0.35406791E+000
  0.35406813E+000
  0.35406835E+000
  0.35406857E+000
  0.35406878E+000
  0.35406898E+000
  0.35406918E+000
  0.35406937E+000
  0.35406955E+000
  0.35406974E+000
  0.35406992E+000
  0.35407010E+000
  0.35407028E+000
  0.35407045E+000
  0.35407063E+000
  0.35407080E+000
  0.35407098E+000
  0.35407115E+000
  0.35407133E+000
  0.35407151E+000
  0.35407168E+000
  0.35407186E+000
  0.35407204E+000
  0.35407223E+000
  0.35407241E+000
  0.35407260E+000
  0.35407280E+000
  0.35407299E+000
  0.35407319E+000
  0.35407340E+000
  0.35407361E+000
  0.35407382E+000
  0.35407404E+000
  0.35407426E+000
  0.35407449E+000
  0.35407473E+000
  0.35407497E+000
  0.35407522E+000
  0.35407547E+000
  0.35407573E+000
  0.35407600E+000
  0.35407628E+000
  0.35407656E+000
  0.35407685E+000
  0.35407715E+000
  0.35407746E+000
  0.35407777E+000
  0.35407809E+000
  0.35407842E+000
  0.35407875E+000
  0.35407910E+000
  0.35407945E+000
  0.35407981E+000
  0.35408017E+000
  0.35408055E+000
  0.35408093E+000
  0.35408131E+000
  0.35408171E+000
  0.35408211E+000
  0.35408252E+000
  0.35408293E+000
  0.35408335E+000
  0.35408378E+000
  0.35408421E+000
  0.35408464E+000
  0.35408508E+000
  0.35408553E+000
  0.35408598E+000
  0.35408643E+000
  0.35408688E+000
  0.35408734E+000
  0.35408780E+000
  0.35408826E+000
  0.35408873E+000
  0.35408919E+000
  0.35408965E+000
  0.35409012E+000
  0.35409058E+000
  0.35409104E+000
  0.35409150E+000
  0.35409196E+000
  0.35409242E+000
  0.35409288E+000
  0.35409333E+000
  0.35409378E+000
  0.35409423E+000
  0.35409467E+000
  0.35409512E+000
  0.35409556E+000
  0.35409599E+000
  0.35409642E+000
  0.35409685E+000
  0.35409728E+000
  0.35409770E+000
  0.35409812E+000
  0.35409854E+000
  0.35409895E+000
  0.35409937E+000
  0.35409978E+000
  0.35410019E+000
  0.35410059E+000
  0.35410100E+000
  0.35410141E+000
  0.35410181E+000
  0.35410222E+000
  0.35410262E+000
  0.35410303E+000
  0.35410344E+000
  0.35410385E+000
  0.35410426E+000
  0.35410467E+000
  0.35410509E+000
  0.35410551E+000
  0.35410593E+000
  0.35410636E+000
  0.35410679E+000
  0.35410722E+000
  0.35410766E+000
  0.35410811E+000
  0.35410856E+000
  0.35410902E+000
  0.35410948E+000
  0.35410996E+000
  0.35411043E+000
  0.35411092E+000
  0.35411141E+000
  0.35411191E+000
  0.35411242E+000
  0.35411293E+000
  0.35411345E+000
  0.35411398E+000
  0.35411452E+000
  0.35411507E+000
  0.35411562E+000
  0.35411618E+000
  0.35411676E+000
  0.35411733E+000
  0.35411792E+000
  0.35411851E+000
  0.35411912E+000
  0.35411972E+000
  0.35412034E+000
  0.35412096E+000
  0.35412160E+000
  0.35412223E+000
  0.35412287E+000
  0.35412352E+000
  0.35412418E+000
  0.35412484E+000
  0.35412550E+000
  0.35412617E+000
  0.35412685E+000
  0.35412753E+000
  0.35412821E+000
  0.35412889E+000
  0.35412958E+000
  0.35413027E+000
  0.35413096E+000
  0.35413165E+000
  0.35413235E+000
  0.35413304E+000
  0.35413373E+000
  0.35413443E+000
  0.35413512E+000
  0.35413581E+000
  0.35413650E+000
  0.35413719E+000
  0.35413787E+000
  0.35413855E+000
  0.35413923E+000
  0.35413990E+000
  0.35414057E+000
  0.35414123E+000
  0.35414189E+000
  0.35414255E+000
  0.35414319E+000
  0.35414383E+000
  0.35414447E+000
  0.35414509E+000
  0.35414571E+000
  0.35414633E+000
  0.35414693E+000
  0.35414753E+000
  0.35414812E+000
  0.35414870E+000
  0.35414927E+000
  0.35414983E+000
  0.35415038E+000
  0.35415093E+000
  0.35415146E+000
  0.35415198E+000
  0.35415250E+000
  0.35415300E+000
  0.35415350E+000
  0.35415399E+000
  0.35415446E+000
  0.35415493E+000
