 -0.57432092E+000 -0.43190780E+000 -0.11426195E+000 -0.56729871E-002 -0.39447190E-002 -0.10642722E-002  0.10817903E-002  0.96014761E+000  0.25658122E+001  0.51504776E+001  0.73807482E+001
 -0.57432355E+000 -0.43191163E+000 -0.11426872E+000 -0.56730452E-002 -0.39449717E-002 -0.10648491E-002  0.10816481E-002  0.96016320E+000  0.25658300E+001  0.51505057E+001  0.73807786E+001
 -0.57432643E+000 -0.43191578E+000 -0.11427373E+000 -0.56730614E-002 -0.39450288E-002 -0.10649744E-002  0.10816139E-002  0.96017729E+000  0.25658475E+001  0.51505343E+001  0.73808097E+001
 -0.57432922E+000 -0.43191970E+000 -0.11427753E+000 -0.56730687E-002 -0.39450461E-002 -0.10650084E-002  0.10816061E-002  0.96019005E+000  0.25658640E+001  0.51505626E+001  0.73808405E+001
 -0.57433170E+000 -0.43192316E+000 -0.11428057E+000 -0.56730735E-002 -0.39450529E-002 -0.10650187E-002  0.10816056E-002  0.96020176E+000  0.25658794E+001  0.51505899E+001  0.73808708E+001
 -0.57433375E+000 -0.43192610E+000 -0.11428312E+000 -0.56730771E-002 -0.39450563E-002 -0.10650214E-002  0.10816075E-002  0.96021260E+000  0.25658936E+001  0.51506160E+001  0.73808999E+001
 -0.57433539E+000 -0.43192854E+000 -0.11428530E+000 -0.56730802E-002 -0.39450581E-002 -0.10650212E-002  0.10816104E-002  0.96022269E+000  0.25659068E+001  0.51506406E+001  0.73809278E+001
 -0.57433665E+000 -0.43193054E+000 -0.11428719E+000 -0.56730828E-002 -0.39450592E-002 -0.10650197E-002  0.10816136E-002  0.96023208E+000  0.25659190E+001  0.51506637E+001  0.73809542E+001
 -0.57433760E+000 -0.43193216E+000 -0.11428883E+000 -0.56730851E-002 -0.39450597E-002 -0.10650174E-002  0.10816169E-002  0.96024082E+000  0.25659302E+001  0.51506853E+001  0.73809790E+001
 -0.57433830E+000 -0.43193346E+000 -0.11429026E+000 -0.56730871E-002 -0.39450600E-002 -0.10650148E-002  0.10816203E-002  0.96024894E+000  0.25659407E+001  0.51507053E+001  0.73810023E+001
 -0.57433880E+000 -0.43193451E+000 -0.11429151E+000 -0.56730888E-002 -0.39450600E-002 -0.10650120E-002  0.10816237E-002  0.96025649E+000  0.25659505E+001  0.51507240E+001  0.73810241E+001
 -0.57433916E+000 -0.43193533E+000 -0.11429258E+000 -0.56730903E-002 -0.39450598E-002 -0.10650090E-002  0.10816270E-002  0.96026350E+000  0.25659596E+001  0.51507413E+001  0.73810443E+001
 -0.57433941E+000 -0.43193598E+000 -0.11429350E+000 -0.56730916E-002 -0.39450595E-002 -0.10650059E-002  0.10816303E-002  0.96027002E+000  0.25659680E+001  0.51507574E+001  0.73810631E+001
 -0.57433958E+000 -0.43193648E+000 -0.11429428E+000 -0.56730927E-002 -0.39450590E-002 -0.10650029E-002  0.10816334E-002  0.96027607E+000  0.25659759E+001  0.51507723E+001  0.73810805E+001
 -0.57433968E+000 -0.43193686E+000 -0.11429495E+000 -0.56730936E-002 -0.39450584E-002 -0.10649998E-002  0.10816365E-002  0.96028170E+000  0.25659832E+001  0.51507862E+001  0.73810966E+001
 -0.57433974E+000 -0.43193715E+000 -0.11429551E+000 -0.56730944E-002 -0.39450578E-002 -0.10649968E-002  0.10816394E-002  0.96028694E+000  0.25659900E+001  0.51507990E+001  0.73811115E+001
 -0.57433978E+000 -0.43193737E+000 -0.11429598E+000 -0.56730950E-002 -0.39450571E-002 -0.10649938E-002  0.10816422E-002  0.96029181E+000  0.25659964E+001  0.51508109E+001  0.73811252E+001
 -0.57433978E+000 -0.43193752E+000 -0.11429636E+000 -0.56730955E-002 -0.39450563E-002 -0.10649909E-002  0.10816449E-002  0.96029635E+000  0.25660023E+001  0.51508219E+001  0.73811378E+001
 -0.57433977E+000 -0.43193762E+000 -0.11429667E+000 -0.56730959E-002 -0.39450554E-002 -0.10649881E-002  0.10816474E-002  0.96030056E+000  0.25660077E+001  0.51508320E+001  0.73811493E+001
 -0.57433975E+000 -0.43193769E+000 -0.11429693E+000 -0.56730961E-002 -0.39450546E-002 -0.10649853E-002  0.10816498E-002  0.96030448E+000  0.25660128E+001  0.51508414E+001  0.73811598E+001
 -0.57433972E+000 -0.43193773E+000 -0.11429713E+000 -0.56730963E-002 -0.39450537E-002 -0.10649826E-002  0.10816521E-002  0.96030812E+000  0.25660175E+001  0.51508500E+001  0.73811694E+001
 -0.57433968E+000 -0.43193774E+000 -0.11429728E+000 -0.56730965E-002 -0.39450528E-002 -0.10649799E-002  0.10816543E-002  0.96031148E+000  0.25660218E+001  0.51508579E+001  0.73811780E+001
 -0.57433964E+000 -0.43193773E+000 -0.11429739E+000 -0.56730965E-002 -0.39450518E-002 -0.10649773E-002  0.10816563E-002  0.96031459E+000  0.25660258E+001  0.51508650E+001  0.73811859E+001
 -0.57433960E+000 -0.43193771E+000 -0.11429748E+000 -0.56730965E-002 -0.39450509E-002 -0.10649748E-002  0.10816582E-002  0.96031745E+000  0.25660294E+001  0.51508715E+001  0.73811928E+001
 -0.57433955E+000 -0.43193768E+000 -0.11429753E+000 -0.56730965E-002 -0.39450500E-002 -0.10649724E-002  0.10816600E-002  0.96032007E+000  0.25660328E+001  0.51508774E+001  0.73811990E+001
 -0.57433951E+000 -0.43193764E+000 -0.11429757E+000 -0.56730964E-002 -0.39450491E-002 -0.10649701E-002  0.10816617E-002  0.96032246E+000  0.25660358E+001  0.51508826E+001  0.73812045E+001
 -0.57433946E+000 -0.43193759E+000 -0.11429758E+000 -0.56730963E-002 -0.39450481E-002 -0.10649678E-002  0.10816633E-002  0.96032462E+000  0.25660385E+001  0.51508873E+001  0.73812092E+001
 -0.57433941E+000 -0.43193754E+000 -0.11429758E+000 -0.56730962E-002 -0.39450472E-002 -0.10649656E-002  0.10816647E-002  0.96032656E+000  0.25660410E+001  0.51508914E+001  0.73812132E+001
 -0.57433936E+000 -0.43193749E+000 -0.11429757E+000 -0.56730960E-002 -0.39450463E-002 -0.10649635E-002  0.10816661E-002  0.96032828E+000  0.25660431E+001  0.51508949E+001  0.73812166E+001
 -0.57433931E+000 -0.43193743E+000 -0.11429754E+000 -0.56730958E-002 -0.39450454E-002 -0.10649615E-002  0.10816673E-002  0.96032978E+000  0.25660450E+001  0.51508979E+001  0.73812193E+001
 -0.57433927E+000 -0.43193737E+000 -0.11429751E+000 -0.56730956E-002 -0.39450446E-002 -0.10649595E-002  0.10816684E-002  0.96033107E+000  0.25660467E+001  0.51509004E+001  0.73812213E+001
 -0.57433922E+000 -0.43193731E+000 -0.11429747E+000 -0.56730954E-002 -0.39450437E-002 -0.10649576E-002  0.10816695E-002  0.96033216E+000  0.25660481E+001  0.51509024E+001  0.73812228E+001
 -0.57433917E+000 -0.43193724E+000 -0.11429743E+000 -0.56730952E-002 -0.39450429E-002 -0.10649558E-002  0.10816704E-002  0.96033303E+000  0.25660492E+001  0.51509039E+001  0.73812238E+001
 -0.57433912E+000 -0.43193718E+000 -0.11429738E+000 -0.56730950E-002 -0.39450422E-002 -0.10649541E-002  0.10816712E-002  0.96033371E+000  0.25660502E+001  0.51509049E+001  0.73812242E+001
 -0.57433908E+000 -0.43193712E+000 -0.11429733E+000 -0.56730948E-002 -0.39450414E-002 -0.10649525E-002  0.10816719E-002  0.96033419E+000  0.25660509E+001  0.51509055E+001  0.73812241E+001
 -0.57433903E+000 -0.43193705E+000 -0.11429727E+000 -0.56730945E-002 -0.39450407E-002 -0.10649509E-002  0.10816726E-002  0.96033447E+000  0.25660514E+001  0.51509058E+001  0.73812235E+001
 -0.57433898E+000 -0.43193698E+000 -0.11429722E+000 -0.56730943E-002 -0.39450400E-002 -0.10649495E-002  0.10816731E-002  0.96033457E+000  0.25660517E+001  0.51509056E+001  0.73812225E+001
 -0.57433894E+000 -0.43193692E+000 -0.11429716E+000 -0.56730941E-002 -0.39450394E-002 -0.10649481E-002  0.10816735E-002  0.96033449E+000  0.25660517E+001  0.51509050E+001  0.73812210E+001
 -0.57433889E+000 -0.43193685E+000 -0.11429710E+000 -0.56730939E-002 -0.39450387E-002 -0.10649468E-002  0.10816739E-002  0.96033423E+000  0.25660516E+001  0.51509041E+001  0.73812192E+001
 -0.57433884E+000 -0.43193679E+000 -0.11429704E+000 -0.56730937E-002 -0.39450381E-002 -0.10649456E-002  0.10816741E-002  0.96033381E+000  0.25660514E+001  0.51509029E+001  0.73812170E+001
 -0.57433879E+000 -0.43193672E+000 -0.11429697E+000 -0.56730935E-002 -0.39450376E-002 -0.10649444E-002  0.10816742E-002  0.96033323E+000  0.25660509E+001  0.51509013E+001  0.73812145E+001
 -0.57433875E+000 -0.43193665E+000 -0.11429691E+000 -0.56730932E-002 -0.39450370E-002 -0.10649433E-002  0.10816743E-002  0.96033251E+000  0.25660503E+001  0.51508995E+001  0.73812117E+001
 -0.57433870E+000 -0.43193658E+000 -0.11429685E+000 -0.56730930E-002 -0.39450365E-002 -0.10649423E-002  0.10816743E-002  0.96033165E+000  0.25660496E+001  0.51508975E+001  0.73812086E+001
 -0.57433865E+000 -0.43193651E+000 -0.11429678E+000 -0.56730928E-002 -0.39450360E-002 -0.10649413E-002  0.10816742E-002  0.96033067E+000  0.25660487E+001  0.51508952E+001  0.73812052E+001
 -0.57433859E+000 -0.43193643E+000 -0.11429671E+000 -0.56730926E-002 -0.39450355E-002 -0.10649404E-002  0.10816740E-002  0.96032957E+000  0.25660477E+001  0.51508927E+001  0.73812017E+001
 -0.57433854E+000 -0.43193636E+000 -0.11429664E+000 -0.56730924E-002 -0.39450351E-002 -0.10649395E-002  0.10816737E-002  0.96032838E+000  0.25660466E+001  0.51508900E+001  0.73811980E+001
 -0.57433849E+000 -0.43193628E+000 -0.11429657E+000 -0.56730922E-002 -0.39450346E-002 -0.10649385E-002  0.10816734E-002  0.96032711E+000  0.25660454E+001  0.51508871E+001  0.73811941E+001
 -0.57433843E+000 -0.43193620E+000 -0.11429649E+000 -0.56730920E-002 -0.39450341E-002 -0.10649376E-002  0.10816730E-002  0.96032576E+000  0.25660441E+001  0.51508841E+001  0.73811900E+001
 -0.57433837E+000 -0.43193611E+000 -0.11429641E+000 -0.56730918E-002 -0.39450336E-002 -0.10649366E-002  0.10816726E-002  0.96032436E+000  0.25660427E+001  0.51508810E+001  0.73811859E+001
 -0.57433830E+000 -0.43193602E+000 -0.11429633E+000 -0.56730916E-002 -0.39450331E-002 -0.10649356E-002  0.10816721E-002  0.96032290E+000  0.25660412E+001  0.51508778E+001  0.73811816E+001
 -0.57433824E+000 -0.43193593E+000 -0.11429624E+000 -0.56730913E-002 -0.39450325E-002 -0.10649344E-002  0.10816715E-002  0.96032141E+000  0.25660397E+001  0.51508744E+001  0.73811772E+001
 -0.57433817E+000 -0.43193583E+000 -0.11429615E+000 -0.56730911E-002 -0.39450319E-002 -0.10649332E-002  0.10816709E-002  0.96031990E+000  0.25660381E+001  0.51508710E+001  0.73811728E+001
 -0.57433809E+000 -0.43193573E+000 -0.11429606E+000 -0.56730908E-002 -0.39450312E-002 -0.10649318E-002  0.10816703E-002  0.96031837E+000  0.25660364E+001  0.51508674E+001  0.73811682E+001
 -0.57433801E+000 -0.43193562E+000 -0.11429595E+000 -0.56730905E-002 -0.39450305E-002 -0.10649303E-002  0.10816696E-002  0.96031682E+000  0.25660347E+001  0.51508638E+001  0.73811637E+001
 -0.57433793E+000 -0.43193551E+000 -0.11429585E+000 -0.56730902E-002 -0.39450296E-002 -0.10649286E-002  0.10816689E-002  0.96031528E+000  0.25660330E+001  0.51508602E+001  0.73811590E+001
 -0.57433784E+000 -0.43193538E+000 -0.11429573E+000 -0.56730899E-002 -0.39450287E-002 -0.10649266E-002  0.10816683E-002  0.96031373E+000  0.25660312E+001  0.51508565E+001  0.73811543E+001
 -0.57433775E+000 -0.43193526E+000 -0.11429561E+000 -0.56730896E-002 -0.39450277E-002 -0.10649244E-002  0.10816676E-002  0.96031219E+000  0.25660294E+001  0.51508527E+001  0.73811495E+001
 -0.57433765E+000 -0.43193512E+000 -0.11429548E+000 -0.56730892E-002 -0.39450265E-002 -0.10649220E-002  0.10816669E-002  0.96031065E+000  0.25660276E+001  0.51508489E+001  0.73811447E+001
 -0.57433755E+000 -0.43193498E+000 -0.11429534E+000 -0.56730888E-002 -0.39450252E-002 -0.10649192E-002  0.10816662E-002  0.96030912E+000  0.25660257E+001  0.51508450E+001  0.73811399E+001
 -0.57433744E+000 -0.43193483E+000 -0.11429520E+000 -0.56730884E-002 -0.39450238E-002 -0.10649162E-002  0.10816656E-002  0.96030759E+000  0.25660238E+001  0.51508410E+001  0.73811350E+001
 -0.57433733E+000 -0.43193467E+000 -0.11429504E+000 -0.56730879E-002 -0.39450222E-002 -0.10649128E-002  0.10816649E-002  0.96030607E+000  0.25660219E+001  0.51508370E+001  0.73811300E+001
 -0.57433721E+000 -0.43193451E+000 -0.11429488E+000 -0.56730874E-002 -0.39450205E-002 -0.10649091E-002  0.10816643E-002  0.96030455E+000  0.25660199E+001  0.51508330E+001  0.73811250E+001
 -0.57433709E+000 -0.43193433E+000 -0.11429471E+000 -0.56730868E-002 -0.39450187E-002 -0.10649050E-002  0.10816638E-002  0.96030302E+000  0.25660179E+001  0.51508289E+001  0.73811199E+001
 -0.57433696E+000 -0.43193415E+000 -0.11429452E+000 -0.56730863E-002 -0.39450166E-002 -0.10649005E-002  0.10816633E-002  0.96030149E+000  0.25660159E+001  0.51508247E+001  0.73811148E+001
 -0.57433683E+000 -0.43193396E+000 -0.11429433E+000 -0.56730856E-002 -0.39450144E-002 -0.10648957E-002  0.10816628E-002  0.96029996E+000  0.25660139E+001  0.51508205E+001  0.73811096E+001
 -0.57433669E+000 -0.43193376E+000 -0.11429413E+000 -0.56730850E-002 -0.39450121E-002 -0.10648905E-002  0.10816624E-002  0.96029842E+000  0.25660118E+001  0.51508162E+001  0.73811043E+001
 -0.57433655E+000 -0.43193355E+000 -0.11429392E+000 -0.56730843E-002 -0.39450095E-002 -0.10648849E-002  0.10816621E-002  0.96029686E+000  0.25660096E+001  0.51508119E+001  0.73810990E+001
 -0.57433640E+000 -0.43193334E+000 -0.11429370E+000 -0.56730835E-002 -0.39450068E-002 -0.10648790E-002  0.10816618E-002  0.96029529E+000  0.25660075E+001  0.51508075E+001  0.73810937E+001
 -0.57433625E+000 -0.43193311E+000 -0.11429347E+000 -0.56730828E-002 -0.39450040E-002 -0.10648726E-002  0.10816616E-002  0.96029371E+000  0.25660053E+001  0.51508030E+001  0.73810882E+001
 -0.57433609E+000 -0.43193288E+000 -0.11429323E+000 -0.56730819E-002 -0.39450010E-002 -0.10648659E-002  0.10816615E-002  0.96029211E+000  0.25660030E+001  0.51507984E+001  0.73810827E+001
 -0.57433592E+000 -0.43193264E+000 -0.11429298E+000 -0.56730811E-002 -0.39449978E-002 -0.10648589E-002  0.10816614E-002  0.96029049E+000  0.25660007E+001  0.51507938E+001  0.73810771E+001
 -0.57433576E+000 -0.43193240E+000 -0.11429272E+000 -0.56730802E-002 -0.39449944E-002 -0.10648515E-002  0.10816614E-002  0.96028885E+000  0.25659984E+001  0.51507891E+001  0.73810715E+001
 -0.57433558E+000 -0.43193214E+000 -0.11429245E+000 -0.56730792E-002 -0.39449910E-002 -0.10648438E-002  0.10816614E-002  0.96028718E+000  0.25659961E+001  0.51507844E+001  0.73810658E+001
 -0.57433541E+000 -0.43193188E+000 -0.11429217E+000 -0.56730783E-002 -0.39449873E-002 -0.10648358E-002  0.10816616E-002  0.96028550E+000  0.25659937E+001  0.51507796E+001  0.73810600E+001
 -0.57433523E+000 -0.43193161E+000 -0.11429188E+000 -0.56730773E-002 -0.39449836E-002 -0.10648275E-002  0.10816618E-002  0.96028379E+000  0.25659912E+001  0.51507747E+001  0.73810542E+001
 -0.57433504E+000 -0.43193133E+000 -0.11429158E+000 -0.56730762E-002 -0.39449797E-002 -0.10648189E-002  0.10816621E-002  0.96028206E+000  0.25659888E+001  0.51507698E+001  0.73810484E+001
 -0.57433486E+000 -0.43193105E+000 -0.11429127E+000 -0.56730751E-002 -0.39449758E-002 -0.10648101E-002  0.10816624E-002  0.96028030E+000  0.25659863E+001  0.51507649E+001  0.73810425E+001
 -0.57433466E+000 -0.43193076E+000 -0.11429095E+000 -0.56730740E-002 -0.39449717E-002 -0.10648011E-002  0.10816628E-002  0.96027852E+000  0.25659837E+001  0.51507599E+001  0.73810366E+001
 -0.57433447E+000 -0.43193046E+000 -0.11429062E+000 -0.56730729E-002 -0.39449675E-002 -0.10647919E-002  0.10816633E-002  0.96027672E+000  0.25659812E+001  0.51507548E+001  0.73810307E+001
 -0.57433427E+000 -0.43193016E+000 -0.11429029E+000 -0.56730717E-002 -0.39449633E-002 -0.10647825E-002  0.10816638E-002  0.96027489E+000  0.25659786E+001  0.51507498E+001  0.73810248E+001
 -0.57433407E+000 -0.43192985E+000 -0.11428994E+000 -0.56730705E-002 -0.39449589E-002 -0.10647729E-002  0.10816644E-002  0.96027304E+000  0.25659760E+001  0.51507447E+001  0.73810188E+001
 -0.57433387E+000 -0.43192953E+000 -0.11428959E+000 -0.56730693E-002 -0.39449545E-002 -0.10647632E-002  0.10816650E-002  0.96027118E+000  0.25659733E+001  0.51507396E+001  0.73810129E+001
 -0.57433366E+000 -0.43192921E+000 -0.11428923E+000 -0.56730681E-002 -0.39449501E-002 -0.10647535E-002  0.10816657E-002  0.96026929E+000  0.25659707E+001  0.51507344E+001  0.73810070E+001
 -0.57433345E+000 -0.43192889E+000 -0.11428886E+000 -0.56730668E-002 -0.39449456E-002 -0.10647436E-002  0.10816664E-002  0.96026738E+000  0.25659680E+001  0.51507293E+001  0.73810011E+001
 -0.57433324E+000 -0.43192856E+000 -0.11428849E+000 -0.56730655E-002 -0.39449411E-002 -0.10647337E-002  0.10816672E-002  0.96026545E+000  0.25659653E+001  0.51507241E+001  0.73809952E+001
 -0.57433302E+000 -0.43192822E+000 -0.11428810E+000 -0.56730642E-002 -0.39449365E-002 -0.10647237E-002  0.10816681E-002  0.96026351E+000  0.25659626E+001  0.51507190E+001  0.73809894E+001
 -0.57433281E+000 -0.43192788E+000 -0.11428771E+000 -0.56730629E-002 -0.39449319E-002 -0.10647137E-002  0.10816690E-002  0.96026156E+000  0.25659598E+001  0.51507139E+001  0.73809836E+001
 -0.57433259E+000 -0.43192754E+000 -0.11428732E+000 -0.56730616E-002 -0.39449274E-002 -0.10647037E-002  0.10816699E-002  0.96025959E+000  0.25659571E+001  0.51507088E+001  0.73809778E+001
 -0.57433237E+000 -0.43192719E+000 -0.11428691E+000 -0.56730602E-002 -0.39449228E-002 -0.10646936E-002  0.10816709E-002  0.96025760E+000  0.25659543E+001  0.51507037E+001  0.73809722E+001
 -0.57433215E+000 -0.43192684E+000 -0.11428651E+000 -0.56730589E-002 -0.39449182E-002 -0.10646837E-002  0.10816719E-002  0.96025561E+000  0.25659516E+001  0.51506986E+001  0.73809665E+001
 -0.57433193E+000 -0.43192649E+000 -0.11428609E+000 -0.56730575E-002 -0.39449136E-002 -0.10646737E-002  0.10816729E-002  0.96025361E+000  0.25659488E+001  0.51506936E+001  0.73809610E+001
 -0.57433170E+000 -0.43192613E+000 -0.11428567E+000 -0.56730561E-002 -0.39449090E-002 -0.10646638E-002  0.10816740E-002  0.96025160E+000  0.25659461E+001  0.51506886E+001  0.73809555E+001
 -0.57433148E+000 -0.43192577E+000 -0.11428525E+000 -0.56730548E-002 -0.39449045E-002 -0.10646539E-002  0.10816751E-002  0.96024959E+000  0.25659433E+001  0.51506836E+001  0.73809502E+001
 -0.57433125E+000 -0.43192541E+000 -0.11428482E+000 -0.56730534E-002 -0.39448999E-002 -0.10646441E-002  0.10816763E-002  0.96024757E+000  0.25659406E+001  0.51506787E+001  0.73809449E+001
 -0.57433103E+000 -0.43192504E+000 -0.11428439E+000 -0.56730520E-002 -0.39448954E-002 -0.10646344E-002  0.10816774E-002  0.96024555E+000  0.25659378E+001  0.51506739E+001  0.73809396E+001
 -0.57433080E+000 -0.43192468E+000 -0.11428396E+000 -0.56730506E-002 -0.39448909E-002 -0.10646248E-002  0.10816786E-002  0.96024353E+000  0.25659351E+001  0.51506691E+001  0.73809345E+001
 -0.57433057E+000 -0.43192431E+000 -0.11428352E+000 -0.56730492E-002 -0.39448865E-002 -0.10646153E-002  0.10816799E-002  0.96024151E+000  0.25659324E+001  0.51506643E+001  0.73809295E+001
 -0.57433035E+000 -0.43192395E+000 -0.11428308E+000 -0.56730478E-002 -0.39448821E-002 -0.10646058E-002  0.10816811E-002  0.96023949E+000  0.25659297E+001  0.51506596E+001  0.73809245E+001
 -0.57433012E+000 -0.43192358E+000 -0.11428264E+000 -0.56730464E-002 -0.39448777E-002 -0.10645965E-002  0.10816824E-002  0.96023747E+000  0.25659270E+001  0.51506550E+001  0.73809197E+001
 -0.57432989E+000 -0.43192321E+000 -0.11428220E+000 -0.56730450E-002 -0.39448734E-002 -0.10645873E-002  0.10816837E-002  0.96023546E+000  0.25659243E+001  0.51506504E+001  0.73809149E+001
 -0.57432967E+000 -0.43192285E+000 -0.11428175E+000 -0.56730436E-002 -0.39448691E-002 -0.10645782E-002  0.10816851E-002  0.96023346E+000  0.25659216E+001  0.51506459E+001  0.73809102E+001
 -0.57432944E+000 -0.43192248E+000 -0.11428131E+000 -0.56730423E-002 -0.39448649E-002 -0.10645693E-002  0.10816864E-002  0.96023147E+000  0.25659190E+001  0.51506414E+001  0.73809056E+001
 -0.57432922E+000 -0.43192211E+000 -0.11428086E+000 -0.56730409E-002 -0.39448607E-002 -0.10645605E-002  0.10816878E-002  0.96022948E+000  0.25659164E+001  0.51506370E+001  0.73809011E+001
 -0.57432900E+000 -0.43192175E+000 -0.11428042E+000 -0.56730395E-002 -0.39448566E-002 -0.10645518E-002  0.10816892E-002  0.96022751E+000  0.25659138E+001  0.51506327E+001  0.73808967E+001
 -0.57432877E+000 -0.43192139E+000 -0.11427997E+000 -0.56730382E-002 -0.39448526E-002 -0.10645432E-002  0.10816906E-002  0.96022555E+000  0.25659112E+001  0.51506284E+001  0.73808924E+001
 -0.57432856E+000 -0.43192102E+000 -0.11427953E+000 -0.56730368E-002 -0.39448486E-002 -0.10645348E-002  0.10816921E-002  0.96022361E+000  0.25659087E+001  0.51506243E+001  0.73808882E+001
 -0.57432834E+000 -0.43192067E+000 -0.11427909E+000 -0.56730355E-002 -0.39448446E-002 -0.10645265E-002  0.10816935E-002  0.96022168E+000  0.25659061E+001  0.51506201E+001  0.73808841E+001
 -0.57432812E+000 -0.43192031E+000 -0.11427865E+000 -0.56730342E-002 -0.39448408E-002 -0.10645184E-002  0.10816950E-002  0.96021977E+000  0.25659037E+001  0.51506161E+001  0.73808800E+001
 -0.57432791E+000 -0.43191996E+000 -0.11427821E+000 -0.56730329E-002 -0.39448370E-002 -0.10645105E-002  0.10816964E-002  0.96021787E+000  0.25659012E+001  0.51506121E+001  0.73808761E+001
 -0.57432770E+000 -0.43191961E+000 -0.11427777E+000 -0.56730316E-002 -0.39448332E-002 -0.10645026E-002  0.10816979E-002  0.96021600E+000  0.25658988E+001  0.51506082E+001  0.73808722E+001
 -0.57432749E+000 -0.43191926E+000 -0.11427734E+000 -0.56730303E-002 -0.39448296E-002 -0.10644950E-002  0.10816994E-002  0.96021414E+000  0.25658964E+001  0.51506043E+001  0.73808684E+001
 -0.57432728E+000 -0.43191892E+000 -0.11427691E+000 -0.56730290E-002 -0.39448259E-002 -0.10644875E-002  0.10817009E-002  0.96021231E+000  0.25658940E+001  0.51506006E+001  0.73808647E+001
 -0.57432708E+000 -0.43191858E+000 -0.11427649E+000 -0.56730278E-002 -0.39448224E-002 -0.10644801E-002  0.10817024E-002  0.96021050E+000  0.25658917E+001  0.51505969E+001  0.73808610E+001
 -0.57432688E+000 -0.43191825E+000 -0.11427607E+000 -0.56730265E-002 -0.39448189E-002 -0.10644730E-002  0.10817039E-002  0.96020872E+000  0.25658894E+001  0.51505932E+001  0.73808575E+001
 -0.57432668E+000 -0.43191792E+000 -0.11427565E+000 -0.56730253E-002 -0.39448156E-002 -0.10644659E-002  0.10817055E-002  0.96020696E+000  0.25658871E+001  0.51505897E+001  0.73808540E+001
 -0.57432649E+000 -0.43191759E+000 -0.11427524E+000 -0.56730241E-002 -0.39448122E-002 -0.10644591E-002  0.10817070E-002  0.96020522E+000  0.25658849E+001  0.51505862E+001  0.73808506E+001
 -0.57432630E+000 -0.43191727E+000 -0.11427484E+000 -0.56730229E-002 -0.39448090E-002 -0.10644524E-002  0.10817085E-002  0.96020352E+000  0.25658827E+001  0.51505828E+001  0.73808473E+001
 -0.57432611E+000 -0.43191696E+000 -0.11427444E+000 -0.56730218E-002 -0.39448058E-002 -0.10644458E-002  0.10817101E-002  0.96020184E+000  0.25658805E+001  0.51505794E+001  0.73808441E+001
 -0.57432593E+000 -0.43191665E+000 -0.11427405E+000 -0.56730207E-002 -0.39448027E-002 -0.10644395E-002  0.10817116E-002  0.96020018E+000  0.25658784E+001  0.51505761E+001  0.73808409E+001
 -0.57432575E+000 -0.43191635E+000 -0.11427366E+000 -0.56730195E-002 -0.39447997E-002 -0.10644333E-002  0.10817131E-002  0.96019856E+000  0.25658764E+001  0.51505729E+001  0.73808378E+001
 -0.57432557E+000 -0.43191605E+000 -0.11427328E+000 -0.56730185E-002 -0.39447967E-002 -0.10644272E-002  0.10817147E-002  0.96019697E+000  0.25658743E+001  0.51505698E+001  0.73808348E+001
 -0.57432540E+000 -0.43191576E+000 -0.11427290E+000 -0.56730174E-002 -0.39447939E-002 -0.10644213E-002  0.10817162E-002  0.96019540E+000  0.25658723E+001  0.51505667E+001  0.73808319E+001
 -0.57432523E+000 -0.43191547E+000 -0.11427254E+000 -0.56730163E-002 -0.39447911E-002 -0.10644156E-002  0.10817177E-002  0.96019387E+000  0.25658704E+001  0.51505637E+001  0.73808290E+001
 -0.57432507E+000 -0.43191519E+000 -0.11427218E+000 -0.56730153E-002 -0.39447884E-002 -0.10644100E-002  0.10817193E-002  0.96019237E+000  0.25658685E+001  0.51505608E+001  0.73808262E+001
 -0.57432491E+000 -0.43191492E+000 -0.11427182E+000 -0.56730143E-002 -0.39447857E-002 -0.10644047E-002  0.10817208E-002  0.96019090E+000  0.25658666E+001  0.51505579E+001  0.73808235E+001
 -0.57432475E+000 -0.43191466E+000 -0.11427148E+000 -0.56730133E-002 -0.39447831E-002 -0.10643994E-002  0.10817223E-002  0.96018946E+000  0.25658648E+001  0.51505551E+001  0.73808208E+001
 -0.57432460E+000 -0.43191440E+000 -0.11427114E+000 -0.56730124E-002 -0.39447806E-002 -0.10643943E-002  0.10817238E-002  0.96018806E+000  0.25658630E+001  0.51505524E+001  0.73808182E+001
 -0.57432446E+000 -0.43191415E+000 -0.11427081E+000 -0.56730115E-002 -0.39447782E-002 -0.10643894E-002  0.10817253E-002  0.96018668E+000  0.25658612E+001  0.51505498E+001  0.73808157E+001
 -0.57432431E+000 -0.43191390E+000 -0.11427049E+000 -0.56730106E-002 -0.39447759E-002 -0.10643846E-002  0.10817268E-002  0.96018534E+000  0.25658595E+001  0.51505472E+001  0.73808133E+001
 -0.57432417E+000 -0.43191366E+000 -0.11427017E+000 -0.56730097E-002 -0.39447736E-002 -0.10643800E-002  0.10817283E-002  0.96018403E+000  0.25658579E+001  0.51505447E+001  0.73808109E+001
 -0.57432404E+000 -0.43191343E+000 -0.11426987E+000 -0.56730088E-002 -0.39447714E-002 -0.10643756E-002  0.10817298E-002  0.96018275E+000  0.25658563E+001  0.51505422E+001  0.73808086E+001
 -0.57432391E+000 -0.43191320E+000 -0.11426957E+000 -0.56730080E-002 -0.39447692E-002 -0.10643712E-002  0.10817312E-002  0.96018151E+000  0.25658547E+001  0.51505398E+001  0.73808063E+001
 -0.57432378E+000 -0.43191298E+000 -0.11426928E+000 -0.56730072E-002 -0.39447672E-002 -0.10643671E-002  0.10817327E-002  0.96018030E+000  0.25658531E+001  0.51505375E+001  0.73808041E+001
 -0.57432366E+000 -0.43191277E+000 -0.11426899E+000 -0.56730064E-002 -0.39447652E-002 -0.10643630E-002  0.10817341E-002  0.96017912E+000  0.25658517E+001  0.51505353E+001  0.73808020E+001
 -0.57432354E+000 -0.43191256E+000 -0.11426872E+000 -0.56730057E-002 -0.39447632E-002 -0.10643592E-002  0.10817355E-002  0.96017797E+000  0.25658502E+001  0.51505331E+001  0.73808000E+001
 -0.57432343E+000 -0.43191237E+000 -0.11426845E+000 -0.56730049E-002 -0.39447614E-002 -0.10643554E-002  0.10817369E-002  0.96017685E+000  0.25658488E+001  0.51505310E+001  0.73807980E+001
 -0.57432332E+000 -0.43191217E+000 -0.11426819E+000 -0.56730042E-002 -0.39447596E-002 -0.10643518E-002  0.10817383E-002  0.96017577E+000  0.25658474E+001  0.51505289E+001  0.73807960E+001
 -0.57432321E+000 -0.43191199E+000 -0.11426794E+000 -0.56730035E-002 -0.39447578E-002 -0.10643483E-002  0.10817397E-002  0.96017471E+000  0.25658461E+001  0.51505269E+001  0.73807942E+001
 -0.57432311E+000 -0.43191181E+000 -0.11426770E+000 -0.56730028E-002 -0.39447561E-002 -0.10643450E-002  0.10817411E-002  0.96017369E+000  0.25658448E+001  0.51505250E+001  0.73807924E+001
 -0.57432301E+000 -0.43191163E+000 -0.11426746E+000 -0.56730022E-002 -0.39447545E-002 -0.10643417E-002  0.10817424E-002  0.96017270E+000  0.25658435E+001  0.51505231E+001  0.73807906E+001
 -0.57432291E+000 -0.43191146E+000 -0.11426724E+000 -0.56730016E-002 -0.39447530E-002 -0.10643386E-002  0.10817437E-002  0.96017174E+000  0.25658423E+001  0.51505213E+001  0.73807889E+001
 -0.57432282E+000 -0.43191130E+000 -0.11426702E+000 -0.56730010E-002 -0.39447515E-002 -0.10643356E-002  0.10817450E-002  0.96017081E+000  0.25658411E+001  0.51505196E+001  0.73807873E+001
 -0.57432273E+000 -0.43191115E+000 -0.11426680E+000 -0.56730004E-002 -0.39447500E-002 -0.10643328E-002  0.10817463E-002  0.96016990E+000  0.25658400E+001  0.51505179E+001  0.73807857E+001
 -0.57432265E+000 -0.43191100E+000 -0.11426660E+000 -0.56729998E-002 -0.39447487E-002 -0.10643300E-002  0.10817476E-002  0.96016903E+000  0.25658389E+001  0.51505162E+001  0.73807842E+001
 -0.57432257E+000 -0.43191085E+000 -0.11426640E+000 -0.56729993E-002 -0.39447473E-002 -0.10643274E-002  0.10817488E-002  0.96016818E+000  0.25658378E+001  0.51505146E+001  0.73807827E+001
 -0.57432249E+000 -0.43191071E+000 -0.11426621E+000 -0.56729988E-002 -0.39447460E-002 -0.10643248E-002  0.10817500E-002  0.96016737E+000  0.25658368E+001  0.51505131E+001  0.73807812E+001
 -0.57432242E+000 -0.43191058E+000 -0.11426602E+000 -0.56729982E-002 -0.39447448E-002 -0.10643224E-002  0.10817512E-002  0.96016658E+000  0.25658358E+001  0.51505116E+001  0.73807799E+001
 -0.57432234E+000 -0.43191045E+000 -0.11426584E+000 -0.56729978E-002 -0.39447436E-002 -0.10643201E-002  0.10817524E-002  0.96016581E+000  0.25658348E+001  0.51505102E+001  0.73807785E+001
 -0.57432228E+000 -0.43191033E+000 -0.11426567E+000 -0.56729973E-002 -0.39447425E-002 -0.10643178E-002  0.10817536E-002  0.96016508E+000  0.25658339E+001  0.51505089E+001  0.73807773E+001
 -0.57432221E+000 -0.43191021E+000 -0.11426551E+000 -0.56729968E-002 -0.39447414E-002 -0.10643157E-002  0.10817547E-002  0.96016436E+000  0.25658330E+001  0.51505075E+001  0.73807760E+001
 -0.57432215E+000 -0.43191010E+000 -0.11426535E+000 -0.56729964E-002 -0.39447404E-002 -0.10643136E-002  0.10817558E-002  0.96016368E+000  0.25658321E+001  0.51505063E+001  0.73807748E+001
 -0.57432209E+000 -0.43190999E+000 -0.11426520E+000 -0.56729960E-002 -0.39447394E-002 -0.10643117E-002  0.10817569E-002  0.96016301E+000  0.25658313E+001  0.51505050E+001  0.73807737E+001
 -0.57432203E+000 -0.43190988E+000 -0.11426505E+000 -0.56729956E-002 -0.39447384E-002 -0.10643098E-002  0.10817580E-002  0.96016238E+000  0.25658305E+001  0.51505039E+001  0.73807726E+001
 -0.57432197E+000 -0.43190978E+000 -0.11426491E+000 -0.56729952E-002 -0.39447375E-002 -0.10643080E-002  0.10817590E-002  0.96016176E+000  0.25658297E+001  0.51505027E+001  0.73807715E+001
 -0.57432192E+000 -0.43190969E+000 -0.11426477E+000 -0.56729949E-002 -0.39447366E-002 -0.10643063E-002  0.10817601E-002  0.96016117E+000  0.25658290E+001  0.51505016E+001  0.73807705E+001
 -0.57432187E+000 -0.43190960E+000 -0.11426464E+000 -0.56729945E-002 -0.39447358E-002 -0.10643046E-002  0.10817610E-002  0.96016060E+000  0.25658282E+001  0.51505006E+001  0.73807696E+001
 -0.57432182E+000 -0.43190951E+000 -0.11426452E+000 -0.56729942E-002 -0.39447350E-002 -0.10643031E-002  0.10817620E-002  0.96016005E+000  0.25658276E+001  0.51504996E+001  0.73807686E+001
 -0.57432178E+000 -0.43190943E+000 -0.11426440E+000 -0.56729938E-002 -0.39447342E-002 -0.10643016E-002  0.10817630E-002  0.96015952E+000  0.25658269E+001  0.51504986E+001  0.73807677E+001
 -0.57432174E+000 -0.43190935E+000 -0.11426429E+000 -0.56729935E-002 -0.39447335E-002 -0.10643001E-002  0.10817639E-002  0.96015901E+000  0.25658263E+001  0.51504977E+001  0.73807669E+001
 -0.57432169E+000 -0.43190927E+000 -0.11426418E+000 -0.56729932E-002 -0.39447328E-002 -0.10642988E-002  0.10817648E-002  0.96015852E+000  0.25658256E+001  0.51504968E+001  0.73807660E+001
 -0.57432165E+000 -0.43190920E+000 -0.11426407E+000 -0.56729929E-002 -0.39447322E-002 -0.10642975E-002  0.10817657E-002  0.96015805E+000  0.25658250E+001  0.51504959E+001  0.73807652E+001
 -0.57432162E+000 -0.43190913E+000 -0.11426397E+000 -0.56729927E-002 -0.39447315E-002 -0.10642962E-002  0.10817666E-002  0.96015759E+000  0.25658245E+001  0.51504951E+001  0.73807645E+001
 -0.57432158E+000 -0.43190906E+000 -0.11426388E+000 -0.56729924E-002 -0.39447309E-002 -0.10642950E-002  0.10817674E-002  0.96015716E+000  0.25658239E+001  0.51504943E+001  0.73807637E+001
 -0.57432155E+000 -0.43190900E+000 -0.11426378E+000 -0.56729922E-002 -0.39447303E-002 -0.10642939E-002  0.10817682E-002  0.96015674E+000  0.25658234E+001  0.51504936E+001  0.73807630E+001
 -0.57432151E+000 -0.43190894E+000 -0.11426370E+000 -0.56729919E-002 -0.39447298E-002 -0.10642928E-002  0.10817690E-002  0.96015634E+000  0.25658229E+001  0.51504928E+001  0.73807624E+001
 -0.57432148E+000 -0.43190888E+000 -0.11426361E+000 -0.56729917E-002 -0.39447292E-002 -0.10642918E-002  0.10817698E-002  0.96015596E+000  0.25658224E+001  0.51504921E+001  0.73807617E+001
 -0.57432145E+000 -0.43190883E+000 -0.11426353E+000 -0.56729915E-002 -0.39447287E-002 -0.10642908E-002  0.10817705E-002  0.96015559E+000  0.25658220E+001  0.51504915E+001  0.73807611E+001
 -0.57432143E+000 -0.43190878E+000 -0.11426346E+000 -0.56729913E-002 -0.39447283E-002 -0.10642899E-002  0.10817713E-002  0.96015523E+000  0.25658215E+001  0.51504908E+001  0.73807605E+001
 -0.57432140E+000 -0.43190873E+000 -0.11426338E+000 -0.56729911E-002 -0.39447278E-002 -0.10642890E-002  0.10817720E-002  0.96015489E+000  0.25658211E+001  0.51504902E+001  0.73807599E+001
 -0.57432138E+000 -0.43190868E+000 -0.11426331E+000 -0.56729909E-002 -0.39447274E-002 -0.10642882E-002  0.10817727E-002  0.96015457E+000  0.25658207E+001  0.51504896E+001  0.73807594E+001
 -0.57432135E+000 -0.43190863E+000 -0.11426325E+000 -0.56729907E-002 -0.39447270E-002 -0.10642874E-002  0.10817733E-002  0.96015425E+000  0.25658203E+001  0.51504891E+001  0.73807589E+001
 -0.57432133E+000 -0.43190859E+000 -0.11426318E+000 -0.56729905E-002 -0.39447266E-002 -0.10642866E-002  0.10817740E-002  0.96015395E+000  0.25658199E+001  0.51504886E+001  0.73807584E+001
 -0.57432131E+000 -0.43190855E+000 -0.11426312E+000 -0.56729904E-002 -0.39447262E-002 -0.10642859E-002  0.10817746E-002  0.96015367E+000  0.25658196E+001  0.51504880E+001  0.73807579E+001
 -0.57432129E+000 -0.43190851E+000 -0.11426306E+000 -0.56729902E-002 -0.39447258E-002 -0.10642852E-002  0.10817752E-002  0.96015339E+000  0.25658192E+001  0.51504876E+001  0.73807574E+001
 -0.57432127E+000 -0.43190848E+000 -0.11426301E+000 -0.56729901E-002 -0.39447255E-002 -0.10642845E-002  0.10817758E-002  0.96015313E+000  0.25658189E+001  0.51504871E+001  0.73807570E+001
 -0.57432125E+000 -0.43190844E+000 -0.11426296E+000 -0.56729899E-002 -0.39447252E-002 -0.10642839E-002  0.10817764E-002  0.96015288E+000  0.25658186E+001  0.51504866E+001  0.73807566E+001
 -0.57432123E+000 -0.43190841E+000 -0.11426291E+000 -0.56729898E-002 -0.39447249E-002 -0.10642833E-002  0.10817769E-002  0.96015264E+000  0.25658183E+001  0.51504862E+001  0.73807562E+001
 -0.57432121E+000 -0.43190838E+000 -0.11426286E+000 -0.56729896E-002 -0.39447246E-002 -0.10642827E-002  0.10817774E-002  0.96015241E+000  0.25658180E+001  0.51504858E+001  0.73807558E+001
 -0.57432120E+000 -0.43190835E+000 -0.11426281E+000 -0.56729895E-002 -0.39447243E-002 -0.10642822E-002  0.10817780E-002  0.96015218E+000  0.25658177E+001  0.51504854E+001  0.73807555E+001
 -0.57432118E+000 -0.43190832E+000 -0.11426277E+000 -0.56729894E-002 -0.39447240E-002 -0.10642817E-002  0.10817785E-002  0.96015197E+000  0.25658175E+001  0.51504850E+001  0.73807551E+001
 -0.57432117E+000 -0.43190829E+000 -0.11426273E+000 -0.56729893E-002 -0.39447238E-002 -0.10642812E-002  0.10817789E-002  0.96015177E+000  0.25658172E+001  0.51504847E+001  0.73807548E+001
 -0.57432116E+000 -0.43190826E+000 -0.11426269E+000 -0.56729892E-002 -0.39447235E-002 -0.10642808E-002  0.10817794E-002  0.96015158E+000  0.25658170E+001  0.51504844E+001  0.73807545E+001
 -0.57432114E+000 -0.43190824E+000 -0.11426265E+000 -0.56729891E-002 -0.39447233E-002 -0.10642803E-002  0.10817798E-002  0.96015139E+000  0.25658168E+001  0.51504840E+001  0.73807542E+001
 -0.57432113E+000 -0.43190822E+000 -0.11426262E+000 -0.56729890E-002 -0.39447231E-002 -0.10642799E-002  0.10817803E-002  0.96015122E+000  0.25658165E+001  0.51504837E+001  0.73807539E+001
 -0.57432112E+000 -0.43190820E+000 -0.11426258E+000 -0.56729889E-002 -0.39447229E-002 -0.10642795E-002  0.10817807E-002  0.96015105E+000  0.25658163E+001  0.51504834E+001  0.73807536E+001
 -0.57432111E+000 -0.43190817E+000 -0.11426255E+000 -0.56729888E-002 -0.39447227E-002 -0.10642791E-002  0.10817811E-002  0.96015089E+000  0.25658161E+001  0.51504831E+001  0.73807533E+001
 -0.57432110E+000 -0.43190816E+000 -0.11426252E+000 -0.56729887E-002 -0.39447225E-002 -0.10642788E-002  0.10817815E-002  0.96015073E+000  0.25658160E+001  0.51504829E+001  0.73807531E+001
 -0.57432109E+000 -0.43190814E+000 -0.11426249E+000 -0.56729886E-002 -0.39447223E-002 -0.10642784E-002  0.10817819E-002  0.96015058E+000  0.25658158E+001  0.51504826E+001  0.73807529E+001
 -0.57432108E+000 -0.43190812E+000 -0.11426246E+000 -0.56729886E-002 -0.39447221E-002 -0.10642781E-002  0.10817822E-002  0.96015044E+000  0.25658156E+001  0.51504824E+001  0.73807526E+001
 -0.57432107E+000 -0.43190810E+000 -0.11426244E+000 -0.56729885E-002 -0.39447220E-002 -0.10642778E-002  0.10817826E-002  0.96015031E+000  0.25658154E+001  0.51504821E+001  0.73807524E+001
 -0.57432106E+000 -0.43190809E+000 -0.11426241E+000 -0.56729884E-002 -0.39447218E-002 -0.10642775E-002  0.10817829E-002  0.96015018E+000  0.25658153E+001  0.51504819E+001  0.73807522E+001
 -0.57432106E+000 -0.43190807E+000 -0.11426239E+000 -0.56729883E-002 -0.39447217E-002 -0.10642772E-002  0.10817832E-002  0.96015006E+000  0.25658151E+001  0.51504817E+001  0.73807520E+001
 -0.57432105E+000 -0.43190806E+000 -0.11426237E+000 -0.56729883E-002 -0.39447216E-002 -0.10642770E-002  0.10817835E-002  0.96014994E+000  0.25658150E+001  0.51504815E+001  0.73807518E+001
 -0.57432104E+000 -0.43190804E+000 -0.11426234E+000 -0.56729882E-002 -0.39447214E-002 -0.10642767E-002  0.10817838E-002  0.96014983E+000  0.25658149E+001  0.51504813E+001  0.73807516E+001
 -0.57432104E+000 -0.43190803E+000 -0.11426232E+000 -0.56729882E-002 -0.39447213E-002 -0.10642765E-002  0.10817841E-002  0.96014972E+000  0.25658147E+001  0.51504811E+001  0.73807515E+001
 -0.57432103E+000 -0.43190802E+000 -0.11426231E+000 -0.56729881E-002 -0.39447212E-002 -0.10642763E-002  0.10817844E-002  0.96014962E+000  0.25658146E+001  0.51504810E+001  0.73807513E+001
 -0.57432102E+000 -0.43190801E+000 -0.11426229E+000 -0.56729881E-002 -0.39447211E-002 -0.10642761E-002  0.10817846E-002  0.96014953E+000  0.25658145E+001  0.51504808E+001  0.73807512E+001
 -0.57432102E+000 -0.43190799E+000 -0.11426227E+000 -0.56729880E-002 -0.39447210E-002 -0.10642759E-002  0.10817849E-002  0.96014943E+000  0.25658144E+001  0.51504806E+001  0.73807510E+001
 -0.57432101E+000 -0.43190798E+000 -0.11426225E+000 -0.56729880E-002 -0.39447209E-002 -0.10642757E-002  0.10817851E-002  0.96014934E+000  0.25658143E+001  0.51504805E+001  0.73807509E+001
 -0.57432101E+000 -0.43190797E+000 -0.11426224E+000 -0.56729879E-002 -0.39447208E-002 -0.10642755E-002  0.10817854E-002  0.96014926E+000  0.25658142E+001  0.51504803E+001  0.73807507E+001
