  0.19206568E+000  0.21789752E+000  0.35307161E+000  0.51540986E+000  0.85888413E+000  0.97800349E+000  0.13287376E+001  0.24789617E+001  0.41009339E+001  0.58211014E+001  0.92545924E+001
  0.19206568E+000  0.21789754E+000  0.35307454E+000  0.51540990E+000  0.85888413E+000  0.97800351E+000  0.13287377E+001  0.24789617E+001  0.41009229E+001  0.58211014E+001  0.92545917E+001
  0.19206568E+000  0.21789757E+000  0.35307586E+000  0.51540990E+000  0.85888413E+000  0.97800351E+000  0.13287376E+001  0.24789617E+001  0.41009145E+001  0.58211014E+001  0.92545908E+001
  0.19206568E+000  0.21789759E+000  0.35307671E+000  0.51540991E+000  0.85888413E+000  0.97800351E+000  0.13287376E+001  0.24789617E+001  0.41009085E+001  0.58211014E+001  0.92545900E+001
  0.19206568E+000  0.21789760E+000  0.35307731E+000  0.51540990E+000  0.85888413E+000  0.97800351E+000  0.13287376E+001  0.24789617E+001  0.41009040E+001  0.58211014E+001  0.92545893E+001
  0.19206568E+000  0.21789761E+000  0.35307773E+000  0.51540990E+000  0.85888413E+000  0.97800351E+000  0.13287376E+001  0.24789617E+001  0.41009007E+001  0.58211014E+001  0.92545887E+001
  0.19206568E+000  0.21789762E+000  0.35307798E+000  0.51540990E+000  0.85888413E+000  0.97800351E+000  0.13287376E+001  0.24789617E+001  0.41008985E+001  0.58211014E+001  0.92545883E+001
  0.19206568E+000  0.21789763E+000  0.35307812E+000  0.51540990E+000  0.85888413E+000  0.97800351E+000  0.13287375E+001  0.24789617E+001  0.41008971E+001  0.58211014E+001  0.92545880E+001
  0.19206568E+000  0.21789763E+000  0.35307815E+000  0.51540990E+000  0.85888413E+000  0.97800351E+000  0.13287375E+001  0.24789617E+001  0.41008966E+001  0.58211014E+001  0.92545878E+001
  0.19206568E+000  0.21789763E+000  0.35307813E+000  0.51540990E+000  0.85888413E+000  0.97800351E+000  0.13287375E+001  0.24789617E+001  0.41008967E+001  0.58211014E+001  0.92545876E+001
  0.19206568E+000  0.21789763E+000  0.35307806E+000  0.51540990E+000  0.85888413E+000  0.97800351E+000  0.13287375E+001  0.24789617E+001  0.41008975E+001  0.58211014E+001  0.92545875E+001
  0.19206568E+000  0.21789763E+000  0.35307796E+000  0.51540990E+000  0.85888413E+000  0.97800351E+000  0.13287375E+001  0.24789617E+001  0.41008988E+001  0.58211014E+001  0.92545874E+001
  0.19206568E+000  0.21789763E+000  0.35307786E+000  0.51540990E+000  0.85888413E+000  0.97800351E+000  0.13287375E+001  0.24789617E+001  0.41009005E+001  0.58211014E+001  0.92545873E+001
  0.19206568E+000  0.21789763E+000  0.35307775E+000  0.51540990E+000  0.85888413E+000  0.97800351E+000  0.13287375E+001  0.24789618E+001  0.41009026E+001  0.58211014E+001  0.92545872E+001
  0.19206568E+000  0.21789763E+000  0.35307764E+000  0.51540989E+000  0.85888413E+000  0.97800351E+000  0.13287375E+001  0.24789618E+001  0.41009049E+001  0.58211014E+001  0.92545872E+001
  0.19206568E+000  0.21789763E+000  0.35307754E+000  0.51540989E+000  0.85888413E+000  0.97800351E+000  0.13287374E+001  0.24789618E+001  0.41009075E+001  0.58211014E+001  0.92545871E+001
  0.19206568E+000  0.21789763E+000  0.35307744E+000  0.51540989E+000  0.85888413E+000  0.97800351E+000  0.13287374E+001  0.24789618E+001  0.41009103E+001  0.58211014E+001  0.92545871E+001
  0.19206568E+000  0.21789763E+000  0.35307735E+000  0.51540989E+000  0.85888413E+000  0.97800351E+000  0.13287374E+001  0.24789618E+001  0.41009133E+001  0.58211014E+001  0.92545870E+001
  0.19206568E+000  0.21789763E+000  0.35307728E+000  0.51540989E+000  0.85888413E+000  0.97800351E+000  0.13287374E+001  0.24789618E+001  0.41009164E+001  0.58211014E+001  0.92545870E+001
  0.19206568E+000  0.21789763E+000  0.35307721E+000  0.51540989E+000  0.85888413E+000  0.97800351E+000  0.13287374E+001  0.24789618E+001  0.41009197E+001  0.58211014E+001  0.92545869E+001
  0.19206568E+000  0.21789763E+000  0.35307715E+000  0.51540989E+000  0.85888413E+000  0.97800351E+000  0.13287374E+001  0.24789618E+001  0.41009231E+001  0.58211014E+001  0.92545869E+001
  0.19206568E+000  0.21789763E+000  0.35307710E+000  0.51540989E+000  0.85888413E+000  0.97800351E+000  0.13287374E+001  0.24789618E+001  0.41009266E+001  0.58211014E+001  0.92545868E+001
  0.19206568E+000  0.21789763E+000  0.35307707E+000  0.51540989E+000  0.85888413E+000  0.97800351E+000  0.13287374E+001  0.24789618E+001  0.41009303E+001  0.58211014E+001  0.92545868E+001
  0.19206568E+000  0.21789763E+000  0.35307704E+000  0.51540989E+000  0.85888413E+000  0.97800351E+000  0.13287374E+001  0.24789618E+001  0.41009341E+001  0.58211014E+001  0.92545868E+001
  0.19206568E+000  0.21789763E+000  0.35307703E+000  0.51540989E+000  0.85888413E+000  0.97800351E+000  0.13287374E+001  0.24789618E+001  0.41009381E+001  0.58211014E+001  0.92545867E+001
  0.19206568E+000  0.21789763E+000  0.35307702E+000  0.51540989E+000  0.85888413E+000  0.97800351E+000  0.13287375E+001  0.24789618E+001  0.41009423E+001  0.58211014E+001  0.92545867E+001
  0.19206568E+000  0.21789763E+000  0.35307703E+000  0.51540989E+000  0.85888413E+000  0.97800351E+000  0.13287375E+001  0.24789618E+001  0.41009466E+001  0.58211014E+001  0.92545867E+001
  0.19206568E+000  0.21789763E+000  0.35307705E+000  0.51540989E+000  0.85888413E+000  0.97800351E+000  0.13287375E+001  0.24789618E+001  0.41009510E+001  0.58211014E+001  0.92545866E+001
  0.19206568E+000  0.21789763E+000  0.35307708E+000  0.51540989E+000  0.85888413E+000  0.97800351E+000  0.13287375E+001  0.24789618E+001  0.41009557E+001  0.58211014E+001  0.92545866E+001
  0.19206568E+000  0.21789763E+000  0.35307712E+000  0.51540989E+000  0.85888413E+000  0.97800351E+000  0.13287375E+001  0.24789619E+001  0.41009605E+001  0.58211014E+001  0.92545866E+001
  0.19206568E+000  0.21789763E+000  0.35307718E+000  0.51540989E+000  0.85888413E+000  0.97800351E+000  0.13287375E+001  0.24789619E+001  0.41009656E+001  0.58211014E+001  0.92545866E+001
  0.19206568E+000  0.21789763E+000  0.35307724E+000  0.51540989E+000  0.85888413E+000  0.97800351E+000  0.13287375E+001  0.24789619E+001  0.41009708E+001  0.58211014E+001  0.92545865E+001
  0.19206568E+000  0.21789763E+000  0.35307732E+000  0.51540989E+000  0.85888413E+000  0.97800351E+000  0.13287375E+001  0.24789619E+001  0.41009763E+001  0.58211014E+001  0.92545865E+001
  0.19206568E+000  0.21789763E+000  0.35307741E+000  0.51540989E+000  0.85888413E+000  0.97800351E+000  0.13287376E+001  0.24789619E+001  0.41009820E+001  0.58211014E+001  0.92545865E+001
  0.19206568E+000  0.21789763E+000  0.35307752E+000  0.51540989E+000  0.85888413E+000  0.97800351E+000  0.13287376E+001  0.24789619E+001  0.41009879E+001  0.58211014E+001  0.92545865E+001
  0.19206568E+000  0.21789763E+000  0.35307764E+000  0.51540989E+000  0.85888413E+000  0.97800351E+000  0.13287376E+001  0.24789619E+001  0.41009941E+001  0.58211014E+001  0.92545865E+001
  0.19206568E+000  0.21789763E+000  0.35307777E+000  0.51540989E+000  0.85888413E+000  0.97800351E+000  0.13287376E+001  0.24789619E+001  0.41010005E+001  0.58211014E+001  0.92545865E+001
  0.19206568E+000  0.21789763E+000  0.35307792E+000  0.51540989E+000  0.85888413E+000  0.97800351E+000  0.13287376E+001  0.24789619E+001  0.41010072E+001  0.58211014E+001  0.92545864E+001
  0.19206568E+000  0.21789763E+000  0.35307809E+000  0.51540989E+000  0.85888413E+000  0.97800352E+000  0.13287377E+001  0.24789619E+001  0.41010142E+001  0.58211014E+001  0.92545864E+001
  0.19206568E+000  0.21789764E+000  0.35307827E+000  0.51540989E+000  0.85888413E+000  0.97800352E+000  0.13287377E+001  0.24789620E+001  0.41010215E+001  0.58211014E+001  0.92545864E+001
  0.19206568E+000  0.21789764E+000  0.35307848E+000  0.51540989E+000  0.85888413E+000  0.97800352E+000  0.13287377E+001  0.24789620E+001  0.41010290E+001  0.58211014E+001  0.92545864E+001
  0.19206568E+000  0.21789764E+000  0.35307870E+000  0.51540989E+000  0.85888413E+000  0.97800352E+000  0.13287378E+001  0.24789620E+001  0.41010369E+001  0.58211014E+001  0.92545864E+001
  0.19206568E+000  0.21789764E+000  0.35307893E+000  0.51540989E+000  0.85888413E+000  0.97800352E+000  0.13287378E+001  0.24789620E+001  0.41010452E+001  0.58211014E+001  0.92545864E+001
  0.19206568E+000  0.21789764E+000  0.35307919E+000  0.51540989E+000  0.85888413E+000  0.97800352E+000  0.13287378E+001  0.24789620E+001  0.41010538E+001  0.58211014E+001  0.92545864E+001
  0.19206568E+000  0.21789765E+000  0.35307947E+000  0.51540989E+000  0.85888413E+000  0.97800352E+000  0.13287379E+001  0.24789620E+001  0.41010627E+001  0.58211014E+001  0.92545864E+001
  0.19206568E+000  0.21789765E+000  0.35307978E+000  0.51540989E+000  0.85888413E+000  0.97800353E+000  0.13287379E+001  0.24789620E+001  0.41010721E+001  0.58211014E+001  0.92545864E+001
  0.19206568E+000  0.21789765E+000  0.35308010E+000  0.51540989E+000  0.85888413E+000  0.97800353E+000  0.13287379E+001  0.24789621E+001  0.41010819E+001  0.58211014E+001  0.92545864E+001
  0.19206568E+000  0.21789766E+000  0.35308045E+000  0.51540990E+000  0.85888413E+000  0.97800353E+000  0.13287380E+001  0.24789621E+001  0.41010921E+001  0.58211014E+001  0.92545864E+001
  0.19206568E+000  0.21789766E+000  0.35308083E+000  0.51540990E+000  0.85888413E+000  0.97800353E+000  0.13287380E+001  0.24789621E+001  0.41011027E+001  0.58211014E+001  0.92545864E+001
  0.19206568E+000  0.21789766E+000  0.35308123E+000  0.51540990E+000  0.85888413E+000  0.97800353E+000  0.13287381E+001  0.24789621E+001  0.41011139E+001  0.58211014E+001  0.92545864E+001
  0.19206568E+000  0.21789767E+000  0.35308166E+000  0.51540990E+000  0.85888413E+000  0.97800354E+000  0.13287381E+001  0.24789621E+001  0.41011256E+001  0.58211014E+001  0.92545864E+001
  0.19206568E+000  0.21789767E+000  0.35308212E+000  0.51540990E+000  0.85888413E+000  0.97800354E+000  0.13287382E+001  0.24789622E+001  0.41011332E+001  0.58211014E+001  0.92545864E+001
  0.19206568E+000  0.21789767E+000  0.35308261E+000  0.51540990E+000  0.85888413E+000  0.97800354E+000  0.13287382E+001  0.24789622E+001  0.41011334E+001  0.58211014E+001  0.92545864E+001
  0.19206568E+000  0.21789768E+000  0.35308313E+000  0.51540991E+000  0.85888413E+000  0.97800354E+000  0.13287383E+001  0.24789622E+001  0.41011336E+001  0.58211014E+001  0.92545864E+001
  0.19206568E+000  0.21789768E+000  0.35308368E+000  0.51540991E+000  0.85888413E+000  0.97800355E+000  0.13287384E+001  0.24789622E+001  0.41011338E+001  0.58211014E+001  0.92545865E+001
  0.19206568E+000  0.21789769E+000  0.35308427E+000  0.51540991E+000  0.85888413E+000  0.97800355E+000  0.13287384E+001  0.24789622E+001  0.41011340E+001  0.58211014E+001  0.92545865E+001
  0.19206568E+000  0.21789769E+000  0.35308490E+000  0.51540992E+000  0.85888413E+000  0.97800355E+000  0.13287385E+001  0.24789623E+001  0.41011342E+001  0.58211014E+001  0.92545865E+001
  0.19206568E+000  0.21789770E+000  0.35308556E+000  0.51540992E+000  0.85888413E+000  0.97800356E+000  0.13287385E+001  0.24789623E+001  0.41011344E+001  0.58211014E+001  0.92545865E+001
  0.19206568E+000  0.21789771E+000  0.35308626E+000  0.51540992E+000  0.85888413E+000  0.97800356E+000  0.13287386E+001  0.24789623E+001  0.41011346E+001  0.58211014E+001  0.92545866E+001
  0.19206568E+000  0.21789771E+000  0.35308701E+000  0.51540993E+000  0.85888413E+000  0.97800356E+000  0.13287387E+001  0.24789624E+001  0.41011349E+001  0.58211014E+001  0.92545866E+001
  0.19206568E+000  0.21789772E+000  0.35308779E+000  0.51540993E+000  0.85888413E+000  0.97800356E+000  0.13287388E+001  0.24789624E+001  0.41011352E+001  0.58211014E+001  0.92545866E+001
  0.19206568E+000  0.21789773E+000  0.35308862E+000  0.51540993E+000  0.85888413E+000  0.97800357E+000  0.13287389E+001  0.24789624E+001  0.41011354E+001  0.58211014E+001  0.92545867E+001
  0.19206568E+000  0.21789774E+000  0.35308949E+000  0.51540994E+000  0.85888413E+000  0.97800357E+000  0.13287389E+001  0.24789625E+001  0.41011357E+001  0.58211014E+001  0.92545867E+001
  0.19206568E+000  0.21789774E+000  0.35309040E+000  0.51540994E+000  0.85888413E+000  0.97800358E+000  0.13287390E+001  0.24789625E+001  0.41011360E+001  0.58211014E+001  0.92545868E+001
  0.19206568E+000  0.21789775E+000  0.35309136E+000  0.51540995E+000  0.85888413E+000  0.97800358E+000  0.13287391E+001  0.24789625E+001  0.41011363E+001  0.58211014E+001  0.92545868E+001
  0.19206568E+000  0.21789776E+000  0.35309237E+000  0.51540995E+000  0.85888413E+000  0.97800358E+000  0.13287392E+001  0.24789626E+001  0.41011367E+001  0.58211014E+001  0.92545869E+001
  0.19206568E+000  0.21789777E+000  0.35309343E+000  0.51540996E+000  0.85888413E+000  0.97800359E+000  0.13287393E+001  0.24789626E+001  0.41011370E+001  0.58211014E+001  0.92545870E+001
  0.19206568E+000  0.21789778E+000  0.35309453E+000  0.51540996E+000  0.85888413E+000  0.97800359E+000  0.13287394E+001  0.24789627E+001  0.41011374E+001  0.58211014E+001  0.92545871E+001
  0.19206568E+000  0.21789779E+000  0.35309568E+000  0.51540997E+000  0.85888413E+000  0.97800359E+000  0.13287395E+001  0.24789627E+001  0.41011378E+001  0.58211014E+001  0.92545872E+001
  0.19206568E+000  0.21789781E+000  0.35309688E+000  0.51540998E+000  0.85888413E+000  0.97800360E+000  0.13287396E+001  0.24789627E+001  0.41011382E+001  0.58211014E+001  0.92545873E+001
  0.19206568E+000  0.21789782E+000  0.35309813E+000  0.51540998E+000  0.85888413E+000  0.97800360E+000  0.13287398E+001  0.24789628E+001  0.41011386E+001  0.58211014E+001  0.92545875E+001
  0.19206568E+000  0.21789783E+000  0.35309943E+000  0.51540999E+000  0.85888413E+000  0.97800361E+000  0.13287399E+001  0.24789629E+001  0.41011390E+001  0.58211014E+001  0.92545877E+001
  0.19206568E+000  0.21789784E+000  0.35310078E+000  0.51541000E+000  0.85888413E+000  0.97800361E+000  0.13287400E+001  0.24789629E+001  0.41011395E+001  0.58211014E+001  0.92545878E+001
  0.19206568E+000  0.21789786E+000  0.35310218E+000  0.51541001E+000  0.85888413E+000  0.97800361E+000  0.13287402E+001  0.24789630E+001  0.41011721E+001  0.58211014E+001  0.92545880E+001
  0.19206568E+000  0.21789787E+000  0.35310363E+000  0.51541001E+000  0.85888413E+000  0.97800362E+000  0.13287403E+001  0.24789630E+001  0.41012336E+001  0.58211014E+001  0.92545883E+001
  0.19206568E+000  0.21789789E+000  0.35310512E+000  0.51541002E+000  0.85888413E+000  0.97800362E+000  0.13287404E+001  0.24789631E+001  0.41012971E+001  0.58211014E+001  0.92545885E+001
  0.19206568E+000  0.21789790E+000  0.35310667E+000  0.51541003E+000  0.85888413E+000  0.97800363E+000  0.13287406E+001  0.24789631E+001  0.41013623E+001  0.58211014E+001  0.92545888E+001
  0.19206568E+000  0.21789792E+000  0.35310826E+000  0.51541004E+000  0.85888413E+000  0.97800363E+000  0.13287407E+001  0.24789632E+001  0.41014293E+001  0.58211014E+001  0.92545891E+001
  0.19206568E+000  0.21789794E+000  0.35310989E+000  0.51541005E+000  0.85888413E+000  0.97800363E+000  0.13287409E+001  0.24789633E+001  0.41014981E+001  0.58211014E+001  0.92545895E+001
  0.19206568E+000  0.21789795E+000  0.35311158E+000  0.51541006E+000  0.85888413E+000  0.97800364E+000  0.13287411E+001  0.24789633E+001  0.41015685E+001  0.58211014E+001  0.92545899E+001
  0.19206568E+000  0.21789797E+000  0.35311330E+000  0.51541007E+000  0.85888413E+000  0.97800364E+000  0.13287412E+001  0.24789634E+001  0.41016405E+001  0.58211014E+001  0.92545903E+001
  0.19206568E+000  0.21789799E+000  0.35311507E+000  0.51541008E+000  0.85888413E+000  0.97800365E+000  0.13287414E+001  0.24789635E+001  0.41017140E+001  0.58211014E+001  0.92545908E+001
  0.19206568E+000  0.21789801E+000  0.35311688E+000  0.51541009E+000  0.85888413E+000  0.97800365E+000  0.13287416E+001  0.24789635E+001  0.41017891E+001  0.58211014E+001  0.92545913E+001
  0.19206568E+000  0.21789803E+000  0.35311873E+000  0.51541010E+000  0.85888413E+000  0.97800366E+000  0.13287418E+001  0.24789636E+001  0.41018656E+001  0.58211014E+001  0.92545918E+001
  0.19206568E+000  0.21789805E+000  0.35312062E+000  0.51541011E+000  0.85888413E+000  0.97800366E+000  0.13287420E+001  0.24789637E+001  0.41019436E+001  0.58211014E+001  0.92545924E+001
  0.19206568E+000  0.21789807E+000  0.35312255E+000  0.51541013E+000  0.85888413E+000  0.97800367E+000  0.13287422E+001  0.24789637E+001  0.41020230E+001  0.58211014E+001  0.92545931E+001
  0.19206568E+000  0.21789810E+000  0.35312451E+000  0.51541014E+000  0.85888413E+000  0.97800367E+000  0.13287424E+001  0.24789638E+001  0.41021039E+001  0.58211014E+001  0.92545938E+001
  0.19206568E+000  0.21789812E+000  0.35312651E+000  0.51541015E+000  0.85888413E+000  0.97800367E+000  0.13287426E+001  0.24789639E+001  0.41022247E+001  0.58211014E+001  0.92545946E+001
  0.19206568E+000  0.21789814E+000  0.35312854E+000  0.51541016E+000  0.85888413E+000  0.97800368E+000  0.13287428E+001  0.24789640E+001  0.41024036E+001  0.58211014E+001  0.92545954E+001
  0.19206568E+000  0.21789816E+000  0.35313060E+000  0.51541018E+000  0.85888413E+000  0.97800368E+000  0.13287430E+001  0.24789640E+001  0.41025856E+001  0.58211014E+001  0.92545963E+001
  0.19206568E+000  0.21789819E+000  0.35313269E+000  0.51541019E+000  0.85888413E+000  0.97800369E+000  0.13287432E+001  0.24789641E+001  0.41027709E+001  0.58211014E+001  0.92545972E+001
  0.19206568E+000  0.21789821E+000  0.35313480E+000  0.51541020E+000  0.85888413E+000  0.97800369E+000  0.13287435E+001  0.24789642E+001  0.41029595E+001  0.58211014E+001  0.92545983E+001
  0.19206568E+000  0.21789824E+000  0.35313694E+000  0.51541022E+000  0.85888413E+000  0.97800370E+000  0.13287437E+001  0.24789643E+001  0.41031514E+001  0.58211014E+001  0.92545993E+001
  0.19206568E+000  0.21789826E+000  0.35313911E+000  0.51541023E+000  0.85888413E+000  0.97800370E+000  0.13287439E+001  0.24789644E+001  0.41032350E+001  0.58211014E+001  0.92546005E+001
  0.19206568E+000  0.21789829E+000  0.35314129E+000  0.51541024E+000  0.85888413E+000  0.97800370E+000  0.13287442E+001  0.24789644E+001  0.41032463E+001  0.58211014E+001  0.92546018E+001
  0.19206568E+000  0.21789831E+000  0.35314349E+000  0.51541026E+000  0.85888413E+000  0.97800371E+000  0.13287444E+001  0.24789645E+001  0.41032577E+001  0.58211014E+001  0.92546031E+001
  0.19206568E+000  0.21789834E+000  0.35314572E+000  0.51541027E+000  0.85888413E+000  0.97800371E+000  0.13287447E+001  0.24789646E+001  0.41032694E+001  0.58211014E+001  0.92546045E+001
  0.19206568E+000  0.21789837E+000  0.35314795E+000  0.51541029E+000  0.85888413E+000  0.97800372E+000  0.13287449E+001  0.24789647E+001  0.41032813E+001  0.58211014E+001  0.92546060E+001
  0.19206568E+000  0.21789839E+000  0.35315020E+000  0.51541030E+000  0.85888413E+000  0.97800372E+000  0.13287452E+001  0.24789648E+001  0.41032934E+001  0.58211014E+001  0.92546077E+001
  0.19206568E+000  0.21789842E+000  0.35315245E+000  0.51541031E+000  0.85888413E+000  0.97800372E+000  0.13287454E+001  0.24789648E+001  0.41033057E+001  0.58211014E+001  0.92546094E+001
  0.19206568E+000  0.21789845E+000  0.35315472E+000  0.51541033E+000  0.85888413E+000  0.97800373E+000  0.13287457E+001  0.24789649E+001  0.41033183E+001  0.58211014E+001  0.92546112E+001
  0.19206568E+000  0.21789847E+000  0.35315699E+000  0.51541034E+000  0.85888413E+000  0.97800373E+000  0.13287460E+001  0.24789650E+001  0.41033310E+001  0.58211014E+001  0.92546131E+001
  0.19206568E+000  0.21789850E+000  0.35315926E+000  0.51541036E+000  0.85888413E+000  0.97800373E+000  0.13287462E+001  0.24789651E+001  0.41033439E+001  0.58211014E+001  0.92546152E+001
  0.19206568E+000  0.21789852E+000  0.35316154E+000  0.51541037E+000  0.85888413E+000  0.97800374E+000  0.13287465E+001  0.24789652E+001  0.41033571E+001  0.58211014E+001  0.92546173E+001
  0.19206568E+000  0.21789855E+000  0.35316381E+000  0.51541039E+000  0.85888413E+000  0.97800374E+000  0.13287468E+001  0.24789653E+001  0.41033704E+001  0.58211014E+001  0.92546196E+001
  0.19206568E+000  0.21789858E+000  0.35316608E+000  0.51541040E+000  0.85888413E+000  0.97800374E+000  0.13287470E+001  0.24789653E+001  0.41056049E+001  0.58211014E+001  0.92546220E+001
  0.19206568E+000  0.21789860E+000  0.35316834E+000  0.51541042E+000  0.85888413E+000  0.97800375E+000  0.13287473E+001  0.24789654E+001  0.41056070E+001  0.58211014E+001  0.92546246E+001
  0.19206568E+000  0.21789863E+000  0.35317059E+000  0.51541043E+000  0.85888413E+000  0.97800375E+000  0.13287476E+001  0.24789655E+001  0.41056091E+001  0.58211014E+001  0.92546272E+001
  0.19206568E+000  0.21789865E+000  0.35317284E+000  0.51541045E+000  0.85888413E+000  0.97800375E+000  0.13287479E+001  0.24789656E+001  0.41056113E+001  0.58211014E+001  0.92546300E+001
  0.19206568E+000  0.21789868E+000  0.35317506E+000  0.51541046E+000  0.85888413E+000  0.97800376E+000  0.13287481E+001  0.24789657E+001  0.41056134E+001  0.58211014E+001  0.92546330E+001
  0.19206568E+000  0.21789870E+000  0.35317728E+000  0.51541048E+000  0.85888413E+000  0.97800376E+000  0.13287484E+001  0.24789658E+001  0.41056156E+001  0.58211014E+001  0.92565714E+001
  0.19206568E+000  0.21789873E+000  0.35317947E+000  0.51541049E+000  0.85888413E+000  0.97800376E+000  0.13287487E+001  0.24789658E+001  0.41056178E+001  0.58211014E+001  0.92565787E+001
  0.19206568E+000  0.21789875E+000  0.35318165E+000  0.51541050E+000  0.85888413E+000  0.97800377E+000  0.13287489E+001  0.24789659E+001  0.41056201E+001  0.58211014E+001  0.92565865E+001
  0.19206568E+000  0.21789877E+000  0.35318380E+000  0.51541052E+000  0.85888413E+000  0.97800377E+000  0.13287492E+001  0.24789660E+001  0.41056223E+001  0.58211014E+001  0.92565945E+001
  0.19206568E+000  0.21789880E+000  0.35318593E+000  0.51541053E+000  0.85888413E+000  0.97800377E+000  0.13287495E+001  0.24789661E+001  0.41056246E+001  0.58211014E+001  0.92566029E+001
  0.19206568E+000  0.21789882E+000  0.35318804E+000  0.51541055E+000  0.85888413E+000  0.97800377E+000  0.13287497E+001  0.24789662E+001  0.41056269E+001  0.58211014E+001  0.92566117E+001
  0.19206568E+000  0.21789884E+000  0.35319011E+000  0.51541056E+000  0.85888413E+000  0.97800378E+000  0.13287500E+001  0.24789663E+001  0.41056292E+001  0.58211014E+001  0.92566209E+001
  0.19206568E+000  0.21789886E+000  0.35319216E+000  0.51541057E+000  0.85888413E+000  0.97800378E+000  0.13287502E+001  0.24789663E+001  0.41056315E+001  0.58211014E+001  0.92566304E+001
  0.19206568E+000  0.21789888E+000  0.35319417E+000  0.51541059E+000  0.85888413E+000  0.97800378E+000  0.13287505E+001  0.24789664E+001  0.41056339E+001  0.58211014E+001  0.92566402E+001
  0.19206568E+000  0.21789890E+000  0.35319616E+000  0.51541060E+000  0.85888413E+000  0.97800378E+000  0.13287507E+001  0.24789665E+001  0.41056362E+001  0.58211014E+001  0.92566505E+001
  0.19206568E+000  0.21789892E+000  0.35319811E+000  0.51541061E+000  0.85888413E+000  0.97800379E+000  0.13287510E+001  0.24789666E+001  0.41056386E+001  0.58211014E+001  0.92566611E+001
  0.19206568E+000  0.21789894E+000  0.35320002E+000  0.51541063E+000  0.85888413E+000  0.97800379E+000  0.13287512E+001  0.24789667E+001  0.41056410E+001  0.58211014E+001  0.92566720E+001
  0.19206568E+000  0.21789896E+000  0.35320178E+000  0.51541064E+000  0.85888413E+000  0.97800379E+000  0.13287515E+001  0.24789667E+001  0.41056433E+001  0.58211014E+001  0.92566834E+001
  0.19206568E+000  0.21789898E+000  0.35320197E+000  0.51541065E+000  0.85888413E+000  0.97800379E+000  0.13287517E+001  0.24789668E+001  0.41056457E+001  0.58211014E+001  0.92566951E+001
  0.19206568E+000  0.21789899E+000  0.35320215E+000  0.51541066E+000  0.85888413E+000  0.97800379E+000  0.13287520E+001  0.24789669E+001  0.41056481E+001  0.58211014E+001  0.92567071E+001
  0.19206568E+000  0.21789901E+000  0.35320233E+000  0.51541067E+000  0.85888413E+000  0.97800380E+000  0.13287522E+001  0.24789670E+001  0.41056505E+001  0.58211014E+001  0.92567196E+001
  0.19206568E+000  0.21789903E+000  0.35320250E+000  0.51541069E+000  0.85888413E+000  0.97800380E+000  0.13287524E+001  0.24789671E+001  0.41056529E+001  0.58211014E+001  0.92567323E+001
  0.19206568E+000  0.21789904E+000  0.35320267E+000  0.51541070E+000  0.85888413E+000  0.97800380E+000  0.13287527E+001  0.24789671E+001  0.41056553E+001  0.58211014E+001  0.92567454E+001
  0.19206568E+000  0.21789906E+000  0.35320284E+000  0.51541071E+000  0.85888413E+000  0.97800380E+000  0.13287529E+001  0.24789672E+001  0.41056576E+001  0.58211014E+001  0.92567589E+001
  0.19206568E+000  0.21789907E+000  0.35320300E+000  0.51541072E+000  0.85888413E+000  0.97800380E+000  0.13287531E+001  0.24789673E+001  0.41056600E+001  0.58211014E+001  0.92567727E+001
  0.19206568E+000  0.21789909E+000  0.35320316E+000  0.51541073E+000  0.85888413E+000  0.97800381E+000  0.13287533E+001  0.24789674E+001  0.41056624E+001  0.58211014E+001  0.92567868E+001
  0.19206568E+000  0.21789910E+000  0.35320331E+000  0.51541074E+000  0.85888413E+000  0.97800381E+000  0.13287535E+001  0.24789674E+001  0.41056794E+001  0.58211014E+001  0.92568012E+001
  0.19206568E+000  0.21789912E+000  0.35320346E+000  0.51541075E+000  0.85888413E+000  0.97800381E+000  0.13287537E+001  0.24789675E+001  0.41057196E+001  0.58211014E+001  0.92568159E+001
  0.19206568E+000  0.21789913E+000  0.35320361E+000  0.51541076E+000  0.85888413E+000  0.97800381E+000  0.13287539E+001  0.24789676E+001  0.41057597E+001  0.58211014E+001  0.92632772E+001
  0.19206568E+000  0.21789914E+000  0.35320375E+000  0.51541077E+000  0.85888413E+000  0.97800381E+000  0.13287541E+001  0.24789677E+001  0.41057995E+001  0.58211014E+001  0.92632921E+001
  0.19206568E+000  0.21789915E+000  0.35320388E+000  0.51541078E+000  0.85888413E+000  0.97800381E+000  0.13287543E+001  0.24789677E+001  0.41058391E+001  0.58211014E+001  0.92633072E+001
  0.19206568E+000  0.21789916E+000  0.35320401E+000  0.51541079E+000  0.85888413E+000  0.97800381E+000  0.13287545E+001  0.24789678E+001  0.41058784E+001  0.58211014E+001  0.92633226E+001
  0.19206568E+000  0.21789917E+000  0.35320414E+000  0.51541080E+000  0.85888413E+000  0.97800382E+000  0.13287547E+001  0.24789679E+001  0.41074792E+001  0.58211014E+001  0.92633382E+001
  0.19206568E+000  0.21789918E+000  0.35320426E+000  0.51541081E+000  0.85888413E+000  0.97800382E+000  0.13287549E+001  0.24789679E+001  0.41074911E+001  0.58211014E+001  0.92633540E+001
  0.19206568E+000  0.21789919E+000  0.35320438E+000  0.51541081E+000  0.85888413E+000  0.97800382E+000  0.13287550E+001  0.24789680E+001  0.41075029E+001  0.58211014E+001  0.92633700E+001
  0.19206568E+000  0.21789920E+000  0.35320450E+000  0.51541082E+000  0.85888413E+000  0.97800382E+000  0.13287552E+001  0.24789681E+001  0.41075146E+001  0.58211014E+001  0.92633862E+001
  0.19206568E+000  0.21789921E+000  0.35320461E+000  0.51541083E+000  0.85888413E+000  0.97800382E+000  0.13287554E+001  0.24789681E+001  0.41075261E+001  0.58211014E+001  0.92634025E+001
  0.19206568E+000  0.21789922E+000  0.35320472E+000  0.51541084E+000  0.85888413E+000  0.97800382E+000  0.13287555E+001  0.24789682E+001  0.41075376E+001  0.58211014E+001  0.92634190E+001
  0.19206568E+000  0.21789923E+000  0.35320482E+000  0.51541084E+000  0.85888413E+000  0.97800382E+000  0.13287557E+001  0.24789682E+001  0.41075489E+001  0.58211014E+001  0.92634357E+001
  0.19206568E+000  0.21789924E+000  0.35320492E+000  0.51541085E+000  0.85888413E+000  0.97800382E+000  0.13287559E+001  0.24789683E+001  0.41075601E+001  0.58211014E+001  0.92634525E+001
  0.19206568E+000  0.21789925E+000  0.35320501E+000  0.51541086E+000  0.85888413E+000  0.97800382E+000  0.13287560E+001  0.24789684E+001  0.41075711E+001  0.58211014E+001  0.92634693E+001
  0.19206568E+000  0.21789925E+000  0.35320511E+000  0.51541086E+000  0.85888413E+000  0.97800382E+000  0.13287562E+001  0.24789684E+001  0.41075820E+001  0.58211014E+001  0.92634863E+001
  0.19206568E+000  0.21789926E+000  0.35320519E+000  0.51541087E+000  0.85888413E+000  0.97800383E+000  0.13287563E+001  0.24789685E+001  0.41075927E+001  0.58211014E+001  0.92635033E+001
  0.19206568E+000  0.21789927E+000  0.35320528E+000  0.51541088E+000  0.85888413E+000  0.97800383E+000  0.13287564E+001  0.24789685E+001  0.41076033E+001  0.58211014E+001  0.92678425E+001
  0.19206568E+000  0.21789927E+000  0.35320536E+000  0.51541088E+000  0.85888413E+000  0.97800383E+000  0.13287566E+001  0.24789686E+001  0.41076137E+001  0.58211014E+001  0.92678486E+001
  0.19206568E+000  0.21789928E+000  0.35320544E+000  0.51541089E+000  0.85888413E+000  0.97800383E+000  0.13287567E+001  0.24789686E+001  0.41076240E+001  0.58211014E+001  0.92678547E+001
  0.19206568E+000  0.21789928E+000  0.35320551E+000  0.51541089E+000  0.85888413E+000  0.97800383E+000  0.13287568E+001  0.24789687E+001  0.41076341E+001  0.58211014E+001  0.92678608E+001
  0.19206568E+000  0.21789929E+000  0.35320558E+000  0.51541090E+000  0.85888413E+000  0.97800383E+000  0.13287569E+001  0.24789687E+001  0.41076441E+001  0.58211014E+001  0.92678668E+001
  0.19206568E+000  0.21789929E+000  0.35320565E+000  0.51541090E+000  0.85888413E+000  0.97800383E+000  0.13287571E+001  0.24789688E+001  0.41076538E+001  0.58211014E+001  0.92678729E+001
  0.19206568E+000  0.21789930E+000  0.35320572E+000  0.51541091E+000  0.85888413E+000  0.97800383E+000  0.13287572E+001  0.24789688E+001  0.41076634E+001  0.58211014E+001  0.92678790E+001
  0.19206568E+000  0.21789930E+000  0.35320578E+000  0.51541091E+000  0.85888413E+000  0.97800383E+000  0.13287573E+001  0.24789689E+001  0.41076729E+001  0.58211014E+001  0.92678851E+001
  0.19206568E+000  0.21789931E+000  0.35320584E+000  0.51541092E+000  0.85888413E+000  0.97800383E+000  0.13287574E+001  0.24789689E+001  0.41076821E+001  0.58211014E+001  0.92678911E+001
  0.19206568E+000  0.21789931E+000  0.35320590E+000  0.51541092E+000  0.85888413E+000  0.97800383E+000  0.13287575E+001  0.24789690E+001  0.41076912E+001  0.58211014E+001  0.92678971E+001
  0.19206568E+000  0.21789932E+000  0.35320596E+000  0.51541093E+000  0.85888413E+000  0.97800383E+000  0.13287576E+001  0.24789690E+001  0.41077001E+001  0.58211014E+001  0.92679031E+001
  0.19206568E+000  0.21789932E+000  0.35320601E+000  0.51541093E+000  0.85888413E+000  0.97800383E+000  0.13287577E+001  0.24789691E+001  0.41077088E+001  0.58211014E+001  0.92679090E+001
  0.19206568E+000  0.21789932E+000  0.35320606E+000  0.51541093E+000  0.85888413E+000  0.97800383E+000  0.13287578E+001  0.24789691E+001  0.41077174E+001  0.58211014E+001  0.92679149E+001
  0.19206568E+000  0.21789933E+000  0.35320611E+000  0.51541094E+000  0.85888413E+000  0.97800383E+000  0.13287579E+001  0.24789691E+001  0.41077257E+001  0.58211014E+001  0.92700044E+001
  0.19206568E+000  0.21789933E+000  0.35320615E+000  0.51541094E+000  0.85888413E+000  0.97800383E+000  0.13287580E+001  0.24789692E+001  0.41077339E+001  0.58211014E+001  0.92701138E+001
  0.19206568E+000  0.21789933E+000  0.35320620E+000  0.51541094E+000  0.85888413E+000  0.97800384E+000  0.13287580E+001  0.24789692E+001  0.41077419E+001  0.58211014E+001  0.92702222E+001
  0.19206568E+000  0.21789934E+000  0.35320624E+000  0.51541095E+000  0.85888413E+000  0.97800384E+000  0.13287581E+001  0.24789693E+001  0.41077497E+001  0.58211014E+001  0.92703295E+001
  0.19206568E+000  0.21789934E+000  0.35320628E+000  0.51541095E+000  0.85888413E+000  0.97800384E+000  0.13287582E+001  0.24789693E+001  0.41077574E+001  0.58211014E+001  0.92704356E+001
  0.19206568E+000  0.21789934E+000  0.35320631E+000  0.51541095E+000  0.85888413E+000  0.97800384E+000  0.13287583E+001  0.24789693E+001  0.41077648E+001  0.58211014E+001  0.92705406E+001
  0.19206568E+000  0.21789935E+000  0.35320635E+000  0.51541096E+000  0.85888413E+000  0.97800384E+000  0.13287583E+001  0.24789694E+001  0.41077721E+001  0.58211014E+001  0.92706442E+001
  0.19206568E+000  0.21789935E+000  0.35320639E+000  0.51541096E+000  0.85888413E+000  0.97800384E+000  0.13287584E+001  0.24789694E+001  0.41077792E+001  0.58211014E+001  0.92707465E+001
  0.19206568E+000  0.21789935E+000  0.35320642E+000  0.51541096E+000  0.85888413E+000  0.97800384E+000  0.13287585E+001  0.24789694E+001  0.41077861E+001  0.58211014E+001  0.92708475E+001
  0.19206568E+000  0.21789935E+000  0.35320645E+000  0.51541096E+000  0.85888413E+000  0.97800384E+000  0.13287585E+001  0.24789695E+001  0.41077929E+001  0.58211014E+001  0.92709470E+001
  0.19206568E+000  0.21789935E+000  0.35320648E+000  0.51541097E+000  0.85888413E+000  0.97800384E+000  0.13287586E+001  0.24789695E+001  0.41077995E+001  0.58211014E+001  0.92710450E+001
  0.19206568E+000  0.21789936E+000  0.35320651E+000  0.51541097E+000  0.85888413E+000  0.97800384E+000  0.13287587E+001  0.24789695E+001  0.41078059E+001  0.58211014E+001  0.92711415E+001
  0.19206568E+000  0.21789936E+000  0.35320653E+000  0.51541097E+000  0.85888413E+000  0.97800384E+000  0.13287587E+001  0.24789695E+001  0.41078121E+001  0.58211014E+001  0.92712365E+001
  0.19206568E+000  0.21789936E+000  0.35320656E+000  0.51541097E+000  0.85888413E+000  0.97800384E+000  0.13287588E+001  0.24789696E+001  0.41078182E+001  0.58211014E+001  0.92739122E+001
  0.19206568E+000  0.21789936E+000  0.35320658E+000  0.51541097E+000  0.85888413E+000  0.97800384E+000  0.13287588E+001  0.24789696E+001  0.41078241E+001  0.58211014E+001  0.92739258E+001
  0.19206568E+000  0.21789936E+000  0.35320661E+000  0.51541097E+000  0.85888413E+000  0.97800384E+000  0.13287589E+001  0.24789696E+001  0.41078298E+001  0.58211014E+001  0.92739392E+001
  0.19206568E+000  0.21789936E+000  0.35320663E+000  0.51541098E+000  0.85888413E+000  0.97800384E+000  0.13287589E+001  0.24789696E+001  0.41078354E+001  0.58211014E+001  0.92739523E+001
  0.19206568E+000  0.21789937E+000  0.35320665E+000  0.51541098E+000  0.85888413E+000  0.97800384E+000  0.13287590E+001  0.24789697E+001  0.41078408E+001  0.58211014E+001  0.92739652E+001
  0.19206568E+000  0.21789937E+000  0.35320667E+000  0.51541098E+000  0.85888413E+000  0.97800384E+000  0.13287590E+001  0.24789697E+001  0.41078460E+001  0.58211014E+001  0.92739778E+001
  0.19206568E+000  0.21789937E+000  0.35320669E+000  0.51541098E+000  0.85888413E+000  0.97800384E+000  0.13287590E+001  0.24789697E+001  0.41078511E+001  0.58211014E+001  0.92739902E+001
  0.19206568E+000  0.21789937E+000  0.35320671E+000  0.51541098E+000  0.85888413E+000  0.97800384E+000  0.13287591E+001  0.24789697E+001  0.41078561E+001  0.58211014E+001  0.92740023E+001
  0.19206568E+000  0.21789937E+000  0.35320672E+000  0.51541098E+000  0.85888413E+000  0.97800384E+000  0.13287591E+001  0.24789698E+001  0.41078609E+001  0.58211014E+001  0.92740141E+001
  0.19206568E+000  0.21789937E+000  0.35320674E+000  0.51541099E+000  0.85888413E+000  0.97800384E+000  0.13287592E+001  0.24789698E+001  0.41078655E+001  0.58211014E+001  0.92740257E+001
  0.19206568E+000  0.21789937E+000  0.35320675E+000  0.51541099E+000  0.85888413E+000  0.97800384E+000  0.13287592E+001  0.24789698E+001  0.41078700E+001  0.58211014E+001  0.92740371E+001
  0.19206568E+000  0.21789937E+000  0.35320677E+000  0.51541099E+000  0.85888413E+000  0.97800384E+000  0.13287592E+001  0.24789698E+001  0.41078744E+001  0.58211014E+001  0.92740482E+001
  0.19206568E+000  0.21789937E+000  0.35320678E+000  0.51541099E+000  0.85888413E+000  0.97800384E+000  0.13287593E+001  0.24789698E+001  0.41078786E+001  0.58211014E+001  0.92740590E+001
  0.19206568E+000  0.21789937E+000  0.35320679E+000  0.51541099E+000  0.85888413E+000  0.97800384E+000  0.13287593E+001  0.24789698E+001  0.41078827E+001  0.58211014E+001  0.92740695E+001
  0.19206568E+000  0.21789938E+000  0.35320681E+000  0.51541099E+000  0.85888413E+000  0.97800384E+000  0.13287593E+001  0.24789699E+001  0.41078867E+001  0.58211014E+001  0.92740799E+001
  0.19206568E+000  0.21789938E+000  0.35320682E+000  0.51541099E+000  0.85888413E+000  0.97800384E+000  0.13287593E+001  0.24789699E+001  0.41078905E+001  0.58211014E+001  0.92740899E+001
  0.19206568E+000  0.21789938E+000  0.35320683E+000  0.51541099E+000  0.85888413E+000  0.97800384E+000  0.13287594E+001  0.24789699E+001  0.41078942E+001  0.58211014E+001  0.92742768E+001
  0.19206568E+000  0.21789938E+000  0.35320684E+000  0.51541099E+000  0.85888413E+000  0.97800384E+000  0.13287594E+001  0.24789699E+001  0.41078978E+001  0.58211014E+001  0.92742824E+001
  0.19206568E+000  0.21789938E+000  0.35320685E+000  0.51541099E+000  0.85888413E+000  0.97800384E+000  0.13287594E+001  0.24789699E+001  0.41079012E+001  0.58211014E+001  0.92742878E+001
  0.19206568E+000  0.21789938E+000  0.35320686E+000  0.51541100E+000  0.85888413E+000  0.97800384E+000  0.13287594E+001  0.24789699E+001  0.41110732E+001  0.58211014E+001  0.92742931E+001
  0.19206568E+000  0.21789938E+000  0.35320687E+000  0.51541100E+000  0.85888413E+000  0.97800384E+000  0.13287595E+001  0.24789699E+001  0.41110821E+001  0.58211014E+001  0.92742983E+001
  0.19206568E+000  0.21789938E+000  0.35320688E+000  0.51541100E+000  0.85888413E+000  0.97800384E+000  0.13287595E+001  0.24789700E+001  0.41110907E+001  0.58211014E+001  0.92743032E+001
  0.19206568E+000  0.21789938E+000  0.35320689E+000  0.51541100E+000  0.85888413E+000  0.97800384E+000  0.13287595E+001  0.24789700E+001  0.41110989E+001  0.58211014E+001  0.92743081E+001
  0.19206568E+000  0.21789938E+000  0.35320689E+000  0.51541100E+000  0.85888413E+000  0.97800384E+000  0.13287595E+001  0.24789700E+001  0.41111069E+001  0.58211014E+001  0.92743128E+001
  0.19206568E+000  0.21789938E+000  0.35320690E+000  0.51541100E+000  0.85888413E+000  0.97800384E+000  0.13287595E+001  0.24789700E+001  0.41111146E+001  0.58211014E+001  0.92743174E+001
  0.19206568E+000  0.21789938E+000  0.35320691E+000  0.51541100E+000  0.85888413E+000  0.97800384E+000  0.13287596E+001  0.24789700E+001  0.41111220E+001  0.58211014E+001  0.92743219E+001
