 -0.48122914E+000 -0.23354775E+000 -0.54909481E-002 -0.45317649E-002 -0.16542155E-002  0.22934065E+000  0.34247264E+001  0.16556430E+002  0.33034408E+002  0.10316508E+003  0.17234818E+003
 -0.48122936E+000 -0.23355053E+000 -0.54909647E-002 -0.45318646E-002 -0.16545643E-002  0.22934056E+000  0.34247262E+001  0.16556430E+002  0.33034563E+002  0.10316508E+003  0.17234817E+003
 -0.48122964E+000 -0.23355401E+000 -0.54909706E-002 -0.45318951E-002 -0.16546688E-002  0.22934054E+000  0.34247262E+001  0.16556430E+002  0.33034703E+002  0.10316508E+003  0.17234817E+003
 -0.48122992E+000 -0.23355683E+000 -0.54909738E-002 -0.45319047E-002 -0.16546975E-002  0.22934054E+000  0.34247263E+001  0.16556430E+002  0.33034834E+002  0.10316508E+003  0.17234817E+003
 -0.48123015E+000 -0.23355868E+000 -0.54909760E-002 -0.45319073E-002 -0.16547014E-002  0.22934055E+000  0.34247263E+001  0.16556430E+002  0.33034958E+002  0.10316508E+003  0.17234817E+003
 -0.48123034E+000 -0.23355965E+000 -0.54909777E-002 -0.45319073E-002 -0.16546964E-002  0.22934056E+000  0.34247263E+001  0.16556430E+002  0.33035078E+002  0.10316508E+003  0.17234817E+003
 -0.48123047E+000 -0.23355995E+000 -0.54909790E-002 -0.45319063E-002 -0.16546880E-002  0.22934057E+000  0.34247263E+001  0.16556430E+002  0.33035194E+002  0.10316508E+003  0.17234817E+003
 -0.48123057E+000 -0.23355976E+000 -0.54909801E-002 -0.45319046E-002 -0.16546782E-002  0.22934058E+000  0.34247264E+001  0.16556430E+002  0.33035308E+002  0.10316508E+003  0.17234817E+003
 -0.48123063E+000 -0.23355920E+000 -0.54909810E-002 -0.45319027E-002 -0.16546679E-002  0.22934060E+000  0.34247264E+001  0.16556430E+002  0.33035419E+002  0.10316508E+003  0.17234817E+003
 -0.48123066E+000 -0.23355838E+000 -0.54909818E-002 -0.45319007E-002 -0.16546574E-002  0.22934061E+000  0.34247264E+001  0.16556430E+002  0.33035528E+002  0.10316508E+003  0.17234817E+003
 -0.48123067E+000 -0.23355737E+000 -0.54909823E-002 -0.45318985E-002 -0.16546471E-002  0.22934062E+000  0.34247264E+001  0.16556430E+002  0.33035634E+002  0.10316508E+003  0.17234817E+003
 -0.48123067E+000 -0.23355622E+000 -0.54909827E-002 -0.45318962E-002 -0.16546369E-002  0.22934063E+000  0.34247265E+001  0.16556430E+002  0.33035738E+002  0.10316508E+003  0.17234817E+003
 -0.48123065E+000 -0.23355496E+000 -0.54909830E-002 -0.45318940E-002 -0.16546270E-002  0.22934064E+000  0.34247265E+001  0.16556430E+002  0.33035841E+002  0.10316508E+003  0.17234817E+003
 -0.48123062E+000 -0.23355364E+000 -0.54909831E-002 -0.45318917E-002 -0.16546173E-002  0.22934065E+000  0.34247265E+001  0.16556430E+002  0.33035942E+002  0.10316508E+003  0.17234817E+003
 -0.48123059E+000 -0.23355228E+000 -0.54909831E-002 -0.45318893E-002 -0.16546079E-002  0.22934066E+000  0.34247265E+001  0.16556430E+002  0.33036041E+002  0.10316508E+003  0.17234817E+003
 -0.48123055E+000 -0.23355091E+000 -0.54909830E-002 -0.45318870E-002 -0.16545988E-002  0.22934066E+000  0.34247265E+001  0.16556430E+002  0.33036139E+002  0.10316508E+003  0.17234817E+003
 -0.48123050E+000 -0.23354953E+000 -0.54909828E-002 -0.45318846E-002 -0.16545899E-002  0.22934067E+000  0.34247266E+001  0.16556430E+002  0.33036235E+002  0.10316508E+003  0.17234817E+003
 -0.48123045E+000 -0.23354817E+000 -0.54909825E-002 -0.45318822E-002 -0.16545812E-002  0.22934068E+000  0.34247266E+001  0.16556430E+002  0.33036331E+002  0.10316508E+003  0.17234817E+003
 -0.48123040E+000 -0.23354684E+000 -0.54909821E-002 -0.45318797E-002 -0.16545726E-002  0.22934068E+000  0.34247266E+001  0.16556430E+002  0.33036427E+002  0.10316508E+003  0.17234817E+003
 -0.48123035E+000 -0.23354554E+000 -0.54909816E-002 -0.45318772E-002 -0.16545641E-002  0.22934069E+000  0.34247266E+001  0.16556430E+002  0.33036522E+002  0.10316508E+003  0.17234817E+003
 -0.48123030E+000 -0.23354428E+000 -0.54909811E-002 -0.45318747E-002 -0.16545558E-002  0.22934070E+000  0.34247267E+001  0.16556430E+002  0.33036617E+002  0.10316508E+003  0.17234817E+003
 -0.48123025E+000 -0.23354307E+000 -0.54909804E-002 -0.45318722E-002 -0.16545474E-002  0.22934070E+000  0.34247267E+001  0.16556430E+002  0.33036712E+002  0.10316508E+003  0.17234817E+003
 -0.48123019E+000 -0.23354190E+000 -0.54909798E-002 -0.45318696E-002 -0.16545391E-002  0.22934071E+000  0.34247267E+001  0.16556430E+002  0.33036807E+002  0.10316508E+003  0.17234817E+003
 -0.48123014E+000 -0.23354077E+000 -0.54909790E-002 -0.45318669E-002 -0.16545307E-002  0.22934072E+000  0.34247267E+001  0.16556430E+002  0.33036903E+002  0.10316508E+003  0.17234817E+003
 -0.48123008E+000 -0.23353969E+000 -0.54909782E-002 -0.45318642E-002 -0.16545222E-002  0.22934072E+000  0.34247268E+001  0.16556430E+002  0.33037000E+002  0.10316508E+003  0.17234817E+003
 -0.48123003E+000 -0.23353866E+000 -0.54909774E-002 -0.45318614E-002 -0.16545136E-002  0.22934073E+000  0.34247268E+001  0.16556430E+002  0.33037098E+002  0.10316508E+003  0.17234817E+003
 -0.48122997E+000 -0.23353766E+000 -0.54909765E-002 -0.45318586E-002 -0.16545049E-002  0.22934074E+000  0.34247268E+001  0.16556430E+002  0.33037198E+002  0.10316508E+003  0.17234817E+003
 -0.48122992E+000 -0.23353670E+000 -0.54909756E-002 -0.45318557E-002 -0.16544960E-002  0.22934075E+000  0.34247268E+001  0.16556430E+002  0.33037299E+002  0.10316508E+003  0.17234817E+003
 -0.48122986E+000 -0.23353577E+000 -0.54909746E-002 -0.45318527E-002 -0.16544869E-002  0.22934076E+000  0.34247269E+001  0.16556430E+002  0.33037402E+002  0.10316508E+003  0.17234817E+003
 -0.48122981E+000 -0.23353488E+000 -0.54909737E-002 -0.45318496E-002 -0.16544776E-002  0.22934077E+000  0.34247269E+001  0.16556430E+002  0.33037507E+002  0.10316508E+003  0.17234817E+003
 -0.48122975E+000 -0.23353401E+000 -0.54909726E-002 -0.45318465E-002 -0.16544680E-002  0.22934078E+000  0.34247269E+001  0.16556430E+002  0.33037614E+002  0.10316508E+003  0.17234817E+003
 -0.48122969E+000 -0.23353317E+000 -0.54909716E-002 -0.45318432E-002 -0.16544581E-002  0.22934079E+000  0.34247269E+001  0.16556430E+002  0.33037724E+002  0.10316508E+003  0.17234817E+003
 -0.48122963E+000 -0.23353234E+000 -0.54909705E-002 -0.45318399E-002 -0.16544480E-002  0.22934081E+000  0.34247270E+001  0.16556430E+002  0.33037836E+002  0.10316508E+003  0.17234817E+003
 -0.48122957E+000 -0.23353153E+000 -0.54909694E-002 -0.45318364E-002 -0.16544375E-002  0.22934082E+000  0.34247270E+001  0.16556430E+002  0.33037952E+002  0.10316508E+003  0.17234817E+003
 -0.48122951E+000 -0.23353073E+000 -0.54909682E-002 -0.45318328E-002 -0.16544267E-002  0.22934084E+000  0.34247270E+001  0.16556430E+002  0.33038071E+002  0.10316508E+003  0.17234817E+003
 -0.48122945E+000 -0.23352994E+000 -0.54909671E-002 -0.45318292E-002 -0.16544155E-002  0.22934085E+000  0.34247271E+001  0.16556430E+002  0.33038194E+002  0.10316508E+003  0.17234817E+003
 -0.48122939E+000 -0.23352915E+000 -0.54909658E-002 -0.45318254E-002 -0.16544040E-002  0.22934087E+000  0.34247271E+001  0.16556430E+002  0.33038320E+002  0.10316508E+003  0.17234817E+003
 -0.48122932E+000 -0.23352837E+000 -0.54909646E-002 -0.45318214E-002 -0.16543921E-002  0.22934089E+000  0.34247271E+001  0.16556430E+002  0.33038451E+002  0.10316508E+003  0.17234817E+003
 -0.48122925E+000 -0.23352758E+000 -0.54909633E-002 -0.45318174E-002 -0.16543798E-002  0.22934091E+000  0.34247272E+001  0.16556430E+002  0.33038586E+002  0.10316508E+003  0.17234817E+003
 -0.48122919E+000 -0.23352678E+000 -0.54909620E-002 -0.45318133E-002 -0.16543672E-002  0.22934093E+000  0.34247272E+001  0.16556430E+002  0.33038726E+002  0.10316508E+003  0.17234817E+003
 -0.48122912E+000 -0.23352598E+000 -0.54909606E-002 -0.45318090E-002 -0.16543542E-002  0.22934096E+000  0.34247272E+001  0.16556430E+002  0.33038872E+002  0.10316508E+003  0.17234817E+003
 -0.48122904E+000 -0.23352517E+000 -0.54909592E-002 -0.45318046E-002 -0.16543409E-002  0.22934098E+000  0.34247272E+001  0.16556430E+002  0.33039023E+002  0.10316508E+003  0.17234817E+003
 -0.48122897E+000 -0.23352434E+000 -0.54909577E-002 -0.45318000E-002 -0.16543272E-002  0.22934101E+000  0.34247273E+001  0.16556430E+002  0.33039180E+002  0.10316508E+003  0.17234817E+003
 -0.48122889E+000 -0.23352349E+000 -0.54909562E-002 -0.45317954E-002 -0.16543131E-002  0.22934104E+000  0.34247273E+001  0.16556430E+002  0.33039343E+002  0.10316508E+003  0.17234817E+003
 -0.48122882E+000 -0.23352262E+000 -0.54909546E-002 -0.45317906E-002 -0.16542987E-002  0.22934107E+000  0.34247274E+001  0.16556430E+002  0.33039513E+002  0.10316508E+003  0.17234817E+003
 -0.48122874E+000 -0.23352173E+000 -0.54909530E-002 -0.45317857E-002 -0.16542840E-002  0.22934110E+000  0.34247274E+001  0.16556430E+002  0.33039690E+002  0.10316508E+003  0.17234817E+003
 -0.48122865E+000 -0.23352082E+000 -0.54909514E-002 -0.45317807E-002 -0.16542689E-002  0.22934114E+000  0.34247274E+001  0.16556430E+002  0.33039874E+002  0.10316508E+003  0.17234817E+003
 -0.48122857E+000 -0.23351987E+000 -0.54909497E-002 -0.45317756E-002 -0.16542535E-002  0.22934117E+000  0.34247275E+001  0.16556430E+002  0.33040067E+002  0.10316508E+003  0.17234817E+003
 -0.48122848E+000 -0.23351890E+000 -0.54909479E-002 -0.45317704E-002 -0.16542379E-002  0.22934121E+000  0.34247275E+001  0.16556430E+002  0.33040267E+002  0.10316508E+003  0.17234817E+003
 -0.48122840E+000 -0.23351789E+000 -0.54909461E-002 -0.45317650E-002 -0.16542219E-002  0.22934125E+000  0.34247276E+001  0.16556430E+002  0.33040477E+002  0.10316508E+003  0.17234817E+003
 -0.48122831E+000 -0.23351685E+000 -0.54909442E-002 -0.45317595E-002 -0.16542056E-002  0.22934129E+000  0.34247276E+001  0.16556431E+002  0.33040695E+002  0.10316508E+003  0.17234817E+003
 -0.48122821E+000 -0.23351577E+000 -0.54909423E-002 -0.45317540E-002 -0.16541891E-002  0.22934133E+000  0.34247277E+001  0.16556431E+002  0.33040923E+002  0.10316508E+003  0.17234817E+003
 -0.48122812E+000 -0.23351466E+000 -0.54909403E-002 -0.45317483E-002 -0.16541723E-002  0.22934137E+000  0.34247277E+001  0.16556431E+002  0.33041161E+002  0.10316508E+003  0.17234817E+003
 -0.48122802E+000 -0.23351350E+000 -0.54909383E-002 -0.45317425E-002 -0.16541553E-002  0.22934142E+000  0.34247277E+001  0.16556431E+002  0.33041410E+002  0.10316508E+003  0.17234817E+003
 -0.48122793E+000 -0.23351230E+000 -0.54909362E-002 -0.45317366E-002 -0.16541380E-002  0.22934147E+000  0.34247278E+001  0.16556431E+002  0.33041669E+002  0.10316508E+003  0.17234817E+003
 -0.48122783E+000 -0.23351106E+000 -0.54909341E-002 -0.45317306E-002 -0.16541204E-002  0.22934151E+000  0.34247278E+001  0.16556431E+002  0.33041940E+002  0.10316508E+003  0.17234817E+003
 -0.48122772E+000 -0.23350978E+000 -0.54909319E-002 -0.45317245E-002 -0.16541027E-002  0.22934157E+000  0.34247279E+001  0.16556431E+002  0.33042223E+002  0.10316508E+003  0.17234817E+003
 -0.48122762E+000 -0.23350845E+000 -0.54909296E-002 -0.45317184E-002 -0.16540847E-002  0.22934162E+000  0.34247280E+001  0.16556431E+002  0.33042517E+002  0.10316508E+003  0.17234817E+003
 -0.48122752E+000 -0.23350708E+000 -0.54909273E-002 -0.45317121E-002 -0.16540665E-002  0.22934167E+000  0.34247280E+001  0.16556431E+002  0.33042825E+002  0.10316508E+003  0.17234817E+003
 -0.48122741E+000 -0.23350566E+000 -0.54909249E-002 -0.45317057E-002 -0.16540481E-002  0.22934173E+000  0.34247281E+001  0.16556431E+002  0.33043146E+002  0.10316508E+003  0.17234817E+003
 -0.48122730E+000 -0.23350420E+000 -0.54909225E-002 -0.45316992E-002 -0.16540295E-002  0.22934179E+000  0.34247281E+001  0.16556431E+002  0.33043479E+002  0.10316508E+003  0.17234817E+003
 -0.48122719E+000 -0.23350269E+000 -0.54909200E-002 -0.45316927E-002 -0.16540108E-002  0.22934185E+000  0.34247282E+001  0.16556431E+002  0.33043827E+002  0.10316508E+003  0.17234817E+003
 -0.48122708E+000 -0.23350113E+000 -0.54909175E-002 -0.45316861E-002 -0.16539919E-002  0.22934191E+000  0.34247282E+001  0.16556431E+002  0.33044189E+002  0.10316508E+003  0.17234817E+003
 -0.48122697E+000 -0.23349953E+000 -0.54909149E-002 -0.45316793E-002 -0.16539728E-002  0.22934198E+000  0.34247283E+001  0.16556431E+002  0.33044565E+002  0.10316508E+003  0.17234817E+003
 -0.48122685E+000 -0.23349788E+000 -0.54909122E-002 -0.45316726E-002 -0.16539536E-002  0.22934204E+000  0.34247284E+001  0.16556431E+002  0.33044956E+002  0.10316508E+003  0.17234817E+003
 -0.48122674E+000 -0.23349618E+000 -0.54909095E-002 -0.45316657E-002 -0.16539342E-002  0.22934211E+000  0.34247284E+001  0.16556431E+002  0.33045361E+002  0.10316508E+003  0.17234817E+003
 -0.48122662E+000 -0.23349444E+000 -0.54909068E-002 -0.45316588E-002 -0.16539148E-002  0.22934218E+000  0.34247285E+001  0.16556431E+002  0.33045781E+002  0.10316508E+003  0.17234817E+003
 -0.48122650E+000 -0.23349265E+000 -0.54909040E-002 -0.45316518E-002 -0.16538952E-002  0.22934225E+000  0.34247286E+001  0.16556431E+002  0.33046217E+002  0.10316508E+003  0.17234817E+003
 -0.48122638E+000 -0.23349082E+000 -0.54909011E-002 -0.45316447E-002 -0.16538756E-002  0.22934233E+000  0.34247286E+001  0.16556431E+002  0.33046667E+002  0.10316508E+003  0.17234817E+003
 -0.48122626E+000 -0.23348895E+000 -0.54908983E-002 -0.45316376E-002 -0.16538559E-002  0.22934241E+000  0.34247287E+001  0.16556431E+002  0.33047133E+002  0.10316508E+003  0.17234817E+003
 -0.48122613E+000 -0.23348704E+000 -0.54908953E-002 -0.45316305E-002 -0.16538361E-002  0.22934248E+000  0.34247288E+001  0.16556431E+002  0.33047614E+002  0.10316508E+003  0.17234817E+003
 -0.48122601E+000 -0.23348508E+000 -0.54908923E-002 -0.45316233E-002 -0.16538163E-002  0.22934256E+000  0.34247289E+001  0.16556431E+002  0.33048110E+002  0.10316508E+003  0.17234817E+003
 -0.48122588E+000 -0.23348309E+000 -0.54908893E-002 -0.45316161E-002 -0.16537966E-002  0.22934264E+000  0.34247289E+001  0.16556431E+002  0.33048620E+002  0.10316508E+003  0.17234817E+003
 -0.48122576E+000 -0.23348106E+000 -0.54908863E-002 -0.45316089E-002 -0.16537768E-002  0.22934273E+000  0.34247290E+001  0.16556431E+002  0.33049146E+002  0.10316509E+003  0.17234817E+003
 -0.48122563E+000 -0.23347900E+000 -0.54908832E-002 -0.45316016E-002 -0.16537570E-002  0.22934281E+000  0.34247291E+001  0.16556431E+002  0.33049687E+002  0.10316509E+003  0.17234817E+003
 -0.48122551E+000 -0.23347690E+000 -0.54908801E-002 -0.45315943E-002 -0.16537373E-002  0.22934290E+000  0.34247292E+001  0.16556431E+002  0.33050242E+002  0.10316509E+003  0.17234817E+003
 -0.48122538E+000 -0.23347477E+000 -0.54908769E-002 -0.45315871E-002 -0.16537176E-002  0.22934298E+000  0.34247293E+001  0.16556431E+002  0.33050811E+002  0.10316509E+003  0.17234817E+003
 -0.48122525E+000 -0.23347261E+000 -0.54908737E-002 -0.45315798E-002 -0.16536980E-002  0.22934307E+000  0.34247293E+001  0.16556431E+002  0.33051394E+002  0.10316509E+003  0.17234817E+003
 -0.48122512E+000 -0.23347043E+000 -0.54908705E-002 -0.45315725E-002 -0.16536785E-002  0.22934316E+000  0.34247294E+001  0.16556431E+002  0.33051991E+002  0.10316509E+003  0.17234817E+003
 -0.48122500E+000 -0.23346823E+000 -0.54908673E-002 -0.45315653E-002 -0.16536592E-002  0.22934325E+000  0.34247295E+001  0.16556431E+002  0.33052601E+002  0.10316509E+003  0.17234817E+003
 -0.48122487E+000 -0.23346600E+000 -0.54908641E-002 -0.45315580E-002 -0.16536400E-002  0.22934334E+000  0.34247296E+001  0.16556431E+002  0.33053224E+002  0.10316509E+003  0.17234817E+003
 -0.48122474E+000 -0.23346376E+000 -0.54908608E-002 -0.45315508E-002 -0.16536209E-002  0.22934343E+000  0.34247297E+001  0.16556431E+002  0.33053860E+002  0.10316509E+003  0.17234817E+003
 -0.48122462E+000 -0.23346151E+000 -0.54908576E-002 -0.45315437E-002 -0.16536020E-002  0.22934352E+000  0.34247298E+001  0.16556432E+002  0.33054509E+002  0.10316509E+003  0.17234817E+003
 -0.48122449E+000 -0.23345924E+000 -0.54908543E-002 -0.45315366E-002 -0.16535833E-002  0.22934362E+000  0.34247299E+001  0.16556432E+002  0.33055169E+002  0.10316509E+003  0.17234817E+003
 -0.48122437E+000 -0.23345696E+000 -0.54908511E-002 -0.45315295E-002 -0.16535649E-002  0.22934371E+000  0.34247300E+001  0.16556432E+002  0.33055841E+002  0.10316509E+003  0.17234817E+003
 -0.48122425E+000 -0.23345468E+000 -0.54908478E-002 -0.45315225E-002 -0.16535466E-002  0.22934380E+000  0.34247301E+001  0.16556432E+002  0.33056524E+002  0.10316509E+003  0.17234817E+003
 -0.48122412E+000 -0.23345240E+000 -0.54908446E-002 -0.45315156E-002 -0.16535286E-002  0.22934389E+000  0.34247302E+001  0.16556432E+002  0.33057218E+002  0.10316509E+003  0.17234817E+003
 -0.48122400E+000 -0.23345012E+000 -0.54908414E-002 -0.45315087E-002 -0.16535109E-002  0.22934398E+000  0.34247303E+001  0.16556432E+002  0.33057922E+002  0.10316509E+003  0.17234817E+003
 -0.48122388E+000 -0.23344784E+000 -0.54908382E-002 -0.45315020E-002 -0.16534934E-002  0.22934407E+000  0.34247303E+001  0.16556432E+002  0.33058636E+002  0.10316509E+003  0.17234817E+003
 -0.48122377E+000 -0.23344558E+000 -0.54908350E-002 -0.45314953E-002 -0.16534763E-002  0.22934416E+000  0.34247304E+001  0.16556432E+002  0.33059359E+002  0.10316509E+003  0.17234817E+003
 -0.48122365E+000 -0.23344332E+000 -0.54908318E-002 -0.45314887E-002 -0.16534594E-002  0.22934425E+000  0.34247305E+001  0.16556432E+002  0.33060091E+002  0.10316509E+003  0.17234817E+003
 -0.48122354E+000 -0.23344107E+000 -0.54908287E-002 -0.45314822E-002 -0.16534429E-002  0.22934433E+000  0.34247306E+001  0.16556432E+002  0.33060832E+002  0.10316509E+003  0.17234817E+003
 -0.48122342E+000 -0.23343885E+000 -0.54908256E-002 -0.45314759E-002 -0.16534267E-002  0.22934442E+000  0.34247307E+001  0.16556432E+002  0.33061580E+002  0.10316509E+003  0.17234817E+003
 -0.48122331E+000 -0.23343664E+000 -0.54908225E-002 -0.45314696E-002 -0.16534109E-002  0.22934450E+000  0.34247308E+001  0.16556432E+002  0.33062336E+002  0.10316510E+003  0.17234817E+003
 -0.48122320E+000 -0.23343446E+000 -0.54908195E-002 -0.45314634E-002 -0.16533953E-002  0.22934459E+000  0.34247309E+001  0.16556432E+002  0.33063099E+002  0.10316510E+003  0.17234817E+003
 -0.48122310E+000 -0.23343230E+000 -0.54908165E-002 -0.45314574E-002 -0.16533802E-002  0.22934467E+000  0.34247310E+001  0.16556432E+002  0.33063868E+002  0.10316510E+003  0.17234817E+003
 -0.48122299E+000 -0.23343017E+000 -0.54908136E-002 -0.45314515E-002 -0.16533654E-002  0.22934475E+000  0.34247311E+001  0.16556432E+002  0.33064644E+002  0.10316510E+003  0.17234817E+003
 -0.48122289E+000 -0.23342807E+000 -0.54908107E-002 -0.45314457E-002 -0.16533510E-002  0.22934483E+000  0.34247312E+001  0.16556432E+002  0.33065424E+002  0.10316510E+003  0.17234817E+003
 -0.48122279E+000 -0.23342600E+000 -0.54908078E-002 -0.45314401E-002 -0.16533369E-002  0.22934491E+000  0.34247313E+001  0.16556432E+002  0.33066210E+002  0.10316510E+003  0.17234817E+003
 -0.48122270E+000 -0.23342397E+000 -0.54908050E-002 -0.45314346E-002 -0.16533233E-002  0.22934498E+000  0.34247314E+001  0.16556432E+002  0.33067000E+002  0.10316510E+003  0.17234817E+003
 -0.48122260E+000 -0.23342197E+000 -0.54908023E-002 -0.45314292E-002 -0.16533100E-002  0.22934506E+000  0.34247315E+001  0.16556432E+002  0.33067794E+002  0.10316510E+003  0.17234817E+003
 -0.48122251E+000 -0.23342001E+000 -0.54907996E-002 -0.45314240E-002 -0.16532971E-002  0.22934513E+000  0.34247316E+001  0.16556432E+002  0.33068592E+002  0.10316510E+003  0.17234817E+003
 -0.48122242E+000 -0.23341809E+000 -0.54907970E-002 -0.45314189E-002 -0.16532846E-002  0.22934520E+000  0.34247317E+001  0.16556432E+002  0.33069392E+002  0.10316510E+003  0.17234817E+003
 -0.48122233E+000 -0.23341621E+000 -0.54907944E-002 -0.45314139E-002 -0.16532725E-002  0.22934527E+000  0.34247318E+001  0.16556433E+002  0.33070195E+002  0.10316510E+003  0.17234817E+003
 -0.48122225E+000 -0.23341438E+000 -0.54907919E-002 -0.45314091E-002 -0.16532608E-002  0.22934534E+000  0.34247319E+001  0.16556433E+002  0.33070999E+002  0.10316510E+003  0.17234817E+003
 -0.48122216E+000 -0.23341258E+000 -0.54907895E-002 -0.45314044E-002 -0.16532494E-002  0.22934540E+000  0.34247320E+001  0.16556433E+002  0.33071805E+002  0.10316511E+003  0.17234817E+003
 -0.48122209E+000 -0.23341083E+000 -0.54907871E-002 -0.45313999E-002 -0.16532385E-002  0.22934547E+000  0.34247321E+001  0.16556433E+002  0.33072612E+002  0.10316511E+003  0.17234817E+003
 -0.48122201E+000 -0.23340913E+000 -0.54907848E-002 -0.45313955E-002 -0.16532279E-002  0.22934553E+000  0.34247322E+001  0.16556433E+002  0.33073419E+002  0.10316511E+003  0.17234817E+003
 -0.48122193E+000 -0.23340747E+000 -0.54907825E-002 -0.45313913E-002 -0.16532177E-002  0.22934559E+000  0.34247323E+001  0.16556433E+002  0.33074225E+002  0.10316511E+003  0.17234817E+003
 -0.48122186E+000 -0.23340586E+000 -0.54907803E-002 -0.45313872E-002 -0.16532078E-002  0.22934565E+000  0.34247324E+001  0.16556433E+002  0.33075031E+002  0.10316511E+003  0.17234817E+003
 -0.48122179E+000 -0.23340430E+000 -0.54907782E-002 -0.45313832E-002 -0.16531984E-002  0.22934570E+000  0.34247325E+001  0.16556433E+002  0.33075836E+002  0.10316511E+003  0.17234817E+003
 -0.48122172E+000 -0.23340278E+000 -0.54907761E-002 -0.45313794E-002 -0.16531893E-002  0.22934576E+000  0.34247326E+001  0.16556433E+002  0.33076639E+002  0.10316511E+003  0.17234817E+003
 -0.48122166E+000 -0.23340131E+000 -0.54907742E-002 -0.45313757E-002 -0.16531805E-002  0.22934581E+000  0.34247327E+001  0.16556433E+002  0.33077440E+002  0.10316511E+003  0.17234817E+003
 -0.48122160E+000 -0.23339989E+000 -0.54907722E-002 -0.45313722E-002 -0.16531721E-002  0.22934586E+000  0.34247328E+001  0.16556433E+002  0.33078239E+002  0.10316511E+003  0.17234817E+003
 -0.48122154E+000 -0.23339851E+000 -0.54907704E-002 -0.45313688E-002 -0.16531640E-002  0.22934591E+000  0.34247329E+001  0.16556433E+002  0.33079034E+002  0.10316511E+003  0.17234817E+003
 -0.48122148E+000 -0.23339718E+000 -0.54907686E-002 -0.45313655E-002 -0.16531563E-002  0.22934595E+000  0.34247329E+001  0.16556433E+002  0.33079825E+002  0.10316512E+003  0.17234817E+003
 -0.48122142E+000 -0.23339589E+000 -0.54907668E-002 -0.45313623E-002 -0.16531489E-002  0.22934600E+000  0.34247330E+001  0.16556433E+002  0.33080612E+002  0.10316512E+003  0.17234817E+003
 -0.48122137E+000 -0.23339465E+000 -0.54907652E-002 -0.45313593E-002 -0.16531418E-002  0.22934604E+000  0.34247331E+001  0.16556433E+002  0.33081395E+002  0.10316512E+003  0.17234818E+003
 -0.48122132E+000 -0.23339346E+000 -0.54907636E-002 -0.45313564E-002 -0.16531350E-002  0.22934608E+000  0.34247332E+001  0.16556433E+002  0.33082173E+002  0.10316512E+003  0.17234818E+003
 -0.48122127E+000 -0.23339231E+000 -0.54907620E-002 -0.45313536E-002 -0.16531286E-002  0.22934612E+000  0.34247333E+001  0.16556433E+002  0.33082945E+002  0.10316512E+003  0.17234818E+003
 -0.48122122E+000 -0.23339120E+000 -0.54907605E-002 -0.45313510E-002 -0.16531224E-002  0.22934616E+000  0.34247333E+001  0.16556433E+002  0.33083712E+002  0.10316512E+003  0.17234818E+003
 -0.48122118E+000 -0.23339014E+000 -0.54907591E-002 -0.45313484E-002 -0.16531165E-002  0.22934620E+000  0.34247334E+001  0.16556433E+002  0.33089448E+002  0.10316512E+003  0.17234818E+003
 -0.48122114E+000 -0.23338912E+000 -0.54907577E-002 -0.45313460E-002 -0.16531108E-002  0.22934623E+000  0.34247335E+001  0.16556433E+002  0.33095402E+002  0.10316512E+003  0.17234818E+003
 -0.48122110E+000 -0.23338814E+000 -0.54907564E-002 -0.45313437E-002 -0.16531055E-002  0.22934626E+000  0.34247336E+001  0.16556433E+002  0.33101301E+002  0.10316512E+003  0.17234818E+003
 -0.48122106E+000 -0.23338720E+000 -0.54907552E-002 -0.45313414E-002 -0.16531004E-002  0.22934630E+000  0.34247336E+001  0.16556433E+002  0.33107142E+002  0.10316513E+003  0.17234818E+003
 -0.48122102E+000 -0.23338630E+000 -0.54907540E-002 -0.45313393E-002 -0.16530955E-002  0.22934633E+000  0.34247337E+001  0.16556433E+002  0.33112921E+002  0.10316513E+003  0.17234818E+003
 -0.48122098E+000 -0.23338544E+000 -0.54907528E-002 -0.45313373E-002 -0.16530909E-002  0.22934636E+000  0.34247338E+001  0.16556434E+002  0.33118637E+002  0.10316513E+003  0.17234818E+003
 -0.48122095E+000 -0.23338461E+000 -0.54907517E-002 -0.45313354E-002 -0.16530865E-002  0.22934638E+000  0.34247338E+001  0.16556434E+002  0.33124286E+002  0.10316513E+003  0.17234818E+003
 -0.48122092E+000 -0.23338382E+000 -0.54907506E-002 -0.45313336E-002 -0.16530823E-002  0.22934641E+000  0.34247339E+001  0.16556434E+002  0.33129867E+002  0.10316513E+003  0.17234818E+003
 -0.48122089E+000 -0.23338307E+000 -0.54907496E-002 -0.45313318E-002 -0.16530784E-002  0.22934644E+000  0.34247340E+001  0.16556434E+002  0.33135376E+002  0.10316513E+003  0.17234818E+003
 -0.48122086E+000 -0.23338235E+000 -0.54907487E-002 -0.45313301E-002 -0.16530746E-002  0.22934646E+000  0.34247340E+001  0.16556434E+002  0.33140812E+002  0.10316513E+003  0.17234818E+003
 -0.48122083E+000 -0.23338166E+000 -0.54907478E-002 -0.45313286E-002 -0.16530711E-002  0.22934648E+000  0.34247341E+001  0.16556434E+002  0.33142793E+002  0.10316513E+003  0.17234818E+003
 -0.48122080E+000 -0.23338101E+000 -0.54907469E-002 -0.45313271E-002 -0.16530677E-002  0.22934651E+000  0.34247341E+001  0.16556434E+002  0.33143969E+002  0.10316514E+003  0.17234819E+003
 -0.48122078E+000 -0.23338038E+000 -0.54907461E-002 -0.45313257E-002 -0.16530646E-002  0.22934653E+000  0.34247342E+001  0.16556434E+002  0.33145128E+002  0.10316514E+003  0.17234819E+003
 -0.48122076E+000 -0.23337979E+000 -0.54907453E-002 -0.45313243E-002 -0.16530615E-002  0.22934655E+000  0.34247342E+001  0.16556434E+002  0.33146269E+002  0.10316514E+003  0.17234819E+003
 -0.48122073E+000 -0.23337922E+000 -0.54907445E-002 -0.45313230E-002 -0.16530587E-002  0.22934656E+000  0.34247343E+001  0.16556434E+002  0.33147391E+002  0.10316514E+003  0.17234819E+003
 -0.48122071E+000 -0.23337869E+000 -0.54907438E-002 -0.45313218E-002 -0.16530560E-002  0.22934658E+000  0.34247343E+001  0.16556434E+002  0.33148495E+002  0.10316514E+003  0.17234819E+003
 -0.48122069E+000 -0.23337817E+000 -0.54907431E-002 -0.45313207E-002 -0.16530535E-002  0.22934660E+000  0.34247344E+001  0.16556434E+002  0.33149580E+002  0.10316514E+003  0.17234819E+003
 -0.48122067E+000 -0.23337769E+000 -0.54907425E-002 -0.45313196E-002 -0.16530511E-002  0.22934662E+000  0.34247344E+001  0.16556434E+002  0.33150645E+002  0.10316514E+003  0.17234819E+003
 -0.48122065E+000 -0.23337723E+000 -0.54907419E-002 -0.45313186E-002 -0.16530488E-002  0.22934663E+000  0.34247345E+001  0.16556434E+002  0.33151691E+002  0.10316514E+003  0.17234819E+003
 -0.48122064E+000 -0.23337679E+000 -0.54907413E-002 -0.45313176E-002 -0.16530467E-002  0.22934665E+000  0.34247345E+001  0.16556434E+002  0.33152717E+002  0.10316514E+003  0.17234819E+003
 -0.48122062E+000 -0.23337637E+000 -0.54907407E-002 -0.45313167E-002 -0.16530447E-002  0.22934666E+000  0.34247345E+001  0.16556434E+002  0.33153724E+002  0.10316515E+003  0.17234819E+003
 -0.48122061E+000 -0.23337598E+000 -0.54907402E-002 -0.45313158E-002 -0.16530428E-002  0.22934667E+000  0.34247346E+001  0.16556434E+002  0.33154710E+002  0.10316515E+003  0.17234819E+003
 -0.48122059E+000 -0.23337560E+000 -0.54907397E-002 -0.45313150E-002 -0.16530410E-002  0.22934668E+000  0.34247346E+001  0.16556434E+002  0.33155676E+002  0.10316515E+003  0.17234819E+003
 -0.48122058E+000 -0.23337525E+000 -0.54907392E-002 -0.45313142E-002 -0.16530393E-002  0.22934670E+000  0.34247347E+001  0.16556434E+002  0.33156622E+002  0.10316515E+003  0.17234820E+003
 -0.48122056E+000 -0.23337492E+000 -0.54907388E-002 -0.45313135E-002 -0.16530377E-002  0.22934671E+000  0.34247347E+001  0.16556434E+002  0.33157548E+002  0.10316515E+003  0.17234820E+003
 -0.48122055E+000 -0.23337460E+000 -0.54907384E-002 -0.45313128E-002 -0.16530363E-002  0.22934672E+000  0.34247347E+001  0.16556434E+002  0.33158454E+002  0.10316515E+003  0.17234820E+003
 -0.48122054E+000 -0.23337430E+000 -0.54907380E-002 -0.45313122E-002 -0.16530349E-002  0.22934673E+000  0.34247348E+001  0.16556434E+002  0.33159339E+002  0.10316515E+003  0.17234820E+003
 -0.48122053E+000 -0.23337401E+000 -0.54907376E-002 -0.45313116E-002 -0.16530336E-002  0.22934674E+000  0.34247348E+001  0.16556434E+002  0.33160204E+002  0.10316515E+003  0.17234820E+003
 -0.48122052E+000 -0.23337375E+000 -0.54907373E-002 -0.45313110E-002 -0.16530323E-002  0.22934674E+000  0.34247348E+001  0.16556434E+002  0.33161048E+002  0.10316515E+003  0.17234820E+003
 -0.48122051E+000 -0.23337349E+000 -0.54907369E-002 -0.45313105E-002 -0.16530312E-002  0.22934675E+000  0.34247348E+001  0.16556434E+002  0.33161873E+002  0.10316515E+003  0.17234820E+003
 -0.48122050E+000 -0.23337325E+000 -0.54907366E-002 -0.45313100E-002 -0.16530301E-002  0.22934676E+000  0.34247349E+001  0.16556434E+002  0.33162677E+002  0.10316516E+003  0.17234820E+003
 -0.48122049E+000 -0.23337303E+000 -0.54907363E-002 -0.45313095E-002 -0.16530291E-002  0.22934677E+000  0.34247349E+001  0.16556434E+002  0.33163461E+002  0.10316516E+003  0.17234820E+003
 -0.48122049E+000 -0.23337281E+000 -0.54907360E-002 -0.45313090E-002 -0.16530281E-002  0.22934677E+000  0.34247349E+001  0.16556434E+002  0.33164225E+002  0.10316516E+003  0.17234820E+003
 -0.48122048E+000 -0.23337261E+000 -0.54907358E-002 -0.45313086E-002 -0.16530272E-002  0.22934678E+000  0.34247349E+001  0.16556434E+002  0.33164970E+002  0.10316516E+003  0.17234820E+003
 -0.48122047E+000 -0.23337242E+000 -0.54907355E-002 -0.45313082E-002 -0.16530264E-002  0.22934679E+000  0.34247349E+001  0.16556434E+002  0.33165695E+002  0.10316516E+003  0.17234820E+003
 -0.48122046E+000 -0.23337224E+000 -0.54907353E-002 -0.45313078E-002 -0.16530256E-002  0.22934679E+000  0.34247350E+001  0.16556434E+002  0.33166401E+002  0.10316516E+003  0.17234820E+003
 -0.48122046E+000 -0.23337208E+000 -0.54907351E-002 -0.45313075E-002 -0.16530249E-002  0.22934680E+000  0.34247350E+001  0.16556434E+002  0.33167087E+002  0.10316516E+003  0.17234821E+003
 -0.48122045E+000 -0.23337192E+000 -0.54907349E-002 -0.45313072E-002 -0.16530242E-002  0.22934680E+000  0.34247350E+001  0.16556434E+002  0.33167754E+002  0.10316516E+003  0.17234821E+003
 -0.48122045E+000 -0.23337177E+000 -0.54907347E-002 -0.45313069E-002 -0.16530236E-002  0.22934681E+000  0.34247350E+001  0.16556434E+002  0.33168403E+002  0.10316516E+003  0.17234821E+003
 -0.48122044E+000 -0.23337163E+000 -0.54907345E-002 -0.45313066E-002 -0.16530230E-002  0.22934681E+000  0.34247350E+001  0.16556434E+002  0.33169033E+002  0.10316516E+003  0.17234821E+003
 -0.48122044E+000 -0.23337149E+000 -0.54907343E-002 -0.45313063E-002 -0.16530224E-002  0.22934682E+000  0.34247351E+001  0.16556434E+002  0.33169645E+002  0.10316516E+003  0.17234821E+003
 -0.48122043E+000 -0.23337137E+000 -0.54907341E-002 -0.45313061E-002 -0.16530219E-002  0.22934682E+000  0.34247351E+001  0.16556434E+002  0.33170239E+002  0.10316516E+003  0.17234821E+003
 -0.48122043E+000 -0.23337125E+000 -0.54907340E-002 -0.45313058E-002 -0.16530214E-002  0.22934682E+000  0.34247351E+001  0.16556434E+002  0.33170815E+002  0.10316517E+003  0.17234821E+003
 -0.48122042E+000 -0.23337114E+000 -0.54907338E-002 -0.45313056E-002 -0.16530209E-002  0.22934683E+000  0.34247351E+001  0.16556434E+002  0.33171373E+002  0.10316517E+003  0.17234821E+003
 -0.48122042E+000 -0.23337104E+000 -0.54907337E-002 -0.45313054E-002 -0.16530205E-002  0.22934683E+000  0.34247351E+001  0.16556434E+002  0.33171915E+002  0.10316517E+003  0.17234821E+003
 -0.48122042E+000 -0.23337094E+000 -0.54907336E-002 -0.45313052E-002 -0.16530201E-002  0.22934683E+000  0.34247351E+001  0.16556434E+002  0.33172439E+002  0.10316517E+003  0.17234821E+003
 -0.48122041E+000 -0.23337085E+000 -0.54907335E-002 -0.45313050E-002 -0.16530197E-002  0.22934684E+000  0.34247351E+001  0.16556434E+002  0.33172947E+002  0.10316517E+003  0.17234821E+003
 -0.48122041E+000 -0.23337076E+000 -0.54907333E-002 -0.45313048E-002 -0.16530194E-002  0.22934684E+000  0.34247351E+001  0.16556435E+002  0.33173439E+002  0.10316517E+003  0.17234821E+003
 -0.48122041E+000 -0.23337068E+000 -0.54907332E-002 -0.45313047E-002 -0.16530191E-002  0.22934684E+000  0.34247352E+001  0.16556435E+002  0.33173915E+002  0.10316517E+003  0.17234821E+003
 -0.48122041E+000 -0.23337061E+000 -0.54907331E-002 -0.45313045E-002 -0.16530188E-002  0.22934684E+000  0.34247352E+001  0.16556435E+002  0.33174375E+002  0.10316517E+003  0.17234821E+003
 -0.48122040E+000 -0.23337053E+000 -0.54907331E-002 -0.45313044E-002 -0.16530185E-002  0.22934685E+000  0.34247352E+001  0.16556435E+002  0.33174820E+002  0.10316517E+003  0.17234822E+003
 -0.48122040E+000 -0.23337047E+000 -0.54907330E-002 -0.45313043E-002 -0.16530182E-002  0.22934685E+000  0.34247352E+001  0.16556435E+002  0.33175251E+002  0.10316517E+003  0.17234822E+003
 -0.48122040E+000 -0.23337040E+000 -0.54907329E-002 -0.45313041E-002 -0.16530180E-002  0.22934685E+000  0.34247352E+001  0.16556435E+002  0.33175666E+002  0.10316517E+003  0.17234822E+003
 -0.48122040E+000 -0.23337034E+000 -0.54907328E-002 -0.45313040E-002 -0.16530178E-002  0.22934685E+000  0.34247352E+001  0.16556435E+002  0.33176068E+002  0.10316517E+003  0.17234822E+003
 -0.48122039E+000 -0.23337029E+000 -0.54907327E-002 -0.45313039E-002 -0.16530175E-002  0.22934685E+000  0.34247352E+001  0.16556435E+002  0.33176455E+002  0.10316517E+003  0.17234822E+003
 -0.48122039E+000 -0.23337024E+000 -0.54907327E-002 -0.45313038E-002 -0.16530173E-002  0.22934686E+000  0.34247352E+001  0.16556435E+002  0.33176829E+002  0.10316517E+003  0.17234822E+003
 -0.48122039E+000 -0.23337019E+000 -0.54907326E-002 -0.45313037E-002 -0.16530172E-002  0.22934686E+000  0.34247352E+001  0.16556435E+002  0.33177190E+002  0.10316517E+003  0.17234822E+003
 -0.48122039E+000 -0.23337014E+000 -0.54907325E-002 -0.45313036E-002 -0.16530170E-002  0.22934686E+000  0.34247352E+001  0.16556435E+002  0.33177538E+002  0.10316518E+003  0.17234822E+003
 -0.48122039E+000 -0.23337010E+000 -0.54907325E-002 -0.45313036E-002 -0.16530168E-002  0.22934686E+000  0.34247352E+001  0.16556435E+002  0.33177873E+002  0.10316518E+003  0.17234822E+003
 -0.48122039E+000 -0.23337006E+000 -0.54907324E-002 -0.45313035E-002 -0.16530167E-002  0.22934686E+000  0.34247352E+001  0.16556435E+002  0.33178197E+002  0.10316518E+003  0.17234822E+003
 -0.48122039E+000 -0.23337002E+000 -0.54907324E-002 -0.45313034E-002 -0.16530165E-002  0.22934686E+000  0.34247352E+001  0.16556435E+002  0.33178508E+002  0.10316518E+003  0.17234822E+003
 -0.48122038E+000 -0.23336999E+000 -0.54907323E-002 -0.45313033E-002 -0.16530164E-002  0.22934686E+000  0.34247352E+001  0.16556435E+002  0.33178808E+002  0.10316518E+003  0.17234822E+003
 -0.48122038E+000 -0.23336995E+000 -0.54907323E-002 -0.45313033E-002 -0.16530163E-002  0.22934687E+000  0.34247352E+001  0.16556435E+002  0.33179096E+002  0.10316518E+003  0.17234822E+003
 -0.48122038E+000 -0.23336992E+000 -0.54907323E-002 -0.45313032E-002 -0.16530162E-002  0.22934687E+000  0.34247353E+001  0.16556435E+002  0.33179374E+002  0.10316518E+003  0.17234822E+003
 -0.48122038E+000 -0.23336989E+000 -0.54907322E-002 -0.45313032E-002 -0.16530161E-002  0.22934687E+000  0.34247353E+001  0.16556435E+002  0.33179641E+002  0.10316518E+003  0.17234822E+003
 -0.48122038E+000 -0.23336987E+000 -0.54907322E-002 -0.45313031E-002 -0.16530160E-002  0.22934687E+000  0.34247353E+001  0.16556435E+002  0.33179898E+002  0.10316518E+003  0.17234822E+003
 -0.48122038E+000 -0.23336984E+000 -0.54907322E-002 -0.45313031E-002 -0.16530159E-002  0.22934687E+000  0.34247353E+001  0.16556435E+002  0.33180146E+002  0.10316518E+003  0.17234822E+003
 -0.48122038E+000 -0.23336982E+000 -0.54907321E-002 -0.45313030E-002 -0.16530158E-002  0.22934687E+000  0.34247353E+001  0.16556435E+002  0.33180383E+002  0.10316518E+003  0.17234822E+003
 -0.48122038E+000 -0.23336979E+000 -0.54907321E-002 -0.45313030E-002 -0.16530157E-002  0.22934687E+000  0.34247353E+001  0.16556435E+002  0.33180611E+002  0.10316518E+003  0.17234823E+003
 -0.48122038E+000 -0.23336977E+000 -0.54907321E-002 -0.45313029E-002 -0.16530156E-002  0.22934687E+000  0.34247353E+001  0.16556435E+002  0.33180830E+002  0.10316518E+003  0.17234823E+003
 -0.48122038E+000 -0.23336975E+000 -0.54907320E-002 -0.45313029E-002 -0.16530156E-002  0.22934687E+000  0.34247353E+001  0.16556435E+002  0.33181041E+002  0.10316518E+003  0.17234823E+003
 -0.48122038E+000 -0.23336973E+000 -0.54907320E-002 -0.45313029E-002 -0.16530155E-002  0.22934687E+000  0.34247353E+001  0.16556435E+002  0.33181243E+002  0.10316518E+003  0.17234823E+003
 -0.48122038E+000 -0.23336972E+000 -0.54907320E-002 -0.45313028E-002 -0.16530154E-002  0.22934687E+000  0.34247353E+001  0.16556435E+002  0.33181437E+002  0.10316518E+003  0.17234823E+003
 -0.48122037E+000 -0.23336970E+000 -0.54907320E-002 -0.45313028E-002 -0.16530154E-002  0.22934687E+000  0.34247353E+001  0.16556435E+002  0.33181623E+002  0.10316518E+003  0.17234823E+003
 -0.48122037E+000 -0.23336968E+000 -0.54907320E-002 -0.45313028E-002 -0.16530153E-002  0.22934687E+000  0.34247353E+001  0.16556435E+002  0.33181801E+002  0.10316518E+003  0.17234823E+003
 -0.48122037E+000 -0.23336967E+000 -0.54907319E-002 -0.45313028E-002 -0.16530153E-002  0.22934687E+000  0.34247353E+001  0.16556435E+002  0.33181973E+002  0.10316518E+003  0.17234823E+003
 -0.48122037E+000 -0.23336966E+000 -0.54907319E-002 -0.45313027E-002 -0.16530152E-002  0.22934687E+000  0.34247353E+001  0.16556435E+002  0.33182137E+002  0.10316518E+003  0.17234823E+003
 -0.48122037E+000 -0.23336964E+000 -0.54907319E-002 -0.45313027E-002 -0.16530152E-002  0.22934687E+000  0.34247353E+001  0.16556435E+002  0.33182294E+002  0.10316518E+003  0.17234823E+003
 -0.48122037E+000 -0.23336963E+000 -0.54907319E-002 -0.45313027E-002 -0.16530152E-002  0.22934688E+000  0.34247353E+001  0.16556435E+002  0.33182445E+002  0.10316518E+003  0.17234823E+003
