  0.00000000E+000  0.00000000E+000  0.00000000E+000  0.00000000E+000  0.00000000E+000  0.93278502E-001  0.19257091E+001  0.12484422E+002  0.31271459E+002  0.78598480E+002  0.15888162E+003
  0.00000000E+000  0.00000000E+000  0.00000000E+000  0.00000000E+000  0.00000000E+000  0.93295705E-001  0.19257136E+001  0.12484434E+002  0.31271471E+002  0.78598470E+002  0.15888160E+003
  0.00000000E+000  0.00000000E+000  0.00000000E+000  0.00000000E+000  0.00000000E+000  0.93309680E-001  0.19257180E+001  0.12484445E+002  0.31271481E+002  0.78598455E+002  0.15888157E+003
  0.00000000E+000  0.00000000E+000  0.00000000E+000  0.00000000E+000  0.00000000E+000  0.93321629E-001  0.19257223E+001  0.12484457E+002  0.31271492E+002  0.78598440E+002  0.15888155E+003
  0.00000000E+000  0.00000000E+000  0.00000000E+000  0.00000000E+000  0.00000000E+000  0.93332159E-001  0.19257266E+001  0.12484468E+002  0.31271503E+002  0.78598426E+002  0.15888152E+003
  0.00000000E+000  0.00000000E+000  0.00000000E+000  0.00000000E+000  0.00000000E+000  0.93341599E-001  0.19257309E+001  0.12484480E+002  0.31271514E+002  0.78598414E+002  0.15888149E+003
  0.00000000E+000  0.00000000E+000  0.00000000E+000  0.00000000E+000  0.00000000E+000  0.93350149E-001  0.19257351E+001  0.12484492E+002  0.31271526E+002  0.78598404E+002  0.15888146E+003
  0.00000000E+000  0.00000000E+000  0.00000000E+000  0.00000000E+000  0.00000000E+000  0.93357944E-001  0.19257394E+001  0.12484504E+002  0.31271538E+002  0.78598394E+002  0.15888143E+003
  0.00000000E+000  0.00000000E+000  0.00000000E+000  0.00000000E+000  0.00000000E+000  0.93365086E-001  0.19257436E+001  0.12484516E+002  0.31271550E+002  0.78598386E+002  0.15888141E+003
  0.00000000E+000  0.00000000E+000  0.00000000E+000  0.00000000E+000  0.00000000E+000  0.93371660E-001  0.19257479E+001  0.12484529E+002  0.31271563E+002  0.78598379E+002  0.15888138E+003
  0.00000000E+000  0.00000000E+000  0.00000000E+000  0.00000000E+000  0.00000000E+000  0.93377735E-001  0.19257522E+001  0.12484542E+002  0.31271576E+002  0.78598373E+002  0.15888136E+003
  0.00000000E+000  0.00000000E+000  0.00000000E+000  0.00000000E+000  0.00000000E+000  0.93383370E-001  0.19257566E+001  0.12484555E+002  0.31271590E+002  0.78598368E+002  0.15888133E+003
  0.00000000E+000  0.00000000E+000  0.00000000E+000  0.00000000E+000  0.00000000E+000  0.93388617E-001  0.19257610E+001  0.12484569E+002  0.31271604E+002  0.78598364E+002  0.15888131E+003
  0.00000000E+000  0.00000000E+000  0.00000000E+000  0.00000000E+000  0.00000000E+000  0.93393517E-001  0.19257655E+001  0.12484583E+002  0.31271618E+002  0.78598361E+002  0.15888128E+003
  0.00000000E+000  0.00000000E+000  0.00000000E+000  0.00000000E+000  0.00000000E+000  0.93398108E-001  0.19257701E+001  0.12484597E+002  0.31271633E+002  0.78598358E+002  0.15888126E+003
  0.00000000E+000  0.00000000E+000  0.00000000E+000  0.00000000E+000  0.00000000E+000  0.93402419E-001  0.19257748E+001  0.12484612E+002  0.31271648E+002  0.78598357E+002  0.15888123E+003
  0.00000000E+000  0.00000000E+000  0.00000000E+000  0.00000000E+000  0.00000000E+000  0.93406479E-001  0.19257797E+001  0.12484627E+002  0.31271664E+002  0.78598356E+002  0.15888121E+003
  0.00000000E+000  0.00000000E+000  0.00000000E+000  0.00000000E+000  0.00000000E+000  0.93410311E-001  0.19257846E+001  0.12484642E+002  0.31271681E+002  0.78598356E+002  0.15888118E+003
  0.00000000E+000  0.00000000E+000  0.00000000E+000  0.00000000E+000  0.00000000E+000  0.93413938E-001  0.19257897E+001  0.12484658E+002  0.31271697E+002  0.78598356E+002  0.15888116E+003
  0.00000000E+000  0.00000000E+000  0.00000000E+000  0.00000000E+000  0.00000000E+000  0.93417379E-001  0.19257950E+001  0.12484675E+002  0.31271715E+002  0.78598358E+002  0.15888113E+003
  0.00000000E+000  0.00000000E+000  0.00000000E+000  0.00000000E+000  0.00000000E+000  0.93420653E-001  0.19258004E+001  0.12484692E+002  0.31271733E+002  0.78598360E+002  0.15888111E+003
  0.00000000E+000  0.00000000E+000  0.00000000E+000  0.00000000E+000  0.00000000E+000  0.93423778E-001  0.19258059E+001  0.12484710E+002  0.31271751E+002  0.78598363E+002  0.15888108E+003
  0.00000000E+000  0.00000000E+000  0.00000000E+000  0.00000000E+000  0.00000000E+000  0.93426769E-001  0.19258117E+001  0.12484728E+002  0.31271770E+002  0.78598366E+002  0.15888106E+003
  0.00000000E+000  0.00000000E+000  0.00000000E+000  0.00000000E+000  0.00000000E+000  0.93429641E-001  0.19258177E+001  0.12484747E+002  0.31271790E+002  0.78598371E+002  0.15888103E+003
  0.00000000E+000  0.00000000E+000  0.00000000E+000  0.00000000E+000  0.00000000E+000  0.93432408E-001  0.19258238E+001  0.12484766E+002  0.31271811E+002  0.78598376E+002  0.15888100E+003
  0.00000000E+000  0.00000000E+000  0.00000000E+000  0.00000000E+000  0.00000000E+000  0.93435083E-001  0.19258302E+001  0.12484787E+002  0.31271832E+002  0.78598382E+002  0.15888098E+003
  0.00000000E+000  0.00000000E+000  0.00000000E+000  0.00000000E+000  0.00000000E+000  0.93437677E-001  0.19258368E+001  0.12484808E+002  0.31271854E+002  0.78598389E+002  0.15888095E+003
  0.00000000E+000  0.00000000E+000  0.00000000E+000  0.00000000E+000  0.00000000E+000  0.93440202E-001  0.19258436E+001  0.12484830E+002  0.31271877E+002  0.78598396E+002  0.15888092E+003
  0.00000000E+000  0.00000000E+000  0.00000000E+000  0.00000000E+000  0.00000000E+000  0.93442667E-001  0.19258506E+001  0.12484852E+002  0.31271901E+002  0.78598405E+002  0.15888089E+003
  0.00000000E+000  0.00000000E+000  0.00000000E+000  0.00000000E+000  0.00000000E+000  0.93445080E-001  0.19258579E+001  0.12484876E+002  0.31271925E+002  0.78598415E+002  0.15888086E+003
  0.00000000E+000  0.00000000E+000  0.00000000E+000  0.00000000E+000  0.00000000E+000  0.93447450E-001  0.19258654E+001  0.12484901E+002  0.31271951E+002  0.78598426E+002  0.15888083E+003
  0.00000000E+000  0.00000000E+000  0.00000000E+000  0.00000000E+000  0.00000000E+000  0.93449784E-001  0.19258732E+001  0.12484926E+002  0.31271978E+002  0.78598437E+002  0.15888080E+003
  0.00000000E+000  0.00000000E+000  0.00000000E+000  0.00000000E+000  0.00000000E+000  0.93452088E-001  0.19258811E+001  0.12484953E+002  0.31272006E+002  0.78598450E+002  0.15888077E+003
  0.00000000E+000  0.00000000E+000  0.00000000E+000  0.00000000E+000  0.00000000E+000  0.93454366E-001  0.19258894E+001  0.12484981E+002  0.31272035E+002  0.78598465E+002  0.15888074E+003
  0.00000000E+000  0.00000000E+000  0.00000000E+000  0.00000000E+000  0.00000000E+000  0.93456624E-001  0.19258979E+001  0.12485010E+002  0.31272065E+002  0.78598480E+002  0.15888071E+003
  0.00000000E+000  0.00000000E+000  0.00000000E+000  0.00000000E+000  0.00000000E+000  0.93458866E-001  0.19259067E+001  0.12485041E+002  0.31272097E+002  0.78598497E+002  0.15888067E+003
  0.00000000E+000  0.00000000E+000  0.00000000E+000  0.00000000E+000  0.00000000E+000  0.93461094E-001  0.19259157E+001  0.12485073E+002  0.31272130E+002  0.78598516E+002  0.15888064E+003
  0.00000000E+000  0.00000000E+000  0.00000000E+000  0.00000000E+000  0.00000000E+000  0.93463313E-001  0.19259250E+001  0.12485106E+002  0.31272164E+002  0.78598536E+002  0.15888061E+003
  0.00000000E+000  0.00000000E+000  0.00000000E+000  0.00000000E+000  0.00000000E+000  0.93465525E-001  0.19259346E+001  0.12485141E+002  0.31272201E+002  0.78598558E+002  0.15888057E+003
  0.00000000E+000  0.00000000E+000  0.00000000E+000  0.00000000E+000  0.00000000E+000  0.93467731E-001  0.19259445E+001  0.12485177E+002  0.31272238E+002  0.78598582E+002  0.15888053E+003
  0.00000000E+000  0.00000000E+000  0.00000000E+000  0.00000000E+000  0.00000000E+000  0.93469934E-001  0.19259546E+001  0.12485215E+002  0.31272278E+002  0.78598607E+002  0.15888050E+003
  0.00000000E+000  0.00000000E+000  0.00000000E+000  0.00000000E+000  0.00000000E+000  0.93472137E-001  0.19259651E+001  0.12485255E+002  0.31272319E+002  0.78598635E+002  0.15888046E+003
  0.00000000E+000  0.00000000E+000  0.00000000E+000  0.00000000E+000  0.00000000E+000  0.93474340E-001  0.19259758E+001  0.12485297E+002  0.31272362E+002  0.78598665E+002  0.15888042E+003
  0.00000000E+000  0.00000000E+000  0.00000000E+000  0.00000000E+000  0.00000000E+000  0.93476547E-001  0.19259869E+001  0.12485340E+002  0.31272408E+002  0.78598697E+002  0.15888038E+003
  0.00000000E+000  0.00000000E+000  0.00000000E+000  0.00000000E+000  0.00000000E+000  0.93478759E-001  0.19259983E+001  0.12485386E+002  0.31272455E+002  0.78598732E+002  0.15888034E+003
  0.00000000E+000  0.00000000E+000  0.00000000E+000  0.00000000E+000  0.00000000E+000  0.93480980E-001  0.19260100E+001  0.12485434E+002  0.31272505E+002  0.78598769E+002  0.15888030E+003
  0.00000000E+000  0.00000000E+000  0.00000000E+000  0.00000000E+000  0.00000000E+000  0.93483211E-001  0.19260221E+001  0.12485484E+002  0.31272557E+002  0.78598809E+002  0.15888026E+003
  0.00000000E+000  0.00000000E+000  0.00000000E+000  0.00000000E+000  0.00000000E+000  0.93485455E-001  0.19260345E+001  0.12485536E+002  0.31272611E+002  0.78598852E+002  0.15888021E+003
  0.00000000E+000  0.00000000E+000  0.00000000E+000  0.00000000E+000  0.00000000E+000  0.93487716E-001  0.19260472E+001  0.12485591E+002  0.31272668E+002  0.78598899E+002  0.15888017E+003
  0.00000000E+000  0.00000000E+000  0.00000000E+000  0.00000000E+000  0.00000000E+000  0.93489996E-001  0.19260603E+001  0.12485648E+002  0.31272728E+002  0.78598949E+002  0.15888013E+003
  0.00000000E+000  0.00000000E+000  0.00000000E+000  0.00000000E+000  0.00000000E+000  0.93492298E-001  0.19260738E+001  0.12485707E+002  0.31272791E+002  0.78599003E+002  0.15888008E+003
  0.00000000E+000  0.00000000E+000  0.00000000E+000  0.00000000E+000  0.00000000E+000  0.93494627E-001  0.19260876E+001  0.12485769E+002  0.31272856E+002  0.78599060E+002  0.15888004E+003
  0.00000000E+000  0.00000000E+000  0.00000000E+000  0.00000000E+000  0.00000000E+000  0.93496984E-001  0.19261018E+001  0.12485834E+002  0.31272925E+002  0.78599122E+002  0.15887999E+003
  0.00000000E+000  0.00000000E+000  0.00000000E+000  0.00000000E+000  0.00000000E+000  0.93499373E-001  0.19261163E+001  0.12485901E+002  0.31272997E+002  0.78599189E+002  0.15887995E+003
  0.00000000E+000  0.00000000E+000  0.00000000E+000  0.00000000E+000  0.00000000E+000  0.93501796E-001  0.19261312E+001  0.12485971E+002  0.31273072E+002  0.78599260E+002  0.15887990E+003
  0.00000000E+000  0.00000000E+000  0.00000000E+000  0.00000000E+000  0.00000000E+000  0.93504255E-001  0.19261465E+001  0.12486044E+002  0.31273151E+002  0.78599337E+002  0.15887986E+003
  0.00000000E+000  0.00000000E+000  0.00000000E+000  0.00000000E+000  0.00000000E+000  0.93506753E-001  0.19261621E+001  0.12486119E+002  0.31273234E+002  0.78599419E+002  0.15887981E+003
  0.00000000E+000  0.00000000E+000  0.00000000E+000  0.00000000E+000  0.00000000E+000  0.93509290E-001  0.19261781E+001  0.12486198E+002  0.31273320E+002  0.78599507E+002  0.15887977E+003
  0.00000000E+000  0.00000000E+000  0.00000000E+000  0.00000000E+000  0.00000000E+000  0.93511867E-001  0.19261946E+001  0.12486279E+002  0.31273410E+002  0.78599601E+002  0.15887972E+003
  0.00000000E+000  0.00000000E+000  0.00000000E+000  0.00000000E+000  0.00000000E+000  0.93514485E-001  0.19262113E+001  0.12486363E+002  0.31273504E+002  0.78599702E+002  0.15887968E+003
  0.00000000E+000  0.00000000E+000  0.00000000E+000  0.00000000E+000  0.00000000E+000  0.93517142E-001  0.19262285E+001  0.12486450E+002  0.31273603E+002  0.78599810E+002  0.15887964E+003
  0.00000000E+000  0.00000000E+000  0.00000000E+000  0.00000000E+000  0.00000000E+000  0.93519838E-001  0.19262461E+001  0.12486540E+002  0.31273705E+002  0.78599926E+002  0.15887960E+003
  0.00000000E+000  0.00000000E+000  0.00000000E+000  0.00000000E+000  0.00000000E+000  0.93522571E-001  0.19262641E+001  0.12486632E+002  0.31273812E+002  0.78600050E+002  0.15887956E+003
  0.00000000E+000  0.00000000E+000  0.00000000E+000  0.00000000E+000  0.00000000E+000  0.93525338E-001  0.19262825E+001  0.12486728E+002  0.31273924E+002  0.78600182E+002  0.15887952E+003
  0.00000000E+000  0.00000000E+000  0.00000000E+000  0.00000000E+000  0.00000000E+000  0.93528138E-001  0.19263013E+001  0.12486826E+002  0.31274039E+002  0.78600324E+002  0.15887949E+003
  0.00000000E+000  0.00000000E+000  0.00000000E+000  0.00000000E+000  0.00000000E+000  0.93530967E-001  0.19263205E+001  0.12486928E+002  0.31274160E+002  0.78600475E+002  0.15887945E+003
  0.00000000E+000  0.00000000E+000  0.00000000E+000  0.00000000E+000  0.00000000E+000  0.93533821E-001  0.19263402E+001  0.12487032E+002  0.31274285E+002  0.78600637E+002  0.15887942E+003
  0.00000000E+000  0.00000000E+000  0.00000000E+000  0.00000000E+000  0.00000000E+000  0.93536697E-001  0.19263602E+001  0.12487139E+002  0.31274414E+002  0.78600809E+002  0.15887940E+003
  0.00000000E+000  0.00000000E+000  0.00000000E+000  0.00000000E+000  0.00000000E+000  0.93539590E-001  0.19263808E+001  0.12487249E+002  0.31274549E+002  0.78600993E+002  0.15887938E+003
  0.00000000E+000  0.00000000E+000  0.00000000E+000  0.00000000E+000  0.00000000E+000  0.93542496E-001  0.19264017E+001  0.12487361E+002  0.31274688E+002  0.78601188E+002  0.15887936E+003
  0.00000000E+000  0.00000000E+000  0.00000000E+000  0.00000000E+000  0.00000000E+000  0.93545410E-001  0.19264232E+001  0.12487477E+002  0.31274831E+002  0.78601396E+002  0.15887935E+003
  0.00000000E+000  0.00000000E+000  0.00000000E+000  0.00000000E+000  0.00000000E+000  0.93548329E-001  0.19264450E+001  0.12487594E+002  0.31274979E+002  0.78601617E+002  0.15887934E+003
  0.00000000E+000  0.00000000E+000  0.00000000E+000  0.00000000E+000  0.00000000E+000  0.93551248E-001  0.19264673E+001  0.12487715E+002  0.31275132E+002  0.78601851E+002  0.15887934E+003
  0.00000000E+000  0.00000000E+000  0.00000000E+000  0.00000000E+000  0.00000000E+000  0.93554163E-001  0.19264901E+001  0.12487838E+002  0.31275290E+002  0.78602098E+002  0.15887934E+003
  0.00000000E+000  0.00000000E+000  0.00000000E+000  0.00000000E+000  0.00000000E+000  0.93557068E-001  0.19265133E+001  0.12487964E+002  0.31275451E+002  0.78602361E+002  0.15887935E+003
  0.00000000E+000  0.00000000E+000  0.00000000E+000  0.00000000E+000  0.00000000E+000  0.93559961E-001  0.19265370E+001  0.12488092E+002  0.31275618E+002  0.78602638E+002  0.15887937E+003
  0.00000000E+000  0.00000000E+000  0.00000000E+000  0.00000000E+000  0.00000000E+000  0.93562838E-001  0.19265611E+001  0.12488222E+002  0.31275788E+002  0.78602930E+002  0.15887940E+003
  0.00000000E+000  0.00000000E+000  0.00000000E+000  0.00000000E+000  0.00000000E+000  0.93565694E-001  0.19265857E+001  0.12488355E+002  0.31275963E+002  0.78603237E+002  0.15887944E+003
  0.00000000E+000  0.00000000E+000  0.00000000E+000  0.00000000E+000  0.00000000E+000  0.93568526E-001  0.19266106E+001  0.12488490E+002  0.31276142E+002  0.78603561E+002  0.15887948E+003
  0.00000000E+000  0.00000000E+000  0.00000000E+000  0.00000000E+000  0.00000000E+000  0.93571332E-001  0.19266361E+001  0.12488627E+002  0.31276325E+002  0.78603900E+002  0.15887954E+003
  0.00000000E+000  0.00000000E+000  0.00000000E+000  0.00000000E+000  0.00000000E+000  0.93574108E-001  0.19266619E+001  0.12488766E+002  0.31276512E+002  0.78604256E+002  0.15887961E+003
  0.00000000E+000  0.00000000E+000  0.00000000E+000  0.00000000E+000  0.00000000E+000  0.93576851E-001  0.19266881E+001  0.12488907E+002  0.31276703E+002  0.78604629E+002  0.15887969E+003
  0.00000000E+000  0.00000000E+000  0.00000000E+000  0.00000000E+000  0.00000000E+000  0.93579559E-001  0.19267147E+001  0.12489050E+002  0.31276897E+002  0.78605019E+002  0.15887979E+003
  0.00000000E+000  0.00000000E+000  0.00000000E+000  0.00000000E+000  0.00000000E+000  0.93582230E-001  0.19267417E+001  0.12489195E+002  0.31277096E+002  0.78605426E+002  0.15887989E+003
  0.00000000E+000  0.00000000E+000  0.00000000E+000  0.00000000E+000  0.00000000E+000  0.93584861E-001  0.19267691E+001  0.12489341E+002  0.31277297E+002  0.78605849E+002  0.15888002E+003
  0.00000000E+000  0.00000000E+000  0.00000000E+000  0.00000000E+000  0.00000000E+000  0.93587451E-001  0.19267968E+001  0.12489488E+002  0.31277502E+002  0.78606291E+002  0.15888016E+003
  0.00000000E+000  0.00000000E+000  0.00000000E+000  0.00000000E+000  0.00000000E+000  0.93589998E-001  0.19268248E+001  0.12489638E+002  0.31277711E+002  0.78606749E+002  0.15888031E+003
  0.00000000E+000  0.00000000E+000  0.00000000E+000  0.00000000E+000  0.00000000E+000  0.93592500E-001  0.19268532E+001  0.12489788E+002  0.31277922E+002  0.78607226E+002  0.15888048E+003
  0.00000000E+000  0.00000000E+000  0.00000000E+000  0.00000000E+000  0.00000000E+000  0.93594956E-001  0.19268818E+001  0.12489940E+002  0.31278136E+002  0.78607719E+002  0.15888068E+003
  0.00000000E+000  0.00000000E+000  0.00000000E+000  0.00000000E+000  0.00000000E+000  0.93597364E-001  0.19269108E+001  0.12490093E+002  0.31278353E+002  0.78608230E+002  0.15888089E+003
  0.00000000E+000  0.00000000E+000  0.00000000E+000  0.00000000E+000  0.00000000E+000  0.93599724E-001  0.19269399E+001  0.12490246E+002  0.31278573E+002  0.78608759E+002  0.15888112E+003
  0.00000000E+000  0.00000000E+000  0.00000000E+000  0.00000000E+000  0.00000000E+000  0.93602034E-001  0.19269694E+001  0.12490401E+002  0.31278795E+002  0.78609305E+002  0.15888137E+003
  0.00000000E+000  0.00000000E+000  0.00000000E+000  0.00000000E+000  0.00000000E+000  0.93604294E-001  0.19269990E+001  0.12490557E+002  0.31279019E+002  0.78609869E+002  0.15888164E+003
  0.00000000E+000  0.00000000E+000  0.00000000E+000  0.00000000E+000  0.00000000E+000  0.93606502E-001  0.19270288E+001  0.12490713E+002  0.31279246E+002  0.78610450E+002  0.15888194E+003
  0.00000000E+000  0.00000000E+000  0.00000000E+000  0.00000000E+000  0.00000000E+000  0.93608657E-001  0.19270587E+001  0.12490870E+002  0.31279475E+002  0.78611048E+002  0.15888226E+003
  0.00000000E+000  0.00000000E+000  0.00000000E+000  0.00000000E+000  0.00000000E+000  0.93610761E-001  0.19270888E+001  0.12491027E+002  0.31279705E+002  0.78611663E+002  0.15888260E+003
  0.00000000E+000  0.00000000E+000  0.00000000E+000  0.00000000E+000  0.00000000E+000  0.93612811E-001  0.19271189E+001  0.12491184E+002  0.31279938E+002  0.78612295E+002  0.15888297E+003
  0.00000000E+000  0.00000000E+000  0.00000000E+000  0.00000000E+000  0.00000000E+000  0.93614807E-001  0.19271491E+001  0.12491342E+002  0.31280172E+002  0.78612943E+002  0.15888336E+003
  0.00000000E+000  0.00000000E+000  0.00000000E+000  0.00000000E+000  0.00000000E+000  0.93616750E-001  0.19271793E+001  0.12491500E+002  0.31280407E+002  0.78613608E+002  0.15888378E+003
  0.00000000E+000  0.00000000E+000  0.00000000E+000  0.00000000E+000  0.00000000E+000  0.93618638E-001  0.19272095E+001  0.12491659E+002  0.31280644E+002  0.78614289E+002  0.15888423E+003
  0.00000000E+000  0.00000000E+000  0.00000000E+000  0.00000000E+000  0.00000000E+000  0.93620473E-001  0.19272397E+001  0.12491817E+002  0.31280882E+002  0.78614986E+002  0.15888471E+003
  0.00000000E+000  0.00000000E+000  0.00000000E+000  0.00000000E+000  0.00000000E+000  0.93622253E-001  0.19272698E+001  0.12491975E+002  0.31281121E+002  0.78615698E+002  0.15888521E+003
  0.00000000E+000  0.00000000E+000  0.00000000E+000  0.00000000E+000  0.00000000E+000  0.93623980E-001  0.19272997E+001  0.12492132E+002  0.31281361E+002  0.78616426E+002  0.15888575E+003
  0.00000000E+000  0.00000000E+000  0.00000000E+000  0.00000000E+000  0.00000000E+000  0.93625653E-001  0.19273295E+001  0.12492289E+002  0.31281601E+002  0.78617168E+002  0.15888631E+003
  0.00000000E+000  0.00000000E+000  0.00000000E+000  0.00000000E+000  0.00000000E+000  0.93627273E-001  0.19273592E+001  0.12492446E+002  0.31281842E+002  0.78617925E+002  0.15888691E+003
  0.00000000E+000  0.00000000E+000  0.00000000E+000  0.00000000E+000  0.00000000E+000  0.93628839E-001  0.19273886E+001  0.12492602E+002  0.31282083E+002  0.78618696E+002  0.15888753E+003
  0.00000000E+000  0.00000000E+000  0.00000000E+000  0.00000000E+000  0.00000000E+000  0.93630354E-001  0.19274177E+001  0.12492758E+002  0.31282325E+002  0.78619480E+002  0.15888819E+003
  0.00000000E+000  0.00000000E+000  0.00000000E+000  0.00000000E+000  0.00000000E+000  0.93631816E-001  0.19274465E+001  0.12492913E+002  0.31282566E+002  0.78620278E+002  0.15888887E+003
  0.00000000E+000  0.00000000E+000  0.00000000E+000  0.00000000E+000  0.00000000E+000  0.93633227E-001  0.19274751E+001  0.12493067E+002  0.31282808E+002  0.78621088E+002  0.15888959E+003
  0.00000000E+000  0.00000000E+000  0.00000000E+000  0.00000000E+000  0.00000000E+000  0.93634588E-001  0.19275032E+001  0.12493220E+002  0.31283049E+002  0.78621910E+002  0.15889034E+003
  0.00000000E+000  0.00000000E+000  0.00000000E+000  0.00000000E+000  0.00000000E+000  0.93635899E-001  0.19275310E+001  0.12493371E+002  0.31283289E+002  0.78622744E+002  0.15889113E+003
  0.00000000E+000  0.00000000E+000  0.00000000E+000  0.00000000E+000  0.00000000E+000  0.93637161E-001  0.19275583E+001  0.12493522E+002  0.31283530E+002  0.78623589E+002  0.15889194E+003
  0.00000000E+000  0.00000000E+000  0.00000000E+000  0.00000000E+000  0.00000000E+000  0.93638376E-001  0.19275852E+001  0.12493672E+002  0.31283769E+002  0.78624444E+002  0.15889279E+003
  0.00000000E+000  0.00000000E+000  0.00000000E+000  0.00000000E+000  0.00000000E+000  0.93639543E-001  0.19276117E+001  0.12493820E+002  0.31284008E+002  0.78625309E+002  0.15889367E+003
  0.00000000E+000  0.00000000E+000  0.00000000E+000  0.00000000E+000  0.00000000E+000  0.93640664E-001  0.19276376E+001  0.12493967E+002  0.31284245E+002  0.78626183E+002  0.15889458E+003
  0.00000000E+000  0.00000000E+000  0.00000000E+000  0.00000000E+000  0.00000000E+000  0.93641740E-001  0.19276630E+001  0.12494112E+002  0.31284482E+002  0.78627066E+002  0.15889552E+003
  0.00000000E+000  0.00000000E+000  0.00000000E+000  0.00000000E+000  0.00000000E+000  0.93642771E-001  0.19276879E+001  0.12494256E+002  0.31284717E+002  0.78627957E+002  0.15889649E+003
  0.00000000E+000  0.00000000E+000  0.00000000E+000  0.00000000E+000  0.00000000E+000  0.93643760E-001  0.19277123E+001  0.12494398E+002  0.31284951E+002  0.78628855E+002  0.15889750E+003
  0.00000000E+000  0.00000000E+000  0.00000000E+000  0.00000000E+000  0.00000000E+000  0.93644708E-001  0.19277360E+001  0.12494538E+002  0.31285183E+002  0.78629760E+002  0.15889853E+003
  0.00000000E+000  0.00000000E+000  0.00000000E+000  0.00000000E+000  0.00000000E+000  0.93645614E-001  0.19277592E+001  0.12494677E+002  0.31285414E+002  0.78630671E+002  0.15889960E+003
  0.00000000E+000  0.00000000E+000  0.00000000E+000  0.00000000E+000  0.00000000E+000  0.93646481E-001  0.19277817E+001  0.12494813E+002  0.31285643E+002  0.78631588E+002  0.15890070E+003
  0.00000000E+000  0.00000000E+000  0.00000000E+000  0.00000000E+000  0.00000000E+000  0.93647310E-001  0.19278037E+001  0.12494948E+002  0.31285870E+002  0.78632509E+002  0.15890182E+003
  0.00000000E+000  0.00000000E+000  0.00000000E+000  0.00000000E+000  0.00000000E+000  0.93648101E-001  0.19278251E+001  0.12495081E+002  0.31286095E+002  0.78633433E+002  0.15890297E+003
  0.00000000E+000  0.00000000E+000  0.00000000E+000  0.00000000E+000  0.00000000E+000  0.93648856E-001  0.19278458E+001  0.12495212E+002  0.31286318E+002  0.78634361E+002  0.15890415E+003
  0.00000000E+000  0.00000000E+000  0.00000000E+000  0.00000000E+000  0.00000000E+000  0.93649576E-001  0.19278659E+001  0.12495340E+002  0.31286539E+002  0.78635292E+002  0.15890535E+003
  0.00000000E+000  0.00000000E+000  0.00000000E+000  0.00000000E+000  0.00000000E+000  0.93650263E-001  0.19278854E+001  0.12495467E+002  0.31286757E+002  0.78636225E+002  0.15890658E+003
  0.00000000E+000  0.00000000E+000  0.00000000E+000  0.00000000E+000  0.00000000E+000  0.93650917E-001  0.19279042E+001  0.12495591E+002  0.31286973E+002  0.78637158E+002  0.15890784E+003
  0.00000000E+000  0.00000000E+000  0.00000000E+000  0.00000000E+000  0.00000000E+000  0.93651540E-001  0.19279225E+001  0.12495713E+002  0.31287186E+002  0.78638093E+002  0.15890912E+003
  0.00000000E+000  0.00000000E+000  0.00000000E+000  0.00000000E+000  0.00000000E+000  0.93652132E-001  0.19279401E+001  0.12495833E+002  0.31287397E+002  0.78639027E+002  0.15891042E+003
  0.00000000E+000  0.00000000E+000  0.00000000E+000  0.00000000E+000  0.00000000E+000  0.93652695E-001  0.19279571E+001  0.12495951E+002  0.31287604E+002  0.78639960E+002  0.15891174E+003
  0.00000000E+000  0.00000000E+000  0.00000000E+000  0.00000000E+000  0.00000000E+000  0.93653230E-001  0.19279734E+001  0.12496066E+002  0.31287810E+002  0.78640891E+002  0.15891308E+003
  0.00000000E+000  0.00000000E+000  0.00000000E+000  0.00000000E+000  0.00000000E+000  0.93653738E-001  0.19279892E+001  0.12496179E+002  0.31288012E+002  0.78641821E+002  0.15891444E+003
  0.00000000E+000  0.00000000E+000  0.00000000E+000  0.00000000E+000  0.00000000E+000  0.93654221E-001  0.19280044E+001  0.12496289E+002  0.31288211E+002  0.78642747E+002  0.15891582E+003
  0.00000000E+000  0.00000000E+000  0.00000000E+000  0.00000000E+000  0.00000000E+000  0.93654678E-001  0.19280190E+001  0.12496397E+002  0.31288407E+002  0.78643670E+002  0.15891722E+003
  0.00000000E+000  0.00000000E+000  0.00000000E+000  0.00000000E+000  0.00000000E+000  0.93655112E-001  0.19280330E+001  0.12496503E+002  0.31288601E+002  0.78644589E+002  0.15891863E+003
  0.00000000E+000  0.00000000E+000  0.00000000E+000  0.00000000E+000  0.00000000E+000  0.93655523E-001  0.19280465E+001  0.12496606E+002  0.31288791E+002  0.78645504E+002  0.15892005E+003
  0.00000000E+000  0.00000000E+000  0.00000000E+000  0.00000000E+000  0.00000000E+000  0.93655912E-001  0.19280594E+001  0.12496707E+002  0.31288977E+002  0.78646412E+002  0.15892149E+003
  0.00000000E+000  0.00000000E+000  0.00000000E+000  0.00000000E+000  0.00000000E+000  0.93656280E-001  0.19280718E+001  0.12496806E+002  0.31289161E+002  0.78647316E+002  0.15892294E+003
  0.00000000E+000  0.00000000E+000  0.00000000E+000  0.00000000E+000  0.00000000E+000  0.93656628E-001  0.19280837E+001  0.12496902E+002  0.31289341E+002  0.78648212E+002  0.15892439E+003
  0.00000000E+000  0.00000000E+000  0.00000000E+000  0.00000000E+000  0.00000000E+000  0.93656957E-001  0.19280950E+001  0.12496995E+002  0.31289518E+002  0.78649102E+002  0.15892586E+003
  0.00000000E+000  0.00000000E+000  0.00000000E+000  0.00000000E+000  0.00000000E+000  0.93657269E-001  0.19281059E+001  0.12497086E+002  0.31289692E+002  0.78649984E+002  0.15892733E+003
  0.00000000E+000  0.00000000E+000  0.00000000E+000  0.00000000E+000  0.00000000E+000  0.93657563E-001  0.19281163E+001  0.12497175E+002  0.31289862E+002  0.78650858E+002  0.15892881E+003
  0.00000000E+000  0.00000000E+000  0.00000000E+000  0.00000000E+000  0.00000000E+000  0.93657840E-001  0.19281262E+001  0.12497261E+002  0.31290029E+002  0.78651724E+002  0.15893029E+003
  0.00000000E+000  0.00000000E+000  0.00000000E+000  0.00000000E+000  0.00000000E+000  0.93658102E-001  0.19281357E+001  0.12497345E+002  0.31290192E+002  0.78652581E+002  0.15893178E+003
  0.00000000E+000  0.00000000E+000  0.00000000E+000  0.00000000E+000  0.00000000E+000  0.93658349E-001  0.19281447E+001  0.12497426E+002  0.31290352E+002  0.78653428E+002  0.15893326E+003
  0.00000000E+000  0.00000000E+000  0.00000000E+000  0.00000000E+000  0.00000000E+000  0.93658581E-001  0.19281533E+001  0.12497505E+002  0.31290509E+002  0.78654266E+002  0.15893475E+003
  0.00000000E+000  0.00000000E+000  0.00000000E+000  0.00000000E+000  0.00000000E+000  0.93658801E-001  0.19281615E+001  0.12497582E+002  0.31290662E+002  0.78655093E+002  0.15893624E+003
  0.00000000E+000  0.00000000E+000  0.00000000E+000  0.00000000E+000  0.00000000E+000  0.93659007E-001  0.19281693E+001  0.12497657E+002  0.31290811E+002  0.78655910E+002  0.15893772E+003
  0.00000000E+000  0.00000000E+000  0.00000000E+000  0.00000000E+000  0.00000000E+000  0.93659202E-001  0.19281768E+001  0.12497729E+002  0.31290957E+002  0.78656717E+002  0.15893920E+003
  0.00000000E+000  0.00000000E+000  0.00000000E+000  0.00000000E+000  0.00000000E+000  0.93659385E-001  0.19281838E+001  0.12497799E+002  0.31291100E+002  0.78657511E+002  0.15894068E+003
  0.00000000E+000  0.00000000E+000  0.00000000E+000  0.00000000E+000  0.00000000E+000  0.93659557E-001  0.19281906E+001  0.12497867E+002  0.31291239E+002  0.78658295E+002  0.15894215E+003
  0.00000000E+000  0.00000000E+000  0.00000000E+000  0.00000000E+000  0.00000000E+000  0.93659719E-001  0.19281970E+001  0.12497932E+002  0.31291375E+002  0.78659066E+002  0.15894361E+003
  0.00000000E+000  0.00000000E+000  0.00000000E+000  0.00000000E+000  0.00000000E+000  0.93659871E-001  0.19282031E+001  0.12497996E+002  0.31291507E+002  0.78659826E+002  0.15894507E+003
  0.00000000E+000  0.00000000E+000  0.00000000E+000  0.00000000E+000  0.00000000E+000  0.93660014E-001  0.19282088E+001  0.12498057E+002  0.31291636E+002  0.78660573E+002  0.15894652E+003
  0.00000000E+000  0.00000000E+000  0.00000000E+000  0.00000000E+000  0.00000000E+000  0.93660148E-001  0.19282143E+001  0.12498116E+002  0.31291762E+002  0.78661308E+002  0.15894795E+003
  0.00000000E+000  0.00000000E+000  0.00000000E+000  0.00000000E+000  0.00000000E+000  0.93660275E-001  0.19282195E+001  0.12498173E+002  0.31291884E+002  0.78662030E+002  0.15894938E+003
  0.00000000E+000  0.00000000E+000  0.00000000E+000  0.00000000E+000  0.00000000E+000  0.93660393E-001  0.19282245E+001  0.12498229E+002  0.31292003E+002  0.78662739E+002  0.15895079E+003
  0.00000000E+000  0.00000000E+000  0.00000000E+000  0.00000000E+000  0.00000000E+000  0.93660504E-001  0.19282292E+001  0.12498282E+002  0.31292119E+002  0.78663436E+002  0.15895219E+003
  0.00000000E+000  0.00000000E+000  0.00000000E+000  0.00000000E+000  0.00000000E+000  0.93660608E-001  0.19282336E+001  0.12498334E+002  0.31292232E+002  0.78664119E+002  0.15895358E+003
  0.00000000E+000  0.00000000E+000  0.00000000E+000  0.00000000E+000  0.00000000E+000  0.93660706E-001  0.19282378E+001  0.12498383E+002  0.31292341E+002  0.78664789E+002  0.15895495E+003
  0.00000000E+000  0.00000000E+000  0.00000000E+000  0.00000000E+000  0.00000000E+000  0.93660798E-001  0.19282418E+001  0.12498431E+002  0.31292447E+002  0.78665445E+002  0.15895630E+003
  0.00000000E+000  0.00000000E+000  0.00000000E+000  0.00000000E+000  0.00000000E+000  0.93660883E-001  0.19282456E+001  0.12498477E+002  0.31292550E+002  0.78666088E+002  0.15895764E+003
  0.00000000E+000  0.00000000E+000  0.00000000E+000  0.00000000E+000  0.00000000E+000  0.93660964E-001  0.19282491E+001  0.12498521E+002  0.31292650E+002  0.78666718E+002  0.15895896E+003
  0.00000000E+000  0.00000000E+000  0.00000000E+000  0.00000000E+000  0.00000000E+000  0.93661039E-001  0.19282525E+001  0.12498564E+002  0.31292747E+002  0.78667334E+002  0.15896027E+003
  0.00000000E+000  0.00000000E+000  0.00000000E+000  0.00000000E+000  0.00000000E+000  0.93661110E-001  0.19282557E+001  0.12498605E+002  0.31292841E+002  0.78667937E+002  0.15896156E+003
  0.00000000E+000  0.00000000E+000  0.00000000E+000  0.00000000E+000  0.00000000E+000  0.93661176E-001  0.19282588E+001  0.12498645E+002  0.31292933E+002  0.78668526E+002  0.15896282E+003
  0.00000000E+000  0.00000000E+000  0.00000000E+000  0.00000000E+000  0.00000000E+000  0.93661238E-001  0.19282616E+001  0.12498682E+002  0.31293021E+002  0.78669102E+002  0.15896407E+003
  0.00000000E+000  0.00000000E+000  0.00000000E+000  0.00000000E+000  0.00000000E+000  0.93661296E-001  0.19282643E+001  0.12498719E+002  0.31293106E+002  0.78669664E+002  0.15896530E+003
  0.00000000E+000  0.00000000E+000  0.00000000E+000  0.00000000E+000  0.00000000E+000  0.93661350E-001  0.19282669E+001  0.12498754E+002  0.31293189E+002  0.78670213E+002  0.15896651E+003
  0.00000000E+000  0.00000000E+000  0.00000000E+000  0.00000000E+000  0.00000000E+000  0.93661401E-001  0.19282693E+001  0.12498788E+002  0.31293269E+002  0.78670749E+002  0.15896770E+003
  0.00000000E+000  0.00000000E+000  0.00000000E+000  0.00000000E+000  0.00000000E+000  0.93661448E-001  0.19282716E+001  0.12498820E+002  0.31293347E+002  0.78671271E+002  0.15896887E+003
  0.00000000E+000  0.00000000E+000  0.00000000E+000  0.00000000E+000  0.00000000E+000  0.93661492E-001  0.19282738E+001  0.12498851E+002  0.31293422E+002  0.78671780E+002  0.15897002E+003
  0.00000000E+000  0.00000000E+000  0.00000000E+000  0.00000000E+000  0.00000000E+000  0.93661534E-001  0.19282758E+001  0.12498881E+002  0.31293494E+002  0.78672276E+002  0.15897114E+003
  0.00000000E+000  0.00000000E+000  0.00000000E+000  0.00000000E+000  0.00000000E+000  0.93661572E-001  0.19282777E+001  0.12498909E+002  0.31293564E+002  0.78672759E+002  0.15897224E+003
  0.00000000E+000  0.00000000E+000  0.00000000E+000  0.00000000E+000  0.00000000E+000  0.93661609E-001  0.19282796E+001  0.12498936E+002  0.31293631E+002  0.78673230E+002  0.15897333E+003
  0.00000000E+000  0.00000000E+000  0.00000000E+000  0.00000000E+000  0.00000000E+000  0.93661642E-001  0.19282813E+001  0.12498963E+002  0.31293697E+002  0.78673687E+002  0.15897439E+003
  0.00000000E+000  0.00000000E+000  0.00000000E+000  0.00000000E+000  0.00000000E+000  0.93661674E-001  0.19282829E+001  0.12498988E+002  0.31293759E+002  0.78674132E+002  0.15897542E+003
  0.00000000E+000  0.00000000E+000  0.00000000E+000  0.00000000E+000  0.00000000E+000  0.93661704E-001  0.19282844E+001  0.12499012E+002  0.31293820E+002  0.78674565E+002  0.15897644E+003
  0.00000000E+000  0.00000000E+000  0.00000000E+000  0.00000000E+000  0.00000000E+000  0.93661731E-001  0.19282859E+001  0.12499035E+002  0.31293878E+002  0.78674986E+002  0.15897743E+003
  0.00000000E+000  0.00000000E+000  0.00000000E+000  0.00000000E+000  0.00000000E+000  0.93661757E-001  0.19282872E+001  0.12499057E+002  0.31293935E+002  0.78675394E+002  0.15897840E+003
  0.00000000E+000  0.00000000E+000  0.00000000E+000  0.00000000E+000  0.00000000E+000  0.93661781E-001  0.19282885E+001  0.12499078E+002  0.31293989E+002  0.78675791E+002  0.15897935E+003
  0.00000000E+000  0.00000000E+000  0.00000000E+000  0.00000000E+000  0.00000000E+000  0.93661804E-001  0.19282897E+001  0.12499098E+002  0.31294041E+002  0.78676176E+002  0.15898028E+003
  0.00000000E+000  0.00000000E+000  0.00000000E+000  0.00000000E+000  0.00000000E+000  0.93661825E-001  0.19282909E+001  0.12499117E+002  0.31294092E+002  0.78676549E+002  0.15898118E+003
  0.00000000E+000  0.00000000E+000  0.00000000E+000  0.00000000E+000  0.00000000E+000  0.93661844E-001  0.19282920E+001  0.12499136E+002  0.31294140E+002  0.78676911E+002  0.15898206E+003
  0.00000000E+000  0.00000000E+000  0.00000000E+000  0.00000000E+000  0.00000000E+000  0.93661863E-001  0.19282930E+001  0.12499153E+002  0.31294187E+002  0.78677262E+002  0.15898292E+003
  0.00000000E+000  0.00000000E+000  0.00000000E+000  0.00000000E+000  0.00000000E+000  0.93661880E-001  0.19282939E+001  0.12499170E+002  0.31294232E+002  0.78677603E+002  0.15898376E+003
  0.00000000E+000  0.00000000E+000  0.00000000E+000  0.00000000E+000  0.00000000E+000  0.93661896E-001  0.19282949E+001  0.12499186E+002  0.31294275E+002  0.78677932E+002  0.15898458E+003
  0.00000000E+000  0.00000000E+000  0.00000000E+000  0.00000000E+000  0.00000000E+000  0.93661911E-001  0.19282957E+001  0.12499201E+002  0.31294316E+002  0.78678251E+002  0.15898538E+003
  0.00000000E+000  0.00000000E+000  0.00000000E+000  0.00000000E+000  0.00000000E+000  0.93661924E-001  0.19282965E+001  0.12499216E+002  0.31294356E+002  0.78678560E+002  0.15898615E+003
  0.00000000E+000  0.00000000E+000  0.00000000E+000  0.00000000E+000  0.00000000E+000  0.93661937E-001  0.19282973E+001  0.12499230E+002  0.31294394E+002  0.78678859E+002  0.15898690E+003
  0.00000000E+000  0.00000000E+000  0.00000000E+000  0.00000000E+000  0.00000000E+000  0.93661950E-001  0.19282980E+001  0.12499243E+002  0.31294431E+002  0.78679147E+002  0.15898764E+003
  0.00000000E+000  0.00000000E+000  0.00000000E+000  0.00000000E+000  0.00000000E+000  0.93661961E-001  0.19282987E+001  0.12499256E+002  0.31294466E+002  0.78679427E+002  0.15898835E+003
  0.00000000E+000  0.00000000E+000  0.00000000E+000  0.00000000E+000  0.00000000E+000  0.93661972E-001  0.19282993E+001  0.12499268E+002  0.31294500E+002  0.78679697E+002  0.15898904E+003
  0.00000000E+000  0.00000000E+000  0.00000000E+000  0.00000000E+000  0.00000000E+000  0.93661981E-001  0.19282999E+001  0.12499280E+002  0.31294533E+002  0.78679957E+002  0.15898971E+003
  0.00000000E+000  0.00000000E+000  0.00000000E+000  0.00000000E+000  0.00000000E+000  0.93661991E-001  0.19283005E+001  0.12499291E+002  0.31294564E+002  0.78680209E+002  0.15899036E+003
  0.00000000E+000  0.00000000E+000  0.00000000E+000  0.00000000E+000  0.00000000E+000  0.93661999E-001  0.19283010E+001  0.12499301E+002  0.31294594E+002  0.78680452E+002  0.15899100E+003
  0.00000000E+000  0.00000000E+000  0.00000000E+000  0.00000000E+000  0.00000000E+000  0.93662007E-001  0.19283015E+001  0.12499312E+002  0.31294622E+002  0.78680687E+002  0.15899161E+003
  0.00000000E+000  0.00000000E+000  0.00000000E+000  0.00000000E+000  0.00000000E+000  0.93662015E-001  0.19283020E+001  0.12499321E+002  0.31294650E+002  0.78680913E+002  0.15899220E+003
  0.00000000E+000  0.00000000E+000  0.00000000E+000  0.00000000E+000  0.00000000E+000  0.93662022E-001  0.19283024E+001  0.12499330E+002  0.31294676E+002  0.78681131E+002  0.15899278E+003
  0.00000000E+000  0.00000000E+000  0.00000000E+000  0.00000000E+000  0.00000000E+000  0.93662029E-001  0.19283029E+001  0.12499339E+002  0.31294702E+002  0.78681342E+002  0.15899334E+003
