  0.49038265E-002  0.57121942E-001  0.10122734E+001  0.41057351E+002
  0.49141275E-002  0.56999471E-001  0.10108031E+001  0.41028639E+002
  0.49218336E-002  0.56896682E-001  0.10095407E+001  0.41003648E+002
  0.49274455E-002  0.56810268E-001  0.10084667E+001  0.40982029E+002
  0.49313976E-002  0.56737500E-001  0.10075510E+001  0.40963289E+002
  0.49340541E-002  0.56676188E-001  0.10067648E+001  0.40947004E+002
  0.49357103E-002  0.56624506E-001  0.10060872E+001  0.40932805E+002
  0.49366006E-002  0.56580909E-001  0.10055003E+001  0.40920375E+002
  0.49369088E-002  0.56544073E-001  0.10049891E+001  0.40909446E+002
  0.49367892E-002  0.56512852E-001  0.10045415E+001  0.40899787E+002
  0.49363616E-002  0.56486244E-001  0.10041473E+001  0.40891207E+002
  0.49357188E-002  0.56463412E-001  0.10037981E+001  0.40883540E+002
  0.49349322E-002  0.56443657E-001  0.10034866E+001  0.40876646E+002
  0.49340564E-002  0.56426391E-001  0.10032071E+001  0.40870408E+002
  0.49331327E-002  0.56411124E-001  0.10029543E+001  0.40864725E+002
  0.49321920E-002  0.56397451E-001  0.10027239E+001  0.40859510E+002
  0.49312568E-002  0.56385038E-001  0.10025122E+001  0.40854690E+002
  0.49303435E-002  0.56373609E-001  0.10023160E+001  0.40850202E+002
  0.49294631E-002  0.56362940E-001  0.10021326E+001  0.40845993E+002
  0.49286229E-002  0.56352847E-001  0.10019597E+001  0.40842015E+002
  0.49278272E-002  0.56343178E-001  0.10017950E+001  0.40838228E+002
  0.49270780E-002  0.56333808E-001  0.10016369E+001  0.40834599E+002
  0.49263754E-002  0.56324634E-001  0.10014837E+001  0.40831096E+002
  0.49257184E-002  0.56315568E-001  0.10013341E+001  0.40827692E+002
  0.49251049E-002  0.56306538E-001  0.10011866E+001  0.40824366E+002
  0.49245321E-002  0.56297479E-001  0.10010404E+001  0.40821097E+002
  0.49239968E-002  0.56288338E-001  0.10008942E+001  0.40817867E+002
  0.49234954E-002  0.56279065E-001  0.10007473E+001  0.40814659E+002
  0.49230241E-002  0.56269616E-001  0.10005988E+001  0.40811461E+002
  0.49225790E-002  0.56259954E-001  0.10004481E+001  0.40808261E+002
  0.49221564E-002  0.56250041E-001  0.10002944E+001  0.40805046E+002
  0.49217525E-002  0.56239845E-001  0.10001373E+001  0.40801808E+002
  0.49213637E-002  0.56229335E-001  0.99997629E+000  0.40798539E+002
  0.49209867E-002  0.56218486E-001  0.99981093E+000  0.40795230E+002
  0.49206183E-002  0.56207272E-001  0.99964092E+000  0.40791877E+002
  0.49202557E-002  0.56195673E-001  0.99946601E+000  0.40788473E+002
  0.49198964E-002  0.56183672E-001  0.99928602E+000  0.40785014E+002
  0.49195383E-002  0.56171256E-001  0.99910086E+000  0.40781496E+002
  0.49191795E-002  0.56158418E-001  0.99891049E+000  0.40777917E+002
  0.49188187E-002  0.56145156E-001  0.99871496E+000  0.40774275E+002
  0.49184548E-002  0.56131475E-001  0.99851439E+000  0.40770567E+002
  0.49180872E-002  0.56117386E-001  0.99830896E+000  0.40766794E+002
  0.49177155E-002  0.56102909E-001  0.99809893E+000  0.40762956E+002
  0.49173399E-002  0.56088070E-001  0.99788461E+000  0.40759053E+002
  0.49169606E-002  0.56072904E-001  0.99766637E+000  0.40755087E+002
  0.49165784E-002  0.56057455E-001  0.99744465E+000  0.40751061E+002
  0.49161940E-002  0.56041773E-001  0.99721993E+000  0.40746976E+002
  0.49158086E-002  0.56025915E-001  0.99699275E+000  0.40742836E+002
  0.49154232E-002  0.56009947E-001  0.99676368E+000  0.40738646E+002
  0.49150393E-002  0.55993937E-001  0.99653334E+000  0.40734411E+002
  0.49146580E-002  0.55977961E-001  0.99630239E+000  0.40730135E+002
  0.49142806E-002  0.55962095E-001  0.99607151E+000  0.40725826E+002
  0.49139084E-002  0.55946420E-001  0.99584142E+000  0.40721489E+002
  0.49135426E-002  0.55931018E-001  0.99561287E+000  0.40717132E+002
  0.49131843E-002  0.55915969E-001  0.99538663E+000  0.40712763E+002
  0.49128344E-002  0.55901357E-001  0.99516348E+000  0.40708391E+002
  0.49124938E-002  0.55887261E-001  0.99494424E+000  0.40704024E+002
  0.49121633E-002  0.55873762E-001  0.99472971E+000  0.40699673E+002
  0.49118436E-002  0.55860937E-001  0.99452075E+000  0.40695346E+002
  0.49115353E-002  0.55848863E-001  0.99431818E+000  0.40691054E+002
  0.49112392E-002  0.55837614E-001  0.99412285E+000  0.40686809E+002
  0.49109559E-002  0.55827262E-001  0.99393561E+000  0.40682620E+002
  0.49106861E-002  0.55817875E-001  0.99375731E+000  0.40678499E+002
  0.49104304E-002  0.55809520E-001  0.99358878E+000  0.40674456E+002
  0.49101895E-002  0.55802261E-001  0.99343086E+000  0.40670504E+002
  0.49099642E-002  0.55796159E-001  0.99328436E+000  0.40666654E+002
  0.49097551E-002  0.55791269E-001  0.99315006E+000  0.40662916E+002
  0.49095629E-002  0.55787646E-001  0.99302875E+000  0.40659302E+002
  0.49093883E-002  0.55785338E-001  0.99292116E+000  0.40655823E+002
  0.49092319E-002  0.55784387E-001  0.99282799E+000  0.40652488E+002
  0.49090943E-002  0.55784834E-001  0.99274990E+000  0.40649308E+002
  0.49089760E-002  0.55786710E-001  0.99268750E+000  0.40646292E+002
  0.49088776E-002  0.55790043E-001  0.99264137E+000  0.40643449E+002
  0.49087992E-002  0.55794853E-001  0.99261200E+000  0.40640788E+002
  0.49087410E-002  0.55801154E-001  0.99259984E+000  0.40638315E+002
  0.49087030E-002  0.55808951E-001  0.99260528E+000  0.40636039E+002
  0.49086849E-002  0.55818245E-001  0.99262862E+000  0.40633965E+002
  0.49086863E-002  0.55829028E-001  0.99267011E+000  0.40632099E+002
  0.49087069E-002  0.55841283E-001  0.99272991E+000  0.40630444E+002
  0.49087459E-002  0.55854987E-001  0.99280810E+000  0.40629005E+002
  0.49088024E-002  0.55870110E-001  0.99290471E+000  0.40627783E+002
  0.49088756E-002  0.55886613E-001  0.99301966E+000  0.40626781E+002
  0.49089643E-002  0.55904451E-001  0.99315282E+000  0.40625999E+002
  0.49090673E-002  0.55923572E-001  0.99330396E+000  0.40625437E+002
  0.49091834E-002  0.55943916E-001  0.99347278E+000  0.40625093E+002
  0.49093111E-002  0.55965418E-001  0.99365892E+000  0.40624967E+002
  0.49094487E-002  0.55988008E-001  0.99386192E+000  0.40625054E+002
  0.49095943E-002  0.56011611E-001  0.99408129E+000  0.40625351E+002
  0.49097463E-002  0.56036145E-001  0.99431644E+000  0.40625853E+002
  0.49099029E-002  0.56061529E-001  0.99456675E+000  0.40626556E+002
  0.49100623E-002  0.56087674E-001  0.99483152E+000  0.40627453E+002
  0.49102228E-002  0.56114491E-001  0.99511001E+000  0.40628538E+002
  0.49103826E-002  0.56141890E-001  0.99540143E+000  0.40629803E+002
  0.49105399E-002  0.56169778E-001  0.99570496E+000  0.40631243E+002
  0.49106932E-002  0.56198062E-001  0.99601974E+000  0.40632848E+002
  0.49108409E-002  0.56226651E-001  0.99634487E+000  0.40634610E+002
  0.49109814E-002  0.56255453E-001  0.99667943E+000  0.40636523E+002
  0.49111134E-002  0.56284378E-001  0.99702250E+000  0.40638576E+002
  0.49112357E-002  0.56313341E-001  0.99737313E+000  0.40640761E+002
  0.49113470E-002  0.56342256E-001  0.99773037E+000  0.40643071E+002
  0.49114463E-002  0.56371042E-001  0.99809327E+000  0.40645497E+002
  0.49115329E-002  0.56399623E-001  0.99846089E+000  0.40648030E+002
  0.49116058E-002  0.56427925E-001  0.99883228E+000  0.40650663E+002
  0.49116647E-002  0.56455880E-001  0.99920652E+000  0.40653388E+002
  0.49117089E-002  0.56483425E-001  0.99958271E+000  0.40656197E+002
  0.49117383E-002  0.56510500E-001  0.99995997E+000  0.40659083E+002
  0.49117526E-002  0.56537053E-001  0.10003374E+001  0.40662039E+002
  0.49117519E-002  0.56563036E-001  0.10007143E+001  0.40665059E+002
  0.49117362E-002  0.56588405E-001  0.10010897E+001  0.40668138E+002
  0.49117059E-002  0.56613124E-001  0.10014630E+001  0.40671268E+002
  0.49116612E-002  0.56637160E-001  0.10018334E+001  0.40674446E+002
  0.49116026E-002  0.56660485E-001  0.10022003E+001  0.40677666E+002
  0.49115308E-002  0.56683079E-001  0.10025629E+001  0.40680924E+002
  0.49114463E-002  0.56704924E-001  0.10029208E+001  0.40684217E+002
  0.49113499E-002  0.56726006E-001  0.10032733E+001  0.40687540E+002
  0.49112424E-002  0.56746317E-001  0.10036199E+001  0.40690890E+002
  0.49111246E-002  0.56765853E-001  0.10039602E+001  0.40694266E+002
  0.49109973E-002  0.56784613E-001  0.10042937E+001  0.40697663E+002
  0.49108615E-002  0.56802600E-001  0.10046201E+001  0.40701081E+002
  0.49107182E-002  0.56819819E-001  0.10049390E+001  0.40704517E+002
  0.49105681E-002  0.56836280E-001  0.10052501E+001  0.40707970E+002
  0.49104124E-002  0.56851992E-001  0.10055532E+001  0.40711438E+002
  0.49102518E-002  0.56866970E-001  0.10058480E+001  0.40714920E+002
  0.49100872E-002  0.56881230E-001  0.10061343E+001  0.40718415E+002
  0.49099196E-002  0.56894787E-001  0.10064121E+001  0.40721923E+002
  0.49097497E-002  0.56907662E-001  0.10066812E+001  0.40725443E+002
  0.49095784E-002  0.56919872E-001  0.10069415E+001  0.40728974E+002
  0.49094064E-002  0.56931441E-001  0.10071931E+001  0.40732516E+002
  0.49092344E-002  0.56942387E-001  0.10074357E+001  0.40736069E+002
  0.49090630E-002  0.56952735E-001  0.10076696E+001  0.40739632E+002
  0.49088929E-002  0.56962505E-001  0.10078947E+001  0.40743205E+002
  0.49087246E-002  0.56971722E-001  0.10081112E+001  0.40746787E+002
  0.49085585E-002  0.56980407E-001  0.10083190E+001  0.40750380E+002
  0.49083952E-002  0.56988583E-001  0.10085183E+001  0.40753981E+002
  0.49082350E-002  0.56996273E-001  0.10087093E+001  0.40757592E+002
  0.49080783E-002  0.57003499E-001  0.10088920E+001  0.40761211E+002
  0.49079253E-002  0.57010283E-001  0.10090667E+001  0.40764839E+002
  0.49077764E-002  0.57016647E-001  0.10092336E+001  0.40768476E+002
  0.49076317E-002  0.57022612E-001  0.10093928E+001  0.40772120E+002
  0.49074914E-002  0.57028198E-001  0.10095445E+001  0.40775772E+002
  0.49073556E-002  0.57033426E-001  0.10096890E+001  0.40779430E+002
  0.49072244E-002  0.57038314E-001  0.10098264E+001  0.40783096E+002
  0.49070979E-002  0.57042883E-001  0.10099570E+001  0.40786768E+002
  0.49069761E-002  0.57047150E-001  0.10100810E+001  0.40790445E+002
  0.49068591E-002  0.57051132E-001  0.10101987E+001  0.40794126E+002
  0.49067467E-002  0.57054846E-001  0.10103103E+001  0.40797812E+002
  0.49066391E-002  0.57058310E-001  0.10104160E+001  0.40801502E+002
  0.49065360E-002  0.57061537E-001  0.10105161E+001  0.40805193E+002
  0.49064375E-002  0.57064544E-001  0.10106108E+001  0.40808887E+002
  0.49063435E-002  0.57067344E-001  0.10107003E+001  0.40812581E+002
  0.49062538E-002  0.57069951E-001  0.10107849E+001  0.40816274E+002
  0.49061684E-002  0.57072378E-001  0.10108647E+001  0.40819967E+002
  0.49060871E-002  0.57074637E-001  0.10109401E+001  0.40823656E+002
  0.49060098E-002  0.57076740E-001  0.10110113E+001  0.40827343E+002
  0.49059365E-002  0.57078697E-001  0.10110783E+001  0.40831024E+002
  0.49058669E-002  0.57080521E-001  0.10111416E+001  0.40834700E+002
  0.49058009E-002  0.57082219E-001  0.10112012E+001  0.40838368E+002
  0.49057385E-002  0.57083802E-001  0.10112574E+001  0.40842028E+002
  0.49056794E-002  0.57085278E-001  0.10113103E+001  0.40845678E+002
  0.49056235E-002  0.57086657E-001  0.10113601E+001  0.40849317E+002
  0.49055707E-002  0.57087944E-001  0.10114071E+001  0.40852943E+002
  0.49055209E-002  0.57089149E-001  0.10114513E+001  0.40856556E+002
  0.49054739E-002  0.57090277E-001  0.10114930E+001  0.40860153E+002
  0.49054296E-002  0.57091335E-001  0.10115322E+001  0.40863734E+002
  0.49053878E-002  0.57092329E-001  0.10115692E+001  0.40867297E+002
  0.49053485E-002  0.57093264E-001  0.10116041E+001  0.40870840E+002
  0.49053115E-002  0.57094146E-001  0.10116370E+001  0.40874362E+002
  0.49052767E-002  0.57094980E-001  0.10116680E+001  0.40877862E+002
  0.49052439E-002  0.57095769E-001  0.10116973E+001  0.40881339E+002
  0.49052132E-002  0.57096517E-001  0.10117250E+001  0.40884790E+002
  0.49051843E-002  0.57097230E-001  0.10117512E+001  0.40888216E+002
  0.49051572E-002  0.57097909E-001  0.10117759E+001  0.40891613E+002
  0.49051318E-002  0.57098559E-001  0.10117993E+001  0.40894982E+002
  0.49051079E-002  0.57099182E-001  0.10118216E+001  0.40898321E+002
  0.49050855E-002  0.57099780E-001  0.10118426E+001  0.40901628E+002
  0.49050645E-002  0.57100357E-001  0.10118626E+001  0.40904903E+002
  0.49050449E-002  0.57100915E-001  0.10118816E+001  0.40908143E+002
  0.49050264E-002  0.57101455E-001  0.10118997E+001  0.40911349E+002
  0.49050092E-002  0.57101979E-001  0.10119170E+001  0.40914519E+002
  0.49049930E-002  0.57102491E-001  0.10119334E+001  0.40917652E+002
  0.49049779E-002  0.57102990E-001  0.10119491E+001  0.40920747E+002
  0.49049638E-002  0.57103478E-001  0.10119641E+001  0.40923803E+002
  0.49049506E-002  0.57103959E-001  0.10119786E+001  0.40926819E+002
  0.49049383E-002  0.57104431E-001  0.10119924E+001  0.40929794E+002
  0.49049268E-002  0.57104898E-001  0.10120057E+001  0.40932728E+002
  0.49049161E-002  0.57105361E-001  0.10120185E+001  0.40935620E+002
  0.49049061E-002  0.57105820E-001  0.10120308E+001  0.40938470E+002
  0.49048968E-002  0.57106278E-001  0.10120428E+001  0.40941276E+002
  0.49048882E-002  0.57106736E-001  0.10120544E+001  0.40944038E+002
  0.49048802E-002  0.57107195E-001  0.10120657E+001  0.40946756E+002
  0.49048727E-002  0.57107657E-001  0.10120767E+001  0.40949429E+002
  0.49048658E-002  0.57108122E-001  0.10120875E+001  0.40952058E+002
  0.49048592E-002  0.57108593E-001  0.10120981E+001  0.40954641E+002
  0.49048530E-002  0.57109069E-001  0.10121086E+001  0.40957180E+002
  0.49048469E-002  0.57109551E-001  0.10121190E+001  0.40959674E+002
  0.49048409E-002  0.57110039E-001  0.10121293E+001  0.40962124E+002
  0.49048348E-002  0.57110531E-001  0.10121395E+001  0.40964530E+002
  0.49048282E-002  0.57111031E-001  0.10121498E+001  0.40966892E+002
  0.49048208E-002  0.57111519E-001  0.10121599E+001  0.40969212E+002
  0.49048115E-002  0.57112042E-001  0.10121704E+001  0.40971497E+002
