  0.66277385E-001
  0.66273791E-001
  0.66226088E-001
  0.66175495E-001
  0.66129184E-001
  0.66088410E-001
  0.66052851E-001
  0.66021873E-001
  0.65994835E-001
  0.65971158E-001
  0.65950338E-001
  0.65931942E-001
  0.65915604E-001
  0.65901011E-001
  0.65887895E-001
  0.65876030E-001
  0.65865223E-001
  0.65855307E-001
  0.65846141E-001
  0.65837603E-001
  0.65829587E-001
  0.65822003E-001
  0.65814773E-001
  0.65807827E-001
  0.65801106E-001
  0.65794558E-001
  0.65788137E-001
  0.65781802E-001
  0.65775518E-001
  0.65769255E-001
  0.65762983E-001
  0.65756680E-001
  0.65750325E-001
  0.65743898E-001
  0.65737386E-001
  0.65730773E-001
  0.65724050E-001
  0.65717208E-001
  0.65710240E-001
  0.65703141E-001
  0.65695907E-001
  0.65688538E-001
  0.65681035E-001
  0.65673398E-001
  0.65665632E-001
  0.65657742E-001
  0.65649734E-001
  0.65641616E-001
  0.65633397E-001
  0.65625088E-001
  0.65616701E-001
  0.65608248E-001
  0.65599744E-001
  0.65591204E-001
  0.65582645E-001
  0.65574083E-001
  0.65565537E-001
  0.65557026E-001
  0.65548570E-001
  0.65540190E-001
  0.65531906E-001
  0.65523740E-001
  0.65515715E-001
  0.65507852E-001
  0.65500174E-001
  0.65492703E-001
  0.65485461E-001
  0.65478470E-001
  0.65471751E-001
  0.65465324E-001
  0.65459210E-001
  0.65453427E-001
  0.65447993E-001
  0.65442923E-001
  0.65438232E-001
  0.65433935E-001
  0.65430042E-001
  0.65426564E-001
  0.65423509E-001
  0.65420884E-001
  0.65418694E-001
  0.65416940E-001
  0.65415623E-001
  0.65414743E-001
  0.65414296E-001
  0.65414276E-001
  0.65414678E-001
  0.65415493E-001
  0.65416710E-001
  0.65418318E-001
  0.65420304E-001
  0.65422653E-001
  0.65425351E-001
  0.65428381E-001
  0.65431727E-001
  0.65435370E-001
  0.65439293E-001
  0.65443477E-001
  0.65447905E-001
  0.65452557E-001
  0.65457416E-001
  0.65462463E-001
  0.65467682E-001
  0.65473055E-001
  0.65478566E-001
  0.65484199E-001
  0.65489940E-001
  0.65495775E-001
  0.65501690E-001
  0.65507674E-001
  0.65513714E-001
  0.65519802E-001
  0.65525927E-001
  0.65532082E-001
  0.65538258E-001
  0.65544448E-001
  0.65550648E-001
  0.65556852E-001
  0.65563055E-001
  0.65569255E-001
  0.65575447E-001
  0.65581629E-001
  0.65587800E-001
  0.65593958E-001
  0.65600101E-001
  0.65606230E-001
  0.65612344E-001
  0.65618442E-001
  0.65624525E-001
  0.65630592E-001
  0.65636646E-001
  0.65642685E-001
  0.65648712E-001
  0.65654725E-001
  0.65660728E-001
  0.65666719E-001
  0.65672700E-001
  0.65678671E-001
  0.65684634E-001
  0.65690589E-001
  0.65696537E-001
  0.65702477E-001
  0.65708412E-001
  0.65714340E-001
  0.65720262E-001
  0.65726178E-001
  0.65732089E-001
  0.65737994E-001
  0.65743892E-001
  0.65749785E-001
  0.65755670E-001
  0.65761549E-001
  0.65767419E-001
  0.65773280E-001
  0.65779132E-001
  0.65784973E-001
  0.65790802E-001
  0.65796618E-001
  0.65802419E-001
  0.65808205E-001
  0.65813974E-001
  0.65819723E-001
  0.65825453E-001
  0.65831160E-001
  0.65836843E-001
  0.65842500E-001
  0.65848130E-001
  0.65853730E-001
  0.65859299E-001
  0.65864835E-001
  0.65870335E-001
  0.65875798E-001
  0.65881222E-001
  0.65886605E-001
  0.65891944E-001
  0.65897238E-001
  0.65902486E-001
  0.65907684E-001
  0.65912832E-001
  0.65917928E-001
  0.65922969E-001
  0.65927955E-001
  0.65932883E-001
  0.65937753E-001
  0.65942561E-001
  0.65947308E-001
  0.65951992E-001
  0.65956612E-001
  0.65961166E-001
  0.65965654E-001
  0.65970074E-001
  0.65974426E-001
  0.65978710E-001
  0.65982925E-001
  0.65987072E-001
  0.65991150E-001
  0.65995160E-001
  0.65999108E-001
  0.66002987E-001
  0.66006835E-001
