  0.42099906E+000
  0.42025381E+000
  0.41966014E+000
  0.41918145E+000
  0.41879581E+000
  0.41848752E+000
  0.41824389E+000
  0.41805436E+000
  0.41791009E+000
  0.41780369E+000
  0.41772890E+000
  0.41768048E+000
  0.41765406E+000
  0.41764595E+000
  0.41765309E+000
  0.41767288E+000
  0.41770313E+000
  0.41774203E+000
  0.41778803E+000
  0.41783985E+000
  0.41789640E+000
  0.41795676E+000
  0.41802015E+000
  0.41808593E+000
  0.41815352E+000
  0.41822244E+000
  0.41829227E+000
  0.41836267E+000
  0.41843331E+000
  0.41850393E+000
  0.41857428E+000
  0.41864415E+000
  0.41871337E+000
  0.41878177E+000
  0.41884920E+000
  0.41891556E+000
  0.41898074E+000
  0.41904466E+000
  0.41910726E+000
  0.41916849E+000
  0.41922833E+000
  0.41928677E+000
  0.41934384E+000
  0.41939955E+000
  0.41945396E+000
  0.41950713E+000
  0.41955914E+000
  0.41961010E+000
  0.41966009E+000
  0.41970923E+000
  0.41975763E+000
  0.41980541E+000
  0.41985267E+000
  0.41989952E+000
  0.41994607E+000
  0.41999238E+000
  0.42003853E+000
  0.42008458E+000
  0.42013056E+000
  0.42017650E+000
  0.42022240E+000
  0.42026824E+000
  0.42031400E+000
  0.42035964E+000
  0.42040510E+000
  0.42045032E+000
  0.42049523E+000
  0.42053975E+000
  0.42058378E+000
  0.42062724E+000
  0.42067004E+000
  0.42071207E+000
  0.42075325E+000
  0.42079348E+000
  0.42083267E+000
  0.42087074E+000
  0.42090758E+000
  0.42094314E+000
  0.42097733E+000
  0.42101009E+000
  0.42104136E+000
  0.42107109E+000
  0.42109923E+000
  0.42112574E+000
  0.42115060E+000
  0.42117379E+000
  0.42119530E+000
  0.42121512E+000
  0.42123325E+000
  0.42124973E+000
  0.42126455E+000
  0.42127777E+000
  0.42128940E+000
  0.42129950E+000
  0.42130812E+000
  0.42131529E+000
  0.42132110E+000
  0.42132559E+000
  0.42132884E+000
  0.42133092E+000
  0.42133189E+000
  0.42133183E+000
  0.42133081E+000
  0.42132890E+000
  0.42132619E+000
  0.42132273E+000
  0.42131861E+000
  0.42131388E+000
  0.42130863E+000
  0.42130290E+000
  0.42129677E+000
  0.42129029E+000
  0.42128351E+000
  0.42127648E+000
  0.42126926E+000
  0.42126189E+000
  0.42125441E+000
  0.42124685E+000
  0.42123925E+000
  0.42123164E+000
  0.42122405E+000
  0.42121651E+000
  0.42120903E+000
  0.42120163E+000
  0.42119433E+000
  0.42118715E+000
  0.42118009E+000
  0.42117317E+000
  0.42116640E+000
  0.42115978E+000
  0.42115332E+000
  0.42114703E+000
  0.42114090E+000
  0.42113495E+000
  0.42112917E+000
  0.42112356E+000
  0.42111812E+000
  0.42111286E+000
  0.42110777E+000
  0.42110285E+000
  0.42109809E+000
  0.42109351E+000
  0.42108909E+000
  0.42108483E+000
  0.42108074E+000
  0.42107679E+000
  0.42107301E+000
  0.42106937E+000
  0.42106588E+000
  0.42106253E+000
  0.42105932E+000
  0.42105625E+000
  0.42105331E+000
  0.42105050E+000
  0.42104781E+000
  0.42104524E+000
  0.42104279E+000
  0.42104046E+000
  0.42103823E+000
  0.42103611E+000
  0.42103409E+000
  0.42103217E+000
  0.42103035E+000
  0.42102861E+000
  0.42102697E+000
  0.42102541E+000
  0.42102393E+000
  0.42102252E+000
  0.42102119E+000
  0.42101993E+000
  0.42101874E+000
  0.42101761E+000
  0.42101655E+000
  0.42101554E+000
  0.42101459E+000
  0.42101369E+000
  0.42101284E+000
  0.42101204E+000
  0.42101129E+000
  0.42101058E+000
  0.42100991E+000
  0.42100927E+000
  0.42100868E+000
  0.42100812E+000
  0.42100759E+000
  0.42100709E+000
  0.42100662E+000
  0.42100618E+000
  0.42100577E+000
  0.42100538E+000
  0.42100502E+000
  0.42100469E+000
  0.42100438E+000
  0.42100410E+000
  0.42100386E+000
  0.42100366E+000
  0.42100352E+000
  0.42100343E+000
  0.42100341E+000
  0.42100351E+000
