 -0.51982169E-001  0.47357882E-002  0.44192611E+000  0.12893167E+001
 -0.52095088E-001  0.47232486E-002  0.44152051E+000  0.12868667E+001
 -0.52180474E-001  0.47173604E-002  0.44121783E+000  0.12848860E+001
 -0.52243726E-001  0.47145937E-002  0.44098229E+000  0.12832728E+001
 -0.52289344E-001  0.47137647E-002  0.44079634E+000  0.12819626E+001
 -0.52321079E-001  0.47141511E-002  0.44064943E+000  0.12809078E+001
 -0.52341992E-001  0.47152296E-002  0.44053446E+000  0.12800680E+001
 -0.52354558E-001  0.47166267E-002  0.44044614E+000  0.12794094E+001
 -0.52360762E-001  0.47181080E-002  0.44038022E+000  0.12789030E+001
 -0.52362197E-001  0.47195209E-002  0.44033311E+000  0.12785245E+001
 -0.52360122E-001  0.47207881E-002  0.44030171E+000  0.12782534E+001
 -0.52355534E-001  0.47218878E-002  0.44028338E+000  0.12780723E+001
 -0.52349210E-001  0.47228246E-002  0.44027587E+000  0.12779669E+001
 -0.52341756E-001  0.47236219E-002  0.44027733E+000  0.12779248E+001
 -0.52333638E-001  0.47243101E-002  0.44028620E+000  0.12779357E+001
 -0.52325213E-001  0.47249207E-002  0.44030123E+000  0.12779907E+001
 -0.52316748E-001  0.47254825E-002  0.44032136E+000  0.12780826E+001
 -0.52308441E-001  0.47260197E-002  0.44034573E+000  0.12782050E+001
 -0.52300433E-001  0.47265515E-002  0.44037364E+000  0.12783525E+001
 -0.52292823E-001  0.47270924E-002  0.44040452E+000  0.12785208E+001
 -0.52285676E-001  0.47276528E-002  0.44043792E+000  0.12787058E+001
 -0.52279029E-001  0.47282398E-002  0.44047346E+000  0.12789045E+001
 -0.52272901E-001  0.47288580E-002  0.44051087E+000  0.12791140E+001
 -0.52267292E-001  0.47295101E-002  0.44054990E+000  0.12793317E+001
 -0.52262192E-001  0.47301976E-002  0.44059039E+000  0.12795558E+001
 -0.52257583E-001  0.47309210E-002  0.44063220E+000  0.12797844E+001
 -0.52253439E-001  0.47316805E-002  0.44067520E+000  0.12800158E+001
 -0.52249729E-001  0.47324755E-002  0.44071931E+000  0.12802488E+001
 -0.52246421E-001  0.47333057E-002  0.44076446E+000  0.12804821E+001
 -0.52243481E-001  0.47341702E-002  0.44081056E+000  0.12807146E+001
 -0.52240872E-001  0.47350682E-002  0.44085755E+000  0.12809455E+001
 -0.52238560E-001  0.47359984E-002  0.44090535E+000  0.12811740E+001
 -0.52236511E-001  0.47369591E-002  0.44095388E+000  0.12813993E+001
 -0.52234692E-001  0.47379483E-002  0.44100306E+000  0.12816209E+001
 -0.52233071E-001  0.47389634E-002  0.44105278E+000  0.12818383E+001
 -0.52231619E-001  0.47400008E-002  0.44110292E+000  0.12820511E+001
 -0.52230310E-001  0.47410565E-002  0.44115338E+000  0.12822590E+001
 -0.52229119E-001  0.47421261E-002  0.44120399E+000  0.12824618E+001
 -0.52228023E-001  0.47432044E-002  0.44125463E+000  0.12826594E+001
 -0.52227004E-001  0.47442858E-002  0.44130515E+000  0.12828517E+001
 -0.52226044E-001  0.47453643E-002  0.44135539E+000  0.12830388E+001
 -0.52225127E-001  0.47464335E-002  0.44140520E+000  0.12832207E+001
 -0.52224241E-001  0.47474872E-002  0.44145446E+000  0.12833978E+001
 -0.52223374E-001  0.47485195E-002  0.44150304E+000  0.12835702E+001
 -0.52222516E-001  0.47495246E-002  0.44155084E+000  0.12837381E+001
 -0.52221659E-001  0.47504978E-002  0.44159777E+000  0.12839021E+001
 -0.52220794E-001  0.47514348E-002  0.44164376E+000  0.12840623E+001
 -0.52219916E-001  0.47523326E-002  0.44168879E+000  0.12842193E+001
 -0.52219017E-001  0.47531890E-002  0.44173284E+000  0.12843735E+001
 -0.52218092E-001  0.47540028E-002  0.44177592E+000  0.12845252E+001
 -0.52217134E-001  0.47547738E-002  0.44181807E+000  0.12846750E+001
 -0.52216139E-001  0.47555027E-002  0.44185933E+000  0.12848231E+001
 -0.52215100E-001  0.47561907E-002  0.44189977E+000  0.12849700E+001
 -0.52214012E-001  0.47568395E-002  0.44193944E+000  0.12851160E+001
 -0.52212869E-001  0.47574512E-002  0.44197844E+000  0.12852614E+001
 -0.52211666E-001  0.47580279E-002  0.44201681E+000  0.12854065E+001
 -0.52210398E-001  0.47585713E-002  0.44205463E+000  0.12855515E+001
 -0.52209061E-001  0.47590833E-002  0.44209194E+000  0.12856965E+001
 -0.52207648E-001  0.47595651E-002  0.44212878E+000  0.12858417E+001
 -0.52206158E-001  0.47600177E-002  0.44216518E+000  0.12859871E+001
 -0.52204585E-001  0.47604418E-002  0.44220115E+000  0.12861327E+001
 -0.52202927E-001  0.47608376E-002  0.44223667E+000  0.12862785E+001
 -0.52201182E-001  0.47612050E-002  0.44227173E+000  0.12864244E+001
 -0.52199348E-001  0.47615435E-002  0.44230629E+000  0.12865702E+001
 -0.52197423E-001  0.47618525E-002  0.44234030E+000  0.12867158E+001
 -0.52195407E-001  0.47621309E-002  0.44237371E+000  0.12868610E+001
 -0.52193299E-001  0.47623778E-002  0.44240645E+000  0.12870056E+001
 -0.52191100E-001  0.47625920E-002  0.44243843E+000  0.12871492E+001
 -0.52188810E-001  0.47627723E-002  0.44246960E+000  0.12872917E+001
 -0.52186431E-001  0.47629175E-002  0.44249986E+000  0.12874328E+001
 -0.52183963E-001  0.47630264E-002  0.44252913E+000  0.12875721E+001
 -0.52181409E-001  0.47630982E-002  0.44255734E+000  0.12877094E+001
 -0.52178770E-001  0.47631317E-002  0.44258438E+000  0.12878444E+001
 -0.52176049E-001  0.47631262E-002  0.44261020E+000  0.12879768E+001
 -0.52173247E-001  0.47630808E-002  0.44263470E+000  0.12881063E+001
 -0.52170369E-001  0.47629950E-002  0.44265781E+000  0.12882327E+001
 -0.52167417E-001  0.47628681E-002  0.44267947E+000  0.12883556E+001
 -0.52164393E-001  0.47627000E-002  0.44269961E+000  0.12884748E+001
 -0.52161301E-001  0.47624906E-002  0.44271818E+000  0.12885901E+001
 -0.52158145E-001  0.47622401E-002  0.44273512E+000  0.12887013E+001
 -0.52154929E-001  0.47619488E-002  0.44275039E+000  0.12888082E+001
 -0.52151655E-001  0.47616175E-002  0.44276396E+000  0.12889106E+001
 -0.52148328E-001  0.47612469E-002  0.44277579E+000  0.12890084E+001
 -0.52144952E-001  0.47608383E-002  0.44278587E+000  0.12891014E+001
 -0.52141532E-001  0.47603933E-002  0.44279419E+000  0.12891895E+001
 -0.52138072E-001  0.47599133E-002  0.44280074E+000  0.12892728E+001
 -0.52134576E-001  0.47594000E-002  0.44280553E+000  0.12893510E+001
 -0.52131050E-001  0.47588552E-002  0.44280856E+000  0.12894243E+001
 -0.52127497E-001  0.47582812E-002  0.44280986E+000  0.12894925E+001
 -0.52123922E-001  0.47576804E-002  0.44280946E+000  0.12895558E+001
 -0.52120331E-001  0.47570552E-002  0.44280740E+000  0.12896142E+001
 -0.52116728E-001  0.47564083E-002  0.44280372E+000  0.12896678E+001
 -0.52113117E-001  0.47557425E-002  0.44279848E+000  0.12897167E+001
 -0.52109505E-001  0.47550606E-002  0.44279173E+000  0.12897609E+001
 -0.52105895E-001  0.47543656E-002  0.44278353E+000  0.12898006E+001
 -0.52102294E-001  0.47536602E-002  0.44277395E+000  0.12898360E+001
 -0.52098705E-001  0.47529476E-002  0.44276307E+000  0.12898672E+001
 -0.52095134E-001  0.47522306E-002  0.44275096E+000  0.12898945E+001
 -0.52091585E-001  0.47515120E-002  0.44273772E+000  0.12899179E+001
 -0.52088063E-001  0.47507947E-002  0.44272341E+000  0.12899377E+001
 -0.52084571E-001  0.47500814E-002  0.44270813E+000  0.12899541E+001
 -0.52081116E-001  0.47493746E-002  0.44269196E+000  0.12899672E+001
 -0.52077700E-001  0.47486768E-002  0.44267500E+000  0.12899774E+001
 -0.52074329E-001  0.47479903E-002  0.44265733E+000  0.12899848E+001
 -0.52071005E-001  0.47473172E-002  0.44263905E+000  0.12899895E+001
 -0.52067732E-001  0.47466595E-002  0.44262023E+000  0.12899919E+001
 -0.52064514E-001  0.47460190E-002  0.44260097E+000  0.12899921E+001
 -0.52061354E-001  0.47453972E-002  0.44258134E+000  0.12899903E+001
 -0.52058255E-001  0.47447956E-002  0.44256144E+000  0.12899867E+001
 -0.52055220E-001  0.47442153E-002  0.44254134E+000  0.12899814E+001
 -0.52052251E-001  0.47436574E-002  0.44252111E+000  0.12899747E+001
 -0.52049350E-001  0.47431226E-002  0.44250083E+000  0.12899667E+001
 -0.52046521E-001  0.47426115E-002  0.44248056E+000  0.12899575E+001
 -0.52043763E-001  0.47421246E-002  0.44246037E+000  0.12899474E+001
 -0.52041080E-001  0.47416622E-002  0.44244032E+000  0.12899363E+001
 -0.52038472E-001  0.47412243E-002  0.44242046E+000  0.12899245E+001
 -0.52035941E-001  0.47408109E-002  0.44240084E+000  0.12899121E+001
 -0.52033486E-001  0.47404217E-002  0.44238152E+000  0.12898991E+001
 -0.52031110E-001  0.47400565E-002  0.44236252E+000  0.12898857E+001
 -0.52028812E-001  0.47397147E-002  0.44234389E+000  0.12898719E+001
 -0.52026593E-001  0.47393959E-002  0.44232567E+000  0.12898579E+001
 -0.52024452E-001  0.47390993E-002  0.44230787E+000  0.12898437E+001
 -0.52022389E-001  0.47388244E-002  0.44229053E+000  0.12898293E+001
 -0.52020404E-001  0.47385702E-002  0.44227367E+000  0.12898148E+001
 -0.52018496E-001  0.47383359E-002  0.44225730E+000  0.12898003E+001
 -0.52016664E-001  0.47381208E-002  0.44224145E+000  0.12897858E+001
 -0.52014908E-001  0.47379237E-002  0.44222611E+000  0.12897714E+001
 -0.52013226E-001  0.47377439E-002  0.44221130E+000  0.12897570E+001
 -0.52011616E-001  0.47375804E-002  0.44219702E+000  0.12897428E+001
 -0.52010079E-001  0.47374323E-002  0.44218328E+000  0.12897287E+001
 -0.52008611E-001  0.47372985E-002  0.44217007E+000  0.12897147E+001
 -0.52007211E-001  0.47371783E-002  0.44215739E+000  0.12897009E+001
 -0.52005878E-001  0.47370706E-002  0.44214524E+000  0.12896873E+001
 -0.52004610E-001  0.47369746E-002  0.44213362E+000  0.12896740E+001
 -0.52003404E-001  0.47368895E-002  0.44212250E+000  0.12896608E+001
 -0.52002260E-001  0.47368145E-002  0.44211190E+000  0.12896479E+001
 -0.52001174E-001  0.47367486E-002  0.44210178E+000  0.12896353E+001
 -0.52000145E-001  0.47366913E-002  0.44209215E+000  0.12896229E+001
 -0.51999171E-001  0.47366417E-002  0.44208299E+000  0.12896108E+001
 -0.51998249E-001  0.47365993E-002  0.44207428E+000  0.12895989E+001
 -0.51997378E-001  0.47365633E-002  0.44206602E+000  0.12895873E+001
 -0.51996556E-001  0.47365331E-002  0.44205819E+000  0.12895760E+001
 -0.51995780E-001  0.47365082E-002  0.44205077E+000  0.12895650E+001
 -0.51995048E-001  0.47364881E-002  0.44204375E+000  0.12895543E+001
 -0.51994359E-001  0.47364722E-002  0.44203711E+000  0.12895439E+001
 -0.51993710E-001  0.47364601E-002  0.44203084E+000  0.12895337E+001
 -0.51993099E-001  0.47364514E-002  0.44202492E+000  0.12895239E+001
 -0.51992525E-001  0.47364456E-002  0.44201935E+000  0.12895144E+001
 -0.51991985E-001  0.47364425E-002  0.44201409E+000  0.12895051E+001
 -0.51991479E-001  0.47364416E-002  0.44200914E+000  0.12894962E+001
 -0.51991003E-001  0.47364427E-002  0.44200448E+000  0.12894875E+001
 -0.51990556E-001  0.47364455E-002  0.44200010E+000  0.12894792E+001
 -0.51990136E-001  0.47364497E-002  0.44199599E+000  0.12894711E+001
 -0.51989743E-001  0.47364551E-002  0.44199213E+000  0.12894633E+001
 -0.51989374E-001  0.47364615E-002  0.44198850E+000  0.12894558E+001
 -0.51989028E-001  0.47364687E-002  0.44198510E+000  0.12894486E+001
 -0.51988704E-001  0.47364765E-002  0.44198191E+000  0.12894417E+001
 -0.51988399E-001  0.47364847E-002  0.44197891E+000  0.12894350E+001
 -0.51988114E-001  0.47364932E-002  0.44197611E+000  0.12894286E+001
 -0.51987846E-001  0.47365020E-002  0.44197348E+000  0.12894225E+001
 -0.51987594E-001  0.47365108E-002  0.44197102E+000  0.12894166E+001
 -0.51987358E-001  0.47365196E-002  0.44196872E+000  0.12894110E+001
 -0.51987136E-001  0.47365282E-002  0.44196656E+000  0.12894056E+001
 -0.51986927E-001  0.47365367E-002  0.44196454E+000  0.12894005E+001
 -0.51986731E-001  0.47365449E-002  0.44196264E+000  0.12893956E+001
 -0.51986546E-001  0.47365528E-002  0.44196087E+000  0.12893909E+001
 -0.51986371E-001  0.47365603E-002  0.44195920E+000  0.12893865E+001
 -0.51986207E-001  0.47365675E-002  0.44195764E+000  0.12893822E+001
 -0.51986051E-001  0.47365742E-002  0.44195618E+000  0.12893782E+001
 -0.51985904E-001  0.47365804E-002  0.44195480E+000  0.12893744E+001
 -0.51985764E-001  0.47365862E-002  0.44195351E+000  0.12893708E+001
 -0.51985632E-001  0.47365914E-002  0.44195230E+000  0.12893674E+001
 -0.51985506E-001  0.47365962E-002  0.44195115E+000  0.12893641E+001
 -0.51985386E-001  0.47366004E-002  0.44195008E+000  0.12893610E+001
 -0.51985272E-001  0.47366041E-002  0.44194906E+000  0.12893581E+001
 -0.51985163E-001  0.47366072E-002  0.44194810E+000  0.12893554E+001
 -0.51985058E-001  0.47366099E-002  0.44194720E+000  0.12893528E+001
 -0.51984958E-001  0.47366120E-002  0.44194634E+000  0.12893503E+001
 -0.51984862E-001  0.47366136E-002  0.44194553E+000  0.12893480E+001
 -0.51984770E-001  0.47366146E-002  0.44194475E+000  0.12893459E+001
 -0.51984681E-001  0.47366152E-002  0.44194402E+000  0.12893438E+001
 -0.51984595E-001  0.47366152E-002  0.44194332E+000  0.12893419E+001
 -0.51984512E-001  0.47366147E-002  0.44194265E+000  0.12893401E+001
 -0.51984431E-001  0.47366137E-002  0.44194201E+000  0.12893384E+001
 -0.51984352E-001  0.47366122E-002  0.44194139E+000  0.12893369E+001
 -0.51984276E-001  0.47366101E-002  0.44194080E+000  0.12893354E+001
 -0.51984202E-001  0.47366076E-002  0.44194023E+000  0.12893340E+001
 -0.51984129E-001  0.47366045E-002  0.44193968E+000  0.12893327E+001
 -0.51984057E-001  0.47366008E-002  0.44193914E+000  0.12893315E+001
 -0.51983986E-001  0.47365967E-002  0.44193862E+000  0.12893304E+001
 -0.51983916E-001  0.47365920E-002  0.44193812E+000  0.12893294E+001
 -0.51983846E-001  0.47365868E-002  0.44193762E+000  0.12893285E+001
 -0.51983776E-001  0.47365811E-002  0.44193714E+000  0.12893277E+001
 -0.51983704E-001  0.47365750E-002  0.44193667E+000  0.12893270E+001
 -0.51983632E-001  0.47365687E-002  0.44193622E+000  0.12893265E+001
 -0.51983557E-001  0.47365622E-002  0.44193579E+000  0.12893260E+001
 -0.51983478E-001  0.47365558E-002  0.44193538E+000  0.12893258E+001
 -0.51983394E-001  0.47365499E-002  0.44193502E+000  0.12893257E+001
 -0.51983300E-001  0.47365454E-002  0.44193472E+000  0.12893258E+001
 -0.51983190E-001  0.47365439E-002  0.44193458E+000  0.12893262E+001
