 -0.16986735E-001
 -0.17021239E-001
 -0.17046937E-001
 -0.17065705E-001
 -0.17079032E-001
 -0.17088124E-001
 -0.17093944E-001
 -0.17097261E-001
 -0.17098684E-001
 -0.17098699E-001
 -0.17097686E-001
 -0.17095947E-001
 -0.17093713E-001
 -0.17091166E-001
 -0.17088443E-001
 -0.17085649E-001
 -0.17082861E-001
 -0.17080138E-001
 -0.17077520E-001
 -0.17075033E-001
 -0.17072696E-001
 -0.17070518E-001
 -0.17068502E-001
 -0.17066648E-001
 -0.17064950E-001
 -0.17063402E-001
 -0.17061994E-001
 -0.17060717E-001
 -0.17059560E-001
 -0.17058511E-001
 -0.17057559E-001
 -0.17056692E-001
 -0.17055901E-001
 -0.17055174E-001
 -0.17054503E-001
 -0.17053877E-001
 -0.17053288E-001
 -0.17052729E-001
 -0.17052194E-001
 -0.17051676E-001
 -0.17051172E-001
 -0.17050675E-001
 -0.17050184E-001
 -0.17049695E-001
 -0.17049205E-001
 -0.17048713E-001
 -0.17048216E-001
 -0.17047714E-001
 -0.17047205E-001
 -0.17046689E-001
 -0.17046164E-001
 -0.17045629E-001
 -0.17045085E-001
 -0.17044529E-001
 -0.17043962E-001
 -0.17043383E-001
 -0.17042790E-001
 -0.17042184E-001
 -0.17041564E-001
 -0.17040929E-001
 -0.17040279E-001
 -0.17039614E-001
 -0.17038934E-001
 -0.17038239E-001
 -0.17037529E-001
 -0.17036805E-001
 -0.17036067E-001
 -0.17035315E-001
 -0.17034551E-001
 -0.17033776E-001
 -0.17032989E-001
 -0.17032193E-001
 -0.17031388E-001
 -0.17030576E-001
 -0.17029757E-001
 -0.17028933E-001
 -0.17028104E-001
 -0.17027273E-001
 -0.17026439E-001
 -0.17025605E-001
 -0.17024771E-001
 -0.17023939E-001
 -0.17023109E-001
 -0.17022282E-001
 -0.17021460E-001
 -0.17020643E-001
 -0.17019832E-001
 -0.17019029E-001
 -0.17018233E-001
 -0.17017446E-001
 -0.17016668E-001
 -0.17015899E-001
 -0.17015141E-001
 -0.17014394E-001
 -0.17013657E-001
 -0.17012932E-001
 -0.17012219E-001
 -0.17011517E-001
 -0.17010828E-001
 -0.17010151E-001
 -0.17009486E-001
 -0.17008833E-001
 -0.17008193E-001
 -0.17007565E-001
 -0.17006949E-001
 -0.17006345E-001
 -0.17005754E-001
 -0.17005174E-001
 -0.17004607E-001
 -0.17004051E-001
 -0.17003506E-001
 -0.17002974E-001
 -0.17002452E-001
 -0.17001942E-001
 -0.17001443E-001
 -0.17000955E-001
 -0.17000478E-001
 -0.17000012E-001
 -0.16999556E-001
 -0.16999112E-001
 -0.16998678E-001
 -0.16998254E-001
 -0.16997841E-001
 -0.16997438E-001
 -0.16997046E-001
 -0.16996664E-001
 -0.16996293E-001
 -0.16995931E-001
 -0.16995580E-001
 -0.16995239E-001
 -0.16994908E-001
 -0.16994587E-001
 -0.16994276E-001
 -0.16993974E-001
 -0.16993683E-001
 -0.16993401E-001
 -0.16993128E-001
 -0.16992864E-001
 -0.16992610E-001
 -0.16992365E-001
 -0.16992129E-001
 -0.16991901E-001
 -0.16991682E-001
 -0.16991471E-001
 -0.16991269E-001
 -0.16991074E-001
 -0.16990887E-001
 -0.16990708E-001
 -0.16990536E-001
 -0.16990371E-001
 -0.16990213E-001
 -0.16990062E-001
 -0.16989917E-001
 -0.16989778E-001
 -0.16989646E-001
 -0.16989519E-001
 -0.16989398E-001
 -0.16989282E-001
 -0.16989171E-001
 -0.16989066E-001
 -0.16988965E-001
 -0.16988869E-001
 -0.16988777E-001
 -0.16988689E-001
 -0.16988605E-001
 -0.16988525E-001
 -0.16988449E-001
 -0.16988376E-001
 -0.16988306E-001
 -0.16988239E-001
 -0.16988176E-001
 -0.16988115E-001
 -0.16988057E-001
 -0.16988001E-001
 -0.16987948E-001
 -0.16987898E-001
 -0.16987849E-001
 -0.16987802E-001
 -0.16987758E-001
 -0.16987715E-001
 -0.16987674E-001
 -0.16987635E-001
 -0.16987597E-001
 -0.16987561E-001
 -0.16987526E-001
 -0.16987493E-001
 -0.16987461E-001
 -0.16987430E-001
 -0.16987400E-001
 -0.16987371E-001
 -0.16987343E-001
 -0.16987316E-001
 -0.16987289E-001
 -0.16987263E-001
 -0.16987237E-001
 -0.16987211E-001
 -0.16987185E-001
 -0.16987157E-001
 -0.16987126E-001
 -0.16987090E-001
