  0.43798579E+000
  0.43727505E+000
  0.43670708E+000
  0.43624715E+000
  0.43587484E+000
  0.43557565E+000
  0.43533784E+000
  0.43515162E+000
  0.43500878E+000
  0.43490239E+000
  0.43482658E+000
  0.43477642E+000
  0.43474777E+000
  0.43473712E+000
  0.43474154E+000
  0.43475853E+000
  0.43478599E+000
  0.43482216E+000
  0.43486555E+000
  0.43491488E+000
  0.43496909E+000
  0.43502728E+000
  0.43508866E+000
  0.43515258E+000
  0.43521847E+000
  0.43528584E+000
  0.43535427E+000
  0.43542339E+000
  0.43549287E+000
  0.43556244E+000
  0.43563184E+000
  0.43570085E+000
  0.43576927E+000
  0.43583694E+000
  0.43590371E+000
  0.43596944E+000
  0.43603403E+000
  0.43609739E+000
  0.43615945E+000
  0.43622017E+000
  0.43627950E+000
  0.43633745E+000
  0.43639402E+000
  0.43644924E+000
  0.43650316E+000
  0.43655584E+000
  0.43660736E+000
  0.43665781E+000
  0.43670729E+000
  0.43675592E+000
  0.43680379E+000
  0.43685103E+000
  0.43689775E+000
  0.43694405E+000
  0.43699003E+000
  0.43703576E+000
  0.43708132E+000
  0.43712677E+000
  0.43717213E+000
  0.43721743E+000
  0.43726268E+000
  0.43730785E+000
  0.43735293E+000
  0.43739788E+000
  0.43744263E+000
  0.43748713E+000
  0.43753130E+000
  0.43757506E+000
  0.43761833E+000
  0.43766102E+000
  0.43770303E+000
  0.43774427E+000
  0.43778464E+000
  0.43782406E+000
  0.43786243E+000
  0.43789967E+000
  0.43793569E+000
  0.43797041E+000
  0.43800377E+000
  0.43803570E+000
  0.43806613E+000
  0.43809503E+000
  0.43812234E+000
  0.43814802E+000
  0.43817206E+000
  0.43819444E+000
  0.43821513E+000
  0.43823415E+000
  0.43825149E+000
  0.43826717E+000
  0.43828122E+000
  0.43829367E+000
  0.43830454E+000
  0.43831390E+000
  0.43832177E+000
  0.43832823E+000
  0.43833332E+000
  0.43833711E+000
  0.43833967E+000
  0.43834107E+000
  0.43834137E+000
  0.43834066E+000
  0.43833900E+000
  0.43833647E+000
  0.43833314E+000
  0.43832908E+000
  0.43832436E+000
  0.43831906E+000
  0.43831323E+000
  0.43830695E+000
  0.43830028E+000
  0.43829326E+000
  0.43828596E+000
  0.43827842E+000
  0.43827071E+000
  0.43826285E+000
  0.43825489E+000
  0.43824686E+000
  0.43823881E+000
  0.43823076E+000
  0.43822273E+000
  0.43821476E+000
  0.43820687E+000
  0.43819907E+000
  0.43819137E+000
  0.43818381E+000
  0.43817638E+000
  0.43816910E+000
  0.43816198E+000
  0.43815502E+000
  0.43814823E+000
  0.43814162E+000
  0.43813518E+000
  0.43812892E+000
  0.43812285E+000
  0.43811696E+000
  0.43811125E+000
  0.43810572E+000
  0.43810038E+000
  0.43809521E+000
  0.43809022E+000
  0.43808541E+000
  0.43808077E+000
  0.43807631E+000
  0.43807200E+000
  0.43806787E+000
  0.43806389E+000
  0.43806008E+000
  0.43805641E+000
  0.43805290E+000
  0.43804953E+000
  0.43804631E+000
  0.43804322E+000
  0.43804027E+000
  0.43803745E+000
  0.43803476E+000
  0.43803219E+000
  0.43802974E+000
  0.43802740E+000
  0.43802518E+000
  0.43802306E+000
  0.43802104E+000
  0.43801913E+000
  0.43801730E+000
  0.43801557E+000
  0.43801393E+000
  0.43801237E+000
  0.43801090E+000
  0.43800950E+000
  0.43800817E+000
  0.43800692E+000
  0.43800573E+000
  0.43800460E+000
  0.43800354E+000
  0.43800254E+000
  0.43800159E+000
  0.43800069E+000
  0.43799985E+000
  0.43799905E+000
  0.43799829E+000
  0.43799758E+000
  0.43799691E+000
  0.43799627E+000
  0.43799568E+000
  0.43799511E+000
  0.43799458E+000
  0.43799408E+000
  0.43799361E+000
  0.43799317E+000
  0.43799275E+000
  0.43799236E+000
  0.43799200E+000
  0.43799167E+000
  0.43799137E+000
  0.43799110E+000
  0.43799088E+000
  0.43799070E+000
  0.43799059E+000
  0.43799054E+000
  0.43799060E+000
