  0.12939235E+001
  0.12933811E+001
  0.12929848E+001
  0.12926581E+001
  0.12923818E+001
  0.12921470E+001
  0.12919470E+001
  0.12917761E+001
  0.12916299E+001
  0.12915045E+001
  0.12913965E+001
  0.12913033E+001
  0.12912226E+001
  0.12911523E+001
  0.12910909E+001
  0.12910370E+001
  0.12909894E+001
  0.12909471E+001
  0.12909093E+001
  0.12908751E+001
  0.12908441E+001
  0.12908156E+001
  0.12907892E+001
  0.12907646E+001
  0.12907413E+001
  0.12907191E+001
  0.12906976E+001
  0.12906768E+001
  0.12906564E+001
  0.12906362E+001
  0.12906161E+001
  0.12905959E+001
  0.12905755E+001
  0.12905549E+001
  0.12905339E+001
  0.12905125E+001
  0.12904906E+001
  0.12904681E+001
  0.12904451E+001
  0.12904214E+001
  0.12903970E+001
  0.12903720E+001
  0.12903464E+001
  0.12903200E+001
  0.12902930E+001
  0.12902654E+001
  0.12902371E+001
  0.12902083E+001
  0.12901789E+001
  0.12901489E+001
  0.12901186E+001
  0.12900879E+001
  0.12900568E+001
  0.12900255E+001
  0.12899940E+001
  0.12899624E+001
  0.12899308E+001
  0.12898992E+001
  0.12898678E+001
  0.12898367E+001
  0.12898058E+001
  0.12897754E+001
  0.12897455E+001
  0.12897161E+001
  0.12896875E+001
  0.12896595E+001
  0.12896325E+001
  0.12896063E+001
  0.12895812E+001
  0.12895571E+001
  0.12895341E+001
  0.12895124E+001
  0.12894919E+001
  0.12894728E+001
  0.12894551E+001
  0.12894387E+001
  0.12894239E+001
  0.12894105E+001
  0.12893987E+001
  0.12893884E+001
  0.12893796E+001
  0.12893724E+001
  0.12893668E+001
  0.12893628E+001
  0.12893603E+001
  0.12893593E+001
  0.12893598E+001
  0.12893618E+001
  0.12893652E+001
  0.12893700E+001
  0.12893761E+001
  0.12893836E+001
  0.12893922E+001
  0.12894021E+001
  0.12894131E+001
  0.12894251E+001
  0.12894381E+001
  0.12894521E+001
  0.12894669E+001
  0.12894825E+001
  0.12894989E+001
  0.12895160E+001
  0.12895337E+001
  0.12895520E+001
  0.12895708E+001
  0.12895901E+001
  0.12896098E+001
  0.12896299E+001
  0.12896503E+001
  0.12896711E+001
  0.12896921E+001
  0.12897133E+001
  0.12897347E+001
  0.12897563E+001
  0.12897781E+001
  0.12898000E+001
  0.12898221E+001
  0.12898443E+001
  0.12898665E+001
  0.12898889E+001
  0.12899113E+001
  0.12899338E+001
  0.12899564E+001
  0.12899791E+001
  0.12900018E+001
  0.12900246E+001
  0.12900475E+001
  0.12900705E+001
  0.12900935E+001
  0.12901166E+001
  0.12901398E+001
  0.12901631E+001
  0.12901865E+001
  0.12902099E+001
  0.12902335E+001
  0.12902571E+001
  0.12902809E+001
  0.12903047E+001
  0.12903287E+001
  0.12903527E+001
  0.12903769E+001
  0.12904012E+001
  0.12904255E+001
  0.12904500E+001
  0.12904745E+001
  0.12904992E+001
  0.12905239E+001
  0.12905488E+001
  0.12905737E+001
  0.12905987E+001
  0.12906238E+001
  0.12906489E+001
  0.12906741E+001
  0.12906994E+001
  0.12907247E+001
  0.12907501E+001
  0.12907754E+001
  0.12908008E+001
  0.12908263E+001
  0.12908517E+001
  0.12908771E+001
  0.12909025E+001
  0.12909278E+001
  0.12909532E+001
  0.12909784E+001
  0.12910036E+001
  0.12910288E+001
  0.12910538E+001
  0.12910788E+001
  0.12911036E+001
  0.12911283E+001
  0.12911529E+001
  0.12911774E+001
  0.12912017E+001
  0.12912258E+001
  0.12912498E+001
  0.12912735E+001
  0.12912971E+001
  0.12913205E+001
  0.12913436E+001
  0.12913665E+001
  0.12913892E+001
  0.12914116E+001
  0.12914338E+001
  0.12914557E+001
  0.12914774E+001
  0.12914987E+001
  0.12915198E+001
  0.12915406E+001
  0.12915611E+001
  0.12915813E+001
  0.12916012E+001
  0.12916208E+001
  0.12916401E+001
  0.12916591E+001
  0.12916777E+001
  0.12916961E+001
  0.12917141E+001
  0.12917319E+001
  0.12917496E+001
