  0.30490189E+001
  0.30875925E+001
  0.30864289E+001
  0.30814410E+001
  0.30766547E+001
  0.30725062E+001
  0.30689790E+001
  0.30659925E+001
  0.30634393E+001
  0.30612650E+001
  0.30594186E+001
  0.30578499E+001
  0.30565160E+001
  0.30553810E+001
  0.30544145E+001
  0.30535910E+001
  0.30528891E+001
  0.30522905E+001
  0.30517797E+001
  0.30513435E+001
  0.30509707E+001
  0.30506517E+001
  0.30503781E+001
  0.30501431E+001
  0.30499404E+001
  0.30497649E+001
  0.30496122E+001
  0.30494783E+001
  0.30493601E+001
  0.30492546E+001
  0.30491596E+001
  0.30490729E+001
  0.30489928E+001
  0.30489180E+001
  0.30488472E+001
  0.30487798E+001
  0.30487148E+001
  0.30486518E+001
  0.30485903E+001
  0.30485301E+001
  0.30484712E+001
  0.30484134E+001
  0.30483568E+001
  0.30483016E+001
  0.30482478E+001
  0.30481956E+001
  0.30481450E+001
  0.30480962E+001
  0.30480492E+001
  0.30480039E+001
  0.30479606E+001
  0.30479190E+001
  0.30478791E+001
  0.30478407E+001
  0.30478036E+001
  0.30477675E+001
  0.30477322E+001
  0.30476973E+001
  0.30476626E+001
  0.30476277E+001
  0.30475924E+001
  0.30475564E+001
  0.30475193E+001
  0.30474810E+001
  0.30474410E+001
  0.30473992E+001
  0.30473552E+001
  0.30473088E+001
  0.30472595E+001
  0.30472071E+001
  0.30471509E+001
  0.30470886E+001
  0.30470206E+001
  0.30469498E+001
  0.30468762E+001
  0.30467997E+001
  0.30467202E+001
  0.30466378E+001
  0.30465522E+001
  0.30464636E+001
  0.30463720E+001
  0.30462773E+001
  0.30461796E+001
  0.30460790E+001
  0.30459757E+001
  0.30458698E+001
  0.30457614E+001
  0.30456508E+001
  0.30455381E+001
  0.30454235E+001
  0.30453073E+001
  0.30451897E+001
  0.30450710E+001
  0.30449514E+001
  0.30448313E+001
  0.30447108E+001
  0.30445903E+001
  0.30444701E+001
  0.30443504E+001
  0.30442314E+001
  0.30441134E+001
  0.30439968E+001
  0.30438816E+001
  0.30437682E+001
  0.30436568E+001
  0.30435475E+001
  0.30434406E+001
  0.30433362E+001
  0.30432344E+001
  0.30431355E+001
  0.30430396E+001
  0.30429467E+001
  0.30428570E+001
  0.30427706E+001
  0.30426875E+001
  0.30426078E+001
  0.30425316E+001
  0.30424590E+001
  0.30423898E+001
  0.30423243E+001
  0.30422623E+001
  0.30422039E+001
  0.30421491E+001
  0.30420979E+001
  0.30420503E+001
  0.30420062E+001
  0.30419657E+001
  0.30419286E+001
  0.30418950E+001
  0.30418648E+001
  0.30418380E+001
  0.30418145E+001
  0.30417943E+001
  0.30417773E+001
  0.30417634E+001
  0.30417527E+001
  0.30417449E+001
  0.30417401E+001
  0.30417382E+001
  0.30417391E+001
  0.30417427E+001
  0.30417490E+001
  0.30417579E+001
  0.30417693E+001
  0.30417831E+001
  0.30417992E+001
  0.30418176E+001
  0.30418381E+001
  0.30418608E+001
  0.30418854E+001
  0.30419120E+001
  0.30419404E+001
  0.30419705E+001
  0.30420023E+001
  0.30420357E+001
  0.30420705E+001
  0.30421068E+001
  0.30421444E+001
  0.30421832E+001
  0.30422232E+001
  0.30422642E+001
  0.30423063E+001
  0.30423492E+001
  0.30423930E+001
  0.30424376E+001
  0.30424829E+001
  0.30425287E+001
  0.30425752E+001
  0.30426221E+001
  0.30426694E+001
  0.30427170E+001
  0.30427650E+001
  0.30428131E+001
  0.30428614E+001
  0.30429099E+001
  0.30429583E+001
  0.30430068E+001
  0.30430552E+001
  0.30431035E+001
  0.30431516E+001
  0.30431996E+001
  0.30432473E+001
  0.30432947E+001
  0.30433418E+001
  0.30433886E+001
  0.30434349E+001
  0.30434809E+001
  0.30435263E+001
  0.30435713E+001
  0.30436158E+001
  0.30436597E+001
  0.30437030E+001
  0.30437457E+001
  0.30437878E+001
  0.30438292E+001
  0.30438698E+001
  0.30439095E+001
  0.30439484E+001
  0.30439859E+001
  0.30440219E+001
