  0.73639870E+000
  0.73578392E+000
  0.73540470E+000
  0.73516201E+000
  0.73500299E+000
  0.73489670E+000
  0.73482422E+000
  0.73477371E+000
  0.73473760E+000
  0.73471096E+000
  0.73469067E+000
  0.73467455E+000
  0.73466117E+000
  0.73464970E+000
  0.73463966E+000
  0.73463074E+000
  0.73462277E+000
  0.73461565E+000
  0.73460934E+000
  0.73460381E+000
  0.73459904E+000
  0.73459499E+000
  0.73459164E+000
  0.73458895E+000
  0.73458687E+000
  0.73458535E+000
  0.73458433E+000
  0.73458375E+000
  0.73458355E+000
  0.73458367E+000
  0.73458404E+000
  0.73458460E+000
  0.73458530E+000
  0.73458609E+000
  0.73458693E+000
  0.73458776E+000
  0.73458849E+000
  0.73458913E+000
  0.73458970E+000
  0.73459020E+000
  0.73459065E+000
  0.73459105E+000
  0.73459142E+000
  0.73459179E+000
  0.73459216E+000
  0.73459257E+000
  0.73459302E+000
  0.73459354E+000
  0.73459416E+000
  0.73459487E+000
  0.73459571E+000
  0.73459669E+000
  0.73459782E+000
  0.73459910E+000
  0.73460055E+000
  0.73460217E+000
  0.73460396E+000
  0.73460592E+000
  0.73460805E+000
  0.73461034E+000
  0.73461273E+000
  0.73461525E+000
  0.73461792E+000
  0.73462072E+000
  0.73462365E+000
  0.73462670E+000
  0.73462986E+000
  0.73463314E+000
  0.73463650E+000
  0.73463996E+000
  0.73464349E+000
  0.73464710E+000
  0.73465077E+000
  0.73465450E+000
  0.73465827E+000
  0.73466208E+000
  0.73466593E+000
  0.73466980E+000
  0.73467369E+000
  0.73467760E+000
  0.73468151E+000
  0.73468543E+000
  0.73468934E+000
  0.73469324E+000
  0.73469714E+000
  0.73470101E+000
  0.73470487E+000
  0.73470871E+000
  0.73471253E+000
  0.73471632E+000
  0.73472009E+000
  0.73472383E+000
  0.73472754E+000
  0.73473123E+000
  0.73473489E+000
  0.73473852E+000
  0.73474212E+000
  0.73474569E+000
  0.73474924E+000
  0.73475276E+000
  0.73475625E+000
  0.73475971E+000
  0.73476314E+000
  0.73476655E+000
  0.73476992E+000
  0.73477327E+000
  0.73477658E+000
  0.73477986E+000
  0.73478311E+000
  0.73478632E+000
  0.73478949E+000
  0.73479263E+000
  0.73479572E+000
  0.73479877E+000
  0.73480177E+000
  0.73480472E+000
  0.73480762E+000
  0.73481047E+000
  0.73481326E+000
  0.73481600E+000
  0.73481867E+000
  0.73482127E+000
  0.73482382E+000
  0.73482629E+000
  0.73482869E+000
  0.73483103E+000
  0.73483329E+000
  0.73483548E+000
  0.73483759E+000
  0.73483962E+000
  0.73484158E+000
  0.73484347E+000
  0.73484527E+000
  0.73484700E+000
  0.73484866E+000
  0.73485023E+000
  0.73485174E+000
  0.73485317E+000
  0.73485453E+000
  0.73485581E+000
  0.73485703E+000
  0.73485818E+000
  0.73485927E+000
  0.73486029E+000
  0.73486125E+000
  0.73486215E+000
  0.73486299E+000
  0.73486377E+000
  0.73486451E+000
  0.73486519E+000
  0.73486582E+000
  0.73486641E+000
  0.73486695E+000
  0.73486745E+000
  0.73486792E+000
  0.73486834E+000
  0.73486873E+000
  0.73486909E+000
  0.73486941E+000
  0.73486971E+000
  0.73486998E+000
  0.73487022E+000
  0.73487044E+000
  0.73487064E+000
  0.73487082E+000
  0.73487098E+000
  0.73487112E+000
  0.73487125E+000
  0.73487136E+000
  0.73487146E+000
  0.73487155E+000
  0.73487163E+000
  0.73487169E+000
  0.73487175E+000
  0.73487180E+000
  0.73487185E+000
  0.73487188E+000
  0.73487192E+000
  0.73487194E+000
  0.73487197E+000
  0.73487199E+000
  0.73487200E+000
  0.73487202E+000
  0.73487203E+000
  0.73487204E+000
  0.73487205E+000
  0.73487206E+000
  0.73487207E+000
  0.73487208E+000
  0.73487209E+000
  0.73487210E+000
  0.73487211E+000
  0.73487212E+000
  0.73487213E+000
  0.73487215E+000
  0.73487217E+000
  0.73487219E+000
  0.73487222E+000
  0.73487224E+000
  0.73487245E+000
