  0.77823214E+000  0.89346341E+000  0.10997745E+001  0.24042242E+001
  0.77820352E+000  0.89440116E+000  0.10984842E+001  0.24024357E+001
  0.77816465E+000  0.89448140E+000  0.10982320E+001  0.24010616E+001
  0.77813045E+000  0.89445335E+000  0.10981289E+001  0.23999201E+001
  0.77810250E+000  0.89440969E+000  0.10980615E+001  0.23989539E+001
  0.77808021E+000  0.89436263E+000  0.10980130E+001  0.23981326E+001
  0.77806274E+000  0.89431415E+000  0.10979794E+001  0.23974321E+001
  0.77804926E+000  0.89426458E+000  0.10979582E+001  0.23968328E+001
  0.77803911E+000  0.89421463E+000  0.10979474E+001  0.23963188E+001
  0.77803170E+000  0.89416475E+000  0.10979450E+001  0.23958766E+001
  0.77802655E+000  0.89411548E+000  0.10979493E+001  0.23954951E+001
  0.77802328E+000  0.89406742E+000  0.10979584E+001  0.23951645E+001
  0.77802157E+000  0.89402113E+000  0.10979708E+001  0.23948771E+001
  0.77802114E+000  0.89397709E+000  0.10979853E+001  0.23946260E+001
  0.77802178E+000  0.89393564E+000  0.10980009E+001  0.23944057E+001
  0.77802331E+000  0.89389705E+000  0.10980167E+001  0.23942114E+001
  0.77802558E+000  0.89386143E+000  0.10980322E+001  0.23940388E+001
  0.77802846E+000  0.89382883E+000  0.10980469E+001  0.23938846E+001
  0.77803184E+000  0.89379920E+000  0.10980606E+001  0.23937458E+001
  0.77803565E+000  0.89377243E+000  0.10980730E+001  0.23936199E+001
  0.77803979E+000  0.89374836E+000  0.10980840E+001  0.23935046E+001
  0.77804420E+000  0.89372682E+000  0.10980936E+001  0.23933981E+001
  0.77804884E+000  0.89370760E+000  0.10981020E+001  0.23932989E+001
  0.77805364E+000  0.89369049E+000  0.10981091E+001  0.23932054E+001
  0.77805856E+000  0.89367527E+000  0.10981150E+001  0.23931166E+001
  0.77806358E+000  0.89366173E+000  0.10981200E+001  0.23930313E+001
  0.77806865E+000  0.89364967E+000  0.10981240E+001  0.23929485E+001
  0.77807374E+000  0.89363891E+000  0.10981274E+001  0.23928676E+001
  0.77807882E+000  0.89362926E+000  0.10981302E+001  0.23927877E+001
  0.77808388E+000  0.89362056E+000  0.10981325E+001  0.23927082E+001
  0.77808887E+000  0.89361266E+000  0.10981345E+001  0.23926286E+001
  0.77809379E+000  0.89360543E+000  0.10981363E+001  0.23925483E+001
  0.77809860E+000  0.89359874E+000  0.10981380E+001  0.23924671E+001
  0.77810328E+000  0.89359247E+000  0.10981398E+001  0.23923844E+001
  0.77810782E+000  0.89358652E+000  0.10981416E+001  0.23923001E+001
  0.77811219E+000  0.89358080E+000  0.10981435E+001  0.23922138E+001
  0.77811636E+000  0.89357521E+000  0.10981457E+001  0.23921253E+001
  0.77812033E+000  0.89356970E+000  0.10981481E+001  0.23920346E+001
  0.77812405E+000  0.89356417E+000  0.10981508E+001  0.23919415E+001
  0.77812753E+000  0.89355858E+000  0.10981537E+001  0.23918459E+001
  0.77813073E+000  0.89355285E+000  0.10981570E+001  0.23917479E+001
  0.77813365E+000  0.89354695E+000  0.10981605E+001  0.23916474E+001
  0.77813625E+000  0.89354083E+000  0.10981642E+001  0.23915445E+001
  0.77813853E+000  0.89353444E+000  0.10981682E+001  0.23914392E+001
  0.77814046E+000  0.89352775E+000  0.10981724E+001  0.23913318E+001
  0.77814204E+000  0.89352073E+000  0.10981768E+001  0.23912223E+001
  0.77814325E+000  0.89351336E+000  0.10981813E+001  0.23911108E+001
  0.77814409E+000  0.89350562E+000  0.10981859E+001  0.23909977E+001
  0.77814453E+000  0.89349750E+000  0.10981907E+001  0.23908830E+001
  0.77814458E+000  0.89348900E+000  0.10981954E+001  0.23907671E+001
  0.77814423E+000  0.89348011E+000  0.10982002E+001  0.23906501E+001
  0.77814347E+000  0.89347084E+000  0.10982050E+001  0.23905324E+001
  0.77814230E+000  0.89346121E+000  0.10982098E+001  0.23904142E+001
  0.77814073E+000  0.89345122E+000  0.10982145E+001  0.23902958E+001
  0.77813876E+000  0.89344090E+000  0.10982191E+001  0.23901775E+001
  0.77813638E+000  0.89343028E+000  0.10982236E+001  0.23900596E+001
  0.77813360E+000  0.89341939E+000  0.10982279E+001  0.23899425E+001
  0.77813044E+000  0.89340824E+000  0.10982321E+001  0.23898264E+001
  0.77812690E+000  0.89339689E+000  0.10982361E+001  0.23897117E+001
  0.77812298E+000  0.89338535E+000  0.10982398E+001  0.23895988E+001
  0.77811871E+000  0.89337367E+000  0.10982433E+001  0.23894879E+001
  0.77811409E+000  0.89336187E+000  0.10982466E+001  0.23893793E+001
  0.77810915E+000  0.89334999E+000  0.10982495E+001  0.23892735E+001
  0.77810389E+000  0.89333806E+000  0.10982521E+001  0.23891707E+001
  0.77809834E+000  0.89332611E+000  0.10982544E+001  0.23890712E+001
  0.77809251E+000  0.89331417E+000  0.10982563E+001  0.23889754E+001
  0.77808644E+000  0.89330227E+000  0.10982579E+001  0.23888836E+001
  0.77808013E+000  0.89329043E+000  0.10982590E+001  0.23887960E+001
  0.77807362E+000  0.89327867E+000  0.10982597E+001  0.23887129E+001
  0.77806694E+000  0.89326703E+000  0.10982601E+001  0.23886346E+001
  0.77806009E+000  0.89325551E+000  0.10982599E+001  0.23885613E+001
  0.77805312E+000  0.89324414E+000  0.10982594E+001  0.23884933E+001
  0.77804605E+000  0.89323294E+000  0.10982583E+001  0.23884307E+001
  0.77803891E+000  0.89322194E+000  0.10982569E+001  0.23883739E+001
  0.77803172E+000  0.89321114E+000  0.10982549E+001  0.23883228E+001
  0.77802451E+000  0.89320056E+000  0.10982525E+001  0.23882777E+001
  0.77801732E+000  0.89319024E+000  0.10982495E+001  0.23882387E+001
  0.77801017E+000  0.89318017E+000  0.10982461E+001  0.23882058E+001
  0.77800309E+000  0.89317039E+000  0.10982423E+001  0.23881792E+001
  0.77799609E+000  0.89316092E+000  0.10982379E+001  0.23881588E+001
  0.77798922E+000  0.89315176E+000  0.10982331E+001  0.23881447E+001
  0.77798250E+000  0.89314295E+000  0.10982278E+001  0.23881368E+001
  0.77797594E+000  0.89313451E+000  0.10982221E+001  0.23881351E+001
  0.77796957E+000  0.89312644E+000  0.10982160E+001  0.23881394E+001
  0.77796341E+000  0.89311878E+000  0.10982094E+001  0.23881498E+001
  0.77795748E+000  0.89311154E+000  0.10982024E+001  0.23881661E+001
  0.77795181E+000  0.89310475E+000  0.10981950E+001  0.23881880E+001
  0.77794639E+000  0.89309841E+000  0.10981872E+001  0.23882155E+001
  0.77794125E+000  0.89309254E+000  0.10981791E+001  0.23882482E+001
  0.77793641E+000  0.89308716E+000  0.10981706E+001  0.23882861E+001
  0.77793186E+000  0.89308228E+000  0.10981619E+001  0.23883289E+001
  0.77792761E+000  0.89307790E+000  0.10981528E+001  0.23883763E+001
  0.77792369E+000  0.89307404E+000  0.10981435E+001  0.23884280E+001
  0.77792007E+000  0.89307070E+000  0.10981339E+001  0.23884839E+001
  0.77791678E+000  0.89306787E+000  0.10981242E+001  0.23885437E+001
  0.77791380E+000  0.89306556E+000  0.10981143E+001  0.23886070E+001
  0.77791114E+000  0.89306377E+000  0.10981042E+001  0.23886736E+001
  0.77790880E+000  0.89306247E+000  0.10980940E+001  0.23887433E+001
  0.77790676E+000  0.89306167E+000  0.10980837E+001  0.23888158E+001
  0.77790502E+000  0.89306135E+000  0.10980733E+001  0.23888908E+001
  0.77790357E+000  0.89306149E+000  0.10980629E+001  0.23889680E+001
  0.77790240E+000  0.89306208E+000  0.10980525E+001  0.23890473E+001
  0.77790151E+000  0.89306309E+000  0.10980421E+001  0.23891285E+001
  0.77790087E+000  0.89306450E+000  0.10980318E+001  0.23892112E+001
  0.77790048E+000  0.89306630E+000  0.10980215E+001  0.23892953E+001
  0.77790031E+000  0.89306845E+000  0.10980113E+001  0.23893807E+001
  0.77790037E+000  0.89307093E+000  0.10980012E+001  0.23894670E+001
  0.77790063E+000  0.89307371E+000  0.10979913E+001  0.23895543E+001
  0.77790108E+000  0.89307677E+000  0.10979815E+001  0.23896423E+001
  0.77790170E+000  0.89308009E+000  0.10979719E+001  0.23897309E+001
  0.77790248E+000  0.89308362E+000  0.10979625E+001  0.23898199E+001
  0.77790340E+000  0.89308736E+000  0.10979533E+001  0.23899094E+001
  0.77790445E+000  0.89309126E+000  0.10979443E+001  0.23899992E+001
  0.77790561E+000  0.89309531E+000  0.10979356E+001  0.23900892E+001
  0.77790687E+000  0.89309949E+000  0.10979271E+001  0.23901794E+001
  0.77790822E+000  0.89310376E+000  0.10979188E+001  0.23902697E+001
  0.77790964E+000  0.89310811E+000  0.10979109E+001  0.23903601E+001
  0.77791112E+000  0.89311252E+000  0.10979032E+001  0.23904505E+001
  0.77791265E+000  0.89311697E+000  0.10978957E+001  0.23905410E+001
  0.77791422E+000  0.89312143E+000  0.10978886E+001  0.23906315E+001
  0.77791582E+000  0.89312589E+000  0.10978817E+001  0.23907221E+001
  0.77791744E+000  0.89313034E+000  0.10978751E+001  0.23908127E+001
  0.77791906E+000  0.89313476E+000  0.10978688E+001  0.23909033E+001
  0.77792069E+000  0.89313914E+000  0.10978627E+001  0.23909940E+001
  0.77792231E+000  0.89314347E+000  0.10978570E+001  0.23910848E+001
  0.77792392E+000  0.89314772E+000  0.10978515E+001  0.23911756E+001
  0.77792551E+000  0.89315191E+000  0.10978463E+001  0.23912666E+001
  0.77792708E+000  0.89315601E+000  0.10978414E+001  0.23913577E+001
  0.77792862E+000  0.89316002E+000  0.10978367E+001  0.23914490E+001
  0.77793013E+000  0.89316394E+000  0.10978323E+001  0.23915404E+001
  0.77793160E+000  0.89316775E+000  0.10978281E+001  0.23916321E+001
  0.77793303E+000  0.89317146E+000  0.10978242E+001  0.23917240E+001
  0.77793443E+000  0.89317506E+000  0.10978205E+001  0.23918162E+001
  0.77793578E+000  0.89317855E+000  0.10978170E+001  0.23919087E+001
  0.77793708E+000  0.89318192E+000  0.10978138E+001  0.23920015E+001
  0.77793834E+000  0.89318518E+000  0.10978107E+001  0.23920946E+001
  0.77793956E+000  0.89318832E+000  0.10978079E+001  0.23921881E+001
  0.77794072E+000  0.89319135E+000  0.10978053E+001  0.23922819E+001
  0.77794184E+000  0.89319426E+000  0.10978028E+001  0.23923761E+001
  0.77794292E+000  0.89319706E+000  0.10978006E+001  0.23924707E+001
  0.77794394E+000  0.89319974E+000  0.10977985E+001  0.23925657E+001
  0.77794492E+000  0.89320231E+000  0.10977966E+001  0.23926612E+001
  0.77794586E+000  0.89320477E+000  0.10977948E+001  0.23927570E+001
  0.77794675E+000  0.89320712E+000  0.10977932E+001  0.23928532E+001
  0.77794759E+000  0.89320937E+000  0.10977917E+001  0.23929498E+001
  0.77794840E+000  0.89321151E+000  0.10977903E+001  0.23930469E+001
  0.77794916E+000  0.89321355E+000  0.10977891E+001  0.23931443E+001
  0.77794988E+000  0.89321550E+000  0.10977879E+001  0.23932421E+001
  0.77795056E+000  0.89321735E+000  0.10977869E+001  0.23933403E+001
  0.77795120E+000  0.89321910E+000  0.10977860E+001  0.23934388E+001
  0.77795181E+000  0.89322077E+000  0.10977852E+001  0.23935377E+001
  0.77795238E+000  0.89322236E+000  0.10977845E+001  0.23936368E+001
  0.77795291E+000  0.89322386E+000  0.10977838E+001  0.23937363E+001
  0.77795342E+000  0.89322528E+000  0.10977832E+001  0.23938360E+001
  0.77795389E+000  0.89322663E+000  0.10977827E+001  0.23939359E+001
  0.77795433E+000  0.89322790E+000  0.10977823E+001  0.23940360E+001
  0.77795474E+000  0.89322911E+000  0.10977819E+001  0.23941363E+001
  0.77795513E+000  0.89323025E+000  0.10977815E+001  0.23942367E+001
  0.77795549E+000  0.89323132E+000  0.10977813E+001  0.23943372E+001
  0.77795583E+000  0.89323234E+000  0.10977810E+001  0.23944378E+001
  0.77795614E+000  0.89323329E+000  0.10977808E+001  0.23945384E+001
  0.77795643E+000  0.89323419E+000  0.10977806E+001  0.23946389E+001
  0.77795670E+000  0.89323504E+000  0.10977805E+001  0.23947394E+001
  0.77795695E+000  0.89323584E+000  0.10977804E+001  0.23948397E+001
  0.77795718E+000  0.89323660E+000  0.10977803E+001  0.23949399E+001
  0.77795739E+000  0.89323731E+000  0.10977803E+001  0.23950399E+001
  0.77795759E+000  0.89323797E+000  0.10977802E+001  0.23951396E+001
  0.77795777E+000  0.89323860E+000  0.10977802E+001  0.23952390E+001
  0.77795793E+000  0.89323919E+000  0.10977802E+001  0.23953380E+001
  0.77795808E+000  0.89323975E+000  0.10977802E+001  0.23954367E+001
  0.77795822E+000  0.89324027E+000  0.10977802E+001  0.23955349E+001
  0.77795835E+000  0.89324076E+000  0.10977803E+001  0.23956327E+001
  0.77795847E+000  0.89324122E+000  0.10977803E+001  0.23957298E+001
  0.77795857E+000  0.89324166E+000  0.10977803E+001  0.23958264E+001
  0.77795867E+000  0.89324206E+000  0.10977804E+001  0.23959224E+001
  0.77795876E+000  0.89324245E+000  0.10977804E+001  0.23960177E+001
  0.77795883E+000  0.89324281E+000  0.10977805E+001  0.23961123E+001
  0.77795890E+000  0.89324315E+000  0.10977805E+001  0.23962061E+001
  0.77795897E+000  0.89324347E+000  0.10977806E+001  0.23962991E+001
  0.77795902E+000  0.89324378E+000  0.10977806E+001  0.23963913E+001
  0.77795907E+000  0.89324406E+000  0.10977807E+001  0.23964826E+001
  0.77795911E+000  0.89324433E+000  0.10977807E+001  0.23965729E+001
  0.77795915E+000  0.89324459E+000  0.10977808E+001  0.23966623E+001
  0.77795918E+000  0.89324483E+000  0.10977808E+001  0.23967507E+001
  0.77795920E+000  0.89324505E+000  0.10977808E+001  0.23968381E+001
  0.77795922E+000  0.89324527E+000  0.10977809E+001  0.23969244E+001
  0.77795923E+000  0.89324547E+000  0.10977809E+001  0.23970097E+001
  0.77795924E+000  0.89324566E+000  0.10977809E+001  0.23970938E+001
  0.77795925E+000  0.89324584E+000  0.10977809E+001  0.23971768E+001
  0.77795925E+000  0.89324601E+000  0.10977810E+001  0.23972586E+001
  0.77795924E+000  0.89324617E+000  0.10977810E+001  0.23973393E+001
  0.77795924E+000  0.89324631E+000  0.10977810E+001  0.23974187E+001
  0.77795923E+000  0.89324645E+000  0.10977810E+001  0.23974969E+001
  0.77795922E+000  0.89324658E+000  0.10977809E+001  0.23975740E+001
  0.77795921E+000  0.89324669E+000  0.10977809E+001  0.23976498E+001
  0.77795921E+000  0.89324680E+000  0.10977808E+001  0.23977243E+001
  0.77795921E+000  0.89324690E+000  0.10977808E+001  0.23977977E+001
  0.77795922E+000  0.89324699E+000  0.10977807E+001  0.23978699E+001
  0.77795924E+000  0.89324707E+000  0.10977806E+001  0.23979409E+001
  0.77795929E+000  0.89324715E+000  0.10977808E+001  0.23980114E+001
