 -0.37307049E+000
 -0.37298866E+000
 -0.37272183E+000
 -0.37244965E+000
 -0.37220245E+000
 -0.37198477E+000
 -0.37179440E+000
 -0.37162791E+000
 -0.37148194E+000
 -0.37135345E+000
 -0.37123983E+000
 -0.37113884E+000
 -0.37104858E+000
 -0.37096742E+000
 -0.37089397E+000
 -0.37082704E+000
 -0.37076564E+000
 -0.37070890E+000
 -0.37065607E+000
 -0.37060652E+000
 -0.37055969E+000
 -0.37051511E+000
 -0.37047237E+000
 -0.37043110E+000
 -0.37039099E+000
 -0.37035176E+000
 -0.37031317E+000
 -0.37027501E+000
 -0.37023708E+000
 -0.37019922E+000
 -0.37016128E+000
 -0.37012315E+000
 -0.37008469E+000
 -0.37004582E+000
 -0.37000645E+000
 -0.36996652E+000
 -0.36992595E+000
 -0.36988472E+000
 -0.36984276E+000
 -0.36980008E+000
 -0.36975663E+000
 -0.36971243E+000
 -0.36966746E+000
 -0.36962174E+000
 -0.36957529E+000
 -0.36952813E+000
 -0.36948030E+000
 -0.36943185E+000
 -0.36938282E+000
 -0.36933327E+000
 -0.36928326E+000
 -0.36923288E+000
 -0.36918219E+000
 -0.36913129E+000
 -0.36908026E+000
 -0.36902920E+000
 -0.36897823E+000
 -0.36892743E+000
 -0.36887694E+000
 -0.36882687E+000
 -0.36877734E+000
 -0.36872847E+000
 -0.36868040E+000
 -0.36863325E+000
 -0.36858715E+000
 -0.36854223E+000
 -0.36849861E+000
 -0.36845644E+000
 -0.36841582E+000
 -0.36837689E+000
 -0.36833976E+000
 -0.36830454E+000
 -0.36827132E+000
 -0.36824022E+000
 -0.36821130E+000
 -0.36818466E+000
 -0.36816037E+000
 -0.36813848E+000
 -0.36811905E+000
 -0.36810212E+000
 -0.36808772E+000
 -0.36807585E+000
 -0.36806654E+000
 -0.36805977E+000
 -0.36805553E+000
 -0.36805380E+000
 -0.36805453E+000
 -0.36805767E+000
 -0.36806318E+000
 -0.36807098E+000
 -0.36808101E+000
 -0.36809318E+000
 -0.36810741E+000
 -0.36812360E+000
 -0.36814165E+000
 -0.36816148E+000
 -0.36818297E+000
 -0.36820602E+000
 -0.36823053E+000
 -0.36825638E+000
 -0.36828348E+000
 -0.36831173E+000
 -0.36834101E+000
 -0.36837124E+000
 -0.36840232E+000
 -0.36843416E+000
 -0.36846667E+000
 -0.36849978E+000
 -0.36853341E+000
 -0.36856748E+000
 -0.36860194E+000
 -0.36863671E+000
 -0.36867176E+000
 -0.36870702E+000
 -0.36874245E+000
 -0.36877802E+000
 -0.36881369E+000
 -0.36884942E+000
 -0.36888519E+000
 -0.36892099E+000
 -0.36895678E+000
 -0.36899256E+000
 -0.36902831E+000
 -0.36906402E+000
 -0.36909969E+000
 -0.36913530E+000
 -0.36917086E+000
 -0.36920636E+000
 -0.36924180E+000
 -0.36927719E+000
 -0.36931252E+000
 -0.36934779E+000
 -0.36938301E+000
 -0.36941818E+000
 -0.36945330E+000
 -0.36948838E+000
 -0.36952342E+000
 -0.36955841E+000
 -0.36959337E+000
 -0.36962830E+000
 -0.36966320E+000
 -0.36969806E+000
 -0.36973290E+000
 -0.36976770E+000
 -0.36980248E+000
 -0.36983723E+000
 -0.36987195E+000
 -0.36990663E+000
 -0.36994128E+000
 -0.36997589E+000
 -0.37001045E+000
 -0.37004497E+000
 -0.37007944E+000
 -0.37011385E+000
 -0.37014819E+000
 -0.37018247E+000
 -0.37021667E+000
 -0.37025078E+000
 -0.37028479E+000
 -0.37031871E+000
 -0.37035251E+000
 -0.37038619E+000
 -0.37041973E+000
 -0.37045314E+000
 -0.37048639E+000
 -0.37051947E+000
 -0.37055238E+000
 -0.37058511E+000
 -0.37061764E+000
 -0.37064996E+000
 -0.37068206E+000
 -0.37071392E+000
 -0.37074555E+000
 -0.37077692E+000
 -0.37080802E+000
 -0.37083885E+000
 -0.37086939E+000
 -0.37089963E+000
 -0.37092956E+000
 -0.37095918E+000
 -0.37098846E+000
 -0.37101741E+000
 -0.37104602E+000
 -0.37107427E+000
 -0.37110215E+000
 -0.37112966E+000
 -0.37115680E+000
 -0.37118355E+000
 -0.37120991E+000
 -0.37123588E+000
 -0.37126145E+000
 -0.37128661E+000
 -0.37131136E+000
 -0.37133571E+000
 -0.37135966E+000
 -0.37138320E+000
 -0.37140635E+000
 -0.37142913E+000
 -0.37145150E+000
 -0.37147369E+000
