  0.96797742E+000
  0.96826852E+000
  0.96846686E+000
  0.96862566E+000
  0.96875696E+000
  0.96886622E+000
  0.96895739E+000
  0.96903368E+000
  0.96909761E+000
  0.96915123E+000
  0.96919634E+000
  0.96923439E+000
  0.96926654E+000
  0.96929378E+000
  0.96931691E+000
  0.96933660E+000
  0.96935343E+000
  0.96936788E+000
  0.96938033E+000
  0.96939114E+000
  0.96940058E+000
  0.96940890E+000
  0.96941630E+000
  0.96942296E+000
  0.96942903E+000
  0.96943463E+000
  0.96943987E+000
  0.96944486E+000
  0.96944966E+000
  0.96945435E+000
  0.96945900E+000
  0.96946365E+000
  0.96946836E+000
  0.96947316E+000
  0.96947810E+000
  0.96948319E+000
  0.96948847E+000
  0.96949396E+000
  0.96949967E+000
  0.96950563E+000
  0.96951184E+000
  0.96951831E+000
  0.96952505E+000
  0.96953206E+000
  0.96953933E+000
  0.96954687E+000
  0.96955466E+000
  0.96956270E+000
  0.96957097E+000
  0.96957945E+000
  0.96958811E+000
  0.96959695E+000
  0.96960593E+000
  0.96961503E+000
  0.96962421E+000
  0.96963345E+000
  0.96964271E+000
  0.96965197E+000
  0.96966119E+000
  0.96967033E+000
  0.96967937E+000
  0.96968826E+000
  0.96969699E+000
  0.96970552E+000
  0.96971381E+000
  0.96972184E+000
  0.96972957E+000
  0.96973699E+000
  0.96974405E+000
  0.96975074E+000
  0.96975703E+000
  0.96976289E+000
  0.96976830E+000
  0.96977324E+000
  0.96977769E+000
  0.96978164E+000
  0.96978507E+000
  0.96978797E+000
  0.96979033E+000
  0.96979213E+000
  0.96979338E+000
  0.96979407E+000
  0.96979419E+000
  0.96979376E+000
  0.96979277E+000
  0.96979123E+000
  0.96978916E+000
  0.96978655E+000
  0.96978344E+000
  0.96977982E+000
  0.96977572E+000
  0.96977116E+000
  0.96976617E+000
  0.96976075E+000
  0.96975493E+000
  0.96974875E+000
  0.96974222E+000
  0.96973537E+000
  0.96972822E+000
  0.96972081E+000
  0.96971315E+000
  0.96970528E+000
  0.96969721E+000
  0.96968898E+000
  0.96968060E+000
  0.96967211E+000
  0.96966351E+000
  0.96965484E+000
  0.96964612E+000
  0.96963736E+000
  0.96962858E+000
  0.96961981E+000
  0.96961104E+000
  0.96960231E+000
  0.96959363E+000
  0.96958500E+000
  0.96957643E+000
  0.96956795E+000
  0.96955956E+000
  0.96955126E+000
  0.96954307E+000
  0.96953499E+000
  0.96952703E+000
  0.96951919E+000
  0.96951148E+000
  0.96950391E+000
  0.96949646E+000
  0.96948916E+000
  0.96948200E+000
  0.96947498E+000
  0.96946811E+000
  0.96946138E+000
  0.96945481E+000
  0.96944837E+000
  0.96944209E+000
  0.96943595E+000
  0.96942996E+000
  0.96942412E+000
  0.96941842E+000
  0.96941287E+000
  0.96940747E+000
  0.96940220E+000
  0.96939708E+000
  0.96939209E+000
  0.96938724E+000
  0.96938253E+000
  0.96937795E+000
  0.96937351E+000
  0.96936919E+000
  0.96936500E+000
  0.96936093E+000
  0.96935699E+000
  0.96935316E+000
  0.96934945E+000
  0.96934586E+000
  0.96934238E+000
  0.96933900E+000
  0.96933574E+000
  0.96933257E+000
  0.96932951E+000
  0.96932655E+000
  0.96932368E+000
  0.96932091E+000
  0.96931822E+000
  0.96931562E+000
  0.96931311E+000
  0.96931068E+000
  0.96930834E+000
  0.96930607E+000
  0.96930387E+000
  0.96930175E+000
  0.96929970E+000
  0.96929772E+000
  0.96929580E+000
  0.96929395E+000
  0.96929216E+000
  0.96929043E+000
  0.96928875E+000
  0.96928714E+000
  0.96928557E+000
  0.96928406E+000
  0.96928260E+000
  0.96928119E+000
  0.96927983E+000
  0.96927851E+000
  0.96927724E+000
  0.96927601E+000
  0.96927482E+000
  0.96927367E+000
  0.96927256E+000
  0.96927149E+000
  0.96927045E+000
  0.96926945E+000
  0.96926848E+000
  0.96926754E+000
  0.96926663E+000
  0.96926575E+000
  0.96926489E+000
  0.96926403E+000
  0.96926305E+000
