  0.49231001E+000
  0.49244350E+000
  0.49253117E+000
  0.49260153E+000
  0.49266010E+000
  0.49270919E+000
  0.49275042E+000
  0.49278510E+000
  0.49281432E+000
  0.49283895E+000
  0.49285976E+000
  0.49287738E+000
  0.49289233E+000
  0.49290503E+000
  0.49291586E+000
  0.49292511E+000
  0.49293304E+000
  0.49293987E+000
  0.49294578E+000
  0.49295091E+000
  0.49295541E+000
  0.49295938E+000
  0.49296292E+000
  0.49296610E+000
  0.49296900E+000
  0.49297167E+000
  0.49297416E+000
  0.49297653E+000
  0.49297880E+000
  0.49298101E+000
  0.49298319E+000
  0.49298537E+000
  0.49298757E+000
  0.49298981E+000
  0.49299210E+000
  0.49299446E+000
  0.49299691E+000
  0.49299945E+000
  0.49300210E+000
  0.49300487E+000
  0.49300775E+000
  0.49301076E+000
  0.49301391E+000
  0.49301718E+000
  0.49302058E+000
  0.49302411E+000
  0.49302777E+000
  0.49303155E+000
  0.49303545E+000
  0.49303945E+000
  0.49304355E+000
  0.49304773E+000
  0.49305199E+000
  0.49305630E+000
  0.49306067E+000
  0.49306507E+000
  0.49306948E+000
  0.49307389E+000
  0.49307829E+000
  0.49308266E+000
  0.49308699E+000
  0.49309125E+000
  0.49309543E+000
  0.49309953E+000
  0.49310351E+000
  0.49310738E+000
  0.49311111E+000
  0.49311469E+000
  0.49311812E+000
  0.49312136E+000
  0.49312442E+000
  0.49312729E+000
  0.49312994E+000
  0.49313238E+000
  0.49313458E+000
  0.49313656E+000
  0.49313829E+000
  0.49313976E+000
  0.49314098E+000
  0.49314195E+000
  0.49314264E+000
  0.49314307E+000
  0.49314323E+000
  0.49314312E+000
  0.49314274E+000
  0.49314209E+000
  0.49314118E+000
  0.49314001E+000
  0.49313859E+000
  0.49313691E+000
  0.49313500E+000
  0.49313284E+000
  0.49313046E+000
  0.49312787E+000
  0.49312506E+000
  0.49312206E+000
  0.49311888E+000
  0.49311551E+000
  0.49311199E+000
  0.49310831E+000
  0.49310449E+000
  0.49310055E+000
  0.49309648E+000
  0.49309232E+000
  0.49308806E+000
  0.49308372E+000
  0.49307930E+000
  0.49307483E+000
  0.49307032E+000
  0.49306576E+000
  0.49306117E+000
  0.49305657E+000
  0.49305195E+000
  0.49304733E+000
  0.49304272E+000
  0.49303812E+000
  0.49303354E+000
  0.49302899E+000
  0.49302447E+000
  0.49301999E+000
  0.49301556E+000
  0.49301117E+000
  0.49300683E+000
  0.49300255E+000
  0.49299833E+000
  0.49299417E+000
  0.49299008E+000
  0.49298606E+000
  0.49298211E+000
  0.49297824E+000
  0.49297443E+000
  0.49297071E+000
  0.49296706E+000
  0.49296349E+000
  0.49295999E+000
  0.49295658E+000
  0.49295325E+000
  0.49295000E+000
  0.49294682E+000
  0.49294373E+000
  0.49294072E+000
  0.49293778E+000
  0.49293493E+000
  0.49293215E+000
  0.49292945E+000
  0.49292683E+000
  0.49292428E+000
  0.49292180E+000
  0.49291940E+000
  0.49291707E+000
  0.49291481E+000
  0.49291262E+000
  0.49291050E+000
  0.49290844E+000
  0.49290645E+000
  0.49290453E+000
  0.49290266E+000
  0.49290086E+000
  0.49289911E+000
  0.49289742E+000
  0.49289579E+000
  0.49289421E+000
  0.49289268E+000
  0.49289121E+000
  0.49288979E+000
  0.49288841E+000
  0.49288708E+000
  0.49288580E+000
  0.49288456E+000
  0.49288336E+000
  0.49288220E+000
  0.49288109E+000
  0.49288001E+000
  0.49287897E+000
  0.49287797E+000
  0.49287700E+000
  0.49287606E+000
  0.49287516E+000
  0.49287429E+000
  0.49287344E+000
  0.49287263E+000
  0.49287185E+000
  0.49287109E+000
  0.49287036E+000
  0.49286965E+000
  0.49286897E+000
  0.49286831E+000
  0.49286768E+000
  0.49286707E+000
  0.49286647E+000
  0.49286590E+000
  0.49286535E+000
  0.49286481E+000
  0.49286430E+000
  0.49286380E+000
  0.49286331E+000
  0.49286284E+000
  0.49286238E+000
  0.49286194E+000
  0.49286143E+000
