  0.57251817E+000  0.93885768E+000  0.10753004E+001  0.33606900E+001
  0.57299509E+000  0.93905799E+000  0.10761739E+001  0.33715317E+001
  0.57339745E+000  0.93922022E+000  0.10768687E+001  0.33811436E+001
  0.57373512E+000  0.93935353E+000  0.10774529E+001  0.33892853E+001
  0.57402065E+000  0.93946587E+000  0.10779483E+001  0.33962022E+001
  0.57426189E+000  0.93956033E+000  0.10783685E+001  0.34020672E+001
  0.57446568E+000  0.93963855E+000  0.10787252E+001  0.34070372E+001
  0.57463759E+000  0.93970440E+000  0.10790269E+001  0.34112480E+001
  0.57478253E+000  0.93975993E+000  0.10792817E+001  0.34148151E+001
  0.57490481E+000  0.93980656E+000  0.10794667E+001  0.34175660E+001
  0.57500789E+000  0.93984549E+000  0.10796788E+001  0.34203944E+001
  0.57509462E+000  0.93987808E+000  0.10798320E+001  0.34225601E+001
  0.57516753E+000  0.93990534E+000  0.10799607E+001  0.34243925E+001
  0.57522870E+000  0.93992807E+000  0.10800688E+001  0.34259416E+001
  0.57527984E+000  0.93994697E+000  0.10801595E+001  0.34272495E+001
  0.57532252E+000  0.93996256E+000  0.10802352E+001  0.34283521E+001
  0.57535796E+000  0.93997535E+000  0.10802984E+001  0.34292799E+001
  0.57538725E+000  0.93998568E+000  0.10803509E+001  0.34300588E+001
  0.57541131E+000  0.93999399E+000  0.10803942E+001  0.34307105E+001
  0.57543092E+000  0.94000055E+000  0.10804297E+001  0.34312539E+001
  0.57544672E+000  0.94000563E+000  0.10804585E+001  0.34317048E+001
  0.57545924E+000  0.94000949E+000  0.10804816E+001  0.34320767E+001
  0.57546900E+000  0.94001225E+000  0.10805000E+001  0.34323811E+001
  0.57547643E+000  0.94001406E+000  0.10805142E+001  0.34326281E+001
  0.57548187E+000  0.94001506E+000  0.10805250E+001  0.34328261E+001
  0.57548562E+000  0.94001537E+000  0.10805328E+001  0.34329823E+001
  0.57548796E+000  0.94001507E+000  0.10805380E+001  0.34331031E+001
  0.57548910E+000  0.94001427E+000  0.10805412E+001  0.34331938E+001
  0.57548924E+000  0.94001303E+000  0.10805425E+001  0.34332592E+001
  0.55808131E+000  0.93557348E+000  0.10805423E+001  0.34333030E+001
  0.57548719E+000  0.94000947E+000  0.10805408E+001  0.34333289E+001
  0.57548527E+000  0.94000726E+000  0.10805382E+001  0.34333398E+001
  0.57548291E+000  0.94000482E+000  0.10805347E+001  0.34333382E+001
  0.57548022E+000  0.94000220E+000  0.10805305E+001  0.34333264E+001
  0.57547727E+000  0.93999942E+000  0.10805257E+001  0.34333061E+001
  0.57547413E+000  0.93999652E+000  0.10805204E+001  0.34332791E+001
  0.57547088E+000  0.93999353E+000  0.10805148E+001  0.34332466E+001
  0.57546756E+000  0.93999047E+000  0.10805088E+001  0.34332099E+001
  0.57546422E+000  0.93998736E+000  0.10805026E+001  0.34331699E+001
  0.57546090E+000  0.93998423E+000  0.10804962E+001  0.34331273E+001
  0.57545763E+000  0.93998110E+000  0.10804897E+001  0.34330830E+001
  0.57545445E+000  0.93997798E+000  0.10804831E+001  0.34330375E+001
  0.57545136E+000  0.93997489E+000  0.10804766E+001  0.34329913E+001
  0.57544838E+000  0.93997184E+000  0.10804700E+001  0.34329447E+001
  0.57544554E+000  0.93996885E+000  0.10804635E+001  0.34328981E+001
  0.57544282E+000  0.93996593E+000  0.10804571E+001  0.34328519E+001
  0.57544025E+000  0.93996308E+000  0.10804508E+001  0.34328062E+001
  0.57543782E+000  0.93996031E+000  0.10804446E+001  0.34327613E+001
  0.57543553E+000  0.93995763E+000  0.10804385E+001  0.34327174E+001
  0.57543339E+000  0.93995503E+000  0.10804327E+001  0.34326746E+001
  0.57543137E+000  0.93995252E+000  0.10804270E+001  0.34326332E+001
  0.57542949E+000  0.93995010E+000  0.10804215E+001  0.34325932E+001
  0.57542774E+000  0.93994776E+000  0.10804163E+001  0.34325549E+001
  0.57542611E+000  0.93994551E+000  0.10804113E+001  0.34325183E+001
  0.57542459E+000  0.93994333E+000  0.10804066E+001  0.34324837E+001
  0.57542319E+000  0.93994123E+000  0.10804022E+001  0.34324510E+001
  0.57542190E+000  0.93993920E+000  0.10803980E+001  0.34324206E+001
  0.57542071E+000  0.93993725E+000  0.10803943E+001  0.34323924E+001
  0.57541962E+000  0.93993535E+000  0.10803908E+001  0.34323666E+001
  0.57541864E+000  0.93993353E+000  0.10803877E+001  0.34323434E+001
  0.57541776E+000  0.93993176E+000  0.10803850E+001  0.34323229E+001
  0.57541698E+000  0.93993006E+000  0.10803827E+001  0.34323052E+001
  0.57541631E+000  0.93992843E+000  0.10803808E+001  0.34322903E+001
  0.57541575E+000  0.93992687E+000  0.10803794E+001  0.34322785E+001
  0.57541530E+000  0.93992537E+000  0.10803784E+001  0.34322698E+001
  0.57541496E+000  0.93992395E+000  0.10803779E+001  0.34322643E+001
  0.57541475E+000  0.93992261E+000  0.10803779E+001  0.34322621E+001
  0.57541466E+000  0.93992136E+000  0.10803784E+001  0.34322634E+001
  0.57541470E+000  0.93992019E+000  0.10803795E+001  0.34322681E+001
  0.57541488E+000  0.93991912E+000  0.10803811E+001  0.34322763E+001
  0.57541520E+000  0.93991814E+000  0.10801517E+001  0.34302927E+001
  0.57541567E+000  0.93991727E+000  0.10801599E+001  0.34303552E+001
  0.57541629E+000  0.93991651E+000  0.10801682E+001  0.34304180E+001
  0.57541706E+000  0.93991587E+000  0.10801768E+001  0.34304810E+001
  0.57541800E+000  0.93991535E+000  0.10803980E+001  0.34323719E+001
  0.57541911E+000  0.93991496E+000  0.10804032E+001  0.34324020E+001
  0.57542039E+000  0.93991469E+000  0.10804091E+001  0.34324357E+001
  0.57542185E+000  0.93991455E+000  0.10804156E+001  0.34324731E+001
  0.57542350E+000  0.93991453E+000  0.10804227E+001  0.34325139E+001
  0.57542533E+000  0.93991466E+000  0.10804305E+001  0.34325582E+001
  0.57542735E+000  0.93991492E+000  0.10804389E+001  0.34326059E+001
  0.57542956E+000  0.93991532E+000  0.10804480E+001  0.34326568E+001
  0.57543196E+000  0.93991587E+000  0.10804578E+001  0.34327109E+001
  0.57543456E+000  0.93991655E+000  0.10804681E+001  0.34327681E+001
  0.57543735E+000  0.93991737E+000  0.10804791E+001  0.34328281E+001
  0.57544033E+000  0.93991834E+000  0.10804907E+001  0.34328910E+001
  0.57544350E+000  0.93991944E+000  0.10805029E+001  0.34329564E+001
  0.57544687E+000  0.93992069E+000  0.10805157E+001  0.34330243E+001
  0.57545042E+000  0.93992207E+000  0.10805291E+001  0.34330946E+001
  0.57545415E+000  0.93992358E+000  0.10805430E+001  0.34331670E+001
  0.57545807E+000  0.93992522E+000  0.10805575E+001  0.34332414E+001
  0.57546216E+000  0.93992700E+000  0.10805725E+001  0.34333177E+001
  0.57546642E+000  0.93992889E+000  0.10805880E+001  0.34333958E+001
  0.57547085E+000  0.93993090E+000  0.10806039E+001  0.34334754E+001
  0.57547543E+000  0.93993303E+000  0.10806203E+001  0.34335564E+001
  0.57548016E+000  0.93993527E+000  0.10806371E+001  0.34336387E+001
  0.57548504E+000  0.93993761E+000  0.10806543E+001  0.34337221E+001
  0.57549006E+000  0.93994005E+000  0.10806718E+001  0.34338066E+001
  0.57549520E+000  0.93994258E+000  0.10806897E+001  0.34338921E+001
  0.57550045E+000  0.93994520E+000  0.10807078E+001  0.34339783E+001
  0.57550582E+000  0.93994790E+000  0.10807262E+001  0.34340653E+001
  0.57551129E+000  0.93995067E+000  0.10807449E+001  0.34341529E+001
  0.57551685E+000  0.93995351E+000  0.10807637E+001  0.34342411E+001
  0.57552248E+000  0.93995641E+000  0.10807828E+001  0.34343298E+001
  0.57552819E+000  0.93995936E+000  0.10808019E+001  0.34344190E+001
  0.57553396E+000  0.93996237E+000  0.10808212E+001  0.34345086E+001
  0.57553978E+000  0.93996541E+000  0.10808405E+001  0.34345987E+001
  0.57554564E+000  0.93996849E+000  0.10808598E+001  0.34346891E+001
  0.57555153E+000  0.93997159E+000  0.10808792E+001  0.34347798E+001
  0.57555744E+000  0.93997472E+000  0.10808986E+001  0.34348710E+001
  0.57556336E+000  0.93997786E+000  0.10809179E+001  0.34349625E+001
  0.57556928E+000  0.93998101E+000  0.10809372E+001  0.34350544E+001
  0.57557519E+000  0.93998417E+000  0.10809563E+001  0.34351467E+001
  0.57558109E+000  0.93998732E+000  0.10809754E+001  0.34352394E+001
  0.57558696E+000  0.93999047E+000  0.10809942E+001  0.34353326E+001
  0.57559280E+000  0.93999361E+000  0.10810129E+001  0.34354264E+001
  0.57559859E+000  0.93999672E+000  0.10810315E+001  0.34355206E+001
  0.57560434E+000  0.93999982E+000  0.10810498E+001  0.34356154E+001
  0.57561002E+000  0.94000289E+000  0.10810604E+001  0.34356469E+001
  0.57561565E+000  0.94000593E+000  0.10810684E+001  0.34356592E+001
  0.57562120E+000  0.94000893E+000  0.10810762E+001  0.34356728E+001
  0.57562668E+000  0.94001190E+000  0.10810838E+001  0.34356878E+001
  0.57563208E+000  0.94001482E+000  0.10811374E+001  0.34360998E+001
  0.57563739E+000  0.94001770E+000  0.10811541E+001  0.34361990E+001
  0.57564261E+000  0.94002053E+000  0.10811704E+001  0.34362991E+001
  0.57564773E+000  0.94002331E+000  0.10811865E+001  0.34364001E+001
  0.57565276E+000  0.94002604E+000  0.10812022E+001  0.34365020E+001
  0.57565768E+000  0.94002872E+000  0.10812175E+001  0.34366050E+001
  0.57566249E+000  0.94003133E+000  0.10812325E+001  0.34367089E+001
  0.57566720E+000  0.94003389E+000  0.10812471E+001  0.34368140E+001
  0.57567180E+000  0.94003639E+000  0.10812614E+001  0.34369201E+001
  0.57567628E+000  0.94003883E+000  0.10812753E+001  0.34370273E+001
  0.57568065E+000  0.94004121E+000  0.10812888E+001  0.34371356E+001
  0.57568491E+000  0.94004353E+000  0.10813020E+001  0.34372450E+001
  0.57568905E+000  0.94004578E+000  0.10813148E+001  0.34373556E+001
  0.57569307E+000  0.94004797E+000  0.10813272E+001  0.34374673E+001
  0.57569698E+000  0.94005009E+000  0.10813392E+001  0.34375802E+001
  0.57570077E+000  0.94005216E+000  0.10813509E+001  0.34376942E+001
  0.57570445E+000  0.94005416E+000  0.10813622E+001  0.34378094E+001
  0.57570801E+000  0.94005609E+000  0.10813732E+001  0.34379257E+001
  0.57571146E+000  0.94005797E+000  0.10813838E+001  0.34380430E+001
  0.57571480E+000  0.94005978E+000  0.10813940E+001  0.34381615E+001
  0.57571803E+000  0.94006153E+000  0.10814039E+001  0.34382811E+001
  0.57572114E+000  0.94006322E+000  0.10814135E+001  0.34384016E+001
  0.57572415E+000  0.94006485E+000  0.10814227E+001  0.34385232E+001
  0.57572705E+000  0.94006643E+000  0.10814316E+001  0.34386458E+001
  0.57572985E+000  0.94006794E+000  0.10814401E+001  0.34387693E+001
  0.57573255E+000  0.94006940E+000  0.10814484E+001  0.34388937E+001
  0.57573514E+000  0.94007081E+000  0.10814563E+001  0.34390189E+001
  0.57573764E+000  0.94007216E+000  0.10814639E+001  0.34391450E+001
  0.57574004E+000  0.94007346E+000  0.10814713E+001  0.34392717E+001
  0.57574235E+000  0.94007471E+000  0.10814784E+001  0.34393992E+001
  0.57574458E+000  0.94007591E+000  0.10814852E+001  0.34395274E+001
  0.57574671E+000  0.94007706E+000  0.10814917E+001  0.34396561E+001
  0.57574876E+000  0.94007817E+000  0.10814979E+001  0.34397853E+001
  0.57575072E+000  0.94007923E+000  0.10815040E+001  0.34399150E+001
  0.57575260E+000  0.94008024E+000  0.10815097E+001  0.34400450E+001
  0.57575441E+000  0.94008122E+000  0.10815153E+001  0.34401754E+001
  0.57575615E+000  0.94008215E+000  0.10815206E+001  0.34403061E+001
  0.57575781E+000  0.94008305E+000  0.10815257E+001  0.34404369E+001
  0.57575940E+000  0.94008390E+000  0.10815305E+001  0.34405678E+001
  0.57576092E+000  0.94008472E+000  0.10815352E+001  0.34406988E+001
  0.57576238E+000  0.94008551E+000  0.10815397E+001  0.34408298E+001
  0.57576378E+000  0.94008626E+000  0.10815440E+001  0.34409606E+001
  0.57576511E+000  0.94008698E+000  0.10815481E+001  0.34410913E+001
  0.57576639E+000  0.94008767E+000  0.10815520E+001  0.34412217E+001
  0.57576762E+000  0.94008832E+000  0.10815558E+001  0.34413517E+001
  0.57576879E+000  0.94008895E+000  0.10815594E+001  0.34414814E+001
  0.57576991E+000  0.94008955E+000  0.10815629E+001  0.34416106E+001
  0.57577098E+000  0.94009013E+000  0.10815662E+001  0.34417393E+001
  0.57577200E+000  0.94009068E+000  0.10815694E+001  0.34418674E+001
  0.57577299E+000  0.94009121E+000  0.10815724E+001  0.34419947E+001
  0.57577392E+000  0.94009171E+000  0.10815753E+001  0.34421214E+001
  0.57577482E+000  0.94009219E+000  0.10815781E+001  0.34422472E+001
  0.57577568E+000  0.94009266E+000  0.10815808E+001  0.34423721E+001
  0.57577650E+000  0.94009310E+000  0.10815834E+001  0.34424961E+001
  0.57577729E+000  0.94009352E+000  0.10815858E+001  0.34426191E+001
  0.57577804E+000  0.94009393E+000  0.10815882E+001  0.34427410E+001
  0.57577877E+000  0.94009431E+000  0.10815904E+001  0.34428617E+001
  0.57577946E+000  0.94009468E+000  0.10815926E+001  0.34429813E+001
  0.57578012E+000  0.94009504E+000  0.10815947E+001  0.34430997E+001
  0.57578075E+000  0.94009538E+000  0.10815967E+001  0.34432168E+001
  0.57578136E+000  0.94009571E+000  0.10815986E+001  0.34433326E+001
  0.57578194E+000  0.94009602E+000  0.10816004E+001  0.34434469E+001
  0.57578250E+000  0.94009632E+000  0.10816022E+001  0.34435599E+001
  0.57578304E+000  0.94009661E+000  0.10816039E+001  0.34436714E+001
  0.57578355E+000  0.94009689E+000  0.10816055E+001  0.34437815E+001
  0.57578405E+000  0.94009716E+000  0.10816071E+001  0.34438900E+001
  0.57578452E+000  0.94009741E+000  0.10816086E+001  0.34439969E+001
  0.57578498E+000  0.94009766E+000  0.10816101E+001  0.34441023E+001
  0.57578542E+000  0.94009790E+000  0.10816115E+001  0.34442061E+001
  0.57578585E+000  0.94009813E+000  0.10816129E+001  0.34443082E+001
  0.57578626E+000  0.94009836E+000  0.10816142E+001  0.34444088E+001
  0.57578667E+000  0.94009857E+000  0.10816155E+001  0.34445077E+001
  0.57578706E+000  0.94009878E+000  0.10816168E+001  0.34446051E+001
  0.57578744E+000  0.94009899E+000  0.10816180E+001  0.34447008E+001
  0.57578782E+000  0.94009919E+000  0.10816192E+001  0.34447951E+001
  0.57578819E+000  0.94009938E+000  0.10816204E+001  0.34448878E+001
  0.57578858E+000  0.94009959E+000  0.10816216E+001  0.34449794E+001
  0.57578893E+000  0.94009975E+000  0.10816228E+001  0.34450712E+001
