  0.14868415E+001
  0.14899395E+001
  0.14926574E+001
  0.14949566E+001
  0.14969092E+001
  0.14985644E+001
  0.14999665E+001
  0.15011541E+001
  0.15021597E+001
  0.15030110E+001
  0.15037315E+001
  0.15043411E+001
  0.15048564E+001
  0.15052917E+001
  0.15056588E+001
  0.15059680E+001
  0.15062278E+001
  0.15064455E+001
  0.15066274E+001
  0.15067787E+001
  0.15069038E+001
  0.15070066E+001
  0.15070905E+001
  0.15071581E+001
  0.15072119E+001
  0.15072539E+001
  0.15072859E+001
  0.15073095E+001
  0.15073259E+001
  0.15073362E+001
  0.15073415E+001
  0.15073425E+001
  0.15073401E+001
  0.15073347E+001
  0.15073270E+001
  0.15073174E+001
  0.15073063E+001
  0.15072941E+001
  0.15072809E+001
  0.15072671E+001
  0.15072528E+001
  0.15072382E+001
  0.15072234E+001
  0.15072086E+001
  0.15071939E+001
  0.15071793E+001
  0.15071650E+001
  0.15071509E+001
  0.15071372E+001
  0.15071238E+001
  0.15071109E+001
  0.15070985E+001
  0.15070866E+001
  0.15070752E+001
  0.15070644E+001
  0.15070543E+001
  0.15070448E+001
  0.15070360E+001
  0.15070280E+001
  0.15070207E+001
  0.15070143E+001
  0.15070086E+001
  0.15070039E+001
  0.15070000E+001
  0.15069971E+001
  0.15069952E+001
  0.15069942E+001
  0.15069943E+001
  0.15069955E+001
  0.15069977E+001
  0.15070011E+001
  0.15070055E+001
  0.15070111E+001
  0.15070178E+001
  0.15070257E+001
  0.15070347E+001
  0.15070449E+001
  0.15070562E+001
  0.15070686E+001
  0.15070821E+001
  0.15070967E+001
  0.15071123E+001
  0.15071290E+001
  0.15071467E+001
  0.15071654E+001
  0.15071850E+001
  0.15072055E+001
  0.15072268E+001
  0.15072489E+001
  0.15072718E+001
  0.15072954E+001
  0.15073197E+001
  0.15073447E+001
  0.15073702E+001
  0.15073962E+001
  0.15074227E+001
  0.15074497E+001
  0.15074770E+001
  0.15075048E+001
  0.15075328E+001
  0.15075612E+001
  0.15075898E+001
  0.15076187E+001
  0.15076478E+001
  0.15076770E+001
  0.15077064E+001
  0.15077360E+001
  0.15077657E+001
  0.15077954E+001
  0.15078253E+001
  0.15078553E+001
  0.15078854E+001
  0.15079155E+001
  0.15079457E+001
  0.15079760E+001
  0.15080063E+001
  0.15080367E+001
  0.15080672E+001
  0.15080978E+001
  0.15081284E+001
  0.15081592E+001
  0.15081900E+001
  0.15082209E+001
  0.15082519E+001
  0.15082831E+001
  0.15083143E+001
  0.15083456E+001
  0.15083771E+001
  0.15084087E+001
  0.15084404E+001
  0.15084723E+001
  0.15085043E+001
  0.15085365E+001
  0.15085688E+001
  0.15086012E+001
  0.15086338E+001
  0.15086665E+001
  0.15086994E+001
  0.15087325E+001
  0.15087656E+001
  0.15087990E+001
  0.15088324E+001
  0.15088660E+001
  0.15088998E+001
  0.15089336E+001
  0.15089676E+001
  0.15090017E+001
  0.15090359E+001
  0.15090702E+001
  0.15091046E+001
  0.15091390E+001
  0.15091736E+001
  0.15092081E+001
  0.15092428E+001
  0.15092774E+001
  0.15093121E+001
  0.15093468E+001
  0.15093815E+001
  0.15094161E+001
  0.15094507E+001
  0.15094853E+001
  0.15095198E+001
  0.15095542E+001
  0.15095885E+001
  0.15096228E+001
  0.15096568E+001
  0.15096908E+001
  0.15097245E+001
  0.15097581E+001
  0.15097916E+001
  0.15098248E+001
  0.15098577E+001
  0.15098905E+001
  0.15099230E+001
  0.15099552E+001
  0.15099872E+001
  0.15100188E+001
  0.15100502E+001
  0.15100812E+001
  0.15101119E+001
  0.15101423E+001
  0.15101723E+001
  0.15102020E+001
  0.15102312E+001
  0.15102601E+001
  0.15102886E+001
  0.15103168E+001
  0.15103445E+001
  0.15103718E+001
  0.15103986E+001
  0.15104251E+001
  0.15104512E+001
  0.15104768E+001
  0.15105020E+001
  0.15105268E+001
  0.15105512E+001
  0.15105752E+001
  0.15105988E+001
  0.15106222E+001
  0.15106456E+001
