 -0.47078342E-001  0.61857730E-001  0.14541995E+001  0.42346667E+002
 -0.47180960E-001  0.61722719E-001  0.14523236E+001  0.42315506E+002
 -0.47258640E-001  0.61614042E-001  0.14507586E+001  0.42288534E+002
 -0.47316280E-001  0.61524861E-001  0.14494490E+001  0.42265302E+002
 -0.47357946E-001  0.61451264E-001  0.14483473E+001  0.42245251E+002
 -0.47387025E-001  0.61390339E-001  0.14474143E+001  0.42227912E+002
 -0.47406282E-001  0.61339736E-001  0.14466217E+001  0.42212873E+002
 -0.47417958E-001  0.61297536E-001  0.14459464E+001  0.42199785E+002
 -0.47423854E-001  0.61262181E-001  0.14453694E+001  0.42188349E+002
 -0.47425407E-001  0.61232373E-001  0.14448746E+001  0.42178312E+002
 -0.47423761E-001  0.61207033E-001  0.14444490E+001  0.42169460E+002
 -0.47419815E-001  0.61185300E-001  0.14440814E+001  0.42161612E+002
 -0.47414278E-001  0.61166481E-001  0.14437625E+001  0.42154613E+002
 -0.47407699E-001  0.61150013E-001  0.14434844E+001  0.42148333E+002
 -0.47400506E-001  0.61135434E-001  0.14432405E+001  0.42142661E+002
 -0.47393021E-001  0.61122372E-001  0.14430251E+001  0.42137501E+002
 -0.47385492E-001  0.61110521E-001  0.14428335E+001  0.42132773E+002
 -0.47378097E-001  0.61099629E-001  0.14426617E+001  0.42128407E+002
 -0.47370970E-001  0.61089492E-001  0.14425063E+001  0.42124345E+002
 -0.47364200E-001  0.61079939E-001  0.14423642E+001  0.42120536E+002
 -0.47357848E-001  0.61070830E-001  0.14422329E+001  0.42116934E+002
 -0.47351951E-001  0.61062048E-001  0.14421104E+001  0.42113503E+002
 -0.47346525E-001  0.61053491E-001  0.14419946E+001  0.42110210E+002
 -0.47341573E-001  0.61045078E-001  0.14418840E+001  0.42107024E+002
 -0.47337087E-001  0.61036735E-001  0.14417770E+001  0.42103922E+002
 -0.47333051E-001  0.61028400E-001  0.14416726E+001  0.42100881E+002
 -0.47329442E-001  0.61020018E-001  0.14415694E+001  0.42097882E+002
 -0.47326234E-001  0.61011540E-001  0.14414666E+001  0.42094908E+002
 -0.47323397E-001  0.61002922E-001  0.14413633E+001  0.42091943E+002
 -0.47320902E-001  0.60994124E-001  0.14412586E+001  0.42088975E+002
 -0.47318716E-001  0.60985109E-001  0.14411520E+001  0.42085992E+002
 -0.47316808E-001  0.60975843E-001  0.14410427E+001  0.42082982E+002
 -0.47315148E-001  0.60966295E-001  0.14409302E+001  0.42079938E+002
 -0.47313705E-001  0.60956434E-001  0.14408140E+001  0.42076851E+002
 -0.47312453E-001  0.60946235E-001  0.14406937E+001  0.42073715E+002
 -0.47311364E-001  0.60935674E-001  0.14405689E+001  0.42070524E+002
 -0.47310414E-001  0.60924728E-001  0.14404394E+001  0.42067273E+002
 -0.47309581E-001  0.60913382E-001  0.14403048E+001  0.42063958E+002
 -0.47308844E-001  0.60901622E-001  0.14401651E+001  0.42060577E+002
 -0.47308185E-001  0.60889442E-001  0.14400201E+001  0.42057126E+002
 -0.47307589E-001  0.60876839E-001  0.14398698E+001  0.42053606E+002
 -0.47307040E-001  0.60863820E-001  0.14397142E+001  0.42050015E+002
 -0.47306525E-001  0.60850396E-001  0.14395534E+001  0.42046354E+002
 -0.47306034E-001  0.60836589E-001  0.14393877E+001  0.42042624E+002
 -0.47305555E-001  0.60822429E-001  0.14392172E+001  0.42038826E+002
 -0.47305080E-001  0.60807953E-001  0.14390424E+001  0.42034963E+002
 -0.47304600E-001  0.60793207E-001  0.14388637E+001  0.42031038E+002
 -0.47304107E-001  0.60778248E-001  0.14386815E+001  0.42027056E+002
 -0.47303594E-001  0.60763136E-001  0.14384965E+001  0.42023020E+002
 -0.47303052E-001  0.60747940E-001  0.14383093E+001  0.42018936E+002
 -0.47302476E-001  0.60732735E-001  0.14381205E+001  0.42014810E+002
 -0.47301858E-001  0.60717598E-001  0.14379308E+001  0.42010649E+002
 -0.47301191E-001  0.60702611E-001  0.14377412E+001  0.42006459E+002
 -0.47300469E-001  0.60687857E-001  0.14375523E+001  0.42002248E+002
 -0.47299685E-001  0.60673421E-001  0.14373651E+001  0.41998025E+002
 -0.47298832E-001  0.60659385E-001  0.14371803E+001  0.41993798E+002
 -0.47297905E-001  0.60645832E-001  0.14369989E+001  0.41989576E+002
 -0.47296897E-001  0.60632845E-001  0.14368217E+001  0.41985369E+002
 -0.47295805E-001  0.60620502E-001  0.14366495E+001  0.41981188E+002
 -0.47294622E-001  0.60608881E-001  0.14364834E+001  0.41977042E+002
 -0.47293346E-001  0.60598056E-001  0.14363240E+001  0.41972942E+002
 -0.47291971E-001  0.60588099E-001  0.14361723E+001  0.41968898E+002
 -0.47290496E-001  0.60579080E-001  0.14360290E+001  0.41964923E+002
 -0.47288917E-001  0.60571064E-001  0.14358951E+001  0.41961027E+002
 -0.47287233E-001  0.60564114E-001  0.14357712E+001  0.41957220E+002
 -0.47285442E-001  0.60558290E-001  0.14356581E+001  0.41953515E+002
 -0.47283544E-001  0.60553647E-001  0.14355565E+001  0.41949922E+002
 -0.47281537E-001  0.60550238E-001  0.14354672E+001  0.41946452E+002
 -0.47279422E-001  0.60548110E-001  0.14353908E+001  0.41943114E+002
 -0.47277199E-001  0.60547305E-001  0.14353278E+001  0.41939921E+002
 -0.47274869E-001  0.60547860E-001  0.14352790E+001  0.41936880E+002
 -0.47272433E-001  0.60549809E-001  0.14352448E+001  0.41934001E+002
 -0.47269892E-001  0.60553175E-001  0.14352257E+001  0.41931293E+002
 -0.47267249E-001  0.60557979E-001  0.14352222E+001  0.41928764E+002
 -0.47264506E-001  0.60564234E-001  0.14352345E+001  0.41926422E+002
 -0.47261666E-001  0.60571946E-001  0.14352631E+001  0.41924272E+002
 -0.47258732E-001  0.60581114E-001  0.14353081E+001  0.41922321E+002
 -0.47255707E-001  0.60591728E-001  0.14353697E+001  0.41920574E+002
 -0.47252595E-001  0.60603774E-001  0.14354481E+001  0.41919034E+002
 -0.47249400E-001  0.60617227E-001  0.14355432E+001  0.41917706E+002
 -0.47246126E-001  0.60632059E-001  0.14356551E+001  0.41916591E+002
 -0.47242779E-001  0.60648231E-001  0.14357836E+001  0.41915692E+002
 -0.47239363E-001  0.60665698E-001  0.14359286E+001  0.41915007E+002
 -0.47235885E-001  0.60684410E-001  0.14360898E+001  0.41914538E+002
 -0.47232348E-001  0.60704309E-001  0.14362670E+001  0.41914283E+002
 -0.47228761E-001  0.60725331E-001  0.14364597E+001  0.41914240E+002
 -0.47225128E-001  0.60747408E-001  0.14366674E+001  0.41914405E+002
 -0.47221456E-001  0.60770466E-001  0.14368898E+001  0.41914775E+002
 -0.47217751E-001  0.60794427E-001  0.14371263E+001  0.41915346E+002
 -0.47214020E-001  0.60819209E-001  0.14373762E+001  0.41916112E+002
 -0.47210269E-001  0.60844729E-001  0.14376389E+001  0.41917067E+002
 -0.47206505E-001  0.60870900E-001  0.14379137E+001  0.41918206E+002
 -0.47202735E-001  0.60897633E-001  0.14381999E+001  0.41919520E+002
 -0.47198965E-001  0.60924839E-001  0.14384967E+001  0.41921004E+002
 -0.47195202E-001  0.60952428E-001  0.14388033E+001  0.41922648E+002
 -0.47191453E-001  0.60980311E-001  0.14391188E+001  0.41924446E+002
 -0.47187724E-001  0.61008400E-001  0.14394425E+001  0.41926390E+002
 -0.47184021E-001  0.61036609E-001  0.14397735E+001  0.41928470E+002
 -0.47180349E-001  0.61064853E-001  0.14401108E+001  0.41930679E+002
 -0.47176716E-001  0.61093050E-001  0.14404538E+001  0.41933009E+002
 -0.47173125E-001  0.61121123E-001  0.14408014E+001  0.41935451E+002
 -0.47169583E-001  0.61148997E-001  0.14411528E+001  0.41937998E+002
 -0.47166095E-001  0.61176602E-001  0.14415073E+001  0.41940640E+002
 -0.47162664E-001  0.61203870E-001  0.14418639E+001  0.41943372E+002
 -0.47159296E-001  0.61230742E-001  0.14422218E+001  0.41946186E+002
 -0.47155994E-001  0.61257160E-001  0.14425802E+001  0.41949075E+002
 -0.47152761E-001  0.61283072E-001  0.14429384E+001  0.41952031E+002
 -0.47149602E-001  0.61308433E-001  0.14432956E+001  0.41955050E+002
 -0.47146519E-001  0.61333201E-001  0.14436512E+001  0.41958124E+002
 -0.47143514E-001  0.61357339E-001  0.14440044E+001  0.41961250E+002
 -0.47140590E-001  0.61380817E-001  0.14443546E+001  0.41964421E+002
 -0.47137748E-001  0.61403608E-001  0.14447011E+001  0.41967633E+002
 -0.47134990E-001  0.61425691E-001  0.14450435E+001  0.41970882E+002
 -0.47132317E-001  0.61447048E-001  0.14453811E+001  0.41974164E+002
 -0.47129730E-001  0.61467668E-001  0.14457136E+001  0.41977476E+002
 -0.47127230E-001  0.61487542E-001  0.14460403E+001  0.41980815E+002
 -0.47124816E-001  0.61506664E-001  0.14463610E+001  0.41984178E+002
 -0.47122489E-001  0.61525035E-001  0.14466752E+001  0.41987562E+002
 -0.47120249E-001  0.61542657E-001  0.14469826E+001  0.41990967E+002
 -0.47118094E-001  0.61559534E-001  0.14472829E+001  0.41994389E+002
 -0.47116025E-001  0.61575675E-001  0.14475758E+001  0.41997827E+002
 -0.47114039E-001  0.61591091E-001  0.14478610E+001  0.42001281E+002
 -0.47112137E-001  0.61605795E-001  0.14481385E+001  0.42004749E+002
 -0.47110317E-001  0.61619800E-001  0.14484080E+001  0.42008230E+002
 -0.47108576E-001  0.61633123E-001  0.14486694E+001  0.42011724E+002
 -0.47106915E-001  0.61645782E-001  0.14489227E+001  0.42015229E+002
 -0.47105330E-001  0.61657796E-001  0.14491676E+001  0.42018746E+002
 -0.47103819E-001  0.61669184E-001  0.14494043E+001  0.42022274E+002
 -0.47102382E-001  0.61679968E-001  0.14496328E+001  0.42025812E+002
 -0.47101016E-001  0.61690167E-001  0.14498529E+001  0.42029361E+002
 -0.47099718E-001  0.61699804E-001  0.14500648E+001  0.42032920E+002
 -0.47098487E-001  0.61708900E-001  0.14502685E+001  0.42036488E+002
 -0.47097320E-001  0.61717477E-001  0.14504642E+001  0.42040067E+002
 -0.47096215E-001  0.61725557E-001  0.14506519E+001  0.42043655E+002
 -0.47095169E-001  0.61733162E-001  0.14508318E+001  0.42047253E+002
 -0.47094181E-001  0.61740313E-001  0.14510039E+001  0.42050859E+002
 -0.47093249E-001  0.61747032E-001  0.14511685E+001  0.42054475E+002
 -0.47092369E-001  0.61753338E-001  0.14513257E+001  0.42058098E+002
 -0.47091539E-001  0.61759253E-001  0.14514758E+001  0.42061731E+002
 -0.47090758E-001  0.61764797E-001  0.14516188E+001  0.42065371E+002
 -0.47090023E-001  0.61769989E-001  0.14517550E+001  0.42069018E+002
 -0.47089332E-001  0.61774848E-001  0.14518846E+001  0.42072672E+002
 -0.47088682E-001  0.61779391E-001  0.14520078E+001  0.42076333E+002
 -0.47088072E-001  0.61783638E-001  0.14521248E+001  0.42079999E+002
 -0.47087500E-001  0.61787604E-001  0.14522358E+001  0.42083670E+002
 -0.47086963E-001  0.61791306E-001  0.14523411E+001  0.42087346E+002
 -0.47086460E-001  0.61794761E-001  0.14524409E+001  0.42091025E+002
 -0.47085989E-001  0.61797983E-001  0.14525354E+001  0.42094708E+002
 -0.47085548E-001  0.61800986E-001  0.14526249E+001  0.42098392E+002
 -0.47085135E-001  0.61803785E-001  0.14527094E+001  0.42102077E+002
 -0.47084749E-001  0.61806394E-001  0.14527893E+001  0.42105762E+002
 -0.47084387E-001  0.61808823E-001  0.14528648E+001  0.42109446E+002
 -0.47084049E-001  0.61811086E-001  0.14529361E+001  0.42113128E+002
 -0.47083733E-001  0.61813195E-001  0.14530034E+001  0.42116806E+002
 -0.47083438E-001  0.61815159E-001  0.14530668E+001  0.42120480E+002
 -0.47083161E-001  0.61816989E-001  0.14531267E+001  0.42124148E+002
 -0.47082903E-001  0.61818695E-001  0.14531831E+001  0.42127810E+002
 -0.47082661E-001  0.61820287E-001  0.14532363E+001  0.42131463E+002
 -0.47082434E-001  0.61821772E-001  0.14532864E+001  0.42135107E+002
 -0.47082222E-001  0.61823159E-001  0.14533336E+001  0.42138739E+002
 -0.47082024E-001  0.61824455E-001  0.14533781E+001  0.42142360E+002
 -0.47081837E-001  0.61825668E-001  0.14534200E+001  0.42145967E+002
 -0.47081662E-001  0.61826805E-001  0.14534595E+001  0.42149559E+002
 -0.47081498E-001  0.61827872E-001  0.14534968E+001  0.42153134E+002
 -0.47081343E-001  0.61828874E-001  0.14535319E+001  0.42156692E+002
 -0.47081197E-001  0.61829817E-001  0.14535650E+001  0.42160231E+002
 -0.47081060E-001  0.61830707E-001  0.14535962E+001  0.42163749E+002
 -0.47080930E-001  0.61831547E-001  0.14536257E+001  0.42167245E+002
 -0.47080807E-001  0.61832343E-001  0.14536535E+001  0.42170717E+002
 -0.47080690E-001  0.61833098E-001  0.14536798E+001  0.42174165E+002
 -0.47080580E-001  0.61833816E-001  0.14537047E+001  0.42177587E+002
 -0.47080475E-001  0.61834501E-001  0.14537282E+001  0.42180981E+002
 -0.47080374E-001  0.61835155E-001  0.14537505E+001  0.42184346E+002
 -0.47080278E-001  0.61835782E-001  0.14537716E+001  0.42187682E+002
 -0.47080186E-001  0.61836384E-001  0.14537917E+001  0.42190986E+002
 -0.47080098E-001  0.61836965E-001  0.14538107E+001  0.42194258E+002
 -0.47080013E-001  0.61837525E-001  0.14538288E+001  0.42197496E+002
 -0.47079932E-001  0.61838067E-001  0.14538461E+001  0.42200699E+002
 -0.47079853E-001  0.61838593E-001  0.14538625E+001  0.42203867E+002
 -0.47079777E-001  0.61839105E-001  0.14538782E+001  0.42206998E+002
 -0.47079703E-001  0.61839605E-001  0.14538931E+001  0.42210091E+002
 -0.47079631E-001  0.61840094E-001  0.14539075E+001  0.42213145E+002
 -0.47079561E-001  0.61840573E-001  0.14539212E+001  0.42216159E+002
 -0.47079493E-001  0.61841045E-001  0.14539344E+001  0.42219133E+002
 -0.47079426E-001  0.61841510E-001  0.14539471E+001  0.42222065E+002
 -0.47079360E-001  0.61841971E-001  0.14539593E+001  0.42224956E+002
 -0.47079295E-001  0.61842428E-001  0.14539711E+001  0.42227804E+002
 -0.47079232E-001  0.61842883E-001  0.14539825E+001  0.42230608E+002
 -0.47079169E-001  0.61843337E-001  0.14539936E+001  0.42233369E+002
 -0.47079106E-001  0.61843792E-001  0.14540043E+001  0.42236086E+002
 -0.47079043E-001  0.61844249E-001  0.14540148E+001  0.42238758E+002
 -0.47078980E-001  0.61844709E-001  0.14540251E+001  0.42241386E+002
 -0.47078916E-001  0.61845174E-001  0.14540353E+001  0.42243969E+002
 -0.47078852E-001  0.61845644E-001  0.14540453E+001  0.42246507E+002
 -0.47078785E-001  0.61846120E-001  0.14540552E+001  0.42249001E+002
 -0.47078716E-001  0.61846601E-001  0.14540651E+001  0.42251450E+002
 -0.47078643E-001  0.61847087E-001  0.14540749E+001  0.42253855E+002
 -0.47078566E-001  0.61847580E-001  0.14540849E+001  0.42256218E+002
 -0.47078480E-001  0.61848064E-001  0.14540947E+001  0.42258538E+002
 -0.47078378E-001  0.61848586E-001  0.14541050E+001  0.42260823E+002
