  0.68605945E+000
  0.68626577E+000
  0.68640634E+000
  0.68651889E+000
  0.68661195E+000
  0.68668939E+000
  0.68675401E+000
  0.68680808E+000
  0.68685339E+000
  0.68689139E+000
  0.68692337E+000
  0.68695033E+000
  0.68697312E+000
  0.68699243E+000
  0.68700882E+000
  0.68702278E+000
  0.68703471E+000
  0.68704494E+000
  0.68705377E+000
  0.68706143E+000
  0.68706812E+000
  0.68707402E+000
  0.68707927E+000
  0.68708399E+000
  0.68708829E+000
  0.68709226E+000
  0.68709597E+000
  0.68709950E+000
  0.68710291E+000
  0.68710623E+000
  0.68710953E+000
  0.68711283E+000
  0.68711616E+000
  0.68711957E+000
  0.68712306E+000
  0.68712667E+000
  0.68713041E+000
  0.68713430E+000
  0.68713835E+000
  0.68714257E+000
  0.68714698E+000
  0.68715156E+000
  0.68715634E+000
  0.68716131E+000
  0.68716646E+000
  0.68717181E+000
  0.68717733E+000
  0.68718303E+000
  0.68718889E+000
  0.68719489E+000
  0.68720104E+000
  0.68720730E+000
  0.68721367E+000
  0.68722012E+000
  0.68722662E+000
  0.68723317E+000
  0.68723974E+000
  0.68724630E+000
  0.68725283E+000
  0.68725931E+000
  0.68726571E+000
  0.68727202E+000
  0.68727821E+000
  0.68728425E+000
  0.68729013E+000
  0.68729582E+000
  0.68730130E+000
  0.68730655E+000
  0.68731156E+000
  0.68731630E+000
  0.68732076E+000
  0.68732491E+000
  0.68732874E+000
  0.68733225E+000
  0.68733540E+000
  0.68733820E+000
  0.68734063E+000
  0.68734269E+000
  0.68734436E+000
  0.68734564E+000
  0.68734652E+000
  0.68734701E+000
  0.68734710E+000
  0.68734679E+000
  0.68734609E+000
  0.68734500E+000
  0.68734353E+000
  0.68734168E+000
  0.68733947E+000
  0.68733691E+000
  0.68733401E+000
  0.68733078E+000
  0.68732723E+000
  0.68732339E+000
  0.68731927E+000
  0.68731489E+000
  0.68731026E+000
  0.68730541E+000
  0.68730034E+000
  0.68729509E+000
  0.68728966E+000
  0.68728408E+000
  0.68727836E+000
  0.68727253E+000
  0.68726659E+000
  0.68726057E+000
  0.68725448E+000
  0.68724833E+000
  0.68724215E+000
  0.68723594E+000
  0.68722972E+000
  0.68722350E+000
  0.68721729E+000
  0.68721110E+000
  0.68720495E+000
  0.68719883E+000
  0.68719276E+000
  0.68718675E+000
  0.68718080E+000
  0.68717492E+000
  0.68716911E+000
  0.68716339E+000
  0.68715775E+000
  0.68715219E+000
  0.68714673E+000
  0.68714136E+000
  0.68713608E+000
  0.68713091E+000
  0.68712583E+000
  0.68712086E+000
  0.68711599E+000
  0.68711122E+000
  0.68710656E+000
  0.68710200E+000
  0.68709754E+000
  0.68709319E+000
  0.68708895E+000
  0.68708481E+000
  0.68708077E+000
  0.68707684E+000
  0.68707300E+000
  0.68706927E+000
  0.68706564E+000
  0.68706211E+000
  0.68705867E+000
  0.68705533E+000
  0.68705209E+000
  0.68704893E+000
  0.68704587E+000
  0.68704290E+000
  0.68704002E+000
  0.68703723E+000
  0.68703451E+000
  0.68703189E+000
  0.68702934E+000
  0.68702687E+000
  0.68702448E+000
  0.68702217E+000
  0.68701992E+000
  0.68701775E+000
  0.68701565E+000
  0.68701362E+000
  0.68701165E+000
  0.68700975E+000
  0.68700791E+000
  0.68700613E+000
  0.68700441E+000
  0.68700275E+000
  0.68700114E+000
  0.68699958E+000
  0.68699808E+000
  0.68699662E+000
  0.68699522E+000
  0.68699386E+000
  0.68699255E+000
  0.68699128E+000
  0.68699005E+000
  0.68698886E+000
  0.68698772E+000
  0.68698661E+000
  0.68698554E+000
  0.68698451E+000
  0.68698351E+000
  0.68698254E+000
  0.68698161E+000
  0.68698071E+000
  0.68697983E+000
  0.68697899E+000
  0.68697818E+000
  0.68697739E+000
  0.68697663E+000
  0.68697589E+000
  0.68697518E+000
  0.68697450E+000
  0.68697383E+000
  0.68697319E+000
  0.68697256E+000
  0.68697195E+000
  0.68697134E+000
  0.68697065E+000
