  0.88983835E+000
  0.89009277E+000
  0.89026612E+000
  0.89040491E+000
  0.89051966E+000
  0.89061516E+000
  0.89069484E+000
  0.89076152E+000
  0.89081739E+000
  0.89086426E+000
  0.89090368E+000
  0.89093694E+000
  0.89096504E+000
  0.89098885E+000
  0.89100906E+000
  0.89102628E+000
  0.89104099E+000
  0.89105361E+000
  0.89106449E+000
  0.89107394E+000
  0.89108219E+000
  0.89108946E+000
  0.89109593E+000
  0.89110175E+000
  0.89110705E+000
  0.89111195E+000
  0.89111653E+000
  0.89112089E+000
  0.89112509E+000
  0.89112919E+000
  0.89113325E+000
  0.89113732E+000
  0.89114143E+000
  0.89114563E+000
  0.89114994E+000
  0.89115439E+000
  0.89115900E+000
  0.89116380E+000
  0.89116879E+000
  0.89117400E+000
  0.89117943E+000
  0.89118508E+000
  0.89119098E+000
  0.89119710E+000
  0.89120346E+000
  0.89121005E+000
  0.89121686E+000
  0.89122388E+000
  0.89123111E+000
  0.89123852E+000
  0.89124610E+000
  0.89125382E+000
  0.89126167E+000
  0.89126962E+000
  0.89127765E+000
  0.89128572E+000
  0.89129382E+000
  0.89130191E+000
  0.89130996E+000
  0.89131795E+000
  0.89132585E+000
  0.89133363E+000
  0.89134125E+000
  0.89134871E+000
  0.89135595E+000
  0.89136297E+000
  0.89136973E+000
  0.89137621E+000
  0.89138239E+000
  0.89138823E+000
  0.89139373E+000
  0.89139885E+000
  0.89140357E+000
  0.89140789E+000
  0.89141179E+000
  0.89141524E+000
  0.89141824E+000
  0.89142077E+000
  0.89142283E+000
  0.89142441E+000
  0.89142550E+000
  0.89142610E+000
  0.89142621E+000
  0.89142583E+000
  0.89142497E+000
  0.89142362E+000
  0.89142181E+000
  0.89141953E+000
  0.89141681E+000
  0.89141365E+000
  0.89141007E+000
  0.89140608E+000
  0.89140171E+000
  0.89139698E+000
  0.89139190E+000
  0.89138649E+000
  0.89138078E+000
  0.89137480E+000
  0.89136855E+000
  0.89136207E+000
  0.89135538E+000
  0.89134850E+000
  0.89134145E+000
  0.89133425E+000
  0.89132693E+000
  0.89131950E+000
  0.89131199E+000
  0.89130442E+000
  0.89129679E+000
  0.89128914E+000
  0.89128147E+000
  0.89127379E+000
  0.89126614E+000
  0.89125851E+000
  0.89125091E+000
  0.89124337E+000
  0.89123589E+000
  0.89122847E+000
  0.89122114E+000
  0.89121389E+000
  0.89120673E+000
  0.89119967E+000
  0.89119271E+000
  0.89118586E+000
  0.89117912E+000
  0.89117250E+000
  0.89116599E+000
  0.89115961E+000
  0.89115335E+000
  0.89114722E+000
  0.89114121E+000
  0.89113533E+000
  0.89112958E+000
  0.89112396E+000
  0.89111847E+000
  0.89111311E+000
  0.89110787E+000
  0.89110277E+000
  0.89109779E+000
  0.89109294E+000
  0.89108821E+000
  0.89108361E+000
  0.89107913E+000
  0.89107477E+000
  0.89107054E+000
  0.89106642E+000
  0.89106242E+000
  0.89105853E+000
  0.89105475E+000
  0.89105109E+000
  0.89104754E+000
  0.89104409E+000
  0.89104075E+000
  0.89103751E+000
  0.89103436E+000
  0.89103132E+000
  0.89102837E+000
  0.89102552E+000
  0.89102275E+000
  0.89102008E+000
  0.89101749E+000
  0.89101498E+000
  0.89101256E+000
  0.89101021E+000
  0.89100794E+000
  0.89100574E+000
  0.89100362E+000
  0.89100157E+000
  0.89099959E+000
  0.89099767E+000
  0.89099581E+000
  0.89099402E+000
  0.89099229E+000
  0.89099061E+000
  0.89098899E+000
  0.89098743E+000
  0.89098592E+000
  0.89098445E+000
  0.89098304E+000
  0.89098168E+000
  0.89098036E+000
  0.89097908E+000
  0.89097785E+000
  0.89097666E+000
  0.89097551E+000
  0.89097439E+000
  0.89097332E+000
  0.89097228E+000
  0.89097127E+000
  0.89097030E+000
  0.89096937E+000
  0.89096846E+000
  0.89096758E+000
  0.89096674E+000
  0.89096591E+000
  0.89096512E+000
  0.89096435E+000
  0.89096360E+000
  0.89096285E+000
  0.89096199E+000
