  0.52121887E-006
  0.52123725E-006
  0.52123428E-006
  0.52123312E-006
  0.52123787E-006
  0.52124831E-006
  0.52126337E-006
  0.52128195E-006
  0.52130314E-006
  0.52132619E-006
  0.52135055E-006
  0.52137576E-006
  0.52140150E-006
  0.52142752E-006
  0.52145361E-006
  0.52147965E-006
  0.52150553E-006
  0.52153119E-006
  0.52155659E-006
  0.52158173E-006
  0.52160660E-006
  0.52163123E-006
  0.52165565E-006
  0.52167993E-006
  0.52170411E-006
  0.52172827E-006
  0.52175248E-006
  0.52177681E-006
  0.52180136E-006
  0.52182621E-006
  0.52185142E-006
  0.52187708E-006
  0.52190325E-006
  0.52193000E-006
  0.52195737E-006
  0.52198541E-006
  0.52201413E-006
  0.52204357E-006
  0.52207369E-006
  0.52210450E-006
  0.52213595E-006
  0.52216799E-006
  0.52220056E-006
  0.52223358E-006
  0.52226695E-006
  0.52230058E-006
  0.52233434E-006
  0.52236813E-006
  0.52240181E-006
  0.52243525E-006
  0.52246833E-006
  0.52250091E-006
  0.52253285E-006
  0.52256403E-006
  0.52259431E-006
  0.52262357E-006
  0.52265167E-006
  0.52267850E-006
  0.52270393E-006
  0.52272785E-006
  0.52275014E-006
  0.52277071E-006
  0.52278944E-006
  0.52280623E-006
  0.52282101E-006
  0.52283369E-006
  0.52284419E-006
  0.52285245E-006
  0.52285840E-006
  0.52286201E-006
  0.52286323E-006
  0.52286203E-006
  0.52285841E-006
  0.52285235E-006
  0.52284386E-006
  0.52283297E-006
  0.52281971E-006
  0.52280411E-006
  0.52278624E-006
  0.52276616E-006
  0.52274395E-006
  0.52271969E-006
  0.52269349E-006
  0.52266545E-006
  0.52263569E-006
  0.52260433E-006
  0.52257150E-006
  0.52253734E-006
  0.52250198E-006
  0.52246556E-006
  0.52242824E-006
  0.52239015E-006
  0.52235145E-006
  0.52231227E-006
  0.52227275E-006
  0.52223304E-006
  0.52219327E-006
  0.52215357E-006
  0.52211406E-006
  0.52207485E-006
  0.52203606E-006
  0.52199779E-006
  0.52196014E-006
  0.52192318E-006
  0.52188700E-006
  0.52185166E-006
  0.52181723E-006
  0.52178376E-006
  0.52175129E-006
  0.52171986E-006
  0.52168949E-006
  0.52166022E-006
  0.52163205E-006
  0.52160499E-006
  0.52157905E-006
  0.52155422E-006
  0.52153050E-006
  0.52150787E-006
  0.52148631E-006
  0.52146580E-006
  0.52144633E-006
  0.52142787E-006
  0.52141038E-006
  0.52139385E-006
  0.52137823E-006
  0.52136350E-006
  0.52134962E-006
  0.52133656E-006
  0.52132428E-006
  0.52131276E-006
  0.52130195E-006
  0.52129183E-006
  0.52128236E-006
  0.52127351E-006
  0.52126524E-006
  0.52125752E-006
  0.52125034E-006
  0.52124364E-006
  0.52123742E-006
  0.52123163E-006
  0.52122625E-006
  0.52122127E-006
  0.52121664E-006
  0.52121236E-006
  0.52120839E-006
  0.52120472E-006
  0.52120132E-006
  0.52119818E-006
  0.52119528E-006
  0.52119259E-006
  0.52119011E-006
  0.52118782E-006
  0.52118571E-006
  0.52118375E-006
  0.52118193E-006
  0.52118026E-006
  0.52117870E-006
  0.52117726E-006
  0.52117592E-006
  0.52117467E-006
  0.52117351E-006
  0.52117242E-006
  0.52117140E-006
  0.52117044E-006
  0.52116954E-006
  0.52116868E-006
  0.52116787E-006
  0.52116710E-006
  0.52116636E-006
  0.52116566E-006
  0.52116498E-006
  0.52116432E-006
  0.52116368E-006
  0.52116306E-006
  0.52116246E-006
  0.52116187E-006
  0.52116128E-006
  0.52116071E-006
  0.52116014E-006
  0.52115958E-006
  0.52115902E-006
  0.52115846E-006
  0.52115790E-006
  0.52115734E-006
  0.52115677E-006
  0.52115621E-006
  0.52115563E-006
  0.52115505E-006
  0.52115446E-006
  0.52115386E-006
  0.52115325E-006
  0.52115264E-006
  0.52115202E-006
  0.52115139E-006
  0.52115076E-006
  0.52115013E-006
  0.52114952E-006
  0.52114891E-006
  0.52114836E-006
  0.52114781E-006
