  0.69328195E-001
  0.69521662E-001
  0.69660416E-001
  0.69757541E-001
  0.69823263E-001
  0.69865565E-001
  0.69890524E-001
  0.69902683E-001
  0.69905438E-001
  0.69901336E-001
  0.69892301E-001
  0.69879846E-001
  0.69865098E-001
  0.69848887E-001
  0.69831855E-001
  0.69814496E-001
  0.69797192E-001
  0.69780232E-001
  0.69763832E-001
  0.69748151E-001
  0.69733296E-001
  0.69719340E-001
  0.69706322E-001
  0.69694256E-001
  0.69683135E-001
  0.69672936E-001
  0.69663623E-001
  0.69655151E-001
  0.69647467E-001
  0.69640512E-001
  0.69634224E-001
  0.69628539E-001
  0.69623393E-001
  0.69618724E-001
  0.69614469E-001
  0.69610579E-001
  0.69607004E-001
  0.69603692E-001
  0.69600591E-001
  0.69597659E-001
  0.69594857E-001
  0.69592153E-001
  0.69589518E-001
  0.69586928E-001
  0.69584362E-001
  0.69581804E-001
  0.69579240E-001
  0.69576659E-001
  0.69574051E-001
  0.69571409E-001
  0.69568727E-001
  0.69565999E-001
  0.69563221E-001
  0.69560391E-001
  0.69557504E-001
  0.69554559E-001
  0.69551554E-001
  0.69548488E-001
  0.69545360E-001
  0.69542170E-001
  0.69538917E-001
  0.69535602E-001
  0.69532228E-001
  0.69528799E-001
  0.69525317E-001
  0.69521786E-001
  0.69518211E-001
  0.69514597E-001
  0.69510948E-001
  0.69507272E-001
  0.69503573E-001
  0.69499858E-001
  0.69496134E-001
  0.69492406E-001
  0.69488681E-001
  0.69484966E-001
  0.69481266E-001
  0.69477589E-001
  0.69473939E-001
  0.69470321E-001
  0.69466742E-001
  0.69463205E-001
  0.69459715E-001
  0.69456276E-001
  0.69452892E-001
  0.69449567E-001
  0.69446303E-001
  0.69443102E-001
  0.69439967E-001
  0.69436899E-001
  0.69433900E-001
  0.69430969E-001
  0.69428108E-001
  0.69425316E-001
  0.69422594E-001
  0.69419941E-001
  0.69417356E-001
  0.69414838E-001
  0.69412385E-001
  0.69409996E-001
  0.69407669E-001
  0.69405403E-001
  0.69403196E-001
  0.69401045E-001
  0.69398949E-001
  0.69396905E-001
  0.69394912E-001
  0.69392968E-001
  0.69391070E-001
  0.69389218E-001
  0.69387408E-001
  0.69385640E-001
  0.69383912E-001
  0.69382223E-001
  0.69380571E-001
  0.69378955E-001
  0.69377375E-001
  0.69375829E-001
  0.69374316E-001
  0.69372837E-001
  0.69371390E-001
  0.69369975E-001
  0.69368592E-001
  0.69367240E-001
  0.69365920E-001
  0.69364630E-001
  0.69363371E-001
  0.69362143E-001
  0.69360945E-001
  0.69359778E-001
  0.69358641E-001
  0.69357534E-001
  0.69356458E-001
  0.69355412E-001
  0.69354395E-001
  0.69353409E-001
  0.69352452E-001
  0.69351524E-001
  0.69350625E-001
  0.69349755E-001
  0.69348913E-001
  0.69348100E-001
  0.69347313E-001
  0.69346554E-001
  0.69345821E-001
  0.69345115E-001
  0.69344434E-001
  0.69343778E-001
  0.69343146E-001
  0.69342538E-001
  0.69341953E-001
  0.69341391E-001
  0.69340851E-001
  0.69340332E-001
  0.69339834E-001
  0.69339355E-001
  0.69338896E-001
  0.69338456E-001
  0.69338033E-001
  0.69337628E-001
  0.69337239E-001
  0.69336867E-001
  0.69336510E-001
  0.69336168E-001
  0.69335840E-001
  0.69335526E-001
  0.69335225E-001
  0.69334936E-001
  0.69334660E-001
  0.69334395E-001
  0.69334141E-001
  0.69333897E-001
  0.69333664E-001
  0.69333440E-001
  0.69333225E-001
  0.69333019E-001
  0.69332822E-001
  0.69332632E-001
  0.69332450E-001
  0.69332276E-001
  0.69332108E-001
  0.69331947E-001
  0.69331792E-001
  0.69331644E-001
  0.69331501E-001
  0.69331363E-001
  0.69331231E-001
  0.69331103E-001
  0.69330981E-001
  0.69330862E-001
  0.69330747E-001
  0.69330635E-001
  0.69330526E-001
  0.69330418E-001
  0.69330311E-001
  0.69330204E-001
  0.69330093E-001
  0.69329978E-001
  0.69329852E-001
  0.69329692E-001
