  0.23368063E+000
  0.23877749E+000
  0.23864160E+000
  0.23801759E+000
  0.23742441E+000
  0.23691579E+000
  0.23648784E+000
  0.23612910E+000
  0.23582498E+000
  0.23556810E+000
  0.23535178E+000
  0.23516942E+000
  0.23501548E+000
  0.23488539E+000
  0.23477530E+000
  0.23468202E+000
  0.23460285E+000
  0.23453553E+000
  0.23447816E+000
  0.23442911E+000
  0.23438701E+000
  0.23435068E+000
  0.23431914E+000
  0.23429153E+000
  0.23426713E+000
  0.23424533E+000
  0.23422560E+000
  0.23420750E+000
  0.23419063E+000
  0.23417469E+000
  0.23415940E+000
  0.23414454E+000
  0.23412994E+000
  0.23411544E+000
  0.23410094E+000
  0.23408638E+000
  0.23407169E+000
  0.23405685E+000
  0.23404185E+000
  0.23402673E+000
  0.23401153E+000
  0.23399629E+000
  0.23398110E+000
  0.23396602E+000
  0.23395113E+000
  0.23393652E+000
  0.23392227E+000
  0.23390844E+000
  0.23389511E+000
  0.23388234E+000
  0.23387021E+000
  0.23385876E+000
  0.23384803E+000
  0.23383805E+000
  0.23382884E+000
  0.23382043E+000
  0.23381281E+000
  0.23380598E+000
  0.23379996E+000
  0.23379473E+000
  0.23379029E+000
  0.23378663E+000
  0.23378373E+000
  0.23378158E+000
  0.23378016E+000
  0.23377946E+000
  0.23377943E+000
  0.23378005E+000
  0.23378128E+000
  0.23378306E+000
  0.23378531E+000
  0.23378769E+000
  0.23379025E+000
  0.23379336E+000
  0.23379699E+000
  0.23380110E+000
  0.23380564E+000
  0.23381057E+000
  0.23381582E+000
  0.23382136E+000
  0.23382714E+000
  0.23383309E+000
  0.23383918E+000
  0.23384536E+000
  0.23385157E+000
  0.23385778E+000
  0.23386393E+000
  0.23386999E+000
  0.23387592E+000
  0.23388168E+000
  0.23388723E+000
  0.23389254E+000
  0.23389758E+000
  0.23390233E+000
  0.23390677E+000
  0.23391087E+000
  0.23391462E+000
  0.23391800E+000
  0.23392101E+000
  0.23392363E+000
  0.23392586E+000
  0.23392770E+000
  0.23392915E+000
  0.23393021E+000
  0.23393088E+000
  0.23393118E+000
  0.23393111E+000
  0.23393067E+000
  0.23392989E+000
  0.23392878E+000
  0.23392735E+000
  0.23392561E+000
  0.23392359E+000
  0.23392129E+000
  0.23391874E+000
  0.23391595E+000
  0.23391294E+000
  0.23390974E+000
  0.23390635E+000
  0.23390279E+000
  0.23389909E+000
  0.23389525E+000
  0.23389131E+000
  0.23388726E+000
  0.23388314E+000
  0.23387895E+000
  0.23387471E+000
  0.23387043E+000
  0.23386613E+000
  0.23386182E+000
  0.23385751E+000
  0.23385321E+000
  0.23384893E+000
  0.23384469E+000
  0.23384049E+000
  0.23383633E+000
  0.23383224E+000
  0.23382821E+000
  0.23382425E+000
  0.23382036E+000
  0.23381656E+000
  0.23381284E+000
  0.23380921E+000
  0.23380567E+000
  0.23380222E+000
  0.23379887E+000
  0.23379562E+000
  0.23379247E+000
  0.23378942E+000
  0.23378646E+000
  0.23378361E+000
  0.23378086E+000
  0.23377821E+000
  0.23377566E+000
  0.23377320E+000
  0.23377084E+000
  0.23376858E+000
  0.23376641E+000
  0.23376433E+000
  0.23376233E+000
  0.23376043E+000
  0.23375861E+000
  0.23375687E+000
  0.23375521E+000
  0.23375363E+000
  0.23375212E+000
  0.23375069E+000
  0.23374932E+000
  0.23374803E+000
  0.23374680E+000
  0.23374563E+000
  0.23374452E+000
  0.23374346E+000
  0.23374247E+000
  0.23374152E+000
  0.23374063E+000
  0.23373978E+000
  0.23373898E+000
  0.23373823E+000
  0.23373752E+000
  0.23373685E+000
  0.23373622E+000
  0.23373563E+000
  0.23373507E+000
  0.23373455E+000
  0.23373407E+000
  0.23373362E+000
  0.23373320E+000
  0.23373281E+000
  0.23373245E+000
  0.23373212E+000
  0.23373181E+000
  0.23373153E+000
  0.23373126E+000
  0.23373100E+000
  0.23373074E+000
  0.23373045E+000
  0.23373016E+000
  0.23372974E+000
  0.23372918E+000
