  0.28936159E+000
  0.28937180E+000
  0.28937015E+000
  0.28936950E+000
  0.28937214E+000
  0.28937794E+000
  0.28938630E+000
  0.28939662E+000
  0.28940838E+000
  0.28942118E+000
  0.28943470E+000
  0.28944870E+000
  0.28946299E+000
  0.28947743E+000
  0.28949191E+000
  0.28950637E+000
  0.28952074E+000
  0.28953498E+000
  0.28954909E+000
  0.28956304E+000
  0.28957685E+000
  0.28959052E+000
  0.28960408E+000
  0.28961756E+000
  0.28963098E+000
  0.28964439E+000
  0.28965783E+000
  0.28967134E+000
  0.28968497E+000
  0.28969877E+000
  0.28971276E+000
  0.28972701E+000
  0.28974154E+000
  0.28975639E+000
  0.28977158E+000
  0.28978715E+000
  0.28980310E+000
  0.28981944E+000
  0.28983616E+000
  0.28985326E+000
  0.28987072E+000
  0.28988851E+000
  0.28990660E+000
  0.28992492E+000
  0.28994345E+000
  0.28996212E+000
  0.28998086E+000
  0.28999962E+000
  0.29001832E+000
  0.29003688E+000
  0.29005525E+000
  0.29007333E+000
  0.29009107E+000
  0.29010838E+000
  0.29012519E+000
  0.29014143E+000
  0.29015703E+000
  0.29017193E+000
  0.29018605E+000
  0.29019932E+000
  0.29021170E+000
  0.29022312E+000
  0.29023351E+000
  0.29024284E+000
  0.29025105E+000
  0.29025808E+000
  0.29026391E+000
  0.29026850E+000
  0.29027180E+000
  0.29027380E+000
  0.29027448E+000
  0.29027382E+000
  0.29027180E+000
  0.29026844E+000
  0.29026373E+000
  0.29025769E+000
  0.29025032E+000
  0.29024166E+000
  0.29023174E+000
  0.29022059E+000
  0.29020826E+000
  0.29019479E+000
  0.29018025E+000
  0.29016468E+000
  0.29014816E+000
  0.29013075E+000
  0.29011253E+000
  0.29009356E+000
  0.29007393E+000
  0.29005371E+000
  0.29003299E+000
  0.29001185E+000
  0.28999036E+000
  0.28996861E+000
  0.28994667E+000
  0.28992463E+000
  0.28990255E+000
  0.28988051E+000
  0.28985857E+000
  0.28983680E+000
  0.28981527E+000
  0.28979402E+000
  0.28977312E+000
  0.28975260E+000
  0.28973251E+000
  0.28971290E+000
  0.28969378E+000
  0.28967520E+000
  0.28965717E+000
  0.28963972E+000
  0.28962287E+000
  0.28960662E+000
  0.28959098E+000
  0.28957596E+000
  0.28956155E+000
  0.28954777E+000
  0.28953460E+000
  0.28952203E+000
  0.28951007E+000
  0.28949868E+000
  0.28948787E+000
  0.28947762E+000
  0.28946792E+000
  0.28945874E+000
  0.28945007E+000
  0.28944189E+000
  0.28943418E+000
  0.28942693E+000
  0.28942012E+000
  0.28941372E+000
  0.28940772E+000
  0.28940210E+000
  0.28939684E+000
  0.28939193E+000
  0.28938734E+000
  0.28938305E+000
  0.28937906E+000
  0.28937535E+000
  0.28937189E+000
  0.28936868E+000
  0.28936569E+000
  0.28936292E+000
  0.28936036E+000
  0.28935798E+000
  0.28935578E+000
  0.28935374E+000
  0.28935185E+000
  0.28935011E+000
  0.28934850E+000
  0.28934701E+000
  0.28934563E+000
  0.28934436E+000
  0.28934318E+000
  0.28934210E+000
  0.28934109E+000
  0.28934016E+000
  0.28933929E+000
  0.28933849E+000
  0.28933775E+000
  0.28933706E+000
  0.28933641E+000
  0.28933581E+000
  0.28933524E+000
  0.28933471E+000
  0.28933421E+000
  0.28933373E+000
  0.28933328E+000
  0.28933285E+000
  0.28933244E+000
  0.28933205E+000
  0.28933167E+000
  0.28933131E+000
  0.28933096E+000
  0.28933061E+000
  0.28933028E+000
  0.28932995E+000
  0.28932962E+000
  0.28932931E+000
  0.28932899E+000
  0.28932868E+000
  0.28932837E+000
  0.28932806E+000
  0.28932775E+000
  0.28932743E+000
  0.28932712E+000
  0.28932681E+000
  0.28932649E+000
  0.28932616E+000
  0.28932584E+000
  0.28932550E+000
  0.28932517E+000
  0.28932483E+000
  0.28932448E+000
  0.28932413E+000
  0.28932378E+000
  0.28932343E+000
  0.28932309E+000
  0.28932276E+000
  0.28932245E+000
  0.28932214E+000
