  0.37564396E+000
  0.37568874E+000
  0.37573094E+000
  0.37577070E+000
  0.37580821E+000
  0.37584365E+000
  0.37587722E+000
  0.37590911E+000
  0.37593948E+000
  0.37596848E+000
  0.37599626E+000
  0.37602296E+000
  0.37604869E+000
  0.37607356E+000
  0.37609767E+000
  0.37612111E+000
  0.37614397E+000
  0.37616631E+000
  0.37618821E+000
  0.37620973E+000
  0.37623092E+000
  0.37625184E+000
  0.37627253E+000
  0.37629303E+000
  0.37631338E+000
  0.37633362E+000
  0.37635378E+000
  0.37637387E+000
  0.37639393E+000
  0.37641397E+000
  0.37643400E+000
  0.37645403E+000
  0.37647408E+000
  0.37649415E+000
  0.37651423E+000
  0.37653433E+000
  0.37655442E+000
  0.37657451E+000
  0.37659457E+000
  0.37661458E+000
  0.37663451E+000
  0.37665435E+000
  0.37667405E+000
  0.37669358E+000
  0.37671290E+000
  0.37673195E+000
  0.37675071E+000
  0.37676910E+000
  0.37678709E+000
  0.37680460E+000
  0.37682159E+000
  0.37683798E+000
  0.37685372E+000
  0.37686874E+000
  0.37688297E+000
  0.37689635E+000
  0.37690881E+000
  0.37692028E+000
  0.37693069E+000
  0.37693999E+000
  0.37694810E+000
  0.37695497E+000
  0.37696055E+000
  0.37696477E+000
  0.37696759E+000
  0.37696897E+000
  0.37696886E+000
  0.37696723E+000
  0.37696405E+000
  0.37695930E+000
  0.37695297E+000
  0.37694505E+000
  0.37693553E+000
  0.37692443E+000
  0.37691175E+000
  0.37689753E+000
  0.37688179E+000
  0.37686456E+000
  0.37684590E+000
  0.37682586E+000
  0.37680449E+000
  0.37678186E+000
  0.37675805E+000
  0.37673313E+000
  0.37670718E+000
  0.37668029E+000
  0.37665256E+000
  0.37662407E+000
  0.37659492E+000
  0.37656521E+000
  0.37653503E+000
  0.37650450E+000
  0.37647369E+000
  0.37644272E+000
  0.37641168E+000
  0.37638066E+000
  0.37634974E+000
  0.37631901E+000
  0.37628856E+000
  0.37625846E+000
  0.37622878E+000
  0.37619958E+000
  0.37617094E+000
  0.37614290E+000
  0.37611551E+000
  0.37608881E+000
  0.37606285E+000
  0.37603765E+000
  0.37601325E+000
  0.37598965E+000
  0.37596689E+000
  0.37594496E+000
  0.37592388E+000
  0.37590365E+000
  0.37588427E+000
  0.37586572E+000
  0.37584801E+000
  0.37583112E+000
  0.37581504E+000
  0.37579975E+000
  0.37578523E+000
  0.37577147E+000
  0.37575843E+000
  0.37574611E+000
  0.37573446E+000
  0.37572348E+000
  0.37571313E+000
  0.37570339E+000
  0.37569424E+000
  0.37568564E+000
  0.37567758E+000
  0.37567003E+000
  0.37566296E+000
  0.37565635E+000
  0.37565017E+000
  0.37564441E+000
  0.37563904E+000
  0.37563404E+000
  0.37562939E+000
  0.37562506E+000
  0.37562104E+000
  0.37561731E+000
  0.37561385E+000
  0.37561064E+000
  0.37560767E+000
  0.37560492E+000
  0.37560237E+000
  0.37560001E+000
  0.37559784E+000
  0.37559582E+000
  0.37559396E+000
  0.37559223E+000
  0.37559064E+000
  0.37558916E+000
  0.37558780E+000
  0.37558653E+000
  0.37558535E+000
  0.37558426E+000
  0.37558324E+000
  0.37558229E+000
  0.37558141E+000
  0.37558057E+000
  0.37557979E+000
  0.37557906E+000
  0.37557836E+000
  0.37557770E+000
  0.37557708E+000
  0.37557648E+000
  0.37557591E+000
  0.37557536E+000
  0.37557482E+000
  0.37557431E+000
  0.37557381E+000
  0.37557332E+000
  0.37557284E+000
  0.37557237E+000
  0.37557191E+000
  0.37557146E+000
  0.37557100E+000
  0.37557055E+000
  0.37557011E+000
  0.37556966E+000
  0.37556921E+000
  0.37556876E+000
  0.37556830E+000
  0.37556785E+000
  0.37556738E+000
  0.37556691E+000
  0.37556643E+000
  0.37556595E+000
  0.37556546E+000
  0.37556496E+000
  0.37556445E+000
  0.37556394E+000
  0.37556343E+000
  0.37556293E+000
  0.37556243E+000
  0.37556195E+000
  0.37556151E+000
  0.37556107E+000
