  0.52304222E+000
  0.52814929E+000
  0.52801175E+000
  0.52738710E+000
  0.52679655E+000
  0.52629373E+000
  0.52587414E+000
  0.52552572E+000
  0.52523335E+000
  0.52498928E+000
  0.52478647E+000
  0.52461811E+000
  0.52447847E+000
  0.52436282E+000
  0.52426721E+000
  0.52418838E+000
  0.52412358E+000
  0.52407052E+000
  0.52402725E+000
  0.52399215E+000
  0.52396386E+000
  0.52394120E+000
  0.52392322E+000
  0.52390909E+000
  0.52389812E+000
  0.52388973E+000
  0.52388344E+000
  0.52387884E+000
  0.52387561E+000
  0.52387346E+000
  0.52387216E+000
  0.52387155E+000
  0.52387147E+000
  0.52387182E+000
  0.52387252E+000
  0.52387353E+000
  0.52387479E+000
  0.52387628E+000
  0.52387801E+000
  0.52388000E+000
  0.52388225E+000
  0.52388481E+000
  0.52388769E+000
  0.52389094E+000
  0.52389458E+000
  0.52389864E+000
  0.52390313E+000
  0.52390806E+000
  0.52391342E+000
  0.52391922E+000
  0.52392546E+000
  0.52393209E+000
  0.52393910E+000
  0.52394643E+000
  0.52395403E+000
  0.52396186E+000
  0.52396984E+000
  0.52397791E+000
  0.52398601E+000
  0.52399406E+000
  0.52400199E+000
  0.52400975E+000
  0.52401724E+000
  0.52402442E+000
  0.52403121E+000
  0.52403754E+000
  0.52404335E+000
  0.52404855E+000
  0.52405308E+000
  0.52405686E+000
  0.52405979E+000
  0.52406151E+000
  0.52406206E+000
  0.52406180E+000
  0.52406072E+000
  0.52405879E+000
  0.52405596E+000
  0.52405223E+000
  0.52404756E+000
  0.52404196E+000
  0.52403540E+000
  0.52402789E+000
  0.52401943E+000
  0.52401004E+000
  0.52399973E+000
  0.52398853E+000
  0.52397646E+000
  0.52396355E+000
  0.52394985E+000
  0.52393539E+000
  0.52392022E+000
  0.52390439E+000
  0.52388794E+000
  0.52387094E+000
  0.52385344E+000
  0.52383550E+000
  0.52381717E+000
  0.52379851E+000
  0.52377958E+000
  0.52376043E+000
  0.52374113E+000
  0.52372172E+000
  0.52370227E+000
  0.52368281E+000
  0.52366339E+000
  0.52364407E+000
  0.52362489E+000
  0.52360587E+000
  0.52358707E+000
  0.52356851E+000
  0.52355022E+000
  0.52353223E+000
  0.52351456E+000
  0.52349725E+000
  0.52348029E+000
  0.52346372E+000
  0.52344754E+000
  0.52343177E+000
  0.52341641E+000
  0.52340147E+000
  0.52338696E+000
  0.52337288E+000
  0.52335922E+000
  0.52334600E+000
  0.52333321E+000
  0.52332084E+000
  0.52330889E+000
  0.52329736E+000
  0.52328625E+000
  0.52327554E+000
  0.52326523E+000
  0.52325531E+000
  0.52324577E+000
  0.52323662E+000
  0.52322782E+000
  0.52321939E+000
  0.52321130E+000
  0.52320355E+000
  0.52319614E+000
  0.52318904E+000
  0.52318225E+000
  0.52317576E+000
  0.52316956E+000
  0.52316364E+000
  0.52315800E+000
  0.52315261E+000
  0.52314747E+000
  0.52314258E+000
  0.52313791E+000
  0.52313347E+000
  0.52312924E+000
  0.52312522E+000
  0.52312139E+000
  0.52311775E+000
  0.52311429E+000
  0.52311100E+000
  0.52310787E+000
  0.52310490E+000
  0.52310208E+000
  0.52309939E+000
  0.52309684E+000
  0.52309441E+000
  0.52309211E+000
  0.52308992E+000
  0.52308784E+000
  0.52308585E+000
  0.52308397E+000
  0.52308218E+000
  0.52308047E+000
  0.52307885E+000
  0.52307730E+000
  0.52307583E+000
  0.52307442E+000
  0.52307308E+000
  0.52307180E+000
  0.52307058E+000
  0.52306941E+000
  0.52306829E+000
  0.52306722E+000
  0.52306620E+000
  0.52306522E+000
  0.52306428E+000
  0.52306337E+000
  0.52306251E+000
  0.52306168E+000
  0.52306088E+000
  0.52306011E+000
  0.52305936E+000
  0.52305865E+000
  0.52305796E+000
  0.52305729E+000
  0.52305664E+000
  0.52305601E+000
  0.52305539E+000
  0.52305478E+000
  0.52305417E+000
  0.52305355E+000
  0.52305291E+000
  0.52305219E+000
  0.52305133E+000
