  0.42434283E+000
  0.42510618E+000
  0.42578725E+000
  0.42636746E+000
  0.42685590E+000
  0.42727290E+000
  0.42762491E+000
  0.42792340E+000
  0.42817574E+000
  0.42838904E+000
  0.42857127E+000
  0.42872477E+000
  0.42885256E+000
  0.42896234E+000
  0.42905782E+000
  0.42913498E+000
  0.42919983E+000
  0.42925706E+000
  0.42930394E+000
  0.42934303E+000
  0.42937562E+000
  0.42940199E+000
  0.42942704E+000
  0.42944343E+000
  0.42945794E+000
  0.42947002E+000
  0.42947956E+000
  0.42948651E+000
  0.42949374E+000
  0.42949720E+000
  0.42950113E+000
  0.42950148E+000
  0.42950372E+000
  0.42950341E+000
  0.42950386E+000
  0.42950358E+000
  0.42950243E+000
  0.42950047E+000
  0.42949993E+000
  0.42949899E+000
  0.42949687E+000
  0.42949394E+000
  0.42949168E+000
  0.42948730E+000
  0.42948490E+000
  0.42948337E+000
  0.42948160E+000
  0.42947882E+000
  0.42947621E+000
  0.42947430E+000
  0.42947343E+000
  0.42947130E+000
  0.42947043E+000
  0.42946738E+000
  0.42946466E+000
  0.42946455E+000
  0.42946220E+000
  0.42946055E+000
  0.42945940E+000
  0.42945936E+000
  0.42945827E+000
  0.42945737E+000
  0.42945718E+000
  0.42945593E+000
  0.42945539E+000
  0.42945586E+000
  0.42945705E+000
  0.42945737E+000
  0.42945623E+000
  0.42945847E+000
  0.42945899E+000
  0.42946065E+000
  0.42946444E+000
  0.42946493E+000
  0.42946724E+000
  0.42947011E+000
  0.42947192E+000
  0.42947481E+000
  0.42947735E+000
  0.42948043E+000
  0.42948358E+000
  0.42948610E+000
  0.42949018E+000
  0.42949474E+000
  0.42949898E+000
  0.42950236E+000
  0.42950543E+000
  0.42950915E+000
  0.42951343E+000
  0.42951690E+000
  0.42952213E+000
  0.42952683E+000
  0.42953116E+000
  0.42953431E+000
  0.42953912E+000
  0.42954361E+000
  0.42954729E+000
  0.42955165E+000
  0.42955605E+000
  0.42955997E+000
  0.42956389E+000
  0.42956805E+000
  0.42957203E+000
  0.42957587E+000
  0.42957978E+000
  0.42958359E+000
  0.42958742E+000
  0.42959193E+000
  0.42959619E+000
  0.42960037E+000
  0.42960462E+000
  0.42960884E+000
  0.42961298E+000
  0.42961775E+000
  0.42962202E+000
  0.42962646E+000
  0.42963183E+000
  0.42963640E+000
  0.42964102E+000
  0.42964571E+000
  0.42965049E+000
  0.42965539E+000
  0.42966040E+000
  0.42966554E+000
  0.42967079E+000
  0.42967618E+000
  0.42968170E+000
  0.42968737E+000
  0.42969319E+000
  0.42969916E+000
  0.42970530E+000
  0.42971159E+000
  0.42971806E+000
  0.42972470E+000
  0.42973150E+000
  0.42973845E+000
  0.42974559E+000
  0.42975293E+000
  0.42976042E+000
  0.42976809E+000
  0.42977505E+000
  0.42978307E+000
  0.42979123E+000
  0.42979957E+000
  0.42980808E+000
  0.42981674E+000
  0.42982556E+000
  0.42983451E+000
  0.42984362E+000
  0.42985288E+000
  0.42986228E+000
  0.42987178E+000
  0.42988143E+000
  0.42989120E+000
  0.42990107E+000
  0.42991110E+000
  0.42992117E+000
  0.42993134E+000
  0.42994158E+000
  0.42995190E+000
  0.42996228E+000
  0.42997275E+000
  0.42998324E+000
  0.42999380E+000
  0.43000437E+000
  0.43001504E+000
  0.43002565E+000
  0.43003627E+000
  0.43004690E+000
  0.43005744E+000
  0.43006804E+000
  0.43007859E+000
  0.43008914E+000
  0.43009966E+000
  0.43011013E+000
  0.43012056E+000
  0.43013093E+000
  0.43014121E+000
  0.43015144E+000
  0.43016159E+000
  0.43017167E+000
  0.43018165E+000
  0.43019155E+000
  0.43020129E+000
  0.43021098E+000
  0.43022056E+000
  0.43023003E+000
  0.43023938E+000
  0.43024862E+000
  0.43025775E+000
  0.43026673E+000
  0.43027559E+000
  0.43028432E+000
  0.43029291E+000
  0.43030138E+000
  0.43030972E+000
  0.43031794E+000
  0.43032602E+000
  0.43033402E+000
  0.43034292E+000
