  0.93159550E+000
  0.93198953E+000
  0.93227877E+000
  0.93249752E+000
  0.93266329E+000
  0.93278756E+000
  0.93287898E+000
  0.93294431E+000
  0.93298896E+000
  0.93301723E+000
  0.93303263E+000
  0.93303794E+000
  0.93303540E+000
  0.93302677E+000
  0.93301349E+000
  0.93299670E+000
  0.93297731E+000
  0.93295604E+000
  0.93293343E+000
  0.93290994E+000
  0.93288589E+000
  0.93286155E+000
  0.93283709E+000
  0.93281267E+000
  0.93278838E+000
  0.93276429E+000
  0.93274044E+000
  0.93271686E+000
  0.93269357E+000
  0.93267056E+000
  0.93264784E+000
  0.93262539E+000
  0.93260321E+000
  0.93258129E+000
  0.93255963E+000
  0.93253821E+000
  0.93251703E+000
  0.93249610E+000
  0.93247541E+000
  0.93245497E+000
  0.93243479E+000
  0.93241487E+000
  0.93239521E+000
  0.93237583E+000
  0.93235672E+000
  0.93233788E+000
  0.93231931E+000
  0.93230099E+000
  0.93228292E+000
  0.93226508E+000
  0.93224744E+000
  0.93222998E+000
  0.93221267E+000
  0.93219548E+000
  0.93217839E+000
  0.93216136E+000
  0.93214437E+000
  0.93212740E+000
  0.93211043E+000
  0.93209345E+000
  0.93207644E+000
  0.93205941E+000
  0.93204236E+000
  0.93202530E+000
  0.93200824E+000
  0.93199120E+000
  0.93197421E+000
  0.93195729E+000
  0.93194045E+000
  0.93192375E+000
  0.93190720E+000
  0.93189084E+000
  0.93187469E+000
  0.93185880E+000
  0.93184319E+000
  0.93182790E+000
  0.93181295E+000
  0.93179838E+000
  0.93178421E+000
  0.93177046E+000
  0.93175716E+000
  0.93174433E+000
  0.93173198E+000
  0.93172014E+000
  0.93170882E+000
  0.93169802E+000
  0.93168776E+000
  0.93167804E+000
  0.93166887E+000
  0.93166024E+000
  0.93165215E+000
  0.93164459E+000
  0.93163756E+000
  0.93163105E+000
  0.93162504E+000
  0.93161953E+000
  0.93161449E+000
  0.93160991E+000
  0.93160577E+000
  0.93160205E+000
  0.93159873E+000
  0.93159580E+000
  0.93159321E+000
  0.93159096E+000
  0.93158903E+000
  0.93158738E+000
  0.93158601E+000
  0.93158488E+000
  0.93158397E+000
  0.93158328E+000
  0.93158276E+000
  0.93158242E+000
  0.93158222E+000
  0.93158216E+000
  0.93158221E+000
  0.93158237E+000
  0.93158262E+000
  0.93158294E+000
  0.93158333E+000
  0.93158377E+000
  0.93158426E+000
  0.93158478E+000
  0.93158533E+000
  0.93158591E+000
  0.93158650E+000
  0.93158710E+000
  0.93158771E+000
  0.93158832E+000
  0.93158893E+000
  0.93158953E+000
  0.93159012E+000
  0.93159071E+000
  0.93159129E+000
  0.93159185E+000
  0.93159240E+000
  0.93159293E+000
  0.93159345E+000
  0.93159395E+000
  0.93159443E+000
  0.93159490E+000
  0.93159535E+000
  0.93159578E+000
  0.93159619E+000
  0.93159658E+000
  0.93159696E+000
  0.93159732E+000
  0.93159766E+000
  0.93159798E+000
  0.93159828E+000
  0.93159857E+000
  0.93159884E+000
  0.93159909E+000
  0.93159933E+000
  0.93159955E+000
  0.93159976E+000
  0.93159994E+000
  0.93160012E+000
  0.93160028E+000
  0.93160042E+000
  0.93160055E+000
  0.93160067E+000
  0.93160077E+000
  0.93160086E+000
  0.93160094E+000
  0.93160100E+000
  0.93160106E+000
  0.93160110E+000
  0.93160113E+000
  0.93160115E+000
  0.93160117E+000
  0.93160117E+000
  0.93160116E+000
  0.93160115E+000
  0.93160113E+000
  0.93160110E+000
  0.93160106E+000
  0.93160102E+000
  0.93160097E+000
  0.93160091E+000
  0.93160085E+000
  0.93160079E+000
  0.93160072E+000
  0.93160064E+000
  0.93160056E+000
  0.93160048E+000
  0.93160040E+000
  0.93160031E+000
  0.93160022E+000
  0.93160012E+000
  0.93160003E+000
  0.93159993E+000
  0.93159982E+000
  0.93159971E+000
  0.93159960E+000
  0.93159947E+000
  0.93159934E+000
  0.93159918E+000
  0.93159901E+000
  0.93159879E+000
  0.93159850E+000
