  0.82262890E+000
  0.82262560E+000
  0.82262308E+000
  0.82262133E+000
  0.82262026E+000
  0.82261980E+000
  0.82261989E+000
  0.82262045E+000
  0.82262142E+000
  0.82262274E+000
  0.82262435E+000
  0.82262622E+000
  0.82262831E+000
  0.82263058E+000
  0.82263300E+000
  0.82263557E+000
  0.82263827E+000
  0.82264107E+000
  0.82264397E+000
  0.82264697E+000
  0.82265005E+000
  0.82265320E+000
  0.82265644E+000
  0.82265974E+000
  0.82266311E+000
  0.82266654E+000
  0.82267005E+000
  0.82267361E+000
  0.82267725E+000
  0.82268094E+000
  0.82268470E+000
  0.82268852E+000
  0.82269241E+000
  0.82269635E+000
  0.82270036E+000
  0.82270443E+000
  0.82270855E+000
  0.82271273E+000
  0.82271697E+000
  0.82272125E+000
  0.82272558E+000
  0.82272996E+000
  0.82273437E+000
  0.82273881E+000
  0.82274327E+000
  0.82274776E+000
  0.82275225E+000
  0.82275674E+000
  0.82276122E+000
  0.82276569E+000
  0.82277012E+000
  0.82277450E+000
  0.82277883E+000
  0.82278309E+000
  0.82278726E+000
  0.82279133E+000
  0.82279528E+000
  0.82279910E+000
  0.82280277E+000
  0.82280627E+000
  0.82280958E+000
  0.82281268E+000
  0.82281556E+000
  0.82281820E+000
  0.82282057E+000
  0.82282267E+000
  0.82282447E+000
  0.82282595E+000
  0.82282710E+000
  0.82282790E+000
  0.82282834E+000
  0.82282839E+000
  0.82282806E+000
  0.82282732E+000
  0.82282617E+000
  0.82282460E+000
  0.82282259E+000
  0.82282014E+000
  0.82281725E+000
  0.82281392E+000
  0.82281014E+000
  0.82280591E+000
  0.82280124E+000
  0.82279613E+000
  0.82279059E+000
  0.82278462E+000
  0.82277824E+000
  0.82277146E+000
  0.82276430E+000
  0.82275675E+000
  0.82274886E+000
  0.82274062E+000
  0.82273206E+000
  0.82272321E+000
  0.82271407E+000
  0.82270468E+000
  0.82269506E+000
  0.82268523E+000
  0.82267521E+000
  0.82266503E+000
  0.82265472E+000
  0.82264429E+000
  0.82263377E+000
  0.82262319E+000
  0.82261257E+000
  0.82260193E+000
  0.82259130E+000
  0.82258070E+000
  0.82257015E+000
  0.82255968E+000
  0.82254929E+000
  0.82253902E+000
  0.82252888E+000
  0.82251889E+000
  0.82250906E+000
  0.82249942E+000
  0.82248998E+000
  0.82248074E+000
  0.82247174E+000
  0.82246297E+000
  0.82245444E+000
  0.82244618E+000
  0.82243819E+000
  0.82243047E+000
  0.82242304E+000
  0.82241590E+000
  0.82240906E+000
  0.82240252E+000
  0.82239629E+000
  0.82239036E+000
  0.82238476E+000
  0.82237947E+000
  0.82237449E+000
  0.82236983E+000
  0.82236549E+000
  0.82236147E+000
  0.82235776E+000
  0.82235437E+000
  0.82235128E+000
  0.82234851E+000
  0.82234603E+000
  0.82234386E+000
  0.82234198E+000
  0.82234040E+000
  0.82233910E+000
  0.82233807E+000
  0.82233732E+000
  0.82233684E+000
  0.82233662E+000
  0.82233665E+000
  0.82233692E+000
  0.82233744E+000
  0.82233818E+000
  0.82233914E+000
  0.82234032E+000
  0.82234171E+000
  0.82234329E+000
  0.82234507E+000
  0.82234702E+000
  0.82234915E+000
  0.82235144E+000
  0.82235388E+000
  0.82235648E+000
  0.82235921E+000
  0.82236207E+000
  0.82236505E+000
  0.82236815E+000
  0.82237136E+000
  0.82237466E+000
  0.82237805E+000
  0.82238153E+000
  0.82238508E+000
  0.82238870E+000
  0.82239238E+000
  0.82239611E+000
  0.82239989E+000
  0.82240371E+000
  0.82240757E+000
  0.82241145E+000
  0.82241536E+000
  0.82241928E+000
  0.82242321E+000
  0.82242715E+000
  0.82243109E+000
  0.82243503E+000
  0.82243895E+000
  0.82244286E+000
  0.82244675E+000
  0.82245063E+000
  0.82245447E+000
  0.82245828E+000
  0.82246206E+000
  0.82246580E+000
  0.82246951E+000
  0.82247316E+000
  0.82247677E+000
  0.82248033E+000
  0.82248384E+000
  0.82248731E+000
  0.82249072E+000
