  0.35433293E+000
  0.35422464E+000
  0.35413215E+000
  0.35405429E+000
  0.35398761E+000
  0.35393009E+000
  0.35388133E+000
  0.35383838E+000
  0.35380042E+000
  0.35376790E+000
  0.35374224E+000
  0.35371765E+000
  0.35369460E+000
  0.35367486E+000
  0.35365763E+000
  0.35364205E+000
  0.35362808E+000
  0.35361581E+000
  0.35360343E+000
  0.35359267E+000
  0.35358259E+000
  0.35357336E+000
  0.35356411E+000
  0.35355571E+000
  0.35354766E+000
  0.35353963E+000
  0.35353184E+000
  0.35352437E+000
  0.35351709E+000
  0.35350952E+000
  0.35350187E+000
  0.35349471E+000
  0.35348764E+000
  0.35348007E+000
  0.35347223E+000
  0.35346434E+000
  0.35345827E+000
  0.35344796E+000
  0.35343974E+000
  0.35343140E+000
  0.35342442E+000
  0.35341452E+000
  0.35340498E+000
  0.35339633E+000
  0.35338695E+000
  0.35337792E+000
  0.35336767E+000
  0.35335818E+000
  0.35334879E+000
  0.35333883E+000
  0.35332873E+000
  0.35331859E+000
  0.35330870E+000
  0.35329860E+000
  0.35328863E+000
  0.35327813E+000
  0.35326881E+000
  0.35325873E+000
  0.35324758E+000
  0.35323701E+000
  0.35322723E+000
  0.35321768E+000
  0.35320780E+000
  0.35319838E+000
  0.35318897E+000
  0.35318047E+000
  0.35317122E+000
  0.35316286E+000
  0.35315426E+000
  0.35314687E+000
  0.35313984E+000
  0.35313254E+000
  0.35312719E+000
  0.35312098E+000
  0.35311453E+000
  0.35310911E+000
  0.35310419E+000
  0.35309956E+000
  0.35309553E+000
  0.35308993E+000
  0.35308681E+000
  0.35308407E+000
  0.35308172E+000
  0.35308001E+000
  0.35307890E+000
  0.35307787E+000
  0.35307734E+000
  0.35307692E+000
  0.35307611E+000
  0.35307669E+000
  0.35307731E+000
  0.35307834E+000
  0.35307992E+000
  0.35308191E+000
  0.35308399E+000
  0.35308627E+000
  0.35308884E+000
  0.35309158E+000
  0.35309482E+000
  0.35309834E+000
  0.35310169E+000
  0.35310553E+000
  0.35310926E+000
  0.35311309E+000
  0.35311705E+000
  0.35312130E+000
  0.35312541E+000
  0.35312970E+000
  0.35313406E+000
  0.35313846E+000
  0.35314300E+000
  0.35314776E+000
  0.35315241E+000
  0.35315712E+000
  0.35316190E+000
  0.35316674E+000
  0.35317168E+000
  0.35317670E+000
  0.35318178E+000
  0.35318694E+000
  0.35319218E+000
  0.35319751E+000
  0.35320294E+000
  0.35320845E+000
  0.35321406E+000
  0.35321979E+000
  0.35322565E+000
  0.35323163E+000
  0.35323774E+000
  0.35324398E+000
  0.35325036E+000
  0.35325687E+000
  0.35326352E+000
  0.35327033E+000
  0.35327728E+000
  0.35328439E+000
  0.35329165E+000
  0.35329907E+000
  0.35330665E+000
  0.35331439E+000
  0.35332228E+000
  0.35333033E+000
  0.35333854E+000
  0.35334690E+000
  0.35335542E+000
  0.35336409E+000
  0.35337291E+000
  0.35338188E+000
  0.35339099E+000
  0.35340024E+000
  0.35340963E+000
  0.35341915E+000
  0.35342878E+000
  0.35343854E+000
  0.35344842E+000
  0.35345841E+000
  0.35346849E+000
  0.35347868E+000
  0.35348894E+000
  0.35349929E+000
  0.35350972E+000
  0.35352021E+000
  0.35353076E+000
  0.35354136E+000
  0.35355200E+000
  0.35356268E+000
  0.35357339E+000
  0.35358412E+000
  0.35359487E+000
  0.35360562E+000
  0.35361636E+000
  0.35362710E+000
  0.35363782E+000
  0.35364851E+000
  0.35365917E+000
  0.35366979E+000
  0.35368036E+000
  0.35369088E+000
  0.35370134E+000
  0.35371174E+000
  0.35372206E+000
  0.35373231E+000
  0.35374246E+000
  0.35375253E+000
  0.35376250E+000
  0.35377237E+000
  0.35378213E+000
  0.35379179E+000
  0.35380133E+000
  0.35381076E+000
  0.35382005E+000
  0.35382922E+000
  0.35383827E+000
  0.35384718E+000
  0.35385596E+000
  0.35386460E+000
  0.35387311E+000
  0.35388149E+000
  0.35388974E+000
  0.35389789E+000
