  0.30387912E+000  0.31846080E+000  0.46007078E+000  0.62776830E+000  0.80398336E+000  0.91132472E+000  0.12870709E+001  0.18930970E+001  0.26398518E+001  0.41052094E+001  0.58460939E+001
  0.30376141E+000  0.31846409E+000  0.46007078E+000  0.62776830E+000  0.80389775E+000  0.91121928E+000  0.12870709E+001  0.18908248E+001  0.26342787E+001  0.41035244E+001  0.58453995E+001
  0.30366111E+000  0.31846348E+000  0.46007078E+000  0.62776830E+000  0.80375095E+000  0.91112291E+000  0.12870709E+001  0.18898728E+001  0.26338181E+001  0.41036459E+001  0.58446933E+001
  0.30357565E+000  0.31846409E+000  0.46007078E+000  0.62776830E+000  0.80374412E+000  0.91106969E+000  0.12870709E+001  0.18896321E+001  0.26311690E+001  0.41032297E+001  0.58441428E+001
  0.30350987E+000  0.31846215E+000  0.46007078E+000  0.62776830E+000  0.80370158E+000  0.91102132E+000  0.12870709E+001  0.18893907E+001  0.26281576E+001  0.41012809E+001  0.58442193E+001
  0.30345783E+000  0.31846409E+000  0.46007078E+000  0.62776830E+000  0.80366000E+000  0.91092546E+000  0.12870709E+001  0.18892354E+001  0.26277585E+001  0.41012099E+001  0.58438063E+001
  0.30341364E+000  0.31846409E+000  0.46007078E+000  0.62776830E+000  0.80362438E+000  0.91088924E+000  0.12870709E+001  0.18890616E+001  0.26274196E+001  0.41006157E+001  0.58431327E+001
  0.30337607E+000  0.31845831E+000  0.46007078E+000  0.62776830E+000  0.80355933E+000  0.91085823E+000  0.12870709E+001  0.18889708E+001  0.26271317E+001  0.40997845E+001  0.58425118E+001
  0.30334405E+000  0.31846409E+000  0.46007078E+000  0.62776830E+000  0.80355152E+000  0.91086494E+000  0.12870709E+001  0.18888488E+001  0.26269289E+001  0.40997842E+001  0.58421453E+001
  0.30331673E+000  0.31846409E+000  0.46007078E+000  0.62776830E+000  0.80350475E+000  0.91080149E+000  0.12870709E+001  0.18887291E+001  0.26266778E+001  0.40996483E+001  0.58418864E+001
  0.30329336E+000  0.31846409E+000  0.45995496E+000  0.62776830E+000  0.80350099E+000  0.91078872E+000  0.12870709E+001  0.18886234E+001  0.26264989E+001  0.40996820E+001  0.58416589E+001
  0.30327334E+000  0.31846365E+000  0.45995484E+000  0.62776830E+000  0.80346478E+000  0.91078977E+000  0.12870709E+001  0.18885302E+001  0.26263453E+001  0.40997703E+001  0.58414587E+001
  0.30325615E+000  0.31845895E+000  0.46007078E+000  0.62776830E+000  0.80347172E+000  0.91077670E+000  0.12870709E+001  0.18884479E+001  0.26262130E+001  0.40996943E+001  0.58412820E+001
  0.30324136E+000  0.31845492E+000  0.46007078E+000  0.62776830E+000  0.80344711E+000  0.91074866E+000  0.12870709E+001  0.18883751E+001  0.26261916E+001  0.40994636E+001  0.58385607E+001
  0.30316783E+000  0.31845145E+000  0.46007078E+000  0.62776830E+000  0.80345163E+000  0.91072409E+000  0.12870709E+001  0.18883108E+001  0.26260718E+001  0.40993208E+001  0.58380551E+001
  0.30315487E+000  0.31844846E+000  0.46007078E+000  0.62776830E+000  0.80343169E+000  0.91073850E+000  0.12870709E+001  0.18882537E+001  0.26259670E+001  0.40989458E+001  0.58378404E+001
  0.30314372E+000  0.31844589E+000  0.46007078E+000  0.62776830E+000  0.80341446E+000  0.91071779E+000  0.12870709E+001  0.18882029E+001  0.26258750E+001  0.40988630E+001  0.58364175E+001
  0.30313409E+000  0.31844386E+000  0.46007078E+000  0.62776830E+000  0.80339953E+000  0.91071709E+000  0.12870709E+001  0.18880376E+001  0.26257942E+001  0.40987942E+001  0.58334010E+001
  0.30312672E+000  0.31846381E+000  0.46007078E+000  0.62776830E+000  0.80338656E+000  0.91069846E+000  0.12870709E+001  0.18880078E+001  0.26257229E+001  0.40987364E+001  0.58314792E+001
  0.30312067E+000  0.31846239E+000  0.46007078E+000  0.62776830E+000  0.80337525E+000  0.91068218E+000  0.12870709E+001  0.18879812E+001  0.26256599E+001  0.40986876E+001  0.58218642E+001
  0.30311541E+000  0.31846116E+000  0.46007078E+000  0.62776830E+000  0.80336534E+000  0.91069501E+000  0.12870709E+001  0.18879572E+001  0.26256104E+001  0.40986461E+001  0.58176844E+001
  0.30311081E+000  0.31846008E+000  0.46007078E+000  0.62776830E+000  0.80335662E+000  0.91068007E+000  0.12870709E+001  0.18879354E+001  0.26255682E+001  0.40986109E+001  0.58153977E+001
  0.30310677E+000  0.31846409E+000  0.46007078E+000  0.62776830E+000  0.80334891E+000  0.91066679E+000  0.12870709E+001  0.18879155E+001  0.26255297E+001  0.40985810E+001  0.58110172E+001
  0.30310321E+000  0.31846409E+000  0.46007078E+000  0.62776830E+000  0.80334203E+000  0.91065489E+000  0.12870709E+001  0.18878970E+001  0.26254945E+001  0.40985555E+001  0.58038651E+001
  0.30310005E+000  0.31846409E+000  0.46007078E+000  0.62776830E+000  0.80333585E+000  0.91064416E+000  0.12870709E+001  0.18878799E+001  0.26254618E+001  0.40985338E+001  0.58033272E+001
  0.30309722E+000  0.31846409E+000  0.46007078E+000  0.62776830E+000  0.80333025E+000  0.91063439E+000  0.12870709E+001  0.18878637E+001  0.26254312E+001  0.40985153E+001  0.58030865E+001
  0.30309466E+000  0.31846409E+000  0.46007078E+000  0.62776830E+000  0.80332513E+000  0.91062542E+000  0.12870709E+001  0.18878484E+001  0.26254023E+001  0.40986124E+001  0.58026584E+001
  0.30309232E+000  0.31846409E+000  0.46007078E+000  0.62776830E+000  0.80332040E+000  0.91061708E+000  0.12870709E+001  0.18878336E+001  0.26253745E+001  0.40985814E+001  0.57990425E+001
  0.30309017E+000  0.31846409E+000  0.46007078E+000  0.62776830E+000  0.80331597E+000  0.91060927E+000  0.12870709E+001  0.18878194E+001  0.26253477E+001  0.40985496E+001  0.57985625E+001
  0.30308816E+000  0.31846409E+000  0.46007078E+000  0.62776830E+000  0.80331179E+000  0.91060185E+000  0.12870709E+001  0.18878054E+001  0.26253213E+001  0.40985172E+001  0.57984585E+001
  0.30308626E+000  0.31846409E+000  0.46007078E+000  0.62776830E+000  0.80330778E+000  0.91059474E+000  0.12870709E+001  0.18877917E+001  0.26252953E+001  0.40984842E+001  0.57865400E+001
  0.30308444E+000  0.31846409E+000  0.46007078E+000  0.62776830E+000  0.80330391E+000  0.91058784E+000  0.12870709E+001  0.18877780E+001  0.26252692E+001  0.40984508E+001  0.57810703E+001
  0.30308269E+000  0.31846409E+000  0.46007078E+000  0.62776830E+000  0.80330012E+000  0.91058109E+000  0.12870709E+001  0.18877644E+001  0.26255072E+001  0.40984170E+001  0.57808981E+001
  0.30308097E+000  0.31846409E+000  0.46007078E+000  0.62776830E+000  0.80329637E+000  0.91057442E+000  0.12870709E+001  0.18877507E+001  0.26254730E+001  0.40983827E+001  0.57807557E+001
  0.30307927E+000  0.31846409E+000  0.46007078E+000  0.62776830E+000  0.80329264E+000  0.91056778E+000  0.12870709E+001  0.18877368E+001  0.26254382E+001  0.40983480E+001  0.57806437E+001
  0.30307757E+000  0.31846409E+000  0.46007078E+000  0.62776830E+000  0.80328890E+000  0.91056111E+000  0.12870709E+001  0.18877227E+001  0.26254025E+001  0.40983019E+001  0.57775762E+001
  0.30307587E+000  0.31846409E+000  0.45995425E+000  0.62776830E+000  0.80328511E+000  0.91055438E+000  0.12870709E+001  0.18877084E+001  0.26253659E+001  0.40981943E+001  0.57775274E+001
  0.30307415E+000  0.31846409E+000  0.46007078E+000  0.62776830E+000  0.80328126E+000  0.91063736E+000  0.12870709E+001  0.18876937E+001  0.26253280E+001  0.40981546E+001  0.57774698E+001
  0.30312862E+000  0.31846409E+000  0.46007078E+000  0.62776830E+000  0.80327733E+000  0.91062677E+000  0.12870709E+001  0.18876787E+001  0.26252888E+001  0.40981145E+001  0.57774028E+001
  0.30312618E+000  0.31846409E+000  0.46007078E+000  0.62776830E+000  0.80327331E+000  0.91061590E+000  0.12870709E+001  0.18876634E+001  0.26252480E+001  0.40980739E+001  0.57773257E+001
  0.30312368E+000  0.31846409E+000  0.46007078E+000  0.62766130E+000  0.80326918E+000  0.91060475E+000  0.12870709E+001  0.18876476E+001  0.26252057E+001  0.40980330E+001  0.57772379E+001
  0.30312112E+000  0.31846409E+000  0.46007078E+000  0.62776830E+000  0.80326494E+000  0.91061857E+000  0.12870709E+001  0.18876314E+001  0.26251615E+001  0.40979917E+001  0.57755790E+001
  0.30311848E+000  0.31846409E+000  0.46007078E+000  0.62776830E+000  0.80326155E+000  0.91060908E+000  0.12870709E+001  0.18878867E+001  0.26251154E+001  0.40979501E+001  0.57723487E+001
  0.30311577E+000  0.31846409E+000  0.46007078E+000  0.62776830E+000  0.80325806E+000  0.91059931E+000  0.12870709E+001  0.18878587E+001  0.26250674E+001  0.40979083E+001  0.57711929E+001
  0.30311299E+000  0.31846409E+000  0.46007078E+000  0.62776830E+000  0.80325446E+000  0.91058926E+000  0.12870709E+001  0.18878240E+001  0.26250173E+001  0.40978664E+001  0.57695987E+001
  0.30311013E+000  0.31846409E+000  0.46007078E+000  0.62776830E+000  0.80325076E+000  0.91057892E+000  0.12870709E+001  0.18878034E+001  0.26249650E+001  0.40978246E+001  0.57669582E+001
  0.30310720E+000  0.31846409E+000  0.46007078E+000  0.62776830E+000  0.80324695E+000  0.91056829E+000  0.12870709E+001  0.18877823E+001  0.26249105E+001  0.40973728E+001  0.57608529E+001
  0.30310419E+000  0.31846409E+000  0.46007078E+000  0.62776830E+000  0.80324303E+000  0.91055737E+000  0.12870709E+001  0.18877367E+001  0.26248539E+001  0.40973193E+001  0.57522090E+001
  0.30310110E+000  0.31846409E+000  0.46007078E+000  0.62776830E+000  0.80323900E+000  0.91054616E+000  0.12870709E+001  0.18877037E+001  0.26245619E+001  0.40972666E+001  0.57521555E+001
  0.30309794E+000  0.31846409E+000  0.46007078E+000  0.62776830E+000  0.80323486E+000  0.91053467E+000  0.12870709E+001  0.18876696E+001  0.26241964E+001  0.40972147E+001  0.57521008E+001
  0.30309471E+000  0.31846409E+000  0.46007078E+000  0.62776830E+000  0.80323063E+000  0.91058456E+000  0.12870709E+001  0.18876345E+001  0.26241395E+001  0.40971642E+001  0.57519119E+001
  0.30309141E+000  0.31846409E+000  0.46007078E+000  0.62776830E+000  0.80322629E+000  0.91057360E+000  0.12870709E+001  0.18875983E+001  0.26241112E+001  0.40971151E+001  0.57503832E+001
  0.30308805E+000  0.31844318E+000  0.46007078E+000  0.62776830E+000  0.80322186E+000  0.91056243E+000  0.12870709E+001  0.18875612E+001  0.26241025E+001  0.40970677E+001  0.57500664E+001
  0.30308462E+000  0.31844253E+000  0.46007078E+000  0.62776830E+000  0.80321733E+000  0.91055107E+000  0.12870709E+001  0.18875230E+001  0.26241004E+001  0.40970223E+001  0.57466124E+001
  0.30308114E+000  0.31844187E+000  0.46007078E+000  0.62776830E+000  0.80321273E+000  0.91053953E+000  0.12870709E+001  0.18874840E+001  0.26240884E+001  0.40969791E+001  0.57455840E+001
  0.30307760E+000  0.31844121E+000  0.46007078E+000  0.62776830E+000  0.80320805E+000  0.91052783E+000  0.12870709E+001  0.18874440E+001  0.26240738E+001  0.40969382E+001  0.57423031E+001
  0.30307402E+000  0.31846409E+000  0.45995408E+000  0.62776830E+000  0.80320330E+000  0.91051597E+000  0.12870709E+001  0.18874031E+001  0.26240564E+001  0.40968999E+001  0.57369914E+001
  0.30307039E+000  0.31846409E+000  0.45995407E+000  0.62776830E+000  0.80319848E+000  0.91050398E+000  0.12870709E+001  0.18873614E+001  0.26240363E+001  0.40968642E+001  0.57362046E+001
  0.30306673E+000  0.31846409E+000  0.46007078E+000  0.62776830E+000  0.80328897E+000  0.91049188E+000  0.12870709E+001  0.18873190E+001  0.26240136E+001  0.40968313E+001  0.57357839E+001
  0.30306304E+000  0.31846409E+000  0.46007078E+000  0.62776830E+000  0.80327962E+000  0.91047968E+000  0.12870709E+001  0.18872759E+001  0.26240580E+001  0.40968012E+001  0.57351436E+001
  0.30305932E+000  0.31846409E+000  0.46007078E+000  0.62776830E+000  0.80327020E+000  0.91046742E+000  0.12870709E+001  0.18872322E+001  0.26240247E+001  0.40967741E+001  0.57325239E+001
  0.30305559E+000  0.31846409E+000  0.46007078E+000  0.62776830E+000  0.80326074E+000  0.91045510E+000  0.12870709E+001  0.18871879E+001  0.26240426E+001  0.40967499E+001  0.57310107E+001
  0.30305185E+000  0.31846409E+000  0.46007078E+000  0.62776830E+000  0.80325124E+000  0.91044275E+000  0.12870709E+001  0.18871432E+001  0.26239972E+001  0.40957739E+001  0.57309825E+001
  0.30304811E+000  0.31846409E+000  0.46007078E+000  0.62776830E+000  0.80324174E+000  0.91052052E+000  0.12870709E+001  0.18870981E+001  0.26240266E+001  0.40956622E+001  0.57275394E+001
  0.30304437E+000  0.31846409E+000  0.46007078E+000  0.62776830E+000  0.80326523E+000  0.91050657E+000  0.12870709E+001  0.18870528E+001  0.26239888E+001  0.40952929E+001  0.57271240E+001
  0.30304064E+000  0.31846409E+000  0.46007078E+000  0.62776830E+000  0.80325893E+000  0.91049264E+000  0.12870709E+001  0.18870074E+001  0.26239483E+001  0.40948326E+001  0.57267399E+001
  0.30303693E+000  0.31846409E+000  0.46007078E+000  0.62776830E+000  0.80325265E+000  0.91047875E+000  0.12870709E+001  0.18869619E+001  0.26239055E+001  0.40947577E+001  0.57231764E+001
  0.30303326E+000  0.31846409E+000  0.46007078E+000  0.62776830E+000  0.80324641E+000  0.91046493E+000  0.12870709E+001  0.18869165E+001  0.26238608E+001  0.40947254E+001  0.57107865E+001
  0.30302961E+000  0.31846409E+000  0.46007078E+000  0.62776830E+000  0.80324021E+000  0.91045122E+000  0.12870709E+001  0.18865420E+001  0.26238147E+001  0.40946976E+001  0.57095381E+001
  0.30302601E+000  0.31846409E+000  0.46007078E+000  0.62776830E+000  0.80323408E+000  0.91043765E+000  0.12870709E+001  0.18864065E+001  0.26240102E+001  0.40946673E+001  0.57077734E+001
  0.30302246E+000  0.31846137E+000  0.46007078E+000  0.62776830E+000  0.80322803E+000  0.91042423E+000  0.12870709E+001  0.18862030E+001  0.26239489E+001  0.40946349E+001  0.57065597E+001
  0.30301897E+000  0.31846030E+000  0.46007078E+000  0.62776830E+000  0.80322207E+000  0.91041101E+000  0.12870709E+001  0.18860931E+001  0.26238863E+001  0.40946007E+001  0.56983368E+001
  0.30301554E+000  0.31846409E+000  0.45995395E+000  0.62776830E+000  0.80321621E+000  0.91039801E+000  0.12870709E+001  0.18859879E+001  0.26238232E+001  0.40945651E+001  0.56887888E+001
  0.30301218E+000  0.31846409E+000  0.45995394E+000  0.62776830E+000  0.80321047E+000  0.91038525E+000  0.12870709E+001  0.18858883E+001  0.26237602E+001  0.40945284E+001  0.56829984E+001
  0.30300890E+000  0.31846409E+000  0.45995394E+000  0.62776830E+000  0.80320486E+000  0.91037277E+000  0.12870709E+001  0.18857539E+001  0.26239875E+001  0.40945797E+001  0.56826167E+001
  0.30300570E+000  0.31846409E+000  0.45995394E+000  0.62776830E+000  0.80319938E+000  0.91036058E+000  0.12870709E+001  0.18856803E+001  0.26239732E+001  0.40945520E+001  0.56751189E+001
  0.30300260E+000  0.31846409E+000  0.45995393E+000  0.62776830E+000  0.80319406E+000  0.91034871E+000  0.12870709E+001  0.18856493E+001  0.26233844E+001  0.40945240E+001  0.56741014E+001
  0.30299958E+000  0.31846409E+000  0.45995393E+000  0.62776830E+000  0.80318889E+000  0.91033718E+000  0.12870709E+001  0.18856363E+001  0.26233599E+001  0.40944961E+001  0.56719942E+001
  0.30299666E+000  0.31846409E+000  0.45995393E+000  0.62776830E+000  0.80318390E+000  0.91032601E+000  0.12870709E+001  0.18856223E+001  0.26239334E+001  0.40944684E+001  0.56718573E+001
  0.30299385E+000  0.31846409E+000  0.46007078E+000  0.62776830E+000  0.80317907E+000  0.91031523E+000  0.12870709E+001  0.18856080E+001  0.26239214E+001  0.40944413E+001  0.56717621E+001
  0.30299114E+000  0.31846409E+000  0.46007078E+000  0.62776830E+000  0.80317444E+000  0.91030483E+000  0.12870709E+001  0.18855939E+001  0.26239102E+001  0.40944150E+001  0.56717041E+001
  0.30298854E+000  0.31846409E+000  0.46007078E+000  0.62776830E+000  0.80316999E+000  0.91029485E+000  0.12870709E+001  0.18855806E+001  0.26239000E+001  0.40943897E+001  0.56677759E+001
  0.30298606E+000  0.31846409E+000  0.46007078E+000  0.62776830E+000  0.80316574E+000  0.91028529E+000  0.12870709E+001  0.18855687E+001  0.26239551E+001  0.40943657E+001  0.56670529E+001
  0.30298369E+000  0.31846409E+000  0.46007078E+000  0.62776830E+000  0.80316168E+000  0.91027616E+000  0.12870709E+001  0.18855792E+001  0.26239436E+001  0.40943430E+001  0.56668994E+001
  0.30298143E+000  0.31846409E+000  0.46007078E+000  0.62776830E+000  0.80315783E+000  0.91026747E+000  0.12870709E+001  0.18855683E+001  0.26239330E+001  0.40943220E+001  0.56668736E+001
  0.30297929E+000  0.31846409E+000  0.46007078E+000  0.62776830E+000  0.80315419E+000  0.91025922E+000  0.12870709E+001  0.18855586E+001  0.26239236E+001  0.40943028E+001  0.56668463E+001
  0.30297726E+000  0.31846409E+000  0.46007078E+000  0.62776830E+000  0.80315075E+000  0.91025142E+000  0.12870709E+001  0.18855503E+001  0.26239151E+001  0.40942854E+001  0.56668181E+001
  0.30297536E+000  0.31846409E+000  0.46007078E+000  0.62776830E+000  0.80314751E+000  0.91041462E+000  0.12870709E+001  0.18855436E+001  0.26239078E+001  0.40942701E+001  0.56667896E+001
  0.30297356E+000  0.31846409E+000  0.46007078E+000  0.62776830E+000  0.80314448E+000  0.91040748E+000  0.12870709E+001  0.18855449E+001  0.26239016E+001  0.40942569E+001  0.56667611E+001
  0.30297188E+000  0.31846409E+000  0.46007078E+000  0.62776830E+000  0.80314165E+000  0.91040077E+000  0.12870709E+001  0.18855386E+001  0.26238965E+001  0.40942459E+001  0.56667345E+001
  0.30297031E+000  0.31846409E+000  0.46007078E+000  0.62776830E+000  0.80313902E+000  0.91039448E+000  0.12870709E+001  0.18855519E+001  0.26238925E+001  0.40942372E+001  0.56667096E+001
  0.30296886E+000  0.31846409E+000  0.46007078E+000  0.62776830E+000  0.80313658E+000  0.91038862E+000  0.12870709E+001  0.18856216E+001  0.26238895E+001  0.40942307E+001  0.56666863E+001
  0.30296751E+000  0.31846409E+000  0.46007078E+000  0.62776830E+000  0.80313434E+000  0.91038316E+000  0.12870709E+001  0.18856957E+001  0.26238877E+001  0.40943427E+001  0.56666646E+001
  0.30296626E+000  0.31846409E+000  0.46007078E+000  0.62776830E+000  0.80313228E+000  0.91037810E+000  0.12870709E+001  0.18857737E+001  0.26238868E+001  0.40943317E+001  0.56666450E+001
  0.30296511E+000  0.31846409E+000  0.46007078E+000  0.62776830E+000  0.80313040E+000  0.91037343E+000  0.12870709E+001  0.18858443E+001  0.26238869E+001  0.40943221E+001  0.56666274E+001
  0.30296406E+000  0.31846409E+000  0.46007078E+000  0.62776830E+000  0.80312869E+000  0.91036914E+000  0.12870709E+001  0.18861051E+001  0.26238880E+001  0.40943139E+001  0.56666120E+001
  0.30296311E+000  0.31846409E+000  0.46007078E+000  0.62776830E+000  0.80312714E+000  0.91036520E+000  0.12870709E+001  0.18861004E+001  0.26238899E+001  0.40943070E+001  0.56665989E+001
  0.30296224E+000  0.31846409E+000  0.46007078E+000  0.62776830E+000  0.80312576E+000  0.91036161E+000  0.12870709E+001  0.18860972E+001  0.26238927E+001  0.40943014E+001  0.56665882E+001
  0.30296145E+000  0.31846409E+000  0.46007078E+000  0.62776830E+000  0.80312452E+000  0.91035834E+000  0.12870709E+001  0.18860954E+001  0.26238963E+001  0.40942971E+001  0.56665799E+001
  0.30296075E+000  0.31844228E+000  0.46007078E+000  0.62776830E+000  0.80312342E+000  0.91035538E+000  0.12870709E+001  0.18860950E+001  0.26239005E+001  0.40942940E+001  0.56665740E+001
  0.30296012E+000  0.31844208E+000  0.46007078E+000  0.62776830E+000  0.80312246E+000  0.91035272E+000  0.12870709E+001  0.18860959E+001  0.26239055E+001  0.40942920E+001  0.56665704E+001
  0.30295956E+000  0.31844190E+000  0.46007078E+000  0.62776830E+000  0.80312162E+000  0.91035034E+000  0.12870709E+001  0.18860979E+001  0.26239110E+001  0.40942911E+001  0.56665693E+001
  0.30295907E+000  0.31844173E+000  0.46007078E+000  0.62776830E+000  0.80312090E+000  0.91034821E+000  0.12870709E+001  0.18861011E+001  0.26239172E+001  0.40942912E+001  0.56665705E+001
  0.30295864E+000  0.31844159E+000  0.46007078E+000  0.62776830E+000  0.80312029E+000  0.91034632E+000  0.12870709E+001  0.18861053E+001  0.26245292E+001  0.40943133E+001  0.56665739E+001
  0.30295826E+000  0.31844146E+000  0.46007078E+000  0.62776830E+000  0.80311978E+000  0.91034466E+000  0.12870709E+001  0.18861105E+001  0.26245248E+001  0.40949432E+001  0.56665796E+001
  0.30295794E+000  0.31844135E+000  0.46007078E+000  0.62776830E+000  0.80311936E+000  0.91034320E+000  0.12870709E+001  0.18861166E+001  0.26245212E+001  0.40949377E+001  0.56665874E+001
  0.30295766E+000  0.31844126E+000  0.46007078E+000  0.62776830E+000  0.80311902E+000  0.91034194E+000  0.12870709E+001  0.18861234E+001  0.26245184E+001  0.40949329E+001  0.56665973E+001
  0.30295743E+000  0.31844117E+000  0.46007078E+000  0.62776830E+000  0.80311876E+000  0.91034085E+000  0.12870709E+001  0.18861310E+001  0.26245163E+001  0.40949288E+001  0.56666092E+001
  0.30295724E+000  0.31844110E+000  0.46007078E+000  0.62776830E+000  0.80311857E+000  0.91033991E+000  0.12870709E+001  0.18861393E+001  0.26245147E+001  0.40949252E+001  0.56666230E+001
  0.30295708E+000  0.31844104E+000  0.46007078E+000  0.62776830E+000  0.80311844E+000  0.91033912E+000  0.12870709E+001  0.18861481E+001  0.26245137E+001  0.40949222E+001  0.56666386E+001
  0.30295696E+000  0.31844099E+000  0.46007078E+000  0.62776830E+000  0.80311837E+000  0.91033846E+000  0.12870709E+001  0.18861575E+001  0.26245132E+001  0.40949196E+001  0.56666560E+001
  0.30295687E+000  0.31844095E+000  0.46007078E+000  0.62776830E+000  0.80311835E+000  0.91033792E+000  0.12870709E+001  0.18861674E+001  0.26245130E+001  0.40949174E+001  0.56666928E+001
  0.30295680E+000  0.31844092E+000  0.46007078E+000  0.62776830E+000  0.80311837E+000  0.91033748E+000  0.12870709E+001  0.18861776E+001  0.26245833E+001  0.40949156E+001  0.56667790E+001
  0.30295675E+000  0.31844089E+000  0.46007078E+000  0.62776830E+000  0.80311843E+000  0.91033713E+000  0.12870709E+001  0.18861882E+001  0.26245820E+001  0.40949142E+001  0.56691510E+001
  0.30295673E+000  0.31844087E+000  0.46007078E+000  0.62776830E+000  0.80311852E+000  0.91033687E+000  0.12870709E+001  0.18861992E+001  0.26245811E+001  0.40949130E+001  0.56695056E+001
  0.30295672E+000  0.31844085E+000  0.46007078E+000  0.62776830E+000  0.80311864E+000  0.91033668E+000  0.12870709E+001  0.18862103E+001  0.26245803E+001  0.40949122E+001  0.56698771E+001
  0.30295673E+000  0.31844084E+000  0.46007078E+000  0.62776830E+000  0.80311879E+000  0.91033655E+000  0.12870709E+001  0.18862217E+001  0.26245798E+001  0.40949115E+001  0.56702654E+001
  0.30295675E+000  0.31844084E+000  0.46007078E+000  0.62776830E+000  0.80311896E+000  0.91033647E+000  0.12870709E+001  0.18862333E+001  0.26245795E+001  0.40949110E+001  0.56721328E+001
  0.30295678E+000  0.31844083E+000  0.46007078E+000  0.62776830E+000  0.80311915E+000  0.91033645E+000  0.12870709E+001  0.18862450E+001  0.26245792E+001  0.40949107E+001  0.56733142E+001
  0.30295682E+000  0.31844083E+000  0.46007078E+000  0.62776830E+000  0.80311935E+000  0.91033646E+000  0.12870709E+001  0.18862568E+001  0.26245791E+001  0.40949106E+001  0.56736690E+001
  0.30295687E+000  0.31844084E+000  0.46007078E+000  0.62776830E+000  0.80311957E+000  0.91033650E+000  0.12870709E+001  0.18862688E+001  0.26245791E+001  0.40949106E+001  0.56812363E+001
  0.30295693E+000  0.31844084E+000  0.46007078E+000  0.62776830E+000  0.80311979E+000  0.91033658E+000  0.12870709E+001  0.18862807E+001  0.26245792E+001  0.40949107E+001  0.56817656E+001
  0.30295699E+000  0.31844085E+000  0.46007078E+000  0.62776830E+000  0.80312002E+000  0.91033668E+000  0.12870709E+001  0.18862927E+001  0.26245793E+001  0.40949108E+001  0.56817834E+001
  0.30295705E+000  0.31844086E+000  0.46007078E+000  0.62776830E+000  0.80312026E+000  0.91033680E+000  0.12870709E+001  0.18863047E+001  0.26245795E+001  0.40949111E+001  0.56959989E+001
  0.30295712E+000  0.31844087E+000  0.46007078E+000  0.62776830E+000  0.80312050E+000  0.91033693E+000  0.12870709E+001  0.18863166E+001  0.26245798E+001  0.40960602E+001  0.57037360E+001
  0.30295719E+000  0.31844088E+000  0.46007078E+000  0.62776830E+000  0.80312074E+000  0.91033708E+000  0.12870709E+001  0.18863286E+001  0.26245800E+001  0.40968699E+001  0.57058608E+001
  0.30295727E+000  0.31844089E+000  0.46007078E+000  0.62776830E+000  0.80312098E+000  0.91033724E+000  0.12870709E+001  0.18863404E+001  0.26245803E+001  0.40969676E+001  0.57067481E+001
  0.30295734E+000  0.31844090E+000  0.46007078E+000  0.62776830E+000  0.80312122E+000  0.91033740E+000  0.12870709E+001  0.18863522E+001  0.26245806E+001  0.40970662E+001  0.57081576E+001
  0.30295741E+000  0.31844091E+000  0.46007078E+000  0.62776830E+000  0.80312146E+000  0.91033757E+000  0.12870709E+001  0.18863639E+001  0.26245808E+001  0.40970862E+001  0.57098564E+001
  0.30295749E+000  0.31844093E+000  0.46007078E+000  0.62776830E+000  0.80312170E+000  0.91033775E+000  0.12870709E+001  0.18863755E+001  0.26245811E+001  0.40970951E+001  0.57202857E+001
  0.30295756E+000  0.31844094E+000  0.46007078E+000  0.62776830E+000  0.80312193E+000  0.91033792E+000  0.12870709E+001  0.18863870E+001  0.26245814E+001  0.40971039E+001  0.57245995E+001
  0.30295764E+000  0.31844095E+000  0.46007078E+000  0.62776830E+000  0.80312216E+000  0.91033809E+000  0.12870709E+001  0.18863984E+001  0.26245817E+001  0.40971125E+001  0.57249306E+001
  0.30295771E+000  0.31844096E+000  0.46007078E+000  0.62776830E+000  0.80312239E+000  0.91033827E+000  0.12870709E+001  0.18864096E+001  0.26245820E+001  0.40971209E+001  0.57252677E+001
  0.30295778E+000  0.31844098E+000  0.46007078E+000  0.62776830E+000  0.80312261E+000  0.91033844E+000  0.12870709E+001  0.18864208E+001  0.26245822E+001  0.40971305E+001  0.57274230E+001
  0.30295785E+000  0.31844099E+000  0.46007078E+000  0.62776830E+000  0.80312282E+000  0.91033861E+000  0.12870709E+001  0.18864317E+001  0.26245520E+001  0.40992990E+001  0.57284255E+001
  0.30295792E+000  0.31844100E+000  0.46007078E+000  0.62776830E+000  0.80312303E+000  0.91033878E+000  0.12870709E+001  0.18864425E+001  0.26245540E+001  0.40993991E+001  0.57298035E+001
  0.30295798E+000  0.31844101E+000  0.46007078E+000  0.62776830E+000  0.80312324E+000  0.91033894E+000  0.12870709E+001  0.18864532E+001  0.26245559E+001  0.40995126E+001  0.57315986E+001
  0.30295805E+000  0.31844102E+000  0.46007078E+000  0.62776830E+000  0.80312344E+000  0.91033910E+000  0.12870709E+001  0.18864636E+001  0.26245578E+001  0.40995166E+001  0.57321696E+001
  0.30295811E+000  0.31844103E+000  0.46007078E+000  0.62776830E+000  0.80312363E+000  0.91033925E+000  0.12870709E+001  0.18864739E+001  0.26245597E+001  0.40995205E+001  0.57339934E+001
  0.30295817E+000  0.31844104E+000  0.46007078E+000  0.62776830E+000  0.80312381E+000  0.91033940E+000  0.12870709E+001  0.18864841E+001  0.26245615E+001  0.40995244E+001  0.57346684E+001
  0.30295823E+000  0.31844105E+000  0.46007078E+000  0.62776830E+000  0.80312400E+000  0.91033954E+000  0.12870709E+001  0.18864940E+001  0.26245633E+001  0.40995282E+001  0.57427094E+001
  0.30295828E+000  0.31844106E+000  0.46007078E+000  0.62776830E+000  0.80312417E+000  0.91033968E+000  0.12870709E+001  0.18865038E+001  0.26245651E+001  0.40995321E+001  0.57439451E+001
  0.30295834E+000  0.31844107E+000  0.46007078E+000  0.62776830E+000  0.80312434E+000  0.91033981E+000  0.12870709E+001  0.18865134E+001  0.26245669E+001  0.40995358E+001  0.57472260E+001
  0.30295839E+000  0.31844108E+000  0.46007078E+000  0.62776830E+000  0.80312450E+000  0.91033994E+000  0.12870709E+001  0.18865228E+001  0.26245686E+001  0.40995396E+001  0.57472864E+001
  0.30295844E+000  0.31844109E+000  0.46007078E+000  0.62776830E+000  0.80312465E+000  0.91034006E+000  0.12870709E+001  0.18865320E+001  0.26245702E+001  0.40995432E+001  0.57477605E+001
  0.30295848E+000  0.31844110E+000  0.46007078E+000  0.62776830E+000  0.80312480E+000  0.91034017E+000  0.12870709E+001  0.18865410E+001  0.26245719E+001  0.40995469E+001  0.57482307E+001
  0.30295853E+000  0.31844111E+000  0.46007078E+000  0.62776830E+000  0.80312495E+000  0.91034028E+000  0.12870709E+001  0.18865498E+001  0.26245735E+001  0.40995505E+001  0.57487025E+001
  0.30295857E+000  0.31844111E+000  0.46007078E+000  0.62776830E+000  0.80312508E+000  0.91034039E+000  0.12870709E+001  0.18865584E+001  0.26245750E+001  0.40995540E+001  0.57580003E+001
  0.30295861E+000  0.31844112E+000  0.46007078E+000  0.62776830E+000  0.80312521E+000  0.91034048E+000  0.12870709E+001  0.18865668E+001  0.26245766E+001  0.40995575E+001  0.57616085E+001
  0.30295865E+000  0.31844113E+000  0.46007078E+000  0.62776830E+000  0.80312534E+000  0.91034058E+000  0.12870709E+001  0.18865751E+001  0.26245781E+001  0.40995609E+001  0.57669076E+001
  0.30295868E+000  0.31844113E+000  0.46007078E+000  0.62776830E+000  0.80312546E+000  0.91034066E+000  0.12870709E+001  0.18865831E+001  0.26245796E+001  0.40995643E+001  0.57682769E+001
  0.30295872E+000  0.31844114E+000  0.46007078E+000  0.62776830E+000  0.80312557E+000  0.91034074E+000  0.12870709E+001  0.18865909E+001  0.26245810E+001  0.40995677E+001  0.57694119E+001
  0.30295875E+000  0.31844114E+000  0.46007078E+000  0.62776830E+000  0.80312568E+000  0.91034082E+000  0.12870709E+001  0.18865986E+001  0.26245824E+001  0.40995709E+001  0.57741659E+001
  0.30295878E+000  0.31844115E+000  0.46007078E+000  0.62776830E+000  0.80312578E+000  0.91034089E+000  0.12870709E+001  0.18866060E+001  0.26245838E+001  0.40995742E+001  0.57748340E+001
  0.30295881E+000  0.31844115E+000  0.46007078E+000  0.62776830E+000  0.80312588E+000  0.91034096E+000  0.12870709E+001  0.18866133E+001  0.26245856E+001  0.40995774E+001  0.57752671E+001
  0.30295883E+000  0.31844116E+000  0.46007078E+000  0.62776830E+000  0.80312597E+000  0.91034102E+000  0.12870709E+001  0.18866204E+001  0.26245879E+001  0.40995805E+001  0.57753266E+001
  0.30295886E+000  0.31844116E+000  0.46007078E+000  0.62776830E+000  0.80312606E+000  0.91034107E+000  0.12870709E+001  0.18866272E+001  0.26252530E+001  0.40995835E+001  0.57753856E+001
  0.30295888E+000  0.31844116E+000  0.46007078E+000  0.62776830E+000  0.80312614E+000  0.91034112E+000  0.12870709E+001  0.18866339E+001  0.26263414E+001  0.40995866E+001  0.57754442E+001
  0.30295890E+000  0.31844117E+000  0.46007078E+000  0.62776830E+000  0.80312622E+000  0.91034117E+000  0.12870709E+001  0.18866405E+001  0.26275157E+001  0.40995895E+001  0.57819572E+001
  0.30295892E+000  0.31844117E+000  0.46007078E+000  0.62776830E+000  0.80312629E+000  0.91034121E+000  0.12870709E+001  0.18866468E+001  0.26289279E+001  0.40995924E+001  0.57924817E+001
  0.30295893E+000  0.31844117E+000  0.46007078E+000  0.62776830E+000  0.80312636E+000  0.91034124E+000  0.12870709E+001  0.18866529E+001  0.26296071E+001  0.40995953E+001  0.57949422E+001
  0.30295895E+000  0.31844117E+000  0.46007078E+000  0.62776830E+000  0.80312643E+000  0.91034127E+000  0.12870709E+001  0.18866589E+001  0.26301188E+001  0.40995981E+001  0.57975683E+001
  0.30295896E+000  0.31844118E+000  0.46007078E+000  0.62776830E+000  0.80312649E+000  0.91034130E+000  0.12870709E+001  0.18866647E+001  0.26301648E+001  0.40996008E+001  0.57992992E+001
  0.30295898E+000  0.31844118E+000  0.46007078E+000  0.62776830E+000  0.80312654E+000  0.91034132E+000  0.12870709E+001  0.18866703E+001  0.26301809E+001  0.40996035E+001  0.58105464E+001
  0.30295899E+000  0.31844118E+000  0.46007078E+000  0.62776830E+000  0.80312660E+000  0.91034134E+000  0.12870709E+001  0.18866758E+001  0.26301967E+001  0.40996061E+001  0.58111798E+001
  0.30295900E+000  0.31844118E+000  0.46007078E+000  0.62776830E+000  0.80312665E+000  0.91034136E+000  0.12870709E+001  0.18866811E+001  0.26302121E+001  0.40996087E+001  0.58255268E+001
  0.30295901E+000  0.31844118E+000  0.46007078E+000  0.62776830E+000  0.80312669E+000  0.91034137E+000  0.12870709E+001  0.18866862E+001  0.26302272E+001  0.40996112E+001  0.58297094E+001
  0.30295901E+000  0.31844118E+000  0.46007078E+000  0.62776830E+000  0.80312673E+000  0.91034138E+000  0.12870709E+001  0.18866911E+001  0.26302419E+001  0.40996137E+001  0.58298060E+001
  0.30295902E+000  0.31844118E+000  0.46007078E+000  0.62776830E+000  0.80312677E+000  0.91034138E+000  0.12870709E+001  0.18866960E+001  0.26313044E+001  0.40996161E+001  0.58312524E+001
  0.30295902E+000  0.31844118E+000  0.46007078E+000  0.62776830E+000  0.80312681E+000  0.91034139E+000  0.12870709E+001  0.18867006E+001  0.26313115E+001  0.40996185E+001  0.58313850E+001
  0.30295903E+000  0.31844118E+000  0.46007078E+000  0.62776830E+000  0.80312684E+000  0.91034139E+000  0.12870709E+001  0.18867051E+001  0.26313184E+001  0.40996208E+001  0.58315157E+001
  0.30295903E+000  0.31844118E+000  0.46007078E+000  0.62776830E+000  0.80312687E+000  0.91034138E+000  0.12870709E+001  0.18867095E+001  0.26313251E+001  0.40996231E+001  0.58351645E+001
  0.30295903E+000  0.31844117E+000  0.46007078E+000  0.62776830E+000  0.80312690E+000  0.91034138E+000  0.12870709E+001  0.18867137E+001  0.26313317E+001  0.40996253E+001  0.58385099E+001
  0.30295903E+000  0.31844117E+000  0.46007078E+000  0.62776830E+000  0.80312693E+000  0.91034137E+000  0.12870709E+001  0.18867178E+001  0.26313381E+001  0.40996275E+001  0.58389328E+001
  0.30295903E+000  0.31844117E+000  0.46007078E+000  0.62776830E+000  0.80312695E+000  0.91034136E+000  0.12870709E+001  0.18867217E+001  0.26313443E+001  0.40996296E+001  0.58389466E+001
  0.30295903E+000  0.31844117E+000  0.46007078E+000  0.62776830E+000  0.80312697E+000  0.91034135E+000  0.12870709E+001  0.18867255E+001  0.26313504E+001  0.40996317E+001  0.58389602E+001
  0.30295903E+000  0.31844117E+000  0.46007078E+000  0.62776830E+000  0.80312699E+000  0.91034133E+000  0.12870709E+001  0.18867292E+001  0.26313562E+001  0.40996337E+001  0.58389736E+001
  0.30295903E+000  0.31844117E+000  0.46007078E+000  0.62776830E+000  0.80312701E+000  0.91034131E+000  0.12870709E+001  0.18867328E+001  0.26313620E+001  0.40996357E+001  0.58389867E+001
  0.30295903E+000  0.31844116E+000  0.46007078E+000  0.62776830E+000  0.80312702E+000  0.91034130E+000  0.12870709E+001  0.18867362E+001  0.26313676E+001  0.40996376E+001  0.58389996E+001
  0.30295903E+000  0.31844116E+000  0.46007078E+000  0.62776830E+000  0.80312703E+000  0.91034128E+000  0.12870709E+001  0.18867395E+001  0.26313730E+001  0.40996395E+001  0.58390122E+001
  0.30295902E+000  0.31844116E+000  0.46007078E+000  0.62776830E+000  0.80312705E+000  0.91034126E+000  0.12870709E+001  0.18867427E+001  0.26313783E+001  0.40996413E+001  0.58390245E+001
  0.30295902E+000  0.31844116E+000  0.46007078E+000  0.62776830E+000  0.80312706E+000  0.91034123E+000  0.12870709E+001  0.18867458E+001  0.26313834E+001  0.40996431E+001  0.58390367E+001
  0.30295901E+000  0.31844115E+000  0.46007078E+000  0.62776830E+000  0.80312707E+000  0.91034121E+000  0.12870709E+001  0.18867488E+001  0.26313884E+001  0.40996448E+001  0.58390485E+001
  0.30295901E+000  0.31844115E+000  0.46007078E+000  0.62776830E+000  0.80312707E+000  0.91034119E+000  0.12870709E+001  0.18867517E+001  0.26313933E+001  0.40996465E+001  0.58390601E+001
  0.30295900E+000  0.31844115E+000  0.46007078E+000  0.62776830E+000  0.80312708E+000  0.91034116E+000  0.12870709E+001  0.18867544E+001  0.26313980E+001  0.40996482E+001  0.58390715E+001
  0.30295900E+000  0.31844115E+000  0.46007078E+000  0.62776830E+000  0.80312708E+000  0.91034113E+000  0.12870709E+001  0.18867571E+001  0.26314025E+001  0.40996498E+001  0.58390825E+001
  0.30295899E+000  0.31844114E+000  0.46007078E+000  0.62776830E+000  0.80312708E+000  0.91034110E+000  0.12870709E+001  0.18867597E+001  0.26314070E+001  0.40996513E+001  0.58390934E+001
  0.30295898E+000  0.31844114E+000  0.46007078E+000  0.62776830E+000  0.80312709E+000  0.91034107E+000  0.12870709E+001  0.18867621E+001  0.26314113E+001  0.40996528E+001  0.58391039E+001
  0.30295897E+000  0.31844114E+000  0.46007078E+000  0.62776830E+000  0.80312708E+000  0.91034104E+000  0.12870709E+001  0.18867645E+001  0.26314155E+001  0.40996543E+001  0.58391142E+001
  0.30295896E+000  0.31844113E+000  0.46007078E+000  0.62776830E+000  0.80312708E+000  0.91034100E+000  0.12870709E+001  0.18867668E+001  0.26314195E+001  0.40996557E+001  0.58391242E+001
  0.30295895E+000  0.31844113E+000  0.46007078E+000  0.62776830E+000  0.80312708E+000  0.91034096E+000  0.12870709E+001  0.18867840E+001  0.26314235E+001  0.40996571E+001  0.58391339E+001
  0.30295894E+000  0.31844112E+000  0.46007078E+000  0.62776830E+000  0.80312707E+000  0.91034092E+000  0.12870709E+001  0.18876361E+001  0.26314273E+001  0.40996584E+001  0.58391434E+001
  0.30295893E+000  0.31844112E+000  0.46007078E+000  0.62776830E+000  0.80312706E+000  0.91034086E+000  0.12870709E+001  0.18876415E+001  0.26314310E+001  0.40996597E+001  0.58391525E+001
  0.30295891E+000  0.31844111E+000  0.46007078E+000  0.62776830E+000  0.80312704E+000  0.91034080E+000  0.12870709E+001  0.18876466E+001  0.26314346E+001  0.40996609E+001  0.58391614E+001
  0.30295889E+000  0.31844111E+000  0.46007078E+000  0.62776830E+000  0.80312702E+000  0.91034072E+000  0.12870709E+001  0.18876516E+001  0.26314381E+001  0.40996620E+001  0.58391700E+001
  0.30295887E+000  0.31844110E+000  0.46007078E+000  0.62776830E+000  0.80312699E+000  0.91034063E+000  0.12870709E+001  0.18876563E+001  0.26314415E+001  0.40996632E+001  0.58391784E+001
  0.30295884E+000  0.31844109E+000  0.46007078E+000  0.62776830E+000  0.80312695E+000  0.91034052E+000  0.12870709E+001  0.18876609E+001  0.26314448E+001  0.40996642E+001  0.58391865E+001
  0.30295881E+000  0.31844107E+000  0.46007078E+000  0.62776830E+000  0.80312690E+000  0.91034041E+000  0.12870709E+001  0.18876653E+001  0.26314481E+001  0.40996653E+001  0.58391945E+001
  0.30295879E+000  0.31844108E+000  0.46007078E+000  0.62776830E+000  0.80312692E+000  0.91034024E+000  0.12870709E+001  0.18876703E+001  0.26314512E+001  0.40996668E+001  0.58392036E+001
  0.30295884E+000  0.31844109E+000  0.46007078E+000  0.62776830E+000  0.80312699E+000  0.91034048E+000  0.12870709E+001  0.18876750E+001  0.26314545E+001  0.40996680E+001  0.58392123E+001
