 -0.48122192E+000 -0.23336896E+000 -0.54907570E-002 -0.45314671E-002 -0.16535974E-002  0.22934665E+000  0.34247360E+001  0.16556436E+002  0.33235240E+002  0.10316523E+003  0.17234826E+003
 -0.48129250E+000 -0.23472985E+000 -0.54926979E-002 -0.45334418E-002 -0.16556736E-002  0.22932291E+000  0.34247001E+001  0.16556416E+002  0.33080150E+002  0.10316514E+003  0.17234810E+003
 -0.48134565E+000 -0.23503687E+000 -0.54942275E-002 -0.45349660E-002 -0.16571813E-002  0.22931669E+000  0.34246898E+001  0.16556414E+002  0.33025211E+002  0.10316506E+003  0.17234804E+003
 -0.48138382E+000 -0.23526827E+000 -0.54954049E-002 -0.45361412E-002 -0.16583502E-002  0.22931337E+000  0.34246837E+001  0.16556413E+002  0.32978371E+002  0.95819580E+002  0.17234800E+003
 -0.48140971E+000 -0.23543693E+000 -0.54962900E-002 -0.45370351E-002 -0.16592703E-002  0.22931092E+000  0.34246789E+001  0.16556412E+002  0.32938179E+002  0.91172258E+002  0.17234798E+003
 -0.48142603E+000 -0.23555502E+000 -0.54969377E-002 -0.45377020E-002 -0.16599949E-002  0.22930896E+000  0.34246750E+001  0.16556411E+002  0.32903738E+002  0.88834263E+002  0.17234795E+003
 -0.48143517E+000 -0.23563311E+000 -0.54973949E-002 -0.45381869E-002 -0.16605629E-002  0.22930736E+000  0.34246718E+001  0.16556410E+002  0.32874288E+002  0.87406570E+002  0.17234793E+003
 -0.48143908E+000 -0.23568009E+000 -0.54977003E-002 -0.45385265E-002 -0.16610050E-002  0.22930605E+000  0.34246690E+001  0.16556409E+002  0.32862069E+002  0.86341028E+002  0.17234792E+003
 -0.48143932E+000 -0.23570322E+000 -0.54978854E-002 -0.45387506E-002 -0.16613461E-002  0.22930497E+000  0.34246666E+001  0.16556409E+002  0.32853136E+002  0.85849221E+002  0.17234790E+003
 -0.48143707E+000 -0.23570841E+000 -0.54979762E-002 -0.45388837E-002 -0.16616065E-002  0.22930408E+000  0.34246646E+001  0.16556408E+002  0.32845191E+002  0.84900369E+002  0.17234789E+003
 -0.48143321E+000 -0.23570044E+000 -0.54979936E-002 -0.45389459E-002 -0.16618031E-002  0.22930334E+000  0.34246628E+001  0.16556407E+002  0.32838086E+002  0.84418616E+002  0.17234788E+003
 -0.48142841E+000 -0.23568309E+000 -0.54979547E-002 -0.45389534E-002 -0.16619498E-002  0.22930272E+000  0.34246612E+001  0.16556407E+002  0.32831692E+002  0.84151771E+002  0.17234786E+003
 -0.48142311E+000 -0.23565936E+000 -0.54978734E-002 -0.45389195E-002 -0.16620579E-002  0.22930220E+000  0.34246598E+001  0.16556406E+002  0.32825900E+002  0.83990945E+002  0.17234785E+003
 -0.48141766E+000 -0.23563159E+000 -0.54977611E-002 -0.45388550E-002 -0.16621369E-002  0.22930174E+000  0.34246585E+001  0.16556406E+002  0.32820617E+002  0.83644930E+002  0.17234784E+003
 -0.48141227E+000 -0.23560159E+000 -0.54976269E-002 -0.45387688E-002 -0.16621946E-002  0.22930134E+000  0.34246574E+001  0.16556405E+002  0.32815770E+002  0.83399386E+002  0.17234784E+003
 -0.48140710E+000 -0.23557071E+000 -0.54974781E-002 -0.45386679E-002 -0.16622374E-002  0.22930098E+000  0.34246563E+001  0.16556405E+002  0.32811317E+002  0.83173861E+002  0.17234783E+003
 -0.48140224E+000 -0.23553997E+000 -0.54973209E-002 -0.45385583E-002 -0.16622705E-002  0.22930064E+000  0.34246554E+001  0.16556404E+002  0.32807195E+002  0.82967575E+002  0.17234782E+003
 -0.48139775E+000 -0.23551010E+000 -0.54971599E-002 -0.45384445E-002 -0.16622982E-002  0.22930032E+000  0.34246545E+001  0.16556404E+002  0.32803349E+002  0.82812595E+002  0.17234781E+003
 -0.48139365E+000 -0.23548161E+000 -0.54969991E-002 -0.45383303E-002 -0.16623242E-002  0.22930001E+000  0.34246536E+001  0.16556403E+002  0.32799733E+002  0.82666957E+002  0.17234780E+003
 -0.48138995E+000 -0.23545482E+000 -0.54968413E-002 -0.45382187E-002 -0.16623511E-002  0.22929971E+000  0.34246529E+001  0.16556403E+002  0.32796306E+002  0.82529045E+002  0.17234780E+003
 -0.48138664E+000 -0.23542994E+000 -0.54966888E-002 -0.45381120E-002 -0.16623815E-002  0.22929940E+000  0.34246521E+001  0.16556402E+002  0.32793032E+002  0.82397462E+002  0.17234779E+003
 -0.48138372E+000 -0.23540707E+000 -0.54965434E-002 -0.45380118E-002 -0.16624171E-002  0.22929909E+000  0.34246514E+001  0.16556402E+002  0.32789882E+002  0.82291142E+002  0.17234778E+003
 -0.48138114E+000 -0.23538622E+000 -0.54964063E-002 -0.45379196E-002 -0.16624595E-002  0.22929877E+000  0.34246507E+001  0.16556401E+002  0.32786829E+002  0.82224297E+002  0.17234778E+003
 -0.48137890E+000 -0.23536736E+000 -0.54962782E-002 -0.45378361E-002 -0.16625099E-002  0.22929844E+000  0.34246500E+001  0.16556401E+002  0.32757362E+002  0.82159158E+002  0.17234777E+003
 -0.48137697E+000 -0.23535042E+000 -0.54961598E-002 -0.45377621E-002 -0.16625692E-002  0.22929811E+000  0.34246493E+001  0.16556400E+002  0.32717523E+002  0.82095284E+002  0.17234776E+003
 -0.48137531E+000 -0.23533527E+000 -0.54960512E-002 -0.45376979E-002 -0.16626381E-002  0.22929776E+000  0.34246486E+001  0.16556400E+002  0.32704089E+002  0.82032283E+002  0.17234776E+003
 -0.48137390E+000 -0.23532182E+000 -0.54959524E-002 -0.45376436E-002 -0.16627172E-002  0.22929740E+000  0.34246479E+001  0.16556399E+002  0.32701990E+002  0.81969809E+002  0.17234775E+003
 -0.48137272E+000 -0.23530990E+000 -0.54958633E-002 -0.45375991E-002 -0.16628068E-002  0.22929702E+000  0.34246472E+001  0.16556399E+002  0.32699896E+002  0.81907556E+002  0.17234774E+003
 -0.48137174E+000 -0.23529940E+000 -0.54957834E-002 -0.45375643E-002 -0.16629072E-002  0.22929663E+000  0.34246465E+001  0.16556398E+002  0.32697798E+002  0.81802956E+002  0.17234774E+003
 -0.48137094E+000 -0.23529016E+000 -0.54957123E-002 -0.45375389E-002 -0.16630187E-002  0.22929623E+000  0.34246457E+001  0.16556397E+002  0.32694393E+002  0.81703697E+002  0.17234773E+003
 -0.48137029E+000 -0.23528204E+000 -0.54956496E-002 -0.45375224E-002 -0.16631411E-002  0.22929581E+000  0.34246450E+001  0.16556397E+002  0.32690853E+002  0.81632592E+002  0.17234772E+003
 -0.48136979E+000 -0.23527491E+000 -0.54955945E-002 -0.45375145E-002 -0.16632744E-002  0.22929538E+000  0.34246442E+001  0.16556396E+002  0.32687267E+002  0.81560695E+002  0.17234772E+003
 -0.48136940E+000 -0.23526865E+000 -0.54955465E-002 -0.45375145E-002 -0.16634186E-002  0.22929493E+000  0.34246434E+001  0.16556396E+002  0.32683627E+002  0.81487817E+002  0.17234771E+003
 -0.48136912E+000 -0.23526313E+000 -0.54955049E-002 -0.45375220E-002 -0.16635734E-002  0.22929446E+000  0.34246426E+001  0.16556395E+002  0.32679924E+002  0.81413788E+002  0.17234770E+003
 -0.48136892E+000 -0.23525824E+000 -0.54954690E-002 -0.45375363E-002 -0.16637384E-002  0.22929397E+000  0.34246417E+001  0.16556395E+002  0.32676152E+002  0.81338460E+002  0.17234769E+003
 -0.48136880E+000 -0.23525389E+000 -0.54954382E-002 -0.45375570E-002 -0.16639134E-002  0.22929346E+000  0.34246409E+001  0.16556394E+002  0.32672304E+002  0.81261706E+002  0.17234769E+003
 -0.48136874E+000 -0.23524996E+000 -0.54954118E-002 -0.45375833E-002 -0.16640979E-002  0.22929293E+000  0.34246399E+001  0.16556393E+002  0.32668376E+002  0.81192856E+002  0.17234768E+003
 -0.48136873E+000 -0.23524640E+000 -0.54953893E-002 -0.45376148E-002 -0.16642914E-002  0.22929238E+000  0.34246390E+001  0.16556393E+002  0.32664364E+002  0.81184981E+002  0.17234767E+003
 -0.48136876E+000 -0.23524311E+000 -0.54953700E-002 -0.45376508E-002 -0.16644932E-002  0.22929180E+000  0.34246380E+001  0.16556392E+002  0.32660264E+002  0.81176938E+002  0.17234766E+003
 -0.48136883E+000 -0.23524004E+000 -0.54953535E-002 -0.45376908E-002 -0.16647028E-002  0.22929121E+000  0.34246370E+001  0.16556392E+002  0.32656074E+002  0.81168721E+002  0.17234765E+003
 -0.48136892E+000 -0.23523713E+000 -0.54953392E-002 -0.45377342E-002 -0.16649192E-002  0.22929059E+000  0.34246360E+001  0.16556391E+002  0.32651793E+002  0.81160326E+002  0.17234764E+003
 -0.48136903E+000 -0.23523433E+000 -0.54953268E-002 -0.45377806E-002 -0.16651419E-002  0.22928995E+000  0.34246350E+001  0.16556390E+002  0.32647420E+002  0.81151751E+002  0.17234764E+003
 -0.48136915E+000 -0.23523160E+000 -0.54953158E-002 -0.45378293E-002 -0.16653698E-002  0.22928928E+000  0.34246339E+001  0.16556390E+002  0.32642955E+002  0.81142993E+002  0.17234763E+003
 -0.48136928E+000 -0.23522890E+000 -0.54953059E-002 -0.45378799E-002 -0.16656020E-002  0.22928859E+000  0.34246328E+001  0.16556389E+002  0.32638400E+002  0.81073914E+002  0.17234762E+003
 -0.48136940E+000 -0.23522620E+000 -0.54952967E-002 -0.45379319E-002 -0.16658375E-002  0.22928788E+000  0.34246316E+001  0.16556388E+002  0.32633755E+002  0.80712274E+002  0.17234761E+003
 -0.48136952E+000 -0.23522347E+000 -0.54952879E-002 -0.45379847E-002 -0.16660752E-002  0.22928715E+000  0.34246305E+001  0.16556387E+002  0.32629025E+002  0.80653945E+002  0.17234760E+003
 -0.48136963E+000 -0.23522069E+000 -0.54952793E-002 -0.45380380E-002 -0.16663142E-002  0.22928641E+000  0.34246293E+001  0.16556387E+002  0.32624210E+002  0.80594543E+002  0.17234759E+003
 -0.48136972E+000 -0.23521783E+000 -0.54952707E-002 -0.45380913E-002 -0.16665532E-002  0.22928564E+000  0.34246281E+001  0.16556386E+002  0.32619317E+002  0.80534107E+002  0.17234758E+003
 -0.48136979E+000 -0.23521486E+000 -0.54952618E-002 -0.45381441E-002 -0.16667911E-002  0.22928486E+000  0.34246270E+001  0.16556385E+002  0.32614349E+002  0.80472687E+002  0.17234757E+003
 -0.48136983E+000 -0.23521178E+000 -0.54952524E-002 -0.45381959E-002 -0.16670268E-002  0.22928407E+000  0.34246258E+001  0.16556384E+002  0.32609312E+002  0.80410343E+002  0.17234756E+003
 -0.48136983E+000 -0.23520856E+000 -0.54952423E-002 -0.45382464E-002 -0.16672591E-002  0.22928328E+000  0.34246246E+001  0.16556384E+002  0.32604213E+002  0.80347141E+002  0.17234755E+003
 -0.48136981E+000 -0.23520516E+000 -0.54952313E-002 -0.45382952E-002 -0.16674868E-002  0.22928247E+000  0.34246234E+001  0.16556383E+002  0.32599059E+002  0.80290476E+002  0.17234753E+003
 -0.48136973E+000 -0.23520159E+000 -0.54952194E-002 -0.45383417E-002 -0.16677088E-002  0.22928167E+000  0.34246222E+001  0.16556382E+002  0.32560240E+002  0.80239215E+002  0.17234752E+003
 -0.48136961E+000 -0.23519781E+000 -0.54952062E-002 -0.45383856E-002 -0.16679240E-002  0.22928088E+000  0.34246210E+001  0.16556381E+002  0.32554533E+002  0.80187480E+002  0.17234751E+003
 -0.48136944E+000 -0.23519380E+000 -0.54951917E-002 -0.45384266E-002 -0.16681313E-002  0.22928009E+000  0.34246199E+001  0.16556381E+002  0.32548796E+002  0.80135351E+002  0.17234750E+003
 -0.48136921E+000 -0.23518954E+000 -0.54951758E-002 -0.45384642E-002 -0.16683296E-002  0.22927931E+000  0.34246188E+001  0.16556380E+002  0.32543039E+002  0.80082918E+002  0.17234749E+003
 -0.48136891E+000 -0.23518501E+000 -0.54951582E-002 -0.45384981E-002 -0.16685178E-002  0.22927855E+000  0.34246177E+001  0.16556379E+002  0.32537275E+002  0.80030274E+002  0.17234748E+003
 -0.48136855E+000 -0.23518020E+000 -0.54951389E-002 -0.45385279E-002 -0.16686949E-002  0.22927781E+000  0.34246166E+001  0.16556378E+002  0.32531517E+002  0.79977521E+002  0.17234746E+003
 -0.48136811E+000 -0.23517509E+000 -0.54951178E-002 -0.45385533E-002 -0.16688600E-002  0.22927709E+000  0.34246156E+001  0.16556378E+002  0.32525779E+002  0.79960842E+002  0.17234745E+003
 -0.48136761E+000 -0.23516966E+000 -0.54950947E-002 -0.45385740E-002 -0.16690120E-002  0.22927641E+000  0.34246146E+001  0.16556377E+002  0.32520075E+002  0.79956465E+002  0.17234744E+003
 -0.48136702E+000 -0.23516390E+000 -0.54950696E-002 -0.45385897E-002 -0.16691501E-002  0.22927576E+000  0.34246136E+001  0.16556376E+002  0.32514420E+002  0.79952106E+002  0.17234743E+003
 -0.48136635E+000 -0.23515780E+000 -0.54950425E-002 -0.45386002E-002 -0.16692734E-002  0.22927514E+000  0.34246127E+001  0.16556376E+002  0.32508829E+002  0.79947777E+002  0.17234742E+003
 -0.48136560E+000 -0.23515135E+000 -0.54950132E-002 -0.45386052E-002 -0.16693812E-002  0.22927457E+000  0.34246119E+001  0.16556375E+002  0.32503320E+002  0.79943485E+002  0.17234740E+003
 -0.48136476E+000 -0.23514454E+000 -0.54949817E-002 -0.45386044E-002 -0.16694726E-002  0.22927404E+000  0.34246111E+001  0.16556374E+002  0.32497907E+002  0.79939244E+002  0.17234739E+003
 -0.48136384E+000 -0.23513737E+000 -0.54949479E-002 -0.45385977E-002 -0.16695470E-002  0.22927356E+000  0.34246104E+001  0.16556374E+002  0.32492608E+002  0.79935063E+002  0.17234738E+003
 -0.48136282E+000 -0.23512983E+000 -0.54949120E-002 -0.45385849E-002 -0.16696038E-002  0.22927313E+000  0.34246098E+001  0.16556373E+002  0.32487440E+002  0.79930953E+002  0.17234737E+003
 -0.48136172E+000 -0.23512192E+000 -0.54948737E-002 -0.45385658E-002 -0.16696423E-002  0.22927276E+000  0.34246092E+001  0.16556373E+002  0.32482418E+002  0.79751410E+002  0.17234735E+003
 -0.48136052E+000 -0.23511364E+000 -0.54948332E-002 -0.45385404E-002 -0.16696622E-002  0.22927244E+000  0.34246087E+001  0.16556372E+002  0.32477561E+002  0.79646381E+002  0.17234734E+003
 -0.48135923E+000 -0.23510500E+000 -0.54947904E-002 -0.45385085E-002 -0.16696630E-002  0.22927219E+000  0.34246083E+001  0.16556372E+002  0.32472886E+002  0.79619604E+002  0.17234733E+003
 -0.48135785E+000 -0.23509599E+000 -0.54947453E-002 -0.45384701E-002 -0.16696443E-002  0.22927200E+000  0.34246080E+001  0.16556371E+002  0.32468407E+002  0.79593636E+002  0.17234732E+003
 -0.48135638E+000 -0.23508663E+000 -0.54946981E-002 -0.45384250E-002 -0.16696060E-002  0.22927188E+000  0.34246078E+001  0.16556371E+002  0.32464143E+002  0.79568554E+002  0.17234731E+003
 -0.48135481E+000 -0.23507690E+000 -0.54946486E-002 -0.45383734E-002 -0.16695478E-002  0.22927182E+000  0.34246077E+001  0.16556371E+002  0.32460109E+002  0.79544434E+002  0.17234730E+003
 -0.48135315E+000 -0.23506683E+000 -0.54945970E-002 -0.45383152E-002 -0.16694697E-002  0.22927184E+000  0.34246077E+001  0.16556370E+002  0.32456321E+002  0.79521349E+002  0.17234728E+003
 -0.48135141E+000 -0.23505641E+000 -0.54945433E-002 -0.45382504E-002 -0.16693717E-002  0.22927193E+000  0.34246077E+001  0.16556370E+002  0.32453257E+002  0.79499369E+002  0.17234727E+003
 -0.48134958E+000 -0.23504566E+000 -0.54944876E-002 -0.45381792E-002 -0.16692539E-002  0.22927209E+000  0.34246079E+001  0.16556370E+002  0.32450682E+002  0.79478562E+002  0.17234726E+003
 -0.48134766E+000 -0.23503459E+000 -0.54944299E-002 -0.45381015E-002 -0.16691165E-002  0.22927234E+000  0.34246082E+001  0.16556370E+002  0.32448335E+002  0.79458995E+002  0.17234725E+003
 -0.48134565E+000 -0.23502320E+000 -0.54943703E-002 -0.45380177E-002 -0.16689598E-002  0.22927265E+000  0.34246086E+001  0.16556370E+002  0.32446224E+002  0.79440726E+002  0.17234724E+003
 -0.48134357E+000 -0.23501152E+000 -0.54943089E-002 -0.45379277E-002 -0.16687843E-002  0.22927305E+000  0.34246090E+001  0.16556370E+002  0.32444359E+002  0.79423813E+002  0.17234723E+003
 -0.48134141E+000 -0.23499955E+000 -0.54942457E-002 -0.45378318E-002 -0.16685903E-002  0.22927352E+000  0.34246096E+001  0.16556370E+002  0.32442747E+002  0.79408308E+002  0.17234722E+003
 -0.48133917E+000 -0.23498732E+000 -0.54941809E-002 -0.45377303E-002 -0.16683785E-002  0.22927408E+000  0.34246103E+001  0.16556370E+002  0.32441396E+002  0.79396749E+002  0.17234721E+003
 -0.48133686E+000 -0.23497483E+000 -0.54941145E-002 -0.45376232E-002 -0.16681496E-002  0.22927470E+000  0.34246111E+001  0.16556370E+002  0.32440311E+002  0.79387329E+002  0.17234720E+003
 -0.48133449E+000 -0.23496211E+000 -0.54940466E-002 -0.45375110E-002 -0.16679042E-002  0.22927541E+000  0.34246120E+001  0.16556370E+002  0.32439497E+002  0.79379059E+002  0.17234720E+003
 -0.48133206E+000 -0.23494917E+000 -0.54939774E-002 -0.45373938E-002 -0.16676432E-002  0.22927619E+000  0.34246130E+001  0.16556370E+002  0.32438958E+002  0.79371963E+002  0.17234719E+003
 -0.48132956E+000 -0.23493602E+000 -0.54939069E-002 -0.45372720E-002 -0.16673674E-002  0.22927705E+000  0.34246141E+001  0.16556370E+002  0.32438697E+002  0.79366061E+002  0.17234718E+003
 -0.48132702E+000 -0.23492267E+000 -0.54938354E-002 -0.45371460E-002 -0.16670780E-002  0.22927797E+000  0.34246154E+001  0.16556371E+002  0.32438716E+002  0.79361365E+002  0.17234717E+003
 -0.48132443E+000 -0.23490916E+000 -0.54937628E-002 -0.45370161E-002 -0.16667758E-002  0.22927897E+000  0.34246166E+001  0.16556371E+002  0.32439015E+002  0.79357886E+002  0.17234717E+003
 -0.48132180E+000 -0.23489551E+000 -0.54936894E-002 -0.45368825E-002 -0.16664620E-002  0.22928003E+000  0.34246180E+001  0.16556372E+002  0.32439593E+002  0.79355628E+002  0.17234716E+003
 -0.48131913E+000 -0.23488175E+000 -0.54936153E-002 -0.45367458E-002 -0.16661376E-002  0.22928116E+000  0.34246195E+001  0.16556372E+002  0.32440450E+002  0.79354594E+002  0.17234716E+003
 -0.48131643E+000 -0.23486788E+000 -0.54935405E-002 -0.45366063E-002 -0.16658038E-002  0.22928235E+000  0.34246211E+001  0.16556373E+002  0.32441581E+002  0.79354777E+002  0.17234715E+003
 -0.48131371E+000 -0.23485394E+000 -0.54934652E-002 -0.45364643E-002 -0.16654617E-002  0.22928359E+000  0.34246227E+001  0.16556373E+002  0.32442985E+002  0.79356172E+002  0.17234715E+003
 -0.48131097E+000 -0.23483995E+000 -0.54933896E-002 -0.45363204E-002 -0.16651126E-002  0.22928489E+000  0.34246244E+001  0.16556374E+002  0.32444655E+002  0.79358767E+002  0.17234714E+003
 -0.48130822E+000 -0.23482593E+000 -0.54933138E-002 -0.45361747E-002 -0.16647577E-002  0.22928623E+000  0.34246262E+001  0.16556374E+002  0.32446587E+002  0.79362546E+002  0.17234714E+003
 -0.48130547E+000 -0.23481189E+000 -0.54932379E-002 -0.45360279E-002 -0.16643981E-002  0.22928762E+000  0.34246281E+001  0.16556375E+002  0.32448774E+002  0.79367490E+002  0.17234713E+003
 -0.48130271E+000 -0.23479787E+000 -0.54931620E-002 -0.45358803E-002 -0.16640350E-002  0.22928905E+000  0.34246300E+001  0.16556376E+002  0.32451210E+002  0.79373576E+002  0.17234713E+003
 -0.48129996E+000 -0.23478388E+000 -0.54930864E-002 -0.45357322E-002 -0.16636697E-002  0.22929052E+000  0.34246320E+001  0.16556377E+002  0.32453887E+002  0.79380780E+002  0.17234713E+003
 -0.48129722E+000 -0.23476994E+000 -0.54930110E-002 -0.45355840E-002 -0.16633031E-002  0.22929201E+000  0.34246340E+001  0.16556377E+002  0.32457265E+002  0.79389072E+002  0.17234713E+003
 -0.48129450E+000 -0.23475608E+000 -0.54929361E-002 -0.45354362E-002 -0.16629365E-002  0.22929353E+000  0.34246361E+001  0.16556378E+002  0.32461225E+002  0.79398421E+002  0.17234713E+003
 -0.48129180E+000 -0.23474231E+000 -0.54928617E-002 -0.45352890E-002 -0.16625710E-002  0.22929508E+000  0.34246382E+001  0.16556379E+002  0.32465456E+002  0.79410311E+002  0.17234713E+003
 -0.48128913E+000 -0.23472866E+000 -0.54927881E-002 -0.45351429E-002 -0.16622074E-002  0.22929664E+000  0.34246403E+001  0.16556380E+002  0.32469945E+002  0.79425455E+002  0.17234713E+003
 -0.48128649E+000 -0.23471514E+000 -0.54927152E-002 -0.45349981E-002 -0.16618469E-002  0.22929821E+000  0.34246425E+001  0.16556381E+002  0.32474679E+002  0.79441870E+002  0.17234713E+003
 -0.48128389E+000 -0.23470177E+000 -0.54926432E-002 -0.45348550E-002 -0.16614903E-002  0.22929979E+000  0.34246447E+001  0.16556382E+002  0.32479647E+002  0.79459506E+002  0.17234713E+003
 -0.48128133E+000 -0.23468857E+000 -0.54925722E-002 -0.45347138E-002 -0.16611384E-002  0.22930137E+000  0.34246469E+001  0.16556383E+002  0.32484834E+002  0.79478311E+002  0.17234713E+003
 -0.48127882E+000 -0.23466039E+000 -0.54925024E-002 -0.45345748E-002 -0.16607921E-002  0.22930295E+000  0.34246492E+001  0.16556384E+002  0.32490228E+002  0.79498234E+002  0.17234713E+003
 -0.48127635E+000 -0.23461211E+000 -0.54924337E-002 -0.45344383E-002 -0.16604521E-002  0.22930452E+000  0.34246514E+001  0.16556385E+002  0.32495815E+002  0.79519221E+002  0.17234713E+003
 -0.48127394E+000 -0.23456465E+000 -0.54923663E-002 -0.45343045E-002 -0.16601191E-002  0.22930609E+000  0.34246536E+001  0.16556386E+002  0.32501581E+002  0.79541220E+002  0.17234713E+003
 -0.48127158E+000 -0.23451804E+000 -0.54923002E-002 -0.45341735E-002 -0.16597935E-002  0.22930764E+000  0.34246559E+001  0.16556387E+002  0.32507513E+002  0.79564177E+002  0.17234714E+003
 -0.48126928E+000 -0.23447235E+000 -0.54922356E-002 -0.45340457E-002 -0.16594760E-002  0.22930917E+000  0.34246581E+001  0.16556388E+002  0.32513598E+002  0.79588040E+002  0.17234714E+003
 -0.48126705E+000 -0.23442761E+000 -0.54921724E-002 -0.45339210E-002 -0.16591669E-002  0.22931069E+000  0.34246604E+001  0.16556389E+002  0.32519823E+002  0.79612757E+002  0.17234714E+003
 -0.48126487E+000 -0.23438387E+000 -0.54921108E-002 -0.45337998E-002 -0.16588668E-002  0.22931218E+000  0.34246626E+001  0.16556390E+002  0.32526176E+002  0.79638277E+002  0.17234715E+003
 -0.48126276E+000 -0.23434115E+000 -0.54920507E-002 -0.45336820E-002 -0.16585758E-002  0.22931364E+000  0.34246648E+001  0.16556391E+002  0.32532643E+002  0.79687541E+002  0.17234715E+003
 -0.48126071E+000 -0.23429950E+000 -0.54919923E-002 -0.45335678E-002 -0.16582943E-002  0.22931507E+000  0.34246670E+001  0.16556392E+002  0.32539213E+002  0.79871528E+002  0.17234716E+003
 -0.48125874E+000 -0.23425893E+000 -0.54919355E-002 -0.45334572E-002 -0.16580224E-002  0.22931647E+000  0.34246692E+001  0.16556393E+002  0.32545874E+002  0.79933387E+002  0.17234716E+003
 -0.48125683E+000 -0.23421948E+000 -0.54918805E-002 -0.45333504E-002 -0.16577602E-002  0.22931784E+000  0.34246713E+001  0.16556394E+002  0.32552614E+002  0.79937424E+002  0.17234717E+003
 -0.48125498E+000 -0.23418116E+000 -0.54918271E-002 -0.45332473E-002 -0.16575080E-002  0.22931918E+000  0.34246735E+001  0.16556395E+002  0.32559423E+002  0.79941542E+002  0.17234718E+003
 -0.48125321E+000 -0.23414399E+000 -0.54917754E-002 -0.45331479E-002 -0.16572656E-002  0.22932047E+000  0.34246755E+001  0.16556396E+002  0.32599436E+002  0.79945734E+002  0.17234718E+003
 -0.48125150E+000 -0.23410798E+000 -0.54917255E-002 -0.45330524E-002 -0.16570331E-002  0.22932173E+000  0.34246776E+001  0.16556397E+002  0.32605785E+002  0.79949996E+002  0.17234719E+003
 -0.48124986E+000 -0.23407314E+000 -0.54916773E-002 -0.45329605E-002 -0.16568105E-002  0.22932295E+000  0.34246796E+001  0.16556398E+002  0.32612168E+002  0.79954320E+002  0.17234720E+003
 -0.48124829E+000 -0.23403946E+000 -0.54916308E-002 -0.45328725E-002 -0.16565976E-002  0.22932413E+000  0.34246816E+001  0.16556399E+002  0.32618577E+002  0.79958702E+002  0.17234721E+003
 -0.48124678E+000 -0.23400697E+000 -0.54915860E-002 -0.45327881E-002 -0.16563943E-002  0.22932527E+000  0.34246836E+001  0.16556400E+002  0.32625003E+002  0.79963136E+002  0.17234721E+003
 -0.48124534E+000 -0.23397564E+000 -0.54915430E-002 -0.45327073E-002 -0.16562004E-002  0.22932637E+000  0.34246855E+001  0.16556401E+002  0.32631439E+002  0.80006237E+002  0.17234722E+003
 -0.48124396E+000 -0.23394548E+000 -0.54915016E-002 -0.45326302E-002 -0.16560159E-002  0.22932743E+000  0.34246874E+001  0.16556402E+002  0.32637877E+002  0.80060617E+002  0.17234723E+003
 -0.48124265E+000 -0.23391648E+000 -0.54914620E-002 -0.45325565E-002 -0.16558404E-002  0.22932844E+000  0.34246892E+001  0.16556403E+002  0.32644309E+002  0.80115447E+002  0.17234724E+003
 -0.48124140E+000 -0.23388862E+000 -0.54914239E-002 -0.45324864E-002 -0.16556737E-002  0.22932942E+000  0.34246910E+001  0.16556404E+002  0.32650729E+002  0.80170673E+002  0.17234725E+003
 -0.48124021E+000 -0.23386190E+000 -0.54913875E-002 -0.45324196E-002 -0.16555157E-002  0.22933035E+000  0.34246927E+001  0.16556405E+002  0.32657130E+002  0.80226240E+002  0.17234726E+003
 -0.48123907E+000 -0.23383630E+000 -0.54913527E-002 -0.45323560E-002 -0.16553660E-002  0.22933124E+000  0.34246944E+001  0.16556406E+002  0.32663506E+002  0.80282098E+002  0.17234727E+003
 -0.48123800E+000 -0.23381179E+000 -0.54913195E-002 -0.45322957E-002 -0.16552243E-002  0.22933210E+000  0.34246961E+001  0.16556407E+002  0.32669851E+002  0.80343373E+002  0.17234728E+003
 -0.48123698E+000 -0.23378837E+000 -0.54912878E-002 -0.45322384E-002 -0.16550905E-002  0.22933291E+000  0.34246977E+001  0.16556408E+002  0.32676159E+002  0.80414410E+002  0.17234729E+003
 -0.48123601E+000 -0.23376600E+000 -0.54912575E-002 -0.45321842E-002 -0.16549641E-002  0.22933369E+000  0.34246993E+001  0.16556409E+002  0.32682425E+002  0.80485633E+002  0.17234730E+003
 -0.48123510E+000 -0.23374466E+000 -0.54912287E-002 -0.45321328E-002 -0.16548450E-002  0.22933443E+000  0.34247008E+001  0.16556409E+002  0.32688643E+002  0.80556987E+002  0.17234731E+003
 -0.48123423E+000 -0.23372433E+000 -0.54912014E-002 -0.45320842E-002 -0.16547329E-002  0.22933513E+000  0.34247023E+001  0.16556410E+002  0.32694810E+002  0.80628415E+002  0.17234732E+003
 -0.48123341E+000 -0.23370498E+000 -0.54911754E-002 -0.45320383E-002 -0.16546273E-002  0.22933579E+000  0.34247037E+001  0.16556411E+002  0.32699611E+002  0.80699864E+002  0.17234734E+003
 -0.48123264E+000 -0.23368658E+000 -0.54911507E-002 -0.45319950E-002 -0.16545281E-002  0.22933643E+000  0.34247051E+001  0.16556412E+002  0.32703245E+002  0.81087232E+002  0.17234735E+003
 -0.48123192E+000 -0.23366911E+000 -0.54911273E-002 -0.45319542E-002 -0.16544350E-002  0.22933703E+000  0.34247064E+001  0.16556413E+002  0.32729406E+002  0.81145674E+002  0.17234736E+003
 -0.48123123E+000 -0.23365253E+000 -0.54911051E-002 -0.45319157E-002 -0.16543477E-002  0.22933759E+000  0.34247077E+001  0.16556413E+002  0.32786662E+002  0.81157017E+002  0.17234737E+003
 -0.48123059E+000 -0.23363681E+000 -0.54910841E-002 -0.45318795E-002 -0.16542658E-002  0.22933813E+000  0.34247089E+001  0.16556414E+002  0.32791478E+002  0.81168331E+002  0.17234738E+003
 -0.48122998E+000 -0.23362192E+000 -0.54910643E-002 -0.45318455E-002 -0.16541892E-002  0.22933864E+000  0.34247101E+001  0.16556415E+002  0.32796233E+002  0.81179611E+002  0.17234740E+003
 -0.48122941E+000 -0.23360784E+000 -0.54910455E-002 -0.45318135E-002 -0.16541175E-002  0.22933912E+000  0.34247113E+001  0.16556415E+002  0.32800922E+002  0.81190847E+002  0.17234741E+003
 -0.48122888E+000 -0.23359453E+000 -0.54910278E-002 -0.45317835E-002 -0.16540506E-002  0.22933957E+000  0.34247124E+001  0.16556416E+002  0.32805545E+002  0.81276527E+002  0.17234742E+003
 -0.48122838E+000 -0.23358196E+000 -0.54910111E-002 -0.45317553E-002 -0.16539881E-002  0.22933999E+000  0.34247135E+001  0.16556417E+002  0.32810098E+002  0.81389447E+002  0.17234743E+003
 -0.48122791E+000 -0.23357010E+000 -0.54909954E-002 -0.45317290E-002 -0.16539297E-002  0.22934039E+000  0.34247145E+001  0.16556417E+002  0.32814579E+002  0.81501730E+002  0.17234745E+003
 -0.48122747E+000 -0.23355891E+000 -0.54909806E-002 -0.45317043E-002 -0.16538754E-002  0.22934077E+000  0.34247155E+001  0.16556418E+002  0.32818988E+002  0.81613312E+002  0.17234746E+003
 -0.48122706E+000 -0.23354838E+000 -0.54909667E-002 -0.45316812E-002 -0.16538247E-002  0.22934112E+000  0.34247164E+001  0.16556419E+002  0.32823321E+002  0.81725221E+002  0.17234747E+003
 -0.48122668E+000 -0.23353846E+000 -0.54909536E-002 -0.45316596E-002 -0.16537776E-002  0.22934145E+000  0.34247173E+001  0.16556419E+002  0.32827579E+002  0.81895098E+002  0.17234749E+003
 -0.48122632E+000 -0.23352913E+000 -0.54909413E-002 -0.45316394E-002 -0.16537338E-002  0.22934176E+000  0.34247182E+001  0.16556420E+002  0.32831758E+002  0.81994690E+002  0.17234750E+003
 -0.48122599E+000 -0.23352036E+000 -0.54909298E-002 -0.45316206E-002 -0.16536930E-002  0.22934206E+000  0.34247190E+001  0.16556420E+002  0.32835859E+002  0.82090627E+002  0.17234751E+003
 -0.48122567E+000 -0.23351212E+000 -0.54909189E-002 -0.45316030E-002 -0.16536551E-002  0.22934233E+000  0.34247198E+001  0.16556421E+002  0.32839880E+002  0.82185685E+002  0.17234753E+003
 -0.48122538E+000 -0.23350438E+000 -0.54909088E-002 -0.45315866E-002 -0.16536200E-002  0.22934259E+000  0.34247205E+001  0.16556421E+002  0.32843821E+002  0.82279820E+002  0.17234754E+003
 -0.48122511E+000 -0.23349713E+000 -0.54908993E-002 -0.45315713E-002 -0.16535873E-002  0.22934283E+000  0.34247213E+001  0.16556422E+002  0.32847680E+002  0.82420796E+002  0.17234755E+003
 -0.48122486E+000 -0.23349032E+000 -0.54908904E-002 -0.45315570E-002 -0.16535570E-002  0.22934305E+000  0.34247219E+001  0.16556422E+002  0.32851458E+002  0.82589437E+002  0.17234756E+003
 -0.48122462E+000 -0.23348394E+000 -0.54908820E-002 -0.45315437E-002 -0.16535289E-002  0.22934326E+000  0.34247226E+001  0.16556423E+002  0.32855153E+002  0.82756161E+002  0.17234758E+003
 -0.48122441E+000 -0.23347795E+000 -0.54908742E-002 -0.45315313E-002 -0.16535029E-002  0.22934346E+000  0.34247232E+001  0.16556423E+002  0.32858766E+002  0.82920898E+002  0.17234759E+003
 -0.48122420E+000 -0.23347235E+000 -0.54908669E-002 -0.45315198E-002 -0.16534787E-002  0.22934364E+000  0.34247238E+001  0.16556424E+002  0.32862297E+002  0.83110955E+002  0.17234760E+003
 -0.48122401E+000 -0.23346710E+000 -0.54908600E-002 -0.45315091E-002 -0.16534563E-002  0.22934381E+000  0.34247244E+001  0.16556424E+002  0.32865745E+002  0.83312810E+002  0.17234762E+003
 -0.48122383E+000 -0.23346218E+000 -0.54908536E-002 -0.45314991E-002 -0.16534354E-002  0.22934397E+000  0.34247249E+001  0.16556425E+002  0.32869111E+002  0.83511940E+002  0.17234763E+003
 -0.48122367E+000 -0.23345758E+000 -0.54908476E-002 -0.45314897E-002 -0.16534161E-002  0.22934412E+000  0.34247254E+001  0.16556425E+002  0.32874710E+002  0.83708277E+002  0.17234764E+003
 -0.48122352E+000 -0.23345327E+000 -0.54908420E-002 -0.45314811E-002 -0.16533982E-002  0.22934426E+000  0.34247259E+001  0.16556425E+002  0.32882702E+002  0.83981352E+002  0.17234766E+003
 -0.48122337E+000 -0.23344923E+000 -0.54908368E-002 -0.45314730E-002 -0.16533815E-002  0.22934439E+000  0.34247264E+001  0.16556426E+002  0.32890491E+002  0.84053595E+002  0.17234767E+003
 -0.48122324E+000 -0.23344545E+000 -0.54908319E-002 -0.45314654E-002 -0.16533659E-002  0.22934451E+000  0.34247268E+001  0.16556426E+002  0.32898078E+002  0.84204950E+002  0.17234768E+003
 -0.48122312E+000 -0.23344191E+000 -0.54908273E-002 -0.45314583E-002 -0.16533515E-002  0.22934463E+000  0.34247272E+001  0.16556426E+002  0.32905466E+002  0.84353877E+002  0.17234769E+003
 -0.48122300E+000 -0.23343858E+000 -0.54908230E-002 -0.45314517E-002 -0.16533380E-002  0.22934473E+000  0.34247276E+001  0.16556427E+002  0.32912657E+002  0.84500341E+002  0.17234771E+003
 -0.48122289E+000 -0.23343547E+000 -0.54908190E-002 -0.45314455E-002 -0.16533254E-002  0.22934483E+000  0.34247280E+001  0.16556427E+002  0.32919651E+002  0.84759876E+002  0.17234772E+003
 -0.48122279E+000 -0.23343254E+000 -0.54908152E-002 -0.45314397E-002 -0.16533136E-002  0.22934493E+000  0.34247283E+001  0.16556427E+002  0.32926452E+002  0.85032586E+002  0.17234773E+003
 -0.48122269E+000 -0.23342980E+000 -0.54908116E-002 -0.45314343E-002 -0.16533025E-002  0.22934501E+000  0.34247286E+001  0.16556428E+002  0.32933062E+002  0.85300391E+002  0.17234774E+003
 -0.48122261E+000 -0.23342722E+000 -0.54908083E-002 -0.45314292E-002 -0.16532921E-002  0.22934510E+000  0.34247290E+001  0.16556428E+002  0.32939483E+002  0.85894656E+002  0.17234776E+003
 -0.48122252E+000 -0.23342479E+000 -0.54908051E-002 -0.45314244E-002 -0.16532823E-002  0.22934517E+000  0.34247293E+001  0.16556428E+002  0.32945719E+002  0.86236634E+002  0.17234777E+003
 -0.48122244E+000 -0.23342250E+000 -0.54908022E-002 -0.45314199E-002 -0.16532730E-002  0.22934525E+000  0.34247295E+001  0.16556429E+002  0.32951772E+002  0.86293970E+002  0.17234778E+003
 -0.48122237E+000 -0.23342034E+000 -0.54907994E-002 -0.45314156E-002 -0.16532643E-002  0.22934531E+000  0.34247298E+001  0.16556429E+002  0.32957646E+002  0.86350167E+002  0.17234779E+003
 -0.48122230E+000 -0.23341830E+000 -0.54907967E-002 -0.45314115E-002 -0.16532560E-002  0.22934538E+000  0.34247301E+001  0.16556429E+002  0.32963343E+002  0.86565949E+002  0.17234780E+003
 -0.48122223E+000 -0.23341637E+000 -0.54907942E-002 -0.45314077E-002 -0.16532480E-002  0.22934544E+000  0.34247303E+001  0.16556429E+002  0.32968867E+002  0.86930194E+002  0.17234781E+003
 -0.48122216E+000 -0.23341455E+000 -0.54907918E-002 -0.45314040E-002 -0.16532404E-002  0.22934549E+000  0.34247305E+001  0.16556429E+002  0.32974221E+002  0.87286722E+002  0.17234783E+003
 -0.48122210E+000 -0.23341282E+000 -0.54907896E-002 -0.45314005E-002 -0.16532332E-002  0.22934555E+000  0.34247307E+001  0.16556430E+002  0.32979408E+002  0.88136370E+002  0.17234784E+003
 -0.48122204E+000 -0.23341117E+000 -0.54907875E-002 -0.45313971E-002 -0.16532262E-002  0.22934560E+000  0.34247309E+001  0.16556430E+002  0.32984433E+002  0.88544367E+002  0.17234785E+003
 -0.48122199E+000 -0.23340960E+000 -0.54907854E-002 -0.45313939E-002 -0.16532195E-002  0.22934565E+000  0.34247311E+001  0.16556430E+002  0.32989298E+002  0.88559430E+002  0.17234786E+003
 -0.48122194E+000 -0.23340811E+000 -0.54907835E-002 -0.45313908E-002 -0.16532130E-002  0.22934569E+000  0.34247313E+001  0.16556430E+002  0.32994008E+002  0.88574148E+002  0.17234787E+003
 -0.48122188E+000 -0.23340668E+000 -0.54907816E-002 -0.45313878E-002 -0.16532066E-002  0.22934574E+000  0.34247315E+001  0.16556430E+002  0.32998565E+002  0.88971759E+002  0.17234788E+003
 -0.48122183E+000 -0.23340531E+000 -0.54907798E-002 -0.45313849E-002 -0.16532005E-002  0.22934578E+000  0.34247317E+001  0.16556431E+002  0.33002973E+002  0.89432998E+002  0.17234789E+003
 -0.48122178E+000 -0.23340400E+000 -0.54907781E-002 -0.45313821E-002 -0.16531945E-002  0.22934582E+000  0.34247318E+001  0.16556431E+002  0.33007237E+002  0.90030618E+002  0.17234790E+003
 -0.48122174E+000 -0.23340273E+000 -0.54907764E-002 -0.45313794E-002 -0.16531886E-002  0.22934586E+000  0.34247320E+001  0.16556431E+002  0.33011359E+002  0.91012421E+002  0.17234791E+003
 -0.48122169E+000 -0.23340152E+000 -0.54907748E-002 -0.45313768E-002 -0.16531828E-002  0.22934590E+000  0.34247321E+001  0.16556431E+002  0.33015344E+002  0.91070748E+002  0.17234792E+003
 -0.48122165E+000 -0.23340035E+000 -0.54907732E-002 -0.45313742E-002 -0.16531771E-002  0.22934593E+000  0.34247323E+001  0.16556431E+002  0.33019195E+002  0.91127602E+002  0.17234793E+003
 -0.48122160E+000 -0.23339921E+000 -0.54907717E-002 -0.45313717E-002 -0.16531715E-002  0.22934597E+000  0.34247324E+001  0.16556431E+002  0.33022915E+002  0.91573685E+002  0.17234794E+003
 -0.48122156E+000 -0.23339811E+000 -0.54907703E-002 -0.45313692E-002 -0.16531659E-002  0.22934600E+000  0.34247325E+001  0.16556432E+002  0.33026509E+002  0.92165770E+002  0.17234795E+003
 -0.48122152E+000 -0.23339705E+000 -0.54907689E-002 -0.45313667E-002 -0.16531603E-002  0.22934604E+000  0.34247326E+001  0.16556432E+002  0.33029980E+002  0.92942521E+002  0.17234795E+003
 -0.48122148E+000 -0.23339601E+000 -0.54907675E-002 -0.45313643E-002 -0.16531548E-002  0.22934607E+000  0.34247328E+001  0.16556432E+002  0.33033331E+002  0.93697918E+002  0.17234796E+003
 -0.48122143E+000 -0.23339500E+000 -0.54907661E-002 -0.45313619E-002 -0.16531493E-002  0.22934610E+000  0.34247329E+001  0.16556432E+002  0.33036566E+002  0.93925987E+002  0.17234797E+003
 -0.48122139E+000 -0.23339401E+000 -0.54907648E-002 -0.45313595E-002 -0.16531438E-002  0.22934613E+000  0.34247330E+001  0.16556432E+002  0.33039688E+002  0.94260797E+002  0.17234798E+003
 -0.48122135E+000 -0.23339303E+000 -0.54907635E-002 -0.45313571E-002 -0.16531382E-002  0.22934616E+000  0.34247331E+001  0.16556432E+002  0.33042702E+002  0.95051618E+002  0.17234799E+003
 -0.48122131E+000 -0.23339208E+000 -0.54907622E-002 -0.45313548E-002 -0.16531327E-002  0.22934619E+000  0.34247332E+001  0.16556432E+002  0.33045610E+002  0.95810624E+002  0.17234800E+003
 -0.48122127E+000 -0.23339114E+000 -0.54907609E-002 -0.45313524E-002 -0.16531270E-002  0.22934622E+000  0.34247333E+001  0.16556432E+002  0.33048417E+002  0.96459309E+002  0.17234800E+003
 -0.48122123E+000 -0.23339020E+000 -0.54907596E-002 -0.45313500E-002 -0.16531214E-002  0.22934625E+000  0.34247334E+001  0.16556433E+002  0.33051125E+002  0.97070849E+002  0.17234801E+003
 -0.48122119E+000 -0.23338927E+000 -0.54907583E-002 -0.45313476E-002 -0.16531156E-002  0.22934628E+000  0.34247334E+001  0.16556433E+002  0.33053738E+002  0.98036939E+002  0.17234802E+003
 -0.48122115E+000 -0.23338833E+000 -0.54907571E-002 -0.45313452E-002 -0.16531098E-002  0.22934630E+000  0.34247335E+001  0.16556433E+002  0.33056261E+002  0.99208503E+002  0.17234803E+003
 -0.48122111E+000 -0.23338739E+000 -0.54907558E-002 -0.45313428E-002 -0.16531039E-002  0.22934633E+000  0.34247336E+001  0.16556433E+002  0.33058696E+002  0.99305173E+002  0.17234803E+003
 -0.48122106E+000 -0.23338644E+000 -0.54907545E-002 -0.45313403E-002 -0.16530980E-002  0.22934636E+000  0.34247337E+001  0.16556433E+002  0.33061048E+002  0.10010609E+003  0.17234804E+003
 -0.48122102E+000 -0.23338546E+000 -0.54907531E-002 -0.45313378E-002 -0.16530920E-002  0.22934639E+000  0.34247338E+001  0.16556433E+002  0.33063319E+002  0.10315917E+003  0.17234805E+003
 -0.48122097E+000 -0.23338444E+000 -0.54907517E-002 -0.45313353E-002 -0.16530860E-002  0.22934642E+000  0.34247338E+001  0.16556433E+002  0.33065516E+002  0.10316324E+003  0.17234805E+003
 -0.48122093E+000 -0.23338337E+000 -0.54907503E-002 -0.45313327E-002 -0.16530800E-002  0.22934645E+000  0.34247339E+001  0.16556433E+002  0.33067640E+002  0.10316504E+003  0.17234806E+003
 -0.48122087E+000 -0.23338223E+000 -0.54907487E-002 -0.45313300E-002 -0.16530740E-002  0.22934648E+000  0.34247340E+001  0.16556433E+002  0.33069698E+002  0.10316505E+003  0.17234807E+003
 -0.48122082E+000 -0.23338096E+000 -0.54907470E-002 -0.45313273E-002 -0.16530682E-002  0.22934651E+000  0.34247341E+001  0.16556433E+002  0.33071691E+002  0.10316505E+003  0.17234807E+003
 -0.48122075E+000 -0.23337947E+000 -0.54907449E-002 -0.45313241E-002 -0.16530620E-002  0.22934655E+000  0.34247342E+001  0.16556433E+002  0.33073637E+002  0.10316506E+003  0.17234808E+003
