  0.19204854E+000  0.21602373E+000  0.34823974E+000  0.50969210E+000  0.85882271E+000  0.97736972E+000  0.13087758E+001  0.24401527E+001  0.40595020E+001  0.55419738E+001  0.88952322E+001
  0.19200061E+000  0.21625734E+000  0.34885624E+000  0.51006354E+000  0.85878756E+000  0.97744011E+000  0.13121332E+001  0.24451927E+001  0.40629470E+001  0.55740825E+001  0.89575268E+001
  0.19201523E+000  0.21640924E+000  0.34937574E+000  0.51018788E+000  0.85887019E+000  0.97745717E+000  0.13125454E+001  0.24494679E+001  0.40685713E+001  0.56081034E+001  0.90135276E+001
  0.19203578E+000  0.21662337E+000  0.34982553E+000  0.51031988E+000  0.85883963E+000  0.97745006E+000  0.13131301E+001  0.24535076E+001  0.40697132E+001  0.56370591E+001  0.90609253E+001
  0.19206272E+000  0.21680339E+000  0.35021896E+000  0.51084301E+000  0.85887984E+000  0.97746315E+000  0.13134795E+001  0.24564633E+001  0.40709220E+001  0.56610687E+001  0.91011872E+001
  0.19204576E+000  0.21696001E+000  0.35054658E+000  0.51140682E+000  0.85886506E+000  0.97747284E+000  0.13138550E+001  0.24596362E+001  0.40720494E+001  0.56821363E+001  0.91355980E+001
  0.19204929E+000  0.21707840E+000  0.35082432E+000  0.51194850E+000  0.85885253E+000  0.97779015E+000  0.13151940E+001  0.24620242E+001  0.40724495E+001  0.57000436E+001  0.91651796E+001
  0.19204556E+000  0.21718343E+000  0.35106132E+000  0.51252677E+000  0.85888093E+000  0.97797740E+000  0.13165337E+001  0.24639848E+001  0.40722650E+001  0.57153351E+001  0.91710361E+001
  0.19205173E+000  0.21727212E+000  0.35126388E+000  0.51262918E+000  0.85883325E+000  0.97790553E+000  0.13168182E+001  0.24656878E+001  0.40734043E+001  0.57283465E+001  0.91689769E+001
  0.19206448E+000  0.21736458E+000  0.35143492E+000  0.51267710E+000  0.85882570E+000  0.97792338E+000  0.13151369E+001  0.24671219E+001  0.40735946E+001  0.57394772E+001  0.91709907E+001
  0.19205355E+000  0.21741181E+000  0.35158053E+000  0.51274007E+000  0.85881934E+000  0.97773489E+000  0.13166223E+001  0.24684707E+001  0.40722196E+001  0.57488780E+001  0.91670584E+001
  0.19202412E+000  0.21748073E+000  0.35170129E+000  0.51278014E+000  0.85881402E+000  0.97795759E+000  0.13173250E+001  0.24694862E+001  0.40734206E+001  0.57569572E+001  0.91691595E+001
  0.19203573E+000  0.21751835E+000  0.35181187E+000  0.51274013E+000  0.85886225E+000  0.97790984E+000  0.13185198E+001  0.24703834E+001  0.40728018E+001  0.57637945E+001  0.91677564E+001
  0.19206180E+000  0.21755024E+000  0.35190431E+000  0.51270667E+000  0.85887947E+000  0.97797882E+000  0.13195398E+001  0.24712105E+001  0.40729845E+001  0.57695536E+001  0.91604416E+001
  0.19204253E+000  0.21758314E+000  0.35197732E+000  0.51278608E+000  0.85880631E+000  0.97798752E+000  0.13203916E+001  0.24717857E+001  0.40732033E+001  0.57741747E+001  0.91685838E+001
  0.19204717E+000  0.21761124E+000  0.35204401E+000  0.51287571E+000  0.85888424E+000  0.97796136E+000  0.13211105E+001  0.24723483E+001  0.40733938E+001  0.57787260E+001  0.91755258E+001
  0.19205125E+000  0.21762201E+000  0.35210376E+000  0.51300165E+000  0.85884364E+000  0.97795106E+000  0.13217179E+001  0.24729602E+001  0.40734672E+001  0.57823688E+001  0.91814397E+001
  0.19205483E+000  0.21764420E+000  0.35215288E+000  0.51315175E+000  0.85879608E+000  0.97800068E+000  0.13222533E+001  0.24733246E+001  0.40735249E+001  0.57853417E+001  0.91864728E+001
  0.19205802E+000  0.21765709E+000  0.35219414E+000  0.51330997E+000  0.85882128E+000  0.97792142E+000  0.13227094E+001  0.24736637E+001  0.40733621E+001  0.57880550E+001  0.91907742E+001
  0.19206085E+000  0.21767746E+000  0.35222791E+000  0.51344396E+000  0.85887816E+000  0.97795030E+000  0.13231343E+001  0.24739745E+001  0.40730853E+001  0.57903689E+001  0.91944645E+001
  0.19206339E+000  0.21768267E+000  0.35225848E+000  0.51355547E+000  0.85887536E+000  0.97788035E+000  0.13235287E+001  0.24741670E+001  0.40729653E+001  0.57920535E+001  0.91975756E+001
  0.19206569E+000  0.21769274E+000  0.35228468E+000  0.51365444E+000  0.85887326E+000  0.97800854E+000  0.13237728E+001  0.24744160E+001  0.40728871E+001  0.57938333E+001  0.92002587E+001
  0.19205941E+000  0.21770157E+000  0.35230727E+000  0.51372849E+000  0.85881424E+000  0.97793802E+000  0.13239793E+001  0.24746931E+001  0.40725942E+001  0.57953357E+001  0.92025236E+001
  0.19206070E+000  0.21771006E+000  0.35232699E+000  0.51380709E+000  0.85884846E+000  0.97787701E+000  0.13241694E+001  0.24747405E+001  0.40724902E+001  0.57960310E+001  0.92044682E+001
  0.19206181E+000  0.21771558E+000  0.35234442E+000  0.51386084E+000  0.85887806E+000  0.97789112E+000  0.13244400E+001  0.24748980E+001  0.40724163E+001  0.57969322E+001  0.92061297E+001
  0.19206279E+000  0.21772118E+000  0.35235803E+000  0.51391830E+000  0.85883248E+000  0.97790351E+000  0.13244433E+001  0.24750245E+001  0.40722811E+001  0.57984244E+001  0.92075515E+001
  0.19206365E+000  0.21772602E+000  0.35237054E+000  0.51397454E+000  0.85885350E+000  0.97791447E+000  0.13245936E+001  0.24751352E+001  0.40721358E+001  0.57991560E+001  0.92087709E+001
  0.19206441E+000  0.21773034E+000  0.35238147E+000  0.51401096E+000  0.85886132E+000  0.97792423E+000  0.13247234E+001  0.24752328E+001  0.40718265E+001  0.57995145E+001  0.92098201E+001
  0.19206508E+000  0.21773406E+000  0.35239109E+000  0.51404849E+000  0.85878854E+000  0.97793301E+000  0.13249428E+001  0.24753195E+001  0.40718206E+001  0.57999142E+001  0.92107270E+001
  0.19206569E+000  0.21773736E+000  0.35239962E+000  0.51407557E+000  0.85880309E+000  0.97794098E+000  0.13250087E+001  0.24753973E+001  0.40718586E+001  0.58003965E+001  0.92115155E+001
  0.19203904E+000  0.21774164E+000  0.35240726E+000  0.51409959E+000  0.85880931E+000  0.97800502E+000  0.13250663E+001  0.24754677E+001  0.40718911E+001  0.58008193E+001  0.92122066E+001
  0.19206515E+000  0.21774301E+000  0.35241418E+000  0.51412799E+000  0.85882347E+000  0.97797906E+000  0.13251171E+001  0.24755383E+001  0.40719902E+001  0.58011942E+001  0.92128180E+001
  0.19202666E+000  0.21774549E+000  0.35242054E+000  0.51413992E+000  0.85883654E+000  0.97796157E+000  0.13252509E+001  0.24756553E+001  0.40720233E+001  0.58015577E+001  0.92133652E+001
  0.19203724E+000  0.21774779E+000  0.35242645E+000  0.51416629E+000  0.85884876E+000  0.97796773E+000  0.13252767E+001  0.24756489E+001  0.40720435E+001  0.58018946E+001  0.92138616E+001
  0.19204994E+000  0.21774997E+000  0.35243204E+000  0.51417453E+000  0.85886037E+000  0.97797370E+000  0.13253492E+001  0.24757028E+001  0.40719955E+001  0.58022047E+001  0.92143185E+001
  0.19205623E+000  0.21775224E+000  0.35243739E+000  0.51417700E+000  0.85887494E+000  0.97797956E+000  0.13253250E+001  0.24757550E+001  0.40719665E+001  0.58024948E+001  0.92147458E+001
  0.19206501E+000  0.21775560E+000  0.35244258E+000  0.51420282E+000  0.85888240E+000  0.97798538E+000  0.13253802E+001  0.24758060E+001  0.40715880E+001  0.58027704E+001  0.92151516E+001
  0.19202630E+000  0.21775626E+000  0.35244769E+000  0.51423207E+000  0.85885707E+000  0.97799123E+000  0.13254337E+001  0.24758565E+001  0.40713316E+001  0.58029758E+001  0.92155430E+001
  0.19202913E+000  0.21775825E+000  0.35245294E+000  0.51424269E+000  0.85888295E+000  0.97799715E+000  0.13254864E+001  0.24759070E+001  0.40712445E+001  0.58031566E+001  0.92159258E+001
  0.19203259E+000  0.21776025E+000  0.35245838E+000  0.51425312E+000  0.85879775E+000  0.97800318E+000  0.13255389E+001  0.24759591E+001  0.40711771E+001  0.58035541E+001  0.92163050E+001
  0.19203607E+000  0.21776228E+000  0.35246388E+000  0.51427821E+000  0.85884976E+000  0.97800936E+000  0.13255918E+001  0.24760431E+001  0.40711776E+001  0.58038120E+001  0.92166845E+001
  0.19203959E+000  0.21776435E+000  0.35246944E+000  0.51428943E+000  0.85879007E+000  0.97782145E+000  0.13256456E+001  0.24760910E+001  0.40710282E+001  0.58040725E+001  0.92170677E+001
  0.19204317E+000  0.21776646E+000  0.35247511E+000  0.51431198E+000  0.85880319E+000  0.97785713E+000  0.13257006E+001  0.24761156E+001  0.40710489E+001  0.58043372E+001  0.92174572E+001
  0.19206003E+000  0.21776863E+000  0.35248092E+000  0.51431219E+000  0.85881661E+000  0.97789395E+000  0.13257572E+001  0.24761706E+001  0.40710710E+001  0.58046076E+001  0.92178551E+001
  0.19205060E+000  0.21777086E+000  0.35248687E+000  0.51432381E+000  0.85883040E+000  0.97793211E+000  0.13257346E+001  0.24762271E+001  0.40710945E+001  0.58048849E+001  0.92182631E+001
  0.19205447E+000  0.21777316E+000  0.35249298E+000  0.51434655E+000  0.85884456E+000  0.97797174E+000  0.13257934E+001  0.24759762E+001  0.40711198E+001  0.58051699E+001  0.92186823E+001
  0.19205845E+000  0.21777620E+000  0.35249926E+000  0.51434764E+000  0.85887668E+000  0.97787535E+000  0.13258543E+001  0.24760664E+001  0.40711647E+001  0.58054829E+001  0.92191139E+001
  0.19206255E+000  0.21777798E+000  0.35250572E+000  0.51438185E+000  0.85887413E+000  0.97793485E+000  0.13259175E+001  0.24761596E+001  0.40712188E+001  0.58057224E+001  0.92195583E+001
  0.19205006E+000  0.21778050E+000  0.35251235E+000  0.51437232E+000  0.85887405E+000  0.97799677E+000  0.13259831E+001  0.24762558E+001  0.40712827E+001  0.58059324E+001  0.92200161E+001
  0.19205905E+000  0.21778310E+000  0.35251960E+000  0.51439326E+000  0.85887126E+000  0.97793712E+000  0.13260511E+001  0.24763550E+001  0.40712351E+001  0.58061485E+001  0.92204874E+001
  0.19204948E+000  0.21778577E+000  0.35252615E+000  0.51442105E+000  0.85879818E+000  0.97799904E+000  0.13258144E+001  0.24764574E+001  0.40712682E+001  0.58063706E+001  0.92209722E+001
  0.19205970E+000  0.21778851E+000  0.35253332E+000  0.51444983E+000  0.85887460E+000  0.97778716E+000  0.13257702E+001  0.24765629E+001  0.40713029E+001  0.58065988E+001  0.92214705E+001
  0.19204399E+000  0.21779132E+000  0.35254065E+000  0.51447961E+000  0.85879305E+000  0.97784598E+000  0.13257484E+001  0.24766715E+001  0.40713393E+001  0.58068358E+001  0.92219819E+001
  0.19206031E+000  0.21779421E+000  0.35254815E+000  0.51451036E+000  0.85879336E+000  0.97792016E+000  0.13257354E+001  0.24762235E+001  0.40713774E+001  0.58070596E+001  0.92225061E+001
  0.19205314E+000  0.21779716E+000  0.35255581E+000  0.51452417E+000  0.85879368E+000  0.97796980E+000  0.13257526E+001  0.24763676E+001  0.40714172E+001  0.58072794E+001  0.92230479E+001
  0.19203751E+000  0.21780018E+000  0.35256361E+000  0.51452226E+000  0.85879400E+000  0.97788172E+000  0.13257988E+001  0.24765148E+001  0.40714597E+001  0.58075037E+001  0.92236107E+001
  0.19203829E+000  0.21780325E+000  0.35257154E+000  0.51457720E+000  0.85879432E+000  0.97790783E+000  0.13258727E+001  0.24766650E+001  0.40715317E+001  0.58081706E+001  0.92241854E+001
  0.19203907E+000  0.21780639E+000  0.35258116E+000  0.51453513E+000  0.85883940E+000  0.97793465E+000  0.13256434E+001  0.24768179E+001  0.40716098E+001  0.58085210E+001  0.92247713E+001
  0.19203986E+000  0.21780644E+000  0.35258778E+000  0.51457238E+000  0.85879496E+000  0.97796213E+000  0.13256651E+001  0.24769303E+001  0.40716940E+001  0.58088772E+001  0.92253674E+001
  0.19204067E+000  0.21779483E+000  0.35259605E+000  0.51463538E+000  0.85879528E+000  0.97799022E+000  0.13255985E+001  0.24770552E+001  0.40717842E+001  0.58092386E+001  0.92259729E+001
  0.19204148E+000  0.21781455E+000  0.35260508E+000  0.51466595E+000  0.85879559E+000  0.97798935E+000  0.13256373E+001  0.24771821E+001  0.40718803E+001  0.58096044E+001  0.92264796E+001
  0.19204230E+000  0.21779765E+000  0.35261284E+000  0.51462554E+000  0.85879591E+000  0.97786597E+000  0.13257268E+001  0.24770440E+001  0.40717400E+001  0.58099742E+001  0.92270804E+001
  0.19205742E+000  0.21781669E+000  0.35262132E+000  0.51464873E+000  0.85879623E+000  0.97791770E+000  0.13257352E+001  0.24771512E+001  0.40717916E+001  0.58103471E+001  0.92276864E+001
  0.19205912E+000  0.21778561E+000  0.35263274E+000  0.51467596E+000  0.85885212E+000  0.97789220E+000  0.13254951E+001  0.24772591E+001  0.40718443E+001  0.58107225E+001  0.92282964E+001
  0.19204478E+000  0.21780308E+000  0.35264009E+000  0.51472374E+000  0.85879684E+000  0.97790555E+000  0.13254923E+001  0.24773674E+001  0.40718981E+001  0.58110996E+001  0.92289093E+001
  0.19204561E+000  0.21779432E+000  0.35264694E+000  0.51477215E+000  0.85884642E+000  0.97791903E+000  0.13255226E+001  0.24774760E+001  0.40719823E+001  0.58114776E+001  0.92295238E+001
  0.19205349E+000  0.21779875E+000  0.35265548E+000  0.51482380E+000  0.85880349E+000  0.97794463E+000  0.13255890E+001  0.24775847E+001  0.40720909E+001  0.58118559E+001  0.92301386E+001
  0.19205231E+000  0.21780323E+000  0.35266400E+000  0.51484284E+000  0.85884326E+000  0.97800911E+000  0.13256899E+001  0.24775065E+001  0.40722037E+001  0.58122336E+001  0.92307524E+001
  0.19206004E+000  0.21780774E+000  0.35267246E+000  0.51486169E+000  0.85883273E+000  0.97795981E+000  0.13257391E+001  0.24776727E+001  0.40721204E+001  0.58126099E+001  0.92313641E+001
  0.19206228E+000  0.21781954E+000  0.35268087E+000  0.51488032E+000  0.85884721E+000  0.97797340E+000  0.13248075E+001  0.24777688E+001  0.40721771E+001  0.58129840E+001  0.92319723E+001
  0.19204969E+000  0.21782074E+000  0.35268919E+000  0.51489869E+000  0.85886156E+000  0.97798693E+000  0.13241823E+001  0.24773307E+001  0.40722365E+001  0.58133193E+001  0.92325757E+001
  0.19205049E+000  0.21782132E+000  0.35270180E+000  0.51491678E+000  0.85887575E+000  0.97800035E+000  0.13242483E+001  0.24774866E+001  0.40723297E+001  0.58136488E+001  0.92331731E+001
  0.19205127E+000  0.21782582E+000  0.35270555E+000  0.51493455E+000  0.85879949E+000  0.97801364E+000  0.13243134E+001  0.24776411E+001  0.40724240E+001  0.58139741E+001  0.92337632E+001
  0.19206023E+000  0.21783029E+000  0.35271612E+000  0.51495198E+000  0.85884358E+000  0.97783836E+000  0.13243776E+001  0.24777937E+001  0.40725190E+001  0.58142948E+001  0.92343449E+001
  0.19205755E+000  0.21783777E+000  0.35272139E+000  0.51496905E+000  0.85882163E+000  0.97788097E+000  0.13248048E+001  0.24779441E+001  0.40724615E+001  0.58146101E+001  0.92349169E+001
  0.19205353E+000  0.21783909E+000  0.35272909E+000  0.51498573E+000  0.85883396E+000  0.97792552E+000  0.13248642E+001  0.24780920E+001  0.40725518E+001  0.58149193E+001  0.92354899E+001
  0.19205425E+000  0.21784339E+000  0.35273661E+000  0.51500201E+000  0.85884602E+000  0.97796922E+000  0.13249234E+001  0.24782371E+001  0.40726652E+001  0.58152220E+001  0.92360586E+001
  0.19205672E+000  0.21784761E+000  0.35274441E+000  0.51503511E+000  0.85885777E+000  0.97801195E+000  0.13249823E+001  0.24781679E+001  0.40726231E+001  0.58155175E+001  0.92366192E+001
  0.19205563E+000  0.21785173E+000  0.35275108E+000  0.51509451E+000  0.85886920E+000  0.97787152E+000  0.13250406E+001  0.24782838E+001  0.40726748E+001  0.58158053E+001  0.92371534E+001
  0.19205629E+000  0.21785576E+000  0.35275814E+000  0.51510408E+000  0.85888029E+000  0.97788001E+000  0.13250981E+001  0.24783965E+001  0.40727252E+001  0.58164412E+001  0.92376814E+001
  0.19205692E+000  0.21785967E+000  0.35276638E+000  0.51506268E+000  0.85880120E+000  0.97788826E+000  0.13251547E+001  0.24777892E+001  0.40727741E+001  0.58167437E+001  0.92381937E+001
  0.19205754E+000  0.21786345E+000  0.35277123E+000  0.51507668E+000  0.85880772E+000  0.97794722E+000  0.13252101E+001  0.24778594E+001  0.40728214E+001  0.58170362E+001  0.92385544E+001
  0.19206409E+000  0.21787272E+000  0.35277749E+000  0.51509020E+000  0.85885034E+000  0.97797978E+000  0.13253044E+001  0.24779272E+001  0.40728670E+001  0.58173183E+001  0.92390132E+001
  0.19205966E+000  0.21787065E+000  0.35278351E+000  0.51510322E+000  0.85885097E+000  0.97800145E+000  0.13253493E+001  0.24779925E+001  0.40729108E+001  0.58175897E+001  0.92394546E+001
  0.19205923E+000  0.21787402E+000  0.35278928E+000  0.51511735E+000  0.85880183E+000  0.97799306E+000  0.13253925E+001  0.24780551E+001  0.40729528E+001  0.58178499E+001  0.92398780E+001
  0.19205975E+000  0.21787723E+000  0.35279480E+000  0.51513322E+000  0.85880196E+000  0.97792513E+000  0.13254341E+001  0.24781151E+001  0.40729927E+001  0.58180989E+001  0.92402830E+001
  0.19206457E+000  0.21788029E+000  0.35280695E+000  0.51514840E+000  0.85881620E+000  0.97793155E+000  0.13254742E+001  0.24781724E+001  0.40730307E+001  0.58183363E+001  0.92406694E+001
  0.19206405E+000  0.21788320E+000  0.35280509E+000  0.51516291E+000  0.85885367E+000  0.97793764E+000  0.13255130E+001  0.24782269E+001  0.40730109E+001  0.58185622E+001  0.92410368E+001
  0.19206302E+000  0.21788594E+000  0.35280985E+000  0.51517673E+000  0.85880230E+000  0.97798251E+000  0.13255505E+001  0.24782786E+001  0.40730787E+001  0.58187764E+001  0.92413888E+001
  0.19206493E+000  0.21788852E+000  0.35281436E+000  0.51519090E+000  0.85880239E+000  0.97794954E+000  0.13255868E+001  0.24783277E+001  0.40724479E+001  0.58193744E+001  0.92417243E+001
  0.19206195E+000  0.21789094E+000  0.35281862E+000  0.51520964E+000  0.85880248E+000  0.97800911E+000  0.13256259E+001  0.24783740E+001  0.40725121E+001  0.58194845E+001  0.92420409E+001
  0.19206232E+000  0.21788301E+000  0.35282371E+000  0.51522727E+000  0.85880256E+000  0.97795865E+000  0.13256628E+001  0.24784175E+001  0.40725730E+001  0.58196164E+001  0.92423386E+001
  0.19206265E+000  0.21788926E+000  0.35283063E+000  0.51524381E+000  0.85880263E+000  0.97796308E+000  0.13256974E+001  0.24784584E+001  0.40726306E+001  0.58197400E+001  0.92426177E+001
  0.19206297E+000  0.21789502E+000  0.35282998E+000  0.51525927E+000  0.85880270E+000  0.97796720E+000  0.13257299E+001  0.24784996E+001  0.40726848E+001  0.58198554E+001  0.92428785E+001
  0.19206326E+000  0.21789289E+000  0.35283327E+000  0.51527367E+000  0.85880276E+000  0.97797101E+000  0.13257601E+001  0.24785401E+001  0.40727357E+001  0.58199627E+001  0.92431214E+001
  0.19206353E+000  0.21785403E+000  0.35283634E+000  0.51528704E+000  0.85880282E+000  0.97797452E+000  0.13257882E+001  0.24785776E+001  0.40727833E+001  0.58200622E+001  0.92433468E+001
  0.19206378E+000  0.21785700E+000  0.35283919E+000  0.51529941E+000  0.85880287E+000  0.97797774E+000  0.13258155E+001  0.24786123E+001  0.40728276E+001  0.58201542E+001  0.92435555E+001
  0.19206401E+000  0.21785978E+000  0.35284182E+000  0.51531081E+000  0.85880291E+000  0.97798069E+000  0.13258931E+001  0.24786443E+001  0.40728688E+001  0.58202389E+001  0.92437478E+001
  0.19206422E+000  0.21786236E+000  0.35284426E+000  0.51532129E+000  0.85880295E+000  0.97798339E+000  0.13259684E+001  0.24786737E+001  0.40729069E+001  0.58203167E+001  0.92439246E+001
  0.19206441E+000  0.21786475E+000  0.35284650E+000  0.51533087E+000  0.85880299E+000  0.97798583E+000  0.13260416E+001  0.24787007E+001  0.40729422E+001  0.58204037E+001  0.92440865E+001
  0.19206458E+000  0.21786696E+000  0.35284856E+000  0.51533962E+000  0.85880507E+000  0.97798804E+000  0.13261129E+001  0.24787252E+001  0.40729747E+001  0.58204926E+001  0.92442341E+001
  0.19206474E+000  0.21786901E+000  0.35285044E+000  0.51534756E+000  0.85881575E+000  0.97799004E+000  0.13261822E+001  0.24787476E+001  0.40730046E+001  0.58205734E+001  0.92443682E+001
  0.19206488E+000  0.21787091E+000  0.35285216E+000  0.51535476E+000  0.85882540E+000  0.97799183E+000  0.13262500E+001  0.24787679E+001  0.40730321E+001  0.58206464E+001  0.92444896E+001
  0.19206500E+000  0.21787265E+000  0.35285373E+000  0.51536125E+000  0.85883409E+000  0.97799343E+000  0.13263162E+001  0.24787862E+001  0.40730573E+001  0.58207123E+001  0.92445991E+001
  0.19206512E+000  0.21787426E+000  0.35285515E+000  0.51536708E+000  0.85884187E+000  0.97799486E+000  0.13263432E+001  0.24788027E+001  0.40730805E+001  0.58207714E+001  0.92446973E+001
  0.19206521E+000  0.21787574E+000  0.35285643E+000  0.51537229E+000  0.85884880E+000  0.97799612E+000  0.13263670E+001  0.24788175E+001  0.40731017E+001  0.58208241E+001  0.92447850E+001
  0.19206530E+000  0.21787711E+000  0.35285759E+000  0.51537695E+000  0.85885495E+000  0.97799724E+000  0.13263902E+001  0.24788307E+001  0.40731213E+001  0.58208710E+001  0.92448631E+001
  0.19206538E+000  0.21787837E+000  0.35285864E+000  0.51538108E+000  0.85886038E+000  0.97799822E+000  0.13264130E+001  0.24788425E+001  0.40731393E+001  0.58209125E+001  0.92449322E+001
  0.19206545E+000  0.21787953E+000  0.35285958E+000  0.51538474E+000  0.85886515E+000  0.97800037E+000  0.13268052E+001  0.24788530E+001  0.40731560E+001  0.58209490E+001  0.92449930E+001
  0.19206551E+000  0.21788060E+000  0.35286042E+000  0.51538796E+000  0.85886931E+000  0.97800943E+000  0.13265905E+001  0.24788623E+001  0.40731714E+001  0.58209810E+001  0.92450464E+001
  0.19206556E+000  0.21788158E+000  0.35286117E+000  0.51539078E+000  0.85887292E+000  0.97800048E+000  0.13266941E+001  0.24788705E+001  0.40731857E+001  0.58210088E+001  0.92450928E+001
  0.19206560E+000  0.21788250E+000  0.35286184E+000  0.51539325E+000  0.85887603E+000  0.97800103E+000  0.13267986E+001  0.24788777E+001  0.40731991E+001  0.58210328E+001  0.92451330E+001
  0.19206564E+000  0.21788335E+000  0.35286243E+000  0.51539540E+000  0.85887869E+000  0.97800151E+000  0.13270408E+001  0.24788841E+001  0.40732116E+001  0.58210534E+001  0.92451675E+001
  0.19206567E+000  0.21788414E+000  0.35286308E+000  0.51539727E+000  0.85888094E+000  0.97800192E+000  0.13270661E+001  0.24788896E+001  0.40732235E+001  0.58210710E+001  0.92451970E+001
  0.19206569E+000  0.21788487E+000  0.35286376E+000  0.51539887E+000  0.85888283E+000  0.97800226E+000  0.13270924E+001  0.24788944E+001  0.40732347E+001  0.58210858E+001  0.92452219E+001
  0.19206571E+000  0.21788556E+000  0.35286434E+000  0.51540025E+000  0.85888440E+000  0.97800255E+000  0.13272951E+001  0.24788986E+001  0.40732454E+001  0.58210981E+001  0.92452427E+001
  0.19206573E+000  0.21788620E+000  0.35286490E+000  0.51540143E+000  0.85880325E+000  0.97800279E+000  0.13273251E+001  0.24789023E+001  0.40732557E+001  0.58211083E+001  0.92452600E+001
  0.19206574E+000  0.21788680E+000  0.35286539E+000  0.51540243E+000  0.85880326E+000  0.97800299E+000  0.13273541E+001  0.24789054E+001  0.40732657E+001  0.58211165E+001  0.92452741E+001
  0.19206575E+000  0.21788737E+000  0.35286580E+000  0.51540328E+000  0.85880327E+000  0.97800314E+000  0.13273788E+001  0.24789082E+001  0.40732753E+001  0.58211231E+001  0.92452854E+001
  0.19206576E+000  0.21788791E+000  0.35286612E+000  0.51540399E+000  0.85880327E+000  0.97800327E+000  0.13273794E+001  0.24789105E+001  0.40732847E+001  0.58211281E+001  0.92452943E+001
  0.19206576E+000  0.21788841E+000  0.35286638E+000  0.51540459E+000  0.85880328E+000  0.97800337E+000  0.13273799E+001  0.24789126E+001  0.40732940E+001  0.58211319E+001  0.92453011E+001
  0.19206577E+000  0.21788889E+000  0.35286658E+000  0.51540509E+000  0.85880329E+000  0.97800345E+000  0.13273802E+001  0.24789143E+001  0.40733031E+001  0.58211346E+001  0.92453060E+001
  0.19206577E+000  0.21788935E+000  0.35286674E+000  0.51540549E+000  0.85880329E+000  0.97800350E+000  0.13276529E+001  0.24789159E+001  0.40733121E+001  0.58211363E+001  0.92453094E+001
  0.19206577E+000  0.21788979E+000  0.35286686E+000  0.51540583E+000  0.85880330E+000  0.97800354E+000  0.13278025E+001  0.24789172E+001  0.40733210E+001  0.58211372E+001  0.92453114E+001
  0.19206577E+000  0.21789020E+000  0.35286695E+000  0.51540610E+000  0.85880331E+000  0.97800356E+000  0.13281292E+001  0.24789183E+001  0.40733298E+001  0.58211375E+001  0.92453124E+001
  0.19206576E+000  0.21789059E+000  0.35286702E+000  0.51540632E+000  0.85880331E+000  0.97800357E+000  0.13284193E+001  0.24789193E+001  0.40733387E+001  0.58211371E+001  0.92453123E+001
  0.19206576E+000  0.21789097E+000  0.35286707E+000  0.51540649E+000  0.85880332E+000  0.97800357E+000  0.13285631E+001  0.24789202E+001  0.40733475E+001  0.58211362E+001  0.92453115E+001
  0.19206576E+000  0.21789133E+000  0.35286710E+000  0.51540662E+000  0.85880332E+000  0.97800356E+000  0.13286359E+001  0.24789210E+001  0.40733640E+001  0.58211350E+001  0.92453101E+001
  0.19206575E+000  0.21789168E+000  0.35286712E+000  0.51540672E+000  0.85880333E+000  0.97800355E+000  0.13286849E+001  0.24789217E+001  0.40734170E+001  0.58211334E+001  0.92453081E+001
  0.19206575E+000  0.21789201E+000  0.35286713E+000  0.51540680E+000  0.85880334E+000  0.97800353E+000  0.13287330E+001  0.24789224E+001  0.40734855E+001  0.58211315E+001  0.92453057E+001
  0.19206574E+000  0.21789233E+000  0.35286714E+000  0.51540686E+000  0.85880334E+000  0.97800350E+000  0.13287801E+001  0.24789230E+001  0.40736085E+001  0.58211295E+001  0.92453029E+001
  0.19206573E+000  0.21789263E+000  0.35286714E+000  0.51540689E+000  0.85880335E+000  0.97800347E+000  0.13288263E+001  0.24789235E+001  0.40737313E+001  0.58211272E+001  0.92452999E+001
  0.19206573E+000  0.21789293E+000  0.35286714E+000  0.51540691E+000  0.85880335E+000  0.97800344E+000  0.13288716E+001  0.24789240E+001  0.40738537E+001  0.58211249E+001  0.92452968E+001
  0.19206572E+000  0.21789321E+000  0.35286714E+000  0.51540693E+000  0.85880336E+000  0.97800341E+000  0.13288805E+001  0.24789245E+001  0.40739989E+001  0.58211224E+001  0.92452934E+001
  0.19206572E+000  0.21789347E+000  0.35286713E+000  0.51540693E+000  0.85880336E+000  0.97800338E+000  0.13288803E+001  0.24789250E+001  0.40741076E+001  0.58211199E+001  0.92452901E+001
  0.19206571E+000  0.21789373E+000  0.35286713E+000  0.51540692E+000  0.85880337E+000  0.97800334E+000  0.13286385E+001  0.24789254E+001  0.40744401E+001  0.58211174E+001  0.92452866E+001
  0.19206571E+000  0.21789397E+000  0.35286713E+000  0.51540691E+000  0.85880337E+000  0.97800331E+000  0.13286425E+001  0.24789259E+001  0.40745826E+001  0.58211149E+001  0.92452832E+001
  0.19206570E+000  0.21789421E+000  0.35286713E+000  0.51540690E+000  0.85880338E+000  0.97800327E+000  0.13286464E+001  0.24789263E+001  0.40749870E+001  0.58211123E+001  0.92452798E+001
  0.19206569E+000  0.21789443E+000  0.35286712E+000  0.51540688E+000  0.85880338E+000  0.97800324E+000  0.13286502E+001  0.24789268E+001  0.40756010E+001  0.58211098E+001  0.92452765E+001
  0.19206569E+000  0.21789465E+000  0.35286713E+000  0.51540687E+000  0.85880339E+000  0.97800320E+000  0.13286539E+001  0.24789272E+001  0.40758871E+001  0.58211074E+001  0.92452732E+001
  0.19206568E+000  0.21789485E+000  0.35286713E+000  0.51540685E+000  0.85888438E+000  0.97800317E+000  0.13286575E+001  0.24789277E+001  0.40763340E+001  0.58211050E+001  0.92452701E+001
  0.19206568E+000  0.21789505E+000  0.35286713E+000  0.51540683E+000  0.85888405E+000  0.97800314E+000  0.13286610E+001  0.24789281E+001  0.40764211E+001  0.58211026E+001  0.92452670E+001
  0.19206567E+000  0.21789524E+000  0.35286714E+000  0.51540681E+000  0.85888373E+000  0.97800310E+000  0.13286644E+001  0.24789286E+001  0.40767612E+001  0.58211003E+001  0.92452641E+001
  0.19206567E+000  0.21789541E+000  0.35286715E+000  0.51540680E+000  0.85888342E+000  0.97800307E+000  0.13286677E+001  0.24789291E+001  0.40768266E+001  0.58210981E+001  0.92452613E+001
  0.19206566E+000  0.21789558E+000  0.35286716E+000  0.51540678E+000  0.85888313E+000  0.97800305E+000  0.13286708E+001  0.24789295E+001  0.40768804E+001  0.58210960E+001  0.92452586E+001
  0.19206566E+000  0.21789575E+000  0.35286717E+000  0.51540677E+000  0.85888285E+000  0.97800302E+000  0.13286739E+001  0.24789300E+001  0.40769336E+001  0.58210939E+001  0.92452561E+001
  0.19206565E+000  0.21789590E+000  0.35286719E+000  0.51540676E+000  0.85888258E+000  0.97800299E+000  0.13286769E+001  0.24789305E+001  0.40769861E+001  0.58210919E+001  0.92452537E+001
  0.19206565E+000  0.21789605E+000  0.35286720E+000  0.51540675E+000  0.85888232E+000  0.97800297E+000  0.13286798E+001  0.24789310E+001  0.40770382E+001  0.58210901E+001  0.92452515E+001
  0.19206565E+000  0.21789619E+000  0.35286722E+000  0.51540675E+000  0.85888208E+000  0.97800295E+000  0.13286826E+001  0.24789316E+001  0.40771162E+001  0.58210883E+001  0.92452495E+001
  0.19206564E+000  0.21789632E+000  0.35286723E+000  0.51540675E+000  0.85888185E+000  0.97800293E+000  0.13286853E+001  0.24789321E+001  0.40773076E+001  0.58210866E+001  0.92452476E+001
  0.19206564E+000  0.21789645E+000  0.35286725E+000  0.51540675E+000  0.85888163E+000  0.97800291E+000  0.13286879E+001  0.24789327E+001  0.40773523E+001  0.58210850E+001  0.92452459E+001
  0.19206564E+000  0.21789657E+000  0.35286727E+000  0.51540676E+000  0.85888143E+000  0.97800290E+000  0.13286905E+001  0.24789332E+001  0.40773619E+001  0.58210835E+001  0.92452444E+001
  0.19206563E+000  0.21789668E+000  0.35286729E+000  0.51540677E+000  0.85888125E+000  0.97800288E+000  0.13286929E+001  0.24789338E+001  0.40773714E+001  0.58210821E+001  0.92452430E+001
  0.19206563E+000  0.21789679E+000  0.35286731E+000  0.51540678E+000  0.85888107E+000  0.97800287E+000  0.13286953E+001  0.24789344E+001  0.40773809E+001  0.58210809E+001  0.92452418E+001
  0.19206563E+000  0.21789690E+000  0.35286733E+000  0.51540680E+000  0.85888092E+000  0.97800286E+000  0.13286976E+001  0.24789349E+001  0.40776459E+001  0.58210797E+001  0.92452407E+001
  0.19206563E+000  0.21789699E+000  0.35289631E+000  0.51540682E+000  0.85888077E+000  0.97800285E+000  0.13286998E+001  0.24789355E+001  0.40783516E+001  0.58210786E+001  0.92452398E+001
  0.19206562E+000  0.21789709E+000  0.35297108E+000  0.51540684E+000  0.85888064E+000  0.97800285E+000  0.13287019E+001  0.24789362E+001  0.40790461E+001  0.58210776E+001  0.92452391E+001
  0.19206562E+000  0.21789718E+000  0.35298408E+000  0.51540687E+000  0.85888052E+000  0.97800284E+000  0.13287040E+001  0.24789368E+001  0.40797290E+001  0.58210767E+001  0.92452385E+001
  0.19206562E+000  0.21789727E+000  0.35299648E+000  0.51540690E+000  0.85888042E+000  0.97800284E+000  0.13287060E+001  0.24789374E+001  0.40818458E+001  0.58210759E+001  0.92452381E+001
  0.19206562E+000  0.21789735E+000  0.35300830E+000  0.51540694E+000  0.85888033E+000  0.97800284E+000  0.13287079E+001  0.24789380E+001  0.40822955E+001  0.58210752E+001  0.92452379E+001
  0.19206562E+000  0.21789743E+000  0.35301958E+000  0.51540698E+000  0.85888025E+000  0.97800284E+000  0.13287098E+001  0.24789387E+001  0.40823204E+001  0.58210746E+001  0.92452378E+001
  0.19206562E+000  0.21789750E+000  0.35303032E+000  0.51540702E+000  0.85888019E+000  0.97800284E+000  0.13287116E+001  0.24789393E+001  0.40823450E+001  0.58210741E+001  0.92452378E+001
  0.19206562E+000  0.21789757E+000  0.35304056E+000  0.51540707E+000  0.85888014E+000  0.97800285E+000  0.13287134E+001  0.24789400E+001  0.40823691E+001  0.58210737E+001  0.92452380E+001
  0.19206562E+000  0.21789764E+000  0.35305031E+000  0.51540712E+000  0.85888010E+000  0.97800286E+000  0.13287151E+001  0.24789407E+001  0.40826187E+001  0.58210733E+001  0.92452383E+001
  0.19206562E+000  0.21789770E+000  0.35305960E+000  0.51540718E+000  0.85888007E+000  0.97800286E+000  0.13287167E+001  0.24789413E+001  0.40826361E+001  0.58210730E+001  0.92452387E+001
  0.19206562E+000  0.21789777E+000  0.35306844E+000  0.51540723E+000  0.85888005E+000  0.97800287E+000  0.13287183E+001  0.24789420E+001  0.40826533E+001  0.58210729E+001  0.92452393E+001
  0.19206562E+000  0.21789783E+000  0.35307686E+000  0.51540729E+000  0.85888005E+000  0.97800288E+000  0.13287198E+001  0.24789427E+001  0.40826953E+001  0.58210728E+001  0.92452400E+001
  0.19206562E+000  0.21789789E+000  0.35308487E+000  0.51540736E+000  0.85888005E+000  0.97800290E+000  0.13287213E+001  0.24789434E+001  0.40835982E+001  0.58210728E+001  0.92452408E+001
  0.19206562E+000  0.21789794E+000  0.35309250E+000  0.51540742E+000  0.85888006E+000  0.97800291E+000  0.13287227E+001  0.24789440E+001  0.40839031E+001  0.58210728E+001  0.92452417E+001
  0.19206562E+000  0.21789799E+000  0.35309976E+000  0.51540749E+000  0.85888009E+000  0.97800293E+000  0.13287241E+001  0.24789447E+001  0.40842013E+001  0.58210729E+001  0.92452427E+001
  0.19206562E+000  0.21789805E+000  0.35310667E+000  0.51540756E+000  0.85888012E+000  0.97800294E+000  0.13287254E+001  0.24789454E+001  0.40844928E+001  0.58210731E+001  0.92452438E+001
  0.19206562E+000  0.21789809E+000  0.35311325E+000  0.51540764E+000  0.85888016E+000  0.97800296E+000  0.13287267E+001  0.24789461E+001  0.40847532E+001  0.58210733E+001  0.92452450E+001
  0.19206562E+000  0.21789814E+000  0.35311951E+000  0.51540772E+000  0.85888021E+000  0.97800298E+000  0.13287280E+001  0.24789468E+001  0.40848681E+001  0.58210737E+001  0.92452463E+001
  0.19206562E+000  0.21789819E+000  0.35312548E+000  0.51540779E+000  0.85888027E+000  0.97800300E+000  0.13287292E+001  0.24789474E+001  0.40849803E+001  0.58210740E+001  0.92452477E+001
  0.19206562E+000  0.21789823E+000  0.35313116E+000  0.51540787E+000  0.85888033E+000  0.97800302E+000  0.13287303E+001  0.24789481E+001  0.40850898E+001  0.58210744E+001  0.92452492E+001
  0.19206562E+000  0.21789828E+000  0.35313656E+000  0.51540796E+000  0.85888040E+000  0.97800304E+000  0.13287315E+001  0.24789488E+001  0.40851967E+001  0.58210749E+001  0.92452507E+001
  0.19206563E+000  0.21789832E+000  0.35314172E+000  0.51540804E+000  0.85888048E+000  0.97800306E+000  0.13287326E+001  0.24789495E+001  0.40853358E+001  0.58210754E+001  0.92452523E+001
  0.19206563E+000  0.21789836E+000  0.35314663E+000  0.51540813E+000  0.85888056E+000  0.97800308E+000  0.13287336E+001  0.24789501E+001  0.40854659E+001  0.58210759E+001  0.92452539E+001
  0.19206563E+000  0.21789840E+000  0.35315132E+000  0.51540821E+000  0.85888065E+000  0.97800311E+000  0.13287346E+001  0.24789508E+001  0.40855918E+001  0.58210765E+001  0.92452556E+001
  0.19206563E+000  0.21789844E+000  0.35315578E+000  0.51540830E+000  0.85888074E+000  0.97800313E+000  0.13287356E+001  0.24789515E+001  0.40857145E+001  0.58210771E+001  0.92452573E+001
  0.19206563E+000  0.21789847E+000  0.35316004E+000  0.51540839E+000  0.85888084E+000  0.97800316E+000  0.13287366E+001  0.24789521E+001  0.40858340E+001  0.58210778E+001  0.92452591E+001
  0.19206563E+000  0.21789851E+000  0.35316411E+000  0.51540848E+000  0.85888094E+000  0.97800318E+000  0.13287375E+001  0.24789528E+001  0.40859503E+001  0.58210785E+001  0.92452609E+001
  0.19206564E+000  0.21789854E+000  0.35316800E+000  0.51540857E+000  0.85888105E+000  0.97800321E+000  0.13287384E+001  0.24789534E+001  0.40860636E+001  0.58210792E+001  0.92452627E+001
  0.19206564E+000  0.21789858E+000  0.35317171E+000  0.51540866E+000  0.85888116E+000  0.97800324E+000  0.13287393E+001  0.24789541E+001  0.40909607E+001  0.58210799E+001  0.92452646E+001
  0.19206564E+000  0.21789861E+000  0.35317527E+000  0.51540875E+000  0.85888127E+000  0.97800326E+000  0.13287401E+001  0.24789547E+001  0.40911427E+001  0.58210807E+001  0.92452664E+001
  0.19206564E+000  0.21789864E+000  0.35317866E+000  0.51540884E+000  0.85888139E+000  0.97800329E+000  0.13287409E+001  0.24789553E+001  0.40911583E+001  0.58210814E+001  0.92452684E+001
  0.19206564E+000  0.21789868E+000  0.35318192E+000  0.51540893E+000  0.85888151E+000  0.97800332E+000  0.13287417E+001  0.24789560E+001  0.40911736E+001  0.58210822E+001  0.92452703E+001
  0.19206565E+000  0.21789871E+000  0.35318504E+000  0.51540903E+000  0.85888163E+000  0.97800335E+000  0.13287425E+001  0.24789566E+001  0.40911884E+001  0.58210831E+001  0.92452722E+001
  0.19206565E+000  0.21789874E+000  0.35318804E+000  0.51540912E+000  0.85888176E+000  0.97800338E+000  0.13287432E+001  0.24789572E+001  0.40912028E+001  0.58210839E+001  0.92452742E+001
  0.19206565E+000  0.21789877E+000  0.35319091E+000  0.51540922E+000  0.85888190E+000  0.97800342E+000  0.13287439E+001  0.24789579E+001  0.40917659E+001  0.58210848E+001  0.92452763E+001
  0.19206565E+000  0.21789880E+000  0.35319368E+000  0.51540932E+000  0.85888205E+000  0.97800345E+000  0.13287446E+001  0.24789585E+001  0.40923049E+001  0.58210857E+001  0.92452784E+001
  0.19206566E+000  0.21789883E+000  0.35319636E+000  0.51540943E+000  0.85888221E+000  0.97800349E+000  0.13287453E+001  0.24789592E+001  0.40927207E+001  0.58210867E+001  0.92452805E+001
  0.19206566E+000  0.21789887E+000  0.35319894E+000  0.51540955E+000  0.85888238E+000  0.97800353E+000  0.13287460E+001  0.24789599E+001  0.40928116E+001  0.58210878E+001  0.92452829E+001
  0.19206566E+000  0.21789890E+000  0.35320136E+000  0.51540967E+000  0.85888257E+000  0.97800358E+000  0.13287467E+001  0.24789607E+001  0.40942617E+001  0.58210891E+001  0.92452854E+001
  0.19206567E+000  0.21789894E+000  0.35320166E+000  0.51540981E+000  0.85888278E+000  0.97800363E+000  0.13287474E+001  0.24789614E+001  0.40955582E+001  0.58210905E+001  0.92452882E+001
  0.19206567E+000  0.21789898E+000  0.35320196E+000  0.51540996E+000  0.85888303E+000  0.97800368E+000  0.13287481E+001  0.24789622E+001  0.40964738E+001  0.58210921E+001  0.92452913E+001
  0.19206568E+000  0.21789902E+000  0.35320226E+000  0.51541015E+000  0.85888333E+000  0.97800374E+000  0.13287488E+001  0.24789631E+001  0.40978447E+001  0.58210942E+001  0.92452953E+001
  0.19206569E+000  0.21789907E+000  0.35320258E+000  0.51541036E+000  0.85888366E+000  0.97800381E+000  0.13287496E+001  0.24789640E+001  0.40992855E+001  0.58210966E+001  0.92452998E+001
  0.19206570E+000  0.21789912E+000  0.35320296E+000  0.51541071E+000  0.85888415E+000  0.97800383E+000  0.13287506E+001  0.24789649E+001  0.41003674E+001  0.58211013E+001  0.92453079E+001
  0.19206569E+000  0.21789920E+000  0.35320342E+000  0.51541143E+000  0.85880354E+000  0.97800389E+000  0.13287519E+001  0.24789667E+001  0.41005798E+001  0.58211117E+001  0.92453254E+001
