  0.59912979E+000  0.34270840E+000  0.23545699E+001  0.38821518E+002
  0.59603409E+000  0.34523535E+000  0.23393075E+001  0.38807116E+002
  0.59441317E+000  0.34202698E+000  0.23430872E+001  0.38781872E+002
  0.58936462E+000  0.33165034E+000  0.23550679E+001  0.38762595E+002
  0.58714113E+000  0.33044163E+000  0.23555158E+001  0.38745904E+002
  0.58604825E+000  0.31712925E+000  0.23667275E+001  0.38732017E+002
  0.58534988E+000  0.31675460E+000  0.23654704E+001  0.38719467E+002
  0.58360713E+000  0.31591153E+000  0.23665159E+001  0.38707993E+002
  0.58331537E+000  0.31411568E+000  0.23674192E+001  0.38697745E+002
  0.58297973E+000  0.31432110E+000  0.23648781E+001  0.38687196E+002
  0.58274211E+000  0.31140101E+000  0.23680245E+001  0.38681374E+002
  0.58234357E+000  0.31171714E+000  0.23669090E+001  0.38674574E+002
  0.58227227E+000  0.31166028E+000  0.23610895E+001  0.38673338E+002
  0.58220345E+000  0.31165606E+000  0.23591055E+001  0.38668900E+002
  0.58135582E+000  0.31243485E+000  0.23580533E+001  0.38664109E+002
  0.58129478E+000  0.31242840E+000  0.23571700E+001  0.38659640E+002
  0.58107974E+000  0.31042869E+000  0.23584792E+001  0.38655541E+002
  0.58090345E+000  0.31054236E+000  0.23576722E+001  0.38651754E+002
  0.58085773E+000  0.31052639E+000  0.23568879E+001  0.38648236E+002
  0.58081466E+000  0.31051170E+000  0.23497061E+001  0.38651353E+002
  0.58067393E+000  0.31056909E+000  0.23489742E+001  0.38648247E+002
  0.57919798E+000  0.31198949E+000  0.23482274E+001  0.38645291E+002
  0.57915788E+000  0.31197406E+000  0.23474880E+001  0.38642460E+002
  0.57911962E+000  0.31194424E+000  0.23467647E+001  0.38639730E+002
  0.57900572E+000  0.31200397E+000  0.23460286E+001  0.38637078E+002
  0.57896859E+000  0.31198726E+000  0.23452918E+001  0.38634485E+002
  0.57893184E+000  0.31197022E+000  0.23445508E+001  0.38631935E+002
  0.57886026E+000  0.31198798E+000  0.23438044E+001  0.38629414E+002
  0.57881757E+000  0.31197669E+000  0.23412670E+001  0.38628692E+002
  0.61432236E+000  0.29489772E+000  0.23405053E+001  0.38626189E+002
  0.57874488E+000  0.31194060E+000  0.23397339E+001  0.38623681E+002
  0.57870837E+000  0.31192120E+000  0.23389527E+001  0.38621157E+002
  0.57867166E+000  0.31187130E+000  0.23335570E+001  0.38623243E+002
  0.57863467E+000  0.31185231E+000  0.23327511E+001  0.38620666E+002
  0.57859737E+000  0.31183305E+000  0.23319323E+001  0.38618053E+002
  0.57855970E+000  0.31181352E+000  0.23311037E+001  0.38615396E+002
  0.57852064E+000  0.31179473E+000  0.23302580E+001  0.38612697E+002
  0.57846288E+000  0.31179393E+000  0.23293987E+001  0.38609949E+002
  0.57842394E+000  0.31177361E+000  0.23285258E+001  0.38607148E+002
  0.57838446E+000  0.31175312E+000  0.23276396E+001  0.38604294E+002
  0.57834459E+000  0.31173231E+000  0.23267404E+001  0.38601384E+002
  0.57830405E+000  0.31171148E+000  0.23258287E+001  0.38598417E+002
  0.57826325E+000  0.31169025E+000  0.23249051E+001  0.38595394E+002
  0.57822201E+000  0.31166886E+000  0.23239704E+001  0.38592313E+002
  0.57818035E+000  0.31164732E+000  0.23230253E+001  0.38589178E+002
  0.57813831E+000  0.31162567E+000  0.23220708E+001  0.38585988E+002
  0.57809594E+000  0.31160284E+000  0.23211090E+001  0.38582747E+002
  0.57805328E+000  0.31158107E+000  0.23201387E+001  0.38579457E+002
  0.57758640E+000  0.31198331E+000  0.23191623E+001  0.38576122E+002
  0.57754249E+000  0.31196166E+000  0.23181817E+001  0.38572746E+002
  0.57749949E+000  0.31193997E+000  0.23168898E+001  0.38569640E+002
  0.57745656E+000  0.31190845E+000  0.23164437E+001  0.38565666E+002
  0.57741378E+000  0.31188709E+000  0.23158368E+001  0.38561817E+002
  0.57737135E+000  0.31186592E+000  0.23152325E+001  0.38557947E+002
  0.57732937E+000  0.31184485E+000  0.23146320E+001  0.38554064E+002
  0.57728800E+000  0.31182341E+000  0.23140374E+001  0.38550176E+002
  0.57724739E+000  0.31180329E+000  0.23137244E+001  0.38546015E+002
  0.57720770E+000  0.31178366E+000  0.23134478E+001  0.38541837E+002
  0.57716911E+000  0.31176460E+000  0.23131792E+001  0.38537681E+002
  0.57713180E+000  0.31174620E+000  0.23129174E+001  0.38533559E+002
  0.57709594E+000  0.31172633E+000  0.23126698E+001  0.38529478E+002
  0.57706171E+000  0.31170893E+000  0.23124314E+001  0.38525449E+002
  0.57702929E+000  0.31169301E+000  0.23121994E+001  0.38521489E+002
  0.57699886E+000  0.31167809E+000  0.23115501E+001  0.38518034E+002
  0.57697058E+000  0.31166428E+000  0.23109243E+001  0.38514654E+002
  0.57694465E+000  0.31165164E+000  0.23103243E+001  0.38511360E+002
  0.57692113E+000  0.31164037E+000  0.23097523E+001  0.38508160E+002
  0.57690037E+000  0.31163035E+000  0.23092107E+001  0.38505064E+002
  0.57688234E+000  0.31162065E+000  0.23089063E+001  0.38501877E+002
  0.57686737E+000  0.31161357E+000  0.22886643E+001  0.38484754E+002
  0.57685550E+000  0.31160807E+000  0.22885619E+001  0.38482535E+002
  0.57684687E+000  0.31160422E+000  0.22884778E+001  0.38480421E+002
  0.57551815E+000  0.31292551E+000  0.22884125E+001  0.38478416E+002
  0.57551618E+000  0.31292286E+000  0.22883691E+001  0.38476527E+002
  0.57551774E+000  0.31292447E+000  0.23059762E+001  0.38487483E+002
  0.57552291E+000  0.31292797E+000  0.23056529E+001  0.38485607E+002
  0.57553175E+000  0.31293340E+000  0.23053895E+001  0.38483886E+002
  0.57554429E+000  0.31294080E+000  0.23051876E+001  0.38482325E+002
  0.57556058E+000  0.31269717E+000  0.23053016E+001  0.38480928E+002
  0.57558062E+000  0.31270855E+000  0.23052264E+001  0.38479695E+002
  0.57558215E+000  0.31274422E+000  0.23052158E+001  0.38478630E+002
  0.57560967E+000  0.31275967E+000  0.23052705E+001  0.38477733E+002
  0.57564089E+000  0.31277712E+000  0.23048670E+001  0.38477528E+002
  0.57567540E+000  0.31279697E+000  0.23050528E+001  0.38476967E+002
  0.57571383E+000  0.31281648E+000  0.23053061E+001  0.38476573E+002
  0.57575575E+000  0.31281063E+000  0.23056517E+001  0.38476343E+002
  0.57580106E+000  0.31283605E+000  0.23060322E+001  0.38476274E+002
  0.57584965E+000  0.31286334E+000  0.23064762E+001  0.38476365E+002
  0.57590122E+000  0.31289264E+000  0.23069823E+001  0.38476610E+002
  0.57595597E+000  0.31292346E+000  0.23075493E+001  0.38477006E+002
  0.57601357E+000  0.31295604E+000  0.23081755E+001  0.38477547E+002
  0.57607388E+000  0.31299024E+000  0.23088591E+001  0.38478229E+002
  0.57613671E+000  0.31302596E+000  0.23095981E+001  0.38479045E+002
  0.57620189E+000  0.31306312E+000  0.23103905E+001  0.38479991E+002
  0.57626923E+000  0.31310162E+000  0.23112337E+001  0.38481059E+002
  0.57633854E+000  0.31314135E+000  0.23121254E+001  0.38482244E+002
  0.57640962E+000  0.31318220E+000  0.23130631E+001  0.38483538E+002
  0.57648226E+000  0.31322407E+000  0.23138317E+001  0.38485149E+002
  0.57655627E+000  0.31326684E+000  0.23142381E+001  0.38487260E+002
  0.57663144E+000  0.31331040E+000  0.23146528E+001  0.38489491E+002
  0.57670757E+000  0.31335463E+000  0.23150746E+001  0.38491835E+002
  0.57678446E+000  0.31339940E+000  0.23155024E+001  0.38494284E+002
  0.57686190E+000  0.31344462E+000  0.23159351E+001  0.38496830E+002
  0.57693970E+000  0.31349014E+000  0.23163715E+001  0.38499465E+002
  0.57701766E+000  0.31353587E+000  0.23167700E+001  0.38502225E+002
  0.57709560E+000  0.31358169E+000  0.23171308E+001  0.38505099E+002
  0.57717334E+000  0.31362749E+000  0.23174904E+001  0.38508045E+002
  0.57725071E+000  0.31367316E+000  0.23178481E+001  0.38511057E+002
  0.57732753E+000  0.31371860E+000  0.23182175E+001  0.38514113E+002
  0.57740365E+000  0.31376371E+000  0.23185550E+001  0.38517252E+002
  0.57747893E+000  0.31380840E+000  0.23189027E+001  0.38520426E+002
  0.57755321E+000  0.31385256E+000  0.23192455E+001  0.38523645E+002
  0.57762637E+000  0.31389613E+000  0.23199662E+001  0.38526521E+002
  0.57769829E+000  0.31393903E+000  0.23209690E+001  0.38529146E+002
  0.57776885E+000  0.31398116E+000  0.23219668E+001  0.38531803E+002
  0.57783796E+000  0.31402248E+000  0.23229579E+001  0.38534490E+002
  0.57790551E+000  0.31406292E+000  0.23233149E+001  0.38537831E+002
  0.57797142E+000  0.31410241E+000  0.23236185E+001  0.38541244E+002
  0.57803563E+000  0.31414091E+000  0.23239635E+001  0.38543851E+002
  0.57809806E+000  0.31417838E+000  0.23243427E+001  0.38545764E+002
  0.57815867E+000  0.31421477E+000  0.23247126E+001  0.38547707E+002
  0.57821739E+000  0.31425005E+000  0.23250729E+001  0.38549683E+002
  0.57827420E+000  0.31428420E+000  0.23267639E+001  0.38556872E+002
  0.57832907E+000  0.31431718E+000  0.23270156E+001  0.38560403E+002
  0.57838197E+000  0.31434898E+000  0.23272669E+001  0.38563942E+002
  0.57843288E+000  0.31437960E+000  0.23275006E+001  0.38567504E+002
  0.57848180E+000  0.31440901E+000  0.23277253E+001  0.38571080E+002
  0.57852873E+000  0.31443722E+000  0.23280117E+001  0.38574600E+002
  0.57857367E+000  0.31446423E+000  0.23283386E+001  0.38578085E+002
  0.57861664E+000  0.31449003E+000  0.23286543E+001  0.38581585E+002
  0.57865764E+000  0.31451465E+000  0.23289586E+001  0.38585101E+002
  0.57869671E+000  0.31453810E+000  0.23292516E+001  0.38588632E+002
  0.57873386E+000  0.31456038E+000  0.23295335E+001  0.38592179E+002
  0.57876913E+000  0.31458151E+000  0.23302264E+001  0.38595318E+002
  0.57880255E+000  0.31460153E+000  0.23311226E+001  0.38598258E+002
  0.57883416E+000  0.31462044E+000  0.23360936E+001  0.38597127E+002
  0.57886400E+000  0.31463828E+000  0.23369397E+001  0.38600124E+002
  0.57889211E+000  0.31465508E+000  0.23377609E+001  0.38603149E+002
  0.57891854E+000  0.31467086E+000  0.23385573E+001  0.38606202E+002
  0.57894335E+000  0.31468566E+000  0.23393292E+001  0.38609282E+002
  0.57896657E+000  0.31469950E+000  0.23400767E+001  0.38612389E+002
  0.57898826E+000  0.31471243E+000  0.23408002E+001  0.38615521E+002
  0.57900848E+000  0.31472447E+000  0.23415000E+001  0.38618680E+002
  0.57902728E+000  0.31473566E+000  0.23421764E+001  0.38621862E+002
  0.57904471E+000  0.31474604E+000  0.23428297E+001  0.38625069E+002
  0.57906083E+000  0.31475563E+000  0.23434605E+001  0.38628297E+002
  0.57907570E+000  0.31476449E+000  0.23440690E+001  0.38631548E+002
  0.57908938E+000  0.31477263E+000  0.23446559E+001  0.38634819E+002
  0.57910191E+000  0.31478010E+000  0.23452214E+001  0.38638108E+002
  0.57911336E+000  0.31478692E+000  0.23457663E+001  0.38641416E+002
  0.57912377E+000  0.31479315E+000  0.23462908E+001  0.38644740E+002
  0.57913321E+000  0.31479880E+000  0.23467956E+001  0.38648079E+002
  0.57914173E+000  0.31480391E+000  0.23472812E+001  0.38651432E+002
  0.57914938E+000  0.31480852E+000  0.23477480E+001  0.38654796E+002
  0.57915622E+000  0.31481265E+000  0.23481967E+001  0.38658171E+002
  0.57916228E+000  0.31481633E+000  0.23486278E+001  0.38661554E+002
  0.57916763E+000  0.31481960E+000  0.23490417E+001  0.38664944E+002
  0.57917230E+000  0.31482249E+000  0.23494392E+001  0.38668340E+002
  0.57917636E+000  0.31482501E+000  0.23498206E+001  0.38671738E+002
  0.57917983E+000  0.31482720E+000  0.23501865E+001  0.38675139E+002
  0.57918276E+000  0.31482908E+000  0.23505374E+001  0.38678539E+002
  0.57918520E+000  0.31483068E+000  0.23508740E+001  0.38681937E+002
  0.57918718E+000  0.31483201E+000  0.23511966E+001  0.38685331E+002
  0.57918875E+000  0.31483311E+000  0.23515058E+001  0.38688719E+002
  0.57918993E+000  0.31483399E+000  0.23518021E+001  0.38692100E+002
  0.57919076E+000  0.31483467E+000  0.23520861E+001  0.38695471E+002
  0.57919128E+000  0.31483518E+000  0.23523581E+001  0.38698831E+002
  0.57919151E+000  0.31483552E+000  0.23526186E+001  0.38702178E+002
  0.57919149E+000  0.31483571E+000  0.23528681E+001  0.38705510E+002
  0.57919124E+000  0.31483577E+000  0.23531071E+001  0.38708825E+002
  0.57919079E+000  0.31483572E+000  0.23533360E+001  0.38712122E+002
  0.57919016E+000  0.31483557E+000  0.23535552E+001  0.38715399E+002
  0.57918937E+000  0.31483533E+000  0.23537651E+001  0.38718654E+002
  0.57918845E+000  0.31483501E+000  0.23539662E+001  0.38721885E+002
  0.57918741E+000  0.31483462E+000  0.23541587E+001  0.38725092E+002
  0.57918628E+000  0.31483418E+000  0.23543431E+001  0.38728272E+002
  0.57918507E+000  0.31483369E+000  0.23545198E+001  0.38731423E+002
  0.57918379E+000  0.31483317E+000  0.23546890E+001  0.38734546E+002
  0.57918247E+000  0.31483261E+000  0.23548512E+001  0.38737637E+002
  0.57918110E+000  0.31483203E+000  0.23550066E+001  0.38740696E+002
  0.57917971E+000  0.31483143E+000  0.23551555E+001  0.38743722E+002
  0.57917831E+000  0.31483082E+000  0.23552983E+001  0.38746712E+002
  0.57917690E+000  0.31483021E+000  0.23554352E+001  0.38749667E+002
  0.57917550E+000  0.31482960E+000  0.23555665E+001  0.38752586E+002
  0.57917411E+000  0.31482899E+000  0.23556926E+001  0.38755466E+002
  0.57917274E+000  0.31482840E+000  0.23558135E+001  0.38758307E+002
  0.57917140E+000  0.31482781E+000  0.23559297E+001  0.38761108E+002
  0.57917010E+000  0.31482725E+000  0.23560413E+001  0.38763869E+002
  0.57916884E+000  0.31482671E+000  0.23561486E+001  0.38766589E+002
  0.57916763E+000  0.31482620E+000  0.23562518E+001  0.38769267E+002
  0.57916647E+000  0.31482571E+000  0.23563512E+001  0.38771903E+002
  0.57916538E+000  0.31482526E+000  0.23564471E+001  0.38774495E+002
  0.57916436E+000  0.31482486E+000  0.23565396E+001  0.38777045E+002
  0.57916342E+000  0.31482449E+000  0.23566290E+001  0.38779551E+002
  0.57916255E+000  0.31482417E+000  0.23567156E+001  0.38782014E+002
  0.57916178E+000  0.31482390E+000  0.23567996E+001  0.38784434E+002
  0.57916110E+000  0.31482368E+000  0.23568811E+001  0.38786810E+002
  0.57916052E+000  0.31482352E+000  0.23569607E+001  0.38789145E+002
  0.57916002E+000  0.31482339E+000  0.23570377E+001  0.38791437E+002
  0.57915965E+000  0.31482339E+000  0.23571142E+001  0.38793693E+002
