  0.49046815E-002  0.57116700E-001  0.10123147E+001  0.41043590E+002
  0.49149455E-002  0.56994446E-001  0.10108437E+001  0.41014940E+002
  0.49226067E-002  0.56891871E-001  0.10095808E+001  0.40990005E+002
  0.49281697E-002  0.56805686E-001  0.10085062E+001  0.40968438E+002
  0.49320722E-002  0.56733162E-001  0.10075900E+001  0.40949748E+002
  0.49346810E-002  0.56672101E-001  0.10068034E+001  0.40933512E+002
  0.49362930E-002  0.56620676E-001  0.10061253E+001  0.40919360E+002
  0.49371434E-002  0.56577339E-001  0.10055378E+001  0.40906976E+002
  0.49374166E-002  0.56540769E-001  0.10050262E+001  0.40896091E+002
  0.49372667E-002  0.56509822E-001  0.10045781E+001  0.40886476E+002
  0.49368134E-002  0.56483495E-001  0.10041835E+001  0.40877938E+002
  0.49361492E-002  0.56460953E-001  0.10038337E+001  0.40870313E+002
  0.49353451E-002  0.56441495E-001  0.10035218E+001  0.40863462E+002
  0.49344554E-002  0.56424536E-001  0.10032417E+001  0.40857265E+002
  0.49335210E-002  0.56409584E-001  0.10029884E+001  0.40851622E+002
  0.49325724E-002  0.56396234E-001  0.10027575E+001  0.40846448E+002
  0.49316317E-002  0.56384150E-001  0.10025453E+001  0.40841668E+002
  0.49307149E-002  0.56373056E-001  0.10023486E+001  0.40837220E+002
  0.49298328E-002  0.56362728E-001  0.10021647E+001  0.40833051E+002
  0.49289924E-002  0.56352981E-001  0.10019913E+001  0.40829113E+002
  0.49281979E-002  0.56343663E-001  0.10018261E+001  0.40825366E+002
  0.49274509E-002  0.56334649E-001  0.10016675E+001  0.40821777E+002
  0.49267515E-002  0.56325836E-001  0.10015139E+001  0.40818314E+002
  0.49260986E-002  0.56317135E-001  0.10013637E+001  0.40814952E+002
  0.49254899E-002  0.56308475E-001  0.10012158E+001  0.40811667E+002
  0.49249226E-002  0.56299791E-001  0.10010690E+001  0.40808439E+002
  0.49243933E-002  0.56291029E-001  0.10009224E+001  0.40805250E+002
  0.49238984E-002  0.56282140E-001  0.10007750E+001  0.40802085E+002
  0.49234342E-002  0.56273081E-001  0.10006261E+001  0.40798930E+002
  0.49229967E-002  0.56263812E-001  0.10004749E+001  0.40795773E+002
  0.49225821E-002  0.56254297E-001  0.10003208E+001  0.40792603E+002
  0.49221866E-002  0.56244504E-001  0.10001632E+001  0.40789409E+002
  0.49218067E-002  0.56234402E-001  0.10000018E+001  0.40786185E+002
  0.49214390E-002  0.56223965E-001  0.99983596E+000  0.40782923E+002
  0.49210804E-002  0.56213167E-001  0.99966551E+000  0.40779617E+002
  0.49207279E-002  0.56201988E-001  0.99949016E+000  0.40776260E+002
  0.49203791E-002  0.56190410E-001  0.99930975E+000  0.40772850E+002
  0.49200319E-002  0.56178419E-001  0.99912415E+000  0.40769382E+002
  0.49196843E-002  0.56166010E-001  0.99893336E+000  0.40765853E+002
  0.49193350E-002  0.56153177E-001  0.99873740E+000  0.40762262E+002
  0.49189829E-002  0.56139927E-001  0.99853641E+000  0.40758606E+002
  0.49186272E-002  0.56126268E-001  0.99833056E+000  0.40754886E+002
  0.49182678E-002  0.56112221E-001  0.99812010E+000  0.40751102E+002
  0.49179044E-002  0.56097810E-001  0.99790536E+000  0.40747254E+002
  0.49175376E-002  0.56083070E-001  0.99768671E+000  0.40743344E+002
  0.49171677E-002  0.56068043E-001  0.99746458E+000  0.40739373E+002
  0.49167957E-002  0.56052778E-001  0.99723945E+000  0.40735346E+002
  0.49164226E-002  0.56037333E-001  0.99701187E+000  0.40731265E+002
  0.49160494E-002  0.56021771E-001  0.99678241E+000  0.40727134E+002
  0.49156773E-002  0.56006160E-001  0.99655170E+000  0.40722958E+002
  0.49153077E-002  0.55990573E-001  0.99632038E+000  0.40718744E+002
  0.49149416E-002  0.55975087E-001  0.99608916E+000  0.40714496E+002
  0.49145802E-002  0.55959781E-001  0.99585874E+000  0.40710221E+002
  0.49142247E-002  0.55944735E-001  0.99562989E+000  0.40705928E+002
  0.49138762E-002  0.55930030E-001  0.99540337E+000  0.40701623E+002
  0.49135354E-002  0.55915747E-001  0.99517998E+000  0.40697316E+002
  0.49132033E-002  0.55901965E-001  0.99496052E+000  0.40693014E+002
  0.49128804E-002  0.55888762E-001  0.99474582E+000  0.40688729E+002
  0.49125675E-002  0.55876217E-001  0.99453672E+000  0.40684468E+002
  0.49122651E-002  0.55864403E-001  0.99433405E+000  0.40680244E+002
  0.49119739E-002  0.55853394E-001  0.99413868E+000  0.40676066E+002
  0.49116944E-002  0.55843261E-001  0.99395146E+000  0.40671945E+002
  0.49114273E-002  0.55834072E-001  0.99377322E+000  0.40667892E+002
  0.49111732E-002  0.55825892E-001  0.99360482E+000  0.40663919E+002
  0.49109326E-002  0.55818785E-001  0.99344708E+000  0.40660037E+002
  0.49107064E-002  0.55812810E-001  0.99330083E+000  0.40656256E+002
  0.49104950E-002  0.55808024E-001  0.99316686E+000  0.40652588E+002
  0.49102992E-002  0.55804479E-001  0.99304595E+000  0.40649045E+002
  0.49101197E-002  0.55802224E-001  0.99293882E+000  0.40645635E+002
  0.49099569E-002  0.55801301E-001  0.99284619E+000  0.40642371E+002
  0.49098116E-002  0.55801750E-001  0.99276871E+000  0.40639262E+002
  0.49096842E-002  0.55803604E-001  0.99270701E+000  0.40636316E+002
  0.49095754E-002  0.55806889E-001  0.99266164E+000  0.40633544E+002
  0.49094853E-002  0.55811626E-001  0.99263311E+000  0.40630954E+002
  0.49094141E-002  0.55817830E-001  0.99262186E+000  0.40628553E+002
  0.49093618E-002  0.55825507E-001  0.99262828E+000  0.40626347E+002
  0.49093283E-002  0.55834658E-001  0.99265268E+000  0.40624344E+002
  0.49093134E-002  0.55845275E-001  0.99269528E+000  0.40622548E+002
  0.49093165E-002  0.55857343E-001  0.99275624E+000  0.40620964E+002
  0.49093372E-002  0.55870840E-001  0.99283566E+000  0.40619595E+002
  0.49093746E-002  0.55885736E-001  0.99293354E+000  0.40618444E+002
  0.49094280E-002  0.55901995E-001  0.99304981E+000  0.40617512E+002
  0.49094962E-002  0.55919571E-001  0.99318431E+000  0.40616800E+002
  0.49095783E-002  0.55938414E-001  0.99333681E+000  0.40616308E+002
  0.49096731E-002  0.55958465E-001  0.99350702E+000  0.40616034E+002
  0.49097792E-002  0.55979662E-001  0.99369455E+000  0.40615977E+002
  0.49098949E-002  0.56001934E-001  0.99389896E+000  0.40616133E+002
  0.49100187E-002  0.56025208E-001  0.99411971E+000  0.40616499E+002
  0.49101489E-002  0.56049404E-001  0.99435622E+000  0.40617071E+002
  0.49102838E-002  0.56074442E-001  0.99460786E+000  0.40617842E+002
  0.49104217E-002  0.56100234E-001  0.99487393E+000  0.40618808E+002
  0.49105610E-002  0.56126693E-001  0.99515367E+000  0.40619961E+002
  0.49106999E-002  0.56153729E-001  0.99544629E+000  0.40621296E+002
  0.49108369E-002  0.56181250E-001  0.99575095E+000  0.40622803E+002
  0.49109703E-002  0.56209167E-001  0.99606678E+000  0.40624477E+002
  0.49110987E-002  0.56237387E-001  0.99639288E+000  0.40626308E+002
  0.49112206E-002  0.56265820E-001  0.99672834E+000  0.40628288E+002
  0.49113347E-002  0.56294378E-001  0.99707220E+000  0.40630410E+002
  0.49114397E-002  0.56322975E-001  0.99742353E+000  0.40632664E+002
  0.49115344E-002  0.56351528E-001  0.99778137E+000  0.40635042E+002
  0.49116180E-002  0.56379956E-001  0.99814476E+000  0.40637536E+002
  0.49116896E-002  0.56408184E-001  0.99851275E+000  0.40640138E+002
  0.49117484E-002  0.56436138E-001  0.99888441E+000  0.40642839E+002
  0.49117938E-002  0.56463751E-001  0.99925881E+000  0.40645633E+002
  0.49118254E-002  0.56490961E-001  0.99963505E+000  0.40648510E+002
  0.49118429E-002  0.56517708E-001  0.10000122E+001  0.40651466E+002
  0.49118462E-002  0.56543941E-001  0.10003895E+001  0.40654491E+002
  0.49118351E-002  0.56569611E-001  0.10007661E+001  0.40657581E+002
  0.49118099E-002  0.56594676E-001  0.10011412E+001  0.40660729E+002
  0.49117707E-002  0.56619099E-001  0.10015140E+001  0.40663930E+002
  0.49117178E-002  0.56642848E-001  0.10018838E+001  0.40667178E+002
  0.49116517E-002  0.56665897E-001  0.10022500E+001  0.40670469E+002
  0.49115730E-002  0.56688222E-001  0.10026118E+001  0.40673799E+002
  0.49114822E-002  0.56709807E-001  0.10029688E+001  0.40677163E+002
  0.49113801E-002  0.56730639E-001  0.10033204E+001  0.40680558E+002
  0.49112674E-002  0.56750710E-001  0.10036660E+001  0.40683980E+002
  0.49111449E-002  0.56770015E-001  0.10040053E+001  0.40687428E+002
  0.49110134E-002  0.56788552E-001  0.10043377E+001  0.40690899E+002
  0.49108739E-002  0.56806326E-001  0.10046629E+001  0.40694390E+002
  0.49107271E-002  0.56823341E-001  0.10049807E+001  0.40697901E+002
  0.49105741E-002  0.56839605E-001  0.10052905E+001  0.40701428E+002
  0.49104157E-002  0.56855131E-001  0.10055924E+001  0.40704971E+002
  0.49102528E-002  0.56869930E-001  0.10058859E+001  0.40708529E+002
  0.49100863E-002  0.56884020E-001  0.10061710E+001  0.40712100E+002
  0.49099169E-002  0.56897415E-001  0.10064475E+001  0.40715685E+002
  0.49097456E-002  0.56910135E-001  0.10067153E+001  0.40719282E+002
  0.49095730E-002  0.56922199E-001  0.10069743E+001  0.40722891E+002
  0.49093999E-002  0.56933627E-001  0.10072245E+001  0.40726511E+002
  0.49092270E-002  0.56944442E-001  0.10074659E+001  0.40730142E+002
  0.49090550E-002  0.56954664E-001  0.10076985E+001  0.40733784E+002
  0.49088843E-002  0.56964315E-001  0.10079223E+001  0.40737437E+002
  0.49087155E-002  0.56973419E-001  0.10081375E+001  0.40741100E+002
  0.49085491E-002  0.56981997E-001  0.10083441E+001  0.40744772E+002
  0.49083856E-002  0.56990073E-001  0.10085423E+001  0.40748455E+002
  0.49082253E-002  0.56997668E-001  0.10087321E+001  0.40752147E+002
  0.49080686E-002  0.57004804E-001  0.10089137E+001  0.40755849E+002
  0.49079156E-002  0.57011504E-001  0.10090873E+001  0.40759559E+002
  0.49077668E-002  0.57017788E-001  0.10092531E+001  0.40763279E+002
  0.49076222E-002  0.57023677E-001  0.10094113E+001  0.40767006E+002
  0.49074821E-002  0.57029193E-001  0.10095620E+001  0.40770742E+002
  0.49073465E-002  0.57034354E-001  0.10097055E+001  0.40774484E+002
  0.49072155E-002  0.57039181E-001  0.10098420E+001  0.40778234E+002
  0.49070893E-002  0.57043691E-001  0.10099718E+001  0.40781990E+002
  0.49069678E-002  0.57047902E-001  0.10100949E+001  0.40785752E+002
  0.49068510E-002  0.57051833E-001  0.10102118E+001  0.40789519E+002
  0.49067390E-002  0.57055499E-001  0.10103226E+001  0.40793290E+002
  0.49066316E-002  0.57058917E-001  0.10104276E+001  0.40797064E+002
  0.49065289E-002  0.57062102E-001  0.10105270E+001  0.40800841E+002
  0.49064307E-002  0.57065069E-001  0.10106210E+001  0.40804620E+002
  0.49063370E-002  0.57067832E-001  0.10107099E+001  0.40808399E+002
  0.49062476E-002  0.57070404E-001  0.10107938E+001  0.40812178E+002
  0.49061625E-002  0.57072799E-001  0.10108731E+001  0.40815955E+002
  0.49060815E-002  0.57075028E-001  0.10109480E+001  0.40819730E+002
  0.49060045E-002  0.57077102E-001  0.10110186E+001  0.40823501E+002
  0.49059315E-002  0.57079034E-001  0.10110852E+001  0.40827267E+002
  0.49058622E-002  0.57080832E-001  0.10111480E+001  0.40831026E+002
  0.49057965E-002  0.57082508E-001  0.10112072E+001  0.40834778E+002
  0.49057343E-002  0.57084069E-001  0.10112629E+001  0.40838521E+002
  0.49056754E-002  0.57085526E-001  0.10113155E+001  0.40842254E+002
  0.49056198E-002  0.57086886E-001  0.10113649E+001  0.40845975E+002
  0.49055672E-002  0.57088156E-001  0.10114116E+001  0.40849683E+002
  0.49055176E-002  0.57089345E-001  0.10114555E+001  0.40853377E+002
  0.49054708E-002  0.57090458E-001  0.10114968E+001  0.40857054E+002
  0.49054267E-002  0.57091503E-001  0.10115358E+001  0.40860714E+002
  0.49053851E-002  0.57092484E-001  0.10115725E+001  0.40864356E+002
  0.49053460E-002  0.57093407E-001  0.10116072E+001  0.40867977E+002
  0.49053091E-002  0.57094278E-001  0.10116398E+001  0.40871577E+002
  0.49052745E-002  0.57095101E-001  0.10116707E+001  0.40875153E+002
  0.49052419E-002  0.57095881E-001  0.10116998E+001  0.40878705E+002
  0.49052113E-002  0.57096621E-001  0.10117273E+001  0.40882231E+002
  0.49051826E-002  0.57097325E-001  0.10117533E+001  0.40885729E+002
  0.49051556E-002  0.57097997E-001  0.10117778E+001  0.40889199E+002
  0.49051303E-002  0.57098640E-001  0.10118011E+001  0.40892639E+002
  0.49051065E-002  0.57099256E-001  0.10118232E+001  0.40896048E+002
  0.49050842E-002  0.57099849E-001  0.10118441E+001  0.40899424E+002
  0.49050633E-002  0.57100420E-001  0.10118640E+001  0.40902766E+002
  0.49050438E-002  0.57100973E-001  0.10118829E+001  0.40906073E+002
  0.49050254E-002  0.57101508E-001  0.10119009E+001  0.40909344E+002
  0.49050082E-002  0.57102028E-001  0.10119180E+001  0.40912578E+002
  0.49049922E-002  0.57102536E-001  0.10119344E+001  0.40915774E+002
  0.49049771E-002  0.57103031E-001  0.10119500E+001  0.40918930E+002
  0.49049631E-002  0.57103516E-001  0.10119650E+001  0.40922047E+002
  0.49049499E-002  0.57103993E-001  0.10119793E+001  0.40925122E+002
  0.49049377E-002  0.57104463E-001  0.10119931E+001  0.40928155E+002
  0.49049262E-002  0.57104927E-001  0.10120063E+001  0.40931145E+002
  0.49049156E-002  0.57105387E-001  0.10120191E+001  0.40934092E+002
  0.49049056E-002  0.57105845E-001  0.10120314E+001  0.40936995E+002
  0.49048964E-002  0.57106301E-001  0.10120433E+001  0.40939854E+002
  0.49048878E-002  0.57106757E-001  0.10120549E+001  0.40942667E+002
  0.49048799E-002  0.57107214E-001  0.10120661E+001  0.40945435E+002
  0.49048724E-002  0.57107674E-001  0.10120771E+001  0.40948157E+002
  0.49048655E-002  0.57108138E-001  0.10120878E+001  0.40950832E+002
  0.49048589E-002  0.57108607E-001  0.10120984E+001  0.40953462E+002
  0.49048527E-002  0.57109082E-001  0.10121089E+001  0.40956046E+002
  0.49048467E-002  0.57109563E-001  0.10121192E+001  0.40958583E+002
  0.49048407E-002  0.57110050E-001  0.10121295E+001  0.40961075E+002
  0.49048346E-002  0.57110541E-001  0.10121397E+001  0.40963521E+002
  0.49048280E-002  0.57111040E-001  0.10121500E+001  0.40965924E+002
  0.49048206E-002  0.57111527E-001  0.10121601E+001  0.40968282E+002
  0.49048114E-002  0.57112050E-001  0.10121705E+001  0.40970604E+002
