  0.42099906E+000
  0.42025272E+000
  0.41965872E+000
  0.41917997E+000
  0.41879441E+000
  0.41848627E+000
  0.41824283E+000
  0.41805350E+000
  0.41790947E+000
  0.41780330E+000
  0.41772874E+000
  0.41768056E+000
  0.41765437E+000
  0.41764649E+000
  0.41765385E+000
  0.41767385E+000
  0.41770430E+000
  0.41774339E+000
  0.41778958E+000
  0.41784158E+000
  0.41789829E+000
  0.41795881E+000
  0.41802236E+000
  0.41808828E+000
  0.41815600E+000
  0.41822504E+000
  0.41829500E+000
  0.41836551E+000
  0.41843625E+000
  0.41850697E+000
  0.41857741E+000
  0.41864737E+000
  0.41871667E+000
  0.41878514E+000
  0.41885265E+000
  0.41891908E+000
  0.41898432E+000
  0.41904830E+000
  0.41911095E+000
  0.41917224E+000
  0.41923213E+000
  0.41929062E+000
  0.41934772E+000
  0.41940347E+000
  0.41945792E+000
  0.41951112E+000
  0.41956317E+000
  0.41961415E+000
  0.41966416E+000
  0.41971331E+000
  0.41976173E+000
  0.41980951E+000
  0.41985677E+000
  0.41990362E+000
  0.41995016E+000
  0.41999645E+000
  0.42004259E+000
  0.42008861E+000
  0.42013456E+000
  0.42018046E+000
  0.42022631E+000
  0.42027210E+000
  0.42031781E+000
  0.42036339E+000
  0.42040878E+000
  0.42045394E+000
  0.42049877E+000
  0.42054321E+000
  0.42058717E+000
  0.42063055E+000
  0.42067326E+000
  0.42071521E+000
  0.42075630E+000
  0.42079644E+000
  0.42083555E+000
  0.42087352E+000
  0.42091028E+000
  0.42094574E+000
  0.42097985E+000
  0.42101252E+000
  0.42104370E+000
  0.42107334E+000
  0.42110140E+000
  0.42112783E+000
  0.42115261E+000
  0.42117572E+000
  0.42119714E+000
  0.42121688E+000
  0.42123495E+000
  0.42125134E+000
  0.42126610E+000
  0.42127924E+000
  0.42129081E+000
  0.42130084E+000
  0.42130939E+000
  0.42131650E+000
  0.42132224E+000
  0.42132668E+000
  0.42132987E+000
  0.42133189E+000
  0.42133280E+000
  0.42133268E+000
  0.42133161E+000
  0.42132966E+000
  0.42132689E+000
  0.42132339E+000
  0.42131922E+000
  0.42131445E+000
  0.42130916E+000
  0.42130339E+000
  0.42129722E+000
  0.42129069E+000
  0.42128388E+000
  0.42127682E+000
  0.42126957E+000
  0.42126216E+000
  0.42125465E+000
  0.42124706E+000
  0.42123944E+000
  0.42123180E+000
  0.42122419E+000
  0.42121662E+000
  0.42120912E+000
  0.42120170E+000
  0.42119438E+000
  0.42118718E+000
  0.42118010E+000
  0.42117317E+000
  0.42116638E+000
  0.42115975E+000
  0.42115328E+000
  0.42114698E+000
  0.42114084E+000
  0.42113487E+000
  0.42112908E+000
  0.42112346E+000
  0.42111802E+000
  0.42111275E+000
  0.42110765E+000
  0.42110273E+000
  0.42109797E+000
  0.42109338E+000
  0.42108896E+000
  0.42108470E+000
  0.42108060E+000
  0.42107665E+000
  0.42107286E+000
  0.42106922E+000
  0.42106573E+000
  0.42106238E+000
  0.42105917E+000
  0.42105610E+000
  0.42105316E+000
  0.42105035E+000
  0.42104766E+000
  0.42104510E+000
  0.42104265E+000
  0.42104031E+000
  0.42103809E+000
  0.42103597E+000
  0.42103395E+000
  0.42103203E+000
  0.42103021E+000
  0.42102848E+000
  0.42102683E+000
  0.42102527E+000
  0.42102380E+000
  0.42102239E+000
  0.42102107E+000
  0.42101981E+000
  0.42101862E+000
  0.42101749E+000
  0.42101643E+000
  0.42101543E+000
  0.42101448E+000
  0.42101358E+000
  0.42101274E+000
  0.42101194E+000
  0.42101119E+000
  0.42101048E+000
  0.42100981E+000
  0.42100918E+000
  0.42100859E+000
  0.42100803E+000
  0.42100750E+000
  0.42100700E+000
  0.42100654E+000
  0.42100610E+000
  0.42100569E+000
  0.42100530E+000
  0.42100495E+000
  0.42100461E+000
  0.42100431E+000
  0.42100404E+000
  0.42100380E+000
  0.42100360E+000
  0.42100346E+000
  0.42100337E+000
  0.42100336E+000
  0.42100345E+000
