  0.65180464E+000  0.10070390E+000  0.15241057E+000  0.77907721E+000
  0.64709324E+000  0.10352893E+000  0.15243614E+000  0.77795265E+000
  0.64533025E+000  0.10296995E+000  0.15334441E+000  0.77699035E+000
  0.64427615E+000  0.10227433E+000  0.15389941E+000  0.77627008E+000
  0.64273876E+000  0.10250642E+000  0.15426581E+000  0.77566675E+000
  0.64011712E+000  0.10430752E+000  0.15417413E+000  0.77534642E+000
  0.63936633E+000  0.10440065E+000  0.15353368E+000  0.77567074E+000
  0.63657574E+000  0.10571603E+000  0.15444726E+000  0.77547508E+000
  0.63594080E+000  0.10595294E+000  0.15436820E+000  0.77537603E+000
  0.63533888E+000  0.10595342E+000  0.15444833E+000  0.77541924E+000
  0.63477945E+000  0.10506393E+000  0.15568186E+000  0.77538983E+000
  0.63334264E+000  0.10633166E+000  0.15561750E+000  0.77543052E+000
  0.63271659E+000  0.10683172E+000  0.15582199E+000  0.77524726E+000
  0.63264702E+000  0.10682515E+000  0.15601793E+000  0.77509597E+000
  0.63178960E+000  0.10701790E+000  0.15664498E+000  0.77516302E+000
  0.63176922E+000  0.10703175E+000  0.15665135E+000  0.77524316E+000
  0.63047911E+000  0.10690859E+000  0.15809534E+000  0.77533427E+000
  0.62973587E+000  0.10769229E+000  0.15811401E+000  0.77543150E+000
  0.62979992E+000  0.10769220E+000  0.15813219E+000  0.77553411E+000
  0.62987959E+000  0.10769184E+000  0.15830988E+000  0.77548509E+000
  0.62953769E+000  0.10812933E+000  0.15833272E+000  0.77559353E+000
  0.62676953E+000  0.11100586E+000  0.15835585E+000  0.77570412E+000
  0.62688044E+000  0.11101105E+000  0.15838083E+000  0.77581722E+000
  0.62699902E+000  0.11100156E+000  0.15842384E+000  0.77592878E+000
  0.62694306E+000  0.11119010E+000  0.15845090E+000  0.77604003E+000
  0.62707086E+000  0.11120025E+000  0.15847469E+000  0.77615447E+000
  0.62720254E+000  0.11121056E+000  0.15850301E+000  0.77626399E+000
  0.62724336E+000  0.11131475E+000  0.15853178E+000  0.77637224E+000
  0.62736371E+000  0.11134152E+000  0.15865265E+000  0.77638724E+000
  0.66603271E+000  0.10526375E+000  0.15868193E+000  0.77649239E+000
  0.62763622E+000  0.11136642E+000  0.15871129E+000  0.77659580E+000
  0.62777192E+000  0.11137693E+000  0.15874337E+000  0.77669737E+000
  0.62790651E+000  0.11137775E+000  0.15908739E+000  0.77649513E+000
  0.62803954E+000  0.11139187E+000  0.15911644E+000  0.77659282E+000
  0.62817059E+000  0.11140638E+000  0.15914524E+000  0.77668850E+000
  0.62829933E+000  0.11142122E+000  0.15916564E+000  0.77679022E+000
  0.62841942E+000  0.11144241E+000  0.15919373E+000  0.77688182E+000
  0.62854232E+000  0.11145820E+000  0.15922140E+000  0.77697137E+000
  0.62866265E+000  0.11147377E+000  0.15924859E+000  0.77705889E+000
  0.62877918E+000  0.11149019E+000  0.15927527E+000  0.77714440E+000
  0.62889327E+000  0.11150598E+000  0.15930141E+000  0.77722793E+000
  0.62900340E+000  0.11152253E+000  0.15932709E+000  0.77730954E+000
  0.62911127E+000  0.11153833E+000  0.15935210E+000  0.77738928E+000
  0.62921615E+000  0.11155406E+000  0.15937654E+000  0.77746723E+000
  0.62931821E+000  0.11156968E+000  0.15940041E+000  0.77754347E+000
  0.62941761E+000  0.11158514E+000  0.15942375E+000  0.77761809E+000
  0.62951458E+000  0.11160040E+000  0.15944659E+000  0.77769120E+000
  0.62960933E+000  0.11161550E+000  0.15946893E+000  0.77776292E+000
  0.62956244E+000  0.11177008E+000  0.15949084E+000  0.77783336E+000
  0.62964426E+000  0.11179015E+000  0.15951629E+000  0.77790265E+000
  0.62973407E+000  0.11180450E+000  0.15954318E+000  0.77796525E+000
  0.62982275E+000  0.11181015E+000  0.15955538E+000  0.77804985E+000
  0.62991037E+000  0.11182422E+000  0.15955655E+000  0.77813605E+000
  0.62999753E+000  0.11183790E+000  0.15955749E+000  0.77822168E+000
  0.63008423E+000  0.11185076E+000  0.15955892E+000  0.77830681E+000
  0.63017065E+000  0.11185853E+000  0.15956523E+000  0.77839150E+000
  0.63025693E+000  0.11187169E+000  0.15954274E+000  0.77849909E+000
  0.63034316E+000  0.11188471E+000  0.15951857E+000  0.77860809E+000
  0.63042942E+000  0.11189761E+000  0.15949471E+000  0.77871660E+000
  0.63051572E+000  0.11191040E+000  0.15947100E+000  0.77882481E+000
  0.63060207E+000  0.11192024E+000  0.15945096E+000  0.77893206E+000
  0.63068843E+000  0.11193280E+000  0.15942877E+000  0.77903849E+000
  0.63077473E+000  0.11194530E+000  0.15940731E+000  0.77914398E+000
  0.63086088E+000  0.11195770E+000  0.15938677E+000  0.77924829E+000
  0.63094672E+000  0.11197004E+000  0.15936723E+000  0.77935124E+000
  0.63103219E+000  0.11198222E+000  0.15934880E+000  0.77945263E+000
  0.63111594E+000  0.11199544E+000  0.15933159E+000  0.77955223E+000
  0.63120012E+000  0.11200736E+000  0.15931569E+000  0.77964979E+000
  0.63128121E+000  0.11202128E+000  0.15932661E+000  0.77971967E+000
  0.63136340E+000  0.11203286E+000  0.15948286E+000  0.77906068E+000
  0.63144431E+000  0.11204424E+000  0.15949997E+000  0.77913656E+000
  0.63152376E+000  0.11205540E+000  0.15951708E+000  0.77921015E+000
  0.63029018E+000  0.11337770E+000  0.15953416E+000  0.77928126E+000
  0.63036601E+000  0.11338279E+000  0.15955688E+000  0.77934972E+000
  0.63043981E+000  0.11339332E+000  0.15944681E+000  0.78006234E+000
  0.63051140E+000  0.11340356E+000  0.15946582E+000  0.78011339E+000
  0.63058061E+000  0.11341351E+000  0.15948434E+000  0.78016275E+000
  0.63064729E+000  0.11342314E+000  0.15950233E+000  0.78021032E+000
  0.63071128E+000  0.11300416E+000  0.15994802E+000  0.78025603E+000
  0.63077245E+000  0.11301306E+000  0.15996487E+000  0.78029979E+000
  0.63083069E+000  0.11302158E+000  0.15998107E+000  0.78034156E+000
  0.63088585E+000  0.11302978E+000  0.15999658E+000  0.78038126E+000
  0.63093785E+000  0.11303754E+000  0.16001094E+000  0.78041935E+000
  0.63098636E+000  0.11304526E+000  0.16002498E+000  0.78045481E+000
  0.63103181E+000  0.11305233E+000  0.16003826E+000  0.78048812E+000
  0.63107392E+000  0.11305826E+000  0.16005152E+000  0.78051926E+000
  0.63111264E+000  0.11306458E+000  0.16006322E+000  0.78054822E+000
  0.63114796E+000  0.11307052E+000  0.16007413E+000  0.78057502E+000
  0.63117971E+000  0.11307623E+000  0.16008425E+000  0.78059968E+000
  0.63120824E+000  0.11308131E+000  0.16009369E+000  0.78062222E+000
  0.63123342E+000  0.11308611E+000  0.16010227E+000  0.78064268E+000
  0.63125530E+000  0.11309054E+000  0.16011010E+000  0.78066112E+000
  0.63127394E+000  0.11309460E+000  0.16011720E+000  0.78067757E+000
  0.63128942E+000  0.11309831E+000  0.16012361E+000  0.78069211E+000
  0.63130183E+000  0.11310167E+000  0.16012935E+000  0.78070479E+000
  0.63131126E+000  0.11310469E+000  0.16013446E+000  0.78071569E+000
  0.63131784E+000  0.11310738E+000  0.16013896E+000  0.78072489E+000
  0.63132167E+000  0.11310976E+000  0.16015666E+000  0.78071871E+000
  0.63132290E+000  0.11311184E+000  0.16019993E+000  0.78068490E+000
  0.63132165E+000  0.11311363E+000  0.16024462E+000  0.78064775E+000
  0.63131807E+000  0.11311514E+000  0.16029063E+000  0.78060745E+000
  0.63131231E+000  0.11311640E+000  0.16033790E+000  0.78056422E+000
  0.63130452E+000  0.11311742E+000  0.16038633E+000  0.78051827E+000
  0.63129485E+000  0.11311821E+000  0.16043586E+000  0.78046981E+000
  0.63128344E+000  0.11311880E+000  0.16046862E+000  0.78043681E+000
  0.63127046E+000  0.11311919E+000  0.16048516E+000  0.78041886E+000
  0.63125604E+000  0.11311941E+000  0.16050178E+000  0.78039975E+000
  0.63124035E+000  0.11311946E+000  0.16051851E+000  0.78037960E+000
  0.63122352E+000  0.11311937E+000  0.16054196E+000  0.78035187E+000
  0.63120569E+000  0.11311916E+000  0.16055218E+000  0.78033662E+000
  0.63118700E+000  0.11311882E+000  0.16056911E+000  0.78031402E+000
  0.63116758E+000  0.11311839E+000  0.16058609E+000  0.78029082E+000
  0.63114755E+000  0.11311786E+000  0.16062875E+000  0.78024145E+000
  0.63112703E+000  0.11311725E+000  0.16068416E+000  0.78017893E+000
  0.63110613E+000  0.11311658E+000  0.16073966E+000  0.78011600E+000
  0.63108496E+000  0.11311585E+000  0.16079515E+000  0.78005279E+000
  0.63106361E+000  0.11311506E+000  0.16081549E+000  0.78002453E+000
  0.63104217E+000  0.11311423E+000  0.16083241E+000  0.77999953E+000
  0.63102072E+000  0.11311337E+000  0.16084340E+000  0.77996704E+000
  0.63099934E+000  0.11311247E+000  0.16084922E+000  0.77992813E+000
  0.63097811E+000  0.11311154E+000  0.16085500E+000  0.77988941E+000
  0.63095708E+000  0.11311059E+000  0.16086073E+000  0.77985094E+000
  0.63093631E+000  0.11310962E+000  0.16094176E+000  0.77984887E+000
  0.63091584E+000  0.11310863E+000  0.16095790E+000  0.77982451E+000
  0.63089574E+000  0.11310763E+000  0.16097993E+000  0.77979432E+000
  0.63087602E+000  0.11310660E+000  0.16099565E+000  0.77977052E+000
  0.63085674E+000  0.11310557E+000  0.16101116E+000  0.77974704E+000
  0.63083791E+000  0.11310452E+000  0.16106257E+000  0.77968777E+000
  0.63081957E+000  0.11310346E+000  0.16113911E+000  0.77960349E+000
  0.63080172E+000  0.11310238E+000  0.16121434E+000  0.77952066E+000
  0.63078440E+000  0.11310130E+000  0.16128818E+000  0.77943934E+000
  0.63076761E+000  0.11310020E+000  0.16136061E+000  0.77935958E+000
  0.63075135E+000  0.11309909E+000  0.16143159E+000  0.77928142E+000
  0.63073565E+000  0.11309797E+000  0.16145562E+000  0.77925035E+000
  0.63072049E+000  0.11309685E+000  0.16145508E+000  0.77924401E+000
  0.63070588E+000  0.11309571E+000  0.16101307E+000  0.77967929E+000
  0.63069183E+000  0.11309457E+000  0.16101253E+000  0.77967325E+000
  0.63067832E+000  0.11309342E+000  0.16101198E+000  0.77966737E+000
  0.63066535E+000  0.11309227E+000  0.16101143E+000  0.77966166E+000
  0.63065292E+000  0.11309112E+000  0.16101087E+000  0.77965610E+000
  0.63064101E+000  0.11308996E+000  0.16101030E+000  0.77965071E+000
  0.63062962E+000  0.11308880E+000  0.16100972E+000  0.77964548E+000
  0.63061874E+000  0.11308764E+000  0.16100914E+000  0.77964041E+000
  0.63060835E+000  0.11308649E+000  0.16100855E+000  0.77963550E+000
  0.63059844E+000  0.11308534E+000  0.16100795E+000  0.77963075E+000
  0.63058900E+000  0.11308420E+000  0.16100735E+000  0.77962616E+000
  0.63058002E+000  0.11308307E+000  0.16100674E+000  0.77962173E+000
  0.63057147E+000  0.11308195E+000  0.16100612E+000  0.77961745E+000
  0.63056336E+000  0.11308085E+000  0.16100550E+000  0.77961332E+000
  0.63055565E+000  0.11307975E+000  0.16100488E+000  0.77960935E+000
  0.63054834E+000  0.11307868E+000  0.16100425E+000  0.77960552E+000
  0.63054141E+000  0.11307762E+000  0.16100363E+000  0.77960184E+000
  0.63053486E+000  0.11307658E+000  0.16100300E+000  0.77959830E+000
  0.63052865E+000  0.11307556E+000  0.16100237E+000  0.77959491E+000
  0.63052278E+000  0.11307456E+000  0.16100175E+000  0.77959166E+000
  0.63051723E+000  0.11307358E+000  0.16100113E+000  0.77958854E+000
  0.63051199E+000  0.11307263E+000  0.16100051E+000  0.77958556E+000
  0.63050705E+000  0.11307170E+000  0.16099990E+000  0.77958271E+000
  0.63050238E+000  0.11307080E+000  0.16099929E+000  0.77957998E+000
  0.63049798E+000  0.11306992E+000  0.16099869E+000  0.77957738E+000
  0.63049384E+000  0.11306907E+000  0.16099809E+000  0.77957490E+000
  0.63048993E+000  0.11306824E+000  0.16099751E+000  0.77957255E+000
  0.63048626E+000  0.11306745E+000  0.16099693E+000  0.77957030E+000
  0.63048280E+000  0.11306668E+000  0.16099636E+000  0.77956817E+000
  0.63047954E+000  0.11306593E+000  0.16099581E+000  0.77956615E+000
  0.63047648E+000  0.11306522E+000  0.16099526E+000  0.77956424E+000
  0.63047360E+000  0.11306453E+000  0.16099473E+000  0.77956242E+000
  0.63047089E+000  0.11306386E+000  0.16099420E+000  0.77956071E+000
  0.63046835E+000  0.11306323E+000  0.16099369E+000  0.77955909E+000
  0.63046595E+000  0.11306261E+000  0.16099320E+000  0.77955756E+000
  0.63046370E+000  0.11306203E+000  0.16099271E+000  0.77955613E+000
  0.63046159E+000  0.11306147E+000  0.16099224E+000  0.77955478E+000
  0.63045960E+000  0.11306093E+000  0.16099178E+000  0.77955351E+000
  0.63045772E+000  0.11306042E+000  0.16099134E+000  0.77955232E+000
  0.63045596E+000  0.11305993E+000  0.16099091E+000  0.77955121E+000
  0.63045430E+000  0.11305946E+000  0.16099049E+000  0.77955017E+000
  0.63045274E+000  0.11305902E+000  0.16099009E+000  0.77954919E+000
  0.63045127E+000  0.11305859E+000  0.16098970E+000  0.77954829E+000
  0.63044988E+000  0.11305819E+000  0.16098932E+000  0.77954745E+000
  0.63044858E+000  0.11305780E+000  0.16098896E+000  0.77954667E+000
  0.63044734E+000  0.11305744E+000  0.16098860E+000  0.77954595E+000
  0.63044617E+000  0.11305709E+000  0.16098827E+000  0.77954528E+000
  0.63044507E+000  0.11305676E+000  0.16098794E+000  0.77954467E+000
  0.63044402E+000  0.11305645E+000  0.16098763E+000  0.77954410E+000
  0.63044303E+000  0.11305616E+000  0.16098733E+000  0.77954358E+000
  0.63044209E+000  0.11305588E+000  0.16098704E+000  0.77954311E+000
  0.63044120E+000  0.11305561E+000  0.16098676E+000  0.77954268E+000
  0.63044035E+000  0.11305536E+000  0.16098650E+000  0.77954229E+000
  0.63043954E+000  0.11305513E+000  0.16098625E+000  0.77954194E+000
  0.63043877E+000  0.11305491E+000  0.16098601E+000  0.77954163E+000
  0.63043804E+000  0.11305470E+000  0.16098578E+000  0.77954136E+000
  0.63043735E+000  0.11305451E+000  0.16098556E+000  0.77954112E+000
  0.63043670E+000  0.11305434E+000  0.16098536E+000  0.77954094E+000
  0.63043610E+000  0.11305418E+000  0.16098518E+000  0.77954079E+000
  0.63043555E+000  0.11305403E+000  0.16098501E+000  0.77954071E+000
  0.63043506E+000  0.11305390E+000  0.16098487E+000  0.77954068E+000
  0.63043465E+000  0.11305378E+000  0.16098475E+000  0.77954074E+000
  0.63043435E+000  0.11305369E+000  0.16098466E+000  0.77954089E+000
  0.63043414E+000  0.11305360E+000  0.16098461E+000  0.77954117E+000
  0.63043423E+000  0.11305358E+000  0.16098464E+000  0.77954146E+000
