 -0.16986735E-001
 -0.17021301E-001
 -0.17047045E-001
 -0.17065848E-001
 -0.17079203E-001
 -0.17088317E-001
 -0.17094154E-001
 -0.17097483E-001
 -0.17098917E-001
 -0.17098939E-001
 -0.17097932E-001
 -0.17096196E-001
 -0.17093966E-001
 -0.17091420E-001
 -0.17088698E-001
 -0.17085904E-001
 -0.17083117E-001
 -0.17080394E-001
 -0.17077775E-001
 -0.17075288E-001
 -0.17072950E-001
 -0.17070771E-001
 -0.17068755E-001
 -0.17066899E-001
 -0.17065201E-001
 -0.17063651E-001
 -0.17062243E-001
 -0.17060965E-001
 -0.17059806E-001
 -0.17058756E-001
 -0.17057803E-001
 -0.17056935E-001
 -0.17056143E-001
 -0.17055415E-001
 -0.17054742E-001
 -0.17054114E-001
 -0.17053524E-001
 -0.17052964E-001
 -0.17052427E-001
 -0.17051908E-001
 -0.17051401E-001
 -0.17050903E-001
 -0.17050410E-001
 -0.17049919E-001
 -0.17049427E-001
 -0.17048932E-001
 -0.17048433E-001
 -0.17047929E-001
 -0.17047417E-001
 -0.17046898E-001
 -0.17046370E-001
 -0.17045833E-001
 -0.17045285E-001
 -0.17044727E-001
 -0.17044156E-001
 -0.17043574E-001
 -0.17042978E-001
 -0.17042368E-001
 -0.17041745E-001
 -0.17041106E-001
 -0.17040453E-001
 -0.17039784E-001
 -0.17039101E-001
 -0.17038402E-001
 -0.17037688E-001
 -0.17036960E-001
 -0.17036219E-001
 -0.17035463E-001
 -0.17034696E-001
 -0.17033916E-001
 -0.17033126E-001
 -0.17032327E-001
 -0.17031518E-001
 -0.17030702E-001
 -0.17029879E-001
 -0.17029051E-001
 -0.17028219E-001
 -0.17027384E-001
 -0.17026547E-001
 -0.17025709E-001
 -0.17024872E-001
 -0.17024036E-001
 -0.17023202E-001
 -0.17022372E-001
 -0.17021547E-001
 -0.17020726E-001
 -0.17019913E-001
 -0.17019106E-001
 -0.17018307E-001
 -0.17017516E-001
 -0.17016735E-001
 -0.17015963E-001
 -0.17015202E-001
 -0.17014451E-001
 -0.17013712E-001
 -0.17012984E-001
 -0.17012268E-001
 -0.17011563E-001
 -0.17010871E-001
 -0.17010191E-001
 -0.17009523E-001
 -0.17008868E-001
 -0.17008225E-001
 -0.17007595E-001
 -0.17006977E-001
 -0.17006371E-001
 -0.17005777E-001
 -0.17005196E-001
 -0.17004626E-001
 -0.17004068E-001
 -0.17003522E-001
 -0.17002987E-001
 -0.17002464E-001
 -0.17001952E-001
 -0.17001452E-001
 -0.17000962E-001
 -0.17000484E-001
 -0.17000017E-001
 -0.16999560E-001
 -0.16999114E-001
 -0.16998679E-001
 -0.16998255E-001
 -0.16997841E-001
 -0.16997438E-001
 -0.16997045E-001
 -0.16996662E-001
 -0.16996290E-001
 -0.16995928E-001
 -0.16995577E-001
 -0.16995235E-001
 -0.16994904E-001
 -0.16994583E-001
 -0.16994271E-001
 -0.16993970E-001
 -0.16993678E-001
 -0.16993396E-001
 -0.16993123E-001
 -0.16992860E-001
 -0.16992605E-001
 -0.16992360E-001
 -0.16992124E-001
 -0.16991896E-001
 -0.16991677E-001
 -0.16991467E-001
 -0.16991264E-001
 -0.16991070E-001
 -0.16990883E-001
 -0.16990704E-001
 -0.16990532E-001
 -0.16990367E-001
 -0.16990210E-001
 -0.16990058E-001
 -0.16989914E-001
 -0.16989775E-001
 -0.16989643E-001
 -0.16989517E-001
 -0.16989396E-001
 -0.16989280E-001
 -0.16989170E-001
 -0.16989064E-001
 -0.16988963E-001
 -0.16988867E-001
 -0.16988775E-001
 -0.16988688E-001
 -0.16988604E-001
 -0.16988524E-001
 -0.16988448E-001
 -0.16988375E-001
 -0.16988305E-001
 -0.16988239E-001
 -0.16988175E-001
 -0.16988115E-001
 -0.16988057E-001
 -0.16988001E-001
 -0.16987948E-001
 -0.16987897E-001
 -0.16987849E-001
 -0.16987802E-001
 -0.16987758E-001
 -0.16987715E-001
 -0.16987674E-001
 -0.16987635E-001
 -0.16987597E-001
 -0.16987561E-001
 -0.16987527E-001
 -0.16987493E-001
 -0.16987461E-001
 -0.16987430E-001
 -0.16987400E-001
 -0.16987371E-001
 -0.16987343E-001
 -0.16987316E-001
 -0.16987290E-001
 -0.16987263E-001
 -0.16987238E-001
 -0.16987212E-001
 -0.16987185E-001
 -0.16987157E-001
 -0.16987126E-001
 -0.16987090E-001
