  0.30487442E+001
  0.30873776E+001
  0.30862017E+001
  0.30812066E+001
  0.30764175E+001
  0.30722686E+001
  0.30687418E+001
  0.30657563E+001
  0.30632044E+001
  0.30610314E+001
  0.30591865E+001
  0.30576193E+001
  0.30562870E+001
  0.30551535E+001
  0.30541886E+001
  0.30533666E+001
  0.30526662E+001
  0.30520691E+001
  0.30515598E+001
  0.30511252E+001
  0.30507538E+001
  0.30504363E+001
  0.30501642E+001
  0.30499306E+001
  0.30497294E+001
  0.30495553E+001
  0.30494040E+001
  0.30492716E+001
  0.30491548E+001
  0.30490507E+001
  0.30489570E+001
  0.30488717E+001
  0.30487930E+001
  0.30487195E+001
  0.30486501E+001
  0.30485839E+001
  0.30485202E+001
  0.30484584E+001
  0.30483981E+001
  0.30483391E+001
  0.30482812E+001
  0.30482244E+001
  0.30481688E+001
  0.30481145E+001
  0.30480615E+001
  0.30480101E+001
  0.30479602E+001
  0.30479121E+001
  0.30478655E+001
  0.30478208E+001
  0.30477779E+001
  0.30477367E+001
  0.30476971E+001
  0.30476589E+001
  0.30476220E+001
  0.30475860E+001
  0.30475508E+001
  0.30475159E+001
  0.30474812E+001
  0.30474463E+001
  0.30474110E+001
  0.30473749E+001
  0.30473378E+001
  0.30472993E+001
  0.30472593E+001
  0.30472175E+001
  0.30471735E+001
  0.30471270E+001
  0.30470778E+001
  0.30470254E+001
  0.30469693E+001
  0.30469072E+001
  0.30468393E+001
  0.30467688E+001
  0.30466955E+001
  0.30466193E+001
  0.30465403E+001
  0.30464583E+001
  0.30463734E+001
  0.30462854E+001
  0.30461943E+001
  0.30461004E+001
  0.30460035E+001
  0.30459038E+001
  0.30458013E+001
  0.30456964E+001
  0.30455890E+001
  0.30454794E+001
  0.30453678E+001
  0.30452543E+001
  0.30451393E+001
  0.30450229E+001
  0.30449054E+001
  0.30447871E+001
  0.30446682E+001
  0.30445491E+001
  0.30444299E+001
  0.30443110E+001
  0.30441926E+001
  0.30440750E+001
  0.30439585E+001
  0.30438432E+001
  0.30437295E+001
  0.30436175E+001
  0.30435074E+001
  0.30433995E+001
  0.30432940E+001
  0.30431910E+001
  0.30430907E+001
  0.30429932E+001
  0.30428987E+001
  0.30428073E+001
  0.30427190E+001
  0.30426340E+001
  0.30425524E+001
  0.30424742E+001
  0.30423994E+001
  0.30423282E+001
  0.30422605E+001
  0.30421964E+001
  0.30421359E+001
  0.30420790E+001
  0.30420257E+001
  0.30419760E+001
  0.30419298E+001
  0.30418873E+001
  0.30418482E+001
  0.30418127E+001
  0.30417806E+001
  0.30417519E+001
  0.30417267E+001
  0.30417047E+001
  0.30416860E+001
  0.30416706E+001
  0.30416583E+001
  0.30416491E+001
  0.30416429E+001
  0.30416397E+001
  0.30416393E+001
  0.30416418E+001
  0.30416470E+001
  0.30416549E+001
  0.30416654E+001
  0.30416784E+001
  0.30416938E+001
  0.30417115E+001
  0.30417315E+001
  0.30417537E+001
  0.30417779E+001
  0.30418042E+001
  0.30418323E+001
  0.30418623E+001
  0.30418941E+001
  0.30419275E+001
  0.30419624E+001
  0.30419989E+001
  0.30420367E+001
  0.30420759E+001
  0.30421162E+001
  0.30421578E+001
  0.30422004E+001
  0.30422440E+001
  0.30422884E+001
  0.30423338E+001
  0.30423798E+001
  0.30424266E+001
  0.30424739E+001
  0.30425218E+001
  0.30425701E+001
  0.30426189E+001
  0.30426679E+001
  0.30427172E+001
  0.30427668E+001
  0.30428164E+001
  0.30428662E+001
  0.30429159E+001
  0.30429657E+001
  0.30430153E+001
  0.30430649E+001
  0.30431142E+001
  0.30431634E+001
  0.30432123E+001
  0.30432608E+001
  0.30433091E+001
  0.30433569E+001
  0.30434043E+001
  0.30434513E+001
  0.30434978E+001
  0.30435438E+001
  0.30435892E+001
  0.30436341E+001
  0.30436784E+001
  0.30437220E+001
  0.30437649E+001
  0.30438072E+001
  0.30438486E+001
  0.30438892E+001
  0.30439288E+001
  0.30439670E+001
  0.30440038E+001
