  0.77821522E+000  0.89347946E+000  0.10997712E+001  0.24037783E+001
  0.77818686E+000  0.89441419E+000  0.10984831E+001  0.24019882E+001
  0.77814781E+000  0.89449473E+000  0.10982305E+001  0.24006157E+001
  0.77811383E+000  0.89446684E+000  0.10981269E+001  0.23994766E+001
  0.77808626E+000  0.89442314E+000  0.10980589E+001  0.23985129E+001
  0.77806439E+000  0.89437596E+000  0.10980099E+001  0.23976941E+001
  0.77804734E+000  0.89432735E+000  0.10979757E+001  0.23969962E+001
  0.77803429E+000  0.89427767E+000  0.10979540E+001  0.23963994E+001
  0.77802454E+000  0.89422761E+000  0.10979428E+001  0.23958878E+001
  0.77801752E+000  0.89417763E+000  0.10979400E+001  0.23954481E+001
  0.77801274E+000  0.89412823E+000  0.10979438E+001  0.23950689E+001
  0.77800982E+000  0.89408001E+000  0.10979526E+001  0.23947406E+001
  0.77800844E+000  0.89403352E+000  0.10979648E+001  0.23944555E+001
  0.77800833E+000  0.89398922E+000  0.10979792E+001  0.23942067E+001
  0.77800928E+000  0.89394749E+000  0.10979946E+001  0.23939886E+001
  0.77801111E+000  0.89390856E+000  0.10980104E+001  0.23937964E+001
  0.77801366E+000  0.89387258E+000  0.10980260E+001  0.23936259E+001
  0.77801682E+000  0.89383959E+000  0.10980408E+001  0.23934738E+001
  0.77802047E+000  0.89380954E+000  0.10980546E+001  0.23933370E+001
  0.77802453E+000  0.89378234E+000  0.10980671E+001  0.23932131E+001
  0.77802893E+000  0.89375783E+000  0.10980784E+001  0.23930998E+001
  0.77803360E+000  0.89373583E+000  0.10980883E+001  0.23929953E+001
  0.77803847E+000  0.89371615E+000  0.10980969E+001  0.23928980E+001
  0.77804352E+000  0.89369857E+000  0.10981042E+001  0.23928066E+001
  0.77804868E+000  0.89368289E+000  0.10981104E+001  0.23927197E+001
  0.77805393E+000  0.89366889E+000  0.10981156E+001  0.23926363E+001
  0.77805924E+000  0.89365637E+000  0.10981200E+001  0.23925556E+001
  0.77806456E+000  0.89364516E+000  0.10981236E+001  0.23924766E+001
  0.77806988E+000  0.89363507E+000  0.10981266E+001  0.23923987E+001
  0.77807517E+000  0.89362594E+000  0.10981292E+001  0.23923213E+001
  0.77808040E+000  0.89361762E+000  0.10981314E+001  0.23922437E+001
  0.77808555E+000  0.89360998E+000  0.10981334E+001  0.23921655E+001
  0.77809059E+000  0.89360288E+000  0.10981354E+001  0.23920863E+001
  0.77809551E+000  0.89359623E+000  0.10981373E+001  0.23920057E+001
  0.77810028E+000  0.89358991E+000  0.10981392E+001  0.23919235E+001
  0.77810487E+000  0.89358383E+000  0.10981413E+001  0.23918393E+001
  0.77810928E+000  0.89357790E+000  0.10981436E+001  0.23917531E+001
  0.77811348E+000  0.89357206E+000  0.10981461E+001  0.23916645E+001
  0.77811744E+000  0.89356622E+000  0.10981489E+001  0.23915736E+001
  0.77812114E+000  0.89356033E+000  0.10981519E+001  0.23914803E+001
  0.77812457E+000  0.89355434E+000  0.10981552E+001  0.23913845E+001
  0.77812771E+000  0.89354817E+000  0.10981587E+001  0.23912862E+001
  0.77813054E+000  0.89354180E+000  0.10981625E+001  0.23911856E+001
  0.77813304E+000  0.89353518E+000  0.10981665E+001  0.23910827E+001
  0.77813520E+000  0.89352828E+000  0.10981707E+001  0.23909775E+001
  0.77813700E+000  0.89352106E+000  0.10981751E+001  0.23908703E+001
  0.77813842E+000  0.89351350E+000  0.10981796E+001  0.23907612E+001
  0.77813947E+000  0.89350558E+000  0.10981843E+001  0.23906504E+001
  0.77814012E+000  0.89349730E+000  0.10981890E+001  0.23905381E+001
  0.77814037E+000  0.89348863E+000  0.10981938E+001  0.23904245E+001
  0.77814022E+000  0.89347959E+000  0.10981986E+001  0.23903099E+001
  0.77813966E+000  0.89347018E+000  0.10982034E+001  0.23901945E+001
  0.77813868E+000  0.89346041E+000  0.10982082E+001  0.23900787E+001
  0.77813730E+000  0.89345029E+000  0.10982129E+001  0.23899627E+001
  0.77813550E+000  0.89343985E+000  0.10982175E+001  0.23898468E+001
  0.77813330E+000  0.89342910E+000  0.10982220E+001  0.23897313E+001
  0.77813069E+000  0.89341809E+000  0.10982264E+001  0.23896166E+001
  0.77812770E+000  0.89340683E+000  0.10982306E+001  0.23895029E+001
  0.77812431E+000  0.89339537E+000  0.10982346E+001  0.23893906E+001
  0.77812055E+000  0.89338373E+000  0.10982383E+001  0.23892800E+001
  0.77811643E+000  0.89337196E+000  0.10982419E+001  0.23891715E+001
  0.77811196E+000  0.89336007E+000  0.10982451E+001  0.23890653E+001
  0.77810716E+000  0.89334811E+000  0.10982481E+001  0.23889619E+001
  0.77810203E+000  0.89333612E+000  0.10982507E+001  0.23888615E+001
  0.77809661E+000  0.89332411E+000  0.10982530E+001  0.23887644E+001
  0.77809092E+000  0.89331212E+000  0.10982550E+001  0.23886709E+001
  0.77808496E+000  0.89330018E+000  0.10982565E+001  0.23885814E+001
  0.77807878E+000  0.89328831E+000  0.10982577E+001  0.23884961E+001
  0.77807238E+000  0.89327654E+000  0.10982584E+001  0.23884153E+001
  0.77806580E+000  0.89326489E+000  0.10982587E+001  0.23883393E+001
  0.77805906E+000  0.89325338E+000  0.10982586E+001  0.23882683E+001
  0.77805219E+000  0.89324203E+000  0.10982580E+001  0.23882026E+001
  0.77804522E+000  0.89323086E+000  0.10982569E+001  0.23881424E+001
  0.77803817E+000  0.89321990E+000  0.10982554E+001  0.23880877E+001
  0.77803107E+000  0.89320915E+000  0.10982534E+001  0.23880389E+001
  0.77802395E+000  0.89319864E+000  0.10982509E+001  0.23879960E+001
  0.77801684E+000  0.89318838E+000  0.10982479E+001  0.23879592E+001
  0.77800976E+000  0.89317839E+000  0.10982445E+001  0.23879286E+001
  0.77800275E+000  0.89316870E+000  0.10982405E+001  0.23879041E+001
  0.77799583E+000  0.89315931E+000  0.10982361E+001  0.23878859E+001
  0.77798902E+000  0.89315025E+000  0.10982312E+001  0.23878739E+001
  0.77798236E+000  0.89314154E+000  0.10982259E+001  0.23878681E+001
  0.77797586E+000  0.89313319E+000  0.10982201E+001  0.23878685E+001
  0.77796955E+000  0.89312523E+000  0.10982138E+001  0.23878750E+001
  0.77796344E+000  0.89311767E+000  0.10982072E+001  0.23878875E+001
  0.77795757E+000  0.89311054E+000  0.10982001E+001  0.23879058E+001
  0.77795194E+000  0.89310384E+000  0.10981926E+001  0.23879298E+001
  0.77794656E+000  0.89309760E+000  0.10981848E+001  0.23879592E+001
  0.77794147E+000  0.89309184E+000  0.10981766E+001  0.23879940E+001
  0.77793665E+000  0.89308655E+000  0.10981681E+001  0.23880339E+001
  0.77793214E+000  0.89308177E+000  0.10981592E+001  0.23880786E+001
  0.77792793E+000  0.89307748E+000  0.10981501E+001  0.23881280E+001
  0.77792403E+000  0.89307371E+000  0.10981408E+001  0.23881817E+001
  0.77792044E+000  0.89307045E+000  0.10981312E+001  0.23882395E+001
  0.77791717E+000  0.89306770E+000  0.10981214E+001  0.23883012E+001
  0.77791421E+000  0.89306546E+000  0.10981114E+001  0.23883664E+001
  0.77791157E+000  0.89306374E+000  0.10981013E+001  0.23884349E+001
  0.77790924E+000  0.89306251E+000  0.10980911E+001  0.23885065E+001
  0.77790721E+000  0.89306177E+000  0.10980808E+001  0.23885808E+001
  0.77790548E+000  0.89306150E+000  0.10980704E+001  0.23886577E+001
  0.77790404E+000  0.89306169E+000  0.10980600E+001  0.23887368E+001
  0.77790287E+000  0.89306233E+000  0.10980496E+001  0.23888180E+001
  0.77790198E+000  0.89306338E+000  0.10980392E+001  0.23889010E+001
  0.77790135E+000  0.89306483E+000  0.10980289E+001  0.23889855E+001
  0.77790095E+000  0.89306666E+000  0.10980187E+001  0.23890715E+001
  0.77790079E+000  0.89306884E+000  0.10980085E+001  0.23891586E+001
  0.77790084E+000  0.89307135E+000  0.10979985E+001  0.23892468E+001
  0.77790110E+000  0.89307416E+000  0.10979886E+001  0.23893359E+001
  0.77790154E+000  0.89307724E+000  0.10979788E+001  0.23894257E+001
  0.77790216E+000  0.89308057E+000  0.10979693E+001  0.23895161E+001
  0.77790293E+000  0.89308412E+000  0.10979599E+001  0.23896070E+001
  0.77790384E+000  0.89308786E+000  0.10979508E+001  0.23896983E+001
  0.77790488E+000  0.89309177E+000  0.10979419E+001  0.23897900E+001
  0.77790603E+000  0.89309583E+000  0.10979332E+001  0.23898818E+001
  0.77790728E+000  0.89310001E+000  0.10979248E+001  0.23899738E+001
  0.77790862E+000  0.89310428E+000  0.10979166E+001  0.23900660E+001
  0.77791003E+000  0.89310864E+000  0.10979087E+001  0.23901583E+001
  0.77791150E+000  0.89311304E+000  0.10979010E+001  0.23902506E+001
  0.77791302E+000  0.89311748E+000  0.10978937E+001  0.23903430E+001
  0.77791458E+000  0.89312194E+000  0.10978866E+001  0.23904355E+001
  0.77791616E+000  0.89312639E+000  0.10978798E+001  0.23905280E+001
  0.77791777E+000  0.89313084E+000  0.10978733E+001  0.23906205E+001
  0.77791938E+000  0.89313525E+000  0.10978670E+001  0.23907131E+001
  0.77792099E+000  0.89313961E+000  0.10978611E+001  0.23908058E+001
  0.77792260E+000  0.89314393E+000  0.10978554E+001  0.23908985E+001
  0.77792420E+000  0.89314817E+000  0.10978500E+001  0.23909914E+001
  0.77792578E+000  0.89315235E+000  0.10978448E+001  0.23910844E+001
  0.77792734E+000  0.89315643E+000  0.10978400E+001  0.23911775E+001
  0.77792886E+000  0.89316043E+000  0.10978353E+001  0.23912709E+001
  0.77793036E+000  0.89316433E+000  0.10978310E+001  0.23913645E+001
  0.77793182E+000  0.89316813E+000  0.10978269E+001  0.23914583E+001
  0.77793325E+000  0.89317183E+000  0.10978230E+001  0.23915523E+001
  0.77793463E+000  0.89317541E+000  0.10978194E+001  0.23916467E+001
  0.77793597E+000  0.89317889E+000  0.10978160E+001  0.23917413E+001
  0.77793726E+000  0.89318225E+000  0.10978128E+001  0.23918363E+001
  0.77793852E+000  0.89318549E+000  0.10978098E+001  0.23919317E+001
  0.77793972E+000  0.89318862E+000  0.10978070E+001  0.23920274E+001
  0.77794088E+000  0.89319163E+000  0.10978044E+001  0.23921235E+001
  0.77794199E+000  0.89319453E+000  0.10978020E+001  0.23922200E+001
  0.77794306E+000  0.89319732E+000  0.10977998E+001  0.23923169E+001
  0.77794407E+000  0.89319999E+000  0.10977978E+001  0.23924142E+001
  0.77794505E+000  0.89320254E+000  0.10977959E+001  0.23925120E+001
  0.77794597E+000  0.89320499E+000  0.10977942E+001  0.23926101E+001
  0.77794686E+000  0.89320733E+000  0.10977926E+001  0.23927087E+001
  0.77794770E+000  0.89320957E+000  0.10977911E+001  0.23928078E+001
  0.77794849E+000  0.89321170E+000  0.10977898E+001  0.23929072E+001
  0.77794925E+000  0.89321373E+000  0.10977886E+001  0.23930070E+001
  0.77794996E+000  0.89321567E+000  0.10977875E+001  0.23931073E+001
  0.77795064E+000  0.89321751E+000  0.10977865E+001  0.23932079E+001
  0.77795128E+000  0.89321926E+000  0.10977856E+001  0.23933088E+001
  0.77795188E+000  0.89322092E+000  0.10977848E+001  0.23934101E+001
  0.77795244E+000  0.89322249E+000  0.10977841E+001  0.23935117E+001
  0.77795297E+000  0.89322399E+000  0.10977835E+001  0.23936136E+001
  0.77795347E+000  0.89322540E+000  0.10977829E+001  0.23937158E+001
  0.77795394E+000  0.89322674E+000  0.10977824E+001  0.23938182E+001
  0.77795438E+000  0.89322801E+000  0.10977820E+001  0.23939208E+001
  0.77795479E+000  0.89322921E+000  0.10977816E+001  0.23940235E+001
  0.77795517E+000  0.89323034E+000  0.10977813E+001  0.23941264E+001
  0.77795553E+000  0.89323141E+000  0.10977810E+001  0.23942293E+001
  0.77795586E+000  0.89323242E+000  0.10977808E+001  0.23943323E+001
  0.77795617E+000  0.89323337E+000  0.10977806E+001  0.23944353E+001
  0.77795646E+000  0.89323426E+000  0.10977805E+001  0.23945383E+001
  0.77795673E+000  0.89323511E+000  0.10977804E+001  0.23946411E+001
  0.77795697E+000  0.89323590E+000  0.10977803E+001  0.23947439E+001
  0.77795720E+000  0.89323665E+000  0.10977802E+001  0.23948464E+001
  0.77795741E+000  0.89323736E+000  0.10977801E+001  0.23949487E+001
  0.77795761E+000  0.89323802E+000  0.10977801E+001  0.23950508E+001
  0.77795779E+000  0.89323865E+000  0.10977801E+001  0.23951525E+001
  0.77795795E+000  0.89323923E+000  0.10977801E+001  0.23952538E+001
  0.77795810E+000  0.89323978E+000  0.10977801E+001  0.23953548E+001
  0.77795824E+000  0.89324030E+000  0.10977801E+001  0.23954552E+001
  0.77795837E+000  0.89324079E+000  0.10977802E+001  0.23955552E+001
  0.77795848E+000  0.89324125E+000  0.10977802E+001  0.23956545E+001
  0.77795859E+000  0.89324168E+000  0.10977803E+001  0.23957533E+001
  0.77795868E+000  0.89324209E+000  0.10977803E+001  0.23958514E+001
  0.77795877E+000  0.89324247E+000  0.10977804E+001  0.23959488E+001
  0.77795884E+000  0.89324283E+000  0.10977804E+001  0.23960454E+001
  0.77795891E+000  0.89324317E+000  0.10977805E+001  0.23961413E+001
  0.77795897E+000  0.89324349E+000  0.10977805E+001  0.23962363E+001
  0.77795903E+000  0.89324379E+000  0.10977806E+001  0.23963304E+001
  0.77795908E+000  0.89324408E+000  0.10977806E+001  0.23964236E+001
  0.77795912E+000  0.89324435E+000  0.10977807E+001  0.23965159E+001
  0.77795915E+000  0.89324460E+000  0.10977807E+001  0.23966071E+001
  0.77795918E+000  0.89324484E+000  0.10977808E+001  0.23966973E+001
  0.77795921E+000  0.89324507E+000  0.10977808E+001  0.23967865E+001
  0.77795922E+000  0.89324528E+000  0.10977808E+001  0.23968746E+001
  0.77795924E+000  0.89324548E+000  0.10977809E+001  0.23969615E+001
  0.77795925E+000  0.89324567E+000  0.10977809E+001  0.23970473E+001
  0.77795925E+000  0.89324585E+000  0.10977809E+001  0.23971319E+001
  0.77795925E+000  0.89324602E+000  0.10977809E+001  0.23972153E+001
  0.77795925E+000  0.89324617E+000  0.10977809E+001  0.23972975E+001
  0.77795924E+000  0.89324632E+000  0.10977809E+001  0.23973785E+001
  0.77795923E+000  0.89324646E+000  0.10977809E+001  0.23974582E+001
  0.77795922E+000  0.89324658E+000  0.10977809E+001  0.23975366E+001
  0.77795922E+000  0.89324670E+000  0.10977809E+001  0.23976138E+001
  0.77795921E+000  0.89324681E+000  0.10977808E+001  0.23976897E+001
  0.77795921E+000  0.89324690E+000  0.10977808E+001  0.23977644E+001
  0.77795922E+000  0.89324700E+000  0.10977807E+001  0.23978379E+001
  0.77795924E+000  0.89324707E+000  0.10977806E+001  0.23979102E+001
  0.77795929E+000  0.89324715E+000  0.10977807E+001  0.23979819E+001
