 -0.37290538E+000
 -0.37283312E+000
 -0.37256986E+000
 -0.37229958E+000
 -0.37205371E+000
 -0.37183712E+000
 -0.37164772E+000
 -0.37148213E+000
 -0.37133698E+000
 -0.37120929E+000
 -0.37109643E+000
 -0.37099618E+000
 -0.37090663E+000
 -0.37082616E+000
 -0.37075338E+000
 -0.37068712E+000
 -0.37062637E+000
 -0.37057028E+000
 -0.37051809E+000
 -0.37046917E+000
 -0.37042297E+000
 -0.37037902E+000
 -0.37033691E+000
 -0.37029628E+000
 -0.37025680E+000
 -0.37021821E+000
 -0.37018026E+000
 -0.37014275E+000
 -0.37010547E+000
 -0.37006827E+000
 -0.37003101E+000
 -0.36999354E+000
 -0.36995577E+000
 -0.36991759E+000
 -0.36987892E+000
 -0.36983969E+000
 -0.36979985E+000
 -0.36975934E+000
 -0.36971812E+000
 -0.36967618E+000
 -0.36963349E+000
 -0.36959005E+000
 -0.36954585E+000
 -0.36950091E+000
 -0.36945525E+000
 -0.36940889E+000
 -0.36936187E+000
 -0.36931423E+000
 -0.36926602E+000
 -0.36921729E+000
 -0.36916812E+000
 -0.36911857E+000
 -0.36906873E+000
 -0.36901867E+000
 -0.36896850E+000
 -0.36891830E+000
 -0.36886818E+000
 -0.36881825E+000
 -0.36876863E+000
 -0.36871943E+000
 -0.36867077E+000
 -0.36862277E+000
 -0.36857557E+000
 -0.36852930E+000
 -0.36848407E+000
 -0.36844002E+000
 -0.36839728E+000
 -0.36835598E+000
 -0.36831623E+000
 -0.36827816E+000
 -0.36824189E+000
 -0.36820753E+000
 -0.36817517E+000
 -0.36814492E+000
 -0.36811685E+000
 -0.36809106E+000
 -0.36806760E+000
 -0.36804655E+000
 -0.36802794E+000
 -0.36801183E+000
 -0.36799824E+000
 -0.36798718E+000
 -0.36797867E+000
 -0.36797269E+000
 -0.36796924E+000
 -0.36796829E+000
 -0.36796979E+000
 -0.36797370E+000
 -0.36797997E+000
 -0.36798852E+000
 -0.36799929E+000
 -0.36801220E+000
 -0.36802716E+000
 -0.36804408E+000
 -0.36806286E+000
 -0.36808340E+000
 -0.36810560E+000
 -0.36812935E+000
 -0.36815455E+000
 -0.36818110E+000
 -0.36820889E+000
 -0.36823782E+000
 -0.36826778E+000
 -0.36829869E+000
 -0.36833044E+000
 -0.36836295E+000
 -0.36839613E+000
 -0.36842991E+000
 -0.36846420E+000
 -0.36849893E+000
 -0.36853405E+000
 -0.36856949E+000
 -0.36860519E+000
 -0.36864112E+000
 -0.36867721E+000
 -0.36871344E+000
 -0.36874977E+000
 -0.36878616E+000
 -0.36882260E+000
 -0.36885907E+000
 -0.36889553E+000
 -0.36893198E+000
 -0.36896840E+000
 -0.36900479E+000
 -0.36904114E+000
 -0.36907744E+000
 -0.36911368E+000
 -0.36914988E+000
 -0.36918601E+000
 -0.36922210E+000
 -0.36925813E+000
 -0.36929411E+000
 -0.36933004E+000
 -0.36936593E+000
 -0.36940178E+000
 -0.36943758E+000
 -0.36947335E+000
 -0.36950908E+000
 -0.36954478E+000
 -0.36958045E+000
 -0.36961609E+000
 -0.36965171E+000
 -0.36968730E+000
 -0.36972286E+000
 -0.36975840E+000
 -0.36979391E+000
 -0.36982939E+000
 -0.36986484E+000
 -0.36990026E+000
 -0.36993564E+000
 -0.36997098E+000
 -0.37000627E+000
 -0.37004151E+000
 -0.37007669E+000
 -0.37011180E+000
 -0.37014685E+000
 -0.37018181E+000
 -0.37021669E+000
 -0.37025147E+000
 -0.37028614E+000
 -0.37032070E+000
 -0.37035513E+000
 -0.37038942E+000
 -0.37042357E+000
 -0.37045755E+000
 -0.37049137E+000
 -0.37052501E+000
 -0.37055845E+000
 -0.37059169E+000
 -0.37062471E+000
 -0.37065750E+000
 -0.37069005E+000
 -0.37072235E+000
 -0.37075439E+000
 -0.37078615E+000
 -0.37081762E+000
 -0.37084880E+000
 -0.37087967E+000
 -0.37091022E+000
 -0.37094044E+000
 -0.37097032E+000
 -0.37099986E+000
 -0.37102903E+000
 -0.37105784E+000
 -0.37108627E+000
 -0.37111432E+000
 -0.37114198E+000
 -0.37116925E+000
 -0.37119611E+000
 -0.37122256E+000
 -0.37124861E+000
 -0.37127423E+000
 -0.37129944E+000
 -0.37132423E+000
 -0.37134860E+000
 -0.37137257E+000
 -0.37139611E+000
 -0.37141929E+000
 -0.37144205E+000
 -0.37146460E+000
