  0.96798947E+000
  0.96828063E+000
  0.96847888E+000
  0.96863759E+000
  0.96876881E+000
  0.96887800E+000
  0.96896910E+000
  0.96904533E+000
  0.96910920E+000
  0.96916277E+000
  0.96920783E+000
  0.96924583E+000
  0.96927794E+000
  0.96930513E+000
  0.96932822E+000
  0.96934787E+000
  0.96936466E+000
  0.96937906E+000
  0.96939147E+000
  0.96940224E+000
  0.96941164E+000
  0.96941992E+000
  0.96942728E+000
  0.96943390E+000
  0.96943993E+000
  0.96944549E+000
  0.96945069E+000
  0.96945563E+000
  0.96946039E+000
  0.96946505E+000
  0.96946965E+000
  0.96947426E+000
  0.96947892E+000
  0.96948368E+000
  0.96948856E+000
  0.96949360E+000
  0.96949883E+000
  0.96950427E+000
  0.96950993E+000
  0.96951583E+000
  0.96952198E+000
  0.96952839E+000
  0.96953507E+000
  0.96954201E+000
  0.96954922E+000
  0.96955669E+000
  0.96956441E+000
  0.96957237E+000
  0.96958056E+000
  0.96958896E+000
  0.96959755E+000
  0.96960630E+000
  0.96961519E+000
  0.96962420E+000
  0.96963329E+000
  0.96964243E+000
  0.96965160E+000
  0.96966076E+000
  0.96966987E+000
  0.96967891E+000
  0.96968784E+000
  0.96969663E+000
  0.96970525E+000
  0.96971366E+000
  0.96972184E+000
  0.96972976E+000
  0.96973738E+000
  0.96974468E+000
  0.96975162E+000
  0.96975819E+000
  0.96976436E+000
  0.96977010E+000
  0.96977539E+000
  0.96978021E+000
  0.96978454E+000
  0.96978837E+000
  0.96979168E+000
  0.96979445E+000
  0.96979669E+000
  0.96979837E+000
  0.96979950E+000
  0.96980006E+000
  0.96980007E+000
  0.96979952E+000
  0.96979841E+000
  0.96979675E+000
  0.96979456E+000
  0.96979184E+000
  0.96978860E+000
  0.96978487E+000
  0.96978066E+000
  0.96977599E+000
  0.96977088E+000
  0.96976535E+000
  0.96975943E+000
  0.96975313E+000
  0.96974650E+000
  0.96973954E+000
  0.96973229E+000
  0.96972477E+000
  0.96971701E+000
  0.96970904E+000
  0.96970088E+000
  0.96969255E+000
  0.96968407E+000
  0.96967548E+000
  0.96966680E+000
  0.96965804E+000
  0.96964923E+000
  0.96964038E+000
  0.96963152E+000
  0.96962266E+000
  0.96961381E+000
  0.96960500E+000
  0.96959624E+000
  0.96958753E+000
  0.96957889E+000
  0.96957034E+000
  0.96956187E+000
  0.96955351E+000
  0.96954525E+000
  0.96953710E+000
  0.96952907E+000
  0.96952117E+000
  0.96951340E+000
  0.96950577E+000
  0.96949827E+000
  0.96949091E+000
  0.96948369E+000
  0.96947662E+000
  0.96946970E+000
  0.96946292E+000
  0.96945629E+000
  0.96944981E+000
  0.96944348E+000
  0.96943730E+000
  0.96943126E+000
  0.96942538E+000
  0.96941964E+000
  0.96941405E+000
  0.96940860E+000
  0.96940330E+000
  0.96939814E+000
  0.96939312E+000
  0.96938823E+000
  0.96938349E+000
  0.96937888E+000
  0.96937440E+000
  0.96937005E+000
  0.96936583E+000
  0.96936173E+000
  0.96935776E+000
  0.96935391E+000
  0.96935017E+000
  0.96934655E+000
  0.96934304E+000
  0.96933965E+000
  0.96933636E+000
  0.96933317E+000
  0.96933009E+000
  0.96932710E+000
  0.96932421E+000
  0.96932142E+000
  0.96931871E+000
  0.96931610E+000
  0.96931357E+000
  0.96931112E+000
  0.96930876E+000
  0.96930647E+000
  0.96930426E+000
  0.96930212E+000
  0.96930006E+000
  0.96929806E+000
  0.96929613E+000
  0.96929426E+000
  0.96929246E+000
  0.96929072E+000
  0.96928903E+000
  0.96928740E+000
  0.96928583E+000
  0.96928431E+000
  0.96928284E+000
  0.96928142E+000
  0.96928005E+000
  0.96927872E+000
  0.96927744E+000
  0.96927620E+000
  0.96927500E+000
  0.96927385E+000
  0.96927273E+000
  0.96927165E+000
  0.96927060E+000
  0.96926959E+000
  0.96926862E+000
  0.96926767E+000
  0.96926676E+000
  0.96926587E+000
  0.96926500E+000
  0.96926414E+000
  0.96926316E+000
