  0.57251552E+000  0.93885613E+000  0.10752888E+001  0.33602218E+001
  0.57299239E+000  0.93905637E+000  0.10761623E+001  0.33710621E+001
  0.57339473E+000  0.93921859E+000  0.10768572E+001  0.33806723E+001
  0.57373237E+000  0.93935190E+000  0.10774414E+001  0.33888129E+001
  0.57401790E+000  0.93946424E+000  0.10779368E+001  0.33957289E+001
  0.57425913E+000  0.93955871E+000  0.10783570E+001  0.34015934E+001
  0.57446292E+000  0.93963695E+000  0.10787136E+001  0.34065632E+001
  0.57463484E+000  0.93970283E+000  0.10790152E+001  0.34107741E+001
  0.57477978E+000  0.93975837E+000  0.10792701E+001  0.34143414E+001
  0.57490207E+000  0.93980502E+000  0.10794651E+001  0.34171820E+001
  0.57500516E+000  0.93984396E+000  0.10796671E+001  0.34199217E+001
  0.57509190E+000  0.93987656E+000  0.10798204E+001  0.34220881E+001
  0.57516482E+000  0.93990384E+000  0.10799491E+001  0.34239214E+001
  0.57522600E+000  0.93992658E+000  0.10800572E+001  0.34254713E+001
  0.57527715E+000  0.93994549E+000  0.10801478E+001  0.34267802E+001
  0.57531984E+000  0.93996109E+000  0.10802235E+001  0.34278839E+001
  0.57535529E+000  0.93997389E+000  0.10802867E+001  0.34288128E+001
  0.57538459E+000  0.93998423E+000  0.10803392E+001  0.34295928E+001
  0.57540866E+000  0.93999255E+000  0.10803825E+001  0.34302457E+001
  0.57542827E+000  0.93999912E+000  0.10804180E+001  0.34307903E+001
  0.57544409E+000  0.94000421E+000  0.10804468E+001  0.34312425E+001
  0.57545662E+000  0.94000807E+000  0.10804700E+001  0.34316156E+001
  0.57546639E+000  0.94001084E+000  0.10804884E+001  0.34319214E+001
  0.57547382E+000  0.94001267E+000  0.10805026E+001  0.34321697E+001
  0.57547927E+000  0.94001368E+000  0.10805134E+001  0.34323691E+001
  0.57548303E+000  0.94001399E+000  0.10805212E+001  0.34325267E+001
  0.57548537E+000  0.94001371E+000  0.10805265E+001  0.34326490E+001
  0.57548652E+000  0.94001291E+000  0.10805297E+001  0.34327411E+001
  0.57548667E+000  0.94001168E+000  0.10805311E+001  0.34328079E+001
  0.55808339E+000  0.93557330E+000  0.10805309E+001  0.34328533E+001
  0.57548463E+000  0.94000814E+000  0.10805294E+001  0.34328807E+001
  0.57548272E+000  0.94000594E+000  0.10805269E+001  0.34328931E+001
  0.57548037E+000  0.94000351E+000  0.10805235E+001  0.34328931E+001
  0.57547768E+000  0.94000089E+000  0.10805193E+001  0.34328829E+001
  0.57547474E+000  0.93999813E+000  0.10805146E+001  0.34328643E+001
  0.57547161E+000  0.93999524E+000  0.10805094E+001  0.34328389E+001
  0.57546836E+000  0.93999225E+000  0.10805037E+001  0.34328081E+001
  0.57546505E+000  0.93998920E+000  0.10804978E+001  0.34327731E+001
  0.57546172E+000  0.93998610E+000  0.10804916E+001  0.34327348E+001
  0.57545840E+000  0.93998298E+000  0.10804853E+001  0.34326941E+001
  0.57545514E+000  0.93997986E+000  0.10804789E+001  0.34326515E+001
  0.57545196E+000  0.93997674E+000  0.10804724E+001  0.34326078E+001
  0.57544888E+000  0.93997366E+000  0.10804659E+001  0.34325634E+001
  0.57544591E+000  0.93997063E+000  0.10804594E+001  0.34325187E+001
  0.57544307E+000  0.93996764E+000  0.10804530E+001  0.34324741E+001
  0.57544037E+000  0.93996473E+000  0.10804467E+001  0.34324297E+001
  0.57543780E+000  0.93996189E+000  0.10804404E+001  0.34323860E+001
  0.57543538E+000  0.93995913E+000  0.10804343E+001  0.34323430E+001
  0.57543310E+000  0.93995645E+000  0.10804283E+001  0.34323011E+001
  0.57543096E+000  0.93995386E+000  0.10804226E+001  0.34322604E+001
  0.57542896E+000  0.93995136E+000  0.10804170E+001  0.34322210E+001
  0.57542709E+000  0.93994895E+000  0.10804116E+001  0.34321830E+001
  0.57542535E+000  0.93994662E+000  0.10804065E+001  0.34321468E+001
  0.57542372E+000  0.93994438E+000  0.10804016E+001  0.34321123E+001
  0.57542222E+000  0.93994221E+000  0.10803970E+001  0.34320797E+001
  0.57542083E+000  0.93994012E+000  0.10803927E+001  0.34320492E+001
  0.57541955E+000  0.93993810E+000  0.10803887E+001  0.34320208E+001
  0.57541838E+000  0.93993615E+000  0.10803850E+001  0.34319948E+001
  0.57541731E+000  0.93993427E+000  0.10803817E+001  0.34319712E+001
  0.57541634E+000  0.93993245E+000  0.10803787E+001  0.34319501E+001
  0.57541548E+000  0.93993070E+000  0.10803761E+001  0.34319318E+001
  0.57541472E+000  0.93992902E+000  0.10803739E+001  0.34319162E+001
  0.57541407E+000  0.93992739E+000  0.10803722E+001  0.34319036E+001
  0.57541353E+000  0.93992584E+000  0.10803709E+001  0.34318939E+001
  0.57541310E+000  0.93992436E+000  0.10803700E+001  0.34318874E+001
  0.57541278E+000  0.93992296E+000  0.10803697E+001  0.34318841E+001
  0.57541259E+000  0.93992163E+000  0.10803698E+001  0.34318842E+001
  0.57541253E+000  0.93992039E+000  0.10803704E+001  0.34318876E+001
  0.57541260E+000  0.93991924E+000  0.10803717E+001  0.34318945E+001
  0.57541280E+000  0.93991818E+000  0.10801437E+001  0.34299255E+001
  0.57541315E+000  0.93991722E+000  0.10801517E+001  0.34299888E+001
  0.57541365E+000  0.93991636E+000  0.10801599E+001  0.34300525E+001
  0.57541430E+000  0.93991562E+000  0.10801684E+001  0.34301166E+001
  0.57541511E+000  0.93991500E+000  0.10801770E+001  0.34301809E+001
  0.57541608E+000  0.93991450E+000  0.10803911E+001  0.34320116E+001
  0.57541722E+000  0.93991412E+000  0.10803965E+001  0.34320439E+001
  0.57541853E+000  0.93991386E+000  0.10804025E+001  0.34320799E+001
  0.57542003E+000  0.93991374E+000  0.10804091E+001  0.34321194E+001
  0.57542171E+000  0.93991375E+000  0.10804165E+001  0.34321624E+001
  0.57542358E+000  0.93991389E+000  0.10804244E+001  0.34322089E+001
  0.57542563E+000  0.93991417E+000  0.10804330E+001  0.34322588E+001
  0.57542788E+000  0.93991460E+000  0.10804422E+001  0.34323119E+001
  0.57543033E+000  0.93991516E+000  0.10804521E+001  0.34323682E+001
  0.57543296E+000  0.93991586E+000  0.10804627E+001  0.34324275E+001
  0.57543579E+000  0.93991671E+000  0.10804738E+001  0.34324898E+001
  0.57543881E+000  0.93991769E+000  0.10804856E+001  0.34325548E+001
  0.57544203E+000  0.93991882E+000  0.10804979E+001  0.34326224E+001
  0.57544543E+000  0.93992008E+000  0.10805109E+001  0.34326925E+001
  0.57544903E+000  0.93992148E+000  0.10805244E+001  0.34327649E+001
  0.57545280E+000  0.93992301E+000  0.10805385E+001  0.34328394E+001
  0.57545676E+000  0.93992468E+000  0.10805532E+001  0.34329160E+001
  0.57546089E+000  0.93992647E+000  0.10805683E+001  0.34329945E+001
  0.57546520E+000  0.93992838E+000  0.10805839E+001  0.34330747E+001
  0.57546966E+000  0.93993042E+000  0.10806000E+001  0.34331565E+001
  0.57547429E+000  0.93993256E+000  0.10806165E+001  0.34332397E+001
  0.57547906E+000  0.93993482E+000  0.10806335E+001  0.34333241E+001
  0.57548398E+000  0.93993718E+000  0.10806508E+001  0.34334098E+001
  0.57548904E+000  0.93993964E+000  0.10806685E+001  0.34334964E+001
  0.57549422E+000  0.93994219E+000  0.10806865E+001  0.34335841E+001
  0.57549951E+000  0.93994483E+000  0.10807048E+001  0.34336725E+001
  0.57550492E+000  0.93994754E+000  0.10807233E+001  0.34337617E+001
  0.57551043E+000  0.93995033E+000  0.10807421E+001  0.34338515E+001
  0.57551602E+000  0.93995319E+000  0.10807611E+001  0.34339420E+001
  0.57552169E+000  0.93995611E+000  0.10807802E+001  0.34340329E+001
  0.57552744E+000  0.93995908E+000  0.10807995E+001  0.34341244E+001
  0.57553324E+000  0.93996209E+000  0.10808188E+001  0.34342163E+001
  0.57553909E+000  0.93996515E+000  0.10808383E+001  0.34343086E+001
  0.57554499E+000  0.93996824E+000  0.10808577E+001  0.34344013E+001
  0.57555091E+000  0.93997136E+000  0.10808772E+001  0.34344944E+001
  0.57555685E+000  0.93997450E+000  0.10808967E+001  0.34345878E+001
  0.57556280E+000  0.93997766E+000  0.10809161E+001  0.34346817E+001
  0.57556875E+000  0.93998082E+000  0.10809354E+001  0.34347760E+001
  0.57557469E+000  0.93998399E+000  0.10809547E+001  0.34348707E+001
  0.57558061E+000  0.93998715E+000  0.10809738E+001  0.34349659E+001
  0.57558651E+000  0.93999031E+000  0.10809927E+001  0.34350616E+001
  0.57559237E+000  0.93999346E+000  0.10810115E+001  0.34351578E+001
  0.57559819E+000  0.93999658E+000  0.10810301E+001  0.34352545E+001
  0.57560396E+000  0.93999969E+000  0.10810485E+001  0.34353519E+001
  0.57560967E+000  0.94000277E+000  0.10810613E+001  0.34354046E+001
  0.57561532E+000  0.94000581E+000  0.10810693E+001  0.34354187E+001
  0.57562089E+000  0.94000882E+000  0.10810771E+001  0.34354342E+001
  0.57562639E+000  0.94001180E+000  0.10810847E+001  0.34354512E+001
  0.57563180E+000  0.94001473E+000  0.10811365E+001  0.34358494E+001
  0.57563713E+000  0.94001761E+000  0.10811532E+001  0.34359513E+001
  0.57564237E+000  0.94002045E+000  0.10811696E+001  0.34360542E+001
  0.57564751E+000  0.94002324E+000  0.10811857E+001  0.34361580E+001
  0.57565254E+000  0.94002597E+000  0.10812014E+001  0.34362627E+001
  0.57565748E+000  0.94002865E+000  0.10812168E+001  0.34363685E+001
  0.57566231E+000  0.94003127E+000  0.10812318E+001  0.34364754E+001
  0.57566703E+000  0.94003383E+000  0.10812465E+001  0.34365833E+001
  0.57567163E+000  0.94003634E+000  0.10812608E+001  0.34366924E+001
  0.57567613E+000  0.94003878E+000  0.10812747E+001  0.34368026E+001
  0.57568051E+000  0.94004116E+000  0.10812883E+001  0.34369139E+001
  0.57568477E+000  0.94004348E+000  0.10813015E+001  0.34370264E+001
  0.57568892E+000  0.94004573E+000  0.10813143E+001  0.34371400E+001
  0.57569296E+000  0.94004793E+000  0.10813267E+001  0.34372548E+001
  0.57569687E+000  0.94005005E+000  0.10813388E+001  0.34373708E+001
  0.57570067E+000  0.94005212E+000  0.10813505E+001  0.34374880E+001
  0.57570436E+000  0.94005412E+000  0.10813618E+001  0.34376063E+001
  0.57570793E+000  0.94005606E+000  0.10813728E+001  0.34377258E+001
  0.57571138E+000  0.94005793E+000  0.10813834E+001  0.34378464E+001
  0.57571472E+000  0.94005975E+000  0.10813937E+001  0.34379681E+001
  0.57571795E+000  0.94006150E+000  0.10814036E+001  0.34380909E+001
  0.57572107E+000  0.94006319E+000  0.10814131E+001  0.34382147E+001
  0.57572409E+000  0.94006483E+000  0.10814224E+001  0.34383396E+001
  0.57572699E+000  0.94006640E+000  0.10814313E+001  0.34384654E+001
  0.57572979E+000  0.94006792E+000  0.10814398E+001  0.34385922E+001
  0.57573249E+000  0.94006938E+000  0.10814481E+001  0.34387199E+001
  0.57573509E+000  0.94007079E+000  0.10814561E+001  0.34388485E+001
  0.57573759E+000  0.94007214E+000  0.10814637E+001  0.34389779E+001
  0.57574000E+000  0.94007344E+000  0.10814711E+001  0.34391080E+001
  0.57574231E+000  0.94007469E+000  0.10814781E+001  0.34392388E+001
  0.57574453E+000  0.94007589E+000  0.10814849E+001  0.34393702E+001
  0.57574667E+000  0.94007704E+000  0.10814915E+001  0.34395023E+001
  0.57574872E+000  0.94007815E+000  0.10814978E+001  0.34396348E+001
  0.57575068E+000  0.94007921E+000  0.10815038E+001  0.34397678E+001
  0.57575257E+000  0.94008023E+000  0.10815095E+001  0.34399012E+001
  0.57575438E+000  0.94008120E+000  0.10815151E+001  0.34400348E+001
  0.57575611E+000  0.94008213E+000  0.10815204E+001  0.34401688E+001
  0.57575778E+000  0.94008303E+000  0.10815255E+001  0.34403028E+001
  0.57575937E+000  0.94008389E+000  0.10815304E+001  0.34404370E+001
  0.57576089E+000  0.94008471E+000  0.10815351E+001  0.34405712E+001
  0.57576235E+000  0.94008549E+000  0.10815396E+001  0.34407053E+001
  0.57576375E+000  0.94008624E+000  0.10815438E+001  0.34408393E+001
  0.57576509E+000  0.94008696E+000  0.10815480E+001  0.34409731E+001
  0.57576637E+000  0.94008765E+000  0.10815519E+001  0.34411066E+001
  0.57576759E+000  0.94008831E+000  0.10815557E+001  0.34412398E+001
  0.57576876E+000  0.94008894E+000  0.10815593E+001  0.34413725E+001
  0.57576989E+000  0.94008954E+000  0.10815628E+001  0.34415047E+001
  0.57577096E+000  0.94009012E+000  0.10815661E+001  0.34416363E+001
  0.57577198E+000  0.94009067E+000  0.10815693E+001  0.34417673E+001
  0.57577297E+000  0.94009120E+000  0.10815723E+001  0.34418976E+001
  0.57577390E+000  0.94009170E+000  0.10815752E+001  0.34420271E+001
  0.57577480E+000  0.94009218E+000  0.10815780E+001  0.34421557E+001
  0.57577566E+000  0.94009264E+000  0.10815807E+001  0.34422833E+001
  0.57577649E+000  0.94009309E+000  0.10815833E+001  0.34424100E+001
  0.57577727E+000  0.94009351E+000  0.10815857E+001  0.34425357E+001
  0.57577803E+000  0.94009391E+000  0.10815881E+001  0.34426602E+001
  0.57577875E+000  0.94009430E+000  0.10815904E+001  0.34427835E+001
  0.57577944E+000  0.94009467E+000  0.10815925E+001  0.34429057E+001
  0.57578010E+000  0.94009503E+000  0.10815946E+001  0.34430265E+001
  0.57578074E+000  0.94009537E+000  0.10815966E+001  0.34431460E+001
  0.57578134E+000  0.94009570E+000  0.10815985E+001  0.34432641E+001
  0.57578193E+000  0.94009601E+000  0.10816004E+001  0.34433808E+001
  0.57578249E+000  0.94009631E+000  0.10816021E+001  0.34434961E+001
  0.57578302E+000  0.94009660E+000  0.10816038E+001  0.34436098E+001
  0.57578354E+000  0.94009688E+000  0.10816055E+001  0.34437220E+001
  0.57578403E+000  0.94009715E+000  0.10816071E+001  0.34438326E+001
  0.57578451E+000  0.94009741E+000  0.10816086E+001  0.34439416E+001
  0.57578497E+000  0.94009765E+000  0.10816100E+001  0.34440490E+001
  0.57578541E+000  0.94009789E+000  0.10816115E+001  0.34441547E+001
  0.57578584E+000  0.94009812E+000  0.10816128E+001  0.34442588E+001
  0.57578625E+000  0.94009835E+000  0.10816142E+001  0.34443612E+001
  0.57578666E+000  0.94009857E+000  0.10816155E+001  0.34444619E+001
  0.57578705E+000  0.94009878E+000  0.10816167E+001  0.34445610E+001
  0.57578743E+000  0.94009898E+000  0.10816180E+001  0.34446584E+001
  0.57578781E+000  0.94009918E+000  0.10816192E+001  0.34447543E+001
  0.57578818E+000  0.94009938E+000  0.10816204E+001  0.34448487E+001
  0.57578858E+000  0.94009958E+000  0.10816216E+001  0.34449419E+001
  0.57578892E+000  0.94009975E+000  0.10816228E+001  0.34450351E+001
