 -0.47077723E-001  0.61853225E-001  0.14542415E+001  0.42332906E+002
 -0.47180226E-001  0.61718388E-001  0.14523646E+001  0.42301801E+002
 -0.47257820E-001  0.61609878E-001  0.14507986E+001  0.42274884E+002
 -0.47315401E-001  0.61520874E-001  0.14494882E+001  0.42251704E+002
 -0.47357027E-001  0.61447470E-001  0.14483856E+001  0.42231705E+002
 -0.47386083E-001  0.61386752E-001  0.14474517E+001  0.42214415E+002
 -0.47405329E-001  0.61336373E-001  0.14466583E+001  0.42199424E+002
 -0.47417002E-001  0.61294411E-001  0.14459823E+001  0.42186383E+002
 -0.47422902E-001  0.61259308E-001  0.14454044E+001  0.42174992E+002
 -0.47424465E-001  0.61229765E-001  0.14449090E+001  0.42165000E+002
 -0.47422830E-001  0.61204702E-001  0.14444826E+001  0.42156193E+002
 -0.47418898E-001  0.61183255E-001  0.14441143E+001  0.42148388E+002
 -0.47413375E-001  0.61164731E-001  0.14437947E+001  0.42141432E+002
 -0.47406811E-001  0.61148564E-001  0.14435159E+001  0.42135194E+002
 -0.47399632E-001  0.61134293E-001  0.14432713E+001  0.42129563E+002
 -0.47392161E-001  0.61121543E-001  0.14430553E+001  0.42124445E+002
 -0.47384644E-001  0.61110009E-001  0.14428631E+001  0.42119758E+002
 -0.47377262E-001  0.61099438E-001  0.14426907E+001  0.42115433E+002
 -0.47370146E-001  0.61089625E-001  0.14425347E+001  0.42111412E+002
 -0.47363386E-001  0.61080400E-001  0.14423921E+001  0.42107643E+002
 -0.47357044E-001  0.61071622E-001  0.14422603E+001  0.42104083E+002
 -0.47351155E-001  0.61063173E-001  0.14421372E+001  0.42100693E+002
 -0.47345736E-001  0.61054955E-001  0.14420209E+001  0.42097440E+002
 -0.47340791E-001  0.61046883E-001  0.14419098E+001  0.42094296E+002
 -0.47336310E-001  0.61038885E-001  0.14418024E+001  0.42091236E+002
 -0.47332279E-001  0.61030899E-001  0.14416974E+001  0.42088237E+002
 -0.47328673E-001  0.61022871E-001  0.14415938E+001  0.42085280E+002
 -0.47325468E-001  0.61014751E-001  0.14414906E+001  0.42082349E+002
 -0.47322634E-001  0.61006496E-001  0.14413868E+001  0.42079428E+002
 -0.47320140E-001  0.60998065E-001  0.14412817E+001  0.42076503E+002
 -0.47317955E-001  0.60989422E-001  0.14411746E+001  0.42073564E+002
 -0.47316048E-001  0.60980533E-001  0.14410649E+001  0.42070600E+002
 -0.47314388E-001  0.60971367E-001  0.14409520E+001  0.42067601E+002
 -0.47312944E-001  0.60961893E-001  0.14408355E+001  0.42064561E+002
 -0.47311690E-001  0.60952085E-001  0.14407148E+001  0.42061472E+002
 -0.47310599E-001  0.60941918E-001  0.14405896E+001  0.42058329E+002
 -0.47309646E-001  0.60931371E-001  0.14404597E+001  0.42055127E+002
 -0.47308810E-001  0.60920427E-001  0.14403248E+001  0.42051861E+002
 -0.47308069E-001  0.60909072E-001  0.14401847E+001  0.42048530E+002
 -0.47307406E-001  0.60897299E-001  0.14400393E+001  0.42045131E+002
 -0.47306804E-001  0.60885104E-001  0.14398886E+001  0.42041663E+002
 -0.47306249E-001  0.60872493E-001  0.14397326E+001  0.42038126E+002
 -0.47305728E-001  0.60859478E-001  0.14395715E+001  0.42034518E+002
 -0.47305229E-001  0.60846078E-001  0.14394054E+001  0.42030843E+002
 -0.47304743E-001  0.60832322E-001  0.14392346E+001  0.42027101E+002
 -0.47304259E-001  0.60818248E-001  0.14390594E+001  0.42023294E+002
 -0.47303770E-001  0.60803901E-001  0.14388804E+001  0.42019427E+002
 -0.47303267E-001  0.60789333E-001  0.14386979E+001  0.42015503E+002
 -0.47302743E-001  0.60774607E-001  0.14385125E+001  0.42011527E+002
 -0.47302191E-001  0.60759791E-001  0.14383249E+001  0.42007503E+002
 -0.47301603E-001  0.60744955E-001  0.14381358E+001  0.42003438E+002
 -0.47300973E-001  0.60730179E-001  0.14379459E+001  0.41999338E+002
 -0.47300294E-001  0.60715542E-001  0.14377559E+001  0.41995211E+002
 -0.47299559E-001  0.60701127E-001  0.14375668E+001  0.41991063E+002
 -0.47298761E-001  0.60687015E-001  0.14373793E+001  0.41986904E+002
 -0.47297894E-001  0.60673291E-001  0.14371943E+001  0.41982741E+002
 -0.47296953E-001  0.60660034E-001  0.14370127E+001  0.41978585E+002
 -0.47295932E-001  0.60647327E-001  0.14368353E+001  0.41974444E+002
 -0.47294825E-001  0.60635246E-001  0.14366631E+001  0.41970329E+002
 -0.47293628E-001  0.60623869E-001  0.14364968E+001  0.41966250E+002
 -0.47292337E-001  0.60613269E-001  0.14363374E+001  0.41962217E+002
 -0.47290948E-001  0.60603517E-001  0.14361857E+001  0.41958242E+002
 -0.47289458E-001  0.60594681E-001  0.14360426E+001  0.41954335E+002
 -0.47287865E-001  0.60586827E-001  0.14359087E+001  0.41950507E+002
 -0.47286167E-001  0.60580016E-001  0.14357850E+001  0.41946770E+002
 -0.47284363E-001  0.60574309E-001  0.14356721E+001  0.41943134E+002
 -0.47282451E-001  0.60569759E-001  0.14355708E+001  0.41939611E+002
 -0.47280431E-001  0.60566419E-001  0.14354818E+001  0.41936210E+002
 -0.47278304E-001  0.60564336E-001  0.14354058E+001  0.41932943E+002
 -0.47276070E-001  0.60563551E-001  0.14353434E+001  0.41929820E+002
 -0.47273729E-001  0.60564104E-001  0.14352952E+001  0.41926850E+002
 -0.47271283E-001  0.60566024E-001  0.14352616E+001  0.41924041E+002
 -0.47268734E-001  0.60569340E-001  0.14352432E+001  0.41921404E+002
 -0.47266083E-001  0.60574069E-001  0.14352404E+001  0.41918946E+002
 -0.47263333E-001  0.60580227E-001  0.14352536E+001  0.41916674E+002
 -0.47260488E-001  0.60587819E-001  0.14352830E+001  0.41914594E+002
 -0.47257549E-001  0.60596845E-001  0.14353290E+001  0.41912714E+002
 -0.47254521E-001  0.60607297E-001  0.14353916E+001  0.41911037E+002
 -0.47251408E-001  0.60619160E-001  0.14354711E+001  0.41909568E+002
 -0.47248213E-001  0.60632413E-001  0.14355674E+001  0.41908310E+002
 -0.47244941E-001  0.60647025E-001  0.14356804E+001  0.41907265E+002
 -0.47241596E-001  0.60662960E-001  0.14358101E+001  0.41906435E+002
 -0.47238185E-001  0.60680175E-001  0.14359564E+001  0.41905821E+002
 -0.47234712E-001  0.60698620E-001  0.14361189E+001  0.41905421E+002
 -0.47231183E-001  0.60718238E-001  0.14362973E+001  0.41905235E+002
 -0.47227604E-001  0.60738967E-001  0.14364913E+001  0.41905261E+002
 -0.47223982E-001  0.60760739E-001  0.14367004E+001  0.41905496E+002
 -0.47220321E-001  0.60783483E-001  0.14369241E+001  0.41905935E+002
 -0.47216630E-001  0.60807120E-001  0.14371618E+001  0.41906574E+002
 -0.47212913E-001  0.60831573E-001  0.14374130E+001  0.41907409E+002
 -0.47209178E-001  0.60856756E-001  0.14376769E+001  0.41908433E+002
 -0.47205431E-001  0.60882585E-001  0.14379529E+001  0.41909639E+002
 -0.47201680E-001  0.60908972E-001  0.14382402E+001  0.41911022E+002
 -0.47197929E-001  0.60935829E-001  0.14385381E+001  0.41912574E+002
 -0.47194187E-001  0.60963068E-001  0.14388457E+001  0.41914287E+002
 -0.47190459E-001  0.60990601E-001  0.14391622E+001  0.41916153E+002
 -0.47186752E-001  0.61018339E-001  0.14394867E+001  0.41918164E+002
 -0.47183072E-001  0.61046198E-001  0.14398184E+001  0.41920313E+002
 -0.47179424E-001  0.61074095E-001  0.14401565E+001  0.41922590E+002
 -0.47175815E-001  0.61101948E-001  0.14405000E+001  0.41924988E+002
 -0.47172249E-001  0.61129681E-001  0.14408482E+001  0.41927498E+002
 -0.47168733E-001  0.61157219E-001  0.14412000E+001  0.41930113E+002
 -0.47165270E-001  0.61184492E-001  0.14415547E+001  0.41932824E+002
 -0.47161865E-001  0.61211436E-001  0.14419115E+001  0.41935625E+002
 -0.47158523E-001  0.61237988E-001  0.14422695E+001  0.41938507E+002
 -0.47155247E-001  0.61264093E-001  0.14426279E+001  0.41941464E+002
 -0.47152040E-001  0.61289701E-001  0.14429860E+001  0.41944490E+002
 -0.47148907E-001  0.61314764E-001  0.14433430E+001  0.41947578E+002
 -0.47145849E-001  0.61339242E-001  0.14436983E+001  0.41950722E+002
 -0.47142870E-001  0.61363098E-001  0.14440510E+001  0.41953917E+002
 -0.47139971E-001  0.61386303E-001  0.14444007E+001  0.41957159E+002
 -0.47137154E-001  0.61408829E-001  0.14447467E+001  0.41960441E+002
 -0.47134421E-001  0.61430655E-001  0.14450884E+001  0.41963761E+002
 -0.47131772E-001  0.61451765E-001  0.14454253E+001  0.41967115E+002
 -0.47129209E-001  0.61472146E-001  0.14457570E+001  0.41970499E+002
 -0.47126732E-001  0.61491789E-001  0.14460828E+001  0.41973909E+002
 -0.47124341E-001  0.61510690E-001  0.14464026E+001  0.41977345E+002
 -0.47122036E-001  0.61528848E-001  0.14467158E+001  0.41980802E+002
 -0.47119817E-001  0.61546265E-001  0.14470221E+001  0.41984280E+002
 -0.47117683E-001  0.61562946E-001  0.14473213E+001  0.41987776E+002
 -0.47115634E-001  0.61578899E-001  0.14476131E+001  0.41991289E+002
 -0.47113668E-001  0.61594136E-001  0.14478972E+001  0.41994818E+002
 -0.47111785E-001  0.61608667E-001  0.14481736E+001  0.41998361E+002
 -0.47109983E-001  0.61622509E-001  0.14484419E+001  0.42001918E+002
 -0.47108260E-001  0.61635676E-001  0.14487021E+001  0.42005488E+002
 -0.47106615E-001  0.61648186E-001  0.14489542E+001  0.42009070E+002
 -0.47105046E-001  0.61660058E-001  0.14491980E+001  0.42012664E+002
 -0.47103551E-001  0.61671312E-001  0.14494335E+001  0.42016270E+002
 -0.47102129E-001  0.61681968E-001  0.14496607E+001  0.42019887E+002
 -0.47100777E-001  0.61692045E-001  0.14498797E+001  0.42023515E+002
 -0.47099493E-001  0.61701567E-001  0.14500904E+001  0.42027153E+002
 -0.47098274E-001  0.61710554E-001  0.14502930E+001  0.42030802E+002
 -0.47097120E-001  0.61719028E-001  0.14504876E+001  0.42034461E+002
 -0.47096027E-001  0.61727011E-001  0.14506742E+001  0.42038130E+002
 -0.47094992E-001  0.61734524E-001  0.14508530E+001  0.42041809E+002
 -0.47094015E-001  0.61741588E-001  0.14510241E+001  0.42045498E+002
 -0.47093092E-001  0.61748224E-001  0.14511877E+001  0.42049196E+002
 -0.47092222E-001  0.61754453E-001  0.14513439E+001  0.42052902E+002
 -0.47091402E-001  0.61760295E-001  0.14514930E+001  0.42056618E+002
 -0.47090629E-001  0.61765770E-001  0.14516351E+001  0.42060341E+002
 -0.47089902E-001  0.61770898E-001  0.14517704E+001  0.42064072E+002
 -0.47089219E-001  0.61775695E-001  0.14518991E+001  0.42067811E+002
 -0.47088576E-001  0.61780182E-001  0.14520215E+001  0.42071556E+002
 -0.47087973E-001  0.61784375E-001  0.14521377E+001  0.42075307E+002
 -0.47087408E-001  0.61788291E-001  0.14522480E+001  0.42079063E+002
 -0.47086877E-001  0.61791946E-001  0.14523526E+001  0.42082824E+002
 -0.47086380E-001  0.61795356E-001  0.14524517E+001  0.42086588E+002
 -0.47085914E-001  0.61798537E-001  0.14525456E+001  0.42090356E+002
 -0.47085478E-001  0.61801501E-001  0.14526344E+001  0.42094125E+002
 -0.47085070E-001  0.61804264E-001  0.14527183E+001  0.42097895E+002
 -0.47084688E-001  0.61806839E-001  0.14527977E+001  0.42101665E+002
 -0.47084331E-001  0.61809237E-001  0.14528727E+001  0.42105434E+002
 -0.47083997E-001  0.61811470E-001  0.14529434E+001  0.42109201E+002
 -0.47083684E-001  0.61813551E-001  0.14530102E+001  0.42112964E+002
 -0.47083392E-001  0.61815489E-001  0.14530732E+001  0.42116722E+002
 -0.47083119E-001  0.61817295E-001  0.14531327E+001  0.42120475E+002
 -0.47082863E-001  0.61818979E-001  0.14531887E+001  0.42124220E+002
 -0.47082624E-001  0.61820550E-001  0.14532415E+001  0.42127956E+002
 -0.47082401E-001  0.61822015E-001  0.14532912E+001  0.42131682E+002
 -0.47082191E-001  0.61823384E-001  0.14533381E+001  0.42135397E+002
 -0.47081994E-001  0.61824664E-001  0.14533823E+001  0.42139099E+002
 -0.47081810E-001  0.61825861E-001  0.14534239E+001  0.42142787E+002
 -0.47081637E-001  0.61826984E-001  0.14534631E+001  0.42146460E+002
 -0.47081475E-001  0.61828037E-001  0.14535001E+001  0.42150115E+002
 -0.47081322E-001  0.61829026E-001  0.14535350E+001  0.42153751E+002
 -0.47081177E-001  0.61829958E-001  0.14535678E+001  0.42157368E+002
 -0.47081041E-001  0.61830836E-001  0.14535989E+001  0.42160963E+002
 -0.47080913E-001  0.61831667E-001  0.14536281E+001  0.42164535E+002
 -0.47080791E-001  0.61832453E-001  0.14536558E+001  0.42168083E+002
 -0.47080676E-001  0.61833200E-001  0.14536819E+001  0.42171605E+002
 -0.47080567E-001  0.61833910E-001  0.14537066E+001  0.42175100E+002
 -0.47080462E-001  0.61834587E-001  0.14537300E+001  0.42178566E+002
 -0.47080363E-001  0.61835235E-001  0.14537522E+001  0.42182003E+002
 -0.47080268E-001  0.61835856E-001  0.14537732E+001  0.42185408E+002
 -0.47080177E-001  0.61836452E-001  0.14537931E+001  0.42188782E+002
 -0.47080089E-001  0.61837027E-001  0.14538120E+001  0.42192121E+002
 -0.47080005E-001  0.61837582E-001  0.14538300E+001  0.42195426E+002
 -0.47079924E-001  0.61838119E-001  0.14538471E+001  0.42198694E+002
 -0.47079846E-001  0.61838641E-001  0.14538635E+001  0.42201926E+002
 -0.47079770E-001  0.61839149E-001  0.14538791E+001  0.42205120E+002
 -0.47079697E-001  0.61839646E-001  0.14538940E+001  0.42208274E+002
 -0.47079626E-001  0.61840131E-001  0.14539082E+001  0.42211388E+002
 -0.47079556E-001  0.61840607E-001  0.14539219E+001  0.42214462E+002
 -0.47079488E-001  0.61841076E-001  0.14539350E+001  0.42217493E+002
 -0.47079422E-001  0.61841539E-001  0.14539477E+001  0.42220482E+002
 -0.47079356E-001  0.61841997E-001  0.14539598E+001  0.42223428E+002
 -0.47079292E-001  0.61842452E-001  0.14539716E+001  0.42226329E+002
 -0.47079229E-001  0.61842905E-001  0.14539829E+001  0.42229186E+002
 -0.47079166E-001  0.61843357E-001  0.14539940E+001  0.42231998E+002
 -0.47079103E-001  0.61843810E-001  0.14540047E+001  0.42234765E+002
 -0.47079041E-001  0.61844266E-001  0.14540152E+001  0.42237486E+002
 -0.47078978E-001  0.61844725E-001  0.14540254E+001  0.42240161E+002
 -0.47078914E-001  0.61845188E-001  0.14540355E+001  0.42242790E+002
 -0.47078850E-001  0.61845657E-001  0.14540455E+001  0.42245372E+002
 -0.47078783E-001  0.61846131E-001  0.14540554E+001  0.42247909E+002
 -0.47078715E-001  0.61846612E-001  0.14540653E+001  0.42250401E+002
 -0.47078642E-001  0.61847097E-001  0.14540751E+001  0.42252847E+002
 -0.47078564E-001  0.61847589E-001  0.14540850E+001  0.42255249E+002
 -0.47078479E-001  0.61848072E-001  0.14540948E+001  0.42257608E+002
 -0.47078377E-001  0.61848593E-001  0.14541051E+001  0.42259930E+002
