  0.88984888E+000
  0.89010336E+000
  0.89027663E+000
  0.89041534E+000
  0.89053002E+000
  0.89062545E+000
  0.89070508E+000
  0.89077171E+000
  0.89082753E+000
  0.89087435E+000
  0.89091373E+000
  0.89094694E+000
  0.89097500E+000
  0.89099877E+000
  0.89101895E+000
  0.89103612E+000
  0.89105079E+000
  0.89106338E+000
  0.89107423E+000
  0.89108364E+000
  0.89109186E+000
  0.89109909E+000
  0.89110553E+000
  0.89111131E+000
  0.89111658E+000
  0.89112144E+000
  0.89112599E+000
  0.89113031E+000
  0.89113447E+000
  0.89113853E+000
  0.89114256E+000
  0.89114659E+000
  0.89115066E+000
  0.89115482E+000
  0.89115909E+000
  0.89116349E+000
  0.89116806E+000
  0.89117281E+000
  0.89117776E+000
  0.89118292E+000
  0.89118829E+000
  0.89119390E+000
  0.89119973E+000
  0.89120580E+000
  0.89121210E+000
  0.89121863E+000
  0.89122538E+000
  0.89123234E+000
  0.89123949E+000
  0.89124683E+000
  0.89125434E+000
  0.89126199E+000
  0.89126976E+000
  0.89127763E+000
  0.89128558E+000
  0.89129357E+000
  0.89130158E+000
  0.89130958E+000
  0.89131755E+000
  0.89132545E+000
  0.89133326E+000
  0.89134094E+000
  0.89134847E+000
  0.89135583E+000
  0.89136297E+000
  0.89136989E+000
  0.89137655E+000
  0.89138293E+000
  0.89138900E+000
  0.89139474E+000
  0.89140013E+000
  0.89140515E+000
  0.89140977E+000
  0.89141398E+000
  0.89141777E+000
  0.89142112E+000
  0.89142401E+000
  0.89142644E+000
  0.89142839E+000
  0.89142986E+000
  0.89143084E+000
  0.89143134E+000
  0.89143134E+000
  0.89143086E+000
  0.89142989E+000
  0.89142845E+000
  0.89142653E+000
  0.89142415E+000
  0.89142132E+000
  0.89141806E+000
  0.89141438E+000
  0.89141030E+000
  0.89140583E+000
  0.89140100E+000
  0.89139582E+000
  0.89139032E+000
  0.89138452E+000
  0.89137844E+000
  0.89137211E+000
  0.89136554E+000
  0.89135875E+000
  0.89135178E+000
  0.89134465E+000
  0.89133737E+000
  0.89132996E+000
  0.89132246E+000
  0.89131487E+000
  0.89130721E+000
  0.89129951E+000
  0.89129178E+000
  0.89128403E+000
  0.89127629E+000
  0.89126856E+000
  0.89126086E+000
  0.89125319E+000
  0.89124558E+000
  0.89123804E+000
  0.89123056E+000
  0.89122316E+000
  0.89121585E+000
  0.89120863E+000
  0.89120151E+000
  0.89119449E+000
  0.89118759E+000
  0.89118080E+000
  0.89117412E+000
  0.89116757E+000
  0.89116114E+000
  0.89115483E+000
  0.89114865E+000
  0.89114260E+000
  0.89113667E+000
  0.89113088E+000
  0.89112522E+000
  0.89111968E+000
  0.89111428E+000
  0.89110901E+000
  0.89110386E+000
  0.89109885E+000
  0.89109396E+000
  0.89108920E+000
  0.89108457E+000
  0.89108006E+000
  0.89107567E+000
  0.89107140E+000
  0.89106725E+000
  0.89106322E+000
  0.89105931E+000
  0.89105551E+000
  0.89105182E+000
  0.89104824E+000
  0.89104477E+000
  0.89104140E+000
  0.89103813E+000
  0.89103497E+000
  0.89103191E+000
  0.89102894E+000
  0.89102606E+000
  0.89102328E+000
  0.89102058E+000
  0.89101797E+000
  0.89101545E+000
  0.89101300E+000
  0.89101064E+000
  0.89100835E+000
  0.89100614E+000
  0.89100401E+000
  0.89100194E+000
  0.89099994E+000
  0.89099801E+000
  0.89099614E+000
  0.89099433E+000
  0.89099259E+000
  0.89099090E+000
  0.89098927E+000
  0.89098769E+000
  0.89098617E+000
  0.89098470E+000
  0.89098328E+000
  0.89098190E+000
  0.89098057E+000
  0.89097929E+000
  0.89097804E+000
  0.89097685E+000
  0.89097569E+000
  0.89097457E+000
  0.89097348E+000
  0.89097244E+000
  0.89097143E+000
  0.89097045E+000
  0.89096950E+000
  0.89096859E+000
  0.89096771E+000
  0.89096686E+000
  0.89096603E+000
  0.89096523E+000
  0.89096445E+000
  0.89096370E+000
  0.89096294E+000
  0.89096208E+000
