  0.10950479E+002
  0.10942175E+002
  0.10935007E+002
  0.10928848E+002
  0.10923544E+002
  0.10918966E+002
  0.10915002E+002
  0.10911559E+002
  0.10908557E+002
  0.10905927E+002
  0.10903613E+002
  0.10901565E+002
  0.10899743E+002
  0.10898112E+002
  0.10896641E+002
  0.10895306E+002
  0.10894085E+002
  0.10892960E+002
  0.10891915E+002
  0.10890937E+002
  0.10890013E+002
  0.10889134E+002
  0.10888291E+002
  0.10887477E+002
  0.10886684E+002
  0.10885907E+002
  0.10885141E+002
  0.10884381E+002
  0.10883623E+002
  0.10882864E+002
  0.10882101E+002
  0.10881331E+002
  0.10880551E+002
  0.10879760E+002
  0.10878956E+002
  0.10878136E+002
  0.10877301E+002
  0.10876448E+002
  0.10875578E+002
  0.10874689E+002
  0.10873781E+002
  0.10872855E+002
  0.10871910E+002
  0.10870946E+002
  0.10869964E+002
  0.10868966E+002
  0.10867951E+002
  0.10866920E+002
  0.10865876E+002
  0.10864820E+002
  0.10863753E+002
  0.10862677E+002
  0.10861594E+002
  0.10860507E+002
  0.10859417E+002
  0.10858326E+002
  0.10857239E+002
  0.10856156E+002
  0.10855082E+002
  0.10854018E+002
  0.10852968E+002
  0.10851934E+002
  0.10850919E+002
  0.10849927E+002
  0.10848961E+002
  0.10848023E+002
  0.10847116E+002
  0.10846243E+002
  0.10845408E+002
  0.10844611E+002
  0.10843857E+002
  0.10843148E+002
  0.10842486E+002
  0.10841872E+002
  0.10841310E+002
  0.10840800E+002
  0.10840344E+002
  0.10839944E+002
  0.10839600E+002
  0.10839314E+002
  0.10839086E+002
  0.10838915E+002
  0.10838803E+002
  0.10838750E+002
  0.10838754E+002
  0.10838815E+002
  0.10838932E+002
  0.10839104E+002
  0.10839330E+002
  0.10839609E+002
  0.10839938E+002
  0.10840316E+002
  0.10840741E+002
  0.10841211E+002
  0.10841724E+002
  0.10842278E+002
  0.10842869E+002
  0.10843497E+002
  0.10844159E+002
  0.10844852E+002
  0.10845575E+002
  0.10846324E+002
  0.10847098E+002
  0.10847895E+002
  0.10848713E+002
  0.10849549E+002
  0.10850402E+002
  0.10851270E+002
  0.10852152E+002
  0.10853046E+002
  0.10853950E+002
  0.10854864E+002
  0.10855785E+002
  0.10856714E+002
  0.10857648E+002
  0.10858588E+002
  0.10859532E+002
  0.10860480E+002
  0.10861431E+002
  0.10862384E+002
  0.10863340E+002
  0.10864298E+002
  0.10865257E+002
  0.10866217E+002
  0.10867178E+002
  0.10868140E+002
  0.10869103E+002
  0.10870066E+002
  0.10871031E+002
  0.10871995E+002
  0.10872960E+002
  0.10873926E+002
  0.10874891E+002
  0.10875858E+002
  0.10876824E+002
  0.10877791E+002
  0.10878758E+002
  0.10879726E+002
  0.10880694E+002
  0.10881662E+002
  0.10882630E+002
  0.10883598E+002
  0.10884566E+002
  0.10885534E+002
  0.10886502E+002
  0.10887469E+002
  0.10888436E+002
  0.10889402E+002
  0.10890368E+002
  0.10891332E+002
  0.10892295E+002
  0.10893257E+002
  0.10894217E+002
  0.10895175E+002
  0.10896131E+002
  0.10897084E+002
  0.10898035E+002
  0.10898983E+002
  0.10899927E+002
  0.10900868E+002
  0.10901805E+002
  0.10902738E+002
  0.10903666E+002
  0.10904589E+002
  0.10905507E+002
  0.10906420E+002
  0.10907327E+002
  0.10908227E+002
  0.10909121E+002
  0.10910008E+002
  0.10910889E+002
  0.10911761E+002
  0.10912626E+002
  0.10913483E+002
  0.10914331E+002
  0.10915171E+002
  0.10916002E+002
  0.10916824E+002
  0.10917636E+002
  0.10918438E+002
  0.10919231E+002
  0.10920013E+002
  0.10920785E+002
  0.10921546E+002
  0.10922297E+002
  0.10923036E+002
  0.10923765E+002
  0.10924482E+002
  0.10925188E+002
  0.10925882E+002
  0.10926565E+002
  0.10927237E+002
  0.10927897E+002
  0.10928545E+002
  0.10929182E+002
  0.10929807E+002
  0.10930421E+002
  0.10931025E+002
  0.10931617E+002
  0.10932200E+002
