  0.23372266E+000
  0.23883868E+000
  0.23870393E+000
  0.23807928E+000
  0.23748534E+000
  0.23697600E+000
  0.23654739E+000
  0.23618805E+000
  0.23588337E+000
  0.23562599E+000
  0.23540918E+000
  0.23522638E+000
  0.23507203E+000
  0.23494154E+000
  0.23483109E+000
  0.23473746E+000
  0.23465796E+000
  0.23459033E+000
  0.23453266E+000
  0.23448331E+000
  0.23444092E+000
  0.23440431E+000
  0.23437249E+000
  0.23434460E+000
  0.23431992E+000
  0.23429784E+000
  0.23427781E+000
  0.23425941E+000
  0.23424224E+000
  0.23422598E+000
  0.23421036E+000
  0.23419516E+000
  0.23418020E+000
  0.23416534E+000
  0.23415045E+000
  0.23413549E+000
  0.23412037E+000
  0.23410509E+000
  0.23408963E+000
  0.23407402E+000
  0.23405831E+000
  0.23404255E+000
  0.23402681E+000
  0.23401116E+000
  0.23399568E+000
  0.23398045E+000
  0.23396556E+000
  0.23395108E+000
  0.23393706E+000
  0.23392360E+000
  0.23391075E+000
  0.23389856E+000
  0.23388708E+000
  0.23387634E+000
  0.23386635E+000
  0.23385713E+000
  0.23384870E+000
  0.23384106E+000
  0.23383421E+000
  0.23382814E+000
  0.23382285E+000
  0.23381833E+000
  0.23381458E+000
  0.23381157E+000
  0.23380929E+000
  0.23380772E+000
  0.23380684E+000
  0.23380660E+000
  0.23380698E+000
  0.23380791E+000
  0.23380932E+000
  0.23381087E+000
  0.23381261E+000
  0.23381491E+000
  0.23381775E+000
  0.23382107E+000
  0.23382484E+000
  0.23382901E+000
  0.23383353E+000
  0.23383835E+000
  0.23384341E+000
  0.23384868E+000
  0.23385410E+000
  0.23385963E+000
  0.23386521E+000
  0.23387080E+000
  0.23387635E+000
  0.23388184E+000
  0.23388721E+000
  0.23389242E+000
  0.23389745E+000
  0.23390226E+000
  0.23390681E+000
  0.23391110E+000
  0.23391508E+000
  0.23391875E+000
  0.23392208E+000
  0.23392506E+000
  0.23392768E+000
  0.23392994E+000
  0.23393182E+000
  0.23393332E+000
  0.23393444E+000
  0.23393519E+000
  0.23393557E+000
  0.23393559E+000
  0.23393524E+000
  0.23393456E+000
  0.23393353E+000
  0.23393219E+000
  0.23393054E+000
  0.23392859E+000
  0.23392637E+000
  0.23392388E+000
  0.23392116E+000
  0.23391820E+000
  0.23391504E+000
  0.23391168E+000
  0.23390815E+000
  0.23390446E+000
  0.23390064E+000
  0.23389669E+000
  0.23389264E+000
  0.23388849E+000
  0.23388427E+000
  0.23387999E+000
  0.23387567E+000
  0.23387132E+000
  0.23386695E+000
  0.23386257E+000
  0.23385820E+000
  0.23385384E+000
  0.23384951E+000
  0.23384522E+000
  0.23384097E+000
  0.23383678E+000
  0.23383265E+000
  0.23382858E+000
  0.23382459E+000
  0.23382067E+000
  0.23381684E+000
  0.23381310E+000
  0.23380944E+000
  0.23380588E+000
  0.23380242E+000
  0.23379905E+000
  0.23379579E+000
  0.23379262E+000
  0.23378956E+000
  0.23378659E+000
  0.23378373E+000
  0.23378097E+000
  0.23377831E+000
  0.23377575E+000
  0.23377329E+000
  0.23377092E+000
  0.23376865E+000
  0.23376647E+000
  0.23376439E+000
  0.23376239E+000
  0.23376048E+000
  0.23375866E+000
  0.23375692E+000
  0.23375525E+000
  0.23375367E+000
  0.23375216E+000
  0.23375073E+000
  0.23374936E+000
  0.23374806E+000
  0.23374683E+000
  0.23374565E+000
  0.23374454E+000
  0.23374349E+000
  0.23374249E+000
  0.23374155E+000
  0.23374065E+000
  0.23373980E+000
  0.23373900E+000
  0.23373825E+000
  0.23373754E+000
  0.23373687E+000
  0.23373624E+000
  0.23373565E+000
  0.23373509E+000
  0.23373457E+000
  0.23373409E+000
  0.23373363E+000
  0.23373322E+000
  0.23373283E+000
  0.23373247E+000
  0.23373214E+000
  0.23373183E+000
  0.23373154E+000
  0.23373127E+000
  0.23373101E+000
  0.23373075E+000
  0.23373047E+000
  0.23373017E+000
  0.23372975E+000
  0.23372919E+000
