  0.28931956E+000
  0.28931889E+000
  0.28931429E+000
  0.28931307E+000
  0.28931585E+000
  0.28932204E+000
  0.28933087E+000
  0.28934168E+000
  0.28935394E+000
  0.28936722E+000
  0.28938121E+000
  0.28939566E+000
  0.28941038E+000
  0.28942523E+000
  0.28944011E+000
  0.28945494E+000
  0.28946966E+000
  0.28948426E+000
  0.28949869E+000
  0.28951297E+000
  0.28952710E+000
  0.28954109E+000
  0.28955496E+000
  0.28956875E+000
  0.28958248E+000
  0.28959621E+000
  0.28960997E+000
  0.28962380E+000
  0.28963776E+000
  0.28965189E+000
  0.28966624E+000
  0.28968084E+000
  0.28969573E+000
  0.28971096E+000
  0.28972654E+000
  0.28974251E+000
  0.28975888E+000
  0.28977564E+000
  0.28979281E+000
  0.28981037E+000
  0.28982829E+000
  0.28984656E+000
  0.28986514E+000
  0.28988397E+000
  0.28990302E+000
  0.28992221E+000
  0.28994150E+000
  0.28996080E+000
  0.28998006E+000
  0.28999920E+000
  0.29001814E+000
  0.29003682E+000
  0.29005515E+000
  0.29007306E+000
  0.29009048E+000
  0.29010734E+000
  0.29012357E+000
  0.29013909E+000
  0.29015385E+000
  0.29016777E+000
  0.29018079E+000
  0.29019285E+000
  0.29020391E+000
  0.29021389E+000
  0.29022275E+000
  0.29023045E+000
  0.29023695E+000
  0.29024220E+000
  0.29024617E+000
  0.29024883E+000
  0.29025017E+000
  0.29025017E+000
  0.29024882E+000
  0.29024611E+000
  0.29024206E+000
  0.29023666E+000
  0.29022994E+000
  0.29022193E+000
  0.29021264E+000
  0.29020212E+000
  0.29019041E+000
  0.29017755E+000
  0.29016361E+000
  0.29014864E+000
  0.29013270E+000
  0.29011587E+000
  0.29009821E+000
  0.29007980E+000
  0.29006071E+000
  0.29004103E+000
  0.29002082E+000
  0.29000019E+000
  0.28997919E+000
  0.28995792E+000
  0.28993646E+000
  0.28991487E+000
  0.28989323E+000
  0.28987162E+000
  0.28985010E+000
  0.28982873E+000
  0.28980759E+000
  0.28978672E+000
  0.28976617E+000
  0.28974600E+000
  0.28972625E+000
  0.28970696E+000
  0.28968815E+000
  0.28966987E+000
  0.28965213E+000
  0.28963495E+000
  0.28961836E+000
  0.28960236E+000
  0.28958696E+000
  0.28957217E+000
  0.28955798E+000
  0.28954441E+000
  0.28953143E+000
  0.28951905E+000
  0.28950726E+000
  0.28949605E+000
  0.28948540E+000
  0.28947530E+000
  0.28946574E+000
  0.28945670E+000
  0.28944815E+000
  0.28944010E+000
  0.28943251E+000
  0.28942536E+000
  0.28941865E+000
  0.28941235E+000
  0.28940644E+000
  0.28940091E+000
  0.28939573E+000
  0.28939089E+000
  0.28938637E+000
  0.28938215E+000
  0.28937822E+000
  0.28937457E+000
  0.28937116E+000
  0.28936800E+000
  0.28936507E+000
  0.28936234E+000
  0.28935982E+000
  0.28935748E+000
  0.28935531E+000
  0.28935330E+000
  0.28935145E+000
  0.28934974E+000
  0.28934815E+000
  0.28934669E+000
  0.28934533E+000
  0.28934408E+000
  0.28934293E+000
  0.28934186E+000
  0.28934087E+000
  0.28933996E+000
  0.28933911E+000
  0.28933832E+000
  0.28933759E+000
  0.28933691E+000
  0.28933628E+000
  0.28933568E+000
  0.28933513E+000
  0.28933460E+000
  0.28933411E+000
  0.28933364E+000
  0.28933320E+000
  0.28933278E+000
  0.28933237E+000
  0.28933199E+000
  0.28933162E+000
  0.28933126E+000
  0.28933091E+000
  0.28933057E+000
  0.28933023E+000
  0.28932991E+000
  0.28932959E+000
  0.28932927E+000
  0.28932896E+000
  0.28932865E+000
  0.28932834E+000
  0.28932803E+000
  0.28932772E+000
  0.28932742E+000
  0.28932710E+000
  0.28932679E+000
  0.28932647E+000
  0.28932615E+000
  0.28932582E+000
  0.28932549E+000
  0.28932516E+000
  0.28932482E+000
  0.28932447E+000
  0.28932412E+000
  0.28932378E+000
  0.28932343E+000
  0.28932309E+000
  0.28932275E+000
  0.28932244E+000
  0.28932214E+000
