  0.52114316E-006
  0.52114195E-006
  0.52113367E-006
  0.52113146E-006
  0.52113647E-006
  0.52114762E-006
  0.52116353E-006
  0.52118300E-006
  0.52120508E-006
  0.52122901E-006
  0.52125421E-006
  0.52128023E-006
  0.52130674E-006
  0.52133349E-006
  0.52136029E-006
  0.52138700E-006
  0.52141353E-006
  0.52143982E-006
  0.52146582E-006
  0.52149154E-006
  0.52151699E-006
  0.52154219E-006
  0.52156717E-006
  0.52159201E-006
  0.52161675E-006
  0.52164148E-006
  0.52166626E-006
  0.52169118E-006
  0.52171632E-006
  0.52174177E-006
  0.52176761E-006
  0.52179391E-006
  0.52182074E-006
  0.52184817E-006
  0.52187624E-006
  0.52190501E-006
  0.52193448E-006
  0.52196468E-006
  0.52199561E-006
  0.52202723E-006
  0.52205952E-006
  0.52209243E-006
  0.52212589E-006
  0.52215982E-006
  0.52219412E-006
  0.52222870E-006
  0.52226343E-006
  0.52229821E-006
  0.52233290E-006
  0.52236737E-006
  0.52240149E-006
  0.52243513E-006
  0.52246815E-006
  0.52250041E-006
  0.52253179E-006
  0.52256216E-006
  0.52259139E-006
  0.52261935E-006
  0.52264593E-006
  0.52267100E-006
  0.52269446E-006
  0.52271620E-006
  0.52273610E-006
  0.52275409E-006
  0.52277005E-006
  0.52278392E-006
  0.52279562E-006
  0.52280507E-006
  0.52281222E-006
  0.52281703E-006
  0.52281944E-006
  0.52281944E-006
  0.52281700E-006
  0.52281213E-006
  0.52280483E-006
  0.52279511E-006
  0.52278300E-006
  0.52276856E-006
  0.52275183E-006
  0.52273288E-006
  0.52271179E-006
  0.52268863E-006
  0.52266352E-006
  0.52263655E-006
  0.52260785E-006
  0.52257753E-006
  0.52254571E-006
  0.52251255E-006
  0.52247817E-006
  0.52244271E-006
  0.52240632E-006
  0.52236915E-006
  0.52233133E-006
  0.52229302E-006
  0.52225435E-006
  0.52221546E-006
  0.52217649E-006
  0.52213756E-006
  0.52209879E-006
  0.52206031E-006
  0.52202223E-006
  0.52198463E-006
  0.52194763E-006
  0.52191130E-006
  0.52187572E-006
  0.52184096E-006
  0.52180709E-006
  0.52177416E-006
  0.52174220E-006
  0.52171126E-006
  0.52168137E-006
  0.52165255E-006
  0.52162481E-006
  0.52159817E-006
  0.52157262E-006
  0.52154816E-006
  0.52152479E-006
  0.52150250E-006
  0.52148126E-006
  0.52146106E-006
  0.52144188E-006
  0.52142369E-006
  0.52140646E-006
  0.52139017E-006
  0.52137479E-006
  0.52136027E-006
  0.52134660E-006
  0.52133374E-006
  0.52132164E-006
  0.52131029E-006
  0.52129965E-006
  0.52128968E-006
  0.52128035E-006
  0.52127164E-006
  0.52126349E-006
  0.52125590E-006
  0.52124882E-006
  0.52124223E-006
  0.52123611E-006
  0.52123041E-006
  0.52122512E-006
  0.52122021E-006
  0.52121567E-006
  0.52121145E-006
  0.52120755E-006
  0.52120394E-006
  0.52120060E-006
  0.52119751E-006
  0.52119466E-006
  0.52119202E-006
  0.52118958E-006
  0.52118733E-006
  0.52118525E-006
  0.52118333E-006
  0.52118155E-006
  0.52117990E-006
  0.52117837E-006
  0.52117695E-006
  0.52117564E-006
  0.52117441E-006
  0.52117327E-006
  0.52117220E-006
  0.52117119E-006
  0.52117025E-006
  0.52116936E-006
  0.52116852E-006
  0.52116772E-006
  0.52116696E-006
  0.52116624E-006
  0.52116554E-006
  0.52116487E-006
  0.52116422E-006
  0.52116359E-006
  0.52116298E-006
  0.52116238E-006
  0.52116180E-006
  0.52116122E-006
  0.52116065E-006
  0.52116009E-006
  0.52115953E-006
  0.52115897E-006
  0.52115842E-006
  0.52115786E-006
  0.52115730E-006
  0.52115674E-006
  0.52115618E-006
  0.52115560E-006
  0.52115502E-006
  0.52115444E-006
  0.52115384E-006
  0.52115324E-006
  0.52115262E-006
  0.52115200E-006
  0.52115138E-006
  0.52115075E-006
  0.52115012E-006
  0.52114951E-006
  0.52114890E-006
  0.52114835E-006
  0.52114780E-006
