  0.35428267E+000
  0.35417419E+000
  0.35408183E+000
  0.35400419E+000
  0.35393777E+000
  0.35388052E+000
  0.35383202E+000
  0.35378935E+000
  0.35375165E+000
  0.35371940E+000
  0.35369400E+000
  0.35366968E+000
  0.35364688E+000
  0.35362740E+000
  0.35361042E+000
  0.35359509E+000
  0.35358137E+000
  0.35356934E+000
  0.35355721E+000
  0.35354670E+000
  0.35353686E+000
  0.35352787E+000
  0.35351887E+000
  0.35351071E+000
  0.35350291E+000
  0.35349512E+000
  0.35348757E+000
  0.35348035E+000
  0.35347332E+000
  0.35346599E+000
  0.35345859E+000
  0.35345169E+000
  0.35344486E+000
  0.35343755E+000
  0.35342997E+000
  0.35342233E+000
  0.35341652E+000
  0.35340647E+000
  0.35339851E+000
  0.35339044E+000
  0.35338373E+000
  0.35337409E+000
  0.35336482E+000
  0.35335644E+000
  0.35334733E+000
  0.35333858E+000
  0.35332860E+000
  0.35331939E+000
  0.35331027E+000
  0.35330059E+000
  0.35329076E+000
  0.35328090E+000
  0.35327129E+000
  0.35326146E+000
  0.35325176E+000
  0.35324154E+000
  0.35323249E+000
  0.35322269E+000
  0.35321182E+000
  0.35320152E+000
  0.35319201E+000
  0.35318272E+000
  0.35317311E+000
  0.35316396E+000
  0.35315481E+000
  0.35314656E+000
  0.35313758E+000
  0.35312947E+000
  0.35312112E+000
  0.35311398E+000
  0.35310720E+000
  0.35310015E+000
  0.35309504E+000
  0.35308907E+000
  0.35308286E+000
  0.35307767E+000
  0.35307298E+000
  0.35306857E+000
  0.35306477E+000
  0.35305938E+000
  0.35305648E+000
  0.35305396E+000
  0.35305181E+000
  0.35305031E+000
  0.35304941E+000
  0.35304858E+000
  0.35304825E+000
  0.35304803E+000
  0.35304740E+000
  0.35304817E+000
  0.35304899E+000
  0.35305020E+000
  0.35305196E+000
  0.35305413E+000
  0.35305639E+000
  0.35305885E+000
  0.35306159E+000
  0.35306450E+000
  0.35306792E+000
  0.35307161E+000
  0.35307514E+000
  0.35307914E+000
  0.35308305E+000
  0.35308705E+000
  0.35309118E+000
  0.35309560E+000
  0.35309989E+000
  0.35310435E+000
  0.35310889E+000
  0.35311346E+000
  0.35311818E+000
  0.35312312E+000
  0.35312795E+000
  0.35313284E+000
  0.35313781E+000
  0.35314283E+000
  0.35314796E+000
  0.35315317E+000
  0.35315844E+000
  0.35316380E+000
  0.35316924E+000
  0.35317478E+000
  0.35318041E+000
  0.35318613E+000
  0.35319195E+000
  0.35319790E+000
  0.35320398E+000
  0.35321018E+000
  0.35321652E+000
  0.35322299E+000
  0.35322960E+000
  0.35323635E+000
  0.35324324E+000
  0.35325029E+000
  0.35325749E+000
  0.35326485E+000
  0.35327237E+000
  0.35328005E+000
  0.35328789E+000
  0.35329589E+000
  0.35330405E+000
  0.35331237E+000
  0.35332085E+000
  0.35332948E+000
  0.35333828E+000
  0.35334723E+000
  0.35335633E+000
  0.35336558E+000
  0.35337498E+000
  0.35338452E+000
  0.35339419E+000
  0.35340400E+000
  0.35341393E+000
  0.35342398E+000
  0.35343414E+000
  0.35344443E+000
  0.35345480E+000
  0.35346528E+000
  0.35347584E+000
  0.35348648E+000
  0.35349719E+000
  0.35350797E+000
  0.35351881E+000
  0.35352969E+000
  0.35354062E+000
  0.35355159E+000
  0.35356258E+000
  0.35357359E+000
  0.35358461E+000
  0.35359563E+000
  0.35360665E+000
  0.35361765E+000
  0.35362863E+000
  0.35363959E+000
  0.35365051E+000
  0.35366138E+000
  0.35367220E+000
  0.35368296E+000
  0.35369367E+000
  0.35370430E+000
  0.35371486E+000
  0.35372533E+000
  0.35373571E+000
  0.35374600E+000
  0.35375619E+000
  0.35376627E+000
  0.35377624E+000
  0.35378610E+000
  0.35379583E+000
  0.35380546E+000
  0.35381494E+000
  0.35382430E+000
  0.35383352E+000
  0.35384260E+000
  0.35385155E+000
  0.35386036E+000
  0.35386903E+000
  0.35387756E+000
  0.35388597E+000
  0.35389427E+000
