  0.00000000E+000  0.00000000E+000  0.00000000E+000  0.00000000E+000  0.00000000E+000  0.93662127E-001  0.19283099E+001  0.12499507E+002  0.31295227E+002  0.78686205E+002  0.15900738E+003
  0.00000000E+000  0.00000000E+000  0.00000000E+000  0.00000000E+000  0.00000000E+000  0.93544752E-001  0.19267095E+001  0.12487719E+002  0.31277635E+002  0.78609417E+002  0.15889887E+003
  0.00000000E+000  0.00000000E+000  0.00000000E+000  0.00000000E+000  0.00000000E+000  0.93440186E-001  0.19253169E+001  0.12477393E+002  0.31262494E+002  0.78560831E+002  0.15880441E+003
  0.00000000E+000  0.00000000E+000  0.00000000E+000  0.00000000E+000  0.00000000E+000  0.93347148E-001  0.19241113E+001  0.12468376E+002  0.31249557E+002  0.78527737E+002  0.15872270E+003
  0.00000000E+000  0.00000000E+000  0.00000000E+000  0.00000000E+000  0.00000000E+000  0.93263934E-001  0.19230562E+001  0.12460475E+002  0.31238439E+002  0.78498980E+002  0.15865186E+003
  0.00000000E+000  0.00000000E+000  0.00000000E+000  0.00000000E+000  0.00000000E+000  0.93189015E-001  0.19221169E+001  0.12453522E+002  0.31228888E+002  0.78473923E+002  0.15859028E+003
  0.00000000E+000  0.00000000E+000  0.00000000E+000  0.00000000E+000  0.00000000E+000  0.93121210E-001  0.19212759E+001  0.12447374E+002  0.31220673E+002  0.78452054E+002  0.15853657E+003
  0.00000000E+000  0.00000000E+000  0.00000000E+000  0.00000000E+000  0.00000000E+000  0.93059501E-001  0.19205182E+001  0.12441908E+002  0.31213563E+002  0.78432889E+002  0.15848952E+003
  0.00000000E+000  0.00000000E+000  0.00000000E+000  0.00000000E+000  0.00000000E+000  0.93003011E-001  0.19198313E+001  0.12437019E+002  0.31207273E+002  0.78416015E+002  0.15844813E+003
  0.00000000E+000  0.00000000E+000  0.00000000E+000  0.00000000E+000  0.00000000E+000  0.92951083E-001  0.19192044E+001  0.12432618E+002  0.31201645E+002  0.78401080E+002  0.15841153E+003
  0.00000000E+000  0.00000000E+000  0.00000000E+000  0.00000000E+000  0.00000000E+000  0.92903135E-001  0.19186283E+001  0.12428631E+002  0.31196578E+002  0.78387789E+002  0.15837898E+003
  0.00000000E+000  0.00000000E+000  0.00000000E+000  0.00000000E+000  0.00000000E+000  0.92858598E-001  0.19180952E+001  0.12424993E+002  0.31191988E+002  0.78375891E+002  0.15834988E+003
  0.00000000E+000  0.00000000E+000  0.00000000E+000  0.00000000E+000  0.00000000E+000  0.92816985E-001  0.19175985E+001  0.12421650E+002  0.31187800E+002  0.78365171E+002  0.15832369E+003
  0.00000000E+000  0.00000000E+000  0.00000000E+000  0.00000000E+000  0.00000000E+000  0.92777879E-001  0.19171325E+001  0.12418556E+002  0.31183953E+002  0.78355448E+002  0.15829996E+003
  0.00000000E+000  0.00000000E+000  0.00000000E+000  0.00000000E+000  0.00000000E+000  0.92740917E-001  0.19166922E+001  0.12415672E+002  0.31180397E+002  0.78346569E+002  0.15827831E+003
  0.00000000E+000  0.00000000E+000  0.00000000E+000  0.00000000E+000  0.00000000E+000  0.92705789E-001  0.19162736E+001  0.12412963E+002  0.31177099E+002  0.78338400E+002  0.15825841E+003
  0.00000000E+000  0.00000000E+000  0.00000000E+000  0.00000000E+000  0.00000000E+000  0.92672224E-001  0.19158730E+001  0.12410400E+002  0.31174019E+002  0.78330828E+002  0.15823998E+003
  0.00000000E+000  0.00000000E+000  0.00000000E+000  0.00000000E+000  0.00000000E+000  0.92639986E-001  0.19154872E+001  0.12407960E+002  0.31171121E+002  0.78323756E+002  0.15822278E+003
  0.00000000E+000  0.00000000E+000  0.00000000E+000  0.00000000E+000  0.00000000E+000  0.92608869E-001  0.19151137E+001  0.12405633E+002  0.31168373E+002  0.78317100E+002  0.15820661E+003
  0.00000000E+000  0.00000000E+000  0.00000000E+000  0.00000000E+000  0.00000000E+000  0.92578694E-001  0.19147499E+001  0.12403401E+002  0.31165751E+002  0.78310790E+002  0.15819128E+003
  0.00000000E+000  0.00000000E+000  0.00000000E+000  0.00000000E+000  0.00000000E+000  0.92549302E-001  0.19143940E+001  0.12401245E+002  0.31163230E+002  0.78304762E+002  0.15817665E+003
  0.00000000E+000  0.00000000E+000  0.00000000E+000  0.00000000E+000  0.00000000E+000  0.92520555E-001  0.19140439E+001  0.12399150E+002  0.31160791E+002  0.78298963E+002  0.15816257E+003
  0.00000000E+000  0.00000000E+000  0.00000000E+000  0.00000000E+000  0.00000000E+000  0.92492333E-001  0.19136982E+001  0.12397102E+002  0.31158417E+002  0.78293346E+002  0.15814893E+003
  0.00000000E+000  0.00000000E+000  0.00000000E+000  0.00000000E+000  0.00000000E+000  0.92464528E-001  0.19133554E+001  0.12395089E+002  0.31156091E+002  0.78287869E+002  0.15813563E+003
  0.00000000E+000  0.00000000E+000  0.00000000E+000  0.00000000E+000  0.00000000E+000  0.92437048E-001  0.19130142E+001  0.12393100E+002  0.31153800E+002  0.78282497E+002  0.15812258E+003
  0.00000000E+000  0.00000000E+000  0.00000000E+000  0.00000000E+000  0.00000000E+000  0.92409813E-001  0.19126736E+001  0.12391127E+002  0.31151532E+002  0.78277197E+002  0.15810969E+003
  0.00000000E+000  0.00000000E+000  0.00000000E+000  0.00000000E+000  0.00000000E+000  0.92382754E-001  0.19123325E+001  0.12389160E+002  0.31149277E+002  0.78271940E+002  0.15809689E+003
  0.00000000E+000  0.00000000E+000  0.00000000E+000  0.00000000E+000  0.00000000E+000  0.92355812E-001  0.19119901E+001  0.12387194E+002  0.31147024E+002  0.78266703E+002  0.15808413E+003
  0.00000000E+000  0.00000000E+000  0.00000000E+000  0.00000000E+000  0.00000000E+000  0.92328937E-001  0.19116455E+001  0.12385220E+002  0.31144766E+002  0.78261462E+002  0.15807134E+003
  0.00000000E+000  0.00000000E+000  0.00000000E+000  0.00000000E+000  0.00000000E+000  0.92302088E-001  0.19112981E+001  0.12383235E+002  0.31142495E+002  0.78256197E+002  0.15805847E+003
  0.00000000E+000  0.00000000E+000  0.00000000E+000  0.00000000E+000  0.00000000E+000  0.92275234E-001  0.19109473E+001  0.12381232E+002  0.31140205E+002  0.78250891E+002  0.15804548E+003
  0.00000000E+000  0.00000000E+000  0.00000000E+000  0.00000000E+000  0.00000000E+000  0.92248348E-001  0.19105925E+001  0.12379207E+002  0.31137888E+002  0.78245528E+002  0.15803232E+003
  0.00000000E+000  0.00000000E+000  0.00000000E+000  0.00000000E+000  0.00000000E+000  0.92221415E-001  0.19102332E+001  0.12377156E+002  0.31135540E+002  0.78240093E+002  0.15801896E+003
  0.00000000E+000  0.00000000E+000  0.00000000E+000  0.00000000E+000  0.00000000E+000  0.92194422E-001  0.19098691E+001  0.12375076E+002  0.31133156E+002  0.78234576E+002  0.15800537E+003
  0.00000000E+000  0.00000000E+000  0.00000000E+000  0.00000000E+000  0.00000000E+000  0.92167365E-001  0.19094999E+001  0.12372964E+002  0.31130733E+002  0.78228963E+002  0.15799151E+003
  0.00000000E+000  0.00000000E+000  0.00000000E+000  0.00000000E+000  0.00000000E+000  0.92140248E-001  0.19091252E+001  0.12370818E+002  0.31128265E+002  0.78223247E+002  0.15797736E+003
  0.00000000E+000  0.00000000E+000  0.00000000E+000  0.00000000E+000  0.00000000E+000  0.92113076E-001  0.19087450E+001  0.12368636E+002  0.31125752E+002  0.78217419E+002  0.15796289E+003
  0.00000000E+000  0.00000000E+000  0.00000000E+000  0.00000000E+000  0.00000000E+000  0.92085864E-001  0.19083591E+001  0.12366416E+002  0.31123189E+002  0.78211472E+002  0.15794810E+003
  0.00000000E+000  0.00000000E+000  0.00000000E+000  0.00000000E+000  0.00000000E+000  0.92058629E-001  0.19079674E+001  0.12364158E+002  0.31120575E+002  0.78205401E+002  0.15793295E+003
  0.00000000E+000  0.00000000E+000  0.00000000E+000  0.00000000E+000  0.00000000E+000  0.92031394E-001  0.19075700E+001  0.12361862E+002  0.31117909E+002  0.78199201E+002  0.15791743E+003
  0.00000000E+000  0.00000000E+000  0.00000000E+000  0.00000000E+000  0.00000000E+000  0.92004187E-001  0.19071670E+001  0.12359527E+002  0.31115190E+002  0.78192870E+002  0.15790154E+003
  0.00000000E+000  0.00000000E+000  0.00000000E+000  0.00000000E+000  0.00000000E+000  0.91977038E-001  0.19067587E+001  0.12357154E+002  0.31112417E+002  0.78186405E+002  0.15788525E+003
  0.00000000E+000  0.00000000E+000  0.00000000E+000  0.00000000E+000  0.00000000E+000  0.91949984E-001  0.19063451E+001  0.12354744E+002  0.31109590E+002  0.78179806E+002  0.15786857E+003
  0.00000000E+000  0.00000000E+000  0.00000000E+000  0.00000000E+000  0.00000000E+000  0.91923063E-001  0.19059267E+001  0.12352298E+002  0.31106710E+002  0.78173072E+002  0.15785149E+003
  0.00000000E+000  0.00000000E+000  0.00000000E+000  0.00000000E+000  0.00000000E+000  0.91896318E-001  0.19055038E+001  0.12349819E+002  0.31103777E+002  0.78166205E+002  0.15783401E+003
  0.00000000E+000  0.00000000E+000  0.00000000E+000  0.00000000E+000  0.00000000E+000  0.91869794E-001  0.19050770E+001  0.12347309E+002  0.31100794E+002  0.78159208E+002  0.15781613E+003
  0.00000000E+000  0.00000000E+000  0.00000000E+000  0.00000000E+000  0.00000000E+000  0.91843541E-001  0.19046468E+001  0.12344770E+002  0.31097761E+002  0.78152085E+002  0.15779785E+003
  0.00000000E+000  0.00000000E+000  0.00000000E+000  0.00000000E+000  0.00000000E+000  0.91817612E-001  0.19042138E+001  0.12342206E+002  0.31094682E+002  0.78144839E+002  0.15777918E+003
  0.00000000E+000  0.00000000E+000  0.00000000E+000  0.00000000E+000  0.00000000E+000  0.91792061E-001  0.19037787E+001  0.12339622E+002  0.31091560E+002  0.78137477E+002  0.15776012E+003
  0.00000000E+000  0.00000000E+000  0.00000000E+000  0.00000000E+000  0.00000000E+000  0.91766949E-001  0.19033424E+001  0.12337021E+002  0.31088396E+002  0.78130005E+002  0.15774068E+003
  0.00000000E+000  0.00000000E+000  0.00000000E+000  0.00000000E+000  0.00000000E+000  0.91742339E-001  0.19029057E+001  0.12334407E+002  0.31085197E+002  0.78122432E+002  0.15772088E+003
  0.00000000E+000  0.00000000E+000  0.00000000E+000  0.00000000E+000  0.00000000E+000  0.91718298E-001  0.19024695E+001  0.12331788E+002  0.31081965E+002  0.78114767E+002  0.15770074E+003
  0.00000000E+000  0.00000000E+000  0.00000000E+000  0.00000000E+000  0.00000000E+000  0.91694896E-001  0.19020349E+001  0.12329167E+002  0.31078706E+002  0.78107020E+002  0.15768027E+003
  0.00000000E+000  0.00000000E+000  0.00000000E+000  0.00000000E+000  0.00000000E+000  0.91672209E-001  0.19016029E+001  0.12326551E+002  0.31075424E+002  0.78099203E+002  0.15765948E+003
  0.00000000E+000  0.00000000E+000  0.00000000E+000  0.00000000E+000  0.00000000E+000  0.91650315E-001  0.19011747E+001  0.12323948E+002  0.31072127E+002  0.78091327E+002  0.15763841E+003
  0.00000000E+000  0.00000000E+000  0.00000000E+000  0.00000000E+000  0.00000000E+000  0.91629297E-001  0.19007513E+001  0.12321362E+002  0.31068819E+002  0.78083405E+002  0.15761708E+003
  0.00000000E+000  0.00000000E+000  0.00000000E+000  0.00000000E+000  0.00000000E+000  0.91609243E-001  0.19003342E+001  0.12318803E+002  0.31065509E+002  0.78075453E+002  0.15759551E+003
  0.00000000E+000  0.00000000E+000  0.00000000E+000  0.00000000E+000  0.00000000E+000  0.91590243E-001  0.18999245E+001  0.12316277E+002  0.31062202E+002  0.78067485E+002  0.15757374E+003
  0.00000000E+000  0.00000000E+000  0.00000000E+000  0.00000000E+000  0.00000000E+000  0.91572391E-001  0.18995236E+001  0.12313793E+002  0.31058907E+002  0.78059517E+002  0.15755180E+003
  0.00000000E+000  0.00000000E+000  0.00000000E+000  0.00000000E+000  0.00000000E+000  0.91555785E-001  0.18991329E+001  0.12311358E+002  0.31055632E+002  0.78051567E+002  0.15752971E+003
  0.00000000E+000  0.00000000E+000  0.00000000E+000  0.00000000E+000  0.00000000E+000  0.91540523E-001  0.18987538E+001  0.12308981E+002  0.31052385E+002  0.78043651E+002  0.15750752E+003
  0.00000000E+000  0.00000000E+000  0.00000000E+000  0.00000000E+000  0.00000000E+000  0.91526707E-001  0.18983877E+001  0.12306670E+002  0.31049174E+002  0.78035788E+002  0.15748526E+003
  0.00000000E+000  0.00000000E+000  0.00000000E+000  0.00000000E+000  0.00000000E+000  0.91514437E-001  0.18980360E+001  0.12304435E+002  0.31046010E+002  0.78027997E+002  0.15746297E+003
  0.00000000E+000  0.00000000E+000  0.00000000E+000  0.00000000E+000  0.00000000E+000  0.91503816E-001  0.18977002E+001  0.12302283E+002  0.31042900E+002  0.78020297E+002  0.15744069E+003
  0.00000000E+000  0.00000000E+000  0.00000000E+000  0.00000000E+000  0.00000000E+000  0.91494942E-001  0.18973817E+001  0.12300223E+002  0.31039856E+002  0.78012708E+002  0.15741846E+003
  0.00000000E+000  0.00000000E+000  0.00000000E+000  0.00000000E+000  0.00000000E+000  0.91487915E-001  0.18970819E+001  0.12298265E+002  0.31036886E+002  0.78005250E+002  0.15739632E+003
  0.00000000E+000  0.00000000E+000  0.00000000E+000  0.00000000E+000  0.00000000E+000  0.91482827E-001  0.18968024E+001  0.12296416E+002  0.31033999E+002  0.77997944E+002  0.15737433E+003
  0.00000000E+000  0.00000000E+000  0.00000000E+000  0.00000000E+000  0.00000000E+000  0.91479768E-001  0.18965443E+001  0.12294685E+002  0.31031207E+002  0.77990809E+002  0.15735251E+003
  0.00000000E+000  0.00000000E+000  0.00000000E+000  0.00000000E+000  0.00000000E+000  0.91478821E-001  0.18963092E+001  0.12293080E+002  0.31028519E+002  0.77983866E+002  0.15733091E+003
  0.00000000E+000  0.00000000E+000  0.00000000E+000  0.00000000E+000  0.00000000E+000  0.91480015E-001  0.18960982E+001  0.12291609E+002  0.31025944E+002  0.77977136E+002  0.15730959E+003
  0.00000000E+000  0.00000000E+000  0.00000000E+000  0.00000000E+000  0.00000000E+000  0.91483353E-001  0.18959126E+001  0.12290279E+002  0.31023492E+002  0.77970639E+002  0.15728858E+003
  0.00000000E+000  0.00000000E+000  0.00000000E+000  0.00000000E+000  0.00000000E+000  0.91488900E-001  0.18957535E+001  0.12289097E+002  0.31021172E+002  0.77964394E+002  0.15726792E+003
  0.00000000E+000  0.00000000E+000  0.00000000E+000  0.00000000E+000  0.00000000E+000  0.91496711E-001  0.18956219E+001  0.12288070E+002  0.31018993E+002  0.77958420E+002  0.15724766E+003
  0.00000000E+000  0.00000000E+000  0.00000000E+000  0.00000000E+000  0.00000000E+000  0.91506834E-001  0.18955189E+001  0.12287203E+002  0.31016964E+002  0.77952737E+002  0.15722785E+003
  0.00000000E+000  0.00000000E+000  0.00000000E+000  0.00000000E+000  0.00000000E+000  0.91519301E-001  0.18954453E+001  0.12286503E+002  0.31015093E+002  0.77947361E+002  0.15720851E+003
  0.00000000E+000  0.00000000E+000  0.00000000E+000  0.00000000E+000  0.00000000E+000  0.91534135E-001  0.18954017E+001  0.12285972E+002  0.31013388E+002  0.77942311E+002  0.15718970E+003
  0.00000000E+000  0.00000000E+000  0.00000000E+000  0.00000000E+000  0.00000000E+000  0.91551346E-001  0.18953889E+001  0.12285617E+002  0.31011856E+002  0.77937602E+002  0.15717146E+003
  0.00000000E+000  0.00000000E+000  0.00000000E+000  0.00000000E+000  0.00000000E+000  0.91570929E-001  0.18954072E+001  0.12285439E+002  0.31010504E+002  0.77933249E+002  0.15715381E+003
  0.00000000E+000  0.00000000E+000  0.00000000E+000  0.00000000E+000  0.00000000E+000  0.91592866E-001  0.18954572E+001  0.12285441E+002  0.31009336E+002  0.77929266E+002  0.15713680E+003
  0.00000000E+000  0.00000000E+000  0.00000000E+000  0.00000000E+000  0.00000000E+000  0.91617125E-001  0.18955388E+001  0.12285625E+002  0.31008360E+002  0.77925666E+002  0.15712046E+003
  0.00000000E+000  0.00000000E+000  0.00000000E+000  0.00000000E+000  0.00000000E+000  0.91643660E-001  0.18956523E+001  0.12285993E+002  0.31007578E+002  0.77922459E+002  0.15710482E+003
  0.00000000E+000  0.00000000E+000  0.00000000E+000  0.00000000E+000  0.00000000E+000  0.91672410E-001  0.18957976E+001  0.12286543E+002  0.31006995E+002  0.77919656E+002  0.15708991E+003
  0.00000000E+000  0.00000000E+000  0.00000000E+000  0.00000000E+000  0.00000000E+000  0.91703301E-001  0.18959743E+001  0.12287276E+002  0.31006615E+002  0.77917265E+002  0.15707576E+003
  0.00000000E+000  0.00000000E+000  0.00000000E+000  0.00000000E+000  0.00000000E+000  0.91736247E-001  0.18961823E+001  0.12288189E+002  0.31006437E+002  0.77915292E+002  0.15706240E+003
  0.00000000E+000  0.00000000E+000  0.00000000E+000  0.00000000E+000  0.00000000E+000  0.91771143E-001  0.18964210E+001  0.12289282E+002  0.31006465E+002  0.77913744E+002  0.15704985E+003
  0.00000000E+000  0.00000000E+000  0.00000000E+000  0.00000000E+000  0.00000000E+000  0.91807884E-001  0.18966898E+001  0.12290550E+002  0.31006699E+002  0.77912622E+002  0.15703812E+003
  0.00000000E+000  0.00000000E+000  0.00000000E+000  0.00000000E+000  0.00000000E+000  0.91846351E-001  0.18969879E+001  0.12291990E+002  0.31007138E+002  0.77911931E+002  0.15702724E+003
  0.00000000E+000  0.00000000E+000  0.00000000E+000  0.00000000E+000  0.00000000E+000  0.91886416E-001  0.18973146E+001  0.12293598E+002  0.31007781E+002  0.77911670E+002  0.15701722E+003
  0.00000000E+000  0.00000000E+000  0.00000000E+000  0.00000000E+000  0.00000000E+000  0.91927943E-001  0.18976688E+001  0.12295369E+002  0.31008626E+002  0.77911837E+002  0.15700808E+003
  0.00000000E+000  0.00000000E+000  0.00000000E+000  0.00000000E+000  0.00000000E+000  0.91970789E-001  0.18980495E+001  0.12297296E+002  0.31009671E+002  0.77912432E+002  0.15699983E+003
  0.00000000E+000  0.00000000E+000  0.00000000E+000  0.00000000E+000  0.00000000E+000  0.92014806E-001  0.18984556E+001  0.12299374E+002  0.31010912E+002  0.77913449E+002  0.15699247E+003
  0.00000000E+000  0.00000000E+000  0.00000000E+000  0.00000000E+000  0.00000000E+000  0.92059842E-001  0.18988857E+001  0.12301597E+002  0.31012345E+002  0.77914884E+002  0.15698601E+003
  0.00000000E+000  0.00000000E+000  0.00000000E+000  0.00000000E+000  0.00000000E+000  0.92105742E-001  0.18993387E+001  0.12303956E+002  0.31013966E+002  0.77916731E+002  0.15698047E+003
  0.00000000E+000  0.00000000E+000  0.00000000E+000  0.00000000E+000  0.00000000E+000  0.92152347E-001  0.18998132E+001  0.12306444E+002  0.31015769E+002  0.77918981E+002  0.15697583E+003
  0.00000000E+000  0.00000000E+000  0.00000000E+000  0.00000000E+000  0.00000000E+000  0.92199503E-001  0.19003076E+001  0.12309054E+002  0.31017749E+002  0.77921625E+002  0.15697210E+003
  0.00000000E+000  0.00000000E+000  0.00000000E+000  0.00000000E+000  0.00000000E+000  0.92247052E-001  0.19008206E+001  0.12311778E+002  0.31019899E+002  0.77924655E+002  0.15696929E+003
  0.00000000E+000  0.00000000E+000  0.00000000E+000  0.00000000E+000  0.00000000E+000  0.92294842E-001  0.19013507E+001  0.12314606E+002  0.31022214E+002  0.77928059E+002  0.15696738E+003
  0.00000000E+000  0.00000000E+000  0.00000000E+000  0.00000000E+000  0.00000000E+000  0.92342723E-001  0.19018962E+001  0.12317531E+002  0.31024685E+002  0.77931826E+002  0.15696637E+003
  0.00000000E+000  0.00000000E+000  0.00000000E+000  0.00000000E+000  0.00000000E+000  0.92390549E-001  0.19024558E+001  0.12320545E+002  0.31027307E+002  0.77935943E+002  0.15696626E+003
  0.00000000E+000  0.00000000E+000  0.00000000E+000  0.00000000E+000  0.00000000E+000  0.92438181E-001  0.19030277E+001  0.12323638E+002  0.31030070E+002  0.77940399E+002  0.15696703E+003
  0.00000000E+000  0.00000000E+000  0.00000000E+000  0.00000000E+000  0.00000000E+000  0.92485485E-001  0.19036106E+001  0.12326802E+002  0.31032969E+002  0.77945179E+002  0.15696869E+003
  0.00000000E+000  0.00000000E+000  0.00000000E+000  0.00000000E+000  0.00000000E+000  0.92532337E-001  0.19042028E+001  0.12330030E+002  0.31035994E+002  0.77950271E+002  0.15697123E+003
  0.00000000E+000  0.00000000E+000  0.00000000E+000  0.00000000E+000  0.00000000E+000  0.92578616E-001  0.19048028E+001  0.12333311E+002  0.31039139E+002  0.77955660E+002  0.15697462E+003
  0.00000000E+000  0.00000000E+000  0.00000000E+000  0.00000000E+000  0.00000000E+000  0.92624215E-001  0.19054091E+001  0.12336639E+002  0.31042395E+002  0.77961333E+002  0.15697886E+003
  0.00000000E+000  0.00000000E+000  0.00000000E+000  0.00000000E+000  0.00000000E+000  0.92669030E-001  0.19060203E+001  0.12340006E+002  0.31045754E+002  0.77967275E+002  0.15698395E+003
  0.00000000E+000  0.00000000E+000  0.00000000E+000  0.00000000E+000  0.00000000E+000  0.92712972E-001  0.19066349E+001  0.12343403E+002  0.31049208E+002  0.77973472E+002  0.15698986E+003
  0.00000000E+000  0.00000000E+000  0.00000000E+000  0.00000000E+000  0.00000000E+000  0.92755956E-001  0.19072516E+001  0.12346824E+002  0.31052751E+002  0.77979911E+002  0.15699658E+003
  0.00000000E+000  0.00000000E+000  0.00000000E+000  0.00000000E+000  0.00000000E+000  0.92797910E-001  0.19078689E+001  0.12350262E+002  0.31056373E+002  0.77986577E+002  0.15700410E+003
  0.00000000E+000  0.00000000E+000  0.00000000E+000  0.00000000E+000  0.00000000E+000  0.92838770E-001  0.19084857E+001  0.12353709E+002  0.31060068E+002  0.77993457E+002  0.15701241E+003
  0.00000000E+000  0.00000000E+000  0.00000000E+000  0.00000000E+000  0.00000000E+000  0.92878481E-001  0.19091007E+001  0.12357160E+002  0.31063828E+002  0.78000538E+002  0.15702150E+003
  0.00000000E+000  0.00000000E+000  0.00000000E+000  0.00000000E+000  0.00000000E+000  0.92916997E-001  0.19097127E+001  0.12360608E+002  0.31067646E+002  0.78007805E+002  0.15703134E+003
  0.00000000E+000  0.00000000E+000  0.00000000E+000  0.00000000E+000  0.00000000E+000  0.92954282E-001  0.19103205E+001  0.12364048E+002  0.31071516E+002  0.78015248E+002  0.15704192E+003
  0.00000000E+000  0.00000000E+000  0.00000000E+000  0.00000000E+000  0.00000000E+000  0.92990305E-001  0.19109232E+001  0.12367474E+002  0.31075429E+002  0.78022852E+002  0.15705323E+003
  0.00000000E+000  0.00000000E+000  0.00000000E+000  0.00000000E+000  0.00000000E+000  0.93025048E-001  0.19115197E+001  0.12370881E+002  0.31079381E+002  0.78030607E+002  0.15706524E+003
  0.00000000E+000  0.00000000E+000  0.00000000E+000  0.00000000E+000  0.00000000E+000  0.93058495E-001  0.19121091E+001  0.12374265E+002  0.31083364E+002  0.78038500E+002  0.15707796E+003
  0.00000000E+000  0.00000000E+000  0.00000000E+000  0.00000000E+000  0.00000000E+000  0.93090642E-001  0.19126906E+001  0.12377622E+002  0.31087373E+002  0.78046520E+002  0.15709135E+003
  0.00000000E+000  0.00000000E+000  0.00000000E+000  0.00000000E+000  0.00000000E+000  0.93121487E-001  0.19132633E+001  0.12380947E+002  0.31091402E+002  0.78054657E+002  0.15710540E+003
  0.00000000E+000  0.00000000E+000  0.00000000E+000  0.00000000E+000  0.00000000E+000  0.93151037E-001  0.19138264E+001  0.12384237E+002  0.31095445E+002  0.78062899E+002  0.15712009E+003
  0.00000000E+000  0.00000000E+000  0.00000000E+000  0.00000000E+000  0.00000000E+000  0.93179304E-001  0.19143794E+001  0.12387489E+002  0.31099498E+002  0.78071237E+002  0.15713541E+003
  0.00000000E+000  0.00000000E+000  0.00000000E+000  0.00000000E+000  0.00000000E+000  0.93206302E-001  0.19149215E+001  0.12390699E+002  0.31103554E+002  0.78079661E+002  0.15715134E+003
  0.00000000E+000  0.00000000E+000  0.00000000E+000  0.00000000E+000  0.00000000E+000  0.93232053E-001  0.19154522E+001  0.12393865E+002  0.31107609E+002  0.78088161E+002  0.15716786E+003
  0.00000000E+000  0.00000000E+000  0.00000000E+000  0.00000000E+000  0.00000000E+000  0.93256581E-001  0.19159711E+001  0.12396984E+002  0.31111659E+002  0.78096729E+002  0.15718495E+003
  0.00000000E+000  0.00000000E+000  0.00000000E+000  0.00000000E+000  0.00000000E+000  0.93279913E-001  0.19164776E+001  0.12400054E+002  0.31115699E+002  0.78105356E+002  0.15720258E+003
  0.00000000E+000  0.00000000E+000  0.00000000E+000  0.00000000E+000  0.00000000E+000  0.93302079E-001  0.19169715E+001  0.12403074E+002  0.31119725E+002  0.78114033E+002  0.15722075E+003
  0.00000000E+000  0.00000000E+000  0.00000000E+000  0.00000000E+000  0.00000000E+000  0.93323112E-001  0.19174523E+001  0.12406041E+002  0.31123734E+002  0.78122753E+002  0.15723943E+003
  0.00000000E+000  0.00000000E+000  0.00000000E+000  0.00000000E+000  0.00000000E+000  0.93343045E-001  0.19179198E+001  0.12408954E+002  0.31127720E+002  0.78131507E+002  0.15725860E+003
  0.00000000E+000  0.00000000E+000  0.00000000E+000  0.00000000E+000  0.00000000E+000  0.93361916E-001  0.19183738E+001  0.12411812E+002  0.31131682E+002  0.78140288E+002  0.15727824E+003
  0.00000000E+000  0.00000000E+000  0.00000000E+000  0.00000000E+000  0.00000000E+000  0.93379759E-001  0.19188141E+001  0.12414613E+002  0.31135615E+002  0.78149089E+002  0.15729832E+003
  0.00000000E+000  0.00000000E+000  0.00000000E+000  0.00000000E+000  0.00000000E+000  0.93396614E-001  0.19192406E+001  0.12417357E+002  0.31139516E+002  0.78157903E+002  0.15731884E+003
  0.00000000E+000  0.00000000E+000  0.00000000E+000  0.00000000E+000  0.00000000E+000  0.93412519E-001  0.19196532E+001  0.12420042E+002  0.31143383E+002  0.78166723E+002  0.15733975E+003
  0.00000000E+000  0.00000000E+000  0.00000000E+000  0.00000000E+000  0.00000000E+000  0.93427511E-001  0.19200518E+001  0.12422669E+002  0.31147212E+002  0.78175541E+002  0.15736105E+003
  0.00000000E+000  0.00000000E+000  0.00000000E+000  0.00000000E+000  0.00000000E+000  0.93441630E-001  0.19204366E+001  0.12425236E+002  0.31151001E+002  0.78184353E+002  0.15738270E+003
  0.00000000E+000  0.00000000E+000  0.00000000E+000  0.00000000E+000  0.00000000E+000  0.93454914E-001  0.19208074E+001  0.12427744E+002  0.31154748E+002  0.78193151E+002  0.15740469E+003
  0.00000000E+000  0.00000000E+000  0.00000000E+000  0.00000000E+000  0.00000000E+000  0.93467400E-001  0.19211645E+001  0.12430191E+002  0.31158449E+002  0.78201930E+002  0.15742700E+003
  0.00000000E+000  0.00000000E+000  0.00000000E+000  0.00000000E+000  0.00000000E+000  0.93479126E-001  0.19215079E+001  0.12432579E+002  0.31162104E+002  0.78210683E+002  0.15744959E+003
  0.00000000E+000  0.00000000E+000  0.00000000E+000  0.00000000E+000  0.00000000E+000  0.93490129E-001  0.19218379E+001  0.12434906E+002  0.31165709E+002  0.78219405E+002  0.15747246E+003
  0.00000000E+000  0.00000000E+000  0.00000000E+000  0.00000000E+000  0.00000000E+000  0.93500444E-001  0.19221545E+001  0.12437174E+002  0.31169264E+002  0.78228091E+002  0.15749556E+003
  0.00000000E+000  0.00000000E+000  0.00000000E+000  0.00000000E+000  0.00000000E+000  0.93510107E-001  0.19224580E+001  0.12439381E+002  0.31172765E+002  0.78236735E+002  0.15751889E+003
  0.00000000E+000  0.00000000E+000  0.00000000E+000  0.00000000E+000  0.00000000E+000  0.93519152E-001  0.19227486E+001  0.12441529E+002  0.31176213E+002  0.78245332E+002  0.15754242E+003
  0.00000000E+000  0.00000000E+000  0.00000000E+000  0.00000000E+000  0.00000000E+000  0.93527612E-001  0.19230266E+001  0.12443617E+002  0.31179605E+002  0.78253876E+002  0.15756612E+003
  0.00000000E+000  0.00000000E+000  0.00000000E+000  0.00000000E+000  0.00000000E+000  0.93535519E-001  0.19232923E+001  0.12445647E+002  0.31182939E+002  0.78262364E+002  0.15758997E+003
  0.00000000E+000  0.00000000E+000  0.00000000E+000  0.00000000E+000  0.00000000E+000  0.93542904E-001  0.19235460E+001  0.12447618E+002  0.31186216E+002  0.78270791E+002  0.15761395E+003
  0.00000000E+000  0.00000000E+000  0.00000000E+000  0.00000000E+000  0.00000000E+000  0.93549797E-001  0.19237879E+001  0.12449532E+002  0.31189433E+002  0.78279151E+002  0.15763804E+003
  0.00000000E+000  0.00000000E+000  0.00000000E+000  0.00000000E+000  0.00000000E+000  0.93556227E-001  0.19240185E+001  0.12451389E+002  0.31192590E+002  0.78287441E+002  0.15766222E+003
  0.00000000E+000  0.00000000E+000  0.00000000E+000  0.00000000E+000  0.00000000E+000  0.93562221E-001  0.19242381E+001  0.12453189E+002  0.31195686E+002  0.78295657E+002  0.15768646E+003
  0.00000000E+000  0.00000000E+000  0.00000000E+000  0.00000000E+000  0.00000000E+000  0.93567807E-001  0.19244470E+001  0.12454933E+002  0.31198721E+002  0.78303794E+002  0.15771075E+003
  0.00000000E+000  0.00000000E+000  0.00000000E+000  0.00000000E+000  0.00000000E+000  0.93573009E-001  0.19246455E+001  0.12456623E+002  0.31201693E+002  0.78311849E+002  0.15773505E+003
  0.00000000E+000  0.00000000E+000  0.00000000E+000  0.00000000E+000  0.00000000E+000  0.93577852E-001  0.19248341E+001  0.12458259E+002  0.31204603E+002  0.78319817E+002  0.15775936E+003
  0.00000000E+000  0.00000000E+000  0.00000000E+000  0.00000000E+000  0.00000000E+000  0.93582360E-001  0.19250131E+001  0.12459841E+002  0.31207449E+002  0.78327697E+002  0.15778365E+003
  0.00000000E+000  0.00000000E+000  0.00000000E+000  0.00000000E+000  0.00000000E+000  0.93586554E-001  0.19251829E+001  0.12461372E+002  0.31210233E+002  0.78335484E+002  0.15780790E+003
  0.00000000E+000  0.00000000E+000  0.00000000E+000  0.00000000E+000  0.00000000E+000  0.93590455E-001  0.19253438E+001  0.12462851E+002  0.31212953E+002  0.78343175E+002  0.15783210E+003
  0.00000000E+000  0.00000000E+000  0.00000000E+000  0.00000000E+000  0.00000000E+000  0.93594084E-001  0.19254963E+001  0.12464280E+002  0.31215610E+002  0.78350767E+002  0.15785623E+003
  0.00000000E+000  0.00000000E+000  0.00000000E+000  0.00000000E+000  0.00000000E+000  0.93597459E-001  0.19256406E+001  0.12465661E+002  0.31218204E+002  0.78358259E+002  0.15788026E+003
  0.00000000E+000  0.00000000E+000  0.00000000E+000  0.00000000E+000  0.00000000E+000  0.93600600E-001  0.19257771E+001  0.12466993E+002  0.31220735E+002  0.78365646E+002  0.15790418E+003
  0.00000000E+000  0.00000000E+000  0.00000000E+000  0.00000000E+000  0.00000000E+000  0.93603522E-001  0.19259062E+001  0.12468278E+002  0.31223202E+002  0.78372927E+002  0.15792798E+003
  0.00000000E+000  0.00000000E+000  0.00000000E+000  0.00000000E+000  0.00000000E+000  0.93606242E-001  0.19260283E+001  0.12469518E+002  0.31225608E+002  0.78380100E+002  0.15795163E+003
  0.00000000E+000  0.00000000E+000  0.00000000E+000  0.00000000E+000  0.00000000E+000  0.93608775E-001  0.19261436E+001  0.12470713E+002  0.31227951E+002  0.78387162E+002  0.15797513E+003
  0.00000000E+000  0.00000000E+000  0.00000000E+000  0.00000000E+000  0.00000000E+000  0.93611136E-001  0.19262526E+001  0.12471864E+002  0.31230233E+002  0.78394112E+002  0.15799846E+003
  0.00000000E+000  0.00000000E+000  0.00000000E+000  0.00000000E+000  0.00000000E+000  0.93613338E-001  0.19263555E+001  0.12472973E+002  0.31232453E+002  0.78400948E+002  0.15802160E+003
  0.00000000E+000  0.00000000E+000  0.00000000E+000  0.00000000E+000  0.00000000E+000  0.93615394E-001  0.19264526E+001  0.12474041E+002  0.31234614E+002  0.78407668E+002  0.15804454E+003
  0.00000000E+000  0.00000000E+000  0.00000000E+000  0.00000000E+000  0.00000000E+000  0.93617316E-001  0.19265443E+001  0.12475069E+002  0.31236714E+002  0.78414272E+002  0.15806728E+003
  0.00000000E+000  0.00000000E+000  0.00000000E+000  0.00000000E+000  0.00000000E+000  0.93619114E-001  0.19266309E+001  0.12476059E+002  0.31238756E+002  0.78420759E+002  0.15808978E+003
  0.00000000E+000  0.00000000E+000  0.00000000E+000  0.00000000E+000  0.00000000E+000  0.93620800E-001  0.19267125E+001  0.12477010E+002  0.31240739E+002  0.78427126E+002  0.15811206E+003
  0.00000000E+000  0.00000000E+000  0.00000000E+000  0.00000000E+000  0.00000000E+000  0.93622383E-001  0.19267896E+001  0.12477925E+002  0.31242665E+002  0.78433374E+002  0.15813408E+003
  0.00000000E+000  0.00000000E+000  0.00000000E+000  0.00000000E+000  0.00000000E+000  0.93623872E-001  0.19268624E+001  0.12478805E+002  0.31244535E+002  0.78439501E+002  0.15815586E+003
  0.00000000E+000  0.00000000E+000  0.00000000E+000  0.00000000E+000  0.00000000E+000  0.93625275E-001  0.19269311E+001  0.12479651E+002  0.31246349E+002  0.78445508E+002  0.15817736E+003
  0.00000000E+000  0.00000000E+000  0.00000000E+000  0.00000000E+000  0.00000000E+000  0.93626601E-001  0.19269960E+001  0.12480463E+002  0.31248109E+002  0.78451394E+002  0.15819859E+003
  0.00000000E+000  0.00000000E+000  0.00000000E+000  0.00000000E+000  0.00000000E+000  0.93627856E-001  0.19270572E+001  0.12481244E+002  0.31249815E+002  0.78457159E+002  0.15821954E+003
  0.00000000E+000  0.00000000E+000  0.00000000E+000  0.00000000E+000  0.00000000E+000  0.93629047E-001  0.19271151E+001  0.12481994E+002  0.31251469E+002  0.78462802E+002  0.15824020E+003
  0.00000000E+000  0.00000000E+000  0.00000000E+000  0.00000000E+000  0.00000000E+000  0.93630180E-001  0.19271698E+001  0.12482714E+002  0.31253071E+002  0.78468325E+002  0.15826055E+003
  0.00000000E+000  0.00000000E+000  0.00000000E+000  0.00000000E+000  0.00000000E+000  0.93631261E-001  0.19272215E+001  0.12483406E+002  0.31254623E+002  0.78473726E+002  0.15828061E+003
  0.00000000E+000  0.00000000E+000  0.00000000E+000  0.00000000E+000  0.00000000E+000  0.93632296E-001  0.19272705E+001  0.12484069E+002  0.31256126E+002  0.78479007E+002  0.15830035E+003
  0.00000000E+000  0.00000000E+000  0.00000000E+000  0.00000000E+000  0.00000000E+000  0.93633287E-001  0.19273168E+001  0.12484707E+002  0.31257580E+002  0.78484168E+002  0.15831978E+003
  0.00000000E+000  0.00000000E+000  0.00000000E+000  0.00000000E+000  0.00000000E+000  0.93634241E-001  0.19273607E+001  0.12485318E+002  0.31258987E+002  0.78489209E+002  0.15833889E+003
  0.00000000E+000  0.00000000E+000  0.00000000E+000  0.00000000E+000  0.00000000E+000  0.93635162E-001  0.19274024E+001  0.12485906E+002  0.31260349E+002  0.78494132E+002  0.15835768E+003
  0.00000000E+000  0.00000000E+000  0.00000000E+000  0.00000000E+000  0.00000000E+000  0.93636052E-001  0.19274418E+001  0.12486469E+002  0.31261665E+002  0.78498936E+002  0.15837613E+003
  0.00000000E+000  0.00000000E+000  0.00000000E+000  0.00000000E+000  0.00000000E+000  0.93636915E-001  0.19274793E+001  0.12487010E+002  0.31262938E+002  0.78503624E+002  0.15839425E+003
  0.00000000E+000  0.00000000E+000  0.00000000E+000  0.00000000E+000  0.00000000E+000  0.93637754E-001  0.19275150E+001  0.12487529E+002  0.31264168E+002  0.78508196E+002  0.15841204E+003
  0.00000000E+000  0.00000000E+000  0.00000000E+000  0.00000000E+000  0.00000000E+000  0.93638572E-001  0.19275489E+001  0.12488027E+002  0.31265357E+002  0.78512653E+002  0.15842949E+003
  0.00000000E+000  0.00000000E+000  0.00000000E+000  0.00000000E+000  0.00000000E+000  0.93639373E-001  0.19275812E+001  0.12488505E+002  0.31266505E+002  0.78516996E+002  0.15844661E+003
  0.00000000E+000  0.00000000E+000  0.00000000E+000  0.00000000E+000  0.00000000E+000  0.93640157E-001  0.19276120E+001  0.12488964E+002  0.31267614E+002  0.78521227E+002  0.15846338E+003
  0.00000000E+000  0.00000000E+000  0.00000000E+000  0.00000000E+000  0.00000000E+000  0.93640929E-001  0.19276414E+001  0.12489404E+002  0.31268685E+002  0.78525347E+002  0.15847981E+003
  0.00000000E+000  0.00000000E+000  0.00000000E+000  0.00000000E+000  0.00000000E+000  0.93641689E-001  0.19276695E+001  0.12489827E+002  0.31269719E+002  0.78529357E+002  0.15849590E+003
  0.00000000E+000  0.00000000E+000  0.00000000E+000  0.00000000E+000  0.00000000E+000  0.93642441E-001  0.19276964E+001  0.12490232E+002  0.31270717E+002  0.78533260E+002  0.15851165E+003
  0.00000000E+000  0.00000000E+000  0.00000000E+000  0.00000000E+000  0.00000000E+000  0.93643187E-001  0.19277222E+001  0.12490622E+002  0.31271681E+002  0.78537056E+002  0.15852706E+003
  0.00000000E+000  0.00000000E+000  0.00000000E+000  0.00000000E+000  0.00000000E+000  0.93643929E-001  0.19277469E+001  0.12490996E+002  0.31272610E+002  0.78540747E+002  0.15854213E+003
  0.00000000E+000  0.00000000E+000  0.00000000E+000  0.00000000E+000  0.00000000E+000  0.93644669E-001  0.19277707E+001  0.12491356E+002  0.31273507E+002  0.78544335E+002  0.15855686E+003
  0.00000000E+000  0.00000000E+000  0.00000000E+000  0.00000000E+000  0.00000000E+000  0.93645410E-001  0.19277937E+001  0.12491701E+002  0.31274372E+002  0.78547822E+002  0.15857126E+003
  0.00000000E+000  0.00000000E+000  0.00000000E+000  0.00000000E+000  0.00000000E+000  0.93646154E-001  0.19278158E+001  0.12492033E+002  0.31275207E+002  0.78551209E+002  0.15858531E+003
  0.00000000E+000  0.00000000E+000  0.00000000E+000  0.00000000E+000  0.00000000E+000  0.93646903E-001  0.19278373E+001  0.12492352E+002  0.31276012E+002  0.78554499E+002  0.15859904E+003
  0.00000000E+000  0.00000000E+000  0.00000000E+000  0.00000000E+000  0.00000000E+000  0.93647659E-001  0.19278581E+001  0.12492660E+002  0.31276789E+002  0.78557694E+002  0.15861243E+003
  0.00000000E+000  0.00000000E+000  0.00000000E+000  0.00000000E+000  0.00000000E+000  0.93648425E-001  0.19278784E+001  0.12492956E+002  0.31277539E+002  0.78560795E+002  0.15862550E+003
  0.00000000E+000  0.00000000E+000  0.00000000E+000  0.00000000E+000  0.00000000E+000  0.93649200E-001  0.19278982E+001  0.12493241E+002  0.31278262E+002  0.78563805E+002  0.15863825E+003
  0.00000000E+000  0.00000000E+000  0.00000000E+000  0.00000000E+000  0.00000000E+000  0.93649986E-001  0.19279176E+001  0.12493517E+002  0.31278961E+002  0.78566727E+002  0.15865068E+003
  0.00000000E+000  0.00000000E+000  0.00000000E+000  0.00000000E+000  0.00000000E+000  0.93650781E-001  0.19279368E+001  0.12493784E+002  0.31279635E+002  0.78569562E+002  0.15866279E+003
  0.00000000E+000  0.00000000E+000  0.00000000E+000  0.00000000E+000  0.00000000E+000  0.93651585E-001  0.19279557E+001  0.12494042E+002  0.31280288E+002  0.78572314E+002  0.15867460E+003
  0.00000000E+000  0.00000000E+000  0.00000000E+000  0.00000000E+000  0.00000000E+000  0.93652388E-001  0.19279743E+001  0.12494292E+002  0.31280918E+002  0.78574985E+002  0.15868610E+003
  0.00000000E+000  0.00000000E+000  0.00000000E+000  0.00000000E+000  0.00000000E+000  0.93653195E-001  0.19279929E+001  0.12494536E+002  0.31281529E+002  0.78577580E+002  0.15869731E+003
  0.00000000E+000  0.00000000E+000  0.00000000E+000  0.00000000E+000  0.00000000E+000  0.93653963E-001  0.19280111E+001  0.12494773E+002  0.31282120E+002  0.78580100E+002  0.15870823E+003
  0.00000000E+000  0.00000000E+000  0.00000000E+000  0.00000000E+000  0.00000000E+000  0.93654760E-001  0.19280297E+001  0.12495007E+002  0.31282697E+002  0.78582559E+002  0.15871891E+003
