 -0.48122037E+000 -0.23336945E+000 -0.54907317E-002 -0.45313024E-002 -0.16530146E-002  0.22934688E+000  0.34247353E+001  0.16556435E+002  0.33185592E+002  0.10316519E+003  0.17234824E+003
 -0.48129100E+000 -0.23472907E+000 -0.54926660E-002 -0.45332345E-002 -0.16549401E-002  0.22932290E+000  0.34246994E+001  0.16556415E+002  0.33051994E+002  0.10316509E+003  0.17234807E+003
 -0.48134419E+000 -0.23503555E+000 -0.54941938E-002 -0.45347471E-002 -0.16564069E-002  0.22931660E+000  0.34246891E+001  0.16556412E+002  0.32997107E+002  0.99183549E+002  0.17234801E+003
 -0.48138239E+000 -0.23526651E+000 -0.54953705E-002 -0.45359197E-002 -0.16575672E-002  0.22931324E+000  0.34246830E+001  0.16556411E+002  0.32950322E+002  0.92285909E+002  0.17234797E+003
 -0.48140832E+000 -0.23543485E+000 -0.54962552E-002 -0.45368136E-002 -0.16584889E-002  0.22931076E+000  0.34246782E+001  0.16556410E+002  0.32910185E+002  0.89216005E+002  0.17234795E+003
 -0.48142469E+000 -0.23555271E+000 -0.54969027E-002 -0.45374816E-002 -0.16592185E-002  0.22930878E+000  0.34246743E+001  0.16556410E+002  0.32875802E+002  0.87499198E+002  0.17234792E+003
 -0.48143387E+000 -0.23563067E+000 -0.54973598E-002 -0.45379680E-002 -0.16597927E-002  0.22930716E+000  0.34246711E+001  0.16556409E+002  0.32861044E+002  0.86320948E+002  0.17234790E+003
 -0.48143782E+000 -0.23567757E+000 -0.54976650E-002 -0.45383091E-002 -0.16602414E-002  0.22930582E+000  0.34246683E+001  0.16556408E+002  0.32850910E+002  0.85359494E+002  0.17234789E+003
 -0.48143810E+000 -0.23570068E+000 -0.54978501E-002 -0.45385348E-002 -0.16605890E-002  0.22930473E+000  0.34246660E+001  0.16556407E+002  0.32842001E+002  0.84627024E+002  0.17234787E+003
 -0.48143589E+000 -0.23570591E+000 -0.54979409E-002 -0.45386697E-002 -0.16608560E-002  0.22930382E+000  0.34246639E+001  0.16556407E+002  0.32834081E+002  0.84239627E+002  0.17234786E+003
 -0.48143207E+000 -0.23569799E+000 -0.54979584E-002 -0.45387335E-002 -0.16610589E-002  0.22930306E+000  0.34246621E+001  0.16556406E+002  0.32827002E+002  0.83992841E+002  0.17234785E+003
 -0.48142729E+000 -0.23568073E+000 -0.54979197E-002 -0.45387427E-002 -0.16612117E-002  0.22930243E+000  0.34246605E+001  0.16556406E+002  0.32820633E+002  0.83620400E+002  0.17234784E+003
 -0.48142201E+000 -0.23565710E+000 -0.54978386E-002 -0.45387104E-002 -0.16613258E-002  0.22930189E+000  0.34246591E+001  0.16556405E+002  0.32814867E+002  0.83323191E+002  0.17234782E+003
 -0.48141657E+000 -0.23562944E+000 -0.54977264E-002 -0.45386474E-002 -0.16614105E-002  0.22930143E+000  0.34246579E+001  0.16556404E+002  0.32809610E+002  0.83054121E+002  0.17234782E+003
 -0.48141120E+000 -0.23559956E+000 -0.54975924E-002 -0.45385627E-002 -0.16614736E-002  0.22930102E+000  0.34246567E+001  0.16556404E+002  0.32804789E+002  0.82843105E+002  0.17234781E+003
 -0.48140603E+000 -0.23556880E+000 -0.54974439E-002 -0.45384633E-002 -0.16615216E-002  0.22930064E+000  0.34246557E+001  0.16556403E+002  0.32800363E+002  0.82663759E+002  0.17234780E+003
 -0.48140118E+000 -0.23553818E+000 -0.54972869E-002 -0.45383551E-002 -0.16615598E-002  0.22930030E+000  0.34246547E+001  0.16556403E+002  0.32796267E+002  0.82497826E+002  0.17234779E+003
 -0.48139669E+000 -0.23550843E+000 -0.54971261E-002 -0.45382427E-002 -0.16615924E-002  0.22929997E+000  0.34246539E+001  0.16556402E+002  0.32792447E+002  0.82343119E+002  0.17234778E+003
 -0.48139259E+000 -0.23548005E+000 -0.54969655E-002 -0.45381299E-002 -0.16616231E-002  0.22929965E+000  0.34246530E+001  0.16556402E+002  0.32788858E+002  0.82251158E+002  0.17234777E+003
 -0.48138889E+000 -0.23545337E+000 -0.54968080E-002 -0.45380196E-002 -0.16616547E-002  0.22929934E+000  0.34246523E+001  0.16556401E+002  0.32779248E+002  0.82176009E+002  0.17234777E+003
 -0.48138558E+000 -0.23542859E+000 -0.54966557E-002 -0.45379142E-002 -0.16616896E-002  0.22929902E+000  0.34246515E+001  0.16556401E+002  0.32734952E+002  0.82104315E+002  0.17234776E+003
 -0.48138265E+000 -0.23540581E+000 -0.54965106E-002 -0.45378153E-002 -0.16617297E-002  0.22929870E+000  0.34246508E+001  0.16556400E+002  0.32704853E+002  0.82035414E+002  0.17234775E+003
 -0.48138007E+000 -0.23538505E+000 -0.54963737E-002 -0.45377243E-002 -0.16617765E-002  0.22929838E+000  0.34246501E+001  0.16556400E+002  0.32702639E+002  0.81968728E+002  0.17234775E+003
 -0.48137783E+000 -0.23536628E+000 -0.54962458E-002 -0.45376422E-002 -0.16618313E-002  0.22929805E+000  0.34246494E+001  0.16556399E+002  0.32700480E+002  0.81903751E+002  0.17234774E+003
 -0.48137589E+000 -0.23534940E+000 -0.54961276E-002 -0.45375694E-002 -0.16618950E-002  0.22929771E+000  0.34246487E+001  0.16556399E+002  0.32698362E+002  0.81793724E+002  0.17234773E+003
 -0.48137422E+000 -0.23533433E+000 -0.54960192E-002 -0.45375065E-002 -0.16619683E-002  0.22929735E+000  0.34246480E+001  0.16556398E+002  0.32695366E+002  0.81697427E+002  0.17234773E+003
 -0.48137281E+000 -0.23532094E+000 -0.54959206E-002 -0.45374534E-002 -0.16620518E-002  0.22929699E+000  0.34246473E+001  0.16556398E+002  0.32691921E+002  0.81627224E+002  0.17234772E+003
 -0.48137162E+000 -0.23530908E+000 -0.54958317E-002 -0.45374102E-002 -0.16621460E-002  0.22929661E+000  0.34246466E+001  0.16556397E+002  0.32688482E+002  0.81557273E+002  0.17234771E+003
 -0.48137063E+000 -0.23529863E+000 -0.54957520E-002 -0.45373767E-002 -0.16622511E-002  0.22929622E+000  0.34246459E+001  0.16556397E+002  0.32685034E+002  0.81487269E+002  0.17234771E+003
 -0.48136982E+000 -0.23528944E+000 -0.54956811E-002 -0.45373526E-002 -0.16623672E-002  0.22929582E+000  0.34246452E+001  0.16556396E+002  0.32681564E+002  0.81416937E+002  0.17234770E+003
 -0.48136917E+000 -0.23528137E+000 -0.54956185E-002 -0.45373374E-002 -0.16624944E-002  0.22929540E+000  0.34246444E+001  0.16556396E+002  0.32678060E+002  0.81346037E+002  0.17234769E+003
 -0.48136865E+000 -0.23527429E+000 -0.54955636E-002 -0.45373308E-002 -0.16626327E-002  0.22929496E+000  0.34246437E+001  0.16556395E+002  0.32674512E+002  0.81274353E+002  0.17234769E+003
 -0.48136826E+000 -0.23526807E+000 -0.54955157E-002 -0.45373323E-002 -0.16627819E-002  0.22929451E+000  0.34246429E+001  0.16556395E+002  0.32670911E+002  0.81201694E+002  0.17234768E+003
 -0.48136796E+000 -0.23526258E+000 -0.54954742E-002 -0.45373411E-002 -0.16629419E-002  0.22929404E+000  0.34246421E+001  0.16556394E+002  0.32667247E+002  0.81187386E+002  0.17234767E+003
 -0.48136776E+000 -0.23525772E+000 -0.54954385E-002 -0.45373569E-002 -0.16631123E-002  0.22929355E+000  0.34246412E+001  0.16556394E+002  0.32663516E+002  0.81179987E+002  0.17234766E+003
 -0.48136763E+000 -0.23525339E+000 -0.54954078E-002 -0.45373791E-002 -0.16632929E-002  0.22929305E+000  0.34246403E+001  0.16556393E+002  0.32659710E+002  0.81172448E+002  0.17234766E+003
 -0.48136756E+000 -0.23524949E+000 -0.54953816E-002 -0.45374069E-002 -0.16634830E-002  0.22929252E+000  0.34246394E+001  0.16556392E+002  0.32655824E+002  0.81164759E+002  0.17234765E+003
 -0.48136754E+000 -0.23524595E+000 -0.54953592E-002 -0.45374400E-002 -0.16636824E-002  0.22929197E+000  0.34246385E+001  0.16556392E+002  0.32651856E+002  0.81156910E+002  0.17234764E+003
 -0.48136756E+000 -0.23524268E+000 -0.54953401E-002 -0.45374776E-002 -0.16638902E-002  0.22929140E+000  0.34246375E+001  0.16556391E+002  0.32647802E+002  0.81148894E+002  0.17234763E+003
 -0.48136762E+000 -0.23523962E+000 -0.54953237E-002 -0.45375192E-002 -0.16641059E-002  0.22929081E+000  0.34246366E+001  0.16556391E+002  0.32643659E+002  0.81140706E+002  0.17234762E+003
 -0.48136770E+000 -0.23523671E+000 -0.54953096E-002 -0.45375644E-002 -0.16643288E-002  0.22929020E+000  0.34246355E+001  0.16556390E+002  0.32639427E+002  0.80985798E+002  0.17234761E+003
 -0.48136780E+000 -0.23523391E+000 -0.54952973E-002 -0.45376124E-002 -0.16645580E-002  0.22928957E+000  0.34246345E+001  0.16556389E+002  0.32635105E+002  0.80705117E+002  0.17234761E+003
 -0.48136791E+000 -0.23523118E+000 -0.54952864E-002 -0.45376629E-002 -0.16647926E-002  0.22928891E+000  0.34246334E+001  0.16556389E+002  0.32630693E+002  0.80650365E+002  0.17234760E+003
 -0.48136803E+000 -0.23522847E+000 -0.54952765E-002 -0.45377153E-002 -0.16650316E-002  0.22928823E+000  0.34246323E+001  0.16556388E+002  0.32626192E+002  0.80594484E+002  0.17234759E+003
 -0.48136814E+000 -0.23522576E+000 -0.54952674E-002 -0.45377691E-002 -0.16652741E-002  0.22928753E+000  0.34246312E+001  0.16556387E+002  0.32621604E+002  0.80537489E+002  0.17234758E+003
 -0.48136825E+000 -0.23522301E+000 -0.54952588E-002 -0.45378238E-002 -0.16655190E-002  0.22928682E+000  0.34246300E+001  0.16556386E+002  0.32616932E+002  0.80479400E+002  0.17234757E+003
 -0.48136835E+000 -0.23522020E+000 -0.54952503E-002 -0.45378790E-002 -0.16657653E-002  0.22928608E+000  0.34246289E+001  0.16556386E+002  0.32612179E+002  0.80420251E+002  0.17234756E+003
 -0.48136843E+000 -0.23521731E+000 -0.54952417E-002 -0.45379342E-002 -0.16660117E-002  0.22928533E+000  0.34246277E+001  0.16556385E+002  0.32607348E+002  0.80360083E+002  0.17234755E+003
 -0.48136849E+000 -0.23521431E+000 -0.54952329E-002 -0.45379889E-002 -0.16662572E-002  0.22928457E+000  0.34246265E+001  0.16556384E+002  0.32602446E+002  0.80302987E+002  0.17234754E+003
 -0.48136852E+000 -0.23521118E+000 -0.54952236E-002 -0.45380428E-002 -0.16665005E-002  0.22928380E+000  0.34246254E+001  0.16556384E+002  0.32597477E+002  0.80253808E+002  0.17234753E+003
 -0.48136852E+000 -0.23520791E+000 -0.54952136E-002 -0.45380953E-002 -0.16667406E-002  0.22928302E+000  0.34246242E+001  0.16556383E+002  0.32558704E+002  0.80203963E+002  0.17234752E+003
 -0.48136848E+000 -0.23520447E+000 -0.54952027E-002 -0.45381460E-002 -0.16669762E-002  0.22928224E+000  0.34246230E+001  0.16556382E+002  0.32553169E+002  0.80153514E+002  0.17234750E+003
 -0.48136840E+000 -0.23520083E+000 -0.54951908E-002 -0.45381946E-002 -0.16672062E-002  0.22928146E+000  0.34246218E+001  0.16556381E+002  0.32547586E+002  0.80102531E+002  0.17234749E+003
 -0.48136827E+000 -0.23519699E+000 -0.54951777E-002 -0.45382406E-002 -0.16674295E-002  0.22928069E+000  0.34246207E+001  0.16556381E+002  0.32541964E+002  0.80051088E+002  0.17234748E+003
 -0.48136809E+000 -0.23519291E+000 -0.54951633E-002 -0.45382837E-002 -0.16676450E-002  0.22927992E+000  0.34246195E+001  0.16556380E+002  0.32536314E+002  0.79999269E+002  0.17234747E+003
 -0.48136785E+000 -0.23518858E+000 -0.54951474E-002 -0.45383234E-002 -0.16678515E-002  0.22927917E+000  0.34246184E+001  0.16556379E+002  0.32530647E+002  0.79962704E+002  0.17234746E+003
 -0.48136755E+000 -0.23518398E+000 -0.54951298E-002 -0.45383594E-002 -0.16680481E-002  0.22927843E+000  0.34246173E+001  0.16556378E+002  0.32524977E+002  0.79958356E+002  0.17234745E+003
 -0.48136718E+000 -0.23517908E+000 -0.54951106E-002 -0.45383913E-002 -0.16682336E-002  0.22927772E+000  0.34246163E+001  0.16556378E+002  0.32519315E+002  0.79954001E+002  0.17234743E+003
 -0.48136674E+000 -0.23517388E+000 -0.54950895E-002 -0.45384189E-002 -0.16684071E-002  0.22927703E+000  0.34246152E+001  0.16556377E+002  0.32513676E+002  0.79949647E+002  0.17234742E+003
 -0.48136623E+000 -0.23516836E+000 -0.54950665E-002 -0.45384418E-002 -0.16685677E-002  0.22927638E+000  0.34246143E+001  0.16556376E+002  0.32508074E+002  0.79945303E+002  0.17234741E+003
 -0.48136564E+000 -0.23516251E+000 -0.54950415E-002 -0.45384597E-002 -0.16687144E-002  0.22927575E+000  0.34246133E+001  0.16556375E+002  0.32502523E+002  0.79940980E+002  0.17234740E+003
 -0.48136497E+000 -0.23515631E+000 -0.54950144E-002 -0.45384723E-002 -0.16688463E-002  0.22927517E+000  0.34246124E+001  0.16556375E+002  0.32497041E+002  0.79936687E+002  0.17234739E+003
 -0.48136421E+000 -0.23514976E+000 -0.54949851E-002 -0.45384795E-002 -0.16689628E-002  0.22927462E+000  0.34246116E+001  0.16556374E+002  0.32491641E+002  0.79932435E+002  0.17234737E+003
 -0.48136337E+000 -0.23514285E+000 -0.54949536E-002 -0.45384809E-002 -0.16690629E-002  0.22927413E+000  0.34246109E+001  0.16556374E+002  0.32486341E+002  0.79813968E+002  0.17234736E+003
 -0.48136245E+000 -0.23513557E+000 -0.54949200E-002 -0.45384765E-002 -0.16691461E-002  0.22927368E+000  0.34246102E+001  0.16556373E+002  0.32481158E+002  0.79654104E+002  0.17234735E+003
 -0.48136143E+000 -0.23512793E+000 -0.54948840E-002 -0.45384659E-002 -0.16692117E-002  0.22927328E+000  0.34246095E+001  0.16556372E+002  0.32476107E+002  0.79625680E+002  0.17234734E+003
 -0.48136033E+000 -0.23511992E+000 -0.54948458E-002 -0.45384491E-002 -0.16692591E-002  0.22927293E+000  0.34246090E+001  0.16556372E+002  0.32471207E+002  0.79597847E+002  0.17234732E+003
 -0.48135914E+000 -0.23511154E+000 -0.54948054E-002 -0.45384259E-002 -0.16692878E-002  0.22927265E+000  0.34246085E+001  0.16556371E+002  0.32466473E+002  0.79570683E+002  0.17234731E+003
 -0.48135785E+000 -0.23510279E+000 -0.54947626E-002 -0.45383963E-002 -0.16692974E-002  0.22927242E+000  0.34246081E+001  0.16556371E+002  0.32461922E+002  0.79544268E+002  0.17234730E+003
 -0.48135647E+000 -0.23509368E+000 -0.54947177E-002 -0.45383601E-002 -0.16692876E-002  0.22927226E+000  0.34246078E+001  0.16556371E+002  0.32457572E+002  0.79518677E+002  0.17234729E+003
 -0.48135501E+000 -0.23508422E+000 -0.54946705E-002 -0.45383174E-002 -0.16692580E-002  0.22927216E+000  0.34246076E+001  0.16556370E+002  0.32453768E+002  0.79493990E+002  0.17234728E+003
 -0.48135345E+000 -0.23507439E+000 -0.54946211E-002 -0.45382680E-002 -0.16692087E-002  0.22927214E+000  0.34246075E+001  0.16556370E+002  0.32450681E+002  0.79470280E+002  0.17234727E+003
 -0.48135180E+000 -0.23506423E+000 -0.54945696E-002 -0.45382121E-002 -0.16691394E-002  0.22927218E+000  0.34246075E+001  0.16556370E+002  0.32447790E+002  0.79447623E+002  0.17234725E+003
 -0.48135007E+000 -0.23505372E+000 -0.54945161E-002 -0.45381496E-002 -0.16690502E-002  0.22927229E+000  0.34246076E+001  0.16556369E+002  0.32445106E+002  0.79426088E+002  0.17234724E+003
 -0.48134824E+000 -0.23504288E+000 -0.54944605E-002 -0.45380806E-002 -0.16689411E-002  0.22927248E+000  0.34246077E+001  0.16556369E+002  0.32442640E+002  0.79405743E+002  0.17234723E+003
 -0.48134634E+000 -0.23503172E+000 -0.54944029E-002 -0.45380053E-002 -0.16688124E-002  0.22927274E+000  0.34246080E+001  0.16556369E+002  0.32440403E+002  0.79391042E+002  0.17234722E+003
 -0.48134435E+000 -0.23502025E+000 -0.54943435E-002 -0.45379237E-002 -0.16686644E-002  0.22927308E+000  0.34246084E+001  0.16556369E+002  0.32438404E+002  0.79377704E+002  0.17234721E+003
 -0.48134228E+000 -0.23500849E+000 -0.54942822E-002 -0.45378360E-002 -0.16684975E-002  0.22927349E+000  0.34246089E+001  0.16556369E+002  0.32436652E+002  0.79365397E+002  0.17234720E+003
 -0.48134013E+000 -0.23499646E+000 -0.54942193E-002 -0.45377425E-002 -0.16683121E-002  0.22927398E+000  0.34246095E+001  0.16556369E+002  0.32435154E+002  0.79354159E+002  0.17234719E+003
 -0.48133791E+000 -0.23498416E+000 -0.54941546E-002 -0.45376432E-002 -0.16681088E-002  0.22927455E+000  0.34246102E+001  0.16556369E+002  0.32433918E+002  0.79344027E+002  0.17234718E+003
 -0.48133563E+000 -0.23497161E+000 -0.54940885E-002 -0.45375384E-002 -0.16678882E-002  0.22927519E+000  0.34246110E+001  0.16556369E+002  0.32432950E+002  0.79335032E+002  0.17234717E+003
 -0.48133327E+000 -0.23495884E+000 -0.54940209E-002 -0.45374284E-002 -0.16676511E-002  0.22927591E+000  0.34246119E+001  0.16556369E+002  0.32432253E+002  0.79327201E+002  0.17234717E+003
 -0.48133086E+000 -0.23494585E+000 -0.54939519E-002 -0.45373135E-002 -0.16673983E-002  0.22927670E+000  0.34246129E+001  0.16556370E+002  0.32431832E+002  0.79320556E+002  0.17234716E+003
 -0.48132839E+000 -0.23493266E+000 -0.54938818E-002 -0.45371940E-002 -0.16671307E-002  0.22927756E+000  0.34246140E+001  0.16556370E+002  0.32431690E+002  0.79315117E+002  0.17234715E+003
 -0.48132586E+000 -0.23491929E+000 -0.54938105E-002 -0.45370702E-002 -0.16668493E-002  0.22927849E+000  0.34246152E+001  0.16556370E+002  0.32431829E+002  0.79310897E+002  0.17234714E+003
 -0.48132330E+000 -0.23490576E+000 -0.54937383E-002 -0.45369424E-002 -0.16665550E-002  0.22927949E+000  0.34246166E+001  0.16556371E+002  0.32432247E+002  0.79307906E+002  0.17234714E+003
 -0.48132069E+000 -0.23489209E+000 -0.54936652E-002 -0.45368111E-002 -0.16662489E-002  0.22928056E+000  0.34246180E+001  0.16556371E+002  0.32432946E+002  0.79306149E+002  0.17234713E+003
 -0.48131805E+000 -0.23487832E+000 -0.54935914E-002 -0.45366766E-002 -0.16659322E-002  0.22928169E+000  0.34246194E+001  0.16556372E+002  0.32433923E+002  0.79305627E+002  0.17234713E+003
 -0.48131537E+000 -0.23486445E+000 -0.54935170E-002 -0.45365392E-002 -0.16656059E-002  0.22928288E+000  0.34246210E+001  0.16556372E+002  0.32435176E+002  0.79306335E+002  0.17234712E+003
 -0.48131268E+000 -0.23485052E+000 -0.54934422E-002 -0.45363994E-002 -0.16652713E-002  0.22928412E+000  0.34246227E+001  0.16556373E+002  0.32436701E+002  0.79308266E+002  0.17234712E+003
 -0.48130997E+000 -0.23483653E+000 -0.54933670E-002 -0.45362576E-002 -0.16649294E-002  0.22928541E+000  0.34246244E+001  0.16556373E+002  0.32438493E+002  0.79311408E+002  0.17234711E+003
 -0.48130724E+000 -0.23482253E+000 -0.54932916E-002 -0.45361141E-002 -0.16645816E-002  0.22928675E+000  0.34246262E+001  0.16556374E+002  0.32440546E+002  0.79315744E+002  0.17234711E+003
 -0.48130451E+000 -0.23480852E+000 -0.54932161E-002 -0.45359693E-002 -0.16642290E-002  0.22928814E+000  0.34246281E+001  0.16556375E+002  0.32442855E+002  0.79321257E+002  0.17234711E+003
 -0.48130179E+000 -0.23479452E+000 -0.54931408E-002 -0.45358237E-002 -0.16638727E-002  0.22928956E+000  0.34246300E+001  0.16556375E+002  0.32445413E+002  0.79327923E+002  0.17234710E+003
 -0.48129906E+000 -0.23478057E+000 -0.54930656E-002 -0.45356776E-002 -0.16635140E-002  0.22929102E+000  0.34246320E+001  0.16556376E+002  0.32448211E+002  0.79335715E+002  0.17234710E+003
 -0.48129635E+000 -0.23476667E+000 -0.54929907E-002 -0.45355315E-002 -0.16631539E-002  0.22929251E+000  0.34246340E+001  0.16556377E+002  0.32451241E+002  0.79344605E+002  0.17234710E+003
 -0.48129366E+000 -0.23475286E+000 -0.54929163E-002 -0.45353856E-002 -0.16627937E-002  0.22929402E+000  0.34246361E+001  0.16556378E+002  0.32454494E+002  0.79354563E+002  0.17234710E+003
 -0.48129099E+000 -0.23473914E+000 -0.54928425E-002 -0.45352404E-002 -0.16624342E-002  0.22929555E+000  0.34246382E+001  0.16556379E+002  0.32458738E+002  0.79365554E+002  0.17234710E+003
 -0.48128835E+000 -0.23472555E+000 -0.54927693E-002 -0.45350961E-002 -0.16620767E-002  0.22929710E+000  0.34246403E+001  0.16556380E+002  0.32463379E+002  0.79377544E+002  0.17234710E+003
 -0.48128573E+000 -0.23471209E+000 -0.54926970E-002 -0.45349532E-002 -0.16617220E-002  0.22929866E+000  0.34246425E+001  0.16556381E+002  0.32468264E+002  0.79390495E+002  0.17234710E+003
 -0.48128316E+000 -0.23469879E+000 -0.54926255E-002 -0.45348119E-002 -0.16613710E-002  0.22930023E+000  0.34246447E+001  0.16556382E+002  0.32473382E+002  0.79404414E+002  0.17234710E+003
 -0.48128063E+000 -0.23468565E+000 -0.54925551E-002 -0.45346725E-002 -0.16610247E-002  0.22930180E+000  0.34246470E+001  0.16556383E+002  0.32478718E+002  0.79424082E+002  0.17234710E+003
 -0.48127814E+000 -0.23464967E+000 -0.54924857E-002 -0.45345352E-002 -0.16606837E-002  0.22930337E+000  0.34246492E+001  0.16556384E+002  0.32484260E+002  0.79444875E+002  0.17234710E+003
 -0.48127570E+000 -0.23460166E+000 -0.54924176E-002 -0.45344004E-002 -0.16603488E-002  0.22930493E+000  0.34246514E+001  0.16556385E+002  0.32489993E+002  0.79466741E+002  0.17234710E+003
 -0.48127332E+000 -0.23455447E+000 -0.54923507E-002 -0.45342682E-002 -0.16600207E-002  0.22930648E+000  0.34246537E+001  0.16556386E+002  0.32495905E+002  0.79489625E+002  0.17234711E+003
 -0.48127099E+000 -0.23450816E+000 -0.54922852E-002 -0.45341389E-002 -0.16596999E-002  0.22930802E+000  0.34246560E+001  0.16556387E+002  0.32501982E+002  0.79513474E+002  0.17234711E+003
 -0.48126871E+000 -0.23446276E+000 -0.54922211E-002 -0.45340126E-002 -0.16593871E-002  0.22930954E+000  0.34246582E+001  0.16556388E+002  0.32508211E+002  0.79538235E+002  0.17234711E+003
 -0.48126650E+000 -0.23441832E+000 -0.54921585E-002 -0.45338895E-002 -0.16590825E-002  0.22931104E+000  0.34246604E+001  0.16556389E+002  0.32514578E+002  0.79563855E+002  0.17234712E+003
 -0.48126435E+000 -0.23437488E+000 -0.54920974E-002 -0.45337697E-002 -0.16587866E-002  0.22931252E+000  0.34246627E+001  0.16556390E+002  0.32521071E+002  0.79590282E+002  0.17234712E+003
 -0.48126226E+000 -0.23433247E+000 -0.54920378E-002 -0.45336533E-002 -0.16584998E-002  0.22931397E+000  0.34246649E+001  0.16556391E+002  0.32527677E+002  0.79617466E+002  0.17234713E+003
 -0.48126024E+000 -0.23429112E+000 -0.54919799E-002 -0.45335405E-002 -0.16582222E-002  0.22931539E+000  0.34246671E+001  0.16556392E+002  0.32534384E+002  0.79645356E+002  0.17234713E+003
 -0.48125828E+000 -0.23425086E+000 -0.54919237E-002 -0.45334313E-002 -0.16579541E-002  0.22931678E+000  0.34246693E+001  0.16556393E+002  0.32541180E+002  0.79751351E+002  0.17234714E+003
 -0.48125639E+000 -0.23421172E+000 -0.54918691E-002 -0.45333257E-002 -0.16576957E-002  0.22931813E+000  0.34246714E+001  0.16556394E+002  0.32548054E+002  0.79931087E+002  0.17234715E+003
 -0.48125457E+000 -0.23417370E+000 -0.54918162E-002 -0.45332238E-002 -0.16574469E-002  0.22931945E+000  0.34246735E+001  0.16556395E+002  0.32554994E+002  0.79935336E+002  0.17234715E+003
 -0.48125282E+000 -0.23413683E+000 -0.54917650E-002 -0.45331257E-002 -0.16572079E-002  0.22932074E+000  0.34246756E+001  0.16556396E+002  0.32582744E+002  0.79939660E+002  0.17234716E+003
 -0.48125113E+000 -0.23410111E+000 -0.54917155E-002 -0.45330313E-002 -0.16569786E-002  0.22932199E+000  0.34246777E+001  0.16556397E+002  0.32601955E+002  0.79944052E+002  0.17234717E+003
 -0.48124951E+000 -0.23406655E+000 -0.54916678E-002 -0.45329406E-002 -0.16567590E-002  0.22932319E+000  0.34246797E+001  0.16556398E+002  0.32608454E+002  0.79948507E+002  0.17234717E+003
 -0.48124795E+000 -0.23403317E+000 -0.54916217E-002 -0.45328535E-002 -0.16565490E-002  0.22932436E+000  0.34246817E+001  0.16556399E+002  0.32614977E+002  0.79953019E+002  0.17234718E+003
 -0.48124647E+000 -0.23400095E+000 -0.54915774E-002 -0.45327702E-002 -0.16563485E-002  0.22932549E+000  0.34246837E+001  0.16556400E+002  0.32621515E+002  0.79957583E+002  0.17234719E+003
 -0.48124504E+000 -0.23396990E+000 -0.54915348E-002 -0.45326904E-002 -0.16561573E-002  0.22932658E+000  0.34246856E+001  0.16556401E+002  0.32628061E+002  0.79962193E+002  0.17234720E+003
 -0.48124368E+000 -0.23394000E+000 -0.54914938E-002 -0.45326142E-002 -0.16559753E-002  0.22932762E+000  0.34246875E+001  0.16556402E+002  0.32634607E+002  0.79996956E+002  0.17234721E+003
 -0.48124238E+000 -0.23391126E+000 -0.54914545E-002 -0.45325414E-002 -0.16558022E-002  0.22932863E+000  0.34246893E+001  0.16556403E+002  0.32641145E+002  0.80053323E+002  0.17234722E+003
 -0.48124115E+000 -0.23388366E+000 -0.54914169E-002 -0.45324721E-002 -0.16556378E-002  0.22932959E+000  0.34246911E+001  0.16556404E+002  0.32647669E+002  0.80110075E+002  0.17234723E+003
 -0.48123997E+000 -0.23385718E+000 -0.54913809E-002 -0.45324061E-002 -0.16554819E-002  0.22933052E+000  0.34246928E+001  0.16556405E+002  0.32654171E+002  0.80167159E+002  0.17234724E+003
 -0.48123885E+000 -0.23383182E+000 -0.54913464E-002 -0.45323434E-002 -0.16553343E-002  0.22933140E+000  0.34246945E+001  0.16556406E+002  0.32660647E+002  0.80224520E+002  0.17234725E+003
 -0.48123779E+000 -0.23380754E+000 -0.54913135E-002 -0.45322838E-002 -0.16551946E-002  0.22933225E+000  0.34246962E+001  0.16556407E+002  0.32667089E+002  0.80282110E+002  0.17234726E+003
 -0.48123678E+000 -0.23378433E+000 -0.54912821E-002 -0.45322272E-002 -0.16550626E-002  0.22933305E+000  0.34246978E+001  0.16556408E+002  0.32673492E+002  0.80345495E+002  0.17234727E+003
 -0.48123582E+000 -0.23376218E+000 -0.54912522E-002 -0.45321736E-002 -0.16549380E-002  0.22933382E+000  0.34246994E+001  0.16556408E+002  0.32679851E+002  0.80418562E+002  0.17234728E+003
 -0.48123492E+000 -0.23374104E+000 -0.54912237E-002 -0.45321229E-002 -0.16548205E-002  0.22933455E+000  0.34247009E+001  0.16556409E+002  0.32686161E+002  0.80491738E+002  0.17234729E+003
 -0.48123407E+000 -0.23372091E+000 -0.54911966E-002 -0.45320749E-002 -0.16547099E-002  0.22933525E+000  0.34247024E+001  0.16556410E+002  0.32692416E+002  0.80564967E+002  0.17234731E+003
 -0.48123326E+000 -0.23370175E+000 -0.54911708E-002 -0.45320296E-002 -0.16546059E-002  0.22933591E+000  0.34247038E+001  0.16556411E+002  0.32698226E+002  0.80638196E+002  0.17234732E+003
 -0.48123250E+000 -0.23368353E+000 -0.54911464E-002 -0.45319868E-002 -0.16545081E-002  0.22933653E+000  0.34247052E+001  0.16556412E+002  0.32701910E+002  0.80711370E+002  0.17234733E+003
 -0.48123178E+000 -0.23366623E+000 -0.54911233E-002 -0.45319465E-002 -0.16544162E-002  0.22933713E+000  0.34247065E+001  0.16556412E+002  0.32705554E+002  0.81136407E+002  0.17234734E+003
 -0.48123110E+000 -0.23364981E+000 -0.54911013E-002 -0.45319085E-002 -0.16543301E-002  0.22933769E+000  0.34247078E+001  0.16556413E+002  0.32772586E+002  0.81148021E+002  0.17234735E+003
 -0.48123047E+000 -0.23363425E+000 -0.54910806E-002 -0.45318728E-002 -0.16542494E-002  0.22933822E+000  0.34247090E+001  0.16556414E+002  0.32789845E+002  0.81159603E+002  0.17234737E+003
 -0.48122987E+000 -0.23361952E+000 -0.54910609E-002 -0.45318392E-002 -0.16541739E-002  0.22933872E+000  0.34247102E+001  0.16556415E+002  0.32794662E+002  0.81171146E+002  0.17234738E+003
 -0.48122931E+000 -0.23360558E+000 -0.54910424E-002 -0.45318076E-002 -0.16541033E-002  0.22933919E+000  0.34247114E+001  0.16556415E+002  0.32799412E+002  0.81182641E+002  0.17234739E+003
 -0.48122878E+000 -0.23359240E+000 -0.54910249E-002 -0.45317780E-002 -0.16540373E-002  0.22933964E+000  0.34247125E+001  0.16556416E+002  0.32804093E+002  0.81195856E+002  0.17234741E+003
 -0.48122829E+000 -0.23357996E+000 -0.54910084E-002 -0.45317502E-002 -0.16539757E-002  0.22934006E+000  0.34247135E+001  0.16556417E+002  0.32808703E+002  0.81311310E+002  0.17234742E+003
 -0.48122782E+000 -0.23356822E+000 -0.54909928E-002 -0.45317242E-002 -0.16539182E-002  0.22934046E+000  0.34247146E+001  0.16556417E+002  0.32813240E+002  0.81426079E+002  0.17234743E+003
 -0.48122739E+000 -0.23355715E+000 -0.54909782E-002 -0.45316998E-002 -0.16538646E-002  0.22934083E+000  0.34247155E+001  0.16556418E+002  0.32817702E+002  0.81540099E+002  0.17234744E+003
 -0.48122699E+000 -0.23354673E+000 -0.54909644E-002 -0.45316770E-002 -0.16538147E-002  0.22934118E+000  0.34247165E+001  0.16556419E+002  0.32822087E+002  0.81653306E+002  0.17234746E+003
 -0.48122661E+000 -0.23353692E+000 -0.54909515E-002 -0.45316557E-002 -0.16537683E-002  0.22934151E+000  0.34247174E+001  0.16556419E+002  0.32826395E+002  0.81789331E+002  0.17234747E+003
 -0.48122626E+000 -0.23352768E+000 -0.54909393E-002 -0.45316358E-002 -0.16537251E-002  0.22934181E+000  0.34247182E+001  0.16556420E+002  0.32830623E+002  0.81935987E+002  0.17234749E+003
 -0.48122593E+000 -0.23351901E+000 -0.54909279E-002 -0.45316172E-002 -0.16536850E-002  0.22934210E+000  0.34247191E+001  0.16556420E+002  0.32834771E+002  0.82033911E+002  0.17234750E+003
 -0.48122562E+000 -0.23351086E+000 -0.54909172E-002 -0.45315998E-002 -0.16536477E-002  0.22934237E+000  0.34247198E+001  0.16556421E+002  0.32838838E+002  0.82130911E+002  0.17234751E+003
 -0.48122533E+000 -0.23350320E+000 -0.54909072E-002 -0.45315836E-002 -0.16536130E-002  0.22934263E+000  0.34247206E+001  0.16556421E+002  0.32842822E+002  0.82226943E+002  0.17234753E+003
 -0.48122506E+000 -0.23349602E+000 -0.54908978E-002 -0.45315685E-002 -0.16535809E-002  0.22934286E+000  0.34247213E+001  0.16556422E+002  0.32846724E+002  0.82327425E+002  0.17234754E+003
 -0.48122481E+000 -0.23348929E+000 -0.54908889E-002 -0.45315545E-002 -0.16535511E-002  0.22934309E+000  0.34247220E+001  0.16556422E+002  0.32850542E+002  0.82499373E+002  0.17234755E+003
 -0.48122458E+000 -0.23348297E+000 -0.54908807E-002 -0.45315414E-002 -0.16535234E-002  0.22934329E+000  0.34247226E+001  0.16556423E+002  0.32854277E+002  0.82669321E+002  0.17234757E+003
 -0.48122437E+000 -0.23347706E+000 -0.54908730E-002 -0.45315291E-002 -0.16534977E-002  0.22934349E+000  0.34247233E+001  0.16556423E+002  0.32857928E+002  0.82837201E+002  0.17234758E+003
 -0.48122416E+000 -0.23347151E+000 -0.54908657E-002 -0.45315178E-002 -0.16534739E-002  0.22934367E+000  0.34247238E+001  0.16556424E+002  0.32861496E+002  0.83009588E+002  0.17234759E+003
 -0.48122398E+000 -0.23346632E+000 -0.54908590E-002 -0.45315072E-002 -0.16534519E-002  0.22934384E+000  0.34247244E+001  0.16556424E+002  0.32864979E+002  0.83215187E+002  0.17234761E+003
 -0.48122380E+000 -0.23346146E+000 -0.54908527E-002 -0.45314973E-002 -0.16534314E-002  0.22934400E+000  0.34247249E+001  0.16556425E+002  0.32868379E+002  0.83417959E+002  0.17234762E+003
 -0.48122364E+000 -0.23345691E+000 -0.54908467E-002 -0.45314881E-002 -0.16534123E-002  0.22934414E+000  0.34247254E+001  0.16556425E+002  0.32872963E+002  0.83617838E+002  0.17234763E+003
 -0.48122349E+000 -0.23345264E+000 -0.54908412E-002 -0.45314795E-002 -0.16533947E-002  0.22934428E+000  0.34247259E+001  0.16556425E+002  0.32881034E+002  0.83858097E+002  0.17234765E+003
 -0.48122335E+000 -0.23344865E+000 -0.54908360E-002 -0.45314716E-002 -0.16533782E-002  0.22934441E+000  0.34247264E+001  0.16556426E+002  0.32888898E+002  0.83995734E+002  0.17234766E+003
 -0.48122322E+000 -0.23344491E+000 -0.54908312E-002 -0.45314641E-002 -0.16533629E-002  0.22934453E+000  0.34247268E+001  0.16556426E+002  0.32896558E+002  0.84140077E+002  0.17234767E+003
 -0.48122309E+000 -0.23344140E+000 -0.54908266E-002 -0.45314571E-002 -0.16533487E-002  0.22934464E+000  0.34247272E+001  0.16556426E+002  0.32904015E+002  0.84291541E+002  0.17234769E+003
 -0.48122298E+000 -0.23343812E+000 -0.54908224E-002 -0.45314506E-002 -0.16533354E-002  0.22934475E+000  0.34247276E+001  0.16556427E+002  0.32911272E+002  0.84440465E+002  0.17234770E+003
 -0.48122287E+000 -0.23343504E+000 -0.54908184E-002 -0.45314445E-002 -0.16533230E-002  0.22934485E+000  0.34247280E+001  0.16556427E+002  0.32918330E+002  0.84649032E+002  0.17234771E+003
 -0.48122277E+000 -0.23343214E+000 -0.54908146E-002 -0.45314388E-002 -0.16533114E-002  0.22934494E+000  0.34247283E+001  0.16556427E+002  0.32925192E+002  0.84926195E+002  0.17234772E+003
 -0.48122268E+000 -0.23342943E+000 -0.54908111E-002 -0.45314334E-002 -0.16533005E-002  0.22934503E+000  0.34247287E+001  0.16556428E+002  0.32931861E+002  0.85198308E+002  0.17234774E+003
 -0.48122259E+000 -0.23342687E+000 -0.54908078E-002 -0.45314284E-002 -0.16532902E-002  0.22934511E+000  0.34247290E+001  0.16556428E+002  0.32938338E+002  0.85588406E+002  0.17234775E+003
 -0.48122251E+000 -0.23342447E+000 -0.54908047E-002 -0.45314236E-002 -0.16532806E-002  0.22934518E+000  0.34247293E+001  0.16556428E+002  0.32944628E+002  0.86215349E+002  0.17234776E+003
 -0.48122243E+000 -0.23342220E+000 -0.54908018E-002 -0.45314192E-002 -0.16532715E-002  0.22934525E+000  0.34247295E+001  0.16556429E+002  0.32950733E+002  0.86273568E+002  0.17234777E+003
 -0.48122236E+000 -0.23342007E+000 -0.54907990E-002 -0.45314149E-002 -0.16532628E-002  0.22934532E+000  0.34247298E+001  0.16556429E+002  0.32956656E+002  0.86330618E+002  0.17234779E+003
 -0.48122229E+000 -0.23341805E+000 -0.54907964E-002 -0.45314109E-002 -0.16532546E-002  0.22934539E+000  0.34247301E+001  0.16556429E+002  0.32962400E+002  0.86439443E+002  0.17234780E+003
 -0.48122222E+000 -0.23341614E+000 -0.54907939E-002 -0.45314071E-002 -0.16532468E-002  0.22934545E+000  0.34247303E+001  0.16556429E+002  0.32967969E+002  0.86809059E+002  0.17234781E+003
 -0.48122216E+000 -0.23341433E+000 -0.54907916E-002 -0.45314035E-002 -0.16532393E-002  0.22934550E+000  0.34247305E+001  0.16556429E+002  0.32973366E+002  0.87170770E+002  0.17234782E+003
 -0.48122209E+000 -0.23341262E+000 -0.54907893E-002 -0.45314000E-002 -0.16532321E-002  0.22934556E+000  0.34247308E+001  0.16556430E+002  0.32978595E+002  0.87751688E+002  0.17234783E+003
 -0.48122204E+000 -0.23341099E+000 -0.54907872E-002 -0.45313967E-002 -0.16532252E-002  0.22934561E+000  0.34247310E+001  0.16556430E+002  0.32983659E+002  0.88539572E+002  0.17234784E+003
 -0.48122198E+000 -0.23340943E+000 -0.54907852E-002 -0.45313935E-002 -0.16532186E-002  0.22934565E+000  0.34247312E+001  0.16556430E+002  0.32988562E+002  0.88554845E+002  0.17234785E+003
 -0.48122193E+000 -0.23340795E+000 -0.54907832E-002 -0.45313905E-002 -0.16532121E-002  0.22934570E+000  0.34247313E+001  0.16556430E+002  0.32993307E+002  0.88569764E+002  0.17234786E+003
 -0.48122188E+000 -0.23340653E+000 -0.54907814E-002 -0.45313875E-002 -0.16532059E-002  0.22934574E+000  0.34247315E+001  0.16556430E+002  0.32997899E+002  0.88834079E+002  0.17234787E+003
 -0.48122183E+000 -0.23340518E+000 -0.54907796E-002 -0.45313846E-002 -0.16531998E-002  0.22934579E+000  0.34247317E+001  0.16556431E+002  0.33002340E+002  0.89301454E+002  0.17234788E+003
 -0.48122178E+000 -0.23340387E+000 -0.54907779E-002 -0.45313819E-002 -0.16531938E-002  0.22934583E+000  0.34247318E+001  0.16556431E+002  0.33006635E+002  0.89757475E+002  0.17234789E+003
 -0.48122173E+000 -0.23340262E+000 -0.54907763E-002 -0.45313792E-002 -0.16531880E-002  0.22934586E+000  0.34247320E+001  0.16556431E+002  0.33010787E+002  0.90996078E+002  0.17234790E+003
 -0.48122169E+000 -0.23340142E+000 -0.54907747E-002 -0.45313765E-002 -0.16531823E-002  0.22934590E+000  0.34247321E+001  0.16556431E+002  0.33014800E+002  0.91055147E+002  0.17234791E+003
 -0.48122164E+000 -0.23340025E+000 -0.54907731E-002 -0.45313740E-002 -0.16531766E-002  0.22934594E+000  0.34247323E+001  0.16556431E+002  0.33018678E+002  0.91112713E+002  0.17234792E+003
 -0.48122160E+000 -0.23339913E+000 -0.54907716E-002 -0.45313715E-002 -0.16531710E-002  0.22934597E+000  0.34247324E+001  0.16556431E+002  0.33022424E+002  0.91417809E+002  0.17234793E+003
 -0.48122156E+000 -0.23339803E+000 -0.54907702E-002 -0.45313690E-002 -0.16531655E-002  0.22934601E+000  0.34247325E+001  0.16556432E+002  0.33026043E+002  0.92017097E+002  0.17234794E+003
 -0.48122151E+000 -0.23339697E+000 -0.54907688E-002 -0.45313665E-002 -0.16531600E-002  0.22934604E+000  0.34247326E+001  0.16556432E+002  0.33029536E+002  0.92632273E+002  0.17234795E+003
 -0.48122147E+000 -0.23339594E+000 -0.54907674E-002 -0.45313641E-002 -0.16531545E-002  0.22934607E+000  0.34247328E+001  0.16556432E+002  0.33032910E+002  0.93641457E+002  0.17234796E+003
 -0.48122143E+000 -0.23339493E+000 -0.54907660E-002 -0.45313617E-002 -0.16531490E-002  0.22934610E+000  0.34247329E+001  0.16556432E+002  0.33036166E+002  0.93872178E+002  0.17234797E+003
 -0.48122139E+000 -0.23339395E+000 -0.54907647E-002 -0.45313594E-002 -0.16531435E-002  0.22934613E+000  0.34247330E+001  0.16556432E+002  0.33039309E+002  0.94096538E+002  0.17234798E+003
 -0.48122135E+000 -0.23339298E+000 -0.54907634E-002 -0.45313570E-002 -0.16531380E-002  0.22934616E+000  0.34247331E+001  0.16556432E+002  0.33042342E+002  0.94872552E+002  0.17234799E+003
 -0.48122131E+000 -0.23339203E+000 -0.54907621E-002 -0.45313547E-002 -0.16531324E-002  0.22934619E+000  0.34247332E+001  0.16556432E+002  0.33045268E+002  0.95649751E+002  0.17234799E+003
 -0.48122127E+000 -0.23339109E+000 -0.54907608E-002 -0.45313523E-002 -0.16531268E-002  0.22934622E+000  0.34247333E+001  0.16556432E+002  0.33048092E+002  0.96322470E+002  0.17234800E+003
 -0.48122123E+000 -0.23339016E+000 -0.54907596E-002 -0.45313499E-002 -0.16531211E-002  0.22934625E+000  0.34247334E+001  0.16556432E+002  0.33050817E+002  0.96940601E+002  0.17234801E+003
 -0.48122119E+000 -0.23338923E+000 -0.54907583E-002 -0.45313476E-002 -0.16531154E-002  0.22934628E+000  0.34247334E+001  0.16556433E+002  0.33053446E+002  0.97653221E+002  0.17234802E+003
 -0.48122115E+000 -0.23338830E+000 -0.54907570E-002 -0.45313451E-002 -0.16531096E-002  0.22934630E+000  0.34247335E+001  0.16556433E+002  0.33055984E+002  0.99188142E+002  0.17234802E+003
 -0.48122111E+000 -0.23338736E+000 -0.54907557E-002 -0.45313427E-002 -0.16531038E-002  0.22934633E+000  0.34247336E+001  0.16556433E+002  0.33058433E+002  0.99285806E+002  0.17234803E+003
 -0.48122106E+000 -0.23338641E+000 -0.54907544E-002 -0.45313403E-002 -0.16530979E-002  0.22934636E+000  0.34247337E+001  0.16556433E+002  0.33060798E+002  0.99852541E+002  0.17234804E+003
 -0.48122102E+000 -0.23338543E+000 -0.54907531E-002 -0.45313378E-002 -0.16530919E-002  0.22934639E+000  0.34247338E+001  0.16556433E+002  0.33063083E+002  0.10111909E+003  0.17234804E+003
 -0.48122097E+000 -0.23338442E+000 -0.54907517E-002 -0.45313352E-002 -0.16530859E-002  0.22934642E+000  0.34247339E+001  0.16556433E+002  0.33065291E+002  0.10316248E+003  0.17234805E+003
 -0.48122092E+000 -0.23338335E+000 -0.54907502E-002 -0.45313326E-002 -0.16530799E-002  0.22934645E+000  0.34247339E+001  0.16556433E+002  0.33067427E+002  0.10316504E+003  0.17234806E+003
 -0.48122087E+000 -0.23338221E+000 -0.54907487E-002 -0.45313300E-002 -0.16530739E-002  0.22934648E+000  0.34247340E+001  0.16556433E+002  0.33069496E+002  0.10316505E+003  0.17234806E+003
 -0.48122082E+000 -0.23338094E+000 -0.54907470E-002 -0.45313272E-002 -0.16530681E-002  0.22934651E+000  0.34247341E+001  0.16556433E+002  0.33071499E+002  0.10316505E+003  0.17234807E+003
 -0.48122075E+000 -0.23337946E+000 -0.54907449E-002 -0.45313241E-002 -0.16530620E-002  0.22934655E+000  0.34247342E+001  0.16556433E+002  0.33073455E+002  0.10316506E+003  0.17234808E+003
