  0.19204854E+000  0.21602425E+000  0.34823974E+000  0.50968949E+000  0.85882271E+000  0.97737049E+000  0.13087721E+001  0.24401525E+001  0.40594897E+001  0.55416469E+001  0.88952322E+001
  0.19200060E+000  0.21625737E+000  0.34885623E+000  0.51005749E+000  0.85878755E+000  0.97744023E+000  0.13121115E+001  0.24451924E+001  0.40629216E+001  0.55740759E+001  0.89575268E+001
  0.19201523E+000  0.21640936E+000  0.34937563E+000  0.51017199E+000  0.85887019E+000  0.97745720E+000  0.13122087E+001  0.24494658E+001  0.40677621E+001  0.56080952E+001  0.90135245E+001
  0.19203578E+000  0.21662344E+000  0.34982539E+000  0.51031530E+000  0.85883962E+000  0.97745025E+000  0.13131191E+001  0.24535070E+001  0.40694230E+001  0.56370509E+001  0.90609253E+001
  0.19206272E+000  0.21680347E+000  0.35021893E+000  0.51084072E+000  0.85887984E+000  0.97746325E+000  0.13134593E+001  0.24564602E+001  0.40708914E+001  0.56610655E+001  0.91011824E+001
  0.19204576E+000  0.21696002E+000  0.35054657E+000  0.51140042E+000  0.85886506E+000  0.97747302E+000  0.13138427E+001  0.24596360E+001  0.40715771E+001  0.56821268E+001  0.91355821E+001
  0.19204929E+000  0.21707845E+000  0.35082429E+000  0.51194801E+000  0.85885252E+000  0.97779061E+000  0.13151757E+001  0.24620242E+001  0.40715707E+001  0.57000337E+001  0.91610407E+001
  0.19204556E+000  0.21718347E+000  0.35106130E+000  0.51238340E+000  0.85888093E+000  0.97797744E+000  0.13159642E+001  0.24639842E+001  0.40707475E+001  0.57153275E+001  0.91642090E+001
  0.19205173E+000  0.21727212E+000  0.35126388E+000  0.51262754E+000  0.85883324E+000  0.97790582E+000  0.13147650E+001  0.24656872E+001  0.40713350E+001  0.57283408E+001  0.91573887E+001
  0.19206448E+000  0.21736459E+000  0.35143489E+000  0.51267173E+000  0.85882570E+000  0.97792363E+000  0.13151369E+001  0.24671219E+001  0.40716395E+001  0.57394754E+001  0.91618393E+001
  0.19205355E+000  0.21741182E+000  0.35158048E+000  0.51273153E+000  0.85881933E+000  0.97773584E+000  0.13166028E+001  0.24684705E+001  0.40721547E+001  0.57488752E+001  0.91575675E+001
  0.19202412E+000  0.21748073E+000  0.35170112E+000  0.51277180E+000  0.85881402E+000  0.97795774E+000  0.13173203E+001  0.24694855E+001  0.40724361E+001  0.57569568E+001  0.91517942E+001
  0.19203573E+000  0.21751835E+000  0.35181182E+000  0.51266639E+000  0.85886225E+000  0.97791017E+000  0.13185193E+001  0.24703826E+001  0.40726077E+001  0.57637938E+001  0.91527334E+001
  0.19206180E+000  0.21755024E+000  0.35190431E+000  0.51266494E+000  0.85887947E+000  0.97797891E+000  0.13195391E+001  0.24712101E+001  0.40727509E+001  0.57695536E+001  0.91604366E+001
  0.19204253E+000  0.21758315E+000  0.35197719E+000  0.51277860E+000  0.85880630E+000  0.97798758E+000  0.13203886E+001  0.24717846E+001  0.40731413E+001  0.57741747E+001  0.91685789E+001
  0.19204717E+000  0.21761124E+000  0.35204390E+000  0.51287222E+000  0.85888424E+000  0.97796153E+000  0.13211051E+001  0.24723483E+001  0.40731859E+001  0.57787260E+001  0.91755208E+001
  0.19205125E+000  0.21762202E+000  0.35210373E+000  0.51299995E+000  0.85884364E+000  0.97795128E+000  0.13217101E+001  0.24729602E+001  0.40729059E+001  0.57823688E+001  0.91814347E+001
  0.19205483E+000  0.21764420E+000  0.35215287E+000  0.51315166E+000  0.85879607E+000  0.97800070E+000  0.13222454E+001  0.24733241E+001  0.40725967E+001  0.57853417E+001  0.91864679E+001
  0.19205802E+000  0.21765710E+000  0.35219412E+000  0.51330995E+000  0.85882128E+000  0.97792177E+000  0.13227013E+001  0.24736631E+001  0.40722768E+001  0.57880550E+001  0.91907693E+001
  0.19206085E+000  0.21767746E+000  0.35222785E+000  0.51344394E+000  0.85887816E+000  0.97795053E+000  0.13231310E+001  0.24739740E+001  0.40723465E+001  0.57903689E+001  0.91944623E+001
  0.19206339E+000  0.21768267E+000  0.35225843E+000  0.51355541E+000  0.85887536E+000  0.97788087E+000  0.13235282E+001  0.24741659E+001  0.40720518E+001  0.57920535E+001  0.91975708E+001
  0.19206569E+000  0.21769275E+000  0.35228464E+000  0.51365439E+000  0.85887326E+000  0.97800855E+000  0.13237702E+001  0.24744152E+001  0.40721091E+001  0.57938333E+001  0.92002556E+001
  0.19205941E+000  0.21770157E+000  0.35230723E+000  0.51372833E+000  0.85881423E+000  0.97793830E+000  0.13239750E+001  0.24746930E+001  0.40719700E+001  0.57953350E+001  0.92025188E+001
  0.19206070E+000  0.21771006E+000  0.35232696E+000  0.51380700E+000  0.85884845E+000  0.97787754E+000  0.13241644E+001  0.24747405E+001  0.40716548E+001  0.57960310E+001  0.92044634E+001
  0.19206181E+000  0.21771559E+000  0.35234442E+000  0.51386068E+000  0.85887806E+000  0.97789159E+000  0.13244391E+001  0.24748969E+001  0.40716552E+001  0.57969322E+001  0.92061249E+001
  0.19206279E+000  0.21772118E+000  0.35235801E+000  0.51391818E+000  0.85883248E+000  0.97790394E+000  0.13244358E+001  0.24750235E+001  0.40715295E+001  0.57984243E+001  0.92075468E+001
  0.19206365E+000  0.21772602E+000  0.35237052E+000  0.51397454E+000  0.85885350E+000  0.97791486E+000  0.13245871E+001  0.24751343E+001  0.40715562E+001  0.57991555E+001  0.92087661E+001
  0.19206441E+000  0.21773034E+000  0.35238146E+000  0.51401092E+000  0.85886132E+000  0.97792458E+000  0.13247177E+001  0.24752319E+001  0.40716168E+001  0.57995145E+001  0.92098154E+001
  0.19206508E+000  0.21773406E+000  0.35239107E+000  0.51404849E+000  0.85878853E+000  0.97793332E+000  0.13249421E+001  0.24753186E+001  0.40716903E+001  0.57999142E+001  0.92107223E+001
  0.19206569E+000  0.21773736E+000  0.35239961E+000  0.51407554E+000  0.85880309E+000  0.97794126E+000  0.13250074E+001  0.24753964E+001  0.40717029E+001  0.58003965E+001  0.92115108E+001
  0.19203904E+000  0.21774164E+000  0.35240725E+000  0.51409954E+000  0.85880931E+000  0.97800505E+000  0.13250644E+001  0.24754669E+001  0.40717323E+001  0.58008193E+001  0.92122019E+001
  0.19206515E+000  0.21774301E+000  0.35241417E+000  0.51412798E+000  0.85882347E+000  0.97797919E+000  0.13251147E+001  0.24755376E+001  0.40718142E+001  0.58011942E+001  0.92128133E+001
  0.19202666E+000  0.21774549E+000  0.35242053E+000  0.51413983E+000  0.85883653E+000  0.97796177E+000  0.13252508E+001  0.24756551E+001  0.40716783E+001  0.58015577E+001  0.92133605E+001
  0.19203724E+000  0.21774779E+000  0.35242645E+000  0.51416626E+000  0.85884876E+000  0.97796791E+000  0.13252758E+001  0.24756482E+001  0.40712957E+001  0.58018946E+001  0.92138569E+001
  0.19204994E+000  0.21774997E+000  0.35243203E+000  0.51417442E+000  0.85886037E+000  0.97797385E+000  0.13253489E+001  0.24757022E+001  0.40712624E+001  0.58022047E+001  0.92143139E+001
  0.19205623E+000  0.21775224E+000  0.35243738E+000  0.51417678E+000  0.85887494E+000  0.97797969E+000  0.13253229E+001  0.24757544E+001  0.40713155E+001  0.58024948E+001  0.92147411E+001
  0.19206501E+000  0.21775560E+000  0.35244258E+000  0.51420268E+000  0.85888240E+000  0.97798549E+000  0.13253783E+001  0.24758055E+001  0.40710503E+001  0.58027704E+001  0.92151469E+001
  0.19202630E+000  0.21775626E+000  0.35244769E+000  0.51423204E+000  0.85885707E+000  0.97799131E+000  0.13254321E+001  0.24758561E+001  0.40709653E+001  0.58029758E+001  0.92155383E+001
  0.19202913E+000  0.21775825E+000  0.35245294E+000  0.51424263E+000  0.85888295E+000  0.97799721E+000  0.13254851E+001  0.24759066E+001  0.40709334E+001  0.58031566E+001  0.92159212E+001
  0.19203259E+000  0.21776025E+000  0.35245838E+000  0.51425302E+000  0.85879774E+000  0.97800321E+000  0.13255378E+001  0.24759588E+001  0.40709452E+001  0.58035541E+001  0.92163004E+001
  0.19203607E+000  0.21776228E+000  0.35246388E+000  0.51427819E+000  0.85884976E+000  0.97800938E+000  0.13255909E+001  0.24760430E+001  0.40709644E+001  0.58038120E+001  0.92166799E+001
  0.19203959E+000  0.21776434E+000  0.35246943E+000  0.51428937E+000  0.85879007E+000  0.97782222E+000  0.13256450E+001  0.24760910E+001  0.40709848E+001  0.58040725E+001  0.92170631E+001
  0.19204317E+000  0.21776646E+000  0.35247511E+000  0.51431197E+000  0.85880318E+000  0.97785776E+000  0.13257002E+001  0.24761154E+001  0.40710064E+001  0.58043372E+001  0.92174526E+001
  0.19206003E+000  0.21776863E+000  0.35248091E+000  0.51431207E+000  0.85881661E+000  0.97789443E+000  0.13257570E+001  0.24761705E+001  0.40710294E+001  0.58046076E+001  0.92178505E+001
  0.19205060E+000  0.21777086E+000  0.35248686E+000  0.51432366E+000  0.85883039E+000  0.97793243E+000  0.13257329E+001  0.24762270E+001  0.40710538E+001  0.58048849E+001  0.92182584E+001
  0.19205447E+000  0.21777316E+000  0.35249297E+000  0.51434644E+000  0.85884456E+000  0.97797190E+000  0.13257920E+001  0.24759739E+001  0.40710803E+001  0.58051699E+001  0.92186777E+001
  0.19205845E+000  0.21777620E+000  0.35249925E+000  0.51434743E+000  0.85887668E+000  0.97787590E+000  0.13258532E+001  0.24760644E+001  0.40711352E+001  0.58054821E+001  0.92191093E+001
  0.19206255E+000  0.21777798E+000  0.35250571E+000  0.51438175E+000  0.85887413E+000  0.97793516E+000  0.13259167E+001  0.24761579E+001  0.40711995E+001  0.58057224E+001  0.92195537E+001
  0.19205006E+000  0.21778050E+000  0.35251234E+000  0.51437205E+000  0.85887405E+000  0.97799683E+000  0.13259825E+001  0.24762544E+001  0.40712740E+001  0.58059324E+001  0.92200114E+001
  0.19205905E+000  0.21778309E+000  0.35251960E+000  0.51439300E+000  0.85887126E+000  0.97793741E+000  0.13260507E+001  0.24763540E+001  0.40711994E+001  0.58061485E+001  0.92204827E+001
  0.19204948E+000  0.21778576E+000  0.35252614E+000  0.51442084E+000  0.85879818E+000  0.97799910E+000  0.13257230E+001  0.24764567E+001  0.40712335E+001  0.58063706E+001  0.92209676E+001
  0.19205970E+000  0.21778851E+000  0.35253331E+000  0.51444968E+000  0.85887460E+000  0.97778803E+000  0.13257288E+001  0.24765626E+001  0.40712693E+001  0.58065988E+001  0.92214658E+001
  0.19204399E+000  0.21779132E+000  0.35254064E+000  0.51447951E+000  0.85879305E+000  0.97784663E+000  0.13256956E+001  0.24766715E+001  0.40713068E+001  0.58068358E+001  0.92219773E+001
  0.19206031E+000  0.21779421E+000  0.35254814E+000  0.51451032E+000  0.85879336E+000  0.97792052E+000  0.13256776E+001  0.24762235E+001  0.40713460E+001  0.58070596E+001  0.92225015E+001
  0.19205314E+000  0.21779716E+000  0.35255579E+000  0.51452408E+000  0.85879367E+000  0.97796997E+000  0.13257077E+001  0.24763676E+001  0.40713870E+001  0.58072794E+001  0.92230436E+001
  0.19203751E+000  0.21780018E+000  0.35256359E+000  0.51452204E+000  0.85879399E+000  0.97788221E+000  0.13257684E+001  0.24765148E+001  0.40714307E+001  0.58075037E+001  0.92236072E+001
  0.19203828E+000  0.21780325E+000  0.35257153E+000  0.51457716E+000  0.85879431E+000  0.97790823E+000  0.13256188E+001  0.24766650E+001  0.40715085E+001  0.58081706E+001  0.92241828E+001
  0.19203907E+000  0.21780639E+000  0.35258116E+000  0.51453475E+000  0.85883939E+000  0.97793494E+000  0.13256364E+001  0.24768179E+001  0.40715923E+001  0.58085210E+001  0.92247695E+001
  0.19203986E+000  0.21780644E+000  0.35258776E+000  0.51457207E+000  0.85879495E+000  0.97796232E+000  0.13256629E+001  0.24769294E+001  0.40716823E+001  0.58088772E+001  0.92253665E+001
  0.19204067E+000  0.21779480E+000  0.35259603E+000  0.51463529E+000  0.85879527E+000  0.97799031E+000  0.13255636E+001  0.24770548E+001  0.40717783E+001  0.58092386E+001  0.92259729E+001
  0.19204148E+000  0.21781455E+000  0.35260506E+000  0.51466588E+000  0.85879559E+000  0.97798944E+000  0.13256168E+001  0.24771821E+001  0.40718802E+001  0.58096044E+001  0.92264750E+001
  0.19204230E+000  0.21779763E+000  0.35261282E+000  0.51462516E+000  0.85879591E+000  0.97786648E+000  0.13257258E+001  0.24770426E+001  0.40717178E+001  0.58099742E+001  0.92270758E+001
  0.19205742E+000  0.21781668E+000  0.35262130E+000  0.51464836E+000  0.85879622E+000  0.97791803E+000  0.13254306E+001  0.24771500E+001  0.40717705E+001  0.58103471E+001  0.92276818E+001
  0.19205912E+000  0.21778556E+000  0.35263274E+000  0.51467560E+000  0.85885212E+000  0.97789261E+000  0.13254061E+001  0.24772582E+001  0.40718244E+001  0.58107225E+001  0.92282919E+001
  0.19204478E+000  0.21780305E+000  0.35264008E+000  0.51472349E+000  0.85879684E+000  0.97790591E+000  0.13254199E+001  0.24773668E+001  0.40718792E+001  0.58110996E+001  0.92289047E+001
  0.19204561E+000  0.21779427E+000  0.35264692E+000  0.51477202E+000  0.85884642E+000  0.97791934E+000  0.13254709E+001  0.24774757E+001  0.40719674E+001  0.58114776E+001  0.92295192E+001
  0.19205349E+000  0.21779871E+000  0.35265546E+000  0.51482379E+000  0.85880348E+000  0.97794485E+000  0.13255576E+001  0.24775846E+001  0.40720818E+001  0.58118559E+001  0.92301340E+001
  0.19205231E+000  0.21780319E+000  0.35266397E+000  0.51484281E+000  0.85884326E+000  0.97800913E+000  0.13256783E+001  0.24775055E+001  0.40722003E+001  0.58122336E+001  0.92307479E+001
  0.19206004E+000  0.21780770E+000  0.35267244E+000  0.51486164E+000  0.85883273E+000  0.97795997E+000  0.13246897E+001  0.24776722E+001  0.40721059E+001  0.58126099E+001  0.92313596E+001
  0.19206228E+000  0.21781951E+000  0.35268084E+000  0.51488024E+000  0.85884721E+000  0.97797352E+000  0.13241157E+001  0.24777686E+001  0.40721637E+001  0.58129840E+001  0.92319678E+001
  0.19204969E+000  0.21782071E+000  0.35268917E+000  0.51489859E+000  0.85886156E+000  0.97798701E+000  0.13241823E+001  0.24773275E+001  0.40722243E+001  0.58133193E+001  0.92325712E+001
  0.19205049E+000  0.21782129E+000  0.35270180E+000  0.51491666E+000  0.85887575E+000  0.97800040E+000  0.13242483E+001  0.24774839E+001  0.40723213E+001  0.58136488E+001  0.92331686E+001
  0.19205127E+000  0.21782580E+000  0.35270553E+000  0.51493441E+000  0.85879949E+000  0.97801365E+000  0.13243134E+001  0.24776389E+001  0.40724193E+001  0.58139741E+001  0.92337588E+001
  0.19206023E+000  0.21783027E+000  0.35271611E+000  0.51495182E+000  0.85884358E+000  0.97783884E+000  0.13243776E+001  0.24777921E+001  0.40725177E+001  0.58142948E+001  0.92343404E+001
  0.19205755E+000  0.21783776E+000  0.35272137E+000  0.51496887E+000  0.85882163E+000  0.97788133E+000  0.13247929E+001  0.24779430E+001  0.40724530E+001  0.58146101E+001  0.92349124E+001
  0.19205353E+000  0.21783908E+000  0.35272906E+000  0.51498554E+000  0.85883396E+000  0.97792575E+000  0.13248530E+001  0.24780914E+001  0.40725466E+001  0.58149193E+001  0.92354859E+001
  0.19205425E+000  0.21784338E+000  0.35273658E+000  0.51500179E+000  0.85884602E+000  0.97796934E+000  0.13249129E+001  0.24782370E+001  0.40726647E+001  0.58152220E+001  0.92360554E+001
  0.19205672E+000  0.21784760E+000  0.35274439E+000  0.51503494E+000  0.85885777E+000  0.97801196E+000  0.13249725E+001  0.24781671E+001  0.40726171E+001  0.58155175E+001  0.92366170E+001
  0.19205563E+000  0.21785173E+000  0.35275106E+000  0.51509448E+000  0.85886920E+000  0.97787185E+000  0.13250315E+001  0.24782833E+001  0.40726696E+001  0.58158053E+001  0.92371516E+001
  0.19205629E+000  0.21785575E+000  0.35275812E+000  0.51510401E+000  0.85888029E+000  0.97788032E+000  0.13250897E+001  0.24783963E+001  0.40727208E+001  0.58164412E+001  0.92376804E+001
  0.19205692E+000  0.21785967E+000  0.35276636E+000  0.51506241E+000  0.85880120E+000  0.97788854E+000  0.13251468E+001  0.24777856E+001  0.40727704E+001  0.58167437E+001  0.92381933E+001
  0.19205754E+000  0.21786345E+000  0.35277120E+000  0.51507640E+000  0.85880772E+000  0.97794736E+000  0.13252028E+001  0.24778559E+001  0.40728184E+001  0.58170362E+001  0.92385500E+001
  0.19206409E+000  0.21787272E+000  0.35277746E+000  0.51508991E+000  0.85885034E+000  0.97797986E+000  0.13253042E+001  0.24779239E+001  0.40728647E+001  0.58173183E+001  0.92390089E+001
  0.19205966E+000  0.21787065E+000  0.35278348E+000  0.51510293E+000  0.85885097E+000  0.97800148E+000  0.13253484E+001  0.24779892E+001  0.40729091E+001  0.58175897E+001  0.92394502E+001
  0.19205923E+000  0.21787402E+000  0.35278926E+000  0.51511706E+000  0.85880182E+000  0.97799310E+000  0.13253910E+001  0.24780520E+001  0.40729516E+001  0.58178499E+001  0.92398737E+001
  0.19205975E+000  0.21787724E+000  0.35279478E+000  0.51513293E+000  0.85880195E+000  0.97792530E+000  0.13254321E+001  0.24781121E+001  0.40729921E+001  0.58180989E+001  0.92402787E+001
  0.19206457E+000  0.21788030E+000  0.35280695E+000  0.51514812E+000  0.85881620E+000  0.97793170E+000  0.13254717E+001  0.24781695E+001  0.40730305E+001  0.58183363E+001  0.92406650E+001
  0.19206405E+000  0.21788320E+000  0.35280507E+000  0.51516264E+000  0.85885366E+000  0.97793777E+000  0.13255100E+001  0.24782241E+001  0.40730078E+001  0.58185622E+001  0.92410325E+001
  0.19206302E+000  0.21788594E+000  0.35280983E+000  0.51517646E+000  0.85880229E+000  0.97798256E+000  0.13255471E+001  0.24782760E+001  0.40730782E+001  0.58187764E+001  0.92413846E+001
  0.19206493E+000  0.21788852E+000  0.35281434E+000  0.51519065E+000  0.85880239E+000  0.97794965E+000  0.13255831E+001  0.24783251E+001  0.40724065E+001  0.58193741E+001  0.92417203E+001
  0.19206195E+000  0.21789094E+000  0.35281860E+000  0.51520941E+000  0.85880248E+000  0.97800912E+000  0.13256225E+001  0.24783715E+001  0.40724734E+001  0.58194845E+001  0.92420370E+001
  0.19206232E+000  0.21788303E+000  0.35282369E+000  0.51522706E+000  0.85880256E+000  0.97795874E+000  0.13256597E+001  0.24784152E+001  0.40725369E+001  0.58196164E+001  0.92423349E+001
  0.19206265E+000  0.21788927E+000  0.35283062E+000  0.51524362E+000  0.85880263E+000  0.97796316E+000  0.13256946E+001  0.24784562E+001  0.40725969E+001  0.58197400E+001  0.92426142E+001
  0.19206297E+000  0.21789502E+000  0.35282996E+000  0.51525910E+000  0.85880270E+000  0.97796727E+000  0.13257273E+001  0.24784974E+001  0.40726533E+001  0.58198554E+001  0.92428751E+001
  0.19206326E+000  0.21789290E+000  0.35283325E+000  0.51527352E+000  0.85880276E+000  0.97797107E+000  0.13257577E+001  0.24785380E+001  0.40727062E+001  0.58199627E+001  0.92431182E+001
  0.19206353E+000  0.21785410E+000  0.35283632E+000  0.51528690E+000  0.85880282E+000  0.97797457E+000  0.13257860E+001  0.24785756E+001  0.40727557E+001  0.58200622E+001  0.92433438E+001
  0.19206378E+000  0.21785708E+000  0.35283917E+000  0.51529928E+000  0.85880287E+000  0.97797779E+000  0.13258123E+001  0.24786104E+001  0.40728018E+001  0.58201542E+001  0.92435525E+001
  0.19206401E+000  0.21785985E+000  0.35284181E+000  0.51531069E+000  0.85880291E+000  0.97798073E+000  0.13258563E+001  0.24786425E+001  0.40728445E+001  0.58202389E+001  0.92437450E+001
  0.19206422E+000  0.21786243E+000  0.35284425E+000  0.51532118E+000  0.85880295E+000  0.97798342E+000  0.13259337E+001  0.24786720E+001  0.40728841E+001  0.58203167E+001  0.92439219E+001
  0.19206441E+000  0.21786482E+000  0.35284649E+000  0.51533078E+000  0.85880298E+000  0.97798586E+000  0.13260089E+001  0.24786990E+001  0.40729207E+001  0.58204037E+001  0.92440839E+001
  0.19206458E+000  0.21786704E+000  0.35284855E+000  0.51533953E+000  0.85880506E+000  0.97798807E+000  0.13260819E+001  0.24787236E+001  0.40729544E+001  0.58204926E+001  0.92442316E+001
  0.19206474E+000  0.21786909E+000  0.35285043E+000  0.51534749E+000  0.85881575E+000  0.97799006E+000  0.13261529E+001  0.24787461E+001  0.40729854E+001  0.58205734E+001  0.92443658E+001
  0.19206488E+000  0.21787098E+000  0.35285215E+000  0.51535469E+000  0.85882540E+000  0.97799185E+000  0.13262222E+001  0.24787664E+001  0.40730139E+001  0.58206464E+001  0.92444873E+001
  0.19206500E+000  0.21787272E+000  0.35285372E+000  0.51536118E+000  0.85883409E+000  0.97799345E+000  0.13262898E+001  0.24787848E+001  0.40730401E+001  0.58207123E+001  0.92445968E+001
  0.19206512E+000  0.21787433E+000  0.35285514E+000  0.51536702E+000  0.85884186E+000  0.97799487E+000  0.13263346E+001  0.24788013E+001  0.40730641E+001  0.58207714E+001  0.92446951E+001
  0.19206521E+000  0.21787581E+000  0.35285642E+000  0.51537224E+000  0.85884880E+000  0.97799614E+000  0.13263588E+001  0.24788161E+001  0.40730862E+001  0.58208241E+001  0.92447829E+001
  0.19206530E+000  0.21787718E+000  0.35285759E+000  0.51537690E+000  0.85885495E+000  0.97799725E+000  0.13263824E+001  0.24788294E+001  0.40731064E+001  0.58208710E+001  0.92448610E+001
  0.19206538E+000  0.21787843E+000  0.35285863E+000  0.51538104E+000  0.85886038E+000  0.97799823E+000  0.13264055E+001  0.24788413E+001  0.40731251E+001  0.58209125E+001  0.92449302E+001
  0.19206545E+000  0.21787959E+000  0.35285957E+000  0.51538470E+000  0.85886515E+000  0.97800038E+000  0.13268050E+001  0.24788518E+001  0.40731423E+001  0.58209490E+001  0.92449911E+001
  0.19206551E+000  0.21788066E+000  0.35286041E+000  0.51538792E+000  0.85886931E+000  0.97800944E+000  0.13265584E+001  0.24788611E+001  0.40731582E+001  0.58209810E+001  0.92450444E+001
  0.19206556E+000  0.21788165E+000  0.35286116E+000  0.51539075E+000  0.85887292E+000  0.97800048E+000  0.13266631E+001  0.24788694E+001  0.40731730E+001  0.58210088E+001  0.92450909E+001
  0.19206560E+000  0.21788256E+000  0.35286183E+000  0.51539322E+000  0.85887603E+000  0.97800104E+000  0.13267686E+001  0.24788766E+001  0.40731868E+001  0.58210328E+001  0.92451311E+001
  0.19206564E+000  0.21788341E+000  0.35286243E+000  0.51539538E+000  0.85887869E+000  0.97800152E+000  0.13270342E+001  0.24788830E+001  0.40731998E+001  0.58210534E+001  0.92451657E+001
  0.19206567E+000  0.21788420E+000  0.35286307E+000  0.51539724E+000  0.85888094E+000  0.97800193E+000  0.13270596E+001  0.24788886E+001  0.40732120E+001  0.58210710E+001  0.92451952E+001
  0.19206569E+000  0.21788493E+000  0.35286376E+000  0.51539885E+000  0.85888283E+000  0.97800227E+000  0.13270860E+001  0.24788934E+001  0.40732236E+001  0.58210858E+001  0.92452201E+001
  0.19206571E+000  0.21788562E+000  0.35286433E+000  0.51540023E+000  0.85888440E+000  0.97800256E+000  0.13271132E+001  0.24788976E+001  0.40732346E+001  0.58210981E+001  0.92452410E+001
  0.19206573E+000  0.21788626E+000  0.35286490E+000  0.51540141E+000  0.85880325E+000  0.97800279E+000  0.13273182E+001  0.24789013E+001  0.40732452E+001  0.58211083E+001  0.92452583E+001
  0.19206574E+000  0.21788686E+000  0.35286539E+000  0.51540242E+000  0.85880326E+000  0.97800299E+000  0.13273476E+001  0.24789045E+001  0.40732555E+001  0.58211165E+001  0.92452724E+001
  0.19206575E+000  0.21788742E+000  0.35286579E+000  0.51540326E+000  0.85880327E+000  0.97800315E+000  0.13273788E+001  0.24789073E+001  0.40732654E+001  0.58211231E+001  0.92452837E+001
  0.19206576E+000  0.21788796E+000  0.35286612E+000  0.51540398E+000  0.85880327E+000  0.97800328E+000  0.13273794E+001  0.24789097E+001  0.40732751E+001  0.58211281E+001  0.92452926E+001
  0.19206576E+000  0.21788846E+000  0.35286638E+000  0.51540458E+000  0.85880328E+000  0.97800337E+000  0.13273799E+001  0.24789117E+001  0.40732846E+001  0.58211319E+001  0.92452994E+001
  0.19206577E+000  0.21788894E+000  0.35286658E+000  0.51540507E+000  0.85880329E+000  0.97800345E+000  0.13273802E+001  0.24789135E+001  0.40732939E+001  0.58211346E+001  0.92453044E+001
  0.19206577E+000  0.21788940E+000  0.35286674E+000  0.51540548E+000  0.85880329E+000  0.97800350E+000  0.13276236E+001  0.24789151E+001  0.40733031E+001  0.58211363E+001  0.92453078E+001
  0.19206577E+000  0.21788983E+000  0.35286686E+000  0.51540582E+000  0.85880330E+000  0.97800354E+000  0.13277744E+001  0.24789164E+001  0.40733123E+001  0.58211372E+001  0.92453099E+001
  0.19206577E+000  0.21789024E+000  0.35286695E+000  0.51540609E+000  0.85880330E+000  0.97800356E+000  0.13281086E+001  0.24789176E+001  0.40733214E+001  0.58211375E+001  0.92453108E+001
  0.19206576E+000  0.21789064E+000  0.35286702E+000  0.51540631E+000  0.85880331E+000  0.97800357E+000  0.13283936E+001  0.24789186E+001  0.40733304E+001  0.58211371E+001  0.92453108E+001
  0.19206576E+000  0.21789101E+000  0.35286707E+000  0.51540648E+000  0.85880332E+000  0.97800357E+000  0.13285384E+001  0.24789195E+001  0.40733394E+001  0.58211362E+001  0.92453100E+001
  0.19206576E+000  0.21789137E+000  0.35286710E+000  0.51540661E+000  0.85880332E+000  0.97800357E+000  0.13286276E+001  0.24789204E+001  0.40733484E+001  0.58211350E+001  0.92453086E+001
  0.19206575E+000  0.21789172E+000  0.35286712E+000  0.51540672E+000  0.85880333E+000  0.97800355E+000  0.13286769E+001  0.24789211E+001  0.40733722E+001  0.58211334E+001  0.92453066E+001
  0.19206575E+000  0.21789205E+000  0.35286713E+000  0.51540679E+000  0.85880333E+000  0.97800353E+000  0.13287254E+001  0.24789217E+001  0.40734262E+001  0.58211315E+001  0.92453043E+001
  0.19206574E+000  0.21789237E+000  0.35286714E+000  0.51540685E+000  0.85880334E+000  0.97800350E+000  0.13287729E+001  0.24789224E+001  0.40735101E+001  0.58211295E+001  0.92453015E+001
  0.19206573E+000  0.21789267E+000  0.35286714E+000  0.51540689E+000  0.85880335E+000  0.97800348E+000  0.13288194E+001  0.24789229E+001  0.40736357E+001  0.58211272E+001  0.92452986E+001
  0.19206573E+000  0.21789296E+000  0.35286714E+000  0.51540691E+000  0.85880335E+000  0.97800344E+000  0.13288650E+001  0.24789235E+001  0.40737609E+001  0.58211249E+001  0.92452954E+001
  0.19206572E+000  0.21789324E+000  0.35286714E+000  0.51540692E+000  0.85880336E+000  0.97800341E+000  0.13288805E+001  0.24789240E+001  0.40739177E+001  0.58211224E+001  0.92452921E+001
  0.19206572E+000  0.21789350E+000  0.35286714E+000  0.51540692E+000  0.85880336E+000  0.97800338E+000  0.13288803E+001  0.24789244E+001  0.40740288E+001  0.58211199E+001  0.92452888E+001
  0.19206571E+000  0.21789376E+000  0.35286713E+000  0.51540692E+000  0.85880337E+000  0.97800334E+000  0.13286379E+001  0.24789249E+001  0.40741394E+001  0.58211174E+001  0.92452854E+001
  0.19206571E+000  0.21789400E+000  0.35286713E+000  0.51540691E+000  0.85880337E+000  0.97800331E+000  0.13286420E+001  0.24789254E+001  0.40744850E+001  0.58211149E+001  0.92452820E+001
  0.19206570E+000  0.21789423E+000  0.35286713E+000  0.51540690E+000  0.85880338E+000  0.97800327E+000  0.13286459E+001  0.24789258E+001  0.40746301E+001  0.58211123E+001  0.92452786E+001
  0.19206569E+000  0.21789446E+000  0.35286713E+000  0.51540688E+000  0.85880338E+000  0.97800324E+000  0.13286497E+001  0.24789263E+001  0.40751282E+001  0.58211098E+001  0.92452753E+001
  0.19206569E+000  0.21789467E+000  0.35286713E+000  0.51540686E+000  0.85880339E+000  0.97800320E+000  0.13286535E+001  0.24789268E+001  0.40756535E+001  0.58211074E+001  0.92452721E+001
  0.19206568E+000  0.21789487E+000  0.35286713E+000  0.51540685E+000  0.85888438E+000  0.97800317E+000  0.13286571E+001  0.24789272E+001  0.40760620E+001  0.58211050E+001  0.92452689E+001
  0.19206568E+000  0.21789507E+000  0.35286713E+000  0.51540683E+000  0.85888405E+000  0.97800314E+000  0.13286606E+001  0.24789277E+001  0.40763685E+001  0.58211026E+001  0.92452659E+001
  0.19206567E+000  0.21789525E+000  0.35286714E+000  0.51540681E+000  0.85888373E+000  0.97800310E+000  0.13286640E+001  0.24789282E+001  0.40765190E+001  0.58211003E+001  0.92452630E+001
  0.19206567E+000  0.21789543E+000  0.35286715E+000  0.51540680E+000  0.85888342E+000  0.97800308E+000  0.13286673E+001  0.24789287E+001  0.40767953E+001  0.58210981E+001  0.92452602E+001
  0.19206566E+000  0.21789560E+000  0.35286716E+000  0.51540678E+000  0.85888313E+000  0.97800305E+000  0.13286705E+001  0.24789292E+001  0.40768502E+001  0.58210960E+001  0.92452576E+001
  0.19206566E+000  0.21789576E+000  0.35286717E+000  0.51540677E+000  0.85888285E+000  0.97800302E+000  0.13286736E+001  0.24789297E+001  0.40769045E+001  0.58210939E+001  0.92452551E+001
  0.19206565E+000  0.21789591E+000  0.35286719E+000  0.51540676E+000  0.85888258E+000  0.97800299E+000  0.13286766E+001  0.24789302E+001  0.40769580E+001  0.58210919E+001  0.92452528E+001
  0.19206565E+000  0.21789606E+000  0.35286720E+000  0.51540675E+000  0.85888232E+000  0.97800297E+000  0.13286795E+001  0.24789307E+001  0.40770109E+001  0.58210901E+001  0.92452506E+001
  0.19206565E+000  0.21789620E+000  0.35286722E+000  0.51540675E+000  0.85888208E+000  0.97800295E+000  0.13286823E+001  0.24789313E+001  0.40770667E+001  0.58210883E+001  0.92452486E+001
  0.19206564E+000  0.21789633E+000  0.35286724E+000  0.51540675E+000  0.85888185E+000  0.97800293E+000  0.13286850E+001  0.24789318E+001  0.40772130E+001  0.58210866E+001  0.92452467E+001
  0.19206564E+000  0.21789646E+000  0.35286725E+000  0.51540675E+000  0.85888163E+000  0.97800291E+000  0.13286876E+001  0.24789324E+001  0.40773475E+001  0.58210850E+001  0.92452450E+001
  0.19206564E+000  0.21789658E+000  0.35286727E+000  0.51540676E+000  0.85888143E+000  0.97800290E+000  0.13286902E+001  0.24789329E+001  0.40773572E+001  0.58210835E+001  0.92452435E+001
  0.19206563E+000  0.21789669E+000  0.35286729E+000  0.51540677E+000  0.85888125E+000  0.97800288E+000  0.13286927E+001  0.24789335E+001  0.40773669E+001  0.58210821E+001  0.92452421E+001
  0.19206563E+000  0.21789680E+000  0.35286731E+000  0.51540678E+000  0.85888107E+000  0.97800287E+000  0.13286950E+001  0.24789341E+001  0.40773765E+001  0.58210809E+001  0.92452409E+001
  0.19206563E+000  0.21789690E+000  0.35286733E+000  0.51540680E+000  0.85888092E+000  0.97800286E+000  0.13286974E+001  0.24789347E+001  0.40773860E+001  0.58210797E+001  0.92452399E+001
  0.19206563E+000  0.21789700E+000  0.35289883E+000  0.51540682E+000  0.85888077E+000  0.97800285E+000  0.13286996E+001  0.24789353E+001  0.40780491E+001  0.58210786E+001  0.92452391E+001
  0.19206562E+000  0.21789710E+000  0.35297146E+000  0.51540684E+000  0.85888064E+000  0.97800285E+000  0.13287017E+001  0.24789359E+001  0.40787551E+001  0.58210776E+001  0.92452384E+001
  0.19206562E+000  0.21789719E+000  0.35298444E+000  0.51540687E+000  0.85888052E+000  0.97800284E+000  0.13287038E+001  0.24789366E+001  0.40794494E+001  0.58210767E+001  0.92452378E+001
  0.19206562E+000  0.21789727E+000  0.35299682E+000  0.51540690E+000  0.85888042E+000  0.97800284E+000  0.13287058E+001  0.24789372E+001  0.40807617E+001  0.58210759E+001  0.92452374E+001
  0.19206562E+000  0.21789735E+000  0.35300862E+000  0.51540694E+000  0.85888033E+000  0.97800284E+000  0.13287078E+001  0.24789378E+001  0.40821539E+001  0.58210752E+001  0.92452372E+001
  0.19206562E+000  0.21789743E+000  0.35301987E+000  0.51540698E+000  0.85888025E+000  0.97800284E+000  0.13287097E+001  0.24789385E+001  0.40823109E+001  0.58210746E+001  0.92452371E+001
  0.19206562E+000  0.21789751E+000  0.35303060E+000  0.51540702E+000  0.85888019E+000  0.97800284E+000  0.13287115E+001  0.24789392E+001  0.40823358E+001  0.58210741E+001  0.92452371E+001
  0.19206562E+000  0.21789758E+000  0.35304082E+000  0.51540707E+000  0.85888014E+000  0.97800285E+000  0.13287132E+001  0.24789398E+001  0.40823603E+001  0.58210737E+001  0.92452373E+001
  0.19206562E+000  0.21789764E+000  0.35305055E+000  0.51540712E+000  0.85888010E+000  0.97800286E+000  0.13287149E+001  0.24789405E+001  0.40826124E+001  0.58210733E+001  0.92452377E+001
  0.19206562E+000  0.21789771E+000  0.35305982E+000  0.51540717E+000  0.85888007E+000  0.97800286E+000  0.13287166E+001  0.24789412E+001  0.40826300E+001  0.58210730E+001  0.92452381E+001
  0.19206562E+000  0.21789777E+000  0.35306864E+000  0.51540723E+000  0.85888005E+000  0.97800287E+000  0.13287182E+001  0.24789418E+001  0.40826474E+001  0.58210729E+001  0.92452387E+001
  0.19206562E+000  0.21789783E+000  0.35307705E+000  0.51540729E+000  0.85888005E+000  0.97800288E+000  0.13287197E+001  0.24789425E+001  0.40826645E+001  0.58210728E+001  0.92452394E+001
  0.19206562E+000  0.21789789E+000  0.35308504E+000  0.51540736E+000  0.85888005E+000  0.97800290E+000  0.13287212E+001  0.24789432E+001  0.40834023E+001  0.58210728E+001  0.92452403E+001
  0.19206562E+000  0.21789794E+000  0.35309266E+000  0.51540742E+000  0.85888006E+000  0.97800291E+000  0.13287226E+001  0.24789439E+001  0.40838054E+001  0.58210728E+001  0.92452412E+001
  0.19206562E+000  0.21789800E+000  0.35309990E+000  0.51540749E+000  0.85888009E+000  0.97800293E+000  0.13287240E+001  0.24789446E+001  0.40841078E+001  0.58210729E+001  0.92452422E+001
  0.19206562E+000  0.21789805E+000  0.35310680E+000  0.51540756E+000  0.85888012E+000  0.97800294E+000  0.13287253E+001  0.24789453E+001  0.40844034E+001  0.58210731E+001  0.92452434E+001
  0.19206562E+000  0.21789810E+000  0.35311337E+000  0.51540764E+000  0.85888016E+000  0.97800296E+000  0.13287266E+001  0.24789460E+001  0.40846922E+001  0.58210733E+001  0.92452446E+001
  0.19206562E+000  0.21789814E+000  0.35311962E+000  0.51540771E+000  0.85888021E+000  0.97800298E+000  0.13287279E+001  0.24789467E+001  0.40848343E+001  0.58210737E+001  0.92452459E+001
  0.19206562E+000  0.21789819E+000  0.35312557E+000  0.51540779E+000  0.85888027E+000  0.97800300E+000  0.13287291E+001  0.24789473E+001  0.40849480E+001  0.58210740E+001  0.92452473E+001
  0.19206562E+000  0.21789823E+000  0.35313124E+000  0.51540787E+000  0.85888033E+000  0.97800302E+000  0.13287303E+001  0.24789480E+001  0.40850590E+001  0.58210744E+001  0.92452488E+001
  0.19206562E+000  0.21789828E+000  0.35313664E+000  0.51540796E+000  0.85888040E+000  0.97800304E+000  0.13287314E+001  0.24789487E+001  0.40851673E+001  0.58210749E+001  0.92452503E+001
  0.19206563E+000  0.21789832E+000  0.35314179E+000  0.51540804E+000  0.85888048E+000  0.97800306E+000  0.13287325E+001  0.24789494E+001  0.40852977E+001  0.58210754E+001  0.92452519E+001
  0.19206563E+000  0.21789836E+000  0.35314669E+000  0.51540813E+000  0.85888056E+000  0.97800308E+000  0.13287335E+001  0.24789501E+001  0.40854318E+001  0.58210759E+001  0.92452535E+001
  0.19206563E+000  0.21789840E+000  0.35315137E+000  0.51540821E+000  0.85888065E+000  0.97800311E+000  0.13287346E+001  0.24789507E+001  0.40855593E+001  0.58210765E+001  0.92452552E+001
  0.19206563E+000  0.21789844E+000  0.35315583E+000  0.51540830E+000  0.85888074E+000  0.97800313E+000  0.13287356E+001  0.24789514E+001  0.40856834E+001  0.58210771E+001  0.92452570E+001
  0.19206563E+000  0.21789847E+000  0.35316008E+000  0.51540839E+000  0.85888084E+000  0.97800316E+000  0.13287365E+001  0.24789520E+001  0.40858043E+001  0.58210778E+001  0.92452588E+001
  0.19206563E+000  0.21789851E+000  0.35316415E+000  0.51540848E+000  0.85888094E+000  0.97800318E+000  0.13287374E+001  0.24789527E+001  0.40859220E+001  0.58210785E+001  0.92452606E+001
  0.19206564E+000  0.21789854E+000  0.35316803E+000  0.51540857E+000  0.85888105E+000  0.97800321E+000  0.13287383E+001  0.24789533E+001  0.40860366E+001  0.58210792E+001  0.92452624E+001
  0.19206564E+000  0.21789858E+000  0.35317174E+000  0.51540866E+000  0.85888116E+000  0.97800324E+000  0.13287392E+001  0.24789540E+001  0.40902009E+001  0.58210799E+001  0.92452643E+001
  0.19206564E+000  0.21789861E+000  0.35317528E+000  0.51540875E+000  0.85888127E+000  0.97800326E+000  0.13287401E+001  0.24789546E+001  0.40911391E+001  0.58210807E+001  0.92452662E+001
  0.19206564E+000  0.21789864E+000  0.35317868E+000  0.51540884E+000  0.85888139E+000  0.97800329E+000  0.13287409E+001  0.24789553E+001  0.40911549E+001  0.58210814E+001  0.92452681E+001
  0.19206564E+000  0.21789868E+000  0.35318193E+000  0.51540893E+000  0.85888151E+000  0.97800332E+000  0.13287417E+001  0.24789559E+001  0.40911703E+001  0.58210822E+001  0.92452700E+001
  0.19206565E+000  0.21789871E+000  0.35318505E+000  0.51540903E+000  0.85888163E+000  0.97800335E+000  0.13287424E+001  0.24789565E+001  0.40911853E+001  0.58210831E+001  0.92452720E+001
  0.19206565E+000  0.21789874E+000  0.35318804E+000  0.51540912E+000  0.85888176E+000  0.97800338E+000  0.13287432E+001  0.24789572E+001  0.40911999E+001  0.58210839E+001  0.92452740E+001
  0.19206565E+000  0.21789877E+000  0.35319091E+000  0.51540922E+000  0.85888190E+000  0.97800342E+000  0.13287439E+001  0.24789578E+001  0.40915037E+001  0.58210848E+001  0.92452760E+001
  0.19206565E+000  0.21789880E+000  0.35319368E+000  0.51540932E+000  0.85888205E+000  0.97800345E+000  0.13287446E+001  0.24789585E+001  0.40921955E+001  0.58210857E+001  0.92452782E+001
  0.19206566E+000  0.21789884E+000  0.35319635E+000  0.51540943E+000  0.85888221E+000  0.97800349E+000  0.13287453E+001  0.24789592E+001  0.40927021E+001  0.58210867E+001  0.92452804E+001
  0.19206566E+000  0.21789887E+000  0.35319893E+000  0.51540955E+000  0.85888238E+000  0.97800353E+000  0.13287460E+001  0.24789599E+001  0.40927940E+001  0.58210878E+001  0.92452827E+001
  0.19206566E+000  0.21789890E+000  0.35320136E+000  0.51540967E+000  0.85888257E+000  0.97800358E+000  0.13287467E+001  0.24789606E+001  0.40939957E+001  0.58210891E+001  0.92452852E+001
  0.19206567E+000  0.21789894E+000  0.35320166E+000  0.51540981E+000  0.85888278E+000  0.97800362E+000  0.13287474E+001  0.24789614E+001  0.40953599E+001  0.58210905E+001  0.92452880E+001
  0.19206567E+000  0.21789898E+000  0.35320195E+000  0.51540996E+000  0.85888303E+000  0.97800368E+000  0.13287481E+001  0.24789622E+001  0.40963060E+001  0.58210921E+001  0.92452912E+001
  0.19206568E+000  0.21789902E+000  0.35320226E+000  0.51541015E+000  0.85888333E+000  0.97800374E+000  0.13287488E+001  0.24789631E+001  0.40975786E+001  0.58210942E+001  0.92452951E+001
  0.19206569E+000  0.21789907E+000  0.35320257E+000  0.51541035E+000  0.85888366E+000  0.97800381E+000  0.13287495E+001  0.24789640E+001  0.40990326E+001  0.58210966E+001  0.92452996E+001
  0.19206570E+000  0.21789912E+000  0.35320295E+000  0.51541071E+000  0.85888415E+000  0.97800383E+000  0.13287505E+001  0.24789649E+001  0.41003303E+001  0.58211013E+001  0.92453078E+001
  0.19206569E+000  0.21789920E+000  0.35320342E+000  0.51541143E+000  0.85880354E+000  0.97800389E+000  0.13287519E+001  0.24789667E+001  0.41005447E+001  0.58211117E+001  0.92453253E+001
