  0.57353602E-001
  0.57637632E-001
  0.57892096E-001
  0.58108856E-001
  0.58293766E-001
  0.58451193E-001
  0.58585139E-001
  0.58699106E-001
  0.58796094E-001
  0.58878656E-001
  0.58948961E-001
  0.59008849E-001
  0.59059879E-001
  0.59103372E-001
  0.59140447E-001
  0.59172057E-001
  0.59199011E-001
  0.59221996E-001
  0.59241597E-001
  0.59258313E-001
  0.59272568E-001
  0.59284727E-001
  0.59295101E-001
  0.59303957E-001
  0.59311524E-001
  0.59318001E-001
  0.59323555E-001
  0.59328335E-001
  0.59332467E-001
  0.59336060E-001
  0.59339209E-001
  0.59341996E-001
  0.59344491E-001
  0.59346754E-001
  0.59348838E-001
  0.59350787E-001
  0.59352638E-001
  0.59354423E-001
  0.59356170E-001
  0.59357900E-001
  0.59359632E-001
  0.59361381E-001
  0.59363158E-001
  0.59364973E-001
  0.59366835E-001
  0.59368748E-001
  0.59370717E-001
  0.59372745E-001
  0.59374834E-001
  0.59376984E-001
  0.59379196E-001
  0.59381469E-001
  0.59383802E-001
  0.59386193E-001
  0.59388641E-001
  0.59391141E-001
  0.59393692E-001
  0.59396289E-001
  0.59398928E-001
  0.59401606E-001
  0.59404317E-001
  0.59407057E-001
  0.59409821E-001
  0.59412603E-001
  0.59415398E-001
  0.59418200E-001
  0.59421004E-001
  0.59423803E-001
  0.59426592E-001
  0.59429365E-001
  0.59432117E-001
  0.59434841E-001
  0.59437532E-001
  0.59440184E-001
  0.59442791E-001
  0.59445350E-001
  0.59447854E-001
  0.59450299E-001
  0.59452681E-001
  0.59454995E-001
  0.59457238E-001
  0.59459407E-001
  0.59461499E-001
  0.59463511E-001
  0.59465441E-001
  0.59467287E-001
  0.59469048E-001
  0.59470723E-001
  0.59472312E-001
  0.59473815E-001
  0.59475232E-001
  0.59476564E-001
  0.59477814E-001
  0.59478980E-001
  0.59480067E-001
  0.59481076E-001
  0.59482008E-001
  0.59482868E-001
  0.59483659E-001
  0.59484382E-001
  0.59485042E-001
  0.59485641E-001
  0.59486183E-001
  0.59486671E-001
  0.59487110E-001
  0.59487501E-001
  0.59487849E-001
  0.59488157E-001
  0.59488428E-001
  0.59488665E-001
  0.59488872E-001
  0.59489050E-001
  0.59489203E-001
  0.59489333E-001
  0.59489443E-001
  0.59489535E-001
  0.59489610E-001
  0.59489672E-001
  0.59489720E-001
  0.59489758E-001
  0.59489786E-001
  0.59489806E-001
  0.59489819E-001
  0.59489826E-001
  0.59489828E-001
  0.59489825E-001
  0.59489819E-001
  0.59489809E-001
  0.59489798E-001
  0.59489784E-001
  0.59489769E-001
  0.59489752E-001
  0.59489735E-001
  0.59489717E-001
  0.59489698E-001
  0.59489680E-001
  0.59489661E-001
  0.59489642E-001
  0.59489624E-001
  0.59489605E-001
  0.59489588E-001
  0.59489570E-001
  0.59489553E-001
  0.59489537E-001
  0.59489521E-001
  0.59489506E-001
  0.59489491E-001
  0.59489477E-001
  0.59489464E-001
  0.59489452E-001
  0.59489440E-001
  0.59489429E-001
  0.59489419E-001
  0.59489409E-001
  0.59489400E-001
  0.59489392E-001
  0.59489385E-001
  0.59489378E-001
  0.59489372E-001
  0.59489367E-001
  0.59489363E-001
  0.59489359E-001
  0.59489356E-001
  0.59489353E-001
  0.59489351E-001
  0.59489350E-001
  0.59489349E-001
  0.59489349E-001
  0.59489349E-001
  0.59489350E-001
  0.59489351E-001
  0.59489353E-001
  0.59489355E-001
  0.59489358E-001
  0.59489361E-001
  0.59489365E-001
  0.59489368E-001
  0.59489372E-001
  0.59489377E-001
  0.59489381E-001
  0.59489386E-001
  0.59489391E-001
  0.59489396E-001
  0.59489402E-001
  0.59489407E-001
  0.59489413E-001
  0.59489419E-001
  0.59489425E-001
  0.59489431E-001
  0.59489438E-001
  0.59489445E-001
  0.59489452E-001
  0.59489460E-001
  0.59489469E-001
  0.59489479E-001
  0.59489491E-001
  0.59489507E-001
  0.59489525E-001
  0.59489560E-001
  0.59489637E-001
