  0.10529480E+002
  0.10533073E+002
  0.10535501E+002
  0.10537451E+002
  0.10539011E+002
  0.10540265E+002
  0.10541272E+002
  0.10542076E+002
  0.10542713E+002
  0.10543211E+002
  0.10543593E+002
  0.10543879E+002
  0.10544083E+002
  0.10544220E+002
  0.10544300E+002
  0.10544332E+002
  0.10544324E+002
  0.10544282E+002
  0.10544211E+002
  0.10544115E+002
  0.10543999E+002
  0.10543864E+002
  0.10543714E+002
  0.10543551E+002
  0.10543376E+002
  0.10543192E+002
  0.10542999E+002
  0.10542798E+002
  0.10542591E+002
  0.10542378E+002
  0.10542160E+002
  0.10541938E+002
  0.10541711E+002
  0.10541482E+002
  0.10541249E+002
  0.10541014E+002
  0.10540776E+002
  0.10540537E+002
  0.10540297E+002
  0.10540055E+002
  0.10539813E+002
  0.10539571E+002
  0.10539329E+002
  0.10539088E+002
  0.10538848E+002
  0.10538610E+002
  0.10538374E+002
  0.10538141E+002
  0.10537911E+002
  0.10537685E+002
  0.10537463E+002
  0.10537247E+002
  0.10537036E+002
  0.10536831E+002
  0.10536633E+002
  0.10536442E+002
  0.10536258E+002
  0.10536083E+002
  0.10535916E+002
  0.10535758E+002
  0.10535609E+002
  0.10535470E+002
  0.10535340E+002
  0.10535220E+002
  0.10535110E+002
  0.10535010E+002
  0.10534921E+002
  0.10534840E+002
  0.10534770E+002
  0.10534709E+002
  0.10534657E+002
  0.10534614E+002
  0.10534579E+002
  0.10534552E+002
  0.10534532E+002
  0.10534520E+002
  0.10534513E+002
  0.10534513E+002
  0.10534518E+002
  0.10534527E+002
  0.10534540E+002
  0.10534556E+002
  0.10534575E+002
  0.10534597E+002
  0.10534619E+002
  0.10534643E+002
  0.10534667E+002
  0.10534691E+002
  0.10534714E+002
  0.10534736E+002
  0.10534757E+002
  0.10534776E+002
  0.10534793E+002
  0.10534808E+002
  0.10534820E+002
  0.10534829E+002
  0.10534835E+002
  0.10534838E+002
  0.10534838E+002
  0.10534835E+002
  0.10534829E+002
  0.10534819E+002
  0.10534806E+002
  0.10534790E+002
  0.10534771E+002
  0.10534749E+002
  0.10534725E+002
  0.10534697E+002
  0.10534667E+002
  0.10534634E+002
  0.10534599E+002
  0.10534562E+002
  0.10534522E+002
  0.10534481E+002
  0.10534438E+002
  0.10534393E+002
  0.10534346E+002
  0.10534298E+002
  0.10534249E+002
  0.10534199E+002
  0.10534147E+002
  0.10534095E+002
  0.10534041E+002
  0.10533987E+002
  0.10533932E+002
  0.10533877E+002
  0.10533821E+002
  0.10533764E+002
  0.10533707E+002
  0.10533650E+002
  0.10533592E+002
  0.10533534E+002
  0.10533476E+002
  0.10533417E+002
  0.10533358E+002
  0.10533300E+002
  0.10533241E+002
  0.10533182E+002
  0.10533123E+002
  0.10533064E+002
  0.10533005E+002
  0.10532946E+002
  0.10532888E+002
  0.10532829E+002
  0.10532770E+002
  0.10532712E+002
  0.10532654E+002
  0.10532596E+002
  0.10532538E+002
  0.10532481E+002
  0.10532424E+002
  0.10532367E+002
  0.10532311E+002
  0.10532254E+002
  0.10532199E+002
  0.10532143E+002
  0.10532088E+002
  0.10532034E+002
  0.10531979E+002
  0.10531926E+002
  0.10531873E+002
  0.10531820E+002
  0.10531768E+002
  0.10531716E+002
  0.10531665E+002
  0.10531614E+002
  0.10531564E+002
  0.10531515E+002
  0.10531466E+002
  0.10531418E+002
  0.10531370E+002
  0.10531323E+002
  0.10531277E+002
  0.10531231E+002
  0.10531186E+002
  0.10531142E+002
  0.10531098E+002
  0.10531055E+002
  0.10531013E+002
  0.10530972E+002
  0.10530931E+002
  0.10530891E+002
  0.10530851E+002
  0.10530813E+002
  0.10530775E+002
  0.10530737E+002
  0.10530701E+002
  0.10530665E+002
  0.10530630E+002
  0.10530596E+002
  0.10530562E+002
  0.10530529E+002
  0.10530497E+002
  0.10530466E+002
  0.10530435E+002
  0.10530405E+002
  0.10530376E+002
  0.10530347E+002
  0.10530320E+002
  0.10530293E+002
