  0.65820207E-001
  0.66107257E-001
  0.66186434E-001
  0.66217735E-001
  0.66233975E-001
  0.66244189E-001
  0.66251275E-001
  0.66256360E-001
  0.66259986E-001
  0.66262507E-001
  0.66264157E-001
  0.66265106E-001
  0.66265494E-001
  0.66265442E-001
  0.66265016E-001
  0.66264296E-001
  0.66263338E-001
  0.66262187E-001
  0.66260879E-001
  0.66259444E-001
  0.66257904E-001
  0.66256278E-001
  0.66254581E-001
  0.66252824E-001
  0.66251016E-001
  0.66249164E-001
  0.66247275E-001
  0.66245353E-001
  0.66243402E-001
  0.66241423E-001
  0.66239420E-001
  0.66237395E-001
  0.66235347E-001
  0.66233279E-001
  0.66231192E-001
  0.66229086E-001
  0.66226962E-001
  0.66224823E-001
  0.66222669E-001
  0.66220502E-001
  0.66218324E-001
  0.66216137E-001
  0.66213945E-001
  0.66211751E-001
  0.66209559E-001
  0.66207372E-001
  0.66205195E-001
  0.66203034E-001
  0.66200892E-001
  0.66198775E-001
  0.66196689E-001
  0.66194638E-001
  0.66192628E-001
  0.66190665E-001
  0.66188754E-001
  0.66186898E-001
  0.66185104E-001
  0.66183376E-001
  0.66181717E-001
  0.66180132E-001
  0.66178623E-001
  0.66177193E-001
  0.66175845E-001
  0.66174580E-001
  0.66173400E-001
  0.66172305E-001
  0.66171296E-001
  0.66170372E-001
  0.66169531E-001
  0.66168774E-001
  0.66168097E-001
  0.66167498E-001
  0.66166975E-001
  0.66166524E-001
  0.66166142E-001
  0.66165824E-001
  0.66165567E-001
  0.66165365E-001
  0.66165214E-001
  0.66165110E-001
  0.66165047E-001
  0.66165020E-001
  0.66165025E-001
  0.66165057E-001
  0.66165111E-001
  0.66165182E-001
  0.66165267E-001
  0.66165361E-001
  0.66165459E-001
  0.66165559E-001
  0.66165658E-001
  0.66165750E-001
  0.66165836E-001
  0.66165911E-001
  0.66165973E-001
  0.66166022E-001
  0.66166054E-001
  0.66166070E-001
  0.66166068E-001
  0.66166047E-001
  0.66166007E-001
  0.66165948E-001
  0.66165870E-001
  0.66165772E-001
  0.66165655E-001
  0.66165520E-001
  0.66165367E-001
  0.66165196E-001
  0.66165009E-001
  0.66164806E-001
  0.66164588E-001
  0.66164357E-001
  0.66164112E-001
  0.66163854E-001
  0.66163585E-001
  0.66163306E-001
  0.66163016E-001
  0.66162718E-001
  0.66162412E-001
  0.66162098E-001
  0.66161777E-001
  0.66161450E-001
  0.66161118E-001
  0.66160780E-001
  0.66160438E-001
  0.66160092E-001
  0.66159743E-001
  0.66159390E-001
  0.66159035E-001
  0.66158677E-001
  0.66158317E-001
  0.66157955E-001
  0.66157592E-001
  0.66157227E-001
  0.66156861E-001
  0.66156494E-001
  0.66156127E-001
  0.66155758E-001
  0.66155389E-001
  0.66155020E-001
  0.66154651E-001
  0.66154282E-001
  0.66153913E-001
  0.66153544E-001
  0.66153176E-001
  0.66152808E-001
  0.66152441E-001
  0.66152075E-001
  0.66151709E-001
  0.66151345E-001
  0.66150982E-001
  0.66150620E-001
  0.66150260E-001
  0.66149901E-001
  0.66149544E-001
  0.66149188E-001
  0.66148835E-001
  0.66148484E-001
  0.66148134E-001
  0.66147788E-001
  0.66147443E-001
  0.66147101E-001
  0.66146762E-001
  0.66146426E-001
  0.66146092E-001
  0.66145762E-001
  0.66145435E-001
  0.66145111E-001
  0.66144790E-001
  0.66144473E-001
  0.66144159E-001
  0.66143849E-001
  0.66143543E-001
  0.66143241E-001
  0.66142942E-001
  0.66142648E-001
  0.66142358E-001
  0.66142071E-001
  0.66141789E-001
  0.66141512E-001
  0.66141238E-001
  0.66140969E-001
  0.66140705E-001
  0.66140445E-001
  0.66140189E-001
  0.66139938E-001
  0.66139692E-001
  0.66139450E-001
  0.66139213E-001
  0.66138980E-001
  0.66138753E-001
  0.66138529E-001
  0.66138311E-001
  0.66138097E-001
  0.66137888E-001
  0.66137684E-001
  0.66137484E-001
  0.66137292E-001
  0.66137109E-001
  0.66136897E-001
