  0.42099906E+000
  0.42035448E+000
  0.41985683E+000
  0.41945419E+000
  0.41912048E+000
  0.41884281E+000
  0.41861197E+000
  0.41842062E+000
  0.41826264E+000
  0.41813294E+000
  0.41802724E+000
  0.41794189E+000
  0.41787386E+000
  0.41782058E+000
  0.41777987E+000
  0.41774990E+000
  0.41772914E+000
  0.41771632E+000
  0.41771034E+000
  0.41771030E+000
  0.41771544E+000
  0.41772513E+000
  0.41773882E+000
  0.41775606E+000
  0.41777648E+000
  0.41779974E+000
  0.41782558E+000
  0.41785376E+000
  0.41788409E+000
  0.41791639E+000
  0.41795052E+000
  0.41798634E+000
  0.41802375E+000
  0.41806264E+000
  0.41810292E+000
  0.41814449E+000
  0.41818729E+000
  0.41823124E+000
  0.41827626E+000
  0.41832229E+000
  0.41836926E+000
  0.41841712E+000
  0.41846579E+000
  0.41851524E+000
  0.41856540E+000
  0.41861624E+000
  0.41866771E+000
  0.41871977E+000
  0.41877239E+000
  0.41882554E+000
  0.41887920E+000
  0.41893332E+000
  0.41898790E+000
  0.41904289E+000
  0.41909827E+000
  0.41915399E+000
  0.41921002E+000
  0.41926630E+000
  0.41932279E+000
  0.41937940E+000
  0.41943608E+000
  0.41949275E+000
  0.41954932E+000
  0.41960571E+000
  0.41966181E+000
  0.41971755E+000
  0.41977281E+000
  0.41982750E+000
  0.41988153E+000
  0.41993479E+000
  0.41998720E+000
  0.42003866E+000
  0.42008909E+000
  0.42013840E+000
  0.42018651E+000
  0.42023337E+000
  0.42027889E+000
  0.42032301E+000
  0.42036570E+000
  0.42040689E+000
  0.42044656E+000
  0.42048466E+000
  0.42052118E+000
  0.42055609E+000
  0.42058939E+000
  0.42062107E+000
  0.42065113E+000
  0.42067958E+000
  0.42070644E+000
  0.42073172E+000
  0.42075547E+000
  0.42077770E+000
  0.42079846E+000
  0.42081778E+000
  0.42083572E+000
  0.42085232E+000
  0.42086764E+000
  0.42088173E+000
  0.42089464E+000
  0.42090644E+000
  0.42091719E+000
  0.42092694E+000
  0.42093576E+000
  0.42094371E+000
  0.42095084E+000
  0.42095722E+000
  0.42096289E+000
  0.42096793E+000
  0.42097238E+000
  0.42097629E+000
  0.42097971E+000
  0.42098269E+000
  0.42098526E+000
  0.42098749E+000
  0.42098939E+000
  0.42099100E+000
  0.42099236E+000
  0.42099351E+000
  0.42099445E+000
  0.42099523E+000
  0.42099585E+000
  0.42099635E+000
  0.42099674E+000
  0.42099703E+000
  0.42099725E+000
  0.42099739E+000
  0.42099748E+000
  0.42099752E+000
  0.42099752E+000
  0.42099748E+000
  0.42099742E+000
  0.42099734E+000
  0.42099724E+000
  0.42099713E+000
  0.42099701E+000
  0.42099688E+000
  0.42099675E+000
  0.42099661E+000
  0.42099647E+000
  0.42099633E+000
  0.42099619E+000
  0.42099606E+000
  0.42099592E+000
  0.42099579E+000
  0.42099567E+000
  0.42099555E+000
  0.42099543E+000
  0.42099532E+000
  0.42099522E+000
  0.42099512E+000
  0.42099503E+000
  0.42099495E+000
  0.42099487E+000
  0.42099480E+000
  0.42099474E+000
  0.42099469E+000
  0.42099464E+000
  0.42099460E+000
  0.42099457E+000
  0.42099454E+000
  0.42099453E+000
  0.42099452E+000
  0.42099452E+000
  0.42099453E+000
  0.42099454E+000
  0.42099456E+000
  0.42099459E+000
  0.42099462E+000
  0.42099466E+000
  0.42099471E+000
  0.42099476E+000
  0.42099482E+000
  0.42099488E+000
  0.42099495E+000
  0.42099503E+000
  0.42099511E+000
  0.42099519E+000
  0.42099528E+000
  0.42099537E+000
  0.42099546E+000
  0.42099556E+000
  0.42099566E+000
  0.42099576E+000
  0.42099587E+000
  0.42099598E+000
  0.42099609E+000
  0.42099620E+000
  0.42099632E+000
  0.42099643E+000
  0.42099656E+000
  0.42099669E+000
  0.42099683E+000
  0.42099698E+000
  0.42099715E+000
  0.42099734E+000
  0.42099757E+000
  0.42099784E+000
  0.42099816E+000
  0.42099857E+000
  0.42099907E+000
