  0.64200377E+000  0.10304437E+000  0.16266357E+000  0.77628460E+000
  0.64082178E+000  0.10414662E+000  0.16167348E+000  0.77477615E+000
  0.63949702E+000  0.10458454E+000  0.16075798E+000  0.77458786E+000
  0.63871877E+000  0.10467202E+000  0.16055795E+000  0.77386811E+000
  0.63795433E+000  0.10468180E+000  0.16052006E+000  0.77332582E+000
  0.63723875E+000  0.10488438E+000  0.16037424E+000  0.77287395E+000
  0.63678540E+000  0.10421436E+000  0.16056834E+000  0.77287987E+000
  0.63530796E+000  0.10526733E+000  0.16048257E+000  0.77262472E+000
  0.63414216E+000  0.10577544E+000  0.16057782E+000  0.77255524E+000
  0.63350435E+000  0.10610276E+000  0.16051528E+000  0.77240947E+000
  0.63136943E+000  0.10797532E+000  0.15982334E+000  0.77294096E+000
  0.63064257E+000  0.10848025E+000  0.15976982E+000  0.77287503E+000
  0.63046724E+000  0.10846956E+000  0.15973525E+000  0.77282349E+000
  0.63032503E+000  0.10843605E+000  0.15972889E+000  0.77279244E+000
  0.63021251E+000  0.10779717E+000  0.16020996E+000  0.77289993E+000
  0.62933381E+000  0.10857499E+000  0.15955370E+000  0.77353720E+000
  0.62823202E+000  0.10959597E+000  0.15952650E+000  0.77356218E+000
  0.62778752E+000  0.10997982E+000  0.15951585E+000  0.77358217E+000
  0.62775335E+000  0.10996804E+000  0.15949560E+000  0.77362446E+000
  0.62755158E+000  0.11014201E+000  0.15949414E+000  0.77365357E+000
  0.62754402E+000  0.11013673E+000  0.15949393E+000  0.77368720E+000
  0.62754684E+000  0.11013178E+000  0.15947620E+000  0.77374579E+000
  0.62756018E+000  0.11012780E+000  0.15948054E+000  0.77378685E+000
  0.62747417E+000  0.11023282E+000  0.15948657E+000  0.77383079E+000
  0.62750414E+000  0.11023049E+000  0.15949410E+000  0.77387728E+000
  0.62625787E+000  0.11150381E+000  0.15951132E+000  0.77392605E+000
  0.62630074E+000  0.11150336E+000  0.15952140E+000  0.77397690E+000
  0.62634934E+000  0.11150079E+000  0.15953534E+000  0.77402966E+000
  0.62640294E+000  0.11150169E+000  0.15954635E+000  0.77408545E+000
  0.62646103E+000  0.11150332E+000  0.15955955E+000  0.77414173E+000
  0.62652313E+000  0.11150568E+000  0.15957367E+000  0.77419968E+000
  0.62658877E+000  0.11150880E+000  0.15958864E+000  0.77425925E+000
  0.62665764E+000  0.11151261E+000  0.15960442E+000  0.77432042E+000
  0.62672933E+000  0.11151716E+000  0.15962098E+000  0.77438318E+000
  0.62680354E+000  0.11152243E+000  0.15963827E+000  0.77444752E+000
  0.62687996E+000  0.11152842E+000  0.15965582E+000  0.77451387E+000
  0.62695834E+000  0.11153492E+000  0.15967468E+000  0.77458133E+000
  0.62703845E+000  0.11154231E+000  0.15969397E+000  0.77465033E+000
  0.66605353E+000  0.10539467E+000  0.15971385E+000  0.77472085E+000
  0.62719703E+000  0.11156504E+000  0.15973432E+000  0.77479287E+000
  0.62728033E+000  0.11157516E+000  0.15975531E+000  0.77486634E+000
  0.62736496E+000  0.11158557E+000  0.15977680E+000  0.77494123E+000
  0.62745105E+000  0.11159597E+000  0.15979875E+000  0.77501749E+000
  0.62753799E+000  0.11160685E+000  0.15982114E+000  0.77509507E+000
  0.62762570E+000  0.11161816E+000  0.15984221E+000  0.77517564E+000
  0.62771414E+000  0.11162908E+000  0.15986223E+000  0.77525961E+000
  0.62780150E+000  0.11164006E+000  0.15988856E+000  0.77534081E+000
  0.62789130E+000  0.11164849E+000  0.15991627E+000  0.77542310E+000
  0.62798177E+000  0.11166104E+000  0.15994042E+000  0.77550643E+000
  0.62807289E+000  0.11167379E+000  0.15996485E+000  0.77559073E+000
  0.62815677E+000  0.11169399E+000  0.15999011E+000  0.77567601E+000
  0.62824915E+000  0.11170708E+000  0.16001507E+000  0.77576210E+000
  0.62834204E+000  0.11172039E+000  0.16004025E+000  0.77584901E+000
  0.62843570E+000  0.11172814E+000  0.16007116E+000  0.77593666E+000
  0.62852995E+000  0.11174144E+000  0.16009678E+000  0.77602500E+000
  0.62862475E+000  0.11175478E+000  0.16012259E+000  0.77611395E+000
  0.62872002E+000  0.11176814E+000  0.16014857E+000  0.77620344E+000
  0.62881571E+000  0.11178151E+000  0.16017468E+000  0.77629340E+000
  0.62891169E+000  0.11179490E+000  0.16020094E+000  0.77638371E+000
  0.62900790E+000  0.11180824E+000  0.16022729E+000  0.77647426E+000
  0.62910422E+000  0.11182154E+000  0.16025371E+000  0.77656496E+000
  0.62920049E+000  0.11183478E+000  0.16030120E+000  0.77663464E+000
  0.62798399E+000  0.11316052E+000  0.16032764E+000  0.77672522E+000
  0.62807962E+000  0.11317371E+000  0.16034598E+000  0.77682361E+000
  0.62817475E+000  0.11318678E+000  0.16037229E+000  0.77691354E+000
  0.62826805E+000  0.11319520E+000  0.16040412E+000  0.77700290E+000
  0.62836167E+000  0.11320799E+000  0.16043011E+000  0.77709156E+000
  0.62845211E+000  0.11322277E+000  0.16045586E+000  0.77717936E+000
  0.62854355E+000  0.11323518E+000  0.16048134E+000  0.77726613E+000
  0.62863364E+000  0.11324738E+000  0.16050650E+000  0.77735174E+000
  0.62872198E+000  0.11325961E+000  0.16053099E+000  0.77743631E+000
  0.62880891E+000  0.11284328E+000  0.16098340E+000  0.77751914E+000
  0.62889404E+000  0.11285465E+000  0.16100738E+000  0.77760036E+000
  0.62897723E+000  0.11286574E+000  0.16103086E+000  0.77767985E+000
  0.62905835E+000  0.11287646E+000  0.16105386E+000  0.77775748E+000
  0.62913727E+000  0.11288694E+000  0.16107559E+000  0.77783376E+000
  0.62921388E+000  0.11289709E+000  0.16109731E+000  0.77790735E+000
  0.62928809E+000  0.11290691E+000  0.16111841E+000  0.77797874E+000
  0.62935966E+000  0.11291654E+000  0.16113858E+000  0.77804811E+000
  0.62942881E+000  0.11292567E+000  0.16115831E+000  0.77811488E+000
  0.62949534E+000  0.11293443E+000  0.16117732E+000  0.77817923E+000
  0.62955919E+000  0.11294274E+000  0.16119570E+000  0.77824111E+000
  0.62962032E+000  0.11295078E+000  0.16121323E+000  0.77830048E+000
  0.62967871E+000  0.11295846E+000  0.16120895E+000  0.77837836E+000
  0.62973435E+000  0.11296576E+000  0.16122495E+000  0.77843261E+000
  0.62978722E+000  0.11297270E+000  0.16124019E+000  0.77848427E+000
  0.62983734E+000  0.11297928E+000  0.16125466E+000  0.77853336E+000
  0.62988471E+000  0.11298549E+000  0.16126834E+000  0.77857988E+000
  0.62992938E+000  0.11299135E+000  0.16128129E+000  0.77862384E+000
  0.62997139E+000  0.11299685E+000  0.16129348E+000  0.77866527E+000
  0.63001079E+000  0.11300201E+000  0.16130494E+000  0.77870422E+000
  0.63004763E+000  0.11300684E+000  0.16131568E+000  0.77874073E+000
  0.63008199E+000  0.11301134E+000  0.16132568E+000  0.77877491E+000
  0.63011394E+000  0.11301552E+000  0.16133504E+000  0.77880673E+000
  0.63014355E+000  0.11301939E+000  0.16134233E+000  0.77883771E+000
  0.63017092E+000  0.11302297E+000  0.16135039E+000  0.77886512E+000
  0.63019613E+000  0.11302626E+000  0.16135784E+000  0.77889043E+000
  0.63021929E+000  0.11302927E+000  0.16136470E+000  0.77891374E+000
  0.63024049E+000  0.11303203E+000  0.16137101E+000  0.77893513E+000
  0.63025983E+000  0.11303454E+000  0.16137679E+000  0.77895470E+000
  0.63027742E+000  0.11303682E+000  0.16138206E+000  0.77897255E+000
  0.63029336E+000  0.11303887E+000  0.16138686E+000  0.77898876E+000
  0.63030776E+000  0.11304072E+000  0.16139122E+000  0.77900344E+000
  0.63032071E+000  0.11304237E+000  0.16139516E+000  0.77901668E+000
  0.63033233E+000  0.11304384E+000  0.16139871E+000  0.77902857E+000
  0.63034270E+000  0.11304515E+000  0.16140190E+000  0.77903921E+000
  0.63035193E+000  0.11304629E+000  0.16140475E+000  0.77904870E+000
  0.63036011E+000  0.11304730E+000  0.16140730E+000  0.77905712E+000
  0.63036733E+000  0.11304817E+000  0.16140956E+000  0.77906455E+000
  0.63037368E+000  0.11304893E+000  0.16141155E+000  0.77907109E+000
  0.63037924E+000  0.11304957E+000  0.16141331E+000  0.77907681E+000
  0.63038409E+000  0.11305012E+000  0.16141485E+000  0.77908179E+000
  0.63038830E+000  0.11305057E+000  0.16141619E+000  0.77908609E+000
  0.63039194E+000  0.11305095E+000  0.16141735E+000  0.77908980E+000
  0.63039507E+000  0.11305125E+000  0.16141836E+000  0.77909296E+000
  0.63039775E+000  0.11305149E+000  0.16141921E+000  0.77909564E+000
  0.63040004E+000  0.11305168E+000  0.16097876E+000  0.77953907E+000
  0.63040198E+000  0.11305181E+000  0.16097938E+000  0.77954095E+000
  0.63040362E+000  0.11305191E+000  0.16097989E+000  0.77954249E+000
  0.63040500E+000  0.11305196E+000  0.16098030E+000  0.77954374E+000
  0.63040615E+000  0.11305198E+000  0.16098064E+000  0.77954473E+000
  0.63040711E+000  0.11305197E+000  0.16098091E+000  0.77954551E+000
  0.63040791E+000  0.11305194E+000  0.16098111E+000  0.77954609E+000
  0.63040856E+000  0.11305189E+000  0.16098127E+000  0.77954651E+000
  0.63040910E+000  0.11305182E+000  0.16098137E+000  0.77954679E+000
  0.63040953E+000  0.11305173E+000  0.16098143E+000  0.77954696E+000
  0.63040989E+000  0.11305164E+000  0.16098146E+000  0.77954702E+000
  0.63041017E+000  0.11305154E+000  0.16098146E+000  0.77954700E+000
  0.63041040E+000  0.11305143E+000  0.16098144E+000  0.77954691E+000
  0.63041057E+000  0.11305131E+000  0.16098139E+000  0.77954676E+000
  0.63041071E+000  0.11305119E+000  0.16098132E+000  0.77954656E+000
  0.63041082E+000  0.11305107E+000  0.16098124E+000  0.77954633E+000
  0.63041091E+000  0.11305095E+000  0.16098115E+000  0.77954607E+000
  0.63041097E+000  0.11305083E+000  0.16098105E+000  0.77954578E+000
  0.63041101E+000  0.11305071E+000  0.16098094E+000  0.77954548E+000
  0.63041105E+000  0.11305059E+000  0.16098082E+000  0.77954516E+000
  0.63041107E+000  0.11305047E+000  0.16098070E+000  0.77954484E+000
  0.63041108E+000  0.11305036E+000  0.16098058E+000  0.77954451E+000
  0.63041109E+000  0.11305025E+000  0.16098045E+000  0.77954418E+000
  0.63041109E+000  0.11305015E+000  0.16098033E+000  0.77954385E+000
  0.63041109E+000  0.11305005E+000  0.16098020E+000  0.77954352E+000
  0.63041108E+000  0.11304995E+000  0.16098008E+000  0.77954320E+000
  0.63041108E+000  0.11304986E+000  0.16097995E+000  0.77954289E+000
  0.63041107E+000  0.11304978E+000  0.16097983E+000  0.77954258E+000
  0.63041106E+000  0.11304970E+000  0.16097972E+000  0.77954229E+000
  0.63041106E+000  0.11304962E+000  0.16097960E+000  0.77954200E+000
  0.63041105E+000  0.11304955E+000  0.16097949E+000  0.77954173E+000
  0.63041104E+000  0.11304949E+000  0.16097938E+000  0.77954146E+000
  0.63041104E+000  0.11304943E+000  0.16097928E+000  0.77954121E+000
  0.63041104E+000  0.11304938E+000  0.16097919E+000  0.77954098E+000
  0.63041104E+000  0.11304933E+000  0.16097910E+000  0.77954075E+000
  0.63041105E+000  0.11304928E+000  0.16097901E+000  0.77954054E+000
  0.63041106E+000  0.11304924E+000  0.16097893E+000  0.77954035E+000
  0.63041108E+000  0.11304921E+000  0.16097885E+000  0.77954017E+000
  0.63041110E+000  0.11304917E+000  0.16097878E+000  0.77954000E+000
  0.63041112E+000  0.11304915E+000  0.16097872E+000  0.77953985E+000
  0.63041115E+000  0.11304912E+000  0.16097866E+000  0.77953972E+000
  0.63041119E+000  0.11304910E+000  0.16097861E+000  0.77953959E+000
  0.63041124E+000  0.11304909E+000  0.16097856E+000  0.77953949E+000
  0.63041129E+000  0.11304908E+000  0.16097852E+000  0.77953939E+000
  0.63041135E+000  0.11304907E+000  0.16097848E+000  0.77953932E+000
  0.63041141E+000  0.11304906E+000  0.16097845E+000  0.77953925E+000
  0.63041149E+000  0.11304906E+000  0.16097843E+000  0.77953920E+000
  0.63041157E+000  0.11304905E+000  0.16097841E+000  0.77953917E+000
  0.63041166E+000  0.11304905E+000  0.16097839E+000  0.77953915E+000
  0.63041176E+000  0.11304906E+000  0.16097838E+000  0.77953914E+000
  0.63041186E+000  0.11304906E+000  0.16097837E+000  0.77953914E+000
  0.63041198E+000  0.11304907E+000  0.16097837E+000  0.77953916E+000
  0.63041210E+000  0.11304908E+000  0.16097837E+000  0.77953919E+000
  0.63041223E+000  0.11304909E+000  0.16097838E+000  0.77953923E+000
  0.63041236E+000  0.11304910E+000  0.16097839E+000  0.77953928E+000
  0.63041251E+000  0.11304912E+000  0.16097841E+000  0.77953934E+000
  0.63041266E+000  0.11304913E+000  0.16097842E+000  0.77953941E+000
  0.63041282E+000  0.11304915E+000  0.16097845E+000  0.77953949E+000
  0.63041298E+000  0.11304917E+000  0.16097847E+000  0.77953958E+000
  0.63041316E+000  0.11304919E+000  0.16097850E+000  0.77953968E+000
  0.63041333E+000  0.11304921E+000  0.16097853E+000  0.77953978E+000
  0.63041352E+000  0.11304923E+000  0.16097856E+000  0.77953990E+000
  0.63041370E+000  0.11304925E+000  0.16097859E+000  0.77954002E+000
  0.63041390E+000  0.11304927E+000  0.16097863E+000  0.77954014E+000
  0.63041409E+000  0.11304929E+000  0.16097867E+000  0.77954028E+000
  0.63041430E+000  0.11304931E+000  0.16097871E+000  0.77954041E+000
  0.63041450E+000  0.11304934E+000  0.16097875E+000  0.77954056E+000
  0.63041471E+000  0.11304936E+000  0.16097880E+000  0.77954070E+000
  0.63041492E+000  0.11304938E+000  0.16097884E+000  0.77954085E+000
  0.63041514E+000  0.11304941E+000  0.16097889E+000  0.77954101E+000
  0.63041536E+000  0.11304943E+000  0.16097894E+000  0.77954117E+000
  0.63041558E+000  0.11304945E+000  0.16097898E+000  0.77954134E+000
  0.63041581E+000  0.11304948E+000  0.16097904E+000  0.77954151E+000
  0.63041604E+000  0.11304951E+000  0.16097909E+000  0.77954169E+000
  0.63041629E+000  0.11304953E+000  0.16097915E+000  0.77954189E+000
  0.63041655E+000  0.11304956E+000  0.16097921E+000  0.77954210E+000
  0.63041683E+000  0.11304959E+000  0.16097927E+000  0.77954233E+000
  0.63041713E+000  0.11304962E+000  0.16097935E+000  0.77954259E+000
  0.63041747E+000  0.11304966E+000  0.16097943E+000  0.77954290E+000
  0.63041786E+000  0.11304970E+000  0.16097953E+000  0.77954326E+000
  0.63041833E+000  0.11304976E+000  0.16097965E+000  0.77954370E+000
  0.63041890E+000  0.11304982E+000  0.16097980E+000  0.77954424E+000
  0.63041955E+000  0.11304990E+000  0.16097998E+000  0.77954492E+000
  0.63042050E+000  0.11305003E+000  0.16098023E+000  0.77954560E+000
