 -0.51982404E-001  0.47365254E-002  0.44192679E+000  0.12893155E+001
 -0.52059588E-001  0.47245008E-002  0.44156600E+000  0.12871872E+001
 -0.52118029E-001  0.47184754E-002  0.44128980E+000  0.12855372E+001
 -0.52162799E-001  0.47149770E-002  0.44106517E+000  0.12841996E+001
 -0.52196329E-001  0.47130582E-002  0.44087888E+000  0.12830865E+001
 -0.52220864E-001  0.47121544E-002  0.44072296E+000  0.12821571E+001
 -0.52238255E-001  0.47118741E-002  0.44059211E+000  0.12813823E+001
 -0.52250019E-001  0.47119405E-002  0.44048239E+000  0.12807383E+001
 -0.52257391E-001  0.47121659E-002  0.44039060E+000  0.12802053E+001
 -0.52261373E-001  0.47124310E-002  0.44031403E+000  0.12797668E+001
 -0.52262772E-001  0.47126687E-002  0.44025036E+000  0.12794089E+001
 -0.52262231E-001  0.47128455E-002  0.44019756E+000  0.12791196E+001
 -0.52260266E-001  0.47129504E-002  0.44015394E+000  0.12788890E+001
 -0.52257282E-001  0.47129863E-002  0.44011804E+000  0.12787087E+001
 -0.52253599E-001  0.47129628E-002  0.44008865E+000  0.12785716E+001
 -0.52249464E-001  0.47128930E-002  0.44006477E+000  0.12784716E+001
 -0.52245069E-001  0.47127896E-002  0.44004557E+000  0.12784034E+001
 -0.52240558E-001  0.47126642E-002  0.44003037E+000  0.12783629E+001
 -0.52236038E-001  0.47125265E-002  0.44001862E+000  0.12783464E+001
 -0.52231588E-001  0.47123840E-002  0.44000990E+000  0.12783507E+001
 -0.52227264E-001  0.47122422E-002  0.44000386E+000  0.12783731E+001
 -0.52223100E-001  0.47121055E-002  0.44000023E+000  0.12784114E+001
 -0.52219119E-001  0.47119769E-002  0.43999881E+000  0.12784638E+001
 -0.52215330E-001  0.47118587E-002  0.43999943E+000  0.12785285E+001
 -0.52211735E-001  0.47117530E-002  0.44000198E+000  0.12786041E+001
 -0.52208329E-001  0.47116615E-002  0.44000636E+000  0.12786894E+001
 -0.52205100E-001  0.47115860E-002  0.44001253E+000  0.12787834E+001
 -0.52202034E-001  0.47115285E-002  0.44002044E+000  0.12788853E+001
 -0.52199115E-001  0.47114909E-002  0.44003008E+000  0.12789940E+001
 -0.52196322E-001  0.47114755E-002  0.44004142E+000  0.12791091E+001
 -0.52193635E-001  0.47114846E-002  0.44005446E+000  0.12792299E+001
 -0.52191035E-001  0.47115207E-002  0.44006920E+000  0.12793558E+001
 -0.52188500E-001  0.47115861E-002  0.44008563E+000  0.12794864E+001
 -0.52186010E-001  0.47116831E-002  0.44010373E+000  0.12796213E+001
 -0.52183545E-001  0.47118136E-002  0.44012348E+000  0.12797601E+001
 -0.52181087E-001  0.47119792E-002  0.44014485E+000  0.12799024E+001
 -0.52178618E-001  0.47121808E-002  0.44016779E+000  0.12800480E+001
 -0.52176124E-001  0.47124188E-002  0.44019223E+000  0.12801966E+001
 -0.52173589E-001  0.47126929E-002  0.44021810E+000  0.12803480E+001
 -0.52171001E-001  0.47130022E-002  0.44024531E+000  0.12805020E+001
 -0.52168349E-001  0.47133444E-002  0.44027376E+000  0.12806585E+001
 -0.52165625E-001  0.47137171E-002  0.44030335E+000  0.12808172E+001
 -0.52162822E-001  0.47141172E-002  0.44033396E+000  0.12809781E+001
 -0.52159933E-001  0.47145411E-002  0.44036547E+000  0.12811410E+001
 -0.52156954E-001  0.47149853E-002  0.44039776E+000  0.12813060E+001
 -0.52153884E-001  0.47154458E-002  0.44043073E+000  0.12814728E+001
 -0.52150720E-001  0.47159187E-002  0.44046426E+000  0.12816415E+001
 -0.52147464E-001  0.47164005E-002  0.44049826E+000  0.12818120E+001
 -0.52144115E-001  0.47168876E-002  0.44053264E+000  0.12819843E+001
 -0.52140676E-001  0.47173772E-002  0.44056733E+000  0.12821583E+001
 -0.52137149E-001  0.47178670E-002  0.44060227E+000  0.12823340E+001
 -0.52133538E-001  0.47183550E-002  0.44063740E+000  0.12825112E+001
 -0.52129847E-001  0.47188401E-002  0.44067269E+000  0.12826901E+001
 -0.52126080E-001  0.47193215E-002  0.44070810E+000  0.12828704E+001
 -0.52122242E-001  0.47197988E-002  0.44074361E+000  0.12830521E+001
 -0.52118339E-001  0.47202720E-002  0.44077918E+000  0.12832350E+001
 -0.52114376E-001  0.47207412E-002  0.44081481E+000  0.12834191E+001
 -0.52110360E-001  0.47212067E-002  0.44085046E+000  0.12836041E+001
 -0.52106297E-001  0.47216687E-002  0.44088612E+000  0.12837898E+001
 -0.52102194E-001  0.47221274E-002  0.44092174E+000  0.12839761E+001
 -0.52098059E-001  0.47225829E-002  0.44095730E+000  0.12841627E+001
 -0.52093900E-001  0.47230353E-002  0.44099275E+000  0.12843493E+001
 -0.52089724E-001  0.47234843E-002  0.44102806E+000  0.12845356E+001
 -0.52085540E-001  0.47239297E-002  0.44106317E+000  0.12847214E+001
 -0.52081356E-001  0.47243711E-002  0.44109803E+000  0.12849064E+001
 -0.52077181E-001  0.47248080E-002  0.44113259E+000  0.12850901E+001
 -0.52073023E-001  0.47252399E-002  0.44116679E+000  0.12852724E+001
 -0.52068892E-001  0.47256662E-002  0.44120058E+000  0.12854528E+001
 -0.52064795E-001  0.47260862E-002  0.44123388E+000  0.12856311E+001
 -0.52060742E-001  0.47264994E-002  0.44126666E+000  0.12858069E+001
 -0.52056740E-001  0.47269051E-002  0.44129884E+000  0.12859799E+001
 -0.52052797E-001  0.47273028E-002  0.44133038E+000  0.12861499E+001
 -0.52048922E-001  0.47276918E-002  0.44136123E+000  0.12863165E+001
 -0.52045121E-001  0.47280717E-002  0.44139133E+000  0.12864795E+001
 -0.52041402E-001  0.47284421E-002  0.44142065E+000  0.12866385E+001
 -0.52037771E-001  0.47288025E-002  0.44144914E+000  0.12867934E+001
 -0.52034234E-001  0.47291526E-002  0.44147676E+000  0.12869440E+001
 -0.52030796E-001  0.47294920E-002  0.44150349E+000  0.12870900E+001
 -0.52027464E-001  0.47298206E-002  0.44152928E+000  0.12872313E+001
 -0.52024242E-001  0.47301382E-002  0.44155413E+000  0.12873677E+001
 -0.52021132E-001  0.47304447E-002  0.44157800E+000  0.12874991E+001
 -0.52018140E-001  0.47307400E-002  0.44160089E+000  0.12876253E+001
 -0.52015267E-001  0.47310241E-002  0.44162279E+000  0.12877463E+001
 -0.52012517E-001  0.47312972E-002  0.44164368E+000  0.12878621E+001
 -0.52009890E-001  0.47315593E-002  0.44166356E+000  0.12879725E+001
 -0.52007389E-001  0.47318105E-002  0.44168245E+000  0.12880776E+001
 -0.52005014E-001  0.47320510E-002  0.44170033E+000  0.12881773E+001
 -0.52002764E-001  0.47322812E-002  0.44171723E+000  0.12882717E+001
 -0.52000641E-001  0.47325011E-002  0.44173315E+000  0.12883609E+001
 -0.51998641E-001  0.47327111E-002  0.44174812E+000  0.12884449E+001
 -0.51996765E-001  0.47329116E-002  0.44176216E+000  0.12885237E+001
 -0.51995010E-001  0.47331028E-002  0.44177528E+000  0.12885976E+001
 -0.51993373E-001  0.47332851E-002  0.44178753E+000  0.12886665E+001
 -0.51991853E-001  0.47334589E-002  0.44179891E+000  0.12887308E+001
 -0.51990445E-001  0.47336245E-002  0.44180948E+000  0.12887904E+001
 -0.51989148E-001  0.47337823E-002  0.44181925E+000  0.12888456E+001
 -0.51987956E-001  0.47339325E-002  0.44182827E+000  0.12888965E+001
 -0.51986866E-001  0.47340757E-002  0.44183657E+000  0.12889433E+001
 -0.51985873E-001  0.47342120E-002  0.44184419E+000  0.12889862E+001
 -0.51984973E-001  0.47343419E-002  0.44185116E+000  0.12890254E+001
 -0.51984162E-001  0.47344656E-002  0.44185753E+000  0.12890611E+001
 -0.51983435E-001  0.47345835E-002  0.44186333E+000  0.12890934E+001
 -0.51982787E-001  0.47346957E-002  0.44186859E+000  0.12891227E+001
 -0.51982213E-001  0.47348027E-002  0.44187337E+000  0.12891490E+001
 -0.51981709E-001  0.47349046E-002  0.44187769E+000  0.12891726E+001
 -0.51981270E-001  0.47350017E-002  0.44188159E+000  0.12891937E+001
 -0.51980890E-001  0.47350942E-002  0.44188510E+000  0.12892124E+001
 -0.51980567E-001  0.47351823E-002  0.44188826E+000  0.12892290E+001
 -0.51980294E-001  0.47352661E-002  0.44189110E+000  0.12892436E+001
 -0.51980068E-001  0.47353459E-002  0.44189364E+000  0.12892564E+001
 -0.51979884E-001  0.47354218E-002  0.44189593E+000  0.12892675E+001
 -0.51979740E-001  0.47354939E-002  0.44189798E+000  0.12892772E+001
 -0.51979629E-001  0.47355624E-002  0.44189982E+000  0.12892855E+001
 -0.51979550E-001  0.47356274E-002  0.44190147E+000  0.12892925E+001
 -0.51979499E-001  0.47356890E-002  0.44190296E+000  0.12892986E+001
 -0.51979472E-001  0.47357473E-002  0.44190430E+000  0.12893036E+001
 -0.51979467E-001  0.47358025E-002  0.44190551E+000  0.12893078E+001
 -0.51979480E-001  0.47358546E-002  0.44190660E+000  0.12893112E+001
 -0.51979510E-001  0.47359037E-002  0.44190760E+000  0.12893140E+001
 -0.51979554E-001  0.47359499E-002  0.44190851E+000  0.12893162E+001
 -0.51979610E-001  0.47359933E-002  0.44190934E+000  0.12893178E+001
 -0.51979675E-001  0.47360341E-002  0.44191011E+000  0.12893191E+001
 -0.51979749E-001  0.47360721E-002  0.44191081E+000  0.12893200E+001
 -0.51979829E-001  0.47361077E-002  0.44191147E+000  0.12893205E+001
 -0.51979914E-001  0.47361408E-002  0.44191208E+000  0.12893208E+001
 -0.51980004E-001  0.47361716E-002  0.44191266E+000  0.12893209E+001
 -0.51980096E-001  0.47362001E-002  0.44191320E+000  0.12893208E+001
 -0.51980190E-001  0.47362264E-002  0.44191370E+000  0.12893205E+001
 -0.51980284E-001  0.47362507E-002  0.44191418E+000  0.12893201E+001
 -0.51980380E-001  0.47362730E-002  0.44191464E+000  0.12893196E+001
 -0.51980474E-001  0.47362934E-002  0.44191507E+000  0.12893190E+001
 -0.51980568E-001  0.47363120E-002  0.44191548E+000  0.12893183E+001
 -0.51980660E-001  0.47363289E-002  0.44191587E+000  0.12893176E+001
 -0.51980751E-001  0.47363443E-002  0.44191624E+000  0.12893169E+001
 -0.51980839E-001  0.47363581E-002  0.44191659E+000  0.12893161E+001
 -0.51980925E-001  0.47363706E-002  0.44191692E+000  0.12893153E+001
 -0.51981009E-001  0.47363817E-002  0.44191724E+000  0.12893145E+001
 -0.51981090E-001  0.47363916E-002  0.44191754E+000  0.12893138E+001
 -0.51981167E-001  0.47364004E-002  0.44191782E+000  0.12893130E+001
 -0.51981242E-001  0.47364082E-002  0.44191809E+000  0.12893122E+001
 -0.51981314E-001  0.47364150E-002  0.44191835E+000  0.12893115E+001
 -0.51981383E-001  0.47364210E-002  0.44191859E+000  0.12893107E+001
 -0.51981449E-001  0.47364262E-002  0.44191882E+000  0.12893100E+001
 -0.51981511E-001  0.47364306E-002  0.44191904E+000  0.12893094E+001
 -0.51981571E-001  0.47364344E-002  0.44191924E+000  0.12893087E+001
 -0.51981628E-001  0.47364377E-002  0.44191943E+000  0.12893081E+001
 -0.51981682E-001  0.47364404E-002  0.44191961E+000  0.12893075E+001
 -0.51981733E-001  0.47364427E-002  0.44191978E+000  0.12893070E+001
 -0.51981781E-001  0.47364446E-002  0.44191994E+000  0.12893064E+001
 -0.51981827E-001  0.47364461E-002  0.44192009E+000  0.12893059E+001
 -0.51981870E-001  0.47364474E-002  0.44192024E+000  0.12893055E+001
 -0.51981910E-001  0.47364484E-002  0.44192037E+000  0.12893050E+001
 -0.51981948E-001  0.47364492E-002  0.44192050E+000  0.12893046E+001
 -0.51981984E-001  0.47364499E-002  0.44192063E+000  0.12893043E+001
 -0.51982018E-001  0.47364504E-002  0.44192074E+000  0.12893039E+001
 -0.51982049E-001  0.47364509E-002  0.44192086E+000  0.12893036E+001
 -0.51982078E-001  0.47364513E-002  0.44192096E+000  0.12893034E+001
 -0.51982106E-001  0.47364516E-002  0.44192107E+000  0.12893031E+001
 -0.51982131E-001  0.47364519E-002  0.44192117E+000  0.12893029E+001
 -0.51982155E-001  0.47364522E-002  0.44192127E+000  0.12893028E+001
 -0.51982177E-001  0.47364526E-002  0.44192137E+000  0.12893026E+001
 -0.51982198E-001  0.47364530E-002  0.44192146E+000  0.12893025E+001
 -0.51982217E-001  0.47364534E-002  0.44192156E+000  0.12893024E+001
 -0.51982235E-001  0.47364539E-002  0.44192165E+000  0.12893024E+001
 -0.51982251E-001  0.47364544E-002  0.44192175E+000  0.12893024E+001
 -0.51982266E-001  0.47364550E-002  0.44192184E+000  0.12893024E+001
 -0.51982280E-001  0.47364557E-002  0.44192193E+000  0.12893024E+001
 -0.51982293E-001  0.47364565E-002  0.44192203E+000  0.12893024E+001
 -0.51982305E-001  0.47364574E-002  0.44192212E+000  0.12893025E+001
 -0.51982316E-001  0.47364584E-002  0.44192222E+000  0.12893026E+001
 -0.51982326E-001  0.47364594E-002  0.44192232E+000  0.12893027E+001
 -0.51982335E-001  0.47364605E-002  0.44192242E+000  0.12893029E+001
 -0.51982343E-001  0.47364618E-002  0.44192252E+000  0.12893031E+001
 -0.51982351E-001  0.47364630E-002  0.44192262E+000  0.12893032E+001
 -0.51982357E-001  0.47364644E-002  0.44192272E+000  0.12893034E+001
 -0.51982364E-001  0.47364659E-002  0.44192282E+000  0.12893037E+001
 -0.51982369E-001  0.47364674E-002  0.44192293E+000  0.12893039E+001
 -0.51982374E-001  0.47364690E-002  0.44192303E+000  0.12893041E+001
 -0.51982379E-001  0.47364706E-002  0.44192314E+000  0.12893044E+001
 -0.51982383E-001  0.47364723E-002  0.44192325E+000  0.12893047E+001
 -0.51982386E-001  0.47364740E-002  0.44192336E+000  0.12893049E+001
 -0.51982389E-001  0.47364758E-002  0.44192347E+000  0.12893052E+001
 -0.51982392E-001  0.47364776E-002  0.44192358E+000  0.12893055E+001
 -0.51982394E-001  0.47364795E-002  0.44192369E+000  0.12893059E+001
 -0.51982396E-001  0.47364814E-002  0.44192380E+000  0.12893062E+001
 -0.51982398E-001  0.47364833E-002  0.44192392E+000  0.12893065E+001
 -0.51982399E-001  0.47364852E-002  0.44192403E+000  0.12893068E+001
 -0.51982400E-001  0.47364871E-002  0.44192414E+000  0.12893072E+001
 -0.51982400E-001  0.47364891E-002  0.44192426E+000  0.12893076E+001
 -0.51982400E-001  0.47364911E-002  0.44192438E+000  0.12893079E+001
 -0.51982399E-001  0.47364931E-002  0.44192449E+000  0.12893083E+001
 -0.51982398E-001  0.47364951E-002  0.44192462E+000  0.12893088E+001
 -0.51982395E-001  0.47364973E-002  0.44192475E+000  0.12893092E+001
 -0.51982391E-001  0.47364995E-002  0.44192489E+000  0.12893098E+001
 -0.51982384E-001  0.47365019E-002  0.44192504E+000  0.12893104E+001
 -0.51982376E-001  0.47365044E-002  0.44192520E+000  0.12893111E+001
 -0.51982362E-001  0.47365074E-002  0.44192540E+000  0.12893120E+001
 -0.51982343E-001  0.47365108E-002  0.44192563E+000  0.12893130E+001
 -0.51982314E-001  0.47365152E-002  0.44192593E+000  0.12893143E+001
 -0.51982268E-001  0.47365229E-002  0.44192638E+000  0.12893158E+001
