  0.43798579E+000
  0.43737217E+000
  0.43689728E+000
  0.43651153E+000
  0.43619002E+000
  0.43592090E+000
  0.43569576E+000
  0.43550792E+000
  0.43535177E+000
  0.43522263E+000
  0.43511655E+000
  0.43503015E+000
  0.43496059E+000
  0.43490546E+000
  0.43486270E+000
  0.43483058E+000
  0.43480765E+000
  0.43479266E+000
  0.43478457E+000
  0.43478251E+000
  0.43478573E+000
  0.43479360E+000
  0.43480558E+000
  0.43482123E+000
  0.43484015E+000
  0.43486203E+000
  0.43488658E+000
  0.43491356E+000
  0.43494276E+000
  0.43497401E+000
  0.43500714E+000
  0.43504202E+000
  0.43507852E+000
  0.43511653E+000
  0.43515595E+000
  0.43519668E+000
  0.43523864E+000
  0.43528175E+000
  0.43532592E+000
  0.43537109E+000
  0.43541718E+000
  0.43546414E+000
  0.43551189E+000
  0.43556039E+000
  0.43560957E+000
  0.43565940E+000
  0.43570983E+000
  0.43576083E+000
  0.43581235E+000
  0.43586437E+000
  0.43591687E+000
  0.43596981E+000
  0.43602318E+000
  0.43607694E+000
  0.43613106E+000
  0.43618551E+000
  0.43624024E+000
  0.43629521E+000
  0.43635037E+000
  0.43640565E+000
  0.43646099E+000
  0.43651630E+000
  0.43657152E+000
  0.43662655E+000
  0.43668130E+000
  0.43673568E+000
  0.43678959E+000
  0.43684295E+000
  0.43689565E+000
  0.43694761E+000
  0.43699872E+000
  0.43704891E+000
  0.43709809E+000
  0.43714617E+000
  0.43719309E+000
  0.43723877E+000
  0.43728315E+000
  0.43732617E+000
  0.43736778E+000
  0.43740794E+000
  0.43744660E+000
  0.43748374E+000
  0.43751934E+000
  0.43755336E+000
  0.43758582E+000
  0.43761669E+000
  0.43764598E+000
  0.43767371E+000
  0.43769988E+000
  0.43772452E+000
  0.43774765E+000
  0.43776931E+000
  0.43778954E+000
  0.43780837E+000
  0.43782585E+000
  0.43784203E+000
  0.43785696E+000
  0.43787068E+000
  0.43788327E+000
  0.43789477E+000
  0.43790525E+000
  0.43791476E+000
  0.43792335E+000
  0.43793110E+000
  0.43793806E+000
  0.43794428E+000
  0.43794982E+000
  0.43795474E+000
  0.43795908E+000
  0.43796290E+000
  0.43796624E+000
  0.43796915E+000
  0.43797168E+000
  0.43797385E+000
  0.43797571E+000
  0.43797730E+000
  0.43797864E+000
  0.43797977E+000
  0.43798070E+000
  0.43798147E+000
  0.43798209E+000
  0.43798259E+000
  0.43798298E+000
  0.43798328E+000
  0.43798351E+000
  0.43798366E+000
  0.43798376E+000
  0.43798381E+000
  0.43798382E+000
  0.43798381E+000
  0.43798376E+000
  0.43798369E+000
  0.43798361E+000
  0.43798352E+000
  0.43798341E+000
  0.43798329E+000
  0.43798318E+000
  0.43798305E+000
  0.43798293E+000
  0.43798280E+000
  0.43798268E+000
  0.43798256E+000
  0.43798244E+000
  0.43798232E+000
  0.43798221E+000
  0.43798210E+000
  0.43798200E+000
  0.43798190E+000
  0.43798181E+000
  0.43798172E+000
  0.43798164E+000
  0.43798157E+000
  0.43798150E+000
  0.43798144E+000
  0.43798139E+000
  0.43798134E+000
  0.43798130E+000
  0.43798127E+000
  0.43798125E+000
  0.43798123E+000
  0.43798122E+000
  0.43798122E+000
  0.43798122E+000
  0.43798123E+000
  0.43798125E+000
  0.43798127E+000
  0.43798130E+000
  0.43798134E+000
  0.43798139E+000
  0.43798144E+000
  0.43798149E+000
  0.43798155E+000
  0.43798162E+000
  0.43798169E+000
  0.43798176E+000
  0.43798184E+000
  0.43798193E+000
  0.43798202E+000
  0.43798211E+000
  0.43798220E+000
  0.43798230E+000
  0.43798240E+000
  0.43798251E+000
  0.43798261E+000
  0.43798272E+000
  0.43798283E+000
  0.43798294E+000
  0.43798306E+000
  0.43798318E+000
  0.43798330E+000
  0.43798343E+000
  0.43798357E+000
  0.43798372E+000
  0.43798389E+000
  0.43798408E+000
  0.43798430E+000
  0.43798456E+000
  0.43798488E+000
  0.43798527E+000
  0.43798576E+000
