  0.73579201E+000
  0.73581880E+000
  0.73567136E+000
  0.73552857E+000
  0.73541663E+000
  0.73533129E+000
  0.73526510E+000
  0.73521196E+000
  0.73516763E+000
  0.73512929E+000
  0.73509521E+000
  0.73506412E+000
  0.73503542E+000
  0.73500878E+000
  0.73498400E+000
  0.73496099E+000
  0.73493971E+000
  0.73492012E+000
  0.73490220E+000
  0.73488591E+000
  0.73487120E+000
  0.73485801E+000
  0.73484628E+000
  0.73483592E+000
  0.73482684E+000
  0.73481896E+000
  0.73481216E+000
  0.73480635E+000
  0.73480143E+000
  0.73479731E+000
  0.73479390E+000
  0.73479110E+000
  0.73478883E+000
  0.73478703E+000
  0.73478562E+000
  0.73478455E+000
  0.73478376E+000
  0.73478320E+000
  0.73478286E+000
  0.73478270E+000
  0.73478257E+000
  0.73478247E+000
  0.73478241E+000
  0.73478242E+000
  0.73478252E+000
  0.73478272E+000
  0.73478302E+000
  0.73478345E+000
  0.73478400E+000
  0.73478470E+000
  0.73478554E+000
  0.73478652E+000
  0.73478766E+000
  0.73478895E+000
  0.73479039E+000
  0.73479198E+000
  0.73479372E+000
  0.73479558E+000
  0.73479757E+000
  0.73479968E+000
  0.73480188E+000
  0.73480418E+000
  0.73480655E+000
  0.73480898E+000
  0.73481146E+000
  0.73481398E+000
  0.73481652E+000
  0.73481907E+000
  0.73482161E+000
  0.73482415E+000
  0.73482665E+000
  0.73482913E+000
  0.73483156E+000
  0.73483395E+000
  0.73483627E+000
  0.73483854E+000
  0.73484073E+000
  0.73484286E+000
  0.73484490E+000
  0.73484687E+000
  0.73484876E+000
  0.73485057E+000
  0.73485229E+000
  0.73485393E+000
  0.73485548E+000
  0.73485696E+000
  0.73485835E+000
  0.73485966E+000
  0.73486089E+000
  0.73486205E+000
  0.73486313E+000
  0.73486414E+000
  0.73486508E+000
  0.73486595E+000
  0.73486676E+000
  0.73486751E+000
  0.73486821E+000
  0.73486884E+000
  0.73486943E+000
  0.73486996E+000
  0.73487045E+000
  0.73487089E+000
  0.73487129E+000
  0.73487166E+000
  0.73487198E+000
  0.73487227E+000
  0.73487253E+000
  0.73487276E+000
  0.73487297E+000
  0.73487314E+000
  0.73487330E+000
  0.73487343E+000
  0.73487354E+000
  0.73487363E+000
  0.73487371E+000
  0.73487377E+000
  0.73487381E+000
  0.73487384E+000
  0.73487386E+000
  0.73487387E+000
  0.73487387E+000
  0.73487386E+000
  0.73487385E+000
  0.73487382E+000
  0.73487379E+000
  0.73487376E+000
  0.73487372E+000
  0.73487367E+000
  0.73487362E+000
  0.73487357E+000
  0.73487352E+000
  0.73487347E+000
  0.73487341E+000
  0.73487335E+000
  0.73487330E+000
  0.73487324E+000
  0.73487318E+000
  0.73487312E+000
  0.73487306E+000
  0.73487301E+000
  0.73487295E+000
  0.73487290E+000
  0.73487284E+000
  0.73487279E+000
  0.73487274E+000
  0.73487269E+000
  0.73487265E+000
  0.73487260E+000
  0.73487256E+000
  0.73487252E+000
  0.73487248E+000
  0.73487244E+000
  0.73487240E+000
  0.73487237E+000
  0.73487233E+000
  0.73487230E+000
  0.73487227E+000
  0.73487224E+000
  0.73487222E+000
  0.73487219E+000
  0.73487217E+000
  0.73487214E+000
  0.73487212E+000
  0.73487210E+000
  0.73487208E+000
  0.73487207E+000
  0.73487205E+000
  0.73487203E+000
  0.73487202E+000
  0.73487201E+000
  0.73487199E+000
  0.73487198E+000
  0.73487197E+000
  0.73487196E+000
  0.73487195E+000
  0.73487194E+000
  0.73487193E+000
  0.73487192E+000
  0.73487191E+000
  0.73487190E+000
  0.73487190E+000
  0.73487189E+000
  0.73487188E+000
  0.73487188E+000
  0.73487187E+000
  0.73487186E+000
  0.73487186E+000
  0.73487185E+000
  0.73487185E+000
  0.73487185E+000
  0.73487184E+000
  0.73487184E+000
  0.73487184E+000
  0.73487183E+000
  0.73487183E+000
  0.73487183E+000
  0.73487183E+000
  0.73487183E+000
  0.73487182E+000
  0.73487197E+000
