  0.69767666E+000  0.89104828E+000  0.10025752E+001  0.25812992E+001
  0.69736986E+000  0.89122993E+000  0.10022175E+001  0.25808892E+001
  0.69715042E+000  0.89124386E+000  0.10020862E+001  0.25810192E+001
  0.69699737E+000  0.89125319E+000  0.10020784E+001  0.25810859E+001
  0.69685473E+000  0.89128143E+000  0.10020531E+001  0.25811655E+001
  0.69672299E+000  0.89131799E+000  0.10020352E+001  0.25812258E+001
  0.69663834E+000  0.89121151E+000  0.10020210E+001  0.25813817E+001
  0.69629010E+000  0.89148017E+000  0.10020115E+001  0.25814240E+001
  0.69609901E+000  0.89149953E+000  0.10020586E+001  0.25815039E+001
  0.69598534E+000  0.89155358E+000  0.10020527E+001  0.25815267E+001
  0.69567647E+000  0.89181125E+000  0.10019553E+001  0.25816344E+001
  0.69554946E+000  0.89189419E+000  0.10019499E+001  0.25816446E+001
  0.69551485E+000  0.89189079E+000  0.10019459E+001  0.25816489E+001
  0.69548532E+000  0.89188431E+000  0.10019455E+001  0.25816489E+001
  0.69546100E+000  0.89167655E+000  0.10020962E+001  0.25816952E+001
  0.69532834E+000  0.89178546E+000  0.10020277E+001  0.25817534E+001
  0.69513994E+000  0.89195337E+000  0.10020179E+001  0.25817506E+001
  0.69508529E+000  0.89199075E+000  0.10020167E+001  0.25817368E+001
  0.69507331E+000  0.89198768E+000  0.10020067E+001  0.25817302E+001
  0.69504760E+000  0.89200117E+000  0.10020040E+001  0.25817141E+001
  0.69503972E+000  0.89200050E+000  0.10019997E+001  0.25816964E+001
  0.69503717E+000  0.89199463E+000  0.10019885E+001  0.25816859E+001
  0.69503249E+000  0.89199258E+000  0.10019858E+001  0.25816656E+001
  0.69501905E+000  0.89200069E+000  0.10019831E+001  0.25816442E+001
  0.69501690E+000  0.89199877E+000  0.10019804E+001  0.25816219E+001
  0.69479854E+000  0.89221361E+000  0.10019782E+001  0.25815988E+001
  0.69479836E+000  0.89221182E+000  0.10019755E+001  0.25815749E+001
  0.69479904E+000  0.89220987E+000  0.10019729E+001  0.25815504E+001
  0.69480048E+000  0.89220816E+000  0.10019701E+001  0.25815253E+001
  0.69480261E+000  0.89220648E+000  0.10019673E+001  0.25814996E+001
  0.69480536E+000  0.89220484E+000  0.10019645E+001  0.25814734E+001
  0.69480865E+000  0.89220324E+000  0.10019617E+001  0.25814469E+001
  0.69481243E+000  0.89220169E+000  0.10019589E+001  0.25814199E+001
  0.69481665E+000  0.89220018E+000  0.10019561E+001  0.25813926E+001
  0.69482126E+000  0.89219873E+000  0.10019533E+001  0.25813651E+001
  0.69482621E+000  0.89219733E+000  0.10019505E+001  0.25813372E+001
  0.69483146E+000  0.89219584E+000  0.10019479E+001  0.25813092E+001
  0.69483696E+000  0.89219456E+000  0.10019452E+001  0.25812810E+001
  0.68865063E+000  0.88680094E+000  0.10019425E+001  0.25812527E+001
  0.69484430E+000  0.89219647E+000  0.10019398E+001  0.25812243E+001
  0.69485031E+000  0.89219543E+000  0.10019372E+001  0.25811959E+001
  0.69485651E+000  0.89219440E+000  0.10019346E+001  0.25811674E+001
  0.69486283E+000  0.89219341E+000  0.10019320E+001  0.25811390E+001
  0.69486925E+000  0.89219247E+000  0.10019295E+001  0.25811108E+001
  0.69487573E+000  0.89219157E+000  0.10019269E+001  0.25810827E+001
  0.69488228E+000  0.89218912E+000  0.10019257E+001  0.25810552E+001
  0.69488806E+000  0.89218742E+000  0.10019251E+001  0.25810275E+001
  0.69489469E+000  0.89218638E+000  0.10019230E+001  0.25810001E+001
  0.69490136E+000  0.89218562E+000  0.10019208E+001  0.25809731E+001
  0.69490806E+000  0.89218488E+000  0.10019187E+001  0.25809465E+001
  0.69491424E+000  0.89218467E+000  0.10019167E+001  0.25809204E+001
  0.69492100E+000  0.89218397E+000  0.10019147E+001  0.25808948E+001
  0.69492779E+000  0.89218329E+000  0.10019128E+001  0.25808699E+001
  0.69493462E+000  0.89218157E+000  0.10019121E+001  0.25808456E+001
  0.69494150E+000  0.89218089E+000  0.10019104E+001  0.25808221E+001
  0.69494843E+000  0.89218022E+000  0.10019089E+001  0.25807993E+001
  0.69495539E+000  0.89217955E+000  0.10019075E+001  0.25807774E+001
  0.69496241E+000  0.89217890E+000  0.10019062E+001  0.25807565E+001
  0.69496947E+000  0.89217825E+000  0.10019051E+001  0.25807364E+001
  0.69497657E+000  0.89217762E+000  0.10019041E+001  0.25807174E+001
  0.69498370E+000  0.89217699E+000  0.10019033E+001  0.25806995E+001
  0.69499087E+000  0.89217637E+000  0.10019111E+001  0.25806740E+001
  0.69474285E+000  0.89243098E+000  0.10019106E+001  0.25806582E+001
  0.69475004E+000  0.89243041E+000  0.10019090E+001  0.25806448E+001
  0.69475723E+000  0.89242986E+000  0.10019088E+001  0.25806313E+001
  0.69476430E+000  0.89242291E+000  0.10019153E+001  0.25806189E+001
  0.69477146E+000  0.89242239E+000  0.10019154E+001  0.25806077E+001
  0.69477811E+000  0.89242237E+000  0.10019157E+001  0.25805976E+001
  0.69478518E+000  0.89242190E+000  0.10019162E+001  0.25805886E+001
  0.69479219E+000  0.89242145E+000  0.10019167E+001  0.25805807E+001
  0.69479910E+000  0.89242104E+000  0.10019174E+001  0.25805738E+001
  0.69480594E+000  0.89237663E+000  0.10019623E+001  0.25805679E+001
  0.69481268E+000  0.89237623E+000  0.10019632E+001  0.25805630E+001
  0.69481931E+000  0.89237586E+000  0.10019643E+001  0.25805591E+001
  0.69482581E+000  0.89237552E+000  0.10019655E+001  0.25805559E+001
  0.69483216E+000  0.89237519E+000  0.10019668E+001  0.25805536E+001
  0.69483837E+000  0.89237489E+000  0.10019681E+001  0.25805521E+001
  0.69484442E+000  0.89237461E+000  0.10019696E+001  0.25805512E+001
  0.69485029E+000  0.89237437E+000  0.10019711E+001  0.25805509E+001
  0.69485599E+000  0.89237413E+000  0.10019726E+001  0.25805512E+001
  0.69486151E+000  0.89237392E+000  0.10019742E+001  0.25805519E+001
  0.69486683E+000  0.89237372E+000  0.10019758E+001  0.25805530E+001
  0.69487196E+000  0.89237354E+000  0.10019775E+001  0.25805545E+001
  0.69487688E+000  0.89237338E+000  0.10019706E+001  0.25805648E+001
  0.69488160E+000  0.89237324E+000  0.10019722E+001  0.25805667E+001
  0.69488611E+000  0.89237312E+000  0.10019738E+001  0.25805688E+001
  0.69489042E+000  0.89237301E+000  0.10019755E+001  0.25805710E+001
  0.69489451E+000  0.89237292E+000  0.10019771E+001  0.25805732E+001
  0.69489839E+000  0.89237284E+000  0.10019786E+001  0.25805754E+001
  0.69490205E+000  0.89237277E+000  0.10019801E+001  0.25805775E+001
  0.69490551E+000  0.89237271E+000  0.10019816E+001  0.25805795E+001
  0.69490877E+000  0.89237267E+000  0.10019830E+001  0.25805813E+001
  0.69491183E+000  0.89237263E+000  0.10019844E+001  0.25805829E+001
  0.69491468E+000  0.89237260E+000  0.10019857E+001  0.25805843E+001
  0.69491735E+000  0.89237258E+000  0.10019869E+001  0.25805856E+001
  0.69491983E+000  0.89237256E+000  0.10019881E+001  0.25805865E+001
  0.69492212E+000  0.89237255E+000  0.10019892E+001  0.25805871E+001
  0.69492424E+000  0.89237255E+000  0.10019902E+001  0.25805874E+001
  0.69492620E+000  0.89237254E+000  0.10019912E+001  0.25805874E+001
  0.69492799E+000  0.89237254E+000  0.10019921E+001  0.25805870E+001
  0.69492963E+000  0.89237254E+000  0.10019929E+001  0.25805864E+001
  0.69493113E+000  0.89237254E+000  0.10019937E+001  0.25805854E+001
  0.69493249E+000  0.89237254E+000  0.10019943E+001  0.25805841E+001
  0.69493372E+000  0.89237255E+000  0.10019950E+001  0.25805825E+001
  0.69493483E+000  0.89237255E+000  0.10019955E+001  0.25805806E+001
  0.69493583E+000  0.89237255E+000  0.10019960E+001  0.25805784E+001
  0.69493672E+000  0.89237254E+000  0.10019964E+001  0.25805759E+001
  0.69493752E+000  0.89237254E+000  0.10019968E+001  0.25805731E+001
  0.69493822E+000  0.89237253E+000  0.10019971E+001  0.25805701E+001
  0.69493884E+000  0.89237253E+000  0.10019973E+001  0.25805668E+001
  0.69493939E+000  0.89237251E+000  0.10019975E+001  0.25805633E+001
  0.69493987E+000  0.89237250E+000  0.10019976E+001  0.25805595E+001
  0.69494028E+000  0.89237248E+000  0.10019977E+001  0.25805556E+001
  0.69494064E+000  0.89237246E+000  0.10019978E+001  0.25805515E+001
  0.69494095E+000  0.89237244E+000  0.10019978E+001  0.25805472E+001
  0.69494122E+000  0.89237242E+000  0.10019977E+001  0.25805427E+001
  0.69494144E+000  0.89237239E+000  0.10019182E+001  0.25806175E+001
  0.69494163E+000  0.89237236E+000  0.10019181E+001  0.25806128E+001
  0.69494178E+000  0.89237232E+000  0.10019179E+001  0.25806079E+001
  0.69494191E+000  0.89237229E+000  0.10019178E+001  0.25806028E+001
  0.69494201E+000  0.89237225E+000  0.10019176E+001  0.25805977E+001
  0.69494209E+000  0.89237221E+000  0.10019174E+001  0.25805925E+001
  0.69494216E+000  0.89237216E+000  0.10019171E+001  0.25805871E+001
  0.69494220E+000  0.89237212E+000  0.10019169E+001  0.25805817E+001
  0.69494224E+000  0.89237207E+000  0.10019166E+001  0.25805762E+001
  0.69494226E+000  0.89237203E+000  0.10019163E+001  0.25805706E+001
  0.69494227E+000  0.89237198E+000  0.10019160E+001  0.25805650E+001
  0.69494227E+000  0.89237193E+000  0.10019157E+001  0.25805593E+001
  0.69494226E+000  0.89237188E+000  0.10019154E+001  0.25805536E+001
  0.69494225E+000  0.89237183E+000  0.10019151E+001  0.25805478E+001
  0.69494224E+000  0.89237178E+000  0.10019148E+001  0.25805419E+001
  0.69494222E+000  0.89237173E+000  0.10019145E+001  0.25805360E+001
  0.69494219E+000  0.89237167E+000  0.10019142E+001  0.25805301E+001
  0.69494216E+000  0.89237162E+000  0.10019138E+001  0.25805241E+001
  0.69494214E+000  0.89237157E+000  0.10019135E+001  0.25805181E+001
  0.69494210E+000  0.89237152E+000  0.10019132E+001  0.25805120E+001
  0.69494207E+000  0.89237147E+000  0.10019129E+001  0.25805059E+001
  0.69494204E+000  0.89237143E+000  0.10019126E+001  0.25804998E+001
  0.69494200E+000  0.89237138E+000  0.10019122E+001  0.25804937E+001
  0.69494196E+000  0.89237133E+000  0.10019119E+001  0.25804876E+001
  0.69494193E+000  0.89237129E+000  0.10019116E+001  0.25804814E+001
  0.69494189E+000  0.89237124E+000  0.10019113E+001  0.25804752E+001
  0.69494185E+000  0.89237120E+000  0.10019110E+001  0.25804690E+001
  0.69494182E+000  0.89237116E+000  0.10019108E+001  0.25804628E+001
  0.69494178E+000  0.89237112E+000  0.10019105E+001  0.25804565E+001
  0.69494174E+000  0.89237108E+000  0.10019102E+001  0.25804503E+001
  0.69494171E+000  0.89237104E+000  0.10019099E+001  0.25804440E+001
  0.69494167E+000  0.89237101E+000  0.10019097E+001  0.25804378E+001
  0.69494163E+000  0.89237097E+000  0.10019094E+001  0.25804315E+001
  0.69494160E+000  0.89237094E+000  0.10019092E+001  0.25804253E+001
  0.69494157E+000  0.89237090E+000  0.10019090E+001  0.25804191E+001
  0.69494153E+000  0.89237087E+000  0.10019087E+001  0.25804128E+001
  0.69494150E+000  0.89237084E+000  0.10019085E+001  0.25804066E+001
  0.69494147E+000  0.89237081E+000  0.10019083E+001  0.25804004E+001
  0.69494144E+000  0.89237079E+000  0.10019081E+001  0.25803942E+001
  0.69494141E+000  0.89237076E+000  0.10019079E+001  0.25803880E+001
  0.69494138E+000  0.89237073E+000  0.10019077E+001  0.25803818E+001
  0.69494135E+000  0.89237071E+000  0.10019075E+001  0.25803757E+001
  0.69494133E+000  0.89237068E+000  0.10019073E+001  0.25803696E+001
  0.69494130E+000  0.89237066E+000  0.10019071E+001  0.25803635E+001
  0.69494128E+000  0.89237064E+000  0.10019070E+001  0.25803575E+001
  0.69494126E+000  0.89237062E+000  0.10019068E+001  0.25803515E+001
  0.69494124E+000  0.89237060E+000  0.10019066E+001  0.25803455E+001
  0.69494122E+000  0.89237058E+000  0.10019065E+001  0.25803396E+001
  0.69494120E+000  0.89237056E+000  0.10019063E+001  0.25803337E+001
  0.69494118E+000  0.89237054E+000  0.10019062E+001  0.25803279E+001
  0.69494117E+000  0.89237052E+000  0.10019061E+001  0.25803221E+001
  0.69494115E+000  0.89237050E+000  0.10019059E+001  0.25803164E+001
  0.69494114E+000  0.89237049E+000  0.10019058E+001  0.25803107E+001
  0.69494113E+000  0.89237047E+000  0.10019057E+001  0.25803051E+001
  0.69494112E+000  0.89237045E+000  0.10019056E+001  0.25802996E+001
  0.69494111E+000  0.89237044E+000  0.10019054E+001  0.25802941E+001
  0.69494110E+000  0.89237042E+000  0.10019053E+001  0.25802886E+001
  0.69494109E+000  0.89237041E+000  0.10019052E+001  0.25802833E+001
  0.69494108E+000  0.89237040E+000  0.10019051E+001  0.25802780E+001
  0.69494108E+000  0.89237038E+000  0.10019050E+001  0.25802728E+001
  0.69494107E+000  0.89237037E+000  0.10019049E+001  0.25802676E+001
  0.69494107E+000  0.89237035E+000  0.10019048E+001  0.25802625E+001
  0.69494107E+000  0.89237034E+000  0.10019047E+001  0.25802575E+001
  0.69494106E+000  0.89237033E+000  0.10019046E+001  0.25802526E+001
  0.69494106E+000  0.89237032E+000  0.10019045E+001  0.25802477E+001
  0.69494106E+000  0.89237030E+000  0.10019044E+001  0.25802429E+001
  0.69494106E+000  0.89237029E+000  0.10019044E+001  0.25802382E+001
  0.69494106E+000  0.89237028E+000  0.10019043E+001  0.25802336E+001
  0.69494106E+000  0.89237027E+000  0.10019042E+001  0.25802291E+001
  0.69494107E+000  0.89237026E+000  0.10019041E+001  0.25802246E+001
  0.69494107E+000  0.89237024E+000  0.10019040E+001  0.25802202E+001
  0.69494107E+000  0.89237023E+000  0.10019040E+001  0.25802159E+001
  0.69494107E+000  0.89237022E+000  0.10019039E+001  0.25802117E+001
  0.69494108E+000  0.89237021E+000  0.10019038E+001  0.25802076E+001
  0.69494108E+000  0.89237020E+000  0.10019038E+001  0.25802035E+001
  0.69494109E+000  0.89237019E+000  0.10019037E+001  0.25801995E+001
  0.69494109E+000  0.89237018E+000  0.10019036E+001  0.25801957E+001
  0.69494110E+000  0.89237017E+000  0.10019036E+001  0.25801918E+001
  0.69494111E+000  0.89237016E+000  0.10019035E+001  0.25801881E+001
  0.69494112E+000  0.89237014E+000  0.10019034E+001  0.25801845E+001
  0.69494113E+000  0.89237013E+000  0.10019034E+001  0.25801809E+001
  0.69494115E+000  0.89237011E+000  0.10019033E+001  0.25801774E+001
  0.69494116E+000  0.89237009E+000  0.10019033E+001  0.25801740E+001
  0.69494135E+000  0.89237012E+000  0.10019033E+001  0.25801710E+001
