  0.49259584E+000
  0.49268093E+000
  0.49271278E+000
  0.49273500E+000
  0.49275316E+000
  0.49276844E+000
  0.49278140E+000
  0.49279241E+000
  0.49280179E+000
  0.49280981E+000
  0.49281668E+000
  0.49282259E+000
  0.49282770E+000
  0.49283212E+000
  0.49283598E+000
  0.49283936E+000
  0.49284233E+000
  0.49284496E+000
  0.49284730E+000
  0.49284939E+000
  0.49285127E+000
  0.49285298E+000
  0.49285453E+000
  0.49285595E+000
  0.49285724E+000
  0.49285844E+000
  0.49285955E+000
  0.49286057E+000
  0.49286153E+000
  0.49286241E+000
  0.49286324E+000
  0.49286401E+000
  0.49286473E+000
  0.49286540E+000
  0.49286602E+000
  0.49286660E+000
  0.49286714E+000
  0.49286764E+000
  0.49286810E+000
  0.49286853E+000
  0.49286892E+000
  0.49286929E+000
  0.49286962E+000
  0.49286992E+000
  0.49287020E+000
  0.49287045E+000
  0.49287067E+000
  0.49287087E+000
  0.49287104E+000
  0.49287119E+000
  0.49287131E+000
  0.49287140E+000
  0.49287146E+000
  0.49287149E+000
  0.49287149E+000
  0.49287145E+000
  0.49287137E+000
  0.49287125E+000
  0.49287109E+000
  0.49287089E+000
  0.49287064E+000
  0.49287035E+000
  0.49287002E+000
  0.49286964E+000
  0.49286921E+000
  0.49286875E+000
  0.49286824E+000
  0.49286770E+000
  0.49286712E+000
  0.49286650E+000
  0.49286585E+000
  0.49286517E+000
  0.49286447E+000
  0.49286375E+000
  0.49286300E+000
  0.49286224E+000
  0.49286147E+000
  0.49286069E+000
  0.49285990E+000
  0.49285912E+000
  0.49285833E+000
  0.49285755E+000
  0.49285678E+000
  0.49285602E+000
  0.49285528E+000
  0.49285455E+000
  0.49285384E+000
  0.49285315E+000
  0.49285249E+000
  0.49285186E+000
  0.49285125E+000
  0.49285067E+000
  0.49285013E+000
  0.49284961E+000
  0.49284913E+000
  0.49284867E+000
  0.49284826E+000
  0.49284787E+000
  0.49284751E+000
  0.49284719E+000
  0.49284690E+000
  0.49284664E+000
  0.49284641E+000
  0.49284621E+000
  0.49284603E+000
  0.49284589E+000
  0.49284576E+000
  0.49284566E+000
  0.49284559E+000
  0.49284553E+000
  0.49284549E+000
  0.49284547E+000
  0.49284547E+000
  0.49284549E+000
  0.49284551E+000
  0.49284555E+000
  0.49284560E+000
  0.49284567E+000
  0.49284574E+000
  0.49284582E+000
  0.49284590E+000
  0.49284599E+000
  0.49284609E+000
  0.49284619E+000
  0.49284630E+000
  0.49284641E+000
  0.49284652E+000
  0.49284663E+000
  0.49284675E+000
  0.49284686E+000
  0.49284698E+000
  0.49284709E+000
  0.49284721E+000
  0.49284732E+000
  0.49284744E+000
  0.49284755E+000
  0.49284766E+000
  0.49284777E+000
  0.49284788E+000
  0.49284799E+000
  0.49284809E+000
  0.49284819E+000
  0.49284829E+000
  0.49284839E+000
  0.49284849E+000
  0.49284858E+000
  0.49284867E+000
  0.49284876E+000
  0.49284885E+000
  0.49284893E+000
  0.49284901E+000
  0.49284909E+000
  0.49284917E+000
  0.49284925E+000
  0.49284932E+000
  0.49284939E+000
  0.49284946E+000
  0.49284953E+000
  0.49284960E+000
  0.49284966E+000
  0.49284972E+000
  0.49284978E+000
  0.49284984E+000
  0.49284989E+000
  0.49284995E+000
  0.49285000E+000
  0.49285005E+000
  0.49285010E+000
  0.49285015E+000
  0.49285020E+000
  0.49285025E+000
  0.49285029E+000
  0.49285033E+000
  0.49285038E+000
  0.49285042E+000
  0.49285046E+000
  0.49285050E+000
  0.49285053E+000
  0.49285057E+000
  0.49285061E+000
  0.49285064E+000
  0.49285067E+000
  0.49285071E+000
  0.49285074E+000
  0.49285077E+000
  0.49285080E+000
  0.49285083E+000
  0.49285086E+000
  0.49285089E+000
  0.49285091E+000
  0.49285094E+000
  0.49285097E+000
  0.49285099E+000
  0.49285102E+000
  0.49285104E+000
  0.49285107E+000
  0.49285109E+000
  0.49285112E+000
  0.49285114E+000
  0.49285111E+000
