 -0.47077723E-001  0.61853225E-001  0.14542415E+001  0.42332906E+002
 -0.47147221E-001  0.61806942E-001  0.14537982E+001  0.42345257E+002
 -0.47199771E-001  0.61769426E-001  0.14533772E+001  0.42353489E+002
 -0.47240031E-001  0.61738991E-001  0.14530188E+001  0.42360110E+002
 -0.47270205E-001  0.61714027E-001  0.14527106E+001  0.42365375E+002
 -0.47292314E-001  0.61693540E-001  0.14524458E+001  0.42369587E+002
 -0.47308021E-001  0.61676709E-001  0.14522178E+001  0.42372954E+002
 -0.47318684E-001  0.61662852E-001  0.14520211E+001  0.42375628E+002
 -0.47325407E-001  0.61651407E-001  0.14518513E+001  0.42377732E+002
 -0.47329087E-001  0.61641914E-001  0.14517045E+001  0.42379365E+002
 -0.47330445E-001  0.61634002E-001  0.14515776E+001  0.42380606E+002
 -0.47330058E-001  0.61627370E-001  0.14514678E+001  0.42381522E+002
 -0.47328385E-001  0.61621779E-001  0.14513727E+001  0.42382167E+002
 -0.47325791E-001  0.61617037E-001  0.14512906E+001  0.42382586E+002
 -0.47322560E-001  0.61612992E-001  0.14512196E+001  0.42382815E+002
 -0.47318915E-001  0.61609525E-001  0.14511584E+001  0.42382885E+002
 -0.47315027E-001  0.61606542E-001  0.14511058E+001  0.42382822E+002
 -0.47311027E-001  0.61603971E-001  0.14510608E+001  0.42382645E+002
 -0.47307011E-001  0.61601754E-001  0.14510225E+001  0.42382374E+002
 -0.47303049E-001  0.61599850E-001  0.14509902E+001  0.42382021E+002
 -0.47299193E-001  0.61598225E-001  0.14509632E+001  0.42381600E+002
 -0.47295474E-001  0.61596858E-001  0.14509410E+001  0.42381120E+002
 -0.47291913E-001  0.61595730E-001  0.14509232E+001  0.42380591E+002
 -0.47288520E-001  0.61594830E-001  0.14509094E+001  0.42380018E+002
 -0.47285296E-001  0.61594151E-001  0.14508993E+001  0.42379409E+002
 -0.47282237E-001  0.61593689E-001  0.14508926E+001  0.42378768E+002
 -0.47279333E-001  0.61593441E-001  0.14508891E+001  0.42378100E+002
 -0.47276573E-001  0.61593408E-001  0.14508886E+001  0.42377408E+002
 -0.47273940E-001  0.61593589E-001  0.14508909E+001  0.42376695E+002
 -0.47271419E-001  0.61593986E-001  0.14508959E+001  0.42375965E+002
 -0.47268992E-001  0.61594600E-001  0.14509035E+001  0.42375219E+002
 -0.47266640E-001  0.61595430E-001  0.14509135E+001  0.42374459E+002
 -0.47264345E-001  0.61596477E-001  0.14509259E+001  0.42373688E+002
 -0.47262089E-001  0.61597738E-001  0.14509404E+001  0.42372906E+002
 -0.47259855E-001  0.61599210E-001  0.14509572E+001  0.42372116E+002
 -0.47257626E-001  0.61600890E-001  0.14509759E+001  0.42371319E+002
 -0.47255388E-001  0.61602772E-001  0.14509967E+001  0.42370516E+002
 -0.47253126E-001  0.61604847E-001  0.14510193E+001  0.42369708E+002
 -0.47250827E-001  0.61607109E-001  0.14510438E+001  0.42368897E+002
 -0.47248482E-001  0.61609549E-001  0.14510700E+001  0.42368084E+002
 -0.47246079E-001  0.61612155E-001  0.14510980E+001  0.42367271E+002
 -0.47243612E-001  0.61614919E-001  0.14511276E+001  0.42366459E+002
 -0.47241073E-001  0.61617831E-001  0.14511589E+001  0.42365649E+002
 -0.47238458E-001  0.61620884E-001  0.14511917E+001  0.42364844E+002
 -0.47235763E-001  0.61624070E-001  0.14512262E+001  0.42364045E+002
 -0.47232985E-001  0.61627385E-001  0.14512623E+001  0.42363253E+002
 -0.47230124E-001  0.61630827E-001  0.14513000E+001  0.42362472E+002
 -0.47227178E-001  0.61634395E-001  0.14513394E+001  0.42361701E+002
 -0.47224149E-001  0.61638091E-001  0.14513806E+001  0.42360944E+002
 -0.47221037E-001  0.61641920E-001  0.14514234E+001  0.42360203E+002
 -0.47217845E-001  0.61645888E-001  0.14514682E+001  0.42359480E+002
 -0.47214575E-001  0.61650001E-001  0.14515148E+001  0.42358776E+002
 -0.47211231E-001  0.61654268E-001  0.14515634E+001  0.42358094E+002
 -0.47207816E-001  0.61658696E-001  0.14516141E+001  0.42357436E+002
 -0.47204333E-001  0.61663294E-001  0.14516669E+001  0.42356803E+002
 -0.47200789E-001  0.61668068E-001  0.14517218E+001  0.42356198E+002
 -0.47197187E-001  0.61673022E-001  0.14517789E+001  0.42355623E+002
 -0.47193534E-001  0.61678159E-001  0.14518382E+001  0.42355078E+002
 -0.47189835E-001  0.61683480E-001  0.14518997E+001  0.42354566E+002
 -0.47186097E-001  0.61688982E-001  0.14519633E+001  0.42354088E+002
 -0.47182326E-001  0.61694662E-001  0.14520291E+001  0.42353644E+002
 -0.47178530E-001  0.61700511E-001  0.14520969E+001  0.42353236E+002
 -0.47174716E-001  0.61706522E-001  0.14521667E+001  0.42352864E+002
 -0.47170891E-001  0.61712683E-001  0.14522382E+001  0.42352529E+002
 -0.47167064E-001  0.61718979E-001  0.14523115E+001  0.42352231E+002
 -0.47163242E-001  0.61725397E-001  0.14523863E+001  0.42351969E+002
 -0.47159435E-001  0.61731919E-001  0.14524624E+001  0.42351744E+002
 -0.47155649E-001  0.61738527E-001  0.14525398E+001  0.42351554E+002
 -0.47151893E-001  0.61745202E-001  0.14526181E+001  0.42351399E+002
 -0.47148175E-001  0.61751924E-001  0.14526971E+001  0.42351278E+002
 -0.47144502E-001  0.61758672E-001  0.14527767E+001  0.42351190E+002
 -0.47140883E-001  0.61765425E-001  0.14528567E+001  0.42351133E+002
 -0.47137325E-001  0.61772160E-001  0.14529367E+001  0.42351105E+002
 -0.47133834E-001  0.61778855E-001  0.14530166E+001  0.42351104E+002
 -0.47130417E-001  0.61785489E-001  0.14530962E+001  0.42351129E+002
 -0.47127081E-001  0.61792039E-001  0.14531751E+001  0.42351177E+002
 -0.47123832E-001  0.61798484E-001  0.14532532E+001  0.42351246E+002
 -0.47120674E-001  0.61804802E-001  0.14533303E+001  0.42351334E+002
 -0.47117614E-001  0.61810974E-001  0.14534061E+001  0.42351439E+002
 -0.47114655E-001  0.61816979E-001  0.14534805E+001  0.42351557E+002
 -0.47111801E-001  0.61822799E-001  0.14535531E+001  0.42351687E+002
 -0.47109055E-001  0.61828416E-001  0.14536240E+001  0.42351826E+002
 -0.47106421E-001  0.61833816E-001  0.14536928E+001  0.42351971E+002
 -0.47103901E-001  0.61838984E-001  0.14537595E+001  0.42352121E+002
 -0.47101497E-001  0.61843906E-001  0.14538238E+001  0.42352273E+002
 -0.47099210E-001  0.61848572E-001  0.14538857E+001  0.42352425E+002
 -0.47097041E-001  0.61852971E-001  0.14539451E+001  0.42352576E+002
 -0.47094990E-001  0.61857097E-001  0.14540018E+001  0.42352722E+002
 -0.47093057E-001  0.61860944E-001  0.14540557E+001  0.42352863E+002
 -0.47091241E-001  0.61864507E-001  0.14541068E+001  0.42352997E+002
 -0.47089540E-001  0.61867786E-001  0.14541551E+001  0.42353122E+002
 -0.47087953E-001  0.61870779E-001  0.14542006E+001  0.42353237E+002
 -0.47086478E-001  0.61873490E-001  0.14542431E+001  0.42353341E+002
 -0.47085112E-001  0.61875921E-001  0.14542828E+001  0.42353433E+002
 -0.47083852E-001  0.61878077E-001  0.14543197E+001  0.42353513E+002
 -0.47082695E-001  0.61879965E-001  0.14543537E+001  0.42353579E+002
 -0.47081638E-001  0.61881593E-001  0.14543849E+001  0.42353632E+002
 -0.47080676E-001  0.61882970E-001  0.14544134E+001  0.42353670E+002
 -0.47079805E-001  0.61884107E-001  0.14544392E+001  0.42353694E+002
 -0.47079021E-001  0.61885015E-001  0.14544625E+001  0.42353703E+002
 -0.47078320E-001  0.61885705E-001  0.14544833E+001  0.42353699E+002
 -0.47077697E-001  0.61886192E-001  0.14545016E+001  0.42353680E+002
 -0.47077147E-001  0.61886489E-001  0.14545177E+001  0.42353647E+002
 -0.47076667E-001  0.61886608E-001  0.14545316E+001  0.42353600E+002
 -0.47076250E-001  0.61886565E-001  0.14545434E+001  0.42353541E+002
 -0.47075893E-001  0.61886373E-001  0.14545532E+001  0.42353468E+002
 -0.47075591E-001  0.61886046E-001  0.14545612E+001  0.42353384E+002
 -0.47075340E-001  0.61885599E-001  0.14545674E+001  0.42353287E+002
 -0.47075135E-001  0.61885044E-001  0.14545720E+001  0.42353180E+002
 -0.47074972E-001  0.61884395E-001  0.14545751E+001  0.42353062E+002
 -0.47074847E-001  0.61883665E-001  0.14545767E+001  0.42352934E+002
 -0.47074757E-001  0.61882865E-001  0.14545771E+001  0.42352797E+002
 -0.47074697E-001  0.61882008E-001  0.14545763E+001  0.42352651E+002
 -0.47074664E-001  0.61881105E-001  0.14545744E+001  0.42352497E+002
 -0.47074655E-001  0.61880164E-001  0.14545716E+001  0.42352336E+002
 -0.47074666E-001  0.61879197E-001  0.14545678E+001  0.42352167E+002
 -0.47074696E-001  0.61878211E-001  0.14545633E+001  0.42351993E+002
 -0.47074741E-001  0.61877215E-001  0.14545580E+001  0.42351812E+002
 -0.47074800E-001  0.61876216E-001  0.14545522E+001  0.42351626E+002
 -0.47074869E-001  0.61875220E-001  0.14545458E+001  0.42351435E+002
 -0.47074947E-001  0.61874232E-001  0.14545390E+001  0.42351239E+002
 -0.47075033E-001  0.61873260E-001  0.14545318E+001  0.42351040E+002
 -0.47075124E-001  0.61872305E-001  0.14545242E+001  0.42350837E+002
 -0.47075219E-001  0.61871373E-001  0.14545164E+001  0.42350630E+002
 -0.47075317E-001  0.61870466E-001  0.14545084E+001  0.42350420E+002
 -0.47075417E-001  0.61869587E-001  0.14545003E+001  0.42350208E+002
 -0.47075518E-001  0.61868738E-001  0.14544920E+001  0.42349993E+002
 -0.47075619E-001  0.61867921E-001  0.14544837E+001  0.42349776E+002
 -0.47075719E-001  0.61867137E-001  0.14544754E+001  0.42349557E+002
 -0.47075818E-001  0.61866386E-001  0.14544671E+001  0.42349336E+002
 -0.47075916E-001  0.61865670E-001  0.14544589E+001  0.42349114E+002
 -0.47076011E-001  0.61864987E-001  0.14544507E+001  0.42348890E+002
 -0.47076104E-001  0.61864339E-001  0.14544427E+001  0.42348665E+002
 -0.47076194E-001  0.61863725E-001  0.14544348E+001  0.42348440E+002
 -0.47076281E-001  0.61863143E-001  0.14544271E+001  0.42348213E+002
 -0.47076365E-001  0.61862595E-001  0.14544195E+001  0.42347986E+002
 -0.47076446E-001  0.61862077E-001  0.14544121E+001  0.42347757E+002
 -0.47076523E-001  0.61861591E-001  0.14544050E+001  0.42347529E+002
 -0.47076597E-001  0.61861133E-001  0.14543980E+001  0.42347300E+002
 -0.47076668E-001  0.61860704E-001  0.14543913E+001  0.42347071E+002
 -0.47076736E-001  0.61860302E-001  0.14543848E+001  0.42346842E+002
 -0.47076800E-001  0.61859925E-001  0.14543786E+001  0.42346613E+002
 -0.47076861E-001  0.61859573E-001  0.14543726E+001  0.42346384E+002
 -0.47076919E-001  0.61859245E-001  0.14543668E+001  0.42346155E+002
 -0.47076973E-001  0.61858938E-001  0.14543612E+001  0.42345927E+002
 -0.47077025E-001  0.61858651E-001  0.14543559E+001  0.42345699E+002
 -0.47077074E-001  0.61858384E-001  0.14543508E+001  0.42345471E+002
 -0.47077120E-001  0.61858135E-001  0.14543460E+001  0.42345244E+002
 -0.47077163E-001  0.61857902E-001  0.14543413E+001  0.42345018E+002
 -0.47077204E-001  0.61857685E-001  0.14543369E+001  0.42344793E+002
 -0.47077243E-001  0.61857483E-001  0.14543327E+001  0.42344568E+002
 -0.47077279E-001  0.61857295E-001  0.14543287E+001  0.42344345E+002
 -0.47077312E-001  0.61857118E-001  0.14543249E+001  0.42344122E+002
 -0.47077344E-001  0.61856954E-001  0.14543213E+001  0.42343901E+002
 -0.47077373E-001  0.61856799E-001  0.14543179E+001  0.42343681E+002
 -0.47077401E-001  0.61856655E-001  0.14543146E+001  0.42343463E+002
 -0.47077427E-001  0.61856519E-001  0.14543115E+001  0.42343246E+002
 -0.47077451E-001  0.61856391E-001  0.14543086E+001  0.42343031E+002
 -0.47077473E-001  0.61856271E-001  0.14543058E+001  0.42342817E+002
 -0.47077494E-001  0.61856157E-001  0.14543032E+001  0.42342605E+002
 -0.47077514E-001  0.61856049E-001  0.14543007E+001  0.42342394E+002
 -0.47077532E-001  0.61855947E-001  0.14542983E+001  0.42342186E+002
 -0.47077548E-001  0.61855850E-001  0.14542960E+001  0.42341980E+002
 -0.47077564E-001  0.61855757E-001  0.14542938E+001  0.42341775E+002
 -0.47077578E-001  0.61855668E-001  0.14542918E+001  0.42341573E+002
 -0.47077591E-001  0.61855583E-001  0.14542898E+001  0.42341373E+002
 -0.47077604E-001  0.61855501E-001  0.14542879E+001  0.42341175E+002
 -0.47077615E-001  0.61855422E-001  0.14542862E+001  0.42340979E+002
 -0.47077625E-001  0.61855346E-001  0.14542844E+001  0.42340786E+002
 -0.47077635E-001  0.61855271E-001  0.14542828E+001  0.42340595E+002
 -0.47077644E-001  0.61855199E-001  0.14542812E+001  0.42340406E+002
 -0.47077652E-001  0.61855129E-001  0.14542797E+001  0.42340220E+002
 -0.47077660E-001  0.61855061E-001  0.14542783E+001  0.42340037E+002
 -0.47077666E-001  0.61854994E-001  0.14542769E+001  0.42339856E+002
 -0.47077673E-001  0.61854929E-001  0.14542755E+001  0.42339678E+002
 -0.47077678E-001  0.61854865E-001  0.14542742E+001  0.42339502E+002
 -0.47077683E-001  0.61854802E-001  0.14542729E+001  0.42339329E+002
 -0.47077688E-001  0.61854740E-001  0.14542717E+001  0.42339159E+002
 -0.47077693E-001  0.61854680E-001  0.14542705E+001  0.42338992E+002
 -0.47077696E-001  0.61854621E-001  0.14542694E+001  0.42338827E+002
 -0.47077700E-001  0.61854562E-001  0.14542683E+001  0.42338666E+002
 -0.47077703E-001  0.61854505E-001  0.14542672E+001  0.42338507E+002
 -0.47077706E-001  0.61854449E-001  0.14542662E+001  0.42338351E+002
 -0.47077708E-001  0.61854394E-001  0.14542651E+001  0.42338198E+002
 -0.47077710E-001  0.61854340E-001  0.14542641E+001  0.42338047E+002
 -0.47077712E-001  0.61854287E-001  0.14542632E+001  0.42337900E+002
 -0.47077714E-001  0.61854235E-001  0.14542622E+001  0.42337755E+002
 -0.47077715E-001  0.61854185E-001  0.14542613E+001  0.42337614E+002
 -0.47077716E-001  0.61854136E-001  0.14542605E+001  0.42337475E+002
 -0.47077716E-001  0.61854088E-001  0.14542596E+001  0.42337339E+002
 -0.47077716E-001  0.61854042E-001  0.14542588E+001  0.42337206E+002
 -0.47077714E-001  0.61853998E-001  0.14542580E+001  0.42337076E+002
 -0.47077712E-001  0.61853956E-001  0.14542572E+001  0.42336949E+002
 -0.47077709E-001  0.61853917E-001  0.14542565E+001  0.42336824E+002
 -0.47077703E-001  0.61853881E-001  0.14542559E+001  0.42336703E+002
 -0.47077696E-001  0.61853849E-001  0.14542553E+001  0.42336585E+002
 -0.47077684E-001  0.61853823E-001  0.14542548E+001  0.42336469E+002
 -0.47077667E-001  0.61853805E-001  0.14542544E+001  0.42336357E+002
 -0.47077641E-001  0.61853798E-001  0.14542542E+001  0.42336247E+002
 -0.47077600E-001  0.61853813E-001  0.14542542E+001  0.42336142E+002
