  0.57522705E+000  0.94009317E+000  0.10834670E+001  0.34841297E+001
  0.57512754E+000  0.94005877E+000  0.10829569E+001  0.34730229E+001
  0.57519801E+000  0.94006968E+000  0.10827368E+001  0.34687372E+001
  0.57525626E+000  0.94007750E+000  0.10825350E+001  0.34650553E+001
  0.57531433E+000  0.94008539E+000  0.10823787E+001  0.34621662E+001
  0.57536785E+000  0.94009293E+000  0.10822531E+001  0.34598185E+001
  0.57541570E+000  0.94010011E+000  0.10821495E+001  0.34578802E+001
  0.57545791E+000  0.94010680E+000  0.10820633E+001  0.34562688E+001
  0.57549495E+000  0.94011294E+000  0.10819913E+001  0.34549257E+001
  0.57552734E+000  0.94011853E+000  0.10819311E+001  0.34538035E+001
  0.57555558E+000  0.94012359E+000  0.10818806E+001  0.34528637E+001
  0.57558017E+000  0.94012813E+000  0.10818381E+001  0.34520759E+001
  0.57560160E+000  0.94013222E+000  0.10818025E+001  0.34514158E+001
  0.57562026E+000  0.94013586E+000  0.10817726E+001  0.34508625E+001
  0.57563649E+000  0.94013909E+000  0.10817475E+001  0.34503982E+001
  0.57565059E+000  0.94014194E+000  0.10817264E+001  0.34500085E+001
  0.57566283E+000  0.94014451E+000  0.10817086E+001  0.34496820E+001
  0.57567345E+000  0.94014680E+000  0.10816937E+001  0.34494087E+001
  0.57568267E+000  0.94014885E+000  0.10816813E+001  0.34491803E+001
  0.57569069E+000  0.94015066E+000  0.10816710E+001  0.34489901E+001
  0.57569765E+000  0.94015226E+000  0.10816624E+001  0.34488320E+001
  0.57570369E+000  0.94015368E+000  0.10816554E+001  0.34487013E+001
  0.57570893E+000  0.94015491E+000  0.10816496E+001  0.34485936E+001
  0.57571348E+000  0.94015599E+000  0.10816449E+001  0.34485055E+001
  0.57571743E+000  0.94015692E+000  0.10816412E+001  0.34484340E+001
  0.57572085E+000  0.94015771E+000  0.10816383E+001  0.34483766E+001
  0.57572380E+000  0.94015836E+000  0.10816360E+001  0.34483309E+001
  0.57572637E+000  0.94015888E+000  0.10816342E+001  0.34482952E+001
  0.57572860E+000  0.94015928E+000  0.10816330E+001  0.34482678E+001
  0.57573053E+000  0.94015955E+000  0.10816320E+001  0.34482472E+001
  0.57573221E+000  0.94015971E+000  0.10816314E+001  0.34482324E+001
  0.57573368E+000  0.94015975E+000  0.10816311E+001  0.34482224E+001
  0.57573497E+000  0.94015967E+000  0.10816309E+001  0.34482163E+001
  0.57573611E+000  0.94015949E+000  0.10816310E+001  0.34482133E+001
  0.57573714E+000  0.94015920E+000  0.10816311E+001  0.34482131E+001
  0.57573806E+000  0.94015881E+000  0.10816313E+001  0.34482149E+001
  0.57573892E+000  0.94015833E+000  0.10816316E+001  0.34482186E+001
  0.57573973E+000  0.94015775E+000  0.10816319E+001  0.34482236E+001
  0.55815922E+000  0.93566810E+000  0.10816323E+001  0.34482299E+001
  0.57574126E+000  0.94015637E+000  0.10816327E+001  0.34482372E+001
  0.57574202E+000  0.94015557E+000  0.10816331E+001  0.34482453E+001
  0.57574279E+000  0.94015471E+000  0.10816336E+001  0.34482541E+001
  0.57574358E+000  0.94015380E+000  0.10816340E+001  0.34482636E+001
  0.57574441E+000  0.94015284E+000  0.10816345E+001  0.34482735E+001
  0.57574527E+000  0.94015185E+000  0.10816349E+001  0.34482840E+001
  0.57574617E+000  0.94015082E+000  0.10816354E+001  0.34482950E+001
  0.57574713E+000  0.94014978E+000  0.10816359E+001  0.34483064E+001
  0.57574813E+000  0.94014872E+000  0.10816365E+001  0.34483182E+001
  0.57574919E+000  0.94014765E+000  0.10816370E+001  0.34483303E+001
  0.57575029E+000  0.94014657E+000  0.10816375E+001  0.34483429E+001
  0.57575145E+000  0.94014550E+000  0.10816381E+001  0.34483558E+001
  0.57575265E+000  0.94014442E+000  0.10816387E+001  0.34483690E+001
  0.57575389E+000  0.94014335E+000  0.10816394E+001  0.34483826E+001
  0.57575518E+000  0.94014229E+000  0.10816400E+001  0.34483964E+001
  0.57575650E+000  0.94014123E+000  0.10816407E+001  0.34484105E+001
  0.57575784E+000  0.94014018E+000  0.10816414E+001  0.34484248E+001
  0.57575922E+000  0.94013913E+000  0.10816421E+001  0.34484393E+001
  0.57576061E+000  0.94013809E+000  0.10816428E+001  0.34484539E+001
  0.57576202E+000  0.94013705E+000  0.10816436E+001  0.34484686E+001
  0.57576343E+000  0.94013602E+000  0.10816444E+001  0.34484833E+001
  0.57576486E+000  0.94013500E+000  0.10816451E+001  0.34484981E+001
  0.57576628E+000  0.94013397E+000  0.10816459E+001  0.34485128E+001
  0.57576770E+000  0.94013296E+000  0.10816467E+001  0.34485274E+001
  0.57576910E+000  0.94013196E+000  0.10816475E+001  0.34485419E+001
  0.57577050E+000  0.94013096E+000  0.10816483E+001  0.34485562E+001
  0.57577188E+000  0.94012998E+000  0.10816490E+001  0.34485703E+001
  0.57577325E+000  0.94012900E+000  0.10816498E+001  0.34485841E+001
  0.57577459E+000  0.94012803E+000  0.10816506E+001  0.34485976E+001
  0.57577592E+000  0.94012708E+000  0.10816513E+001  0.34486108E+001
  0.57577723E+000  0.94012613E+000  0.10816521E+001  0.34486236E+001
  0.57577851E+000  0.94012520E+000  0.10816528E+001  0.34486360E+001
  0.57577976E+000  0.94012429E+000  0.10816536E+001  0.34486479E+001
  0.57578099E+000  0.94012340E+000  0.10816543E+001  0.34486594E+001
  0.57578218E+000  0.94012252E+000  0.10816550E+001  0.34486704E+001
  0.57578335E+000  0.94012167E+000  0.10816557E+001  0.34486808E+001
  0.57578448E+000  0.94012084E+000  0.10816563E+001  0.34486907E+001
  0.57578557E+000  0.94012003E+000  0.10816570E+001  0.34487001E+001
  0.57578664E+000  0.94011925E+000  0.10816576E+001  0.34487088E+001
  0.57578766E+000  0.94011849E+000  0.10816582E+001  0.34487170E+001
  0.57578865E+000  0.94011776E+000  0.10816588E+001  0.34487245E+001
  0.57578960E+000  0.94011705E+000  0.10816593E+001  0.34487314E+001
  0.57579051E+000  0.94011638E+000  0.10816599E+001  0.34487377E+001
  0.57579138E+000  0.94011573E+000  0.10816604E+001  0.34487433E+001
  0.57579221E+000  0.94011511E+000  0.10816609E+001  0.34487483E+001
  0.57579300E+000  0.94011451E+000  0.10816613E+001  0.34487527E+001
  0.57579375E+000  0.94011395E+000  0.10816617E+001  0.34487564E+001
  0.57579446E+000  0.94011341E+000  0.10816621E+001  0.34487595E+001
  0.57579513E+000  0.94011290E+000  0.10816625E+001  0.34487620E+001
  0.57579576E+000  0.94011242E+000  0.10816629E+001  0.34487639E+001
  0.57579635E+000  0.94011196E+000  0.10816632E+001  0.34487651E+001
  0.57579690E+000  0.94011153E+000  0.10816635E+001  0.34487658E+001
  0.57579741E+000  0.94011113E+000  0.10816637E+001  0.34487659E+001
  0.57579789E+000  0.94011075E+000  0.10816639E+001  0.34487655E+001
  0.57579833E+000  0.94011039E+000  0.10816641E+001  0.34487646E+001
  0.57579873E+000  0.94011006E+000  0.10816643E+001  0.34487631E+001
  0.57579910E+000  0.94010975E+000  0.10816645E+001  0.34487612E+001
  0.57579943E+000  0.94010946E+000  0.10816646E+001  0.34487587E+001
  0.57579973E+000  0.94010919E+000  0.10816647E+001  0.34487559E+001
  0.57580000E+000  0.94010894E+000  0.10816647E+001  0.34487526E+001
  0.57580024E+000  0.94010871E+000  0.10816648E+001  0.34487490E+001
  0.57580045E+000  0.94010849E+000  0.10816648E+001  0.34487450E+001
  0.57580063E+000  0.94010829E+000  0.10816647E+001  0.34487406E+001
  0.57580079E+000  0.94010811E+000  0.10816647E+001  0.34487359E+001
  0.57580092E+000  0.94010794E+000  0.10816646E+001  0.34487309E+001
  0.57580103E+000  0.94010778E+000  0.10816645E+001  0.34487257E+001
  0.57580112E+000  0.94010763E+000  0.10816644E+001  0.34487202E+001
  0.57580119E+000  0.94010749E+000  0.10816642E+001  0.34487144E+001
  0.57580124E+000  0.94010736E+000  0.10816641E+001  0.34487084E+001
  0.57580127E+000  0.94010724E+000  0.10816639E+001  0.34487023E+001
  0.57580128E+000  0.94010713E+000  0.10816637E+001  0.34486959E+001
  0.57580128E+000  0.94010703E+000  0.10816635E+001  0.34486894E+001
  0.57580126E+000  0.94010693E+000  0.10816632E+001  0.34486827E+001
  0.57580123E+000  0.94010683E+000  0.10816629E+001  0.34486759E+001
  0.57580119E+000  0.94010675E+000  0.10816627E+001  0.34486689E+001
  0.57580114E+000  0.94010666E+000  0.10816624E+001  0.34486618E+001
  0.57580107E+000  0.94010658E+000  0.10816621E+001  0.34486547E+001
  0.57580100E+000  0.94010650E+000  0.10816617E+001  0.34486474E+001
  0.57580092E+000  0.94010642E+000  0.10816614E+001  0.34486400E+001
  0.57580084E+000  0.94010635E+000  0.10816611E+001  0.34486326E+001
  0.57580075E+000  0.94010628E+000  0.10816607E+001  0.34486251E+001
  0.57580065E+000  0.94010620E+000  0.10816603E+001  0.34486175E+001
  0.57580054E+000  0.94010614E+000  0.10816600E+001  0.34486098E+001
  0.57580044E+000  0.94010607E+000  0.10816596E+001  0.34486021E+001
  0.57580033E+000  0.94010600E+000  0.10816592E+001  0.34485943E+001
  0.57580021E+000  0.94010593E+000  0.10816589E+001  0.34485864E+001
  0.57580010E+000  0.94010587E+000  0.10816585E+001  0.34485786E+001
  0.57579998E+000  0.94010580E+000  0.10816581E+001  0.34485706E+001
  0.57579986E+000  0.94010574E+000  0.10816577E+001  0.34485626E+001
  0.57579974E+000  0.94010567E+000  0.10816573E+001  0.34485546E+001
  0.57579962E+000  0.94010561E+000  0.10816569E+001  0.34485465E+001
  0.57579950E+000  0.94010554E+000  0.10816566E+001  0.34485384E+001
  0.57579938E+000  0.94010548E+000  0.10816562E+001  0.34485303E+001
  0.57579926E+000  0.94010542E+000  0.10816558E+001  0.34485221E+001
  0.57579914E+000  0.94010536E+000  0.10816554E+001  0.34485138E+001
  0.57579902E+000  0.94010530E+000  0.10816551E+001  0.34485056E+001
  0.57579891E+000  0.94010524E+000  0.10816547E+001  0.34484973E+001
  0.57579879E+000  0.94010518E+000  0.10816544E+001  0.34484890E+001
  0.57579868E+000  0.94010513E+000  0.10816540E+001  0.34484806E+001
  0.57579857E+000  0.94010507E+000  0.10816537E+001  0.34484723E+001
  0.57579846E+000  0.94010502E+000  0.10816534E+001  0.34484639E+001
  0.57579835E+000  0.94010496E+000  0.10816530E+001  0.34484555E+001
  0.57579824E+000  0.94010491E+000  0.10816527E+001  0.34484471E+001
  0.57579814E+000  0.94010486E+000  0.10816524E+001  0.34484387E+001
  0.57579804E+000  0.94010481E+000  0.10816521E+001  0.34484302E+001
  0.57579794E+000  0.94010476E+000  0.10816518E+001  0.34484218E+001
  0.57579785E+000  0.94010472E+000  0.10816515E+001  0.34484134E+001
  0.57579775E+000  0.94010467E+000  0.10816513E+001  0.34484049E+001
  0.57579766E+000  0.94010462E+000  0.10816510E+001  0.34483965E+001
  0.57579758E+000  0.94010458E+000  0.10816507E+001  0.34483881E+001
  0.57579749E+000  0.94010454E+000  0.10816505E+001  0.34483797E+001
  0.57579741E+000  0.94010450E+000  0.10816502E+001  0.34483713E+001
  0.57579733E+000  0.94010446E+000  0.10816500E+001  0.34483629E+001
  0.57579725E+000  0.94010442E+000  0.10816498E+001  0.34483545E+001
  0.57579718E+000  0.94010438E+000  0.10816495E+001  0.34483462E+001
  0.57579710E+000  0.94010434E+000  0.10816493E+001  0.34483379E+001
  0.57579703E+000  0.94010431E+000  0.10816491E+001  0.34483297E+001
  0.57579697E+000  0.94010427E+000  0.10816489E+001  0.34483215E+001
  0.57579690E+000  0.94010424E+000  0.10816487E+001  0.34483133E+001
  0.57579684E+000  0.94010421E+000  0.10816485E+001  0.34483052E+001
  0.57579678E+000  0.94010418E+000  0.10816483E+001  0.34482971E+001
  0.57579672E+000  0.94010415E+000  0.10816481E+001  0.34482891E+001
  0.57579666E+000  0.94010412E+000  0.10816480E+001  0.34482811E+001
  0.57579661E+000  0.94010409E+000  0.10816478E+001  0.34482732E+001
  0.57579655E+000  0.94010406E+000  0.10816476E+001  0.34482654E+001
  0.57579650E+000  0.94010403E+000  0.10816475E+001  0.34482576E+001
  0.57579645E+000  0.94010401E+000  0.10816473E+001  0.34482499E+001
  0.57579641E+000  0.94010398E+000  0.10816472E+001  0.34482423E+001
  0.57579636E+000  0.94010395E+000  0.10816470E+001  0.34482348E+001
  0.57579632E+000  0.94010393E+000  0.10816469E+001  0.34482273E+001
  0.57579627E+000  0.94010391E+000  0.10816467E+001  0.34482200E+001
  0.57579623E+000  0.94010388E+000  0.10816466E+001  0.34482127E+001
  0.57579619E+000  0.94010386E+000  0.10816465E+001  0.34482055E+001
  0.57579615E+000  0.94010384E+000  0.10816463E+001  0.34481984E+001
  0.57579611E+000  0.94010382E+000  0.10816462E+001  0.34481914E+001
  0.57579608E+000  0.94010379E+000  0.10816461E+001  0.34481845E+001
  0.57579604E+000  0.94010377E+000  0.10816460E+001  0.34481777E+001
  0.57579601E+000  0.94010375E+000  0.10816458E+001  0.34481709E+001
  0.57579597E+000  0.94010373E+000  0.10816457E+001  0.34481643E+001
  0.57579594E+000  0.94010371E+000  0.10816456E+001  0.34481578E+001
  0.57579591E+000  0.94010369E+000  0.10816455E+001  0.34481514E+001
  0.57579588E+000  0.94010367E+000  0.10816454E+001  0.34481451E+001
  0.57579585E+000  0.94010366E+000  0.10816453E+001  0.34481389E+001
  0.57579582E+000  0.94010364E+000  0.10816452E+001  0.34481328E+001
  0.57579579E+000  0.94010362E+000  0.10816451E+001  0.34481269E+001
  0.57579577E+000  0.94010360E+000  0.10816450E+001  0.34481210E+001
  0.57579574E+000  0.94010358E+000  0.10816449E+001  0.34481153E+001
  0.57579572E+000  0.94010357E+000  0.10816448E+001  0.34481096E+001
  0.57579569E+000  0.94010355E+000  0.10816447E+001  0.34481041E+001
  0.57579567E+000  0.94010354E+000  0.10816447E+001  0.34480987E+001
  0.57579565E+000  0.94010352E+000  0.10816446E+001  0.34480934E+001
  0.57579563E+000  0.94010350E+000  0.10816445E+001  0.34480882E+001
  0.57579560E+000  0.94010349E+000  0.10816444E+001  0.34480831E+001
  0.57579559E+000  0.94010347E+000  0.10816443E+001  0.34480782E+001
  0.57579557E+000  0.94010346E+000  0.10816443E+001  0.34480733E+001
  0.57579555E+000  0.94010345E+000  0.10816442E+001  0.34480686E+001
  0.57579554E+000  0.94010343E+000  0.10816441E+001  0.34480640E+001
  0.57579553E+000  0.94010342E+000  0.10816441E+001  0.34480596E+001
  0.57579553E+000  0.94010341E+000  0.10816440E+001  0.34480552E+001
  0.57579555E+000  0.94010340E+000  0.10816440E+001  0.34480510E+001
  0.57579550E+000  0.94010335E+000  0.10816439E+001  0.34480467E+001
