  0.15207291E+001
  0.15177914E+001
  0.15166853E+001
  0.15157309E+001
  0.15149861E+001
  0.15143830E+001
  0.15138863E+001
  0.15134741E+001
  0.15131311E+001
  0.15128450E+001
  0.15126058E+001
  0.15124055E+001
  0.15122379E+001
  0.15120977E+001
  0.15119802E+001
  0.15118817E+001
  0.15117994E+001
  0.15117306E+001
  0.15116732E+001
  0.15116255E+001
  0.15115860E+001
  0.15115534E+001
  0.15115266E+001
  0.15115049E+001
  0.15114873E+001
  0.15114733E+001
  0.15114622E+001
  0.15114536E+001
  0.15114470E+001
  0.15114422E+001
  0.15114388E+001
  0.15114366E+001
  0.15114354E+001
  0.15114349E+001
  0.15114350E+001
  0.15114357E+001
  0.15114367E+001
  0.15114382E+001
  0.15114399E+001
  0.15114418E+001
  0.15114439E+001
  0.15114462E+001
  0.15114486E+001
  0.15114512E+001
  0.15114539E+001
  0.15114567E+001
  0.15114597E+001
  0.15114628E+001
  0.15114659E+001
  0.15114692E+001
  0.15114726E+001
  0.15114761E+001
  0.15114797E+001
  0.15114834E+001
  0.15114871E+001
  0.15114909E+001
  0.15114948E+001
  0.15114987E+001
  0.15115027E+001
  0.15115067E+001
  0.15115107E+001
  0.15115146E+001
  0.15115186E+001
  0.15115225E+001
  0.15115264E+001
  0.15115302E+001
  0.15115339E+001
  0.15115376E+001
  0.15115412E+001
  0.15115447E+001
  0.15115480E+001
  0.15115513E+001
  0.15115544E+001
  0.15115574E+001
  0.15115603E+001
  0.15115630E+001
  0.15115656E+001
  0.15115680E+001
  0.15115702E+001
  0.15115723E+001
  0.15115742E+001
  0.15115760E+001
  0.15115776E+001
  0.15115790E+001
  0.15115803E+001
  0.15115814E+001
  0.15115823E+001
  0.15115830E+001
  0.15115836E+001
  0.15115840E+001
  0.15115843E+001
  0.15115844E+001
  0.15115844E+001
  0.15115842E+001
  0.15115839E+001
  0.15115835E+001
  0.15115829E+001
  0.15115823E+001
  0.15115815E+001
  0.15115806E+001
  0.15115796E+001
  0.15115785E+001
  0.15115773E+001
  0.15115760E+001
  0.15115746E+001
  0.15115732E+001
  0.15115717E+001
  0.15115702E+001
  0.15115686E+001
  0.15115669E+001
  0.15115652E+001
  0.15115634E+001
  0.15115616E+001
  0.15115598E+001
  0.15115579E+001
  0.15115560E+001
  0.15115541E+001
  0.15115521E+001
  0.15115501E+001
  0.15115481E+001
  0.15115461E+001
  0.15115440E+001
  0.15115419E+001
  0.15115399E+001
  0.15115378E+001
  0.15115356E+001
  0.15115335E+001
  0.15115314E+001
  0.15115292E+001
  0.15115271E+001
  0.15115249E+001
  0.15115227E+001
  0.15115205E+001
  0.15115183E+001
  0.15115161E+001
  0.15115139E+001
  0.15115117E+001
  0.15115095E+001
  0.15115073E+001
  0.15115051E+001
  0.15115029E+001
  0.15115006E+001
  0.15114984E+001
  0.15114962E+001
  0.15114940E+001
  0.15114918E+001
  0.15114895E+001
  0.15114873E+001
  0.15114851E+001
  0.15114829E+001
  0.15114807E+001
  0.15114786E+001
  0.15114764E+001
  0.15114742E+001
  0.15114721E+001
  0.15114699E+001
  0.15114678E+001
  0.15114657E+001
  0.15114636E+001
  0.15114615E+001
  0.15114594E+001
  0.15114574E+001
  0.15114553E+001
  0.15114533E+001
  0.15114513E+001
  0.15114493E+001
  0.15114474E+001
  0.15114454E+001
  0.15114435E+001
  0.15114416E+001
  0.15114397E+001
  0.15114379E+001
  0.15114361E+001
  0.15114343E+001
  0.15114325E+001
  0.15114308E+001
  0.15114290E+001
  0.15114273E+001
  0.15114257E+001
  0.15114240E+001
  0.15114224E+001
  0.15114208E+001
  0.15114193E+001
  0.15114177E+001
  0.15114162E+001
  0.15114148E+001
  0.15114133E+001
  0.15114119E+001
  0.15114105E+001
  0.15114092E+001
  0.15114078E+001
  0.15114066E+001
  0.15114053E+001
  0.15114041E+001
  0.15114028E+001
  0.15114017E+001
  0.15114005E+001
  0.15113994E+001
  0.15113984E+001
  0.15113972E+001
