  0.68649824E+000
  0.68662709E+000
  0.68668276E+000
  0.68672304E+000
  0.68675577E+000
  0.68678299E+000
  0.68680575E+000
  0.68682486E+000
  0.68684099E+000
  0.68685465E+000
  0.68686627E+000
  0.68687619E+000
  0.68688470E+000
  0.68689205E+000
  0.68689841E+000
  0.68690395E+000
  0.68690881E+000
  0.68691309E+000
  0.68691690E+000
  0.68692031E+000
  0.68692337E+000
  0.68692615E+000
  0.68692869E+000
  0.68693102E+000
  0.68693318E+000
  0.68693519E+000
  0.68693706E+000
  0.68693883E+000
  0.68694049E+000
  0.68694207E+000
  0.68694357E+000
  0.68694501E+000
  0.68694638E+000
  0.68694769E+000
  0.68694896E+000
  0.68695017E+000
  0.68695135E+000
  0.68695248E+000
  0.68695358E+000
  0.68695464E+000
  0.68695566E+000
  0.68695666E+000
  0.68695762E+000
  0.68695856E+000
  0.68695947E+000
  0.68696035E+000
  0.68696120E+000
  0.68696203E+000
  0.68696283E+000
  0.68696361E+000
  0.68696435E+000
  0.68696505E+000
  0.68696572E+000
  0.68696635E+000
  0.68696693E+000
  0.68696747E+000
  0.68696795E+000
  0.68696838E+000
  0.68696875E+000
  0.68696905E+000
  0.68696929E+000
  0.68696946E+000
  0.68696957E+000
  0.68696961E+000
  0.68696957E+000
  0.68696947E+000
  0.68696931E+000
  0.68696908E+000
  0.68696878E+000
  0.68696843E+000
  0.68696802E+000
  0.68696755E+000
  0.68696704E+000
  0.68696648E+000
  0.68696587E+000
  0.68696524E+000
  0.68696457E+000
  0.68696387E+000
  0.68696315E+000
  0.68696241E+000
  0.68696167E+000
  0.68696091E+000
  0.68696015E+000
  0.68695939E+000
  0.68695864E+000
  0.68695790E+000
  0.68695717E+000
  0.68695646E+000
  0.68695577E+000
  0.68695510E+000
  0.68695447E+000
  0.68695386E+000
  0.68695328E+000
  0.68695273E+000
  0.68695222E+000
  0.68695175E+000
  0.68695131E+000
  0.68695091E+000
  0.68695054E+000
  0.68695021E+000
  0.68694992E+000
  0.68694966E+000
  0.68694944E+000
  0.68694925E+000
  0.68694909E+000
  0.68694896E+000
  0.68694886E+000
  0.68694879E+000
  0.68694874E+000
  0.68694872E+000
  0.68694872E+000
  0.68694874E+000
  0.68694878E+000
  0.68694884E+000
  0.68694891E+000
  0.68694899E+000
  0.68694909E+000
  0.68694920E+000
  0.68694932E+000
  0.68694945E+000
  0.68694958E+000
  0.68694972E+000
  0.68694987E+000
  0.68695002E+000
  0.68695017E+000
  0.68695033E+000
  0.68695048E+000
  0.68695064E+000
  0.68695080E+000
  0.68695096E+000
  0.68695111E+000
  0.68695127E+000
  0.68695142E+000
  0.68695158E+000
  0.68695173E+000
  0.68695188E+000
  0.68695202E+000
  0.68695217E+000
  0.68695231E+000
  0.68695245E+000
  0.68695258E+000
  0.68695271E+000
  0.68695284E+000
  0.68695297E+000
  0.68695309E+000
  0.68695321E+000
  0.68695333E+000
  0.68695345E+000
  0.68695356E+000
  0.68695367E+000
  0.68695377E+000
  0.68695388E+000
  0.68695398E+000
  0.68695407E+000
  0.68695417E+000
  0.68695426E+000
  0.68695435E+000
  0.68695444E+000
  0.68695452E+000
  0.68695460E+000
  0.68695468E+000
  0.68695476E+000
  0.68695484E+000
  0.68695491E+000
  0.68695498E+000
  0.68695505E+000
  0.68695512E+000
  0.68695518E+000
  0.68695525E+000
  0.68695531E+000
  0.68695537E+000
  0.68695543E+000
  0.68695549E+000
  0.68695554E+000
  0.68695560E+000
  0.68695565E+000
  0.68695570E+000
  0.68695575E+000
  0.68695580E+000
  0.68695585E+000
  0.68695590E+000
  0.68695594E+000
  0.68695599E+000
  0.68695603E+000
  0.68695607E+000
  0.68695612E+000
  0.68695616E+000
  0.68695620E+000
  0.68695623E+000
  0.68695627E+000
  0.68695631E+000
  0.68695635E+000
  0.68695638E+000
  0.68695642E+000
  0.68695646E+000
  0.68695649E+000
  0.68695653E+000
  0.68695657E+000
  0.68695659E+000
  0.68695655E+000
