  0.10950479E+002
  0.10953427E+002
  0.10955358E+002
  0.10956906E+002
  0.10958131E+002
  0.10959107E+002
  0.10959884E+002
  0.10960497E+002
  0.10960976E+002
  0.10961344E+002
  0.10961620E+002
  0.10961821E+002
  0.10961957E+002
  0.10962041E+002
  0.10962080E+002
  0.10962082E+002
  0.10962053E+002
  0.10961998E+002
  0.10961921E+002
  0.10961826E+002
  0.10961714E+002
  0.10961589E+002
  0.10961453E+002
  0.10961307E+002
  0.10961153E+002
  0.10960992E+002
  0.10960824E+002
  0.10960652E+002
  0.10960475E+002
  0.10960294E+002
  0.10960111E+002
  0.10959924E+002
  0.10959735E+002
  0.10959544E+002
  0.10959352E+002
  0.10959158E+002
  0.10958964E+002
  0.10958768E+002
  0.10958573E+002
  0.10958378E+002
  0.10958182E+002
  0.10957988E+002
  0.10957795E+002
  0.10957603E+002
  0.10957414E+002
  0.10957226E+002
  0.10957042E+002
  0.10956861E+002
  0.10956683E+002
  0.10956511E+002
  0.10956343E+002
  0.10956180E+002
  0.10956024E+002
  0.10955874E+002
  0.10955731E+002
  0.10955596E+002
  0.10955468E+002
  0.10955349E+002
  0.10955239E+002
  0.10955137E+002
  0.10955045E+002
  0.10954962E+002
  0.10954889E+002
  0.10954826E+002
  0.10954772E+002
  0.10954728E+002
  0.10954693E+002
  0.10954668E+002
  0.10954651E+002
  0.10954644E+002
  0.10954644E+002
  0.10954652E+002
  0.10954668E+002
  0.10954690E+002
  0.10954719E+002
  0.10954753E+002
  0.10954792E+002
  0.10954836E+002
  0.10954883E+002
  0.10954934E+002
  0.10954986E+002
  0.10955041E+002
  0.10955097E+002
  0.10955153E+002
  0.10955209E+002
  0.10955264E+002
  0.10955318E+002
  0.10955370E+002
  0.10955420E+002
  0.10955468E+002
  0.10955512E+002
  0.10955554E+002
  0.10955591E+002
  0.10955625E+002
  0.10955655E+002
  0.10955681E+002
  0.10955703E+002
  0.10955720E+002
  0.10955733E+002
  0.10955742E+002
  0.10955746E+002
  0.10955746E+002
  0.10955742E+002
  0.10955734E+002
  0.10955722E+002
  0.10955707E+002
  0.10955688E+002
  0.10955665E+002
  0.10955639E+002
  0.10955610E+002
  0.10955579E+002
  0.10955544E+002
  0.10955507E+002
  0.10955468E+002
  0.10955427E+002
  0.10955384E+002
  0.10955339E+002
  0.10955292E+002
  0.10955244E+002
  0.10955194E+002
  0.10955143E+002
  0.10955091E+002
  0.10955038E+002
  0.10954984E+002
  0.10954930E+002
  0.10954874E+002
  0.10954818E+002
  0.10954762E+002
  0.10954705E+002
  0.10954647E+002
  0.10954589E+002
  0.10954531E+002
  0.10954473E+002
  0.10954414E+002
  0.10954355E+002
  0.10954297E+002
  0.10954238E+002
  0.10954178E+002
  0.10954119E+002
  0.10954060E+002
  0.10954001E+002
  0.10953942E+002
  0.10953883E+002
  0.10953825E+002
  0.10953766E+002
  0.10953708E+002
  0.10953649E+002
  0.10953591E+002
  0.10953534E+002
  0.10953476E+002
  0.10953419E+002
  0.10953362E+002
  0.10953305E+002
  0.10953249E+002
  0.10953193E+002
  0.10953138E+002
  0.10953083E+002
  0.10953028E+002
  0.10952974E+002
  0.10952920E+002
  0.10952867E+002
  0.10952814E+002
  0.10952762E+002
  0.10952710E+002
  0.10952659E+002
  0.10952609E+002
  0.10952559E+002
  0.10952509E+002
  0.10952461E+002
  0.10952412E+002
  0.10952365E+002
  0.10952318E+002
  0.10952272E+002
  0.10952226E+002
  0.10952181E+002
  0.10952137E+002
  0.10952094E+002
  0.10952051E+002
  0.10952009E+002
  0.10951967E+002
  0.10951926E+002
  0.10951886E+002
  0.10951847E+002
  0.10951809E+002
  0.10951771E+002
  0.10951734E+002
  0.10951697E+002
  0.10951662E+002
  0.10951627E+002
  0.10951592E+002
  0.10951559E+002
  0.10951526E+002
  0.10951494E+002
  0.10951463E+002
  0.10951432E+002
  0.10951403E+002
  0.10951374E+002
  0.10951346E+002
  0.10951318E+002
  0.10951292E+002
