  0.23372266E+000
  0.24226080E+000
  0.24209632E+000
  0.24118394E+000
  0.24030380E+000
  0.23953782E+000
  0.23888286E+000
  0.23832805E+000
  0.23785636E+000
  0.23745490E+000
  0.23711317E+000
  0.23682220E+000
  0.23657529E+000
  0.23636938E+000
  0.23619427E+000
  0.23604516E+000
  0.23591816E+000
  0.23580997E+000
  0.23571776E+000
  0.23563913E+000
  0.23557203E+000
  0.23551468E+000
  0.23546557E+000
  0.23542340E+000
  0.23538705E+000
  0.23535554E+000
  0.23532804E+000
  0.23530382E+000
  0.23528224E+000
  0.23526276E+000
  0.23524490E+000
  0.23522823E+000
  0.23521239E+000
  0.23519708E+000
  0.23518200E+000
  0.23516694E+000
  0.23515170E+000
  0.23513611E+000
  0.23512005E+000
  0.23510340E+000
  0.23508606E+000
  0.23506797E+000
  0.23504913E+000
  0.23502959E+000
  0.23500930E+000
  0.23498827E+000
  0.23496653E+000
  0.23494410E+000
  0.23492103E+000
  0.23489736E+000
  0.23487313E+000
  0.23484839E+000
  0.23482318E+000
  0.23479755E+000
  0.23477153E+000
  0.23474516E+000
  0.23471847E+000
  0.23469151E+000
  0.23466430E+000
  0.23463689E+000
  0.23460930E+000
  0.23458158E+000
  0.23455376E+000
  0.23452588E+000
  0.23449798E+000
  0.23447010E+000
  0.23444229E+000
  0.23441458E+000
  0.23438702E+000
  0.23435966E+000
  0.23433252E+000
  0.23430567E+000
  0.23427914E+000
  0.23425297E+000
  0.23422720E+000
  0.23420188E+000
  0.23417704E+000
  0.23415273E+000
  0.23412897E+000
  0.23410580E+000
  0.23408325E+000
  0.23406135E+000
  0.23404013E+000
  0.23401962E+000
  0.23399982E+000
  0.23398077E+000
  0.23396249E+000
  0.23394497E+000
  0.23392824E+000
  0.23391229E+000
  0.23389712E+000
  0.23388274E+000
  0.23386914E+000
  0.23385631E+000
  0.23384424E+000
  0.23383292E+000
  0.23382233E+000
  0.23381246E+000
  0.23380328E+000
  0.23379476E+000
  0.23378688E+000
  0.23377963E+000
  0.23377296E+000
  0.23376685E+000
  0.23376127E+000
  0.23375619E+000
  0.23375158E+000
  0.23374741E+000
  0.23374366E+000
  0.23374029E+000
  0.23373727E+000
  0.23373458E+000
  0.23373220E+000
  0.23373009E+000
  0.23372824E+000
  0.23372662E+000
  0.23372521E+000
  0.23372399E+000
  0.23372294E+000
  0.23372204E+000
  0.23372129E+000
  0.23372066E+000
  0.23372014E+000
  0.23371973E+000
  0.23371940E+000
  0.23371915E+000
  0.23371896E+000
  0.23371884E+000
  0.23371878E+000
  0.23371876E+000
  0.23371878E+000
  0.23371883E+000
  0.23371892E+000
  0.23371903E+000
  0.23371916E+000
  0.23371931E+000
  0.23371948E+000
  0.23371966E+000
  0.23371985E+000
  0.23372005E+000
  0.23372025E+000
  0.23372045E+000
  0.23372066E+000
  0.23372087E+000
  0.23372108E+000
  0.23372128E+000
  0.23372148E+000
  0.23372168E+000
  0.23372187E+000
  0.23372205E+000
  0.23372223E+000
  0.23372240E+000
  0.23372257E+000
  0.23372272E+000
  0.23372287E+000
  0.23372301E+000
  0.23372314E+000
  0.23372326E+000
  0.23372337E+000
  0.23372347E+000
  0.23372357E+000
  0.23372365E+000
  0.23372373E+000
  0.23372380E+000
  0.23372386E+000
  0.23372391E+000
  0.23372395E+000
  0.23372399E+000
  0.23372401E+000
  0.23372403E+000
  0.23372405E+000
  0.23372406E+000
  0.23372406E+000
  0.23372405E+000
  0.23372404E+000
  0.23372403E+000
  0.23372401E+000
  0.23372399E+000
  0.23372396E+000
  0.23372393E+000
  0.23372389E+000
  0.23372386E+000
  0.23372382E+000
  0.23372377E+000
  0.23372373E+000
  0.23372368E+000
  0.23372363E+000
  0.23372358E+000
  0.23372352E+000
  0.23372346E+000
  0.23372340E+000
  0.23372333E+000
  0.23372326E+000
  0.23372317E+000
  0.23372307E+000
  0.23372295E+000
  0.23372279E+000
  0.23372259E+000
  0.23372229E+000
  0.23372171E+000
