  0.37555754E+000
  0.37554250E+000
  0.37553100E+000
  0.37552222E+000
  0.37551564E+000
  0.37551085E+000
  0.37550749E+000
  0.37550530E+000
  0.37550403E+000
  0.37550351E+000
  0.37550357E+000
  0.37550410E+000
  0.37550498E+000
  0.37550613E+000
  0.37550749E+000
  0.37550900E+000
  0.37551061E+000
  0.37551228E+000
  0.37551399E+000
  0.37551571E+000
  0.37551742E+000
  0.37551910E+000
  0.37552075E+000
  0.37552234E+000
  0.37552388E+000
  0.37552536E+000
  0.37552676E+000
  0.37552808E+000
  0.37552933E+000
  0.37553049E+000
  0.37553157E+000
  0.37553255E+000
  0.37553344E+000
  0.37553424E+000
  0.37553494E+000
  0.37553554E+000
  0.37553604E+000
  0.37553643E+000
  0.37553673E+000
  0.37553691E+000
  0.37553699E+000
  0.37553696E+000
  0.37553682E+000
  0.37553656E+000
  0.37553619E+000
  0.37553571E+000
  0.37553511E+000
  0.37553440E+000
  0.37553357E+000
  0.37553262E+000
  0.37553157E+000
  0.37553039E+000
  0.37552911E+000
  0.37552772E+000
  0.37552623E+000
  0.37552464E+000
  0.37552296E+000
  0.37552119E+000
  0.37551934E+000
  0.37551743E+000
  0.37551545E+000
  0.37551342E+000
  0.37551136E+000
  0.37550926E+000
  0.37550715E+000
  0.37550504E+000
  0.37550293E+000
  0.37550085E+000
  0.37549881E+000
  0.37549682E+000
  0.37549489E+000
  0.37549303E+000
  0.37549127E+000
  0.37548961E+000
  0.37548806E+000
  0.37548664E+000
  0.37548535E+000
  0.37548420E+000
  0.37548321E+000
  0.37548237E+000
  0.37548170E+000
  0.37548119E+000
  0.37548086E+000
  0.37548070E+000
  0.37548071E+000
  0.37548089E+000
  0.37548124E+000
  0.37548175E+000
  0.37548243E+000
  0.37548326E+000
  0.37548424E+000
  0.37548536E+000
  0.37548662E+000
  0.37548799E+000
  0.37548948E+000
  0.37549107E+000
  0.37549276E+000
  0.37549452E+000
  0.37549636E+000
  0.37549825E+000
  0.37550020E+000
  0.37550218E+000
  0.37550418E+000
  0.37550621E+000
  0.37550824E+000
  0.37551027E+000
  0.37551229E+000
  0.37551429E+000
  0.37551627E+000
  0.37551821E+000
  0.37552011E+000
  0.37552197E+000
  0.37552378E+000
  0.37552554E+000
  0.37552724E+000
  0.37552889E+000
  0.37553047E+000
  0.37553198E+000
  0.37553344E+000
  0.37553482E+000
  0.37553615E+000
  0.37553740E+000
  0.37553860E+000
  0.37553973E+000
  0.37554079E+000
  0.37554180E+000
  0.37554274E+000
  0.37554363E+000
  0.37554446E+000
  0.37554524E+000
  0.37554597E+000
  0.37554665E+000
  0.37554728E+000
  0.37554786E+000
  0.37554841E+000
  0.37554891E+000
  0.37554938E+000
  0.37554981E+000
  0.37555021E+000
  0.37555058E+000
  0.37555092E+000
  0.37555123E+000
  0.37555152E+000
  0.37555178E+000
  0.37555203E+000
  0.37555225E+000
  0.37555246E+000
  0.37555265E+000
  0.37555283E+000
  0.37555299E+000
  0.37555314E+000
  0.37555329E+000
  0.37555342E+000
  0.37555354E+000
  0.37555366E+000
  0.37555377E+000
  0.37555387E+000
  0.37555397E+000
  0.37555406E+000
  0.37555416E+000
  0.37555424E+000
  0.37555433E+000
  0.37555441E+000
  0.37555449E+000
  0.37555457E+000
  0.37555465E+000
  0.37555473E+000
  0.37555481E+000
  0.37555489E+000
  0.37555496E+000
  0.37555504E+000
  0.37555512E+000
  0.37555519E+000
  0.37555527E+000
  0.37555534E+000
  0.37555542E+000
  0.37555550E+000
  0.37555557E+000
  0.37555565E+000
  0.37555572E+000
  0.37555580E+000
  0.37555587E+000
  0.37555594E+000
  0.37555602E+000
  0.37555609E+000
  0.37555616E+000
  0.37555623E+000
  0.37555630E+000
  0.37555637E+000
  0.37555643E+000
  0.37555650E+000
  0.37555657E+000
  0.37555663E+000
  0.37555669E+000
  0.37555676E+000
  0.37555682E+000
  0.37555688E+000
  0.37555694E+000
  0.37555700E+000
  0.37555706E+000
