  0.52114316E-006
  0.52111400E-006
  0.52108499E-006
  0.52106363E-006
  0.52104934E-006
  0.52104073E-006
  0.52103658E-006
  0.52103593E-006
  0.52103798E-006
  0.52104210E-006
  0.52104777E-006
  0.52105456E-006
  0.52106212E-006
  0.52107018E-006
  0.52107847E-006
  0.52108681E-006
  0.52109504E-006
  0.52110302E-006
  0.52111064E-006
  0.52111782E-006
  0.52112449E-006
  0.52113061E-006
  0.52113614E-006
  0.52114106E-006
  0.52114536E-006
  0.52114906E-006
  0.52115215E-006
  0.52115467E-006
  0.52115665E-006
  0.52115811E-006
  0.52115911E-006
  0.52115968E-006
  0.52115987E-006
  0.52115973E-006
  0.52115931E-006
  0.52115867E-006
  0.52115785E-006
  0.52115688E-006
  0.52115583E-006
  0.52115471E-006
  0.52115356E-006
  0.52115240E-006
  0.52115124E-006
  0.52115010E-006
  0.52114897E-006
  0.52114786E-006
  0.52114675E-006
  0.52114562E-006
  0.52114447E-006
  0.52114327E-006
  0.52114199E-006
  0.52114063E-006
  0.52113915E-006
  0.52113755E-006
  0.52113581E-006
  0.52113392E-006
  0.52113187E-006
  0.52112966E-006
  0.52112728E-006
  0.52112475E-006
  0.52112206E-006
  0.52111923E-006
  0.52111627E-006
  0.52111319E-006
  0.52111000E-006
  0.52110673E-006
  0.52110340E-006
  0.52110002E-006
  0.52109662E-006
  0.52109321E-006
  0.52108983E-006
  0.52108649E-006
  0.52108321E-006
  0.52108003E-006
  0.52107695E-006
  0.52107401E-006
  0.52107121E-006
  0.52106859E-006
  0.52106615E-006
  0.52106391E-006
  0.52106189E-006
  0.52106009E-006
  0.52105854E-006
  0.52105722E-006
  0.52105616E-006
  0.52105535E-006
  0.52105479E-006
  0.52105449E-006
  0.52105443E-006
  0.52105462E-006
  0.52105505E-006
  0.52105571E-006
  0.52105659E-006
  0.52105768E-006
  0.52105897E-006
  0.52106043E-006
  0.52106207E-006
  0.52106386E-006
  0.52106578E-006
  0.52106783E-006
  0.52106998E-006
  0.52107222E-006
  0.52107453E-006
  0.52107691E-006
  0.52107932E-006
  0.52108177E-006
  0.52108423E-006
  0.52108669E-006
  0.52108914E-006
  0.52109158E-006
  0.52109398E-006
  0.52109634E-006
  0.52109865E-006
  0.52110091E-006
  0.52110311E-006
  0.52110524E-006
  0.52110730E-006
  0.52110929E-006
  0.52111120E-006
  0.52111303E-006
  0.52111477E-006
  0.52111644E-006
  0.52111802E-006
  0.52111952E-006
  0.52112095E-006
  0.52112229E-006
  0.52112355E-006
  0.52112474E-006
  0.52112586E-006
  0.52112691E-006
  0.52112789E-006
  0.52112880E-006
  0.52112965E-006
  0.52113044E-006
  0.52113118E-006
  0.52113186E-006
  0.52113249E-006
  0.52113307E-006
  0.52113361E-006
  0.52113411E-006
  0.52113457E-006
  0.52113500E-006
  0.52113539E-006
  0.52113574E-006
  0.52113608E-006
  0.52113638E-006
  0.52113666E-006
  0.52113692E-006
  0.52113716E-006
  0.52113738E-006
  0.52113758E-006
  0.52113777E-006
  0.52113795E-006
  0.52113811E-006
  0.52113827E-006
  0.52113841E-006
  0.52113855E-006
  0.52113868E-006
  0.52113880E-006
  0.52113892E-006
  0.52113904E-006
  0.52113915E-006
  0.52113925E-006
  0.52113936E-006
  0.52113946E-006
  0.52113956E-006
  0.52113966E-006
  0.52113976E-006
  0.52113985E-006
  0.52113995E-006
  0.52114004E-006
  0.52114014E-006
  0.52114023E-006
  0.52114033E-006
  0.52114042E-006
  0.52114052E-006
  0.52114061E-006
  0.52114070E-006
  0.52114080E-006
  0.52114089E-006
  0.52114098E-006
  0.52114107E-006
  0.52114116E-006
  0.52114125E-006
  0.52114134E-006
  0.52114143E-006
  0.52114152E-006
  0.52114160E-006
  0.52114169E-006
  0.52114177E-006
  0.52114185E-006
  0.52114193E-006
  0.52114201E-006
  0.52114209E-006
  0.52114217E-006
  0.52114224E-006
  0.52114231E-006
  0.52114239E-006
  0.52114246E-006
  0.52114254E-006
