  0.52304222E+000
  0.53156418E+000
  0.53138359E+000
  0.53045935E+000
  0.52957128E+000
  0.52880051E+000
  0.52814325E+000
  0.52758808E+000
  0.52711753E+000
  0.52671836E+000
  0.52637977E+000
  0.52609257E+000
  0.52584986E+000
  0.52564843E+000
  0.52547792E+000
  0.52533344E+000
  0.52521101E+000
  0.52510725E+000
  0.52501927E+000
  0.52494463E+000
  0.52488123E+000
  0.52482727E+000
  0.52478124E+000
  0.52474180E+000
  0.52470784E+000
  0.52467838E+000
  0.52465260E+000
  0.52462977E+000
  0.52460929E+000
  0.52459062E+000
  0.52457331E+000
  0.52455696E+000
  0.52454123E+000
  0.52452584E+000
  0.52451053E+000
  0.52449512E+000
  0.52447942E+000
  0.52446330E+000
  0.52444664E+000
  0.52442938E+000
  0.52441140E+000
  0.52439266E+000
  0.52437318E+000
  0.52435300E+000
  0.52433209E+000
  0.52431044E+000
  0.52428808E+000
  0.52426503E+000
  0.52424132E+000
  0.52421698E+000
  0.52419205E+000
  0.52416655E+000
  0.52414052E+000
  0.52411400E+000
  0.52408701E+000
  0.52405959E+000
  0.52403176E+000
  0.52400357E+000
  0.52397505E+000
  0.52394623E+000
  0.52391715E+000
  0.52388786E+000
  0.52385839E+000
  0.52382880E+000
  0.52379914E+000
  0.52376944E+000
  0.52373978E+000
  0.52371019E+000
  0.52368075E+000
  0.52365149E+000
  0.52362248E+000
  0.52359377E+000
  0.52356542E+000
  0.52353748E+000
  0.52351001E+000
  0.52348305E+000
  0.52345666E+000
  0.52343089E+000
  0.52340577E+000
  0.52338136E+000
  0.52335769E+000
  0.52333480E+000
  0.52331272E+000
  0.52329147E+000
  0.52327109E+000
  0.52325159E+000
  0.52323299E+000
  0.52321531E+000
  0.52319854E+000
  0.52318270E+000
  0.52316777E+000
  0.52315375E+000
  0.52314064E+000
  0.52312841E+000
  0.52311706E+000
  0.52310656E+000
  0.52309688E+000
  0.52308800E+000
  0.52307988E+000
  0.52307250E+000
  0.52306582E+000
  0.52305981E+000
  0.52305442E+000
  0.52304963E+000
  0.52304539E+000
  0.52304167E+000
  0.52303843E+000
  0.52303563E+000
  0.52303323E+000
  0.52303121E+000
  0.52302953E+000
  0.52302815E+000
  0.52302706E+000
  0.52302620E+000
  0.52302557E+000
  0.52302513E+000
  0.52302486E+000
  0.52302474E+000
  0.52302476E+000
  0.52302488E+000
  0.52302509E+000
  0.52302539E+000
  0.52302575E+000
  0.52302617E+000
  0.52302663E+000
  0.52302712E+000
  0.52302764E+000
  0.52302818E+000
  0.52302874E+000
  0.52302930E+000
  0.52302986E+000
  0.52303042E+000
  0.52303098E+000
  0.52303153E+000
  0.52303207E+000
  0.52303260E+000
  0.52303312E+000
  0.52303362E+000
  0.52303411E+000
  0.52303459E+000
  0.52303504E+000
  0.52303548E+000
  0.52303591E+000
  0.52303632E+000
  0.52303671E+000
  0.52303708E+000
  0.52303743E+000
  0.52303777E+000
  0.52303810E+000
  0.52303841E+000
  0.52303870E+000
  0.52303897E+000
  0.52303924E+000
  0.52303948E+000
  0.52303972E+000
  0.52303994E+000
  0.52304014E+000
  0.52304033E+000
  0.52304051E+000
  0.52304068E+000
  0.52304084E+000
  0.52304099E+000
  0.52304112E+000
  0.52304125E+000
  0.52304136E+000
  0.52304147E+000
  0.52304157E+000
  0.52304166E+000
  0.52304174E+000
  0.52304181E+000
  0.52304188E+000
  0.52304194E+000
  0.52304200E+000
  0.52304205E+000
  0.52304209E+000
  0.52304213E+000
  0.52304216E+000
  0.52304219E+000
  0.52304221E+000
  0.52304223E+000
  0.52304225E+000
  0.52304226E+000
  0.52304227E+000
  0.52304228E+000
  0.52304228E+000
  0.52304228E+000
  0.52304228E+000
  0.52304228E+000
  0.52304227E+000
  0.52304226E+000
  0.52304224E+000
  0.52304222E+000
  0.52304218E+000
  0.52304214E+000
  0.52304208E+000
  0.52304200E+000
  0.52304188E+000
  0.52304172E+000
  0.52304146E+000
  0.52304093E+000
