  0.82261485E+000
  0.82261881E+000
  0.82262108E+000
  0.82262290E+000
  0.82262442E+000
  0.82262571E+000
  0.82262686E+000
  0.82262787E+000
  0.82262879E+000
  0.82262962E+000
  0.82263038E+000
  0.82263108E+000
  0.82263172E+000
  0.82263233E+000
  0.82263290E+000
  0.82263344E+000
  0.82263395E+000
  0.82263444E+000
  0.82263491E+000
  0.82263536E+000
  0.82263580E+000
  0.82263623E+000
  0.82263665E+000
  0.82263705E+000
  0.82263745E+000
  0.82263785E+000
  0.82263823E+000
  0.82263862E+000
  0.82263900E+000
  0.82263937E+000
  0.82263974E+000
  0.82264011E+000
  0.82264047E+000
  0.82264083E+000
  0.82264119E+000
  0.82264154E+000
  0.82264188E+000
  0.82264222E+000
  0.82264256E+000
  0.82264289E+000
  0.82264320E+000
  0.82264351E+000
  0.82264381E+000
  0.82264410E+000
  0.82264438E+000
  0.82264464E+000
  0.82264488E+000
  0.82264511E+000
  0.82264532E+000
  0.82264552E+000
  0.82264569E+000
  0.82264584E+000
  0.82264597E+000
  0.82264607E+000
  0.82264615E+000
  0.82264621E+000
  0.82264624E+000
  0.82264624E+000
  0.82264621E+000
  0.82264616E+000
  0.82264608E+000
  0.82264597E+000
  0.82264584E+000
  0.82264568E+000
  0.82264549E+000
  0.82264527E+000
  0.82264503E+000
  0.82264477E+000
  0.82264448E+000
  0.82264418E+000
  0.82264385E+000
  0.82264350E+000
  0.82264314E+000
  0.82264276E+000
  0.82264237E+000
  0.82264197E+000
  0.82264156E+000
  0.82264114E+000
  0.82264072E+000
  0.82264030E+000
  0.82263987E+000
  0.82263945E+000
  0.82263903E+000
  0.82263861E+000
  0.82263820E+000
  0.82263781E+000
  0.82263742E+000
  0.82263704E+000
  0.82263668E+000
  0.82263634E+000
  0.82263600E+000
  0.82263569E+000
  0.82263539E+000
  0.82263511E+000
  0.82263485E+000
  0.82263461E+000
  0.82263439E+000
  0.82263419E+000
  0.82263400E+000
  0.82263383E+000
  0.82263369E+000
  0.82263355E+000
  0.82263344E+000
  0.82263334E+000
  0.82263326E+000
  0.82263319E+000
  0.82263314E+000
  0.82263309E+000
  0.82263306E+000
  0.82263304E+000
  0.82263303E+000
  0.82263303E+000
  0.82263303E+000
  0.82263304E+000
  0.82263306E+000
  0.82263308E+000
  0.82263310E+000
  0.82263313E+000
  0.82263315E+000
  0.82263318E+000
  0.82263320E+000
  0.82263322E+000
  0.82263324E+000
  0.82263325E+000
  0.82263326E+000
  0.82263327E+000
  0.82263327E+000
  0.82263326E+000
  0.82263325E+000
  0.82263323E+000
  0.82263320E+000
  0.82263317E+000
  0.82263312E+000
  0.82263307E+000
  0.82263301E+000
  0.82263294E+000
  0.82263286E+000
  0.82263277E+000
  0.82263267E+000
  0.82263256E+000
  0.82263245E+000
  0.82263232E+000
  0.82263219E+000
  0.82263205E+000
  0.82263190E+000
  0.82263174E+000
  0.82263157E+000
  0.82263140E+000
  0.82263121E+000
  0.82263103E+000
  0.82263083E+000
  0.82263063E+000
  0.82263042E+000
  0.82263021E+000
  0.82263000E+000
  0.82262977E+000
  0.82262955E+000
  0.82262932E+000
  0.82262909E+000
  0.82262885E+000
  0.82262861E+000
  0.82262837E+000
  0.82262813E+000
  0.82262788E+000
  0.82262764E+000
  0.82262739E+000
  0.82262714E+000
  0.82262690E+000
  0.82262665E+000
  0.82262641E+000
  0.82262616E+000
  0.82262592E+000
  0.82262567E+000
  0.82262543E+000
  0.82262519E+000
  0.82262496E+000
  0.82262472E+000
  0.82262449E+000
  0.82262426E+000
  0.82262403E+000
  0.82262380E+000
  0.82262358E+000
  0.82262336E+000
  0.82262315E+000
  0.82262294E+000
  0.82262273E+000
  0.82262252E+000
  0.82262232E+000
  0.82262212E+000
  0.82262193E+000
  0.82262174E+000
  0.82262155E+000
  0.82262137E+000
  0.82262119E+000
  0.82262101E+000
  0.82262084E+000
  0.82262067E+000
  0.82262050E+000
  0.82262034E+000
  0.82262019E+000
