  0.35429084E+000
  0.35428321E+000
  0.35429469E+000
  0.35431038E+000
  0.35432557E+000
  0.35433488E+000
  0.35434440E+000
  0.35435214E+000
  0.35435713E+000
  0.35436296E+000
  0.35436436E+000
  0.35436641E+000
  0.35436937E+000
  0.35436764E+000
  0.35437083E+000
  0.35436934E+000
  0.35436771E+000
  0.35436629E+000
  0.35436513E+000
  0.35436444E+000
  0.35436307E+000
  0.35436115E+000
  0.35435902E+000
  0.35435706E+000
  0.35435522E+000
  0.35435301E+000
  0.35435058E+000
  0.35434800E+000
  0.35434563E+000
  0.35434342E+000
  0.35434081E+000
  0.35433779E+000
  0.35433514E+000
  0.35433250E+000
  0.35432959E+000
  0.35432650E+000
  0.35432413E+000
  0.35432182E+000
  0.35431916E+000
  0.35431641E+000
  0.35431225E+000
  0.35430897E+000
  0.35430753E+000
  0.35430455E+000
  0.35430266E+000
  0.35430015E+000
  0.35429728E+000
  0.35429333E+000
  0.35429075E+000
  0.35428974E+000
  0.35428291E+000
  0.35427996E+000
  0.35427710E+000
  0.35427448E+000
  0.35427175E+000
  0.35426913E+000
  0.35426840E+000
  0.35426576E+000
  0.35426362E+000
  0.35426184E+000
  0.35426009E+000
  0.35425817E+000
  0.35425393E+000
  0.35425194E+000
  0.35425030E+000
  0.35424916E+000
  0.35424754E+000
  0.35424669E+000
  0.35424582E+000
  0.35424425E+000
  0.35424336E+000
  0.35424254E+000
  0.35424165E+000
  0.35424093E+000
  0.35424037E+000
  0.35424074E+000
  0.35424067E+000
  0.35424042E+000
  0.35423990E+000
  0.35423951E+000
  0.35423928E+000
  0.35423929E+000
  0.35423882E+000
  0.35423870E+000
  0.35423867E+000
  0.35423876E+000
  0.35423898E+000
  0.35423886E+000
  0.35423882E+000
  0.35423870E+000
  0.35423868E+000
  0.35423849E+000
  0.35423838E+000
  0.35423846E+000
  0.35423852E+000
  0.35423841E+000
  0.35423835E+000
  0.35423825E+000
  0.35423825E+000
  0.35423807E+000
  0.35423787E+000
  0.35423773E+000
  0.35423751E+000
  0.35423726E+000
  0.35423692E+000
  0.35423658E+000
  0.35423637E+000
  0.35423618E+000
  0.35423576E+000
  0.35423534E+000
  0.35423487E+000
  0.35423444E+000
  0.35423397E+000
  0.35423348E+000
  0.35423298E+000
  0.35423251E+000
  0.35423200E+000
  0.35423147E+000
  0.35423094E+000
  0.35423039E+000
  0.35422983E+000
  0.35422927E+000
  0.35422869E+000
  0.35422811E+000
  0.35422753E+000
  0.35422692E+000
  0.35422632E+000
  0.35422572E+000
  0.35422510E+000
  0.35422448E+000
  0.35422385E+000
  0.35422323E+000
  0.35422255E+000
  0.35422191E+000
  0.35422126E+000
  0.35422062E+000
  0.35421996E+000
  0.35421930E+000
  0.35421863E+000
  0.35421796E+000
  0.35421729E+000
  0.35421661E+000
  0.35421593E+000
  0.35421523E+000
  0.35421454E+000
  0.35421385E+000
  0.35421316E+000
  0.35421246E+000
  0.35421176E+000
  0.35421107E+000
  0.35421036E+000
  0.35420966E+000
  0.35420896E+000
  0.35420826E+000
  0.35420756E+000
  0.35420685E+000
  0.35420615E+000
  0.35420545E+000
  0.35420475E+000
  0.35420406E+000
  0.35420336E+000
  0.35420267E+000
  0.35420197E+000
  0.35420129E+000
  0.35420061E+000
  0.35419993E+000
  0.35419926E+000
  0.35419860E+000
  0.35419794E+000
  0.35419728E+000
  0.35419663E+000
  0.35419599E+000
  0.35419537E+000
  0.35419474E+000
  0.35419412E+000
  0.35419350E+000
  0.35419290E+000
  0.35419230E+000
  0.35419171E+000
  0.35419113E+000
  0.35419056E+000
  0.35419000E+000
  0.35418944E+000
  0.35418889E+000
  0.35418836E+000
  0.35418783E+000
  0.35418731E+000
  0.35418680E+000
  0.35418630E+000
  0.35418582E+000
  0.35418533E+000
  0.35418486E+000
  0.35418440E+000
  0.35418395E+000
  0.35418351E+000
  0.35418308E+000
  0.35418265E+000
  0.35418223E+000
  0.35418184E+000
  0.35418147E+000
