  0.43362262E+000
  0.43275474E+000
  0.43239460E+000
  0.43208590E+000
  0.43184385E+000
  0.43164126E+000
  0.43147767E+000
  0.43133727E+000
  0.43122207E+000
  0.43112331E+000
  0.43104283E+000
  0.43097171E+000
  0.43091534E+000
  0.43086821E+000
  0.43082395E+000
  0.43079213E+000
  0.43076133E+000
  0.43073923E+000
  0.43071916E+000
  0.43069968E+000
  0.43068667E+000
  0.43067304E+000
  0.43066406E+000
  0.43065706E+000
  0.43064793E+000
  0.43064488E+000
  0.43064201E+000
  0.43063763E+000
  0.43063351E+000
  0.43063131E+000
  0.43062966E+000
  0.43062876E+000
  0.43062797E+000
  0.43062742E+000
  0.43062716E+000
  0.43062672E+000
  0.43062731E+000
  0.43062720E+000
  0.43062874E+000
  0.43062963E+000
  0.43062922E+000
  0.43062973E+000
  0.43063170E+000
  0.43063156E+000
  0.43063311E+000
  0.43063250E+000
  0.43063533E+000
  0.43063576E+000
  0.43063641E+000
  0.43063677E+000
  0.43063883E+000
  0.43063943E+000
  0.43063970E+000
  0.43064220E+000
  0.43064265E+000
  0.43064453E+000
  0.43064446E+000
  0.43064522E+000
  0.43064602E+000
  0.43064770E+000
  0.43064670E+000
  0.43064705E+000
  0.43064958E+000
  0.43065065E+000
  0.43065180E+000
  0.43065173E+000
  0.43065401E+000
  0.43065681E+000
  0.43065608E+000
  0.43065643E+000
  0.43065859E+000
  0.43065983E+000
  0.43065847E+000
  0.43066160E+000
  0.43066163E+000
  0.43066262E+000
  0.43066282E+000
  0.43066415E+000
  0.43066488E+000
  0.43066383E+000
  0.43066491E+000
  0.43066454E+000
  0.43066545E+000
  0.43066610E+000
  0.43066623E+000
  0.43066707E+000
  0.43066584E+000
  0.43066534E+000
  0.43066530E+000
  0.43066782E+000
  0.43066766E+000
  0.43066728E+000
  0.43066693E+000
  0.43066664E+000
  0.43066640E+000
  0.43066612E+000
  0.43066572E+000
  0.43066563E+000
  0.43066567E+000
  0.43066520E+000
  0.43066480E+000
  0.43066414E+000
  0.43066384E+000
  0.43066295E+000
  0.43066232E+000
  0.43066183E+000
  0.43066145E+000
  0.43066129E+000
  0.43066076E+000
  0.43066028E+000
  0.43065971E+000
  0.43065951E+000
  0.43065898E+000
  0.43065847E+000
  0.43065887E+000
  0.43065838E+000
  0.43065783E+000
  0.43065729E+000
  0.43065674E+000
  0.43065615E+000
  0.43065558E+000
  0.43065501E+000
  0.43065442E+000
  0.43065383E+000
  0.43065323E+000
  0.43065262E+000
  0.43065202E+000
  0.43065144E+000
  0.43065082E+000
  0.43065019E+000
  0.43064956E+000
  0.43064892E+000
  0.43064828E+000
  0.43064762E+000
  0.43064697E+000
  0.43064631E+000
  0.43064565E+000
  0.43064495E+000
  0.43064429E+000
  0.43064361E+000
  0.43064292E+000
  0.43064224E+000
  0.43064068E+000
  0.43063999E+000
  0.43063928E+000
  0.43063860E+000
  0.43063790E+000
  0.43063721E+000
  0.43063651E+000
  0.43063581E+000
  0.43063512E+000
  0.43063442E+000
  0.43063373E+000
  0.43063304E+000
  0.43063234E+000
  0.43063165E+000
  0.43063096E+000
  0.43063027E+000
  0.43062959E+000
  0.43062890E+000
  0.43062823E+000
  0.43062755E+000
  0.43062689E+000
  0.43062622E+000
  0.43062555E+000
  0.43062490E+000
  0.43062425E+000
  0.43062360E+000
  0.43062296E+000
  0.43062233E+000
  0.43062171E+000
  0.43062109E+000
  0.43062048E+000
  0.43061987E+000
  0.43061927E+000
  0.43061868E+000
  0.43061810E+000
  0.43061753E+000
  0.43061697E+000
  0.43061641E+000
  0.43061587E+000
  0.43061534E+000
  0.43061481E+000
  0.43061429E+000
  0.43061378E+000
  0.43061328E+000
  0.43061279E+000
  0.43061231E+000
  0.43061184E+000
  0.43061138E+000
  0.43061093E+000
  0.43061048E+000
  0.43061005E+000
  0.43060963E+000
  0.43060922E+000
  0.43060882E+000
  0.43060843E+000
  0.43060805E+000
  0.43060770E+000
  0.43060823E+000
