  0.91291450E+000
  0.91293912E+000
  0.91295887E+000
  0.91297506E+000
  0.91298847E+000
  0.91299961E+000
  0.91300887E+000
  0.91301656E+000
  0.91302294E+000
  0.91302823E+000
  0.91303260E+000
  0.91303619E+000
  0.91303914E+000
  0.91304154E+000
  0.91304348E+000
  0.91304503E+000
  0.91304624E+000
  0.91304718E+000
  0.91304787E+000
  0.91304836E+000
  0.91304867E+000
  0.91304881E+000
  0.91304882E+000
  0.91304871E+000
  0.91304849E+000
  0.91304817E+000
  0.91304776E+000
  0.91304727E+000
  0.91304670E+000
  0.91304607E+000
  0.91304536E+000
  0.91304460E+000
  0.91304377E+000
  0.91304288E+000
  0.91304195E+000
  0.91304096E+000
  0.91303991E+000
  0.91303882E+000
  0.91303768E+000
  0.91303650E+000
  0.91303527E+000
  0.91303400E+000
  0.91303268E+000
  0.91303132E+000
  0.91302993E+000
  0.91302848E+000
  0.91302700E+000
  0.91302548E+000
  0.91302391E+000
  0.91302231E+000
  0.91302066E+000
  0.91301896E+000
  0.91301722E+000
  0.91301544E+000
  0.91301361E+000
  0.91301173E+000
  0.91300981E+000
  0.91300784E+000
  0.91300584E+000
  0.91300379E+000
  0.91300170E+000
  0.91299957E+000
  0.91299741E+000
  0.91299523E+000
  0.91299301E+000
  0.91299078E+000
  0.91298853E+000
  0.91298626E+000
  0.91298399E+000
  0.91298172E+000
  0.91297945E+000
  0.91297719E+000
  0.91297495E+000
  0.91297272E+000
  0.91297052E+000
  0.91296835E+000
  0.91296622E+000
  0.91296413E+000
  0.91296208E+000
  0.91296008E+000
  0.91295814E+000
  0.91295625E+000
  0.91295442E+000
  0.91295266E+000
  0.91295096E+000
  0.91294934E+000
  0.91294778E+000
  0.91294630E+000
  0.91294489E+000
  0.91294355E+000
  0.91294229E+000
  0.91294111E+000
  0.91294000E+000
  0.91293896E+000
  0.91293800E+000
  0.91293710E+000
  0.91293628E+000
  0.91293552E+000
  0.91293483E+000
  0.91293421E+000
  0.91293364E+000
  0.91293313E+000
  0.91293267E+000
  0.91293226E+000
  0.91293191E+000
  0.91293159E+000
  0.91293132E+000
  0.91293109E+000
  0.91293089E+000
  0.91293073E+000
  0.91293060E+000
  0.91293049E+000
  0.91293040E+000
  0.91293034E+000
  0.91293029E+000
  0.91293026E+000
  0.91293025E+000
  0.91293024E+000
  0.91293025E+000
  0.91293026E+000
  0.91293027E+000
  0.91293029E+000
  0.91293031E+000
  0.91293034E+000
  0.91293036E+000
  0.91293038E+000
  0.91293039E+000
  0.91293040E+000
  0.91293041E+000
  0.91293041E+000
  0.91293041E+000
  0.91293040E+000
  0.91293038E+000
  0.91293035E+000
  0.91293032E+000
  0.91293027E+000
  0.91293022E+000
  0.91293016E+000
  0.91293009E+000
  0.91293001E+000
  0.91292992E+000
  0.91292983E+000
  0.91292972E+000
  0.91292961E+000
  0.91292949E+000
  0.91292936E+000
  0.91292922E+000
  0.91292908E+000
  0.91292893E+000
  0.91292877E+000
  0.91292861E+000
  0.91292844E+000
  0.91292826E+000
  0.91292808E+000
  0.91292789E+000
  0.91292770E+000
  0.91292750E+000
  0.91292730E+000
  0.91292710E+000
  0.91292689E+000
  0.91292668E+000
  0.91292647E+000
  0.91292626E+000
  0.91292604E+000
  0.91292583E+000
  0.91292561E+000
  0.91292539E+000
  0.91292518E+000
  0.91292496E+000
  0.91292474E+000
  0.91292452E+000
  0.91292431E+000
  0.91292409E+000
  0.91292388E+000
  0.91292366E+000
  0.91292345E+000
  0.91292324E+000
  0.91292304E+000
  0.91292283E+000
  0.91292263E+000
  0.91292243E+000
  0.91292223E+000
  0.91292204E+000
  0.91292185E+000
  0.91292166E+000
  0.91292147E+000
  0.91292129E+000
  0.91292111E+000
  0.91292093E+000
  0.91292076E+000
  0.91292059E+000
  0.91292042E+000
  0.91292026E+000
  0.91292010E+000
  0.91291994E+000
  0.91291978E+000
  0.91291962E+000
  0.91291947E+000
  0.91291931E+000
  0.91291916E+000
