  0.19204097E+000  0.21832088E+000  0.35484088E+000  0.51607058E+000  0.85887208E+000  0.97803494E+000  0.13417895E+001  0.24954707E+001  0.41038023E+001  0.59548774E+001  0.94639195E+001
  0.19205641E+000  0.21821239E+000  0.35416443E+000  0.51612234E+000  0.85881832E+000  0.97804155E+000  0.13416338E+001  0.24903747E+001  0.41042725E+001  0.59129897E+001  0.93961742E+001
  0.19205815E+000  0.21820843E+000  0.35386556E+000  0.51641442E+000  0.85883671E+000  0.97792184E+000  0.13389493E+001  0.24882086E+001  0.41041409E+001  0.58965537E+001  0.93684262E+001
  0.19205757E+000  0.21813529E+000  0.35370629E+000  0.51666090E+000  0.85888149E+000  0.97800668E+000  0.13364270E+001  0.24864447E+001  0.41062765E+001  0.58820738E+001  0.93448311E+001
  0.19205871E+000  0.21809027E+000  0.35350872E+000  0.51666268E+000  0.85873413E+000  0.97799554E+000  0.13349412E+001  0.24850236E+001  0.41075026E+001  0.58707978E+001  0.93262216E+001
  0.19205997E+000  0.21805691E+000  0.35338791E+000  0.51651639E+000  0.85888258E+000  0.97800436E+000  0.13357218E+001  0.24837739E+001  0.41077707E+001  0.58615614E+001  0.93110857E+001
  0.19206124E+000  0.21802277E+000  0.35327771E+000  0.51642201E+000  0.85887096E+000  0.97800051E+000  0.13342663E+001  0.24829524E+001  0.41091862E+001  0.58538780E+001  0.92985933E+001
  0.19206245E+000  0.21802410E+000  0.35318089E+000  0.51631746E+000  0.85887649E+000  0.97801655E+000  0.13332416E+001  0.24820128E+001  0.41092081E+001  0.58476477E+001  0.92882264E+001
  0.19206359E+000  0.21797879E+000  0.35309882E+000  0.51623456E+000  0.85886027E+000  0.97780758E+000  0.13322249E+001  0.24814626E+001  0.41099035E+001  0.58423496E+001  0.92796015E+001
  0.19206465E+000  0.21795851E+000  0.35303758E+000  0.51617528E+000  0.85885697E+000  0.97788049E+000  0.13314545E+001  0.24808572E+001  0.41095642E+001  0.58379823E+001  0.92777179E+001
  0.19206564E+000  0.21793653E+000  0.35298223E+000  0.51611988E+000  0.85883913E+000  0.97795796E+000  0.13310002E+001  0.24804607E+001  0.41111173E+001  0.58343364E+001  0.92784884E+001
  0.19205804E+000  0.21792090E+000  0.35292406E+000  0.51593945E+000  0.85888110E+000  0.97799807E+000  0.13303036E+001  0.24798378E+001  0.41111210E+001  0.58312927E+001  0.92799249E+001
  0.19206106E+000  0.21790921E+000  0.35289157E+000  0.51579425E+000  0.85882928E+000  0.97796223E+000  0.13300447E+001  0.24796249E+001  0.41111321E+001  0.58287499E+001  0.92793818E+001
  0.19206509E+000  0.21789952E+000  0.35286671E+000  0.51566196E+000  0.85882537E+000  0.97800015E+000  0.13296843E+001  0.24795452E+001  0.41112433E+001  0.58264642E+001  0.92804613E+001
  0.19204335E+000  0.21789156E+000  0.35284112E+000  0.51556977E+000  0.85883607E+000  0.97800778E+000  0.13293259E+001  0.24791689E+001  0.41125668E+001  0.58244203E+001  0.92813305E+001
  0.19204511E+000  0.21787984E+000  0.35282044E+000  0.51548274E+000  0.85886520E+000  0.97799970E+000  0.13290935E+001  0.24789172E+001  0.41124549E+001  0.58230921E+001  0.92818611E+001
  0.19204682E+000  0.21787312E+000  0.35280110E+000  0.51541275E+000  0.85887306E+000  0.97798710E+000  0.13289128E+001  0.24787242E+001  0.41123657E+001  0.58220895E+001  0.92809826E+001
  0.19204850E+000  0.21787099E+000  0.35278784E+000  0.51535155E+000  0.85881501E+000  0.97797915E+000  0.13287233E+001  0.24787970E+001  0.41122988E+001  0.58209165E+001  0.92826758E+001
  0.19205012E+000  0.21786537E+000  0.35277641E+000  0.51530623E+000  0.85884500E+000  0.97797249E+000  0.13285458E+001  0.24783980E+001  0.41124951E+001  0.58202165E+001  0.92830155E+001
  0.19205172E+000  0.21786060E+000  0.35276755E+000  0.51526480E+000  0.85881182E+000  0.97796692E+000  0.13284340E+001  0.24782869E+001  0.41126711E+001  0.58195149E+001  0.92829454E+001
  0.19206600E+000  0.21785770E+000  0.35275879E+000  0.51523492E+000  0.85884048E+000  0.97799899E+000  0.13283777E+001  0.24783338E+001  0.41128299E+001  0.58190076E+001  0.92833631E+001
  0.19205486E+000  0.21785544E+000  0.35275372E+000  0.51519720E+000  0.85888238E+000  0.97795843E+000  0.13282704E+001  0.24784419E+001  0.41129741E+001  0.58186036E+001  0.92787656E+001
  0.19205642E+000  0.21785520E+000  0.35274945E+000  0.51519175E+000  0.85887788E+000  0.97795526E+000  0.13281724E+001  0.24785445E+001  0.41138671E+001  0.58179652E+001  0.92787426E+001
  0.19205798E+000  0.21785363E+000  0.35274651E+000  0.51514802E+000  0.85886224E+000  0.97798407E+000  0.13281450E+001  0.24785407E+001  0.41138833E+001  0.58177764E+001  0.92787519E+001
  0.19205954E+000  0.21785168E+000  0.35274464E+000  0.51515426E+000  0.85888227E+000  0.97800389E+000  0.13281250E+001  0.24785066E+001  0.41139026E+001  0.58176439E+001  0.92787046E+001
  0.19206110E+000  0.21785116E+000  0.35274390E+000  0.51515400E+000  0.85887546E+000  0.97794888E+000  0.13281115E+001  0.24785145E+001  0.41139248E+001  0.58175594E+001  0.92784610E+001
  0.19206268E+000  0.21785243E+000  0.35274328E+000  0.51514970E+000  0.85885506E+000  0.97800976E+000  0.13281033E+001  0.24784919E+001  0.41139494E+001  0.58175147E+001  0.92783017E+001
  0.19206427E+000  0.21785109E+000  0.35274666E+000  0.51512753E+000  0.85885490E+000  0.97796356E+000  0.13280997E+001  0.24784800E+001  0.41139760E+001  0.58170524E+001  0.92788919E+001
  0.19206589E+000  0.21785129E+000  0.35275421E+000  0.51514552E+000  0.85885557E+000  0.97797062E+000  0.13280998E+001  0.24784771E+001  0.41140045E+001  0.58170221E+001  0.92789206E+001
  0.19203765E+000  0.21785167E+000  0.35276600E+000  0.51512205E+000  0.85885695E+000  0.97797729E+000  0.13281030E+001  0.24784815E+001  0.41140346E+001  0.58170196E+001  0.92789639E+001
  0.19202102E+000  0.21785236E+000  0.35277078E+000  0.51512555E+000  0.85887873E+000  0.97798363E+000  0.13281088E+001  0.24784923E+001  0.41140662E+001  0.58170404E+001  0.92790243E+001
  0.19202165E+000  0.21785373E+000  0.35277736E+000  0.51514067E+000  0.85886138E+000  0.97798974E+000  0.13281167E+001  0.24785082E+001  0.41140990E+001  0.58170807E+001  0.92791035E+001
  0.19202227E+000  0.21785374E+000  0.35278654E+000  0.51515734E+000  0.85886425E+000  0.97799566E+000  0.13281264E+001  0.24785284E+001  0.41141330E+001  0.58171368E+001  0.92792023E+001
  0.19204126E+000  0.21785458E+000  0.35279560E+000  0.51514864E+000  0.85886747E+000  0.97800145E+000  0.13281428E+001  0.24785523E+001  0.41141680E+001  0.58172062E+001  0.92793218E+001
  0.19202352E+000  0.21785550E+000  0.35280461E+000  0.51516771E+000  0.85887098E+000  0.97800717E+000  0.13281685E+001  0.24783487E+001  0.41142177E+001  0.58172865E+001  0.92794626E+001
  0.19203456E+000  0.21785649E+000  0.35280844E+000  0.51516632E+000  0.85887473E+000  0.97801286E+000  0.13281629E+001  0.24784080E+001  0.41143006E+001  0.58173756E+001  0.92787912E+001
  0.19205182E+000  0.21785852E+000  0.35281422E+000  0.51516031E+000  0.85887869E+000  0.97797731E+000  0.13281769E+001  0.24784676E+001  0.41143998E+001  0.58174721E+001  0.92727052E+001
  0.19205572E+000  0.21785865E+000  0.35282716E+000  0.51516754E+000  0.85888281E+000  0.97799020E+000  0.13281914E+001  0.24785275E+001  0.41145039E+001  0.58175744E+001  0.92728487E+001
  0.19202611E+000  0.21785978E+000  0.35282452E+000  0.51517503E+000  0.85878444E+000  0.97800372E+000  0.13282064E+001  0.24785882E+001  0.41146093E+001  0.58176816E+001  0.92729965E+001
  0.19202678E+000  0.21786147E+000  0.35283617E+000  0.51518274E+000  0.85883984E+000  0.97794597E+000  0.13282218E+001  0.24786496E+001  0.41147162E+001  0.58178108E+001  0.92731494E+001
  0.19202746E+000  0.21786298E+000  0.35284675E+000  0.51519064E+000  0.85887382E+000  0.97795752E+000  0.13282375E+001  0.24782988E+001  0.41148251E+001  0.58179506E+001  0.92733076E+001
  0.19205046E+000  0.21786345E+000  0.35284159E+000  0.51521092E+000  0.85881519E+000  0.97796934E+000  0.13282534E+001  0.24783620E+001  0.41149361E+001  0.58180931E+001  0.92734714E+001
  0.19202885E+000  0.21786471E+000  0.35285843E+000  0.51520692E+000  0.85883128E+000  0.97798139E+000  0.13282906E+001  0.24784262E+001  0.41150495E+001  0.58182382E+001  0.92736409E+001
  0.19204053E+000  0.21786598E+000  0.35285287E+000  0.51522728E+000  0.85884766E+000  0.97799362E+000  0.13283397E+001  0.24784916E+001  0.41151654E+001  0.58183855E+001  0.92738159E+001
  0.19205349E+000  0.21786727E+000  0.35285850E+000  0.51523565E+000  0.85886436E+000  0.97800602E+000  0.13283536E+001  0.24785582E+001  0.41152840E+001  0.58185349E+001  0.92739963E+001
  0.19206173E+000  0.21786858E+000  0.35286463E+000  0.51523314E+000  0.85888214E+000  0.97800088E+000  0.13283181E+001  0.24786261E+001  0.41154052E+001  0.58186860E+001  0.92741816E+001
  0.19203185E+000  0.21786990E+000  0.35288832E+000  0.51525374E+000  0.85880592E+000  0.97799908E+000  0.13283549E+001  0.24786951E+001  0.41155290E+001  0.58188387E+001  0.92743715E+001
  0.19203263E+000  0.21787200E+000  0.35289883E+000  0.51526353E+000  0.85880598E+000  0.97794634E+000  0.13283941E+001  0.24787654E+001  0.41156556E+001  0.58189929E+001  0.92745655E+001
  0.19203342E+000  0.21787266E+000  0.35291381E+000  0.51526846E+000  0.85880684E+000  0.97794642E+000  0.13284342E+001  0.24788367E+001  0.41157847E+001  0.58191482E+001  0.92746599E+001
  0.19204285E+000  0.21787400E+000  0.35290451E+000  0.51526717E+000  0.85886176E+000  0.97801451E+000  0.13284751E+001  0.24784442E+001  0.41156236E+001  0.58193044E+001  0.92748759E+001
  0.19203505E+000  0.21787535E+000  0.35292182E+000  0.51527600E+000  0.85885185E+000  0.97794653E+000  0.13283988E+001  0.24785173E+001  0.41157321E+001  0.58194612E+001  0.92750981E+001
  0.19203589E+000  0.21787671E+000  0.35294026E+000  0.51528484E+000  0.85885511E+000  0.97794654E+000  0.13284146E+001  0.24785913E+001  0.41158421E+001  0.58196185E+001  0.92753259E+001
  0.19203673E+000  0.21787806E+000  0.35292469E+000  0.51529965E+000  0.85887227E+000  0.97798970E+000  0.13284303E+001  0.24786662E+001  0.41159537E+001  0.58198089E+001  0.92753595E+001
  0.19203758E+000  0.21787941E+000  0.35293945E+000  0.51530248E+000  0.85880624E+000  0.97794649E+000  0.13284457E+001  0.24787417E+001  0.41160665E+001  0.58194787E+001  0.92755813E+001
  0.19203845E+000  0.21788075E+000  0.35296522E+000  0.51531261E+000  0.85880626E+000  0.97794642E+000  0.13284954E+001  0.24788179E+001  0.41161804E+001  0.58195949E+001  0.92758061E+001
  0.19203931E+000  0.21788208E+000  0.35293395E+000  0.51531997E+000  0.85880628E+000  0.97794632E+000  0.13285649E+001  0.24788945E+001  0.41162952E+001  0.58197089E+001  0.92760328E+001
  0.19205192E+000  0.21788340E+000  0.35296677E+000  0.51533386E+000  0.85881779E+000  0.97794619E+000  0.13286353E+001  0.24789715E+001  0.41164108E+001  0.58198204E+001  0.92762606E+001
  0.19205547E+000  0.21788470E+000  0.35294000E+000  0.51533761E+000  0.85882972E+000  0.97794887E+000  0.13285049E+001  0.24787536E+001  0.41165268E+001  0.58199290E+001  0.92764884E+001
  0.19204196E+000  0.21788598E+000  0.35298639E+000  0.51534561E+000  0.85884166E+000  0.97795785E+000  0.13285189E+001  0.24788471E+001  0.41166432E+001  0.58200346E+001  0.92767153E+001
  0.19204284E+000  0.21788727E+000  0.35300244E+000  0.51535390E+000  0.85885357E+000  0.97796685E+000  0.13285487E+001  0.24789402E+001  0.41167596E+001  0.58201368E+001  0.92765579E+001
  0.19204371E+000  0.21788849E+000  0.35301818E+000  0.51535744E+000  0.85886545E+000  0.97797585E+000  0.13286067E+001  0.24790325E+001  0.41152888E+001  0.58202353E+001  0.92767835E+001
  0.19204459E+000  0.21788809E+000  0.35303240E+000  0.51534854E+000  0.85887726E+000  0.97798484E+000  0.13287350E+001  0.24788152E+001  0.41153272E+001  0.58203300E+001  0.92773259E+001
  0.19204546E+000  0.21788709E+000  0.35296930E+000  0.51536144E+000  0.85880664E+000  0.97799380E+000  0.13287484E+001  0.24788908E+001  0.41153647E+001  0.58204207E+001  0.92774960E+001
  0.19205683E+000  0.21788833E+000  0.35300605E+000  0.51537423E+000  0.85880661E+000  0.97800272E+000  0.13287614E+001  0.24789657E+001  0.41154011E+001  0.58205071E+001  0.92776590E+001
  0.19204719E+000  0.21788973E+000  0.35305904E+000  0.51536785E+000  0.85882850E+000  0.97801156E+000  0.13287740E+001  0.24790398E+001  0.41155386E+001  0.58205891E+001  0.92778143E+001
  0.19204804E+000  0.21789072E+000  0.35306959E+000  0.51537283E+000  0.85885313E+000  0.97794368E+000  0.13287860E+001  0.24791129E+001  0.41156802E+001  0.58206666E+001  0.92779617E+001
  0.19204887E+000  0.21789221E+000  0.35304757E+000  0.51539181E+000  0.85885840E+000  0.97794325E+000  0.13287975E+001  0.24791121E+001  0.41158205E+001  0.58207394E+001  0.92781010E+001
  0.19204970E+000  0.21789299E+000  0.35309463E+000  0.51538415E+000  0.85880645E+000  0.97798588E+000  0.13288085E+001  0.24791782E+001  0.41159591E+001  0.58208076E+001  0.92782519E+001
  0.19206251E+000  0.21789406E+000  0.35309711E+000  0.51538804E+000  0.85883519E+000  0.97795329E+000  0.13288190E+001  0.24788572E+001  0.41160958E+001  0.58208711E+001  0.92784368E+001
  0.19205796E+000  0.21789510E+000  0.35311190E+000  0.51540078E+000  0.85886806E+000  0.97798315E+000  0.13288290E+001  0.24788714E+001  0.41162304E+001  0.58209298E+001  0.92786139E+001
  0.19205208E+000  0.21789610E+000  0.35312063E+000  0.51539741E+000  0.85880628E+000  0.97801243E+000  0.13288384E+001  0.24789062E+001  0.41163625E+001  0.58209838E+001  0.92787829E+001
  0.19205284E+000  0.21789706E+000  0.35306757E+000  0.51540646E+000  0.85880621E+000  0.97798129E+000  0.13288473E+001  0.24789483E+001  0.41164920E+001  0.58210332E+001  0.92789435E+001
  0.19205358E+000  0.21789929E+000  0.35309807E+000  0.51541521E+000  0.85883592E+000  0.97796249E+000  0.13288557E+001  0.24789891E+001  0.41166185E+001  0.58210779E+001  0.92793458E+001
  0.19206436E+000  0.21789884E+000  0.35312842E+000  0.51540760E+000  0.85880606E+000  0.97796777E+000  0.13288636E+001  0.24790286E+001  0.41167420E+001  0.58211182E+001  0.92794747E+001
  0.19206205E+000  0.21789966E+000  0.35315851E+000  0.51538919E+000  0.85880599E+000  0.97797251E+000  0.13288814E+001  0.24790667E+001  0.41168622E+001  0.58211542E+001  0.92795950E+001
  0.19205906E+000  0.21790044E+000  0.35314021E+000  0.51539111E+000  0.85881353E+000  0.97797671E+000  0.13288779E+001  0.24791034E+001  0.41169788E+001  0.58211860E+001  0.92797069E+001
  0.19206082E+000  0.21790118E+000  0.35316269E+000  0.51539279E+000  0.85884480E+000  0.97798039E+000  0.13288843E+001  0.24791527E+001  0.41170918E+001  0.58212137E+001  0.92798106E+001
  0.19206250E+000  0.21790187E+000  0.35317925E+000  0.51539423E+000  0.85887482E+000  0.97798357E+000  0.13288902E+001  0.24792053E+001  0.41172011E+001  0.58212376E+001  0.92799063E+001
  0.19206412E+000  0.21790252E+000  0.35318230E+000  0.51539545E+000  0.85880565E+000  0.97798628E+000  0.13288957E+001  0.24792559E+001  0.41173064E+001  0.58212579E+001  0.92802463E+001
  0.19206566E+000  0.21790312E+000  0.35318512E+000  0.51540148E+000  0.85880556E+000  0.97798854E+000  0.13289007E+001  0.24792357E+001  0.41174077E+001  0.58212747E+001  0.92803195E+001
  0.19205874E+000  0.21790369E+000  0.35318773E+000  0.51541901E+000  0.85880547E+000  0.97799038E+000  0.13289053E+001  0.24792651E+001  0.41175048E+001  0.58212882E+001  0.92803859E+001
  0.19206321E+000  0.21790421E+000  0.35319015E+000  0.51539864E+000  0.85882583E+000  0.97799237E+000  0.13289095E+001  0.24789695E+001  0.41175979E+001  0.58212988E+001  0.92804458E+001
  0.19205978E+000  0.21790205E+000  0.35319237E+000  0.51540978E+000  0.85886286E+000  0.97799291E+000  0.13289133E+001  0.24789723E+001  0.41176866E+001  0.58213066E+001  0.92804997E+001
  0.19206026E+000  0.21790473E+000  0.35319442E+000  0.51542038E+000  0.85880521E+000  0.97799366E+000  0.13288448E+001  0.24789746E+001  0.41177712E+001  0.58213118E+001  0.92805479E+001
  0.19206071E+000  0.21789521E+000  0.35321973E+000  0.51543043E+000  0.85880512E+000  0.97799411E+000  0.13288652E+001  0.24789763E+001  0.41178515E+001  0.58213148E+001  0.92809041E+001
  0.19206114E+000  0.21789610E+000  0.35320127E+000  0.51539882E+000  0.85880503E+000  0.97799428E+000  0.13288843E+001  0.24789776E+001  0.41179275E+001  0.58213157E+001  0.92809551E+001
  0.19206375E+000  0.21790018E+000  0.35319960E+000  0.51539874E+000  0.85880495E+000  0.97799420E+000  0.13289023E+001  0.24789783E+001  0.41179993E+001  0.58213147E+001  0.92809930E+001
  0.19206193E+000  0.21790405E+000  0.35320104E+000  0.51539855E+000  0.85880486E+000  0.97799390E+000  0.13288562E+001  0.24789787E+001  0.41180669E+001  0.58213121E+001  0.92810300E+001
  0.19206229E+000  0.21789993E+000  0.35321843E+000  0.51539828E+000  0.85880478E+000  0.97799341E+000  0.13288599E+001  0.24789787E+001  0.41181303E+001  0.58213080E+001  0.92810626E+001
  0.19206262E+000  0.21790141E+000  0.35324578E+000  0.51539794E+000  0.85880470E+000  0.97799275E+000  0.13288631E+001  0.24789784E+001  0.41181898E+001  0.58213027E+001  0.92810909E+001
  0.19206294E+000  0.21790279E+000  0.35320468E+000  0.51539753E+000  0.85880462E+000  0.97799195E+000  0.13288749E+001  0.24789779E+001  0.41182452E+001  0.58212964E+001  0.92811154E+001
  0.19206323E+000  0.21790407E+000  0.35320597E+000  0.51539707E+000  0.85880455E+000  0.97799104E+000  0.13288938E+001  0.24789770E+001  0.41182969E+001  0.58212892E+001  0.92811364E+001
  0.19206349E+000  0.21790526E+000  0.35322868E+000  0.51539658E+000  0.85880447E+000  0.97799003E+000  0.13288920E+001  0.24789760E+001  0.41183448E+001  0.58212813E+001  0.92811540E+001
  0.19206374E+000  0.21790485E+000  0.35324976E+000  0.51539605E+000  0.85880441E+000  0.97798895E+000  0.13289066E+001  0.24789749E+001  0.41183891E+001  0.58212730E+001  0.92811686E+001
  0.19206397E+000  0.21789933E+000  0.35324777E+000  0.51539550E+000  0.85880434E+000  0.97798816E+000  0.13288746E+001  0.24789736E+001  0.41184300E+001  0.58212642E+001  0.92811802E+001
  0.19206418E+000  0.21789948E+000  0.35326158E+000  0.51539741E+000  0.85880428E+000  0.97799005E+000  0.13288761E+001  0.24789722E+001  0.41184674E+001  0.58212552E+001  0.92811892E+001
  0.19206437E+000  0.21789962E+000  0.35324369E+000  0.51539952E+000  0.85880422E+000  0.97799178E+000  0.13288773E+001  0.24789707E+001  0.41185018E+001  0.58212460E+001  0.92811957E+001
  0.19206454E+000  0.21789974E+000  0.35325231E+000  0.51540141E+000  0.85880416E+000  0.97799336E+000  0.13288784E+001  0.24789692E+001  0.41185330E+001  0.58212368E+001  0.92812000E+001
  0.19206470E+000  0.21789984E+000  0.35326047E+000  0.51540310E+000  0.85880411E+000  0.97799479E+000  0.13288793E+001  0.24789677E+001  0.41185615E+001  0.58212277E+001  0.92812021E+001
  0.19206484E+000  0.21789993E+000  0.35326732E+000  0.51540460E+000  0.85881203E+000  0.97799609E+000  0.13288800E+001  0.24789661E+001  0.41185872E+001  0.58212187E+001  0.92818143E+001
  0.19206497E+000  0.21790000E+000  0.35327378E+000  0.51540593E+000  0.85882212E+000  0.97799725E+000  0.13288806E+001  0.24789645E+001  0.41186104E+001  0.58212099E+001  0.92818097E+001
  0.19206508E+000  0.21790006E+000  0.35327959E+000  0.51540709E+000  0.85883120E+000  0.97799830E+000  0.13288810E+001  0.24789630E+001  0.41183551E+001  0.58212014E+001  0.92818043E+001
  0.19206518E+000  0.21790011E+000  0.35324991E+000  0.51540811E+000  0.85883935E+000  0.97799923E+000  0.13288814E+001  0.24789615E+001  0.41180585E+001  0.58211932E+001  0.92817983E+001
  0.19206527E+000  0.21790015E+000  0.35325956E+000  0.51540900E+000  0.85884663E+000  0.97800006E+000  0.13288816E+001  0.24789601E+001  0.41177479E+001  0.58211854E+001  0.92817917E+001
  0.19206535E+000  0.21790018E+000  0.35326815E+000  0.51540976E+000  0.85885310E+000  0.97800079E+000  0.13288818E+001  0.24789587E+001  0.41174244E+001  0.58211779E+001  0.92817846E+001
  0.19206542E+000  0.21790020E+000  0.35327575E+000  0.51541041E+000  0.85885882E+000  0.97800144E+000  0.13288819E+001  0.24789573E+001  0.41170888E+001  0.58211708E+001  0.92817771E+001
  0.19206548E+000  0.21790021E+000  0.35328244E+000  0.51541096E+000  0.85886385E+000  0.97800200E+000  0.13288819E+001  0.24789590E+001  0.41167422E+001  0.58211642E+001  0.92817693E+001
  0.19206554E+000  0.21790022E+000  0.35326559E+000  0.51541142E+000  0.85886826E+000  0.97800819E+000  0.13288819E+001  0.24789631E+001  0.41163854E+001  0.58211580E+001  0.92817613E+001
  0.19206558E+000  0.21790022E+000  0.35327160E+000  0.51541180E+000  0.85887209E+000  0.97801540E+000  0.13288819E+001  0.24789666E+001  0.41160196E+001  0.58211523E+001  0.92817531E+001
  0.19206562E+000  0.21790022E+000  0.35327679E+000  0.51541211E+000  0.85887540E+000  0.97800327E+000  0.13288818E+001  0.24789695E+001  0.41159428E+001  0.58211469E+001  0.92817448E+001
  0.19206565E+000  0.21790021E+000  0.35328126E+000  0.51541236E+000  0.85887824E+000  0.97800358E+000  0.13288817E+001  0.24789720E+001  0.41159196E+001  0.58211420E+001  0.92817364E+001
  0.19206568E+000  0.21790020E+000  0.35328508E+000  0.51541256E+000  0.85888066E+000  0.97800384E+000  0.13288815E+001  0.24789741E+001  0.41158960E+001  0.58211375E+001  0.92803646E+001
  0.19206570E+000  0.21790019E+000  0.35321219E+000  0.51541271E+000  0.85888270E+000  0.97800405E+000  0.13288814E+001  0.24789758E+001  0.41158719E+001  0.58211334E+001  0.92802555E+001
  0.19206572E+000  0.21790017E+000  0.35321215E+000  0.51541282E+000  0.85888440E+000  0.97800423E+000  0.13288812E+001  0.24789772E+001  0.41158475E+001  0.58211296E+001  0.92801386E+001
  0.19206574E+000  0.21790016E+000  0.35321210E+000  0.51541289E+000  0.85880365E+000  0.97800437E+000  0.13288811E+001  0.24789783E+001  0.41158228E+001  0.58211263E+001  0.92800145E+001
  0.19206575E+000  0.21790014E+000  0.35321204E+000  0.51541293E+000  0.85880364E+000  0.97800448E+000  0.13288809E+001  0.24789791E+001  0.41157979E+001  0.58211232E+001  0.92798837E+001
  0.19206576E+000  0.21790012E+000  0.35321197E+000  0.51541295E+000  0.85880363E+000  0.97800457E+000  0.13287683E+001  0.24789797E+001  0.41157728E+001  0.58211205E+001  0.92797467E+001
  0.19206577E+000  0.21790010E+000  0.35321190E+000  0.51541295E+000  0.85880363E+000  0.97800463E+000  0.13287680E+001  0.24789802E+001  0.41157476E+001  0.58211181E+001  0.92796040E+001
  0.19206577E+000  0.21790008E+000  0.35321181E+000  0.51541293E+000  0.85880362E+000  0.97800467E+000  0.13287677E+001  0.24789804E+001  0.41157224E+001  0.58211160E+001  0.92794562E+001
  0.19206577E+000  0.21790006E+000  0.35321173E+000  0.51541290E+000  0.85880361E+000  0.97800470E+000  0.13287674E+001  0.24789806E+001  0.41156383E+001  0.58211141E+001  0.92793038E+001
  0.19206577E+000  0.21790004E+000  0.35321164E+000  0.51541285E+000  0.85880361E+000  0.97800471E+000  0.13287671E+001  0.24789806E+001  0.41155313E+001  0.58211125E+001  0.92791470E+001
  0.19206577E+000  0.21790002E+000  0.35321154E+000  0.51541280E+000  0.85880360E+000  0.97800471E+000  0.13287669E+001  0.24789805E+001  0.41154246E+001  0.58211111E+001  0.92789865E+001
  0.19206577E+000  0.21789999E+000  0.35321144E+000  0.51541274E+000  0.85880360E+000  0.97800471E+000  0.13287667E+001  0.24789803E+001  0.41153182E+001  0.58211099E+001  0.92785541E+001
  0.19206577E+000  0.21789997E+000  0.35321134E+000  0.51541268E+000  0.85880360E+000  0.97800469E+000  0.13287664E+001  0.24789801E+001  0.41152124E+001  0.58211088E+001  0.92785526E+001
  0.19206577E+000  0.21789995E+000  0.35321124E+000  0.51541261E+000  0.85880360E+000  0.97800466E+000  0.13287662E+001  0.24789798E+001  0.41151071E+001  0.58211080E+001  0.92785508E+001
  0.19206576E+000  0.21789993E+000  0.35321114E+000  0.51541254E+000  0.85880359E+000  0.97800463E+000  0.13287660E+001  0.24789795E+001  0.41150023E+001  0.58211072E+001  0.92785489E+001
  0.19206576E+000  0.21789991E+000  0.35321103E+000  0.51541247E+000  0.85880359E+000  0.97800460E+000  0.13287659E+001  0.24789791E+001  0.41148982E+001  0.58211066E+001  0.92785468E+001
  0.19206576E+000  0.21789989E+000  0.35321093E+000  0.51541239E+000  0.85880359E+000  0.97800456E+000  0.13287657E+001  0.24789787E+001  0.41147949E+001  0.58211061E+001  0.92785448E+001
  0.19206575E+000  0.21789987E+000  0.35321083E+000  0.51541232E+000  0.85880359E+000  0.97800452E+000  0.13287655E+001  0.24789783E+001  0.41146924E+001  0.58211057E+001  0.92785427E+001
  0.19206575E+000  0.21789985E+000  0.35321072E+000  0.51541225E+000  0.85880359E+000  0.97800448E+000  0.13287654E+001  0.24789779E+001  0.41145907E+001  0.58211054E+001  0.92785408E+001
  0.19206574E+000  0.21789983E+000  0.35321062E+000  0.51541218E+000  0.85880359E+000  0.97800444E+000  0.13287652E+001  0.24789774E+001  0.41144449E+001  0.58211052E+001  0.92785391E+001
  0.19206574E+000  0.21789981E+000  0.35321052E+000  0.51541211E+000  0.85880359E+000  0.97800439E+000  0.13287651E+001  0.24789770E+001  0.41135548E+001  0.58211050E+001  0.92764064E+001
  0.19206573E+000  0.21789979E+000  0.35321042E+000  0.51541204E+000  0.85880359E+000  0.97800435E+000  0.13287649E+001  0.24789766E+001  0.41134983E+001  0.58211049E+001  0.92762914E+001
  0.19206573E+000  0.21789978E+000  0.35321031E+000  0.51541197E+000  0.85880359E+000  0.97800430E+000  0.13287648E+001  0.24789761E+001  0.41134425E+001  0.58211048E+001  0.92761761E+001
  0.19206572E+000  0.21789976E+000  0.35321022E+000  0.51541191E+000  0.85880359E+000  0.97800426E+000  0.13287647E+001  0.24789757E+001  0.41133874E+001  0.58211048E+001  0.92760607E+001
  0.19206572E+000  0.21789974E+000  0.35321012E+000  0.51541184E+000  0.85880359E+000  0.97800421E+000  0.13287645E+001  0.24789752E+001  0.41133331E+001  0.58211048E+001  0.92759453E+001
  0.19206571E+000  0.21789973E+000  0.35321002E+000  0.51541178E+000  0.85880359E+000  0.97800417E+000  0.13287644E+001  0.24789748E+001  0.41132796E+001  0.58211048E+001  0.92758300E+001
  0.19206571E+000  0.21789971E+000  0.35320993E+000  0.51541172E+000  0.85880359E+000  0.97800412E+000  0.13287643E+001  0.24789744E+001  0.41132269E+001  0.58211049E+001  0.92757150E+001
  0.19206570E+000  0.21789970E+000  0.35320983E+000  0.51541166E+000  0.85880359E+000  0.97800408E+000  0.13287642E+001  0.24789740E+001  0.41131995E+001  0.58211050E+001  0.92756003E+001
  0.19206570E+000  0.21789968E+000  0.35320974E+000  0.51541161E+000  0.85880359E+000  0.97800404E+000  0.13287641E+001  0.24789736E+001  0.41131815E+001  0.58211050E+001  0.92754861E+001
  0.19206569E+000  0.21789967E+000  0.35320965E+000  0.51541155E+000  0.85880359E+000  0.97800400E+000  0.13287640E+001  0.24789732E+001  0.41131638E+001  0.58211051E+001  0.92753841E+001
  0.19206569E+000  0.21789966E+000  0.35320957E+000  0.51541150E+000  0.85880359E+000  0.97800396E+000  0.13287639E+001  0.24789729E+001  0.41131463E+001  0.58211052E+001  0.92753141E+001
  0.19206569E+000  0.21789964E+000  0.35320948E+000  0.51541145E+000  0.85888449E+000  0.97800392E+000  0.13287638E+001  0.24789725E+001  0.41131291E+001  0.58211053E+001  0.92752443E+001
  0.19206568E+000  0.21789963E+000  0.35320940E+000  0.51541140E+000  0.85888421E+000  0.97800389E+000  0.13287637E+001  0.24789721E+001  0.41131121E+001  0.58211054E+001  0.92751747E+001
  0.19206568E+000  0.21789962E+000  0.35320932E+000  0.51541135E+000  0.85888395E+000  0.97800385E+000  0.13287636E+001  0.24789718E+001  0.41130954E+001  0.58211055E+001  0.92751055E+001
  0.19206567E+000  0.21789961E+000  0.35320924E+000  0.51541130E+000  0.85888370E+000  0.97800382E+000  0.13287635E+001  0.24789715E+001  0.41130790E+001  0.58211056E+001  0.92750367E+001
  0.19206567E+000  0.21789960E+000  0.35320916E+000  0.51541126E+000  0.85888345E+000  0.97800379E+000  0.13287634E+001  0.24789712E+001  0.41130629E+001  0.58211057E+001  0.92749684E+001
  0.19206567E+000  0.21789959E+000  0.35320908E+000  0.51541122E+000  0.85888322E+000  0.97800376E+000  0.13287633E+001  0.24789709E+001  0.41130470E+001  0.58211058E+001  0.92749006E+001
  0.19206566E+000  0.21789958E+000  0.35320901E+000  0.51541118E+000  0.85888300E+000  0.97800373E+000  0.13287632E+001  0.24789706E+001  0.41130315E+001  0.58211058E+001  0.92748635E+001
  0.19206566E+000  0.21789957E+000  0.35320894E+000  0.51541114E+000  0.85888279E+000  0.97800370E+000  0.13287631E+001  0.24789703E+001  0.41130162E+001  0.58211059E+001  0.92748532E+001
  0.19206566E+000  0.21789956E+000  0.35320887E+000  0.51541110E+000  0.85888259E+000  0.97800367E+000  0.13287630E+001  0.24789700E+001  0.41130012E+001  0.58211059E+001  0.92748431E+001
  0.19206566E+000  0.21789955E+000  0.35320880E+000  0.51541106E+000  0.85888240E+000  0.97800365E+000  0.13287629E+001  0.24789698E+001  0.41129865E+001  0.58211060E+001  0.92748332E+001
  0.19206565E+000  0.21789954E+000  0.35320874E+000  0.51541103E+000  0.85888223E+000  0.97800363E+000  0.13287628E+001  0.24789696E+001  0.41129721E+001  0.58211060E+001  0.92748234E+001
  0.19206565E+000  0.21789953E+000  0.35320868E+000  0.51541100E+000  0.85888206E+000  0.97800360E+000  0.13287628E+001  0.24789693E+001  0.41129581E+001  0.58211060E+001  0.92748138E+001
  0.19206565E+000  0.21789952E+000  0.35320862E+000  0.51541096E+000  0.85888191E+000  0.97800358E+000  0.13287627E+001  0.24789691E+001  0.41129443E+001  0.58211060E+001  0.92748043E+001
  0.19206565E+000  0.21789952E+000  0.35328784E+000  0.51541094E+000  0.85888177E+000  0.97800357E+000  0.13287626E+001  0.24789689E+001  0.41129308E+001  0.58211060E+001  0.92747950E+001
  0.19206565E+000  0.21789951E+000  0.35328764E+000  0.51541091E+000  0.85888164E+000  0.97800355E+000  0.13287625E+001  0.24789688E+001  0.41129176E+001  0.58211060E+001  0.92747859E+001
  0.19206564E+000  0.21789950E+000  0.35328745E+000  0.51541088E+000  0.85888152E+000  0.97800353E+000  0.13287624E+001  0.24789686E+001  0.41129047E+001  0.58211060E+001  0.92747769E+001
  0.19206564E+000  0.21789950E+000  0.35328728E+000  0.51541086E+000  0.85888142E+000  0.97800352E+000  0.13287624E+001  0.24789684E+001  0.41128920E+001  0.58211059E+001  0.92747681E+001
  0.19206564E+000  0.21789949E+000  0.35328713E+000  0.51541083E+000  0.85888132E+000  0.97800351E+000  0.13287623E+001  0.24789683E+001  0.41122418E+001  0.58211059E+001  0.92747595E+001
  0.19206564E+000  0.21789948E+000  0.35328700E+000  0.51541081E+000  0.85888123E+000  0.97800349E+000  0.13287622E+001  0.24789682E+001  0.41118623E+001  0.58211058E+001  0.92747511E+001
  0.19206564E+000  0.21789948E+000  0.35328688E+000  0.51541079E+000  0.85888116E+000  0.97800348E+000  0.13287621E+001  0.24789680E+001  0.41118462E+001  0.58211058E+001  0.92747428E+001
  0.19206564E+000  0.21789947E+000  0.35328678E+000  0.51541077E+000  0.85888110E+000  0.97800348E+000  0.13287621E+001  0.24789679E+001  0.41118305E+001  0.58211057E+001  0.92747346E+001
  0.19206564E+000  0.21789947E+000  0.35328669E+000  0.51541075E+000  0.85888104E+000  0.97800347E+000  0.13287620E+001  0.24789678E+001  0.41118151E+001  0.58211056E+001  0.92747267E+001
  0.19206564E+000  0.21789946E+000  0.35328662E+000  0.51541074E+000  0.85888100E+000  0.97800346E+000  0.13287619E+001  0.24789678E+001  0.41118000E+001  0.58211055E+001  0.92747189E+001
  0.19206564E+000  0.21789946E+000  0.35328656E+000  0.51541072E+000  0.85888096E+000  0.97800346E+000  0.13287619E+001  0.24789677E+001  0.41117853E+001  0.58211054E+001  0.92747112E+001
  0.19206564E+000  0.21789945E+000  0.35328652E+000  0.51541071E+000  0.85888094E+000  0.97800345E+000  0.13287618E+001  0.24789676E+001  0.41117710E+001  0.58211053E+001  0.92747037E+001
  0.19206564E+000  0.21789945E+000  0.35328649E+000  0.51541070E+000  0.85888092E+000  0.97800345E+000  0.13287617E+001  0.24789676E+001  0.41117570E+001  0.58211052E+001  0.92746964E+001
  0.19206564E+000  0.21789945E+000  0.35328647E+000  0.51541069E+000  0.85888091E+000  0.97800345E+000  0.13287617E+001  0.24789675E+001  0.41117434E+001  0.58211051E+001  0.92746892E+001
  0.19206564E+000  0.21789944E+000  0.35328647E+000  0.51541068E+000  0.85888091E+000  0.97800345E+000  0.13287616E+001  0.24789675E+001  0.41117300E+001  0.58211050E+001  0.92746822E+001
  0.19206564E+000  0.21789944E+000  0.35328648E+000  0.51541067E+000  0.85888092E+000  0.97800345E+000  0.13287615E+001  0.24789675E+001  0.41117170E+001  0.58211048E+001  0.92746753E+001
  0.19206564E+000  0.21789944E+000  0.35328651E+000  0.51541067E+000  0.85888093E+000  0.97800345E+000  0.13287615E+001  0.24789675E+001  0.41117043E+001  0.58211047E+001  0.92746686E+001
  0.19206564E+000  0.21789943E+000  0.35328654E+000  0.51541066E+000  0.85888096E+000  0.97800345E+000  0.13287614E+001  0.24789675E+001  0.41116920E+001  0.58211046E+001  0.92746621E+001
  0.19206564E+000  0.21789943E+000  0.35328659E+000  0.51541066E+000  0.85888099E+000  0.97800346E+000  0.13287614E+001  0.24789675E+001  0.41116799E+001  0.58211044E+001  0.92746556E+001
  0.19206564E+000  0.21789943E+000  0.35328664E+000  0.51541065E+000  0.85888102E+000  0.97800346E+000  0.13287613E+001  0.24789675E+001  0.41116681E+001  0.58211043E+001  0.92746494E+001
  0.19206564E+000  0.21789942E+000  0.35328671E+000  0.51541065E+000  0.85888107E+000  0.97800346E+000  0.13287613E+001  0.24789675E+001  0.41116566E+001  0.58211042E+001  0.92746432E+001
  0.19206564E+000  0.21789942E+000  0.35328678E+000  0.51541065E+000  0.85888111E+000  0.97800347E+000  0.13287612E+001  0.24789675E+001  0.41116454E+001  0.58211040E+001  0.92746373E+001
  0.19206564E+000  0.21789942E+000  0.35328686E+000  0.51541065E+000  0.85888117E+000  0.97800348E+000  0.13287612E+001  0.24789675E+001  0.41116345E+001  0.58211039E+001  0.92746314E+001
  0.19206564E+000  0.21789942E+000  0.35328695E+000  0.51541065E+000  0.85888122E+000  0.97800348E+000  0.13287611E+001  0.24789676E+001  0.41116238E+001  0.58211037E+001  0.92746257E+001
  0.19206564E+000  0.21789942E+000  0.35328705E+000  0.51541065E+000  0.85888129E+000  0.97800349E+000  0.13287611E+001  0.24789676E+001  0.41116134E+001  0.58211036E+001  0.92746201E+001
  0.19206564E+000  0.21789941E+000  0.35328715E+000  0.51541066E+000  0.85888135E+000  0.97800350E+000  0.13287610E+001  0.24789677E+001  0.41116033E+001  0.58211035E+001  0.92746147E+001
  0.19206565E+000  0.21789941E+000  0.35328726E+000  0.51541066E+000  0.85888143E+000  0.97800351E+000  0.13287610E+001  0.24789677E+001  0.41115934E+001  0.58211033E+001  0.92746094E+001
  0.19206565E+000  0.21789941E+000  0.35328738E+000  0.51541067E+000  0.85888150E+000  0.97800352E+000  0.13287609E+001  0.24789678E+001  0.41115838E+001  0.58211032E+001  0.92746042E+001
  0.19206565E+000  0.21789941E+000  0.35328750E+000  0.51541067E+000  0.85888158E+000  0.97800353E+000  0.13287609E+001  0.24789679E+001  0.41115744E+001  0.58211031E+001  0.92745991E+001
  0.19206565E+000  0.21789941E+000  0.35328763E+000  0.51541068E+000  0.85888166E+000  0.97800354E+000  0.13287608E+001  0.24789679E+001  0.41115653E+001  0.58211029E+001  0.92745942E+001
  0.19206565E+000  0.21789941E+000  0.35328776E+000  0.51541069E+000  0.85888175E+000  0.97800355E+000  0.13287608E+001  0.24789680E+001  0.41115564E+001  0.58211028E+001  0.92745894E+001
  0.19206565E+000  0.21789940E+000  0.35328790E+000  0.51541069E+000  0.85888184E+000  0.97800356E+000  0.13287607E+001  0.24789681E+001  0.41115477E+001  0.58211027E+001  0.92745848E+001
  0.19206565E+000  0.21789940E+000  0.35328804E+000  0.51541070E+000  0.85888193E+000  0.97800357E+000  0.13287607E+001  0.24789682E+001  0.41115392E+001  0.58211026E+001  0.92745802E+001
  0.19206566E+000  0.21789940E+000  0.35320743E+000  0.51541071E+000  0.85888203E+000  0.97800358E+000  0.13287607E+001  0.24789683E+001  0.41115310E+001  0.58211024E+001  0.92745758E+001
  0.19206566E+000  0.21789940E+000  0.35320741E+000  0.51541073E+000  0.85888213E+000  0.97800360E+000  0.13287606E+001  0.24789684E+001  0.41115230E+001  0.58211023E+001  0.92745715E+001
  0.19206566E+000  0.21789940E+000  0.35320739E+000  0.51541074E+000  0.85888225E+000  0.97800361E+000  0.13287606E+001  0.24789685E+001  0.41115153E+001  0.58211022E+001  0.92745674E+001
  0.19206566E+000  0.21789940E+000  0.35320738E+000  0.51541076E+000  0.85888237E+000  0.97800363E+000  0.13287606E+001  0.24789687E+001  0.41115078E+001  0.58211021E+001  0.92745634E+001
  0.19206566E+000  0.21789940E+000  0.35320736E+000  0.51541078E+000  0.85888252E+000  0.97800365E+000  0.13287606E+001  0.24789688E+001  0.41115005E+001  0.58211021E+001  0.92745596E+001
  0.19206567E+000  0.21789940E+000  0.35320735E+000  0.51541080E+000  0.85888268E+000  0.97800368E+000  0.13287605E+001  0.24789691E+001  0.41114934E+001  0.58211020E+001  0.92745560E+001
  0.19206567E+000  0.21789941E+000  0.35320734E+000  0.51541083E+000  0.85888287E+000  0.97800371E+000  0.13287605E+001  0.24789693E+001  0.41114866E+001  0.58211019E+001  0.92745526E+001
  0.19206568E+000  0.21789941E+000  0.35320734E+000  0.51541087E+000  0.85888309E+000  0.97800375E+000  0.13287605E+001  0.24789696E+001  0.41114801E+001  0.58211019E+001  0.92745493E+001
  0.19206568E+000  0.21789942E+000  0.35320733E+000  0.51541092E+000  0.85888338E+000  0.97800380E+000  0.13287605E+001  0.24789699E+001  0.41114738E+001  0.58211018E+001  0.92745463E+001
  0.19206569E+000  0.21789943E+000  0.35320734E+000  0.51541098E+000  0.85888372E+000  0.97800386E+000  0.13287605E+001  0.24789704E+001  0.41114679E+001  0.58211019E+001  0.92745435E+001
  0.19206570E+000  0.21789943E+000  0.35320737E+000  0.51541109E+000  0.85888424E+000  0.97800389E+000  0.13287606E+001  0.24789707E+001  0.41114618E+001  0.58211021E+001  0.92745398E+001
  0.19206568E+000  0.21789941E+000  0.35320736E+000  0.51541130E+000  0.85880355E+000  0.97800393E+000  0.13287605E+001  0.24789717E+001  0.41114562E+001  0.58211020E+001  0.92745369E+001
