 -0.48122037E+000 -0.23336945E+000 -0.54907317E-002 -0.45313024E-002 -0.16530146E-002  0.22934688E+000  0.34247353E+001  0.16556435E+002  0.33185592E+002  0.10316519E+003  0.17234824E+003
 -0.48127056E+000 -0.23434675E+000 -0.54920685E-002 -0.45325855E-002 -0.16541367E-002  0.22932858E+000  0.34246991E+001  0.16556386E+002  0.33220790E+002  0.10316518E+003  0.17234769E+003
 -0.48130747E+000 -0.23479316E+000 -0.54930884E-002 -0.45335520E-002 -0.16549430E-002  0.22932543E+000  0.34246976E+001  0.16556390E+002  0.33243690E+002  0.10316521E+003  0.17234765E+003
 -0.48133465E+000 -0.23494970E+000 -0.54938813E-002 -0.45343056E-002 -0.16555785E-002  0.22932485E+000  0.34246999E+001  0.16556396E+002  0.33262395E+002  0.10316523E+003  0.17234772E+003
 -0.48135364E+000 -0.23506830E+000 -0.54944944E-002 -0.45348924E-002 -0.16560863E-002  0.22932479E+000  0.34247023E+001  0.16556402E+002  0.33277665E+002  0.10316526E+003  0.17234780E+003
 -0.48136620E+000 -0.23515578E+000 -0.54949627E-002 -0.45353448E-002 -0.16564912E-002  0.22932484E+000  0.34247044E+001  0.16556407E+002  0.33290017E+002  0.10316528E+003  0.17234787E+003
 -0.48137390E+000 -0.23521816E+000 -0.54953138E-002 -0.45356882E-002 -0.16568117E-002  0.22932494E+000  0.34247061E+001  0.16556411E+002  0.33297512E+002  0.10316530E+003  0.17234794E+003
 -0.48137801E+000 -0.23526051E+000 -0.54955696E-002 -0.45359429E-002 -0.16570628E-002  0.22932505E+000  0.34247076E+001  0.16556415E+002  0.33298435E+002  0.10316531E+003  0.17234799E+003
 -0.48137955E+000 -0.23528714E+000 -0.54957484E-002 -0.45361254E-002 -0.16572566E-002  0.22932518E+000  0.34247088E+001  0.16556417E+002  0.33299167E+002  0.10316532E+003  0.17234804E+003
 -0.48137930E+000 -0.23530158E+000 -0.54958648E-002 -0.45362494E-002 -0.16574034E-002  0.22932532E+000  0.34247098E+001  0.16556420E+002  0.33299741E+002  0.10316533E+003  0.17234808E+003
 -0.48137785E+000 -0.23530674E+000 -0.54959313E-002 -0.45363264E-002 -0.16575116E-002  0.22932545E+000  0.34247106E+001  0.16556422E+002  0.33300181E+002  0.10316534E+003  0.17234811E+003
 -0.48137562E+000 -0.23530497E+000 -0.54959580E-002 -0.45363656E-002 -0.16575884E-002  0.22932559E+000  0.34247113E+001  0.16556424E+002  0.33300508E+002  0.10316535E+003  0.17234814E+003
 -0.48137293E+000 -0.23529817E+000 -0.54959533E-002 -0.45363748E-002 -0.16576394E-002  0.22932572E+000  0.34247119E+001  0.16556425E+002  0.33300739E+002  0.10316535E+003  0.17234816E+003
 -0.48136999E+000 -0.23528783E+000 -0.54959242E-002 -0.45363605E-002 -0.16576696E-002  0.22932584E+000  0.34247124E+001  0.16556426E+002  0.33300888E+002  0.10316535E+003  0.17234818E+003
 -0.48136696E+000 -0.23527513E+000 -0.54958764E-002 -0.45363280E-002 -0.16576829E-002  0.22932595E+000  0.34247128E+001  0.16556427E+002  0.33300968E+002  0.10316536E+003  0.17234819E+003
 -0.48136394E+000 -0.23526097E+000 -0.54958149E-002 -0.45362818E-002 -0.16576828E-002  0.22932605E+000  0.34247131E+001  0.16556428E+002  0.33300988E+002  0.10316536E+003  0.17234821E+003
 -0.48136101E+000 -0.23524603E+000 -0.54957434E-002 -0.45362255E-002 -0.16576719E-002  0.22932615E+000  0.34247134E+001  0.16556429E+002  0.33300958E+002  0.10316536E+003  0.17234822E+003
 -0.48135820E+000 -0.23523082E+000 -0.54956651E-002 -0.45361620E-002 -0.16576525E-002  0.22932623E+000  0.34247136E+001  0.16556429E+002  0.33300886E+002  0.10316536E+003  0.17234823E+003
 -0.48135554E+000 -0.23521571E+000 -0.54955828E-002 -0.45360936E-002 -0.16576262E-002  0.22932630E+000  0.34247138E+001  0.16556430E+002  0.33300779E+002  0.10316536E+003  0.17234824E+003
 -0.48135304E+000 -0.23520094E+000 -0.54954983E-002 -0.45360224E-002 -0.16575947E-002  0.22932637E+000  0.34247140E+001  0.16556430E+002  0.33300640E+002  0.10316536E+003  0.17234824E+003
 -0.48135069E+000 -0.23518670E+000 -0.54954135E-002 -0.45359498E-002 -0.16575589E-002  0.22932643E+000  0.34247141E+001  0.16556431E+002  0.33300475E+002  0.10316536E+003  0.17234825E+003
 -0.48134851E+000 -0.23517308E+000 -0.54953294E-002 -0.45358770E-002 -0.16575199E-002  0.22932648E+000  0.34247142E+001  0.16556431E+002  0.33300288E+002  0.10316536E+003  0.17234825E+003
 -0.48134647E+000 -0.23516012E+000 -0.54952471E-002 -0.45358049E-002 -0.16574784E-002  0.22932654E+000  0.34247143E+001  0.16556431E+002  0.33300081E+002  0.10316536E+003  0.17234826E+003
 -0.48134456E+000 -0.23514786E+000 -0.54951673E-002 -0.45357342E-002 -0.16574348E-002  0.22932659E+000  0.34247144E+001  0.16556431E+002  0.33299856E+002  0.10316536E+003  0.17234826E+003
 -0.48134278E+000 -0.23513626E+000 -0.54950904E-002 -0.45356652E-002 -0.16573896E-002  0.22932664E+000  0.34247145E+001  0.16556431E+002  0.33299617E+002  0.10316536E+003  0.17234826E+003
 -0.48134110E+000 -0.23512529E+000 -0.54950167E-002 -0.45355983E-002 -0.16573431E-002  0.22932669E+000  0.34247145E+001  0.16556431E+002  0.33299365E+002  0.10316536E+003  0.17234826E+003
 -0.48133951E+000 -0.23511489E+000 -0.54949463E-002 -0.45355336E-002 -0.16572955E-002  0.22932675E+000  0.34247146E+001  0.16556431E+002  0.33299101E+002  0.10316535E+003  0.17234827E+003
 -0.48133801E+000 -0.23510501E+000 -0.54948792E-002 -0.45354711E-002 -0.16572470E-002  0.22932681E+000  0.34247147E+001  0.16556432E+002  0.33298827E+002  0.10316535E+003  0.17234827E+003
 -0.48133656E+000 -0.23509558E+000 -0.54948153E-002 -0.45354108E-002 -0.16571976E-002  0.22932687E+000  0.34247147E+001  0.16556432E+002  0.33298545E+002  0.10316535E+003  0.17234827E+003
 -0.48133517E+000 -0.23508652E+000 -0.54947543E-002 -0.45353526E-002 -0.16571474E-002  0.22932695E+000  0.34247148E+001  0.16556432E+002  0.33298254E+002  0.10316535E+003  0.17234827E+003
 -0.48133382E+000 -0.23507775E+000 -0.54946961E-002 -0.45352962E-002 -0.16570965E-002  0.22932704E+000  0.34247148E+001  0.16556432E+002  0.33297957E+002  0.10316535E+003  0.17234827E+003
 -0.48133249E+000 -0.23506921E+000 -0.54946402E-002 -0.45352413E-002 -0.16570448E-002  0.22932713E+000  0.34247149E+001  0.16556432E+002  0.33297654E+002  0.10316534E+003  0.17234827E+003
 -0.48133118E+000 -0.23506083E+000 -0.54945864E-002 -0.45351879E-002 -0.16569924E-002  0.22932724E+000  0.34247150E+001  0.16556432E+002  0.33297346E+002  0.10316534E+003  0.17234827E+003
 -0.48132988E+000 -0.23505253E+000 -0.54945343E-002 -0.45351355E-002 -0.16569392E-002  0.22932735E+000  0.34247151E+001  0.16556432E+002  0.33295832E+002  0.10316534E+003  0.17234827E+003
 -0.48132857E+000 -0.23504425E+000 -0.54944834E-002 -0.45350839E-002 -0.16568853E-002  0.22932748E+000  0.34247151E+001  0.16556431E+002  0.33293097E+002  0.10316534E+003  0.17234827E+003
 -0.48132725E+000 -0.23503592E+000 -0.54944335E-002 -0.45350327E-002 -0.16568306E-002  0.22932762E+000  0.34247152E+001  0.16556431E+002  0.33290337E+002  0.10316533E+003  0.17234827E+003
 -0.48132592E+000 -0.23502750E+000 -0.54943841E-002 -0.45349818E-002 -0.16567752E-002  0.22932778E+000  0.34247153E+001  0.16556431E+002  0.33287558E+002  0.10316533E+003  0.17234827E+003
 -0.48132455E+000 -0.23501894E+000 -0.54943349E-002 -0.45349309E-002 -0.16567189E-002  0.22932795E+000  0.34247154E+001  0.16556431E+002  0.33284768E+002  0.10316533E+003  0.17234827E+003
 -0.48132316E+000 -0.23501018E+000 -0.54942856E-002 -0.45348796E-002 -0.16566618E-002  0.22932813E+000  0.34247155E+001  0.16556431E+002  0.33281972E+002  0.10316533E+003  0.17234827E+003
 -0.48132173E+000 -0.23500119E+000 -0.54942359E-002 -0.45348278E-002 -0.16566038E-002  0.22932832E+000  0.34247156E+001  0.16556431E+002  0.33279177E+002  0.10316532E+003  0.17234827E+003
 -0.48132026E+000 -0.23499195E+000 -0.54941854E-002 -0.45347753E-002 -0.16565449E-002  0.22932852E+000  0.34247157E+001  0.16556431E+002  0.33276388E+002  0.10316532E+003  0.17234827E+003
 -0.48131875E+000 -0.23498241E+000 -0.54941341E-002 -0.45347218E-002 -0.16564850E-002  0.22932874E+000  0.34247159E+001  0.16556431E+002  0.33273613E+002  0.10316532E+003  0.17234826E+003
 -0.48131719E+000 -0.23497257E+000 -0.54940816E-002 -0.45346672E-002 -0.16564240E-002  0.22932897E+000  0.34247160E+001  0.16556431E+002  0.33270856E+002  0.10316532E+003  0.17234826E+003
 -0.48131558E+000 -0.23496240E+000 -0.54940278E-002 -0.45346113E-002 -0.16563618E-002  0.22932921E+000  0.34247162E+001  0.16556431E+002  0.33268124E+002  0.10316531E+003  0.17234826E+003
 -0.48131393E+000 -0.23495189E+000 -0.54939725E-002 -0.45345539E-002 -0.16562983E-002  0.22932946E+000  0.34247163E+001  0.16556431E+002  0.33265422E+002  0.10316531E+003  0.17234826E+003
 -0.48131223E+000 -0.23494105E+000 -0.54939157E-002 -0.45344951E-002 -0.16562333E-002  0.22932972E+000  0.34247165E+001  0.16556431E+002  0.33262757E+002  0.10316531E+003  0.17234826E+003
 -0.48131048E+000 -0.23492986E+000 -0.54938573E-002 -0.45344347E-002 -0.16561667E-002  0.22932999E+000  0.34247167E+001  0.16556431E+002  0.33260133E+002  0.10316531E+003  0.17234826E+003
 -0.48130868E+000 -0.23491834E+000 -0.54937973E-002 -0.45343725E-002 -0.16560984E-002  0.22933027E+000  0.34247169E+001  0.16556431E+002  0.33257557E+002  0.10316530E+003  0.17234826E+003
 -0.48130683E+000 -0.23490647E+000 -0.54937355E-002 -0.45343087E-002 -0.16560281E-002  0.22933055E+000  0.34247171E+001  0.16556431E+002  0.33255034E+002  0.10316530E+003  0.17234826E+003
 -0.48130493E+000 -0.23489429E+000 -0.54936721E-002 -0.45342430E-002 -0.16559558E-002  0.22933085E+000  0.34247173E+001  0.16556431E+002  0.33252569E+002  0.10316530E+003  0.17234826E+003
 -0.48130299E+000 -0.23488178E+000 -0.54936070E-002 -0.45341755E-002 -0.16558813E-002  0.22933116E+000  0.34247176E+001  0.16556431E+002  0.33250170E+002  0.10316530E+003  0.17234826E+003
 -0.48130100E+000 -0.23486897E+000 -0.54935402E-002 -0.45341062E-002 -0.16558045E-002  0.22933147E+000  0.34247178E+001  0.16556431E+002  0.33247843E+002  0.10316529E+003  0.17234826E+003
 -0.48129897E+000 -0.23485588E+000 -0.54934718E-002 -0.45340352E-002 -0.16557253E-002  0.22933180E+000  0.34247181E+001  0.16556431E+002  0.33245592E+002  0.10316529E+003  0.17234826E+003
 -0.48129690E+000 -0.23484251E+000 -0.54934020E-002 -0.45339624E-002 -0.16556436E-002  0.22933213E+000  0.34247184E+001  0.16556431E+002  0.33243425E+002  0.10316529E+003  0.17234826E+003
 -0.48129479E+000 -0.23482888E+000 -0.54933307E-002 -0.45338878E-002 -0.16555595E-002  0.22933247E+000  0.34247187E+001  0.16556431E+002  0.33241349E+002  0.10316529E+003  0.17234826E+003
 -0.48129264E+000 -0.23481502E+000 -0.54932580E-002 -0.45338117E-002 -0.16554729E-002  0.22933283E+000  0.34247190E+001  0.16556431E+002  0.33239368E+002  0.10316529E+003  0.17234826E+003
 -0.48129047E+000 -0.23480094E+000 -0.54931841E-002 -0.45337340E-002 -0.16553839E-002  0.22933319E+000  0.34247194E+001  0.16556431E+002  0.33237489E+002  0.10316528E+003  0.17234826E+003
 -0.48128826E+000 -0.23478667E+000 -0.54931091E-002 -0.45336549E-002 -0.16552926E-002  0.22933356E+000  0.34247197E+001  0.16556431E+002  0.33235717E+002  0.10316528E+003  0.17234826E+003
 -0.48128602E+000 -0.23477223E+000 -0.54930330E-002 -0.45335745E-002 -0.16551991E-002  0.22933394E+000  0.34247201E+001  0.16556431E+002  0.33234057E+002  0.10316528E+003  0.17234826E+003
 -0.48128376E+000 -0.23475764E+000 -0.54929561E-002 -0.45334930E-002 -0.16551035E-002  0.22933434E+000  0.34247205E+001  0.16556431E+002  0.33232514E+002  0.10316528E+003  0.17234826E+003
 -0.48128148E+000 -0.23474294E+000 -0.54928785E-002 -0.45334104E-002 -0.16550061E-002  0.22933474E+000  0.34247209E+001  0.16556432E+002  0.33231091E+002  0.10316528E+003  0.17234826E+003
 -0.48127919E+000 -0.23472814E+000 -0.54928004E-002 -0.45333270E-002 -0.16549071E-002  0.22933514E+000  0.34247213E+001  0.16556432E+002  0.33229791E+002  0.10316527E+003  0.17234826E+003
 -0.48127689E+000 -0.23471329E+000 -0.54927218E-002 -0.45332430E-002 -0.16548067E-002  0.22933556E+000  0.34247217E+001  0.16556432E+002  0.33228617E+002  0.10316527E+003  0.17234827E+003
 -0.48127458E+000 -0.23469840E+000 -0.54926430E-002 -0.45331585E-002 -0.16547052E-002  0.22933598E+000  0.34247222E+001  0.16556432E+002  0.33227569E+002  0.10316527E+003  0.17234827E+003
 -0.48127227E+000 -0.23468351E+000 -0.54925641E-002 -0.45330738E-002 -0.16546029E-002  0.22933641E+000  0.34247226E+001  0.16556432E+002  0.33226649E+002  0.10316527E+003  0.17234827E+003
 -0.48126997E+000 -0.23463433E+000 -0.54924853E-002 -0.45329890E-002 -0.16545000E-002  0.22933685E+000  0.34247231E+001  0.16556432E+002  0.33225856E+002  0.10316527E+003  0.17234827E+003
 -0.48126767E+000 -0.23457854E+000 -0.54924068E-002 -0.45329043E-002 -0.16543969E-002  0.22933729E+000  0.34247236E+001  0.16556432E+002  0.33225189E+002  0.10316527E+003  0.17234827E+003
 -0.48126539E+000 -0.23452309E+000 -0.54923287E-002 -0.45328200E-002 -0.16542940E-002  0.22933774E+000  0.34247241E+001  0.16556432E+002  0.33224645E+002  0.10316527E+003  0.17234827E+003
 -0.48126312E+000 -0.23446810E+000 -0.54922513E-002 -0.45327363E-002 -0.16541915E-002  0.22933818E+000  0.34247246E+001  0.16556432E+002  0.33224223E+002  0.10316527E+003  0.17234827E+003
 -0.48126088E+000 -0.23441368E+000 -0.54921747E-002 -0.45326534E-002 -0.16540897E-002  0.22933863E+000  0.34247251E+001  0.16556432E+002  0.33223918E+002  0.10316527E+003  0.17234827E+003
 -0.48125867E+000 -0.23435994E+000 -0.54920990E-002 -0.45325715E-002 -0.16539891E-002  0.22933908E+000  0.34247256E+001  0.16556433E+002  0.33223726E+002  0.10316526E+003  0.17234827E+003
 -0.48125649E+000 -0.23430699E+000 -0.54920244E-002 -0.45324908E-002 -0.16538899E-002  0.22933953E+000  0.34247261E+001  0.16556433E+002  0.33223641E+002  0.10316526E+003  0.17234827E+003
 -0.48125435E+000 -0.23425493E+000 -0.54919511E-002 -0.45324114E-002 -0.16537925E-002  0.22933998E+000  0.34247266E+001  0.16556433E+002  0.33223658E+002  0.10316526E+003  0.17234828E+003
 -0.48125225E+000 -0.23420387E+000 -0.54918792E-002 -0.45323337E-002 -0.16536972E-002  0.22934042E+000  0.34247271E+001  0.16556433E+002  0.33223769E+002  0.10316526E+003  0.17234828E+003
 -0.48125019E+000 -0.23415389E+000 -0.54918089E-002 -0.45322577E-002 -0.16536042E-002  0.22934087E+000  0.34247276E+001  0.16556433E+002  0.33223968E+002  0.10316526E+003  0.17234828E+003
 -0.48124819E+000 -0.23410509E+000 -0.54917402E-002 -0.45321836E-002 -0.16535139E-002  0.22934130E+000  0.34247281E+001  0.16556433E+002  0.33224247E+002  0.10316526E+003  0.17234828E+003
 -0.48124624E+000 -0.23405755E+000 -0.54916734E-002 -0.45321116E-002 -0.16534264E-002  0.22934173E+000  0.34247286E+001  0.16556433E+002  0.33224598E+002  0.10316526E+003  0.17234828E+003
 -0.48124435E+000 -0.23401135E+000 -0.54916085E-002 -0.45320419E-002 -0.16533422E-002  0.22934216E+000  0.34247291E+001  0.16556434E+002  0.33225013E+002  0.10316526E+003  0.17234828E+003
 -0.48124251E+000 -0.23396656E+000 -0.54915456E-002 -0.45319745E-002 -0.16532614E-002  0.22934257E+000  0.34247296E+001  0.16556434E+002  0.33225481E+002  0.10316526E+003  0.17234828E+003
 -0.48124074E+000 -0.23392323E+000 -0.54914848E-002 -0.45319096E-002 -0.16531841E-002  0.22934298E+000  0.34247300E+001  0.16556434E+002  0.33225996E+002  0.10316526E+003  0.17234828E+003
 -0.48123904E+000 -0.23388143E+000 -0.54914263E-002 -0.45318473E-002 -0.16531106E-002  0.22934337E+000  0.34247305E+001  0.16556434E+002  0.33226547E+002  0.10316526E+003  0.17234829E+003
 -0.48123740E+000 -0.23384121E+000 -0.54913700E-002 -0.45317877E-002 -0.16530411E-002  0.22934376E+000  0.34247309E+001  0.16556434E+002  0.33227126E+002  0.10316526E+003  0.17234829E+003
 -0.48123583E+000 -0.23380259E+000 -0.54913160E-002 -0.45317309E-002 -0.16529757E-002  0.22934413E+000  0.34247314E+001  0.16556434E+002  0.33227724E+002  0.10316526E+003  0.17234829E+003
 -0.48123433E+000 -0.23376562E+000 -0.54912644E-002 -0.45316769E-002 -0.16529144E-002  0.22934449E+000  0.34247318E+001  0.16556434E+002  0.33228332E+002  0.10316526E+003  0.17234829E+003
 -0.48123290E+000 -0.23373032E+000 -0.54912152E-002 -0.45316257E-002 -0.16528573E-002  0.22934483E+000  0.34247322E+001  0.16556435E+002  0.33228942E+002  0.10316526E+003  0.17234829E+003
 -0.48123155E+000 -0.23369671E+000 -0.54911684E-002 -0.45315774E-002 -0.16528046E-002  0.22934517E+000  0.34247326E+001  0.16556435E+002  0.33229545E+002  0.10316526E+003  0.17234829E+003
 -0.48123027E+000 -0.23366480E+000 -0.54911240E-002 -0.45315320E-002 -0.16527561E-002  0.22934548E+000  0.34247330E+001  0.16556435E+002  0.33230135E+002  0.10316526E+003  0.17234829E+003
 -0.48122907E+000 -0.23363460E+000 -0.54910822E-002 -0.45314896E-002 -0.16527120E-002  0.22934579E+000  0.34247334E+001  0.16556435E+002  0.33230703E+002  0.10316526E+003  0.17234829E+003
 -0.48122793E+000 -0.23360609E+000 -0.54910427E-002 -0.45314501E-002 -0.16526721E-002  0.22934607E+000  0.34247337E+001  0.16556435E+002  0.33231243E+002  0.10316526E+003  0.17234829E+003
 -0.48122687E+000 -0.23357927E+000 -0.54910057E-002 -0.45314134E-002 -0.16526365E-002  0.22934634E+000  0.34247340E+001  0.16556435E+002  0.33231749E+002  0.10316526E+003  0.17234829E+003
 -0.48122589E+000 -0.23355412E+000 -0.54909710E-002 -0.45313795E-002 -0.16526050E-002  0.22934659E+000  0.34247344E+001  0.16556435E+002  0.33232216E+002  0.10316526E+003  0.17234830E+003
 -0.48122497E+000 -0.23353061E+000 -0.54909387E-002 -0.45313484E-002 -0.16525776E-002  0.22934683E+000  0.34247346E+001  0.16556435E+002  0.33232638E+002  0.10316526E+003  0.17234830E+003
 -0.48122412E+000 -0.23350871E+000 -0.54909087E-002 -0.45313200E-002 -0.16525541E-002  0.22934705E+000  0.34247349E+001  0.16556435E+002  0.33233012E+002  0.10316526E+003  0.17234830E+003
 -0.48122334E+000 -0.23348839E+000 -0.54908810E-002 -0.45312943E-002 -0.16525343E-002  0.22934725E+000  0.34247352E+001  0.16556435E+002  0.33233333E+002  0.10316526E+003  0.17234830E+003
 -0.48122263E+000 -0.23346960E+000 -0.54908554E-002 -0.45312711E-002 -0.16525182E-002  0.22934744E+000  0.34247354E+001  0.16556435E+002  0.33233600E+002  0.10316526E+003  0.17234830E+003
 -0.48122198E+000 -0.23345231E+000 -0.54908319E-002 -0.45312503E-002 -0.16525056E-002  0.22934761E+000  0.34247356E+001  0.16556436E+002  0.33233810E+002  0.10316526E+003  0.17234830E+003
 -0.48122139E+000 -0.23343645E+000 -0.54908105E-002 -0.45312319E-002 -0.16524962E-002  0.22934777E+000  0.34247358E+001  0.16556436E+002  0.33233961E+002  0.10316526E+003  0.17234830E+003
 -0.48122086E+000 -0.23342198E+000 -0.54907910E-002 -0.45312157E-002 -0.16524899E-002  0.22934790E+000  0.34247360E+001  0.16556436E+002  0.33234052E+002  0.10316526E+003  0.17234830E+003
 -0.48122038E+000 -0.23340883E+000 -0.54907734E-002 -0.45312016E-002 -0.16524864E-002  0.22934803E+000  0.34247362E+001  0.16556436E+002  0.33234083E+002  0.10316526E+003  0.17234830E+003
 -0.48121996E+000 -0.23339694E+000 -0.54907575E-002 -0.45311896E-002 -0.16524857E-002  0.22934813E+000  0.34247363E+001  0.16556436E+002  0.33234054E+002  0.10316526E+003  0.17234830E+003
 -0.48121959E+000 -0.23338626E+000 -0.54907434E-002 -0.45311794E-002 -0.16524874E-002  0.22934823E+000  0.34247365E+001  0.16556436E+002  0.33233966E+002  0.10316526E+003  0.17234830E+003
 -0.48121926E+000 -0.23337672E+000 -0.54907308E-002 -0.45311709E-002 -0.16524913E-002  0.22934831E+000  0.34247366E+001  0.16556436E+002  0.33233820E+002  0.10316526E+003  0.17234830E+003
 -0.48121898E+000 -0.23336826E+000 -0.54907198E-002 -0.45311641E-002 -0.16524973E-002  0.22934837E+000  0.34247367E+001  0.16556436E+002  0.33233617E+002  0.10316526E+003  0.17234830E+003
 -0.48121874E+000 -0.23336080E+000 -0.54907101E-002 -0.45311588E-002 -0.16525051E-002  0.22934843E+000  0.34247368E+001  0.16556436E+002  0.33233359E+002  0.10316526E+003  0.17234830E+003
 -0.48121854E+000 -0.23335428E+000 -0.54907017E-002 -0.45311549E-002 -0.16525145E-002  0.22934847E+000  0.34247369E+001  0.16556436E+002  0.33233049E+002  0.10316526E+003  0.17234830E+003
 -0.48121838E+000 -0.23334865E+000 -0.54906946E-002 -0.45311523E-002 -0.16525254E-002  0.22934850E+000  0.34247370E+001  0.16556436E+002  0.33232689E+002  0.10316525E+003  0.17234830E+003
 -0.48121825E+000 -0.23334382E+000 -0.54906885E-002 -0.45311507E-002 -0.16525374E-002  0.22934852E+000  0.34247370E+001  0.16556436E+002  0.33232281E+002  0.10316525E+003  0.17234830E+003
 -0.48121814E+000 -0.23333975E+000 -0.54906835E-002 -0.45311503E-002 -0.16525506E-002  0.22934854E+000  0.34247371E+001  0.16556436E+002  0.33231829E+002  0.10316525E+003  0.17234830E+003
 -0.48121807E+000 -0.23333636E+000 -0.54906794E-002 -0.45311507E-002 -0.16525645E-002  0.22934854E+000  0.34247371E+001  0.16556436E+002  0.33231335E+002  0.10316525E+003  0.17234830E+003
 -0.48121801E+000 -0.23333360E+000 -0.54906762E-002 -0.45311519E-002 -0.16525792E-002  0.22934853E+000  0.34247371E+001  0.16556436E+002  0.33230803E+002  0.10316525E+003  0.17234830E+003
 -0.48121798E+000 -0.23333141E+000 -0.54906737E-002 -0.45311539E-002 -0.16525944E-002  0.22934852E+000  0.34247372E+001  0.16556436E+002  0.33230236E+002  0.10316525E+003  0.17234830E+003
 -0.48121797E+000 -0.23332974E+000 -0.54906719E-002 -0.45311564E-002 -0.16526100E-002  0.22934850E+000  0.34247372E+001  0.16556436E+002  0.33229636E+002  0.10316525E+003  0.17234830E+003
 -0.48121798E+000 -0.23332853E+000 -0.54906707E-002 -0.45311595E-002 -0.16526259E-002  0.22934848E+000  0.34247372E+001  0.16556436E+002  0.33229007E+002  0.10316525E+003  0.17234830E+003
 -0.48121800E+000 -0.23332773E+000 -0.54906701E-002 -0.45311630E-002 -0.16526419E-002  0.22934845E+000  0.34247372E+001  0.16556436E+002  0.33228352E+002  0.10316525E+003  0.17234830E+003
 -0.48121803E+000 -0.23332730E+000 -0.54906700E-002 -0.45311669E-002 -0.16526580E-002  0.22934842E+000  0.34247372E+001  0.16556436E+002  0.33227674E+002  0.10316525E+003  0.17234829E+003
 -0.48121807E+000 -0.23332719E+000 -0.54906702E-002 -0.45311711E-002 -0.16526739E-002  0.22934838E+000  0.34247372E+001  0.16556436E+002  0.33226976E+002  0.10316525E+003  0.17234829E+003
 -0.48121813E+000 -0.23332736E+000 -0.54906708E-002 -0.45311755E-002 -0.16526897E-002  0.22934834E+000  0.34247371E+001  0.16556436E+002  0.33226261E+002  0.10316525E+003  0.17234829E+003
 -0.48121819E+000 -0.23332777E+000 -0.54906718E-002 -0.45311801E-002 -0.16527053E-002  0.22934830E+000  0.34247371E+001  0.16556436E+002  0.33225532E+002  0.10316524E+003  0.17234829E+003
 -0.48121825E+000 -0.23332840E+000 -0.54906730E-002 -0.45311848E-002 -0.16527205E-002  0.22934825E+000  0.34247371E+001  0.16556436E+002  0.33224790E+002  0.10316524E+003  0.17234829E+003
 -0.48121832E+000 -0.23332920E+000 -0.54906744E-002 -0.45311896E-002 -0.16527354E-002  0.22934820E+000  0.34247371E+001  0.16556436E+002  0.33224039E+002  0.10316524E+003  0.17234829E+003
 -0.48121840E+000 -0.23333014E+000 -0.54906759E-002 -0.45311944E-002 -0.16527498E-002  0.22934816E+000  0.34247370E+001  0.16556436E+002  0.33223281E+002  0.10316524E+003  0.17234829E+003
 -0.48121847E+000 -0.23333121E+000 -0.54906777E-002 -0.45311992E-002 -0.16527638E-002  0.22934811E+000  0.34247370E+001  0.16556436E+002  0.33222518E+002  0.10316524E+003  0.17234829E+003
 -0.48121855E+000 -0.23333238E+000 -0.54906795E-002 -0.45312039E-002 -0.16527773E-002  0.22934806E+000  0.34247370E+001  0.16556436E+002  0.33221752E+002  0.10316524E+003  0.17234829E+003
 -0.48121863E+000 -0.23333362E+000 -0.54906814E-002 -0.45312086E-002 -0.16527903E-002  0.22934801E+000  0.34247369E+001  0.16556436E+002  0.33220985E+002  0.10316524E+003  0.17234829E+003
 -0.48121871E+000 -0.23333492E+000 -0.54906834E-002 -0.45312132E-002 -0.16528028E-002  0.22934796E+000  0.34247369E+001  0.16556436E+002  0.33220218E+002  0.10316524E+003  0.17234829E+003
 -0.48121879E+000 -0.23333626E+000 -0.54906854E-002 -0.45312177E-002 -0.16528147E-002  0.22934791E+000  0.34247369E+001  0.16556436E+002  0.33219454E+002  0.10316524E+003  0.17234829E+003
 -0.48121887E+000 -0.23333763E+000 -0.54906874E-002 -0.45312221E-002 -0.16528260E-002  0.22934787E+000  0.34247368E+001  0.16556436E+002  0.33218693E+002  0.10316524E+003  0.17234829E+003
 -0.48121895E+000 -0.23333901E+000 -0.54906895E-002 -0.45312263E-002 -0.16528368E-002  0.22934782E+000  0.34247368E+001  0.16556436E+002  0.33217937E+002  0.10316523E+003  0.17234828E+003
 -0.48121902E+000 -0.23334040E+000 -0.54906915E-002 -0.45312303E-002 -0.16528470E-002  0.22934777E+000  0.34247367E+001  0.16556436E+002  0.33217187E+002  0.10316523E+003  0.17234828E+003
 -0.48121909E+000 -0.23334177E+000 -0.54906935E-002 -0.45312343E-002 -0.16528567E-002  0.22934773E+000  0.34247367E+001  0.16556436E+002  0.33216444E+002  0.10316523E+003  0.17234828E+003
 -0.48121916E+000 -0.23334313E+000 -0.54906954E-002 -0.45312380E-002 -0.16528659E-002  0.22934769E+000  0.34247367E+001  0.16556436E+002  0.33215709E+002  0.10316523E+003  0.17234828E+003
 -0.48121923E+000 -0.23334447E+000 -0.54906973E-002 -0.45312416E-002 -0.16528745E-002  0.22934765E+000  0.34247366E+001  0.16556436E+002  0.33214982E+002  0.10316523E+003  0.17234828E+003
 -0.48121930E+000 -0.23334578E+000 -0.54906992E-002 -0.45312450E-002 -0.16528826E-002  0.22934761E+000  0.34247366E+001  0.16556435E+002  0.33214265E+002  0.10316523E+003  0.17234828E+003
 -0.48121936E+000 -0.23334706E+000 -0.54907010E-002 -0.45312483E-002 -0.16528903E-002  0.22934757E+000  0.34247365E+001  0.16556435E+002  0.33213559E+002  0.10316523E+003  0.17234828E+003
 -0.48121942E+000 -0.23334830E+000 -0.54907027E-002 -0.45312514E-002 -0.16528974E-002  0.22934753E+000  0.34247365E+001  0.16556435E+002  0.33212862E+002  0.10316523E+003  0.17234828E+003
 -0.48121948E+000 -0.23334950E+000 -0.54907044E-002 -0.45312543E-002 -0.16529041E-002  0.22934750E+000  0.34247365E+001  0.16556435E+002  0.33212177E+002  0.10316523E+003  0.17234828E+003
 -0.48121953E+000 -0.23335067E+000 -0.54907060E-002 -0.45312571E-002 -0.16529104E-002  0.22934747E+000  0.34247364E+001  0.16556435E+002  0.33211504E+002  0.10316523E+003  0.17234828E+003
 -0.48121959E+000 -0.23335178E+000 -0.54907075E-002 -0.45312597E-002 -0.16529162E-002  0.22934743E+000  0.34247364E+001  0.16556435E+002  0.33210842E+002  0.10316523E+003  0.17234828E+003
 -0.48121964E+000 -0.23335286E+000 -0.54907090E-002 -0.45312622E-002 -0.16529217E-002  0.22934740E+000  0.34247364E+001  0.16556435E+002  0.33210192E+002  0.10316522E+003  0.17234828E+003
 -0.48121968E+000 -0.23335388E+000 -0.54907104E-002 -0.45312645E-002 -0.16529268E-002  0.22934738E+000  0.34247363E+001  0.16556435E+002  0.33209555E+002  0.10316522E+003  0.17234827E+003
 -0.48121973E+000 -0.23335487E+000 -0.54907118E-002 -0.45312667E-002 -0.16529315E-002  0.22934735E+000  0.34247363E+001  0.16556435E+002  0.33208929E+002  0.10316522E+003  0.17234827E+003
 -0.48121977E+000 -0.23335581E+000 -0.54907131E-002 -0.45312688E-002 -0.16529359E-002  0.22934732E+000  0.34247362E+001  0.16556435E+002  0.33208317E+002  0.10316522E+003  0.17234827E+003
 -0.48121981E+000 -0.23335670E+000 -0.54907143E-002 -0.45312707E-002 -0.16529400E-002  0.22934730E+000  0.34247362E+001  0.16556435E+002  0.33207716E+002  0.10316522E+003  0.17234827E+003
 -0.48121985E+000 -0.23335755E+000 -0.54907154E-002 -0.45312725E-002 -0.16529438E-002  0.22934728E+000  0.34247362E+001  0.16556435E+002  0.33207129E+002  0.10316522E+003  0.17234827E+003
 -0.48121988E+000 -0.23335836E+000 -0.54907165E-002 -0.45312742E-002 -0.16529473E-002  0.22934726E+000  0.34247361E+001  0.16556435E+002  0.33206553E+002  0.10316522E+003  0.17234827E+003
 -0.48121991E+000 -0.23335912E+000 -0.54907176E-002 -0.45312758E-002 -0.16529506E-002  0.22934724E+000  0.34247361E+001  0.16556435E+002  0.33205991E+002  0.10316522E+003  0.17234827E+003
 -0.48121994E+000 -0.23335984E+000 -0.54907186E-002 -0.45312773E-002 -0.16529536E-002  0.22934722E+000  0.34247361E+001  0.16556435E+002  0.33205440E+002  0.10316522E+003  0.17234827E+003
 -0.48121997E+000 -0.23336053E+000 -0.54907195E-002 -0.45312787E-002 -0.16529565E-002  0.22934720E+000  0.34247361E+001  0.16556435E+002  0.33204902E+002  0.10316522E+003  0.17234827E+003
 -0.48122000E+000 -0.23336117E+000 -0.54907203E-002 -0.45312800E-002 -0.16529591E-002  0.22934719E+000  0.34247360E+001  0.16556435E+002  0.33204376E+002  0.10316522E+003  0.17234827E+003
 -0.48122003E+000 -0.23336178E+000 -0.54907212E-002 -0.45312812E-002 -0.16529615E-002  0.22934717E+000  0.34247360E+001  0.16556435E+002  0.33203863E+002  0.10316522E+003  0.17234827E+003
 -0.48122005E+000 -0.23336235E+000 -0.54907219E-002 -0.45312824E-002 -0.16529638E-002  0.22934716E+000  0.34247360E+001  0.16556435E+002  0.33203361E+002  0.10316521E+003  0.17234827E+003
 -0.48122007E+000 -0.23336289E+000 -0.54907227E-002 -0.45312835E-002 -0.16529659E-002  0.22934714E+000  0.34247359E+001  0.16556435E+002  0.33202870E+002  0.10316521E+003  0.17234826E+003
 -0.48122009E+000 -0.23336340E+000 -0.54907233E-002 -0.45312845E-002 -0.16529679E-002  0.22934713E+000  0.34247359E+001  0.16556435E+002  0.33202391E+002  0.10316521E+003  0.17234826E+003
 -0.48122011E+000 -0.23336387E+000 -0.54907240E-002 -0.45312854E-002 -0.16529697E-002  0.22934712E+000  0.34247359E+001  0.16556435E+002  0.33201924E+002  0.10316521E+003  0.17234826E+003
 -0.48122013E+000 -0.23336431E+000 -0.54907246E-002 -0.45312863E-002 -0.16529715E-002  0.22934711E+000  0.34247359E+001  0.16556435E+002  0.33201468E+002  0.10316521E+003  0.17234826E+003
 -0.48122015E+000 -0.23336473E+000 -0.54907251E-002 -0.45312871E-002 -0.16529731E-002  0.22934710E+000  0.34247359E+001  0.16556435E+002  0.33201022E+002  0.10316521E+003  0.17234826E+003
 -0.48122016E+000 -0.23336511E+000 -0.54907256E-002 -0.45312879E-002 -0.16529746E-002  0.22934709E+000  0.34247358E+001  0.16556435E+002  0.33200587E+002  0.10316521E+003  0.17234826E+003
 -0.48122018E+000 -0.23336548E+000 -0.54907261E-002 -0.45312886E-002 -0.16529761E-002  0.22934708E+000  0.34247358E+001  0.16556435E+002  0.33200163E+002  0.10316521E+003  0.17234826E+003
 -0.48122019E+000 -0.23336581E+000 -0.54907266E-002 -0.45312893E-002 -0.16529774E-002  0.22934707E+000  0.34247358E+001  0.16556435E+002  0.33199749E+002  0.10316521E+003  0.17234826E+003
 -0.48122020E+000 -0.23336613E+000 -0.54907270E-002 -0.45312899E-002 -0.16529787E-002  0.22934706E+000  0.34247358E+001  0.16556435E+002  0.33199345E+002  0.10316521E+003  0.17234826E+003
 -0.48122022E+000 -0.23336642E+000 -0.54907274E-002 -0.45312905E-002 -0.16529799E-002  0.22934706E+000  0.34247358E+001  0.16556435E+002  0.33198951E+002  0.10316521E+003  0.17234826E+003
 -0.48122023E+000 -0.23336669E+000 -0.54907277E-002 -0.45312911E-002 -0.16529811E-002  0.22934705E+000  0.34247357E+001  0.16556435E+002  0.33198566E+002  0.10316521E+003  0.17234826E+003
 -0.48122024E+000 -0.23336694E+000 -0.54907281E-002 -0.45312916E-002 -0.16529822E-002  0.22934704E+000  0.34247357E+001  0.16556435E+002  0.33198191E+002  0.10316521E+003  0.17234826E+003
 -0.48122025E+000 -0.23336717E+000 -0.54907284E-002 -0.45312921E-002 -0.16529833E-002  0.22934704E+000  0.34247357E+001  0.16556435E+002  0.33197824E+002  0.10316521E+003  0.17234826E+003
 -0.48122026E+000 -0.23336739E+000 -0.54907287E-002 -0.45312926E-002 -0.16529844E-002  0.22934703E+000  0.34247357E+001  0.16556435E+002  0.33197467E+002  0.10316521E+003  0.17234826E+003
 -0.48122026E+000 -0.23336759E+000 -0.54907289E-002 -0.45312930E-002 -0.16529854E-002  0.22934702E+000  0.34247357E+001  0.16556435E+002  0.33197118E+002  0.10316521E+003  0.17234826E+003
 -0.48122027E+000 -0.23336777E+000 -0.54907292E-002 -0.45312935E-002 -0.16529863E-002  0.22934702E+000  0.34247357E+001  0.16556435E+002  0.33196778E+002  0.10316521E+003  0.17234826E+003
 -0.48122028E+000 -0.23336794E+000 -0.54907294E-002 -0.45312939E-002 -0.16529873E-002  0.22934701E+000  0.34247357E+001  0.16556435E+002  0.33196446E+002  0.10316520E+003  0.17234825E+003
 -0.48122028E+000 -0.23336810E+000 -0.54907296E-002 -0.45312943E-002 -0.16529882E-002  0.22934701E+000  0.34247356E+001  0.16556435E+002  0.33196122E+002  0.10316520E+003  0.17234825E+003
 -0.48122029E+000 -0.23336824E+000 -0.54907298E-002 -0.45312946E-002 -0.16529891E-002  0.22934700E+000  0.34247356E+001  0.16556435E+002  0.33195806E+002  0.10316520E+003  0.17234825E+003
 -0.48122030E+000 -0.23336837E+000 -0.54907300E-002 -0.45312950E-002 -0.16529900E-002  0.22934700E+000  0.34247356E+001  0.16556435E+002  0.33195497E+002  0.10316520E+003  0.17234825E+003
 -0.48122030E+000 -0.23336849E+000 -0.54907302E-002 -0.45312953E-002 -0.16529909E-002  0.22934699E+000  0.34247356E+001  0.16556435E+002  0.33195196E+002  0.10316520E+003  0.17234825E+003
 -0.48122031E+000 -0.23336860E+000 -0.54907303E-002 -0.45312957E-002 -0.16529917E-002  0.22934699E+000  0.34247356E+001  0.16556435E+002  0.33194902E+002  0.10316520E+003  0.17234825E+003
 -0.48122031E+000 -0.23336870E+000 -0.54907305E-002 -0.45312960E-002 -0.16529926E-002  0.22934699E+000  0.34247356E+001  0.16556435E+002  0.33194615E+002  0.10316520E+003  0.17234825E+003
 -0.48122032E+000 -0.23336879E+000 -0.54907306E-002 -0.45312963E-002 -0.16529934E-002  0.22934698E+000  0.34247356E+001  0.16556435E+002  0.33194335E+002  0.10316520E+003  0.17234825E+003
 -0.48122032E+000 -0.23336888E+000 -0.54907307E-002 -0.45312966E-002 -0.16529942E-002  0.22934698E+000  0.34247356E+001  0.16556435E+002  0.33194062E+002  0.10316520E+003  0.17234825E+003
 -0.48122032E+000 -0.23336895E+000 -0.54907308E-002 -0.45312968E-002 -0.16529950E-002  0.22934697E+000  0.34247356E+001  0.16556435E+002  0.33193795E+002  0.10316520E+003  0.17234825E+003
 -0.48122033E+000 -0.23336902E+000 -0.54907309E-002 -0.45312971E-002 -0.16529958E-002  0.22934697E+000  0.34247355E+001  0.16556435E+002  0.33193534E+002  0.10316520E+003  0.17234825E+003
 -0.48122033E+000 -0.23336908E+000 -0.54907310E-002 -0.45312974E-002 -0.16529965E-002  0.22934697E+000  0.34247355E+001  0.16556435E+002  0.33193280E+002  0.10316520E+003  0.17234825E+003
 -0.48122033E+000 -0.23336913E+000 -0.54907311E-002 -0.45312976E-002 -0.16529973E-002  0.22934696E+000  0.34247355E+001  0.16556435E+002  0.33193032E+002  0.10316520E+003  0.17234825E+003
 -0.48122034E+000 -0.23336918E+000 -0.54907311E-002 -0.45312979E-002 -0.16529981E-002  0.22934696E+000  0.34247355E+001  0.16556435E+002  0.33192790E+002  0.10316520E+003  0.17234825E+003
 -0.48122034E+000 -0.23336923E+000 -0.54907312E-002 -0.45312981E-002 -0.16529988E-002  0.22934696E+000  0.34247355E+001  0.16556435E+002  0.33192554E+002  0.10316520E+003  0.17234825E+003
 -0.48122034E+000 -0.23336927E+000 -0.54907313E-002 -0.45312983E-002 -0.16529995E-002  0.22934695E+000  0.34247355E+001  0.16556435E+002  0.33192324E+002  0.10316520E+003  0.17234825E+003
 -0.48122034E+000 -0.23336930E+000 -0.54907313E-002 -0.45312985E-002 -0.16530002E-002  0.22934695E+000  0.34247355E+001  0.16556435E+002  0.33192099E+002  0.10316520E+003  0.17234825E+003
 -0.48122035E+000 -0.23336933E+000 -0.54907314E-002 -0.45312987E-002 -0.16530009E-002  0.22934695E+000  0.34247355E+001  0.16556435E+002  0.33191880E+002  0.10316520E+003  0.17234825E+003
 -0.48122035E+000 -0.23336935E+000 -0.54907314E-002 -0.45312989E-002 -0.16530016E-002  0.22934694E+000  0.34247355E+001  0.16556435E+002  0.33191666E+002  0.10316520E+003  0.17234825E+003
 -0.48122035E+000 -0.23336937E+000 -0.54907314E-002 -0.45312991E-002 -0.16530023E-002  0.22934694E+000  0.34247355E+001  0.16556435E+002  0.33191457E+002  0.10316520E+003  0.17234825E+003
 -0.48122035E+000 -0.23336938E+000 -0.54907315E-002 -0.45312993E-002 -0.16530029E-002  0.22934694E+000  0.34247355E+001  0.16556435E+002  0.33191254E+002  0.10316520E+003  0.17234825E+003
 -0.48122035E+000 -0.23336939E+000 -0.54907315E-002 -0.45312995E-002 -0.16530036E-002  0.22934694E+000  0.34247355E+001  0.16556435E+002  0.33191055E+002  0.10316520E+003  0.17234825E+003
 -0.48122035E+000 -0.23336939E+000 -0.54907315E-002 -0.45312996E-002 -0.16530042E-002  0.22934693E+000  0.34247355E+001  0.16556435E+002  0.33190862E+002  0.10316520E+003  0.17234825E+003
 -0.48122035E+000 -0.23336938E+000 -0.54907315E-002 -0.45312998E-002 -0.16530048E-002  0.22934693E+000  0.34247355E+001  0.16556435E+002  0.33190674E+002  0.10316520E+003  0.17234825E+003
 -0.48122035E+000 -0.23336936E+000 -0.54907315E-002 -0.45312999E-002 -0.16530054E-002  0.22934693E+000  0.34247355E+001  0.16556435E+002  0.33190491E+002  0.10316520E+003  0.17234825E+003
 -0.48122035E+000 -0.23336932E+000 -0.54907314E-002 -0.45313000E-002 -0.16530059E-002  0.22934693E+000  0.34247354E+001  0.16556435E+002  0.33190313E+002  0.10316520E+003  0.17234824E+003
 -0.48122035E+000 -0.23336927E+000 -0.54907314E-002 -0.45313001E-002 -0.16530064E-002  0.22934692E+000  0.34247354E+001  0.16556435E+002  0.33190140E+002  0.10316520E+003  0.17234824E+003
 -0.48122035E+000 -0.23336919E+000 -0.54907313E-002 -0.45313001E-002 -0.16530069E-002  0.22934692E+000  0.34247354E+001  0.16556435E+002  0.33189971E+002  0.10316520E+003  0.17234824E+003
 -0.48122034E+000 -0.23336907E+000 -0.54907311E-002 -0.45313001E-002 -0.16530073E-002  0.22934692E+000  0.34247354E+001  0.16556435E+002  0.33189809E+002  0.10316520E+003  0.17234824E+003
 -0.48122034E+000 -0.23336889E+000 -0.54907309E-002 -0.45313000E-002 -0.16530076E-002  0.22934692E+000  0.34247354E+001  0.16556435E+002  0.33189651E+002  0.10316520E+003  0.17234824E+003
 -0.48122033E+000 -0.23336863E+000 -0.54907305E-002 -0.45312998E-002 -0.16530078E-002  0.22934692E+000  0.34247354E+001  0.16556435E+002  0.33189499E+002  0.10316519E+003  0.17234824E+003
 -0.48122031E+000 -0.23336824E+000 -0.54907300E-002 -0.45312995E-002 -0.16530079E-002  0.22934692E+000  0.34247354E+001  0.16556435E+002  0.33189353E+002  0.10316519E+003  0.17234824E+003
 -0.48122029E+000 -0.23336764E+000 -0.54907291E-002 -0.45312987E-002 -0.16530076E-002  0.22934692E+000  0.34247354E+001  0.16556435E+002  0.33189215E+002  0.10316519E+003  0.17234824E+003
