  0.30362197E+000  0.31846409E+000  0.46007078E+000  0.62776830E+000  0.80336364E+000  0.91049781E+000  0.12870709E+001  0.18912357E+001  0.26378553E+001  0.41029739E+001  0.58408431E+001
  0.30355587E+000  0.31846409E+000  0.46007078E+000  0.62776830E+000  0.80333272E+000  0.91051711E+000  0.12870709E+001  0.18908232E+001  0.26355243E+001  0.41024873E+001  0.58407640E+001
  0.30349816E+000  0.31846409E+000  0.46007078E+000  0.62776830E+000  0.80330570E+000  0.91048884E+000  0.12870709E+001  0.18905270E+001  0.26348430E+001  0.41019816E+001  0.58406770E+001
  0.30344747E+000  0.31846409E+000  0.46007078E+000  0.62776830E+000  0.80328674E+000  0.91044340E+000  0.12870709E+001  0.18903954E+001  0.26330784E+001  0.41013462E+001  0.58404332E+001
  0.30340341E+000  0.31846409E+000  0.46007078E+000  0.62776830E+000  0.80331544E+000  0.91047381E+000  0.12870709E+001  0.18900002E+001  0.26328231E+001  0.41008728E+001  0.58406682E+001
  0.30336523E+000  0.31845981E+000  0.46007078E+000  0.62776830E+000  0.80330153E+000  0.91049116E+000  0.12870709E+001  0.18897901E+001  0.26326700E+001  0.41003115E+001  0.58404715E+001
  0.30333220E+000  0.31845354E+000  0.46007078E+000  0.62776830E+000  0.80329488E+000  0.91046106E+000  0.12870709E+001  0.18896058E+001  0.26325126E+001  0.40998790E+001  0.58400746E+001
  0.30330361E+000  0.31846409E+000  0.46007078E+000  0.62776830E+000  0.80326117E+000  0.91047472E+000  0.12870709E+001  0.18894440E+001  0.26323562E+001  0.40997556E+001  0.58405832E+001
  0.30327886E+000  0.31846409E+000  0.46007078E+000  0.62776830E+000  0.80327374E+000  0.91042211E+000  0.12870709E+001  0.18893017E+001  0.26323939E+001  0.40997585E+001  0.58404895E+001
  0.30325741E+000  0.31846409E+000  0.46007078E+000  0.62776830E+000  0.80326752E+000  0.91049621E+000  0.12870709E+001  0.18891762E+001  0.26323348E+001  0.40996027E+001  0.58404963E+001
  0.30323879E+000  0.31846409E+000  0.46007078E+000  0.62776830E+000  0.80324603E+000  0.91047451E+000  0.12870709E+001  0.18890652E+001  0.26322217E+001  0.40994962E+001  0.58403911E+001
  0.30322260E+000  0.31846409E+000  0.46007078E+000  0.62776830E+000  0.80322733E+000  0.91044213E+000  0.12870709E+001  0.18889665E+001  0.26320978E+001  0.40994168E+001  0.58404706E+001
  0.30320848E+000  0.31846070E+000  0.45995498E+000  0.62776830E+000  0.80321104E+000  0.91045980E+000  0.12870709E+001  0.18888784E+001  0.26319807E+001  0.40993603E+001  0.58404010E+001
  0.30319614E+000  0.31845785E+000  0.46007078E+000  0.62776830E+000  0.80319679E+000  0.91042921E+000  0.12870709E+001  0.18887992E+001  0.26319406E+001  0.40997523E+001  0.58404136E+001
  0.30318533E+000  0.31845535E+000  0.45995489E+000  0.62776830E+000  0.80318429E+000  0.91047185E+000  0.12870709E+001  0.18887276E+001  0.26319128E+001  0.40996545E+001  0.58403594E+001
  0.30317582E+000  0.31845314E+000  0.46007078E+000  0.62776830E+000  0.80325237E+000  0.91047699E+000  0.12870709E+001  0.18886626E+001  0.26318892E+001  0.40995767E+001  0.58403879E+001
  0.30316742E+000  0.31846409E+000  0.46007078E+000  0.62776830E+000  0.80324237E+000  0.91045721E+000  0.12870709E+001  0.18884125E+001  0.26318688E+001  0.40997117E+001  0.58403577E+001
  0.30315997E+000  0.31846409E+000  0.46007078E+000  0.62776830E+000  0.80323346E+000  0.91043932E+000  0.12870709E+001  0.18880608E+001  0.26318507E+001  0.40996419E+001  0.58403308E+001
  0.30315333E+000  0.31846409E+000  0.46007078E+000  0.62776830E+000  0.80322548E+000  0.91042304E+000  0.12870709E+001  0.18878038E+001  0.26318346E+001  0.40995847E+001  0.58403067E+001
  0.30314738E+000  0.31846409E+000  0.46007078E+000  0.62776830E+000  0.80321829E+000  0.91040812E+000  0.12870709E+001  0.18877523E+001  0.26318200E+001  0.40995377E+001  0.58402848E+001
  0.30314202E+000  0.31846409E+000  0.46007078E+000  0.62776830E+000  0.80321177E+000  0.91045968E+000  0.12870709E+001  0.18877058E+001  0.26318066E+001  0.40997522E+001  0.58403274E+001
  0.30313716E+000  0.31846369E+000  0.46007078E+000  0.62776830E+000  0.80324392E+000  0.91044572E+000  0.12870709E+001  0.18876636E+001  0.26317942E+001  0.40997133E+001  0.58403114E+001
  0.30313272E+000  0.31846284E+000  0.46007078E+000  0.62776830E+000  0.80323849E+000  0.91046279E+000  0.12870709E+001  0.18876250E+001  0.26317826E+001  0.40996801E+001  0.58402871E+001
  0.30312863E+000  0.31846205E+000  0.46007078E+000  0.62776830E+000  0.80323347E+000  0.91045433E+000  0.12870709E+001  0.18875895E+001  0.26317718E+001  0.40996513E+001  0.58402644E+001
  0.30312484E+000  0.31846409E+000  0.46007078E+000  0.62776830E+000  0.80322878E+000  0.91044649E+000  0.12870709E+001  0.18875566E+001  0.26317615E+001  0.40996261E+001  0.58402432E+001
  0.30312129E+000  0.31846409E+000  0.46007078E+000  0.62776830E+000  0.80322436E+000  0.91043918E+000  0.12870709E+001  0.18871340E+001  0.26318645E+001  0.40997662E+001  0.58402230E+001
  0.30311795E+000  0.31846409E+000  0.46007078E+000  0.62776830E+000  0.80322017E+000  0.91043231E+000  0.12870709E+001  0.18870939E+001  0.26318545E+001  0.40997513E+001  0.58402038E+001
  0.30311476E+000  0.31846409E+000  0.46007078E+000  0.62776830E+000  0.80321615E+000  0.91042579E+000  0.12870709E+001  0.18870671E+001  0.26318613E+001  0.40997379E+001  0.58401851E+001
  0.30311180E+000  0.31846409E+000  0.46007078E+000  0.62776830E+000  0.80321227E+000  0.91045326E+000  0.12870709E+001  0.18870582E+001  0.26318543E+001  0.40997257E+001  0.58401670E+001
  0.30310940E+000  0.31846409E+000  0.46007078E+000  0.62776830E+000  0.80320851E+000  0.91044371E+000  0.12870709E+001  0.18870516E+001  0.26318157E+001  0.40997145E+001  0.58401492E+001
  0.30310706E+000  0.31846409E+000  0.46007078E+000  0.62776830E+000  0.80320482E+000  0.91043422E+000  0.12870709E+001  0.18870451E+001  0.26317784E+001  0.40997040E+001  0.58401315E+001
  0.30310475E+000  0.31845701E+000  0.46007078E+000  0.62776830E+000  0.80320118E+000  0.91042473E+000  0.12870709E+001  0.18870384E+001  0.26317422E+001  0.40997791E+001  0.58401140E+001
  0.30310247E+000  0.31845645E+000  0.46007078E+000  0.62776830E+000  0.80319757E+000  0.91045164E+000  0.12870709E+001  0.18870318E+001  0.26317071E+001  0.40997727E+001  0.58400965E+001
  0.30310020E+000  0.31846409E+000  0.46007078E+000  0.62776830E+000  0.80319397E+000  0.91044147E+000  0.12870709E+001  0.18870255E+001  0.26316729E+001  0.40997644E+001  0.58400789E+001
  0.30309792E+000  0.31846409E+000  0.46007078E+000  0.62776830E+000  0.80319036E+000  0.91043119E+000  0.12870709E+001  0.18870189E+001  0.26316585E+001  0.40997574E+001  0.58400612E+001
  0.30309564E+000  0.31846409E+000  0.46007078E+000  0.62776830E+000  0.80318673E+000  0.91042079E+000  0.12870709E+001  0.18870121E+001  0.26318236E+001  0.40997506E+001  0.58400432E+001
  0.30309334E+000  0.31846409E+000  0.46007078E+000  0.62776830E+000  0.80318307E+000  0.91041023E+000  0.12870709E+001  0.18870053E+001  0.26317901E+001  0.40997438E+001  0.58400250E+001
  0.30309101E+000  0.31846409E+000  0.46007078E+000  0.62776830E+000  0.80317938E+000  0.91039949E+000  0.12870709E+001  0.18869986E+001  0.26318144E+001  0.40997597E+001  0.58400066E+001
  0.30308865E+000  0.31846409E+000  0.46007078E+000  0.62776830E+000  0.80317563E+000  0.91038855E+000  0.12870709E+001  0.18869916E+001  0.26317782E+001  0.40997305E+001  0.58399922E+001
  0.30308626E+000  0.31846409E+000  0.46007078E+000  0.62776830E+000  0.80317183E+000  0.91037740E+000  0.12870709E+001  0.18869847E+001  0.26318063E+001  0.40997240E+001  0.58399776E+001
  0.30308383E+000  0.31846409E+000  0.46007078E+000  0.62776830E+000  0.80316797E+000  0.91044027E+000  0.12870709E+001  0.18869777E+001  0.26317799E+001  0.40997780E+001  0.58399629E+001
  0.30308136E+000  0.31846409E+000  0.46007078E+000  0.62776830E+000  0.80316405E+000  0.91043422E+000  0.12870709E+001  0.18869707E+001  0.26317540E+001  0.40997488E+001  0.58399480E+001
  0.30307885E+000  0.31846409E+000  0.45995467E+000  0.62776830E+000  0.80316007E+000  0.91042808E+000  0.12870709E+001  0.18869636E+001  0.26317287E+001  0.40997196E+001  0.58399330E+001
  0.30307630E+000  0.31846409E+000  0.45995467E+000  0.62776830E+000  0.80315602E+000  0.91042185E+000  0.12870709E+001  0.18869568E+001  0.26317041E+001  0.40996988E+001  0.58399178E+001
  0.30307371E+000  0.31846409E+000  0.45995467E+000  0.62766751E+000  0.80315192E+000  0.91041552E+000  0.12870709E+001  0.18869496E+001  0.26316802E+001  0.40997617E+001  0.58399025E+001
  0.30307107E+000  0.31846409E+000  0.45995467E+000  0.62765914E+000  0.80320759E+000  0.91042506E+000  0.12870709E+001  0.18869425E+001  0.26316572E+001  0.40997332E+001  0.58398871E+001
  0.30306839E+000  0.31846409E+000  0.45995467E+000  0.62765061E+000  0.80320647E+000  0.91041294E+000  0.12870709E+001  0.18870314E+001  0.26317393E+001  0.40997049E+001  0.58400120E+001
  0.30306568E+000  0.31846409E+000  0.46007078E+000  0.62764192E+000  0.80320301E+000  0.91042147E+000  0.12870709E+001  0.18870048E+001  0.26317030E+001  0.40997515E+001  0.58399923E+001
  0.30306292E+000  0.31846409E+000  0.46007078E+000  0.62763308E+000  0.80319950E+000  0.91040820E+000  0.12870709E+001  0.18869773E+001  0.26316685E+001  0.40997207E+001  0.58399724E+001
  0.30306013E+000  0.31846409E+000  0.46007078E+000  0.62762409E+000  0.80319596E+000  0.91039474E+000  0.12870709E+001  0.18869487E+001  0.26317402E+001  0.40996903E+001  0.58399522E+001
  0.30305732E+000  0.31846409E+000  0.46007078E+000  0.62776830E+000  0.80319239E+000  0.91042371E+000  0.12870709E+001  0.18869190E+001  0.26317264E+001  0.40997759E+001  0.58399317E+001
  0.30305447E+000  0.31846409E+000  0.46007078E+000  0.62776830E+000  0.80318879E+000  0.91041528E+000  0.12870709E+001  0.18868997E+001  0.26317131E+001  0.40997685E+001  0.58399111E+001
  0.30305160E+000  0.31846409E+000  0.46007078E+000  0.62776830E+000  0.80318516E+000  0.91040677E+000  0.12870709E+001  0.18874094E+001  0.26317004E+001  0.40997613E+001  0.58398902E+001
  0.30304871E+000  0.31846409E+000  0.46007078E+000  0.62776830E+000  0.80318152E+000  0.91039820E+000  0.12870709E+001  0.18877383E+001  0.26316883E+001  0.40997544E+001  0.58398693E+001
  0.30304580E+000  0.31844194E+000  0.46007078E+000  0.62776830E+000  0.80317788E+000  0.91038959E+000  0.12870709E+001  0.18880308E+001  0.26317061E+001  0.40997478E+001  0.58398482E+001
  0.30304288E+000  0.31844117E+000  0.46007078E+000  0.62776830E+000  0.80317423E+000  0.91038094E+000  0.12870709E+001  0.18880293E+001  0.26316766E+001  0.40997752E+001  0.58398272E+001
  0.30303996E+000  0.31846409E+000  0.46007078E+000  0.62757885E+000  0.80317058E+000  0.91037228E+000  0.12870709E+001  0.18880279E+001  0.26316556E+001  0.40997438E+001  0.58398922E+001
  0.30303703E+000  0.31846409E+000  0.46007078E+000  0.62757884E+000  0.80316695E+000  0.91036362E+000  0.12870709E+001  0.18880265E+001  0.26316461E+001  0.40997298E+001  0.58398621E+001
  0.30303411E+000  0.31846409E+000  0.46007078E+000  0.62757884E+000  0.80316334E+000  0.91035497E+000  0.12870709E+001  0.18880251E+001  0.26316373E+001  0.40997244E+001  0.58398322E+001
  0.30303119E+000  0.31846406E+000  0.46007078E+000  0.62757883E+000  0.80318810E+000  0.91040288E+000  0.12870709E+001  0.18880236E+001  0.26316292E+001  0.40997600E+001  0.58398594E+001
  0.30302829E+000  0.31846298E+000  0.46007078E+000  0.62757883E+000  0.80318210E+000  0.91038852E+000  0.12870709E+001  0.18880221E+001  0.26316462E+001  0.40997308E+001  0.58398321E+001
  0.30302541E+000  0.31846409E+000  0.46007078E+000  0.62757882E+000  0.80317617E+000  0.91037424E+000  0.12870709E+001  0.18880205E+001  0.26316280E+001  0.40997103E+001  0.58398049E+001
  0.30302255E+000  0.31846409E+000  0.46007078E+000  0.62776830E+000  0.80317033E+000  0.91036006E+000  0.12870709E+001  0.18880188E+001  0.26316128E+001  0.40997736E+001  0.58397780E+001
  0.30301973E+000  0.31846167E+000  0.46007078E+000  0.62776830E+000  0.80316459E+000  0.91034602E+000  0.12870709E+001  0.18882104E+001  0.26316046E+001  0.40997451E+001  0.58397513E+001
  0.30301693E+000  0.31846071E+000  0.46007078E+000  0.62776830E+000  0.80315896E+000  0.91033213E+000  0.12870709E+001  0.18881753E+001  0.26316004E+001  0.40997177E+001  0.58397250E+001
  0.30301418E+000  0.31845977E+000  0.46007078E+000  0.62776830E+000  0.80315344E+000  0.91031843E+000  0.12870709E+001  0.18881417E+001  0.26316149E+001  0.40996959E+001  0.58396990E+001
  0.30301147E+000  0.31845884E+000  0.46007078E+000  0.62776830E+000  0.80314804E+000  0.91030493E+000  0.12870709E+001  0.18881097E+001  0.26316040E+001  0.40996932E+001  0.58396736E+001
  0.30300881E+000  0.31846409E+000  0.46007078E+000  0.62776830E+000  0.80314279E+000  0.91029167E+000  0.12870709E+001  0.18880793E+001  0.26315962E+001  0.40997554E+001  0.58396488E+001
  0.30300620E+000  0.31845704E+000  0.46007078E+000  0.62776830E+000  0.80313767E+000  0.91027865E+000  0.12870709E+001  0.18880507E+001  0.26315916E+001  0.40997262E+001  0.58396245E+001
  0.30300364E+000  0.31845616E+000  0.46007078E+000  0.62776830E+000  0.80313270E+000  0.91026591E+000  0.12870709E+001  0.18880239E+001  0.26319947E+001  0.40996985E+001  0.58396009E+001
  0.30300115E+000  0.31845531E+000  0.46007078E+000  0.62776830E+000  0.80312789E+000  0.91025812E+000  0.12870709E+001  0.18879991E+001  0.26319718E+001  0.40996855E+001  0.58397557E+001
  0.30299872E+000  0.31845448E+000  0.46007078E+000  0.62776830E+000  0.80312324E+000  0.91039282E+000  0.12870709E+001  0.18879957E+001  0.26320036E+001  0.40997585E+001  0.58397328E+001
  0.30299636E+000  0.31845368E+000  0.46007078E+000  0.62776830E+000  0.80311875E+000  0.91038086E+000  0.12870709E+001  0.18879920E+001  0.26319952E+001  0.40997337E+001  0.58397109E+001
  0.30299406E+000  0.31846409E+000  0.46007078E+000  0.62776830E+000  0.80311590E+000  0.91036924E+000  0.12870709E+001  0.18879882E+001  0.26320837E+001  0.40997105E+001  0.58396899E+001
  0.30299184E+000  0.31846409E+000  0.46007078E+000  0.62776830E+000  0.80311342E+000  0.91035799E+000  0.12870709E+001  0.18880574E+001  0.26320674E+001  0.40996888E+001  0.58396698E+001
  0.30298970E+000  0.31846409E+000  0.46007078E+000  0.62776830E+000  0.80311104E+000  0.91034711E+000  0.12870709E+001  0.18880368E+001  0.26320617E+001  0.40996817E+001  0.58396508E+001
  0.30298763E+000  0.31846409E+000  0.46007078E+000  0.62776830E+000  0.80317007E+000  0.91033662E+000  0.12870709E+001  0.18880177E+001  0.26319920E+001  0.40997700E+001  0.58396327E+001
  0.30298564E+000  0.31846409E+000  0.46007078E+000  0.62776830E+000  0.80316693E+000  0.91032652E+000  0.12870709E+001  0.18880000E+001  0.26320207E+001  0.40997507E+001  0.58396157E+001
  0.30298373E+000  0.31846409E+000  0.46007078E+000  0.62776830E+000  0.80316393E+000  0.91031683E+000  0.12870709E+001  0.18879836E+001  0.26319906E+001  0.40997327E+001  0.58395996E+001
  0.30298191E+000  0.31846409E+000  0.46007078E+000  0.62776830E+000  0.80316109E+000  0.91030754E+000  0.12870709E+001  0.18879685E+001  0.26319671E+001  0.40997160E+001  0.58395845E+001
  0.30298016E+000  0.31846409E+000  0.46007078E+000  0.62776830E+000  0.80315838E+000  0.91029867E+000  0.12870709E+001  0.18879559E+001  0.26319570E+001  0.40997007E+001  0.58397151E+001
  0.30297850E+000  0.31846409E+000  0.46007078E+000  0.62776830E+000  0.80315582E+000  0.91029020E+000  0.12870709E+001  0.18879509E+001  0.26319459E+001  0.40996865E+001  0.58396982E+001
  0.30297692E+000  0.31846409E+000  0.46007078E+000  0.62776830E+000  0.80315340E+000  0.91028216E+000  0.12870709E+001  0.18879458E+001  0.26319339E+001  0.40996833E+001  0.58396823E+001
  0.30297542E+000  0.31846409E+000  0.46007078E+000  0.62776830E+000  0.80315112E+000  0.91027452E+000  0.12870709E+001  0.18879406E+001  0.26319213E+001  0.40996839E+001  0.58396676E+001
  0.30297400E+000  0.31846409E+000  0.46007078E+000  0.62776830E+000  0.80314898E+000  0.91026730E+000  0.12870709E+001  0.18879355E+001  0.26319080E+001  0.40997775E+001  0.58396538E+001
  0.30297266E+000  0.31846409E+000  0.46007078E+000  0.62776830E+000  0.80314697E+000  0.91026049E+000  0.12870709E+001  0.18879304E+001  0.26318938E+001  0.40997656E+001  0.58396411E+001
  0.30297141E+000  0.31846409E+000  0.46006737E+000  0.62776830E+000  0.80314510E+000  0.91025408E+000  0.12870709E+001  0.18879254E+001  0.26318383E+001  0.40997548E+001  0.58396293E+001
  0.30297023E+000  0.31846409E+000  0.46006673E+000  0.62776830E+000  0.80314335E+000  0.91024806E+000  0.12870709E+001  0.18879205E+001  0.26318257E+001  0.40997782E+001  0.58396184E+001
  0.30296913E+000  0.31846409E+000  0.46006614E+000  0.62776830E+000  0.80314173E+000  0.91024243E+000  0.12870709E+001  0.18879158E+001  0.26318145E+001  0.40997712E+001  0.58396084E+001
  0.30296810E+000  0.31846409E+000  0.46007078E+000  0.62776830E+000  0.80314022E+000  0.91038910E+000  0.12870709E+001  0.18879111E+001  0.26318045E+001  0.40997647E+001  0.58395991E+001
  0.30296714E+000  0.31846409E+000  0.46007078E+000  0.62776830E+000  0.80313883E+000  0.91038413E+000  0.12870709E+001  0.18879067E+001  0.26317955E+001  0.40997588E+001  0.58395907E+001
  0.30296626E+000  0.31846409E+000  0.46007078E+000  0.62776830E+000  0.80313755E+000  0.91037951E+000  0.12870709E+001  0.18879024E+001  0.26317875E+001  0.40997535E+001  0.58395830E+001
  0.30296544E+000  0.31846409E+000  0.46007078E+000  0.62776830E+000  0.80313637E+000  0.91037524E+000  0.12870709E+001  0.18878634E+001  0.26317804E+001  0.40997486E+001  0.58395760E+001
  0.30296468E+000  0.31846409E+000  0.46007078E+000  0.62776830E+000  0.80313529E+000  0.91037131E+000  0.12870709E+001  0.18878600E+001  0.26317741E+001  0.40997442E+001  0.58395696E+001
  0.30296399E+000  0.31846409E+000  0.46007078E+000  0.62776830E+000  0.80313431E+000  0.91036769E+000  0.12870709E+001  0.18878569E+001  0.26317685E+001  0.40997402E+001  0.58395638E+001
  0.30296336E+000  0.31846409E+000  0.46007078E+000  0.62776830E+000  0.80313342E+000  0.91036438E+000  0.12870709E+001  0.18878542E+001  0.26317634E+001  0.40997366E+001  0.58395585E+001
  0.30296279E+000  0.31846409E+000  0.46007078E+000  0.62776830E+000  0.80313261E+000  0.91036136E+000  0.12870709E+001  0.18878518E+001  0.26317589E+001  0.40997333E+001  0.58395537E+001
  0.30296226E+000  0.31846409E+000  0.46007078E+000  0.62776830E+000  0.80313188E+000  0.91035861E+000  0.12870709E+001  0.18878495E+001  0.26317549E+001  0.40997304E+001  0.58395494E+001
  0.30296179E+000  0.31844203E+000  0.46007078E+000  0.62776830E+000  0.80313122E+000  0.91035612E+000  0.12870709E+001  0.18878475E+001  0.26317512E+001  0.40997278E+001  0.58395455E+001
  0.30296136E+000  0.31844189E+000  0.46007078E+000  0.62776830E+000  0.80313063E+000  0.91035388E+000  0.12870709E+001  0.18878457E+001  0.26317468E+001  0.40997254E+001  0.58395420E+001
  0.30296098E+000  0.31844177E+000  0.46007078E+000  0.62776830E+000  0.80313011E+000  0.91035186E+000  0.12870709E+001  0.18878440E+001  0.26317423E+001  0.40997233E+001  0.58395388E+001
  0.30296064E+000  0.31844166E+000  0.46007078E+000  0.62776830E+000  0.80312964E+000  0.91035006E+000  0.12870709E+001  0.18878425E+001  0.26317382E+001  0.40997214E+001  0.58395359E+001
  0.30296034E+000  0.31844156E+000  0.46007078E+000  0.62776830E+000  0.80312923E+000  0.91034845E+000  0.12870709E+001  0.18878410E+001  0.26317346E+001  0.40997197E+001  0.58395333E+001
  0.30296007E+000  0.31844147E+000  0.46007078E+000  0.62776830E+000  0.80312887E+000  0.91034703E+000  0.12870709E+001  0.18878397E+001  0.26317314E+001  0.40997182E+001  0.58395309E+001
  0.30295984E+000  0.31844139E+000  0.46007078E+000  0.62776830E+000  0.80312855E+000  0.91034577E+000  0.12870709E+001  0.18878384E+001  0.26317285E+001  0.40997168E+001  0.58395288E+001
  0.30295963E+000  0.31844132E+000  0.46007078E+000  0.62776830E+000  0.80312828E+000  0.91034467E+000  0.12870709E+001  0.18878371E+001  0.26317260E+001  0.40997156E+001  0.58395268E+001
  0.30295945E+000  0.31844126E+000  0.46007078E+000  0.62776830E+000  0.80312804E+000  0.91034371E+000  0.12870709E+001  0.18878359E+001  0.26317237E+001  0.40997146E+001  0.58395250E+001
  0.30295930E+000  0.31844121E+000  0.46007078E+000  0.62776830E+000  0.80312784E+000  0.91034288E+000  0.12870709E+001  0.18878348E+001  0.26317217E+001  0.40997137E+001  0.58395234E+001
  0.30295917E+000  0.31844117E+000  0.46007078E+000  0.62776830E+000  0.80312767E+000  0.91034216E+000  0.12870709E+001  0.18878337E+001  0.26317200E+001  0.40997128E+001  0.58395218E+001
  0.30295905E+000  0.31844113E+000  0.46007078E+000  0.62776830E+000  0.80312752E+000  0.91034155E+000  0.12870709E+001  0.18878326E+001  0.26317184E+001  0.40997121E+001  0.58395204E+001
  0.30295896E+000  0.31844110E+000  0.46007078E+000  0.62776830E+000  0.80312740E+000  0.91034104E+000  0.12870709E+001  0.18878315E+001  0.26317170E+001  0.40997114E+001  0.58395191E+001
  0.30295888E+000  0.31844108E+000  0.46007078E+000  0.62776830E+000  0.80312730E+000  0.91034060E+000  0.12870709E+001  0.18878304E+001  0.26317158E+001  0.40997109E+001  0.58395178E+001
  0.30295882E+000  0.31844106E+000  0.46007078E+000  0.62776830E+000  0.80312722E+000  0.91034025E+000  0.12870709E+001  0.18878294E+001  0.26317147E+001  0.40997104E+001  0.58395166E+001
  0.30295876E+000  0.31844104E+000  0.46007078E+000  0.62776830E+000  0.80312715E+000  0.91033995E+000  0.12870709E+001  0.18878283E+001  0.26317138E+001  0.40997099E+001  0.58395155E+001
  0.30295872E+000  0.31844103E+000  0.46007078E+000  0.62776830E+000  0.80312710E+000  0.91033972E+000  0.12870709E+001  0.18878273E+001  0.26317129E+001  0.40997095E+001  0.58395144E+001
  0.30295869E+000  0.31844102E+000  0.46007078E+000  0.62776830E+000  0.80312706E+000  0.91033954E+000  0.12870709E+001  0.18878263E+001  0.26317122E+001  0.40997091E+001  0.58395133E+001
  0.30295867E+000  0.31844101E+000  0.46007078E+000  0.62776830E+000  0.80312703E+000  0.91033940E+000  0.12870709E+001  0.18878253E+001  0.26317115E+001  0.40997088E+001  0.58395123E+001
  0.30295865E+000  0.31844100E+000  0.46007078E+000  0.62776830E+000  0.80312701E+000  0.91033930E+000  0.12870709E+001  0.18878242E+001  0.26317109E+001  0.40997085E+001  0.58395113E+001
  0.30295864E+000  0.31844100E+000  0.46007078E+000  0.62776830E+000  0.80312700E+000  0.91033923E+000  0.12870709E+001  0.18878232E+001  0.26317104E+001  0.40997083E+001  0.58395103E+001
  0.30295863E+000  0.31844100E+000  0.46007078E+000  0.62776830E+000  0.80312699E+000  0.91033919E+000  0.12870709E+001  0.18878222E+001  0.26317094E+001  0.40997081E+001  0.58395093E+001
  0.30295863E+000  0.31844100E+000  0.46007078E+000  0.62776830E+000  0.80312699E+000  0.91033918E+000  0.12870709E+001  0.18878213E+001  0.26317079E+001  0.40997079E+001  0.58395083E+001
  0.30295863E+000  0.31844100E+000  0.46007078E+000  0.62776830E+000  0.80312700E+000  0.91033918E+000  0.12870709E+001  0.18878203E+001  0.26317064E+001  0.40997077E+001  0.58395073E+001
  0.30295864E+000  0.31844100E+000  0.46007078E+000  0.62776830E+000  0.80312700E+000  0.91033920E+000  0.12870709E+001  0.18878193E+001  0.26317050E+001  0.40997075E+001  0.58395063E+001
  0.30295864E+000  0.31844100E+000  0.46007078E+000  0.62776830E+000  0.80312702E+000  0.91033924E+000  0.12870709E+001  0.18878183E+001  0.26317035E+001  0.40997073E+001  0.58395054E+001
  0.30295865E+000  0.31844101E+000  0.46007078E+000  0.62776830E+000  0.80312703E+000  0.91033929E+000  0.12870709E+001  0.18878174E+001  0.26317021E+001  0.40997072E+001  0.58395044E+001
  0.30295867E+000  0.31844101E+000  0.46007078E+000  0.62776830E+000  0.80312704E+000  0.91033934E+000  0.12870709E+001  0.18878164E+001  0.26317007E+001  0.40997070E+001  0.58395034E+001
  0.30295868E+000  0.31844101E+000  0.46007078E+000  0.62776830E+000  0.80312706E+000  0.91033941E+000  0.12870709E+001  0.18878155E+001  0.26316993E+001  0.40997069E+001  0.58395024E+001
  0.30295869E+000  0.31844102E+000  0.46007078E+000  0.62776830E+000  0.80312708E+000  0.91033947E+000  0.12870709E+001  0.18878145E+001  0.26316979E+001  0.40997068E+001  0.58395014E+001
  0.30295870E+000  0.31844102E+000  0.46007078E+000  0.62776830E+000  0.80312709E+000  0.91033955E+000  0.12870709E+001  0.18878136E+001  0.26316966E+001  0.40997066E+001  0.58395004E+001
  0.30295872E+000  0.31844103E+000  0.46007078E+000  0.62776830E+000  0.80312711E+000  0.91033963E+000  0.12870709E+001  0.18878127E+001  0.26316952E+001  0.40997065E+001  0.58394994E+001
  0.30295873E+000  0.31844103E+000  0.46007078E+000  0.62776830E+000  0.80312713E+000  0.91033970E+000  0.12870709E+001  0.18878118E+001  0.26316939E+001  0.40997064E+001  0.58394984E+001
  0.30295875E+000  0.31844104E+000  0.46007078E+000  0.62776830E+000  0.80312715E+000  0.91033979E+000  0.12870709E+001  0.18878109E+001  0.26316926E+001  0.40997063E+001  0.58394974E+001
  0.30295876E+000  0.31844104E+000  0.46007078E+000  0.62776830E+000  0.80312717E+000  0.91033987E+000  0.12870709E+001  0.18878100E+001  0.26316913E+001  0.40997062E+001  0.58394965E+001
  0.30295878E+000  0.31844105E+000  0.46007078E+000  0.62776830E+000  0.80312719E+000  0.91033995E+000  0.12870709E+001  0.18878092E+001  0.26316900E+001  0.40997061E+001  0.58394955E+001
  0.30295879E+000  0.31844106E+000  0.46007078E+000  0.62776830E+000  0.80312720E+000  0.91034003E+000  0.12870709E+001  0.18878083E+001  0.26316887E+001  0.40997060E+001  0.58394945E+001
  0.30295881E+000  0.31844106E+000  0.46007078E+000  0.62776830E+000  0.80312722E+000  0.91034011E+000  0.12870709E+001  0.18878075E+001  0.26316875E+001  0.40997059E+001  0.58394935E+001
  0.30295882E+000  0.31844107E+000  0.46007078E+000  0.62776830E+000  0.80312724E+000  0.91034019E+000  0.12870709E+001  0.18878067E+001  0.26316862E+001  0.40997057E+001  0.58394925E+001
  0.30295883E+000  0.31844107E+000  0.46007078E+000  0.62776830E+000  0.80312726E+000  0.91034026E+000  0.12870709E+001  0.18878059E+001  0.26316850E+001  0.40997056E+001  0.58394915E+001
  0.30295885E+000  0.31844107E+000  0.46007078E+000  0.62776830E+000  0.80312727E+000  0.91034034E+000  0.12870709E+001  0.18878051E+001  0.26316839E+001  0.40997055E+001  0.58394905E+001
  0.30295886E+000  0.31844108E+000  0.46007078E+000  0.62776830E+000  0.80312729E+000  0.91034041E+000  0.12870709E+001  0.18878043E+001  0.26316827E+001  0.40997054E+001  0.58394895E+001
  0.30295887E+000  0.31844108E+000  0.46007078E+000  0.62776830E+000  0.80312730E+000  0.91034048E+000  0.12870709E+001  0.18878036E+001  0.26316815E+001  0.40997053E+001  0.58394885E+001
  0.30295889E+000  0.31844109E+000  0.46007078E+000  0.62776830E+000  0.80312732E+000  0.91034055E+000  0.12870709E+001  0.18878028E+001  0.26316804E+001  0.40997052E+001  0.58394875E+001
  0.30295890E+000  0.31844109E+000  0.46007078E+000  0.62776830E+000  0.80312733E+000  0.91034062E+000  0.12870709E+001  0.18878021E+001  0.26316793E+001  0.40997051E+001  0.58394866E+001
  0.30295891E+000  0.31844110E+000  0.46007078E+000  0.62776830E+000  0.80312735E+000  0.91034068E+000  0.12870709E+001  0.18878014E+001  0.26316782E+001  0.40997050E+001  0.58394856E+001
  0.30295892E+000  0.31844110E+000  0.46007078E+000  0.62776830E+000  0.80312736E+000  0.91034074E+000  0.12870709E+001  0.18878007E+001  0.26316772E+001  0.40997049E+001  0.58394847E+001
  0.30295893E+000  0.31844110E+000  0.46007078E+000  0.62776830E+000  0.80312737E+000  0.91034080E+000  0.12870709E+001  0.18878000E+001  0.26316761E+001  0.40997048E+001  0.58394837E+001
  0.30295894E+000  0.31844111E+000  0.46007078E+000  0.62776830E+000  0.80312738E+000  0.91034086E+000  0.12870709E+001  0.18877994E+001  0.26316751E+001  0.40997047E+001  0.58394828E+001
  0.30295895E+000  0.31844111E+000  0.46007078E+000  0.62776830E+000  0.80312739E+000  0.91034091E+000  0.12870709E+001  0.18877987E+001  0.26316741E+001  0.40997046E+001  0.58394818E+001
  0.30295896E+000  0.31844111E+000  0.46007078E+000  0.62776830E+000  0.80312741E+000  0.91034096E+000  0.12870709E+001  0.18877981E+001  0.26316731E+001  0.40997045E+001  0.58394809E+001
  0.30295897E+000  0.31844112E+000  0.46007078E+000  0.62776830E+000  0.80312742E+000  0.91034101E+000  0.12870709E+001  0.18877974E+001  0.26316722E+001  0.40997044E+001  0.58394800E+001
  0.30295898E+000  0.31844112E+000  0.46007078E+000  0.62776830E+000  0.80312742E+000  0.91034105E+000  0.12870709E+001  0.18877968E+001  0.26316712E+001  0.40997043E+001  0.58394791E+001
  0.30295898E+000  0.31844112E+000  0.46007078E+000  0.62776830E+000  0.80312743E+000  0.91034110E+000  0.12870709E+001  0.18877962E+001  0.26316703E+001  0.40997042E+001  0.58394782E+001
  0.30295899E+000  0.31844113E+000  0.46007078E+000  0.62776830E+000  0.80312744E+000  0.91034114E+000  0.12870709E+001  0.18877956E+001  0.26316694E+001  0.40997041E+001  0.58394773E+001
  0.30295900E+000  0.31844113E+000  0.46007078E+000  0.62776830E+000  0.80312745E+000  0.91034117E+000  0.12870709E+001  0.18877950E+001  0.26316685E+001  0.40997040E+001  0.58394764E+001
  0.30295900E+000  0.31844113E+000  0.46007078E+000  0.62776830E+000  0.80312746E+000  0.91034120E+000  0.12870709E+001  0.18877945E+001  0.26316676E+001  0.40997039E+001  0.58394756E+001
  0.30295901E+000  0.31844113E+000  0.46007078E+000  0.62776830E+000  0.80312746E+000  0.91034124E+000  0.12870709E+001  0.18877939E+001  0.26316668E+001  0.40997038E+001  0.58394747E+001
  0.30295902E+000  0.31844113E+000  0.46007078E+000  0.62776830E+000  0.80312747E+000  0.91034126E+000  0.12870709E+001  0.18877934E+001  0.26316660E+001  0.40997037E+001  0.58394739E+001
  0.30295902E+000  0.31844114E+000  0.46007078E+000  0.62776830E+000  0.80312747E+000  0.91034129E+000  0.12870709E+001  0.18877929E+001  0.26316651E+001  0.40997036E+001  0.58394730E+001
  0.30295902E+000  0.31844114E+000  0.46007078E+000  0.62776830E+000  0.80312748E+000  0.91034131E+000  0.12870709E+001  0.18877923E+001  0.26316643E+001  0.40997035E+001  0.58394722E+001
  0.30295903E+000  0.31844114E+000  0.46007078E+000  0.62776830E+000  0.80312748E+000  0.91034133E+000  0.12870709E+001  0.18877918E+001  0.26316635E+001  0.40997034E+001  0.58394714E+001
  0.30295903E+000  0.31844114E+000  0.46007078E+000  0.62776830E+000  0.80312748E+000  0.91034135E+000  0.12870709E+001  0.18877913E+001  0.26316628E+001  0.40997033E+001  0.58394706E+001
  0.30295903E+000  0.31844114E+000  0.46007078E+000  0.62776830E+000  0.80312749E+000  0.91034136E+000  0.12870709E+001  0.18877908E+001  0.26316620E+001  0.40997032E+001  0.58394698E+001
  0.30295904E+000  0.31844114E+000  0.46007078E+000  0.62776830E+000  0.80312749E+000  0.91034137E+000  0.12870709E+001  0.18877904E+001  0.26316613E+001  0.40997031E+001  0.58394690E+001
  0.30295904E+000  0.31844114E+000  0.46007078E+000  0.62776830E+000  0.80312749E+000  0.91034138E+000  0.12870709E+001  0.18877899E+001  0.26316606E+001  0.40997030E+001  0.58394682E+001
  0.30295904E+000  0.31844114E+000  0.46007078E+000  0.62776830E+000  0.80312749E+000  0.91034139E+000  0.12870709E+001  0.18877894E+001  0.26316598E+001  0.40997029E+001  0.58394675E+001
  0.30295904E+000  0.31844114E+000  0.46007078E+000  0.62776830E+000  0.80312749E+000  0.91034140E+000  0.12870709E+001  0.18877890E+001  0.26316591E+001  0.40997028E+001  0.58394667E+001
  0.30295904E+000  0.31844114E+000  0.46007078E+000  0.62776830E+000  0.80312749E+000  0.91034140E+000  0.12870709E+001  0.18877885E+001  0.26316585E+001  0.40997027E+001  0.58394660E+001
  0.30295904E+000  0.31844114E+000  0.46007078E+000  0.62776830E+000  0.80312749E+000  0.91034140E+000  0.12870709E+001  0.18877881E+001  0.26316578E+001  0.40997026E+001  0.58394653E+001
  0.30295904E+000  0.31844114E+000  0.46007078E+000  0.62776830E+000  0.80312749E+000  0.91034140E+000  0.12870709E+001  0.18877877E+001  0.26316571E+001  0.40997025E+001  0.58394646E+001
  0.30295904E+000  0.31844114E+000  0.46007078E+000  0.62776830E+000  0.80312749E+000  0.91034139E+000  0.12870709E+001  0.18877873E+001  0.26316565E+001  0.40997024E+001  0.58394639E+001
  0.30295904E+000  0.31844114E+000  0.46007078E+000  0.62776830E+000  0.80312748E+000  0.91034139E+000  0.12870709E+001  0.18877869E+001  0.26316559E+001  0.40997023E+001  0.58394632E+001
  0.30295904E+000  0.31844114E+000  0.46007078E+000  0.62776830E+000  0.80312748E+000  0.91034138E+000  0.12870709E+001  0.18877865E+001  0.26316552E+001  0.40997022E+001  0.58394625E+001
  0.30295904E+000  0.31844114E+000  0.46007078E+000  0.62776830E+000  0.80312748E+000  0.91034137E+000  0.12870709E+001  0.18877861E+001  0.26316546E+001  0.40997020E+001  0.58394618E+001
  0.30295904E+000  0.31844114E+000  0.46007078E+000  0.62776830E+000  0.80312748E+000  0.91034136E+000  0.12870709E+001  0.18877857E+001  0.26316540E+001  0.40997019E+001  0.58394612E+001
  0.30295903E+000  0.31844114E+000  0.46007078E+000  0.62776830E+000  0.80312747E+000  0.91034135E+000  0.12870709E+001  0.18877853E+001  0.26316534E+001  0.40997018E+001  0.58394605E+001
  0.30295903E+000  0.31844114E+000  0.46007078E+000  0.62776830E+000  0.80312747E+000  0.91034134E+000  0.12870709E+001  0.18877849E+001  0.26316529E+001  0.40997017E+001  0.58394599E+001
  0.30295903E+000  0.31844114E+000  0.46007078E+000  0.62776830E+000  0.80312746E+000  0.91034132E+000  0.12870709E+001  0.18877846E+001  0.26316523E+001  0.40997016E+001  0.58394592E+001
  0.30295903E+000  0.31844114E+000  0.46007078E+000  0.62776830E+000  0.80312746E+000  0.91034131E+000  0.12870709E+001  0.18877842E+001  0.26316517E+001  0.40997015E+001  0.58394586E+001
  0.30295902E+000  0.31844114E+000  0.46007078E+000  0.62776830E+000  0.80312745E+000  0.91034129E+000  0.12870709E+001  0.18877839E+001  0.26316512E+001  0.40997014E+001  0.58394580E+001
  0.30295902E+000  0.31844114E+000  0.46007078E+000  0.62776830E+000  0.80312745E+000  0.91034127E+000  0.12870709E+001  0.18877835E+001  0.26316507E+001  0.40997013E+001  0.58394574E+001
  0.30295902E+000  0.31844114E+000  0.46007078E+000  0.62776830E+000  0.80312744E+000  0.91034125E+000  0.12870709E+001  0.18877832E+001  0.26316501E+001  0.40997012E+001  0.58394568E+001
  0.30295901E+000  0.31844113E+000  0.46007078E+000  0.62776830E+000  0.80312744E+000  0.91034123E+000  0.12870709E+001  0.18877828E+001  0.26316496E+001  0.40997011E+001  0.58394563E+001
  0.30295901E+000  0.31844113E+000  0.46007078E+000  0.62776830E+000  0.80312743E+000  0.91034121E+000  0.12870709E+001  0.18877825E+001  0.26316491E+001  0.40997010E+001  0.58394557E+001
  0.30295901E+000  0.31844113E+000  0.46007078E+000  0.62776830E+000  0.80312742E+000  0.91034119E+000  0.12870709E+001  0.18877822E+001  0.26316486E+001  0.40997009E+001  0.58394552E+001
  0.30295900E+000  0.31844113E+000  0.46007078E+000  0.62776830E+000  0.80312742E+000  0.91034117E+000  0.12870709E+001  0.18877819E+001  0.26316482E+001  0.40997008E+001  0.58394546E+001
  0.30295900E+000  0.31844113E+000  0.46007078E+000  0.62776830E+000  0.80312741E+000  0.91034115E+000  0.12870709E+001  0.18877816E+001  0.26316477E+001  0.40997007E+001  0.58394541E+001
  0.30295899E+000  0.31844113E+000  0.46007078E+000  0.62776830E+000  0.80312740E+000  0.91034112E+000  0.12870709E+001  0.18877813E+001  0.26316472E+001  0.40997006E+001  0.58394535E+001
  0.30295899E+000  0.31844113E+000  0.46007078E+000  0.62776830E+000  0.80312740E+000  0.91034109E+000  0.12870709E+001  0.18877810E+001  0.26316468E+001  0.40997005E+001  0.58394530E+001
  0.30295898E+000  0.31844112E+000  0.46007078E+000  0.62776830E+000  0.80312739E+000  0.91034107E+000  0.12870709E+001  0.18877807E+001  0.26316463E+001  0.40997004E+001  0.58394525E+001
  0.30295898E+000  0.31844112E+000  0.46007078E+000  0.62776830E+000  0.80312738E+000  0.91034103E+000  0.12870709E+001  0.18877804E+001  0.26316458E+001  0.40997003E+001  0.58394520E+001
  0.30295897E+000  0.31844112E+000  0.46007078E+000  0.62776830E+000  0.80312737E+000  0.91034100E+000  0.12870709E+001  0.18877801E+001  0.26316454E+001  0.40997002E+001  0.58394514E+001
  0.30295897E+000  0.31844112E+000  0.46007078E+000  0.62776830E+000  0.80312736E+000  0.91034096E+000  0.12870709E+001  0.18877798E+001  0.26316449E+001  0.40997001E+001  0.58394509E+001
  0.30295896E+000  0.31844111E+000  0.46007078E+000  0.62776830E+000  0.80312734E+000  0.91034091E+000  0.12870709E+001  0.18877795E+001  0.26316445E+001  0.40997000E+001  0.58394504E+001
  0.30295895E+000  0.31844111E+000  0.46007078E+000  0.62776830E+000  0.80312733E+000  0.91034086E+000  0.12870709E+001  0.18877792E+001  0.26316440E+001  0.40996999E+001  0.58394498E+001
  0.30295893E+000  0.31844111E+000  0.46007078E+000  0.62776830E+000  0.80312731E+000  0.91034079E+000  0.12870709E+001  0.18877788E+001  0.26316435E+001  0.40996997E+001  0.58394492E+001
  0.30295892E+000  0.31844110E+000  0.46007078E+000  0.62776830E+000  0.80312728E+000  0.91034070E+000  0.12870709E+001  0.18877785E+001  0.26316430E+001  0.40996995E+001  0.58394485E+001
  0.30295890E+000  0.31844109E+000  0.46007078E+000  0.62776830E+000  0.80312724E+000  0.91034060E+000  0.12870709E+001  0.18877781E+001  0.26316425E+001  0.40996993E+001  0.58394479E+001
  0.30295887E+000  0.31844108E+000  0.46007078E+000  0.62776830E+000  0.80312719E+000  0.91034049E+000  0.12870709E+001  0.18877777E+001  0.26316419E+001  0.40996990E+001  0.58394472E+001
  0.30295884E+000  0.31844109E+000  0.46007078E+000  0.62776830E+000  0.80312721E+000  0.91034032E+000  0.12870709E+001  0.18877776E+001  0.26316412E+001  0.40996992E+001  0.58394472E+001
  0.30295889E+000  0.31844109E+000  0.46007078E+000  0.62776830E+000  0.80312725E+000  0.91034056E+000  0.12870709E+001  0.18877777E+001  0.26316418E+001  0.40996993E+001  0.58394471E+001
