  0.00000000E+000  0.00000000E+000  0.00000000E+000  0.00000000E+000  0.00000000E+000  0.93662127E-001  0.19283099E+001  0.12499507E+002  0.31295227E+002  0.78686205E+002  0.15900738E+003
  0.00000000E+000  0.00000000E+000  0.00000000E+000  0.00000000E+000  0.00000000E+000  0.93707969E-001  0.19289586E+001  0.12505077E+002  0.31302753E+002  0.78722810E+002  0.15905910E+003
  0.00000000E+000  0.00000000E+000  0.00000000E+000  0.00000000E+000  0.00000000E+000  0.93740247E-001  0.19294160E+001  0.12509025E+002  0.31307951E+002  0.78747553E+002  0.15909403E+003
  0.00000000E+000  0.00000000E+000  0.00000000E+000  0.00000000E+000  0.00000000E+000  0.93765610E-001  0.19297835E+001  0.12512210E+002  0.31312160E+002  0.78767478E+002  0.15912226E+003
  0.00000000E+000  0.00000000E+000  0.00000000E+000  0.00000000E+000  0.00000000E+000  0.93785154E-001  0.19300758E+001  0.12514750E+002  0.31315558E+002  0.78783446E+002  0.15914498E+003
  0.00000000E+000  0.00000000E+000  0.00000000E+000  0.00000000E+000  0.00000000E+000  0.93800018E-001  0.19303073E+001  0.12516782E+002  0.31318283E+002  0.78796317E+002  0.15916341E+003
  0.00000000E+000  0.00000000E+000  0.00000000E+000  0.00000000E+000  0.00000000E+000  0.93811051E-001  0.19304888E+001  0.12518401E+002  0.31320454E+002  0.78806690E+002  0.15917835E+003
  0.00000000E+000  0.00000000E+000  0.00000000E+000  0.00000000E+000  0.00000000E+000  0.93818931E-001  0.19306291E+001  0.12519680E+002  0.31322170E+002  0.78815014E+002  0.15919045E+003
  0.00000000E+000  0.00000000E+000  0.00000000E+000  0.00000000E+000  0.00000000E+000  0.93824214E-001  0.19307352E+001  0.12520677E+002  0.31323515E+002  0.78821647E+002  0.15920017E+003
  0.00000000E+000  0.00000000E+000  0.00000000E+000  0.00000000E+000  0.00000000E+000  0.93827358E-001  0.19308128E+001  0.12521442E+002  0.31324555E+002  0.78826878E+002  0.15920794E+003
  0.00000000E+000  0.00000000E+000  0.00000000E+000  0.00000000E+000  0.00000000E+000  0.93828745E-001  0.19308668E+001  0.12522013E+002  0.31325342E+002  0.78830943E+002  0.15921407E+003
  0.00000000E+000  0.00000000E+000  0.00000000E+000  0.00000000E+000  0.00000000E+000  0.93828688E-001  0.19309009E+001  0.12522422E+002  0.31325918E+002  0.78834038E+002  0.15921884E+003
  0.00000000E+000  0.00000000E+000  0.00000000E+000  0.00000000E+000  0.00000000E+000  0.93827447E-001  0.19309186E+001  0.12522695E+002  0.31326318E+002  0.78836321E+002  0.15922246E+003
  0.00000000E+000  0.00000000E+000  0.00000000E+000  0.00000000E+000  0.00000000E+000  0.93825237E-001  0.19309224E+001  0.12522855E+002  0.31326571E+002  0.78837925E+002  0.15922513E+003
  0.00000000E+000  0.00000000E+000  0.00000000E+000  0.00000000E+000  0.00000000E+000  0.93822237E-001  0.19309147E+001  0.12522919E+002  0.31326700E+002  0.78838961E+002  0.15922700E+003
  0.00000000E+000  0.00000000E+000  0.00000000E+000  0.00000000E+000  0.00000000E+000  0.93818594E-001  0.19308971E+001  0.12522903E+002  0.31326727E+002  0.78839520E+002  0.15922819E+003
  0.00000000E+000  0.00000000E+000  0.00000000E+000  0.00000000E+000  0.00000000E+000  0.93814429E-001  0.19308714E+001  0.12522819E+002  0.31326667E+002  0.78839676E+002  0.15922881E+003
  0.00000000E+000  0.00000000E+000  0.00000000E+000  0.00000000E+000  0.00000000E+000  0.93809844E-001  0.19308387E+001  0.12522677E+002  0.31326535E+002  0.78839492E+002  0.15922895E+003
  0.00000000E+000  0.00000000E+000  0.00000000E+000  0.00000000E+000  0.00000000E+000  0.93804923E-001  0.19308001E+001  0.12522486E+002  0.31326343E+002  0.78839020E+002  0.15922868E+003
  0.00000000E+000  0.00000000E+000  0.00000000E+000  0.00000000E+000  0.00000000E+000  0.93799736E-001  0.19307565E+001  0.12522253E+002  0.31326099E+002  0.78838304E+002  0.15922806E+003
  0.00000000E+000  0.00000000E+000  0.00000000E+000  0.00000000E+000  0.00000000E+000  0.93794341E-001  0.19307087E+001  0.12521984E+002  0.31325812E+002  0.78837378E+002  0.15922715E+003
  0.00000000E+000  0.00000000E+000  0.00000000E+000  0.00000000E+000  0.00000000E+000  0.93788786E-001  0.19306572E+001  0.12521685E+002  0.31325487E+002  0.78836275E+002  0.15922598E+003
  0.00000000E+000  0.00000000E+000  0.00000000E+000  0.00000000E+000  0.00000000E+000  0.93783114E-001  0.19306026E+001  0.12521359E+002  0.31325130E+002  0.78835018E+002  0.15922460E+003
  0.00000000E+000  0.00000000E+000  0.00000000E+000  0.00000000E+000  0.00000000E+000  0.93777357E-001  0.19305453E+001  0.12521010E+002  0.31324745E+002  0.78833630E+002  0.15922304E+003
  0.00000000E+000  0.00000000E+000  0.00000000E+000  0.00000000E+000  0.00000000E+000  0.93771545E-001  0.19304856E+001  0.12520640E+002  0.31324337E+002  0.78832129E+002  0.15922131E+003
  0.00000000E+000  0.00000000E+000  0.00000000E+000  0.00000000E+000  0.00000000E+000  0.93765703E-001  0.19304239E+001  0.12520254E+002  0.31323907E+002  0.78830528E+002  0.15921945E+003
  0.00000000E+000  0.00000000E+000  0.00000000E+000  0.00000000E+000  0.00000000E+000  0.93759852E-001  0.19303605E+001  0.12519852E+002  0.31323459E+002  0.78828843E+002  0.15921747E+003
  0.00000000E+000  0.00000000E+000  0.00000000E+000  0.00000000E+000  0.00000000E+000  0.93754010E-001  0.19302955E+001  0.12519437E+002  0.31322996E+002  0.78827082E+002  0.15921538E+003
  0.00000000E+000  0.00000000E+000  0.00000000E+000  0.00000000E+000  0.00000000E+000  0.93748196E-001  0.19302293E+001  0.12519009E+002  0.31322518E+002  0.78825256E+002  0.15921321E+003
  0.00000000E+000  0.00000000E+000  0.00000000E+000  0.00000000E+000  0.00000000E+000  0.93742423E-001  0.19301619E+001  0.12518571E+002  0.31322028E+002  0.78823372E+002  0.15921096E+003
  0.00000000E+000  0.00000000E+000  0.00000000E+000  0.00000000E+000  0.00000000E+000  0.93736705E-001  0.19300935E+001  0.12518124E+002  0.31321527E+002  0.78821437E+002  0.15920865E+003
  0.00000000E+000  0.00000000E+000  0.00000000E+000  0.00000000E+000  0.00000000E+000  0.93731057E-001  0.19300243E+001  0.12517668E+002  0.31321016E+002  0.78819456E+002  0.15920627E+003
  0.00000000E+000  0.00000000E+000  0.00000000E+000  0.00000000E+000  0.00000000E+000  0.93725490E-001  0.19299544E+001  0.12517204E+002  0.31320496E+002  0.78817436E+002  0.15920385E+003
  0.00000000E+000  0.00000000E+000  0.00000000E+000  0.00000000E+000  0.00000000E+000  0.93720016E-001  0.19298839E+001  0.12516734E+002  0.31319968E+002  0.78815380E+002  0.15920138E+003
  0.00000000E+000  0.00000000E+000  0.00000000E+000  0.00000000E+000  0.00000000E+000  0.93714649E-001  0.19298130E+001  0.12516258E+002  0.31319433E+002  0.78813293E+002  0.15919887E+003
  0.00000000E+000  0.00000000E+000  0.00000000E+000  0.00000000E+000  0.00000000E+000  0.93709399E-001  0.19297418E+001  0.12515777E+002  0.31318892E+002  0.78811179E+002  0.15919633E+003
  0.00000000E+000  0.00000000E+000  0.00000000E+000  0.00000000E+000  0.00000000E+000  0.93704281E-001  0.19296704E+001  0.12515291E+002  0.31318346E+002  0.78809040E+002  0.15919377E+003
  0.00000000E+000  0.00000000E+000  0.00000000E+000  0.00000000E+000  0.00000000E+000  0.93699305E-001  0.19295990E+001  0.12514802E+002  0.31317795E+002  0.78806881E+002  0.15919118E+003
  0.00000000E+000  0.00000000E+000  0.00000000E+000  0.00000000E+000  0.00000000E+000  0.93694485E-001  0.19295276E+001  0.12514310E+002  0.31317240E+002  0.78804705E+002  0.15918857E+003
  0.00000000E+000  0.00000000E+000  0.00000000E+000  0.00000000E+000  0.00000000E+000  0.93689834E-001  0.19294565E+001  0.12513816E+002  0.31316682E+002  0.78802514E+002  0.15918595E+003
  0.00000000E+000  0.00000000E+000  0.00000000E+000  0.00000000E+000  0.00000000E+000  0.93685364E-001  0.19293857E+001  0.12513320E+002  0.31316122E+002  0.78800314E+002  0.15918332E+003
  0.00000000E+000  0.00000000E+000  0.00000000E+000  0.00000000E+000  0.00000000E+000  0.93681089E-001  0.19293154E+001  0.12512824E+002  0.31315561E+002  0.78798107E+002  0.15918069E+003
  0.00000000E+000  0.00000000E+000  0.00000000E+000  0.00000000E+000  0.00000000E+000  0.93677021E-001  0.19292458E+001  0.12512329E+002  0.31314999E+002  0.78795897E+002  0.15917806E+003
  0.00000000E+000  0.00000000E+000  0.00000000E+000  0.00000000E+000  0.00000000E+000  0.93673174E-001  0.19291770E+001  0.12511835E+002  0.31314438E+002  0.78793687E+002  0.15917543E+003
  0.00000000E+000  0.00000000E+000  0.00000000E+000  0.00000000E+000  0.00000000E+000  0.93669560E-001  0.19291092E+001  0.12511344E+002  0.31313879E+002  0.78791483E+002  0.15917282E+003
  0.00000000E+000  0.00000000E+000  0.00000000E+000  0.00000000E+000  0.00000000E+000  0.93666190E-001  0.19290426E+001  0.12510856E+002  0.31313322E+002  0.78789287E+002  0.15917022E+003
  0.00000000E+000  0.00000000E+000  0.00000000E+000  0.00000000E+000  0.00000000E+000  0.93663076E-001  0.19289773E+001  0.12510372E+002  0.31312770E+002  0.78787105E+002  0.15916765E+003
  0.00000000E+000  0.00000000E+000  0.00000000E+000  0.00000000E+000  0.00000000E+000  0.93660227E-001  0.19289135E+001  0.12509895E+002  0.31312223E+002  0.78784941E+002  0.15916510E+003
  0.00000000E+000  0.00000000E+000  0.00000000E+000  0.00000000E+000  0.00000000E+000  0.93657655E-001  0.19288514E+001  0.12509424E+002  0.31311683E+002  0.78782799E+002  0.15916259E+003
  0.00000000E+000  0.00000000E+000  0.00000000E+000  0.00000000E+000  0.00000000E+000  0.93655366E-001  0.19287913E+001  0.12508961E+002  0.31311150E+002  0.78780684E+002  0.15916011E+003
  0.00000000E+000  0.00000000E+000  0.00000000E+000  0.00000000E+000  0.00000000E+000  0.93653370E-001  0.19287331E+001  0.12508508E+002  0.31310626E+002  0.78778602E+002  0.15915769E+003
  0.00000000E+000  0.00000000E+000  0.00000000E+000  0.00000000E+000  0.00000000E+000  0.93651671E-001  0.19286773E+001  0.12508065E+002  0.31310113E+002  0.78776556E+002  0.15915531E+003
  0.00000000E+000  0.00000000E+000  0.00000000E+000  0.00000000E+000  0.00000000E+000  0.93650274E-001  0.19286239E+001  0.12507634E+002  0.31309611E+002  0.78774553E+002  0.15915300E+003
  0.00000000E+000  0.00000000E+000  0.00000000E+000  0.00000000E+000  0.00000000E+000  0.93649185E-001  0.19285730E+001  0.12507216E+002  0.31309122E+002  0.78772596E+002  0.15915075E+003
  0.00000000E+000  0.00000000E+000  0.00000000E+000  0.00000000E+000  0.00000000E+000  0.93648405E-001  0.19285250E+001  0.12506812E+002  0.31308648E+002  0.78770691E+002  0.15914857E+003
  0.00000000E+000  0.00000000E+000  0.00000000E+000  0.00000000E+000  0.00000000E+000  0.93647936E-001  0.19284799E+001  0.12506423E+002  0.31308188E+002  0.78768842E+002  0.15914646E+003
  0.00000000E+000  0.00000000E+000  0.00000000E+000  0.00000000E+000  0.00000000E+000  0.93647777E-001  0.19284379E+001  0.12506050E+002  0.31307745E+002  0.78767053E+002  0.15914444E+003
  0.00000000E+000  0.00000000E+000  0.00000000E+000  0.00000000E+000  0.00000000E+000  0.93647928E-001  0.19283990E+001  0.12505694E+002  0.31307319E+002  0.78765328E+002  0.15914251E+003
  0.00000000E+000  0.00000000E+000  0.00000000E+000  0.00000000E+000  0.00000000E+000  0.93648386E-001  0.19283635E+001  0.12505357E+002  0.31306912E+002  0.78763672E+002  0.15914067E+003
  0.00000000E+000  0.00000000E+000  0.00000000E+000  0.00000000E+000  0.00000000E+000  0.93649147E-001  0.19283314E+001  0.12505038E+002  0.31306524E+002  0.78762087E+002  0.15913892E+003
  0.00000000E+000  0.00000000E+000  0.00000000E+000  0.00000000E+000  0.00000000E+000  0.93650205E-001  0.19283029E+001  0.12504739E+002  0.31306157E+002  0.78760577E+002  0.15913728E+003
  0.00000000E+000  0.00000000E+000  0.00000000E+000  0.00000000E+000  0.00000000E+000  0.93651554E-001  0.19282778E+001  0.12504460E+002  0.31305810E+002  0.78759143E+002  0.15913574E+003
  0.00000000E+000  0.00000000E+000  0.00000000E+000  0.00000000E+000  0.00000000E+000  0.93653185E-001  0.19282564E+001  0.12504201E+002  0.31305485E+002  0.78757788E+002  0.15913431E+003
  0.00000000E+000  0.00000000E+000  0.00000000E+000  0.00000000E+000  0.00000000E+000  0.93655088E-001  0.19282386E+001  0.12503963E+002  0.31305182E+002  0.78756514E+002  0.15913298E+003
  0.00000000E+000  0.00000000E+000  0.00000000E+000  0.00000000E+000  0.00000000E+000  0.93657252E-001  0.19282244E+001  0.12503746E+002  0.31304901E+002  0.78755321E+002  0.15913177E+003
  0.00000000E+000  0.00000000E+000  0.00000000E+000  0.00000000E+000  0.00000000E+000  0.93659662E-001  0.19282138E+001  0.12503550E+002  0.31304643E+002  0.78754209E+002  0.15913066E+003
  0.00000000E+000  0.00000000E+000  0.00000000E+000  0.00000000E+000  0.00000000E+000  0.93662305E-001  0.19282067E+001  0.12503375E+002  0.31304407E+002  0.78753178E+002  0.15912966E+003
  0.00000000E+000  0.00000000E+000  0.00000000E+000  0.00000000E+000  0.00000000E+000  0.93665163E-001  0.19282031E+001  0.12503221E+002  0.31304193E+002  0.78752228E+002  0.15912877E+003
  0.00000000E+000  0.00000000E+000  0.00000000E+000  0.00000000E+000  0.00000000E+000  0.93668218E-001  0.19282028E+001  0.12503087E+002  0.31304002E+002  0.78751358E+002  0.15912798E+003
  0.00000000E+000  0.00000000E+000  0.00000000E+000  0.00000000E+000  0.00000000E+000  0.93671449E-001  0.19282058E+001  0.12502973E+002  0.31303833E+002  0.78750564E+002  0.15912730E+003
  0.00000000E+000  0.00000000E+000  0.00000000E+000  0.00000000E+000  0.00000000E+000  0.93674833E-001  0.19282120E+001  0.12502878E+002  0.31303685E+002  0.78749846E+002  0.15912672E+003
  0.00000000E+000  0.00000000E+000  0.00000000E+000  0.00000000E+000  0.00000000E+000  0.93678349E-001  0.19282211E+001  0.12502801E+002  0.31303557E+002  0.78749200E+002  0.15912623E+003
  0.00000000E+000  0.00000000E+000  0.00000000E+000  0.00000000E+000  0.00000000E+000  0.93681970E-001  0.19282330E+001  0.12502742E+002  0.31303449E+002  0.78748624E+002  0.15912583E+003
  0.00000000E+000  0.00000000E+000  0.00000000E+000  0.00000000E+000  0.00000000E+000  0.93685671E-001  0.19282475E+001  0.12502699E+002  0.31303360E+002  0.78748112E+002  0.15912552E+003
  0.00000000E+000  0.00000000E+000  0.00000000E+000  0.00000000E+000  0.00000000E+000  0.93689425E-001  0.19282644E+001  0.12502672E+002  0.31303289E+002  0.78747663E+002  0.15912529E+003
  0.00000000E+000  0.00000000E+000  0.00000000E+000  0.00000000E+000  0.00000000E+000  0.93693205E-001  0.19282835E+001  0.12502659E+002  0.31303235E+002  0.78747270E+002  0.15912512E+003
  0.00000000E+000  0.00000000E+000  0.00000000E+000  0.00000000E+000  0.00000000E+000  0.93696982E-001  0.19283046E+001  0.12502659E+002  0.31303196E+002  0.78746930E+002  0.15912503E+003
  0.00000000E+000  0.00000000E+000  0.00000000E+000  0.00000000E+000  0.00000000E+000  0.93700729E-001  0.19283275E+001  0.12502671E+002  0.31303171E+002  0.78746638E+002  0.15912499E+003
  0.00000000E+000  0.00000000E+000  0.00000000E+000  0.00000000E+000  0.00000000E+000  0.93704418E-001  0.19283519E+001  0.12502693E+002  0.31303159E+002  0.78746389E+002  0.15912501E+003
  0.00000000E+000  0.00000000E+000  0.00000000E+000  0.00000000E+000  0.00000000E+000  0.93708022E-001  0.19283775E+001  0.12502725E+002  0.31303158E+002  0.78746178E+002  0.15912506E+003
  0.00000000E+000  0.00000000E+000  0.00000000E+000  0.00000000E+000  0.00000000E+000  0.93711515E-001  0.19284042E+001  0.12502764E+002  0.31303167E+002  0.78745999E+002  0.15912516E+003
  0.00000000E+000  0.00000000E+000  0.00000000E+000  0.00000000E+000  0.00000000E+000  0.93714872E-001  0.19284316E+001  0.12502810E+002  0.31303185E+002  0.78745847E+002  0.15912528E+003
  0.00000000E+000  0.00000000E+000  0.00000000E+000  0.00000000E+000  0.00000000E+000  0.93718070E-001  0.19284596E+001  0.12502862E+002  0.31303209E+002  0.78745718E+002  0.15912542E+003
  0.00000000E+000  0.00000000E+000  0.00000000E+000  0.00000000E+000  0.00000000E+000  0.93721087E-001  0.19284879E+001  0.12502917E+002  0.31303239E+002  0.78745605E+002  0.15912557E+003
  0.00000000E+000  0.00000000E+000  0.00000000E+000  0.00000000E+000  0.00000000E+000  0.93723904E-001  0.19285163E+001  0.12502975E+002  0.31303274E+002  0.78745504E+002  0.15912573E+003
  0.00000000E+000  0.00000000E+000  0.00000000E+000  0.00000000E+000  0.00000000E+000  0.93726504E-001  0.19285446E+001  0.12503035E+002  0.31303311E+002  0.78745410E+002  0.15912588E+003
  0.00000000E+000  0.00000000E+000  0.00000000E+000  0.00000000E+000  0.00000000E+000  0.93728871E-001  0.19285726E+001  0.12503095E+002  0.31303349E+002  0.78745318E+002  0.15912603E+003
  0.00000000E+000  0.00000000E+000  0.00000000E+000  0.00000000E+000  0.00000000E+000  0.93730994E-001  0.19286001E+001  0.12503155E+002  0.31303387E+002  0.78745223E+002  0.15912616E+003
  0.00000000E+000  0.00000000E+000  0.00000000E+000  0.00000000E+000  0.00000000E+000  0.93732862E-001  0.19286268E+001  0.12503213E+002  0.31303425E+002  0.78745122E+002  0.15912627E+003
  0.00000000E+000  0.00000000E+000  0.00000000E+000  0.00000000E+000  0.00000000E+000  0.93734469E-001  0.19286528E+001  0.12503269E+002  0.31303460E+002  0.78745010E+002  0.15912635E+003
  0.00000000E+000  0.00000000E+000  0.00000000E+000  0.00000000E+000  0.00000000E+000  0.93735809E-001  0.19286778E+001  0.12503322E+002  0.31303491E+002  0.78744883E+002  0.15912639E+003
  0.00000000E+000  0.00000000E+000  0.00000000E+000  0.00000000E+000  0.00000000E+000  0.93736882E-001  0.19287016E+001  0.12503371E+002  0.31303519E+002  0.78744739E+002  0.15912640E+003
  0.00000000E+000  0.00000000E+000  0.00000000E+000  0.00000000E+000  0.00000000E+000  0.93737687E-001  0.19287243E+001  0.12503415E+002  0.31303542E+002  0.78744574E+002  0.15912637E+003
  0.00000000E+000  0.00000000E+000  0.00000000E+000  0.00000000E+000  0.00000000E+000  0.93738227E-001  0.19287457E+001  0.12503455E+002  0.31303559E+002  0.78744385E+002  0.15912629E+003
  0.00000000E+000  0.00000000E+000  0.00000000E+000  0.00000000E+000  0.00000000E+000  0.93738508E-001  0.19287656E+001  0.12503489E+002  0.31303570E+002  0.78744171E+002  0.15912616E+003
  0.00000000E+000  0.00000000E+000  0.00000000E+000  0.00000000E+000  0.00000000E+000  0.93738536E-001  0.19287841E+001  0.12503518E+002  0.31303574E+002  0.78743929E+002  0.15912597E+003
  0.00000000E+000  0.00000000E+000  0.00000000E+000  0.00000000E+000  0.00000000E+000  0.93738321E-001  0.19288012E+001  0.12503541E+002  0.31303570E+002  0.78743657E+002  0.15912574E+003
  0.00000000E+000  0.00000000E+000  0.00000000E+000  0.00000000E+000  0.00000000E+000  0.93737874E-001  0.19288167E+001  0.12503558E+002  0.31303560E+002  0.78743355E+002  0.15912544E+003
  0.00000000E+000  0.00000000E+000  0.00000000E+000  0.00000000E+000  0.00000000E+000  0.93737206E-001  0.19288307E+001  0.12503568E+002  0.31303541E+002  0.78743022E+002  0.15912508E+003
  0.00000000E+000  0.00000000E+000  0.00000000E+000  0.00000000E+000  0.00000000E+000  0.93736331E-001  0.19288431E+001  0.12503573E+002  0.31303515E+002  0.78742656E+002  0.15912467E+003
  0.00000000E+000  0.00000000E+000  0.00000000E+000  0.00000000E+000  0.00000000E+000  0.93735263E-001  0.19288540E+001  0.12503572E+002  0.31303481E+002  0.78742259E+002  0.15912419E+003
  0.00000000E+000  0.00000000E+000  0.00000000E+000  0.00000000E+000  0.00000000E+000  0.93734019E-001  0.19288633E+001  0.12503564E+002  0.31303439E+002  0.78741829E+002  0.15912366E+003
  0.00000000E+000  0.00000000E+000  0.00000000E+000  0.00000000E+000  0.00000000E+000  0.93732613E-001  0.19288712E+001  0.12503551E+002  0.31303390E+002  0.78741367E+002  0.15912306E+003
  0.00000000E+000  0.00000000E+000  0.00000000E+000  0.00000000E+000  0.00000000E+000  0.93731062E-001  0.19288776E+001  0.12503532E+002  0.31303333E+002  0.78740874E+002  0.15912240E+003
  0.00000000E+000  0.00000000E+000  0.00000000E+000  0.00000000E+000  0.00000000E+000  0.93729382E-001  0.19288825E+001  0.12503508E+002  0.31303268E+002  0.78740351E+002  0.15912169E+003
  0.00000000E+000  0.00000000E+000  0.00000000E+000  0.00000000E+000  0.00000000E+000  0.93727591E-001  0.19288860E+001  0.12503479E+002  0.31303197E+002  0.78739798E+002  0.15912091E+003
  0.00000000E+000  0.00000000E+000  0.00000000E+000  0.00000000E+000  0.00000000E+000  0.93725704E-001  0.19288882E+001  0.12503444E+002  0.31303119E+002  0.78739217E+002  0.15912008E+003
  0.00000000E+000  0.00000000E+000  0.00000000E+000  0.00000000E+000  0.00000000E+000  0.93723736E-001  0.19288891E+001  0.12503406E+002  0.31303035E+002  0.78738608E+002  0.15911919E+003
  0.00000000E+000  0.00000000E+000  0.00000000E+000  0.00000000E+000  0.00000000E+000  0.93721705E-001  0.19288888E+001  0.12503363E+002  0.31302945E+002  0.78737975E+002  0.15911825E+003
  0.00000000E+000  0.00000000E+000  0.00000000E+000  0.00000000E+000  0.00000000E+000  0.93719625E-001  0.19288873E+001  0.12503317E+002  0.31302849E+002  0.78737317E+002  0.15911726E+003
  0.00000000E+000  0.00000000E+000  0.00000000E+000  0.00000000E+000  0.00000000E+000  0.93717509E-001  0.19288847E+001  0.12503267E+002  0.31302749E+002  0.78736637E+002  0.15911622E+003
  0.00000000E+000  0.00000000E+000  0.00000000E+000  0.00000000E+000  0.00000000E+000  0.93715372E-001  0.19288810E+001  0.12503214E+002  0.31302643E+002  0.78735936E+002  0.15911513E+003
  0.00000000E+000  0.00000000E+000  0.00000000E+000  0.00000000E+000  0.00000000E+000  0.93713227E-001  0.19288763E+001  0.12503158E+002  0.31302534E+002  0.78735216E+002  0.15911400E+003
  0.00000000E+000  0.00000000E+000  0.00000000E+000  0.00000000E+000  0.00000000E+000  0.93711084E-001  0.19288707E+001  0.12503099E+002  0.31302421E+002  0.78734479E+002  0.15911282E+003
  0.00000000E+000  0.00000000E+000  0.00000000E+000  0.00000000E+000  0.00000000E+000  0.93708955E-001  0.19288642E+001  0.12503039E+002  0.31302304E+002  0.78733726E+002  0.15911161E+003
  0.00000000E+000  0.00000000E+000  0.00000000E+000  0.00000000E+000  0.00000000E+000  0.93706849E-001  0.19288569E+001  0.12502976E+002  0.31302185E+002  0.78732960E+002  0.15911036E+003
  0.00000000E+000  0.00000000E+000  0.00000000E+000  0.00000000E+000  0.00000000E+000  0.93704776E-001  0.19288488E+001  0.12502913E+002  0.31302063E+002  0.78732183E+002  0.15910907E+003
  0.00000000E+000  0.00000000E+000  0.00000000E+000  0.00000000E+000  0.00000000E+000  0.93702742E-001  0.19288401E+001  0.12502847E+002  0.31301939E+002  0.78731395E+002  0.15910775E+003
  0.00000000E+000  0.00000000E+000  0.00000000E+000  0.00000000E+000  0.00000000E+000  0.93700756E-001  0.19288308E+001  0.12502781E+002  0.31301813E+002  0.78730598E+002  0.15910640E+003
  0.00000000E+000  0.00000000E+000  0.00000000E+000  0.00000000E+000  0.00000000E+000  0.93698823E-001  0.19288209E+001  0.12502714E+002  0.31301687E+002  0.78729795E+002  0.15910502E+003
  0.00000000E+000  0.00000000E+000  0.00000000E+000  0.00000000E+000  0.00000000E+000  0.93696948E-001  0.19288105E+001  0.12502647E+002  0.31301559E+002  0.78728987E+002  0.15910362E+003
  0.00000000E+000  0.00000000E+000  0.00000000E+000  0.00000000E+000  0.00000000E+000  0.93695135E-001  0.19287997E+001  0.12502579E+002  0.31301430E+002  0.78728174E+002  0.15910220E+003
  0.00000000E+000  0.00000000E+000  0.00000000E+000  0.00000000E+000  0.00000000E+000  0.93693388E-001  0.19287885E+001  0.12502512E+002  0.31301301E+002  0.78727360E+002  0.15910075E+003
  0.00000000E+000  0.00000000E+000  0.00000000E+000  0.00000000E+000  0.00000000E+000  0.93691709E-001  0.19287770E+001  0.12502444E+002  0.31301172E+002  0.78726544E+002  0.15909929E+003
  0.00000000E+000  0.00000000E+000  0.00000000E+000  0.00000000E+000  0.00000000E+000  0.93690100E-001  0.19287652E+001  0.12502376E+002  0.31301044E+002  0.78725729E+002  0.15909781E+003
  0.00000000E+000  0.00000000E+000  0.00000000E+000  0.00000000E+000  0.00000000E+000  0.93688562E-001  0.19287532E+001  0.12502309E+002  0.31300915E+002  0.78724916E+002  0.15909632E+003
  0.00000000E+000  0.00000000E+000  0.00000000E+000  0.00000000E+000  0.00000000E+000  0.93687096E-001  0.19287410E+001  0.12502242E+002  0.31300788E+002  0.78724105E+002  0.15909482E+003
  0.00000000E+000  0.00000000E+000  0.00000000E+000  0.00000000E+000  0.00000000E+000  0.93685702E-001  0.19287287E+001  0.12502176E+002  0.31300661E+002  0.78723297E+002  0.15909331E+003
  0.00000000E+000  0.00000000E+000  0.00000000E+000  0.00000000E+000  0.00000000E+000  0.93684379E-001  0.19287164E+001  0.12502111E+002  0.31300535E+002  0.78722495E+002  0.15909179E+003
  0.00000000E+000  0.00000000E+000  0.00000000E+000  0.00000000E+000  0.00000000E+000  0.93683127E-001  0.19287040E+001  0.12502046E+002  0.31300411E+002  0.78721698E+002  0.15909027E+003
  0.00000000E+000  0.00000000E+000  0.00000000E+000  0.00000000E+000  0.00000000E+000  0.93681945E-001  0.19286916E+001  0.12501983E+002  0.31300288E+002  0.78720908E+002  0.15908874E+003
  0.00000000E+000  0.00000000E+000  0.00000000E+000  0.00000000E+000  0.00000000E+000  0.93680830E-001  0.19286793E+001  0.12501920E+002  0.31300166E+002  0.78720125E+002  0.15908721E+003
  0.00000000E+000  0.00000000E+000  0.00000000E+000  0.00000000E+000  0.00000000E+000  0.93679781E-001  0.19286671E+001  0.12501858E+002  0.31300046E+002  0.78719349E+002  0.15908569E+003
  0.00000000E+000  0.00000000E+000  0.00000000E+000  0.00000000E+000  0.00000000E+000  0.93678796E-001  0.19286550E+001  0.12501797E+002  0.31299928E+002  0.78718583E+002  0.15908416E+003
  0.00000000E+000  0.00000000E+000  0.00000000E+000  0.00000000E+000  0.00000000E+000  0.93677873E-001  0.19286430E+001  0.12501738E+002  0.31299811E+002  0.78717825E+002  0.15908264E+003
  0.00000000E+000  0.00000000E+000  0.00000000E+000  0.00000000E+000  0.00000000E+000  0.93677008E-001  0.19286313E+001  0.12501679E+002  0.31299697E+002  0.78717077E+002  0.15908112E+003
  0.00000000E+000  0.00000000E+000  0.00000000E+000  0.00000000E+000  0.00000000E+000  0.93676200E-001  0.19286197E+001  0.12501621E+002  0.31299584E+002  0.78716340E+002  0.15907961E+003
  0.00000000E+000  0.00000000E+000  0.00000000E+000  0.00000000E+000  0.00000000E+000  0.93675447E-001  0.19286084E+001  0.12501565E+002  0.31299473E+002  0.78715612E+002  0.15907810E+003
  0.00000000E+000  0.00000000E+000  0.00000000E+000  0.00000000E+000  0.00000000E+000  0.93674744E-001  0.19285974E+001  0.12501510E+002  0.31299364E+002  0.78714896E+002  0.15907661E+003
  0.00000000E+000  0.00000000E+000  0.00000000E+000  0.00000000E+000  0.00000000E+000  0.93674090E-001  0.19285866E+001  0.12501456E+002  0.31299258E+002  0.78714191E+002  0.15907512E+003
  0.00000000E+000  0.00000000E+000  0.00000000E+000  0.00000000E+000  0.00000000E+000  0.93673482E-001  0.19285761E+001  0.12501403E+002  0.31299153E+002  0.78713497E+002  0.15907365E+003
  0.00000000E+000  0.00000000E+000  0.00000000E+000  0.00000000E+000  0.00000000E+000  0.93672916E-001  0.19285659E+001  0.12501351E+002  0.31299051E+002  0.78712815E+002  0.15907218E+003
  0.00000000E+000  0.00000000E+000  0.00000000E+000  0.00000000E+000  0.00000000E+000  0.93672392E-001  0.19285560E+001  0.12501300E+002  0.31298950E+002  0.78712145E+002  0.15907074E+003
  0.00000000E+000  0.00000000E+000  0.00000000E+000  0.00000000E+000  0.00000000E+000  0.93671905E-001  0.19285465E+001  0.12501251E+002  0.31298852E+002  0.78711487E+002  0.15906930E+003
  0.00000000E+000  0.00000000E+000  0.00000000E+000  0.00000000E+000  0.00000000E+000  0.93671453E-001  0.19285372E+001  0.12501202E+002  0.31298755E+002  0.78710841E+002  0.15906788E+003
  0.00000000E+000  0.00000000E+000  0.00000000E+000  0.00000000E+000  0.00000000E+000  0.93671035E-001  0.19285283E+001  0.12501155E+002  0.31298661E+002  0.78710207E+002  0.15906648E+003
  0.00000000E+000  0.00000000E+000  0.00000000E+000  0.00000000E+000  0.00000000E+000  0.93670646E-001  0.19285197E+001  0.12501109E+002  0.31298569E+002  0.78709585E+002  0.15906509E+003
  0.00000000E+000  0.00000000E+000  0.00000000E+000  0.00000000E+000  0.00000000E+000  0.93670286E-001  0.19285115E+001  0.12501064E+002  0.31298479E+002  0.78708975E+002  0.15906372E+003
  0.00000000E+000  0.00000000E+000  0.00000000E+000  0.00000000E+000  0.00000000E+000  0.93669952E-001  0.19285036E+001  0.12501020E+002  0.31298391E+002  0.78708378E+002  0.15906237E+003
  0.00000000E+000  0.00000000E+000  0.00000000E+000  0.00000000E+000  0.00000000E+000  0.93669641E-001  0.19284959E+001  0.12500977E+002  0.31298305E+002  0.78707793E+002  0.15906103E+003
  0.00000000E+000  0.00000000E+000  0.00000000E+000  0.00000000E+000  0.00000000E+000  0.93669353E-001  0.19284887E+001  0.12500935E+002  0.31298221E+002  0.78707220E+002  0.15905972E+003
  0.00000000E+000  0.00000000E+000  0.00000000E+000  0.00000000E+000  0.00000000E+000  0.93669084E-001  0.19284817E+001  0.12500895E+002  0.31298138E+002  0.78706660E+002  0.15905842E+003
  0.00000000E+000  0.00000000E+000  0.00000000E+000  0.00000000E+000  0.00000000E+000  0.93668833E-001  0.19284750E+001  0.12500855E+002  0.31298058E+002  0.78706111E+002  0.15905715E+003
  0.00000000E+000  0.00000000E+000  0.00000000E+000  0.00000000E+000  0.00000000E+000  0.93668599E-001  0.19284686E+001  0.12500816E+002  0.31297980E+002  0.78705574E+002  0.15905589E+003
  0.00000000E+000  0.00000000E+000  0.00000000E+000  0.00000000E+000  0.00000000E+000  0.93668379E-001  0.19284625E+001  0.12500778E+002  0.31297903E+002  0.78705049E+002  0.15905466E+003
  0.00000000E+000  0.00000000E+000  0.00000000E+000  0.00000000E+000  0.00000000E+000  0.93668173E-001  0.19284567E+001  0.12500741E+002  0.31297829E+002  0.78704535E+002  0.15905345E+003
  0.00000000E+000  0.00000000E+000  0.00000000E+000  0.00000000E+000  0.00000000E+000  0.93667979E-001  0.19284511E+001  0.12500705E+002  0.31297756E+002  0.78704033E+002  0.15905225E+003
  0.00000000E+000  0.00000000E+000  0.00000000E+000  0.00000000E+000  0.00000000E+000  0.93667796E-001  0.19284458E+001  0.12500670E+002  0.31297684E+002  0.78703542E+002  0.15905108E+003
  0.00000000E+000  0.00000000E+000  0.00000000E+000  0.00000000E+000  0.00000000E+000  0.93667622E-001  0.19284407E+001  0.12500636E+002  0.31297615E+002  0.78703063E+002  0.15904993E+003
  0.00000000E+000  0.00000000E+000  0.00000000E+000  0.00000000E+000  0.00000000E+000  0.93667456E-001  0.19284358E+001  0.12500603E+002  0.31297547E+002  0.78702594E+002  0.15904880E+003
  0.00000000E+000  0.00000000E+000  0.00000000E+000  0.00000000E+000  0.00000000E+000  0.93667298E-001  0.19284312E+001  0.12500570E+002  0.31297481E+002  0.78702137E+002  0.15904770E+003
  0.00000000E+000  0.00000000E+000  0.00000000E+000  0.00000000E+000  0.00000000E+000  0.93667147E-001  0.19284267E+001  0.12500538E+002  0.31297416E+002  0.78701689E+002  0.15904661E+003
  0.00000000E+000  0.00000000E+000  0.00000000E+000  0.00000000E+000  0.00000000E+000  0.93667001E-001  0.19284225E+001  0.12500507E+002  0.31297353E+002  0.78701253E+002  0.15904555E+003
  0.00000000E+000  0.00000000E+000  0.00000000E+000  0.00000000E+000  0.00000000E+000  0.93666860E-001  0.19284184E+001  0.12500477E+002  0.31297292E+002  0.78700826E+002  0.15904451E+003
  0.00000000E+000  0.00000000E+000  0.00000000E+000  0.00000000E+000  0.00000000E+000  0.93666724E-001  0.19284145E+001  0.12500448E+002  0.31297232E+002  0.78700410E+002  0.15904348E+003
  0.00000000E+000  0.00000000E+000  0.00000000E+000  0.00000000E+000  0.00000000E+000  0.93666591E-001  0.19284108E+001  0.12500419E+002  0.31297173E+002  0.78700003E+002  0.15904248E+003
  0.00000000E+000  0.00000000E+000  0.00000000E+000  0.00000000E+000  0.00000000E+000  0.93666462E-001  0.19284072E+001  0.12500391E+002  0.31297116E+002  0.78699606E+002  0.15904151E+003
  0.00000000E+000  0.00000000E+000  0.00000000E+000  0.00000000E+000  0.00000000E+000  0.93666335E-001  0.19284037E+001  0.12500364E+002  0.31297060E+002  0.78699219E+002  0.15904055E+003
  0.00000000E+000  0.00000000E+000  0.00000000E+000  0.00000000E+000  0.00000000E+000  0.93666210E-001  0.19284004E+001  0.12500337E+002  0.31297005E+002  0.78698840E+002  0.15903961E+003
  0.00000000E+000  0.00000000E+000  0.00000000E+000  0.00000000E+000  0.00000000E+000  0.93666088E-001  0.19283972E+001  0.12500311E+002  0.31296952E+002  0.78698471E+002  0.15903870E+003
  0.00000000E+000  0.00000000E+000  0.00000000E+000  0.00000000E+000  0.00000000E+000  0.93665967E-001  0.19283941E+001  0.12500286E+002  0.31296900E+002  0.78698111E+002  0.15903780E+003
  0.00000000E+000  0.00000000E+000  0.00000000E+000  0.00000000E+000  0.00000000E+000  0.93665848E-001  0.19283912E+001  0.12500261E+002  0.31296849E+002  0.78697759E+002  0.15903692E+003
  0.00000000E+000  0.00000000E+000  0.00000000E+000  0.00000000E+000  0.00000000E+000  0.93665730E-001  0.19283883E+001  0.12500237E+002  0.31296800E+002  0.78697416E+002  0.15903607E+003
  0.00000000E+000  0.00000000E+000  0.00000000E+000  0.00000000E+000  0.00000000E+000  0.93665613E-001  0.19283855E+001  0.12500213E+002  0.31296752E+002  0.78697081E+002  0.15903523E+003
  0.00000000E+000  0.00000000E+000  0.00000000E+000  0.00000000E+000  0.00000000E+000  0.93665498E-001  0.19283828E+001  0.12500190E+002  0.31296704E+002  0.78696754E+002  0.15903442E+003
  0.00000000E+000  0.00000000E+000  0.00000000E+000  0.00000000E+000  0.00000000E+000  0.93665383E-001  0.19283802E+001  0.12500168E+002  0.31296658E+002  0.78696436E+002  0.15903362E+003
  0.00000000E+000  0.00000000E+000  0.00000000E+000  0.00000000E+000  0.00000000E+000  0.93665269E-001  0.19283776E+001  0.12500146E+002  0.31296613E+002  0.78696124E+002  0.15903284E+003
  0.00000000E+000  0.00000000E+000  0.00000000E+000  0.00000000E+000  0.00000000E+000  0.93665156E-001  0.19283751E+001  0.12500124E+002  0.31296569E+002  0.78695821E+002  0.15903208E+003
  0.00000000E+000  0.00000000E+000  0.00000000E+000  0.00000000E+000  0.00000000E+000  0.93665044E-001  0.19283727E+001  0.12500103E+002  0.31296526E+002  0.78695525E+002  0.15903134E+003
  0.00000000E+000  0.00000000E+000  0.00000000E+000  0.00000000E+000  0.00000000E+000  0.93664932E-001  0.19283704E+001  0.12500083E+002  0.31296484E+002  0.78695236E+002  0.15903061E+003
  0.00000000E+000  0.00000000E+000  0.00000000E+000  0.00000000E+000  0.00000000E+000  0.93664822E-001  0.19283681E+001  0.12500063E+002  0.31296444E+002  0.78694954E+002  0.15902991E+003
  0.00000000E+000  0.00000000E+000  0.00000000E+000  0.00000000E+000  0.00000000E+000  0.93664713E-001  0.19283659E+001  0.12500043E+002  0.31296404E+002  0.78694680E+002  0.15902922E+003
  0.00000000E+000  0.00000000E+000  0.00000000E+000  0.00000000E+000  0.00000000E+000  0.93664605E-001  0.19283637E+001  0.12500024E+002  0.31296365E+002  0.78694412E+002  0.15902855E+003
  0.00000000E+000  0.00000000E+000  0.00000000E+000  0.00000000E+000  0.00000000E+000  0.93664498E-001  0.19283616E+001  0.12500006E+002  0.31296327E+002  0.78694150E+002  0.15902789E+003
  0.00000000E+000  0.00000000E+000  0.00000000E+000  0.00000000E+000  0.00000000E+000  0.93664392E-001  0.19283595E+001  0.12499987E+002  0.31296290E+002  0.78693896E+002  0.15902725E+003
  0.00000000E+000  0.00000000E+000  0.00000000E+000  0.00000000E+000  0.00000000E+000  0.93664288E-001  0.19283574E+001  0.12499970E+002  0.31296253E+002  0.78693647E+002  0.15902663E+003
  0.00000000E+000  0.00000000E+000  0.00000000E+000  0.00000000E+000  0.00000000E+000  0.93664185E-001  0.19283555E+001  0.12499952E+002  0.31296218E+002  0.78693405E+002  0.15902602E+003
  0.00000000E+000  0.00000000E+000  0.00000000E+000  0.00000000E+000  0.00000000E+000  0.93664084E-001  0.19283535E+001  0.12499935E+002  0.31296184E+002  0.78693169E+002  0.15902543E+003
  0.00000000E+000  0.00000000E+000  0.00000000E+000  0.00000000E+000  0.00000000E+000  0.93663984E-001  0.19283516E+001  0.12499919E+002  0.31296150E+002  0.78692939E+002  0.15902486E+003
  0.00000000E+000  0.00000000E+000  0.00000000E+000  0.00000000E+000  0.00000000E+000  0.93663886E-001  0.19283498E+001  0.12499903E+002  0.31296117E+002  0.78692715E+002  0.15902430E+003
  0.00000000E+000  0.00000000E+000  0.00000000E+000  0.00000000E+000  0.00000000E+000  0.93663789E-001  0.19283480E+001  0.12499887E+002  0.31296086E+002  0.78692497E+002  0.15902375E+003
  0.00000000E+000  0.00000000E+000  0.00000000E+000  0.00000000E+000  0.00000000E+000  0.93663694E-001  0.19283462E+001  0.12499872E+002  0.31296054E+002  0.78692285E+002  0.15902322E+003
  0.00000000E+000  0.00000000E+000  0.00000000E+000  0.00000000E+000  0.00000000E+000  0.93663601E-001  0.19283445E+001  0.12499857E+002  0.31296024E+002  0.78692078E+002  0.15902270E+003
  0.00000000E+000  0.00000000E+000  0.00000000E+000  0.00000000E+000  0.00000000E+000  0.93663510E-001  0.19283428E+001  0.12499843E+002  0.31295995E+002  0.78691876E+002  0.15902219E+003
  0.00000000E+000  0.00000000E+000  0.00000000E+000  0.00000000E+000  0.00000000E+000  0.93663421E-001  0.19283412E+001  0.12499829E+002  0.31295966E+002  0.78691681E+002  0.15902170E+003
  0.00000000E+000  0.00000000E+000  0.00000000E+000  0.00000000E+000  0.00000000E+000  0.93663333E-001  0.19283396E+001  0.12499815E+002  0.31295938E+002  0.78691490E+002  0.15902123E+003
  0.00000000E+000  0.00000000E+000  0.00000000E+000  0.00000000E+000  0.00000000E+000  0.93663247E-001  0.19283380E+001  0.12499802E+002  0.31295911E+002  0.78691306E+002  0.15902076E+003
  0.00000000E+000  0.00000000E+000  0.00000000E+000  0.00000000E+000  0.00000000E+000  0.93663162E-001  0.19283365E+001  0.12499789E+002  0.31295885E+002  0.78691126E+002  0.15902031E+003
  0.00000000E+000  0.00000000E+000  0.00000000E+000  0.00000000E+000  0.00000000E+000  0.93663082E-001  0.19283351E+001  0.12499776E+002  0.31295860E+002  0.78690952E+002  0.15901988E+003
  0.00000000E+000  0.00000000E+000  0.00000000E+000  0.00000000E+000  0.00000000E+000  0.93663001E-001  0.19283336E+001  0.12499765E+002  0.31295836E+002  0.78690785E+002  0.15901945E+003
