 -0.57432092E+000 -0.43190780E+000 -0.11426195E+000 -0.56729871E-002 -0.39447190E-002 -0.10642722E-002  0.10817903E-002  0.96014761E+000  0.25658122E+001  0.51504776E+001  0.73807482E+001
 -0.57462603E+000 -0.43240196E+000 -0.11492922E+000 -0.56808047E-002 -0.39802440E-002 -0.11459761E-002  0.10570096E-002  0.95809687E+000  0.25633182E+001  0.51456882E+001  0.73753539E+001
 -0.57483096E+000 -0.43277619E+000 -0.11542807E+000 -0.56820370E-002 -0.39808984E-002 -0.11456673E-002  0.10545335E-002  0.95634368E+000  0.25610722E+001  0.51411851E+001  0.73702351E+001
 -0.57496829E+000 -0.43305616E+000 -0.11580426E+000 -0.56823427E-002 -0.39782401E-002 -0.11380691E-002  0.10561281E-002  0.95487937E+000  0.25591673E+001  0.51372522E+001  0.73657234E+001
 -0.57505392E+000 -0.43325563E+000 -0.11608483E+000 -0.56823806E-002 -0.39754202E-002 -0.11304863E-002  0.10582666E-002  0.95365263E+000  0.25575568E+001  0.51338516E+001  0.73617769E+001
 -0.57510239E+000 -0.43339037E+000 -0.11629037E+000 -0.56822886E-002 -0.39728403E-002 -0.11237597E-002  0.10602581E-002  0.95262542E+000  0.25561987E+001  0.51309489E+001  0.73583657E+001
 -0.57512484E+000 -0.43347466E+000 -0.11643649E+000 -0.56821196E-002 -0.39705439E-002 -0.11179177E-002  0.10620002E-002  0.95176609E+000  0.25550527E+001  0.51284956E+001  0.73554480E+001
 -0.57512959E+000 -0.43352062E+000 -0.11653542E+000 -0.56819052E-002 -0.39685284E-002 -0.11129004E-002  0.10635243E-002  0.95104820E+000  0.25540847E+001  0.51264388E+001  0.73529777E+001
 -0.57512266E+000 -0.43353820E+000 -0.11659691E+000 -0.56816623E-002 -0.39667560E-002 -0.11085789E-002  0.10648513E-002  0.95044957E+000  0.25532669E+001  0.51249421E+001  0.73509077E+001
 -0.57510840E+000 -0.43353527E+000 -0.11662888E+000 -0.56814039E-002 -0.39651980E-002 -0.11048547E-002  0.10660034E-002  0.94995146E+000  0.25525768E+001  0.51238856E+001  0.73491924E+001
 -0.57508985E+000 -0.43351797E+000 -0.11663781E+000 -0.56811390E-002 -0.39638292E-002 -0.11016461E-002  0.10670058E-002  0.94953809E+000  0.25519957E+001  0.51230190E+001  0.73477883E+001
 -0.57506913E+000 -0.43349104E+000 -0.11662902E+000 -0.56808744E-002 -0.39626271E-002 -0.10988815E-002  0.10678772E-002  0.94919642E+000  0.25515084E+001  0.51223148E+001  0.73466554E+001
 -0.57504769E+000 -0.43345805E+000 -0.11660684E+000 -0.56806151E-002 -0.39615747E-002 -0.10965073E-002  0.10686387E-002  0.94891553E+000  0.25511023E+001  0.51217493E+001  0.73457573E+001
 -0.57502645E+000 -0.43342166E+000 -0.11657485E+000 -0.56803664E-002 -0.39606672E-002 -0.10945019E-002  0.10693213E-002  0.94868633E+000  0.25507666E+001  0.51213025E+001  0.73450619E+001
 -0.57500601E+000 -0.43338380E+000 -0.11653595E+000 -0.56801273E-002 -0.39598702E-002 -0.10927748E-002  0.10699188E-002  0.94850125E+000  0.25504923E+001  0.51209578E+001  0.73445409E+001
 -0.57498673E+000 -0.43334585E+000 -0.11649247E+000 -0.56798993E-002 -0.39591690E-002 -0.10912852E-002  0.10704377E-002  0.94835400E+000  0.25502719E+001  0.51207010E+001  0.73441698E+001
 -0.57496876E+000 -0.43330878E+000 -0.11644627E+000 -0.56796832E-002 -0.39585518E-002 -0.10899995E-002  0.10708872E-002  0.94823933E+000  0.25500988E+001  0.51205202E+001  0.73439272E+001
 -0.57495219E+000 -0.43327322E+000 -0.11639882E+000 -0.56794796E-002 -0.39580081E-002 -0.10888889E-002  0.10712762E-002  0.94815294E+000  0.25499676E+001  0.51204054E+001  0.73437953E+001
 -0.57493698E+000 -0.43323956E+000 -0.11635127E+000 -0.56792887E-002 -0.39575287E-002 -0.10879287E-002  0.10716127E-002  0.94809124E+000  0.25498736E+001  0.51203480E+001  0.73437585E+001
 -0.57492309E+000 -0.43320801E+000 -0.11630446E+000 -0.56791104E-002 -0.39571056E-002 -0.10870976E-002  0.10719040E-002  0.94805127E+000  0.25498127E+001  0.51203409E+001  0.73438038E+001
 -0.57491043E+000 -0.43317865E+000 -0.11625903E+000 -0.56789444E-002 -0.39567316E-002 -0.10863770E-002  0.10721562E-002  0.94803057E+000  0.25497817E+001  0.51203779E+001  0.73439199E+001
 -0.57489889E+000 -0.43315148E+000 -0.11621543E+000 -0.56787905E-002 -0.39564006E-002 -0.10857509E-002  0.10723752E-002  0.94802711E+000  0.25497774E+001  0.51204537E+001  0.73440975E+001
 -0.57488836E+000 -0.43312641E+000 -0.11617393E+000 -0.56786479E-002 -0.39561070E-002 -0.10852054E-002  0.10725657E-002  0.94803922E+000  0.25497975E+001  0.51205638E+001  0.73443283E+001
 -0.57487874E+000 -0.43310332E+000 -0.11613471E+000 -0.56785162E-002 -0.39558458E-002 -0.10847285E-002  0.10727321E-002  0.94806549E+000  0.25498396E+001  0.51207043E+001  0.73446055E+001
 -0.57486990E+000 -0.43308205E+000 -0.11609782E+000 -0.56783946E-002 -0.39556127E-002 -0.10843095E-002  0.10728784E-002  0.94810479E+000  0.25499020E+001  0.51208718E+001  0.73449232E+001
 -0.57486176E+000 -0.43306245E+000 -0.11606324E+000 -0.56782824E-002 -0.39554038E-002 -0.10839394E-002  0.10730080E-002  0.94815615E+000  0.25499828E+001  0.51210635E+001  0.73452761E+001
 -0.57485420E+000 -0.43304432E+000 -0.11603090E+000 -0.56781788E-002 -0.39552155E-002 -0.10836100E-002  0.10731238E-002  0.94821880E+000  0.25500806E+001  0.51212768E+001  0.73456599E+001
 -0.57484714E+000 -0.43302748E+000 -0.11600065E+000 -0.56780829E-002 -0.39550446E-002 -0.10833142E-002  0.10732287E-002  0.94829205E+000  0.25501943E+001  0.51215093E+001  0.73460705E+001
 -0.57484049E+000 -0.43301176E+000 -0.11597235E+000 -0.56779940E-002 -0.39548884E-002 -0.10830459E-002  0.10733250E-002  0.94837536E+000  0.25503225E+001  0.51217592E+001  0.73465046E+001
 -0.57483417E+000 -0.43299698E+000 -0.11594579E+000 -0.56779111E-002 -0.39547443E-002 -0.10827996E-002  0.10734148E-002  0.94846826E+000  0.25504643E+001  0.51220246E+001  0.73469591E+001
 -0.57482810E+000 -0.43298296E+000 -0.11592077E+000 -0.56778336E-002 -0.39546099E-002 -0.10825704E-002  0.10735001E-002  0.94857034E+000  0.25506187E+001  0.51223039E+001  0.73474313E+001
 -0.57482222E+000 -0.43296955E+000 -0.11589708E+000 -0.56777606E-002 -0.39544832E-002 -0.10823542E-002  0.10735820E-002  0.94868122E+000  0.25507850E+001  0.51225956E+001  0.73479186E+001
 -0.57481646E+000 -0.43295659E+000 -0.11587448E+000 -0.56776914E-002 -0.39543623E-002 -0.10821471E-002  0.10736622E-002  0.94880058E+000  0.25509621E+001  0.51228985E+001  0.73484189E+001
 -0.57481077E+000 -0.43294395E+000 -0.11585277E+000 -0.56776251E-002 -0.39542454E-002 -0.10819459E-002  0.10737422E-002  0.94892810E+000  0.25511495E+001  0.51232114E+001  0.73489300E+001
 -0.57480509E+000 -0.43293150E+000 -0.11583172E+000 -0.56775611E-002 -0.39541311E-002 -0.10817478E-002  0.10738234E-002  0.94906347E+000  0.25513464E+001  0.51235330E+001  0.73494502E+001
 -0.57479938E+000 -0.43291912E+000 -0.11581114E+000 -0.56774987E-002 -0.39540181E-002 -0.10815504E-002  0.10739065E-002  0.94920638E+000  0.25515520E+001  0.51238623E+001  0.73499778E+001
 -0.57479360E+000 -0.43290670E+000 -0.11579082E+000 -0.56774373E-002 -0.39539051E-002 -0.10813514E-002  0.10739924E-002  0.94935650E+000  0.25517658E+001  0.51241985E+001  0.73505113E+001
 -0.57478771E+000 -0.43289416E+000 -0.11577061E+000 -0.56773764E-002 -0.39537912E-002 -0.10811492E-002  0.10740817E-002  0.94951348E+000  0.25519869E+001  0.51245405E+001  0.73510495E+001
 -0.57478169E+000 -0.43288140E+000 -0.11575033E+000 -0.56773155E-002 -0.39536756E-002 -0.10809424E-002  0.10741751E-002  0.94967698E+000  0.25522149E+001  0.51248875E+001  0.73515913E+001
 -0.57477550E+000 -0.43286837E+000 -0.11572985E+000 -0.56772541E-002 -0.39535574E-002 -0.10807296E-002  0.10742728E-002  0.94984661E+000  0.25524489E+001  0.51252390E+001  0.73521357E+001
 -0.57476913E+000 -0.43285500E+000 -0.11570903E+000 -0.56771920E-002 -0.39534363E-002 -0.10805100E-002  0.10743752E-002  0.95002198E+000  0.25526886E+001  0.51256000E+001  0.73526823E+001
 -0.57476256E+000 -0.43284125E+000 -0.11568778E+000 -0.56771290E-002 -0.39533117E-002 -0.10802828E-002  0.10744824E-002  0.95020267E+000  0.25529332E+001  0.51260799E+001  0.73532304E+001
 -0.57475577E+000 -0.43282707E+000 -0.11566601E+000 -0.56770648E-002 -0.39531834E-002 -0.10800477E-002  0.10745946E-002  0.95038826E+000  0.25531822E+001  0.51265635E+001  0.73537798E+001
 -0.57474877E+000 -0.43281244E+000 -0.11564364E+000 -0.56769991E-002 -0.39530514E-002 -0.10798052E-002  0.10747115E-002  0.95057833E+000  0.25534352E+001  0.51270503E+001  0.73543306E+001
 -0.57474155E+000 -0.43279735E+000 -0.11562063E+000 -0.56769317E-002 -0.39529152E-002 -0.10795544E-002  0.10748332E-002  0.95077245E+000  0.25536917E+001  0.51275402E+001  0.73548828E+001
 -0.57473410E+000 -0.43278177E+000 -0.11559693E+000 -0.56768625E-002 -0.39527748E-002 -0.10792954E-002  0.10749596E-002  0.95097022E+000  0.25539512E+001  0.51280329E+001  0.73554366E+001
 -0.57472643E+000 -0.43276572E+000 -0.11557253E+000 -0.56767913E-002 -0.39526302E-002 -0.10790281E-002  0.10750902E-002  0.95117125E+000  0.25542136E+001  0.51285284E+001  0.73559924E+001
 -0.57471854E+000 -0.43274919E+000 -0.11554741E+000 -0.56767182E-002 -0.39524812E-002 -0.10787529E-002  0.10752250E-002  0.95137518E+000  0.25544784E+001  0.51290268E+001  0.73565505E+001
 -0.57471044E+000 -0.43273219E+000 -0.11552158E+000 -0.56766432E-002 -0.39523282E-002 -0.10784699E-002  0.10753636E-002  0.95158168E+000  0.25547454E+001  0.51295280E+001  0.73571115E+001
 -0.57470214E+000 -0.43271473E+000 -0.11549504E+000 -0.56765662E-002 -0.39521712E-002 -0.10781794E-002  0.10755057E-002  0.95179045E+000  0.25550146E+001  0.51300324E+001  0.73576758E+001
 -0.57469364E+000 -0.43269684E+000 -0.11546782E+000 -0.56764873E-002 -0.39520102E-002 -0.10778818E-002  0.10756510E-002  0.95200122E+000  0.25552857E+001  0.51305399E+001  0.73582436E+001
 -0.57468496E+000 -0.43267853E+000 -0.11543993E+000 -0.56764066E-002 -0.39518457E-002 -0.10775774E-002  0.10757992E-002  0.95221377E+000  0.25555586E+001  0.51310507E+001  0.73588152E+001
 -0.57467610E+000 -0.43265983E+000 -0.11541142E+000 -0.56763242E-002 -0.39516776E-002 -0.10772666E-002  0.10759500E-002  0.95242789E+000  0.25558333E+001  0.51315649E+001  0.73593910E+001
 -0.57466709E+000 -0.43264076E+000 -0.11538232E+000 -0.56762401E-002 -0.39515062E-002 -0.10769498E-002  0.10761031E-002  0.95264338E+000  0.25561095E+001  0.51320825E+001  0.73599708E+001
 -0.57465792E+000 -0.43262135E+000 -0.11535267E+000 -0.56761545E-002 -0.39513318E-002 -0.10766273E-002  0.10762583E-002  0.95286007E+000  0.25563873E+001  0.51326034E+001  0.73605546E+001
 -0.57464862E+000 -0.43260163E+000 -0.11532253E+000 -0.56760675E-002 -0.39511545E-002 -0.10762996E-002  0.10764152E-002  0.95307779E+000  0.25566665E+001  0.51331273E+001  0.73611423E+001
 -0.57463919E+000 -0.43258164E+000 -0.11529193E+000 -0.56759792E-002 -0.39509747E-002 -0.10759671E-002  0.10765738E-002  0.95329635E+000  0.25569469E+001  0.51336541E+001  0.73617335E+001
 -0.57462966E+000 -0.43256140E+000 -0.11526094E+000 -0.56758898E-002 -0.39507925E-002 -0.10756303E-002  0.10767336E-002  0.95351557E+000  0.25572283E+001  0.51341832E+001  0.73623277E+001
 -0.57462003E+000 -0.43254094E+000 -0.11522960E+000 -0.56757994E-002 -0.39506082E-002 -0.10752895E-002  0.10768946E-002  0.95373523E+000  0.25575105E+001  0.51347143E+001  0.73629243E+001
 -0.57461032E+000 -0.43252031E+000 -0.11519797E+000 -0.56757082E-002 -0.39504221E-002 -0.10749452E-002  0.10770564E-002  0.95395510E+000  0.25577931E+001  0.51352466E+001  0.73635227E+001
 -0.57460054E+000 -0.43249954E+000 -0.11516612E+000 -0.56756164E-002 -0.39502345E-002 -0.10745980E-002  0.10772189E-002  0.95417493E+000  0.25580759E+001  0.51357797E+001  0.73641220E+001
 -0.57459072E+000 -0.43247867E+000 -0.11513411E+000 -0.56755241E-002 -0.39500457E-002 -0.10742484E-002  0.10773818E-002  0.95439442E+000  0.25583585E+001  0.51363126E+001  0.73647215E+001
 -0.57458087E+000 -0.43245773E+000 -0.11510199E+000 -0.56754314E-002 -0.39498560E-002 -0.10738969E-002  0.10775448E-002  0.95461329E+000  0.25586404E+001  0.51368446E+001  0.73653202E+001
 -0.57457101E+000 -0.43243677E+000 -0.11506983E+000 -0.56753386E-002 -0.39496657E-002 -0.10735442E-002  0.10777076E-002  0.95483119E+000  0.25589212E+001  0.51373748E+001  0.73659171E+001
 -0.57456114E+000 -0.43241582E+000 -0.11503770E+000 -0.56752458E-002 -0.39494752E-002 -0.10731908E-002  0.10778701E-002  0.95504778E+000  0.25592004E+001  0.51379024E+001  0.73665113E+001
 -0.57455130E+000 -0.43239493E+000 -0.11500566E+000 -0.56751533E-002 -0.39492849E-002 -0.10728374E-002  0.10780320E-002  0.95526272E+000  0.25594777E+001  0.51384265E+001  0.73671016E+001
 -0.57454151E+000 -0.43237414E+000 -0.11497378E+000 -0.56750612E-002 -0.39490950E-002 -0.10724846E-002  0.10781928E-002  0.95547562E+000  0.25597525E+001  0.51389460E+001  0.73676870E+001
 -0.57453177E+000 -0.43235348E+000 -0.11494213E+000 -0.56749697E-002 -0.39489060E-002 -0.10721331E-002  0.10783525E-002  0.95568614E+000  0.25600242E+001  0.51394602E+001  0.73682666E+001
 -0.57452211E+000 -0.43233301E+000 -0.11491076E+000 -0.56748789E-002 -0.39487182E-002 -0.10717835E-002  0.10785106E-002  0.95589389E+000  0.25602925E+001  0.51399680E+001  0.73688392E+001
 -0.57451255E+000 -0.43231275E+000 -0.11487974E+000 -0.56747892E-002 -0.39485319E-002 -0.10714366E-002  0.10786668E-002  0.95609852E+000  0.25605569E+001  0.51404686E+001  0.73694038E+001
 -0.57450310E+000 -0.43229275E+000 -0.11484914E+000 -0.56747005E-002 -0.39483477E-002 -0.10710929E-002  0.10788207E-002  0.95629967E+000  0.25608168E+001  0.51409610E+001  0.73699594E+001
 -0.57449379E+000 -0.43227305E+000 -0.11481900E+000 -0.56746132E-002 -0.39481657E-002 -0.10707531E-002  0.10789722E-002  0.95649701E+000  0.25610719E+001  0.51414445E+001  0.73705051E+001
 -0.57448463E+000 -0.43225369E+000 -0.11478940E+000 -0.56745273E-002 -0.39479863E-002 -0.10704180E-002  0.10791211E-002  0.95669020E+000  0.25613217E+001  0.51419182E+001  0.73710400E+001
 -0.57447563E+000 -0.43223469E+000 -0.11476038E+000 -0.56744431E-002 -0.39478099E-002 -0.10700880E-002  0.10792671E-002  0.95687895E+000  0.25615659E+001  0.51423813E+001  0.73715631E+001
 -0.57446682E+000 -0.43221610E+000 -0.11473200E+000 -0.56743606E-002 -0.39476369E-002 -0.10697639E-002  0.10794099E-002  0.95706297E+000  0.25618039E+001  0.51428331E+001  0.73720737E+001
 -0.57445822E+000 -0.43219795E+000 -0.11470430E+000 -0.56742801E-002 -0.39474674E-002 -0.10694463E-002  0.10795494E-002  0.95724199E+000  0.25620356E+001  0.51432731E+001  0.73725710E+001
 -0.57444982E+000 -0.43218026E+000 -0.11467733E+000 -0.56742016E-002 -0.39473019E-002 -0.10691356E-002  0.10796853E-002  0.95741576E+000  0.25622606E+001  0.51437004E+001  0.73730542E+001
 -0.57444166E+000 -0.43216307E+000 -0.11465114E+000 -0.56741253E-002 -0.39471405E-002 -0.10688326E-002  0.10798173E-002  0.95758407E+000  0.25624785E+001  0.51441147E+001  0.73735228E+001
 -0.57443373E+000 -0.43214640E+000 -0.11462575E+000 -0.56740513E-002 -0.39469837E-002 -0.10685376E-002  0.10799454E-002  0.95774673E+000  0.25626892E+001  0.51445153E+001  0.73739762E+001
 -0.57442606E+000 -0.43213026E+000 -0.11460120E+000 -0.56739797E-002 -0.39468315E-002 -0.10682512E-002  0.10800693E-002  0.95790357E+000  0.25628924E+001  0.51449020E+001  0.73744139E+001
 -0.57441865E+000 -0.43211469E+000 -0.11457753E+000 -0.56739105E-002 -0.39466842E-002 -0.10679737E-002  0.10801890E-002  0.95805446E+000  0.25630879E+001  0.51452742E+001  0.73748355E+001
 -0.57441151E+000 -0.43209970E+000 -0.11455474E+000 -0.56738439E-002 -0.39465421E-002 -0.10677057E-002  0.10803042E-002  0.95819929E+000  0.25632757E+001  0.51456318E+001  0.73752406E+001
 -0.57440464E+000 -0.43208530E+000 -0.11453287E+000 -0.56737800E-002 -0.39464052E-002 -0.10674473E-002  0.10804149E-002  0.95833797E+000  0.25634555E+001  0.51459745E+001  0.73756290E+001
 -0.57439807E+000 -0.43207150E+000 -0.11451193E+000 -0.56737187E-002 -0.39462738E-002 -0.10671990E-002  0.10805209E-002  0.95847045E+000  0.25636274E+001  0.51463021E+001  0.73760004E+001
 -0.57439178E+000 -0.43205832E+000 -0.11449193E+000 -0.56736601E-002 -0.39461479E-002 -0.10669610E-002  0.10806223E-002  0.95859670E+000  0.25637912E+001  0.51466146E+001  0.73763548E+001
 -0.57438578E+000 -0.43204575E+000 -0.11447289E+000 -0.56736043E-002 -0.39460277E-002 -0.10667335E-002  0.10807190E-002  0.95871669E+000  0.25639469E+001  0.51469118E+001  0.73766922E+001
 -0.57438008E+000 -0.43203381E+000 -0.11445479E+000 -0.56735512E-002 -0.39459133E-002 -0.10665167E-002  0.10808109E-002  0.95883046E+000  0.25640946E+001  0.51471939E+001  0.73770124E+001
 -0.57437467E+000 -0.43202250E+000 -0.11443765E+000 -0.56735009E-002 -0.39458046E-002 -0.10663106E-002  0.10808980E-002  0.95893805E+000  0.25642343E+001  0.51474609E+001  0.73773156E+001
 -0.57436956E+000 -0.43201180E+000 -0.11442146E+000 -0.56734533E-002 -0.39457016E-002 -0.10661155E-002  0.10809804E-002  0.95903952E+000  0.25643662E+001  0.51477129E+001  0.73776020E+001
 -0.57436474E+000 -0.43200172E+000 -0.11440620E+000 -0.56734085E-002 -0.39456045E-002 -0.10659311E-002  0.10810581E-002  0.95913497E+000  0.25644902E+001  0.51479502E+001  0.73778718E+001
 -0.57436021E+000 -0.43199225E+000 -0.11439187E+000 -0.56733664E-002 -0.39455131E-002 -0.10657575E-002  0.10811311E-002  0.95922452E+000  0.25646067E+001  0.51481731E+001  0.73781252E+001
 -0.57435596E+000 -0.43198337E+000 -0.11437844E+000 -0.56733269E-002 -0.39454273E-002 -0.10655946E-002  0.10811995E-002  0.95930830E+000  0.25647157E+001  0.51483818E+001  0.73783627E+001
 -0.57435200E+000 -0.43197508E+000 -0.11436591E+000 -0.56732900E-002 -0.39453471E-002 -0.10654422E-002  0.10812635E-002  0.95938647E+000  0.25648174E+001  0.51485767E+001  0.73785846E+001
 -0.57434831E+000 -0.43196736E+000 -0.11435424E+000 -0.56732557E-002 -0.39452724E-002 -0.10653002E-002  0.10813231E-002  0.95945918E+000  0.25649121E+001  0.51487582E+001  0.73787913E+001
 -0.57434488E+000 -0.43196020E+000 -0.11434341E+000 -0.56732238E-002 -0.39452030E-002 -0.10651683E-002  0.10813784E-002  0.95952662E+000  0.25649999E+001  0.51489268E+001  0.73789833E+001
 -0.57434171E+000 -0.43195358E+000 -0.11433340E+000 -0.56731944E-002 -0.39451389E-002 -0.10650464E-002  0.10814296E-002  0.95958897E+000  0.25650812E+001  0.51490828E+001  0.73791612E+001
 -0.57433879E+000 -0.43194747E+000 -0.11432418E+000 -0.56731672E-002 -0.39450798E-002 -0.10649339E-002  0.10814768E-002  0.95964644E+000  0.25651561E+001  0.51492268E+001  0.73793255E+001
 -0.57433611E+000 -0.43194187E+000 -0.11431571E+000 -0.56731423E-002 -0.39450255E-002 -0.10648308E-002  0.10815202E-002  0.95969925E+000  0.25652250E+001  0.51493593E+001  0.73794767E+001
 -0.57433367E+000 -0.43193674E+000 -0.11430795E+000 -0.56731195E-002 -0.39449759E-002 -0.10647365E-002  0.10815599E-002  0.95974763E+000  0.25652882E+001  0.51494808E+001  0.73796154E+001
 -0.57433143E+000 -0.43193207E+000 -0.11430089E+000 -0.56730987E-002 -0.39449307E-002 -0.10646507E-002  0.10815961E-002  0.95979180E+000  0.25653459E+001  0.51495918E+001  0.73797423E+001
 -0.57432941E+000 -0.43192783E+000 -0.11429447E+000 -0.56730799E-002 -0.39448898E-002 -0.10645730E-002  0.10816290E-002  0.95983198E+000  0.25653984E+001  0.51496931E+001  0.73798581E+001
 -0.57432758E+000 -0.43192400E+000 -0.11428867E+000 -0.56730628E-002 -0.39448529E-002 -0.10645029E-002  0.10816587E-002  0.95986842E+000  0.25654461E+001  0.51497850E+001  0.73799632E+001
 -0.57432594E+000 -0.43192055E+000 -0.11428345E+000 -0.56730475E-002 -0.39448198E-002 -0.10644402E-002  0.10816855E-002  0.95990133E+000  0.25654892E+001  0.51498681E+001  0.73800584E+001
 -0.57432448E+000 -0.43191746E+000 -0.11427877E+000 -0.56730338E-002 -0.39447902E-002 -0.10643842E-002  0.10817095E-002  0.95993097E+000  0.25655280E+001  0.51499431E+001  0.73801443E+001
 -0.57432317E+000 -0.43191472E+000 -0.11427460E+000 -0.56730216E-002 -0.39447640E-002 -0.10643347E-002  0.10817309E-002  0.95995754E+000  0.25655629E+001  0.51500105E+001  0.73802216E+001
 -0.57432202E+000 -0.43191228E+000 -0.11427090E+000 -0.56730108E-002 -0.39447409E-002 -0.10642911E-002  0.10817498E-002  0.95998128E+000  0.25655941E+001  0.51500708E+001  0.73802907E+001
 -0.57432100E+000 -0.43191014E+000 -0.11426764E+000 -0.56730013E-002 -0.39447207E-002 -0.10642530E-002  0.10817666E-002  0.96000240E+000  0.25656218E+001  0.51501245E+001  0.73803524E+001
 -0.57432012E+000 -0.43190826E+000 -0.11426477E+000 -0.56729929E-002 -0.39447031E-002 -0.10642200E-002  0.10817813E-002  0.96002112E+000  0.25656465E+001  0.51501723E+001  0.73804072E+001
 -0.57431935E+000 -0.43190663E+000 -0.11426228E+000 -0.56729857E-002 -0.39446880E-002 -0.10641917E-002  0.10817940E-002  0.96003764E+000  0.25656682E+001  0.51502145E+001  0.73804557E+001
 -0.57431870E+000 -0.43190522E+000 -0.11426012E+000 -0.56729795E-002 -0.39446750E-002 -0.10641676E-002  0.10818051E-002  0.96005216E+000  0.25656874E+001  0.51502516E+001  0.73804984E+001
 -0.57431814E+000 -0.43190402E+000 -0.11425828E+000 -0.56729742E-002 -0.39446642E-002 -0.10641475E-002  0.10818146E-002  0.96006485E+000  0.25657041E+001  0.51502842E+001  0.73805359E+001
 -0.57431767E+000 -0.43190301E+000 -0.11425671E+000 -0.56729697E-002 -0.39446551E-002 -0.10641309E-002  0.10818226E-002  0.96007590E+000  0.25657187E+001  0.51503125E+001  0.73805686E+001
 -0.57431728E+000 -0.43190216E+000 -0.11425539E+000 -0.56729659E-002 -0.39446477E-002 -0.10641174E-002  0.10818293E-002  0.96008546E+000  0.25657314E+001  0.51503372E+001  0.73805970E+001
 -0.57431697E+000 -0.43190146E+000 -0.11425430E+000 -0.56729628E-002 -0.39446418E-002 -0.10641068E-002  0.10818349E-002  0.96009370E+000  0.25657423E+001  0.51503584E+001  0.73806215E+001
 -0.57431672E+000 -0.43190090E+000 -0.11425341E+000 -0.56729603E-002 -0.39446373E-002 -0.10640988E-002  0.10818395E-002  0.96010076E+000  0.25657517E+001  0.51503766E+001  0.73806425E+001
 -0.57431653E+000 -0.43190046E+000 -0.11425270E+000 -0.56729584E-002 -0.39446338E-002 -0.10640929E-002  0.10818431E-002  0.96010677E+000  0.25657597E+001  0.51503922E+001  0.73806604E+001
 -0.57431639E+000 -0.43190012E+000 -0.11425214E+000 -0.56729569E-002 -0.39446315E-002 -0.10640891E-002  0.10818459E-002  0.96011185E+000  0.25657665E+001  0.51504053E+001  0.73806756E+001
 -0.57431629E+000 -0.43189988E+000 -0.11425173E+000 -0.56729558E-002 -0.39446300E-002 -0.10640870E-002  0.10818480E-002  0.96011611E+000  0.25657722E+001  0.51504164E+001  0.73806883E+001
 -0.57431624E+000 -0.43189972E+000 -0.11425144E+000 -0.56729551E-002 -0.39446293E-002 -0.10640863E-002  0.10818495E-002  0.96011966E+000  0.25657770E+001  0.51504256E+001  0.73806989E+001
 -0.57431622E+000 -0.43189964E+000 -0.11425126E+000 -0.56729547E-002 -0.39446293E-002 -0.10640870E-002  0.10818504E-002  0.96012259E+000  0.25657809E+001  0.51504332E+001  0.73807076E+001
 -0.57431623E+000 -0.43189961E+000 -0.11425118E+000 -0.56729546E-002 -0.39446299E-002 -0.10640888E-002  0.10818508E-002  0.96012498E+000  0.25657841E+001  0.51504393E+001  0.73807147E+001
 -0.57431626E+000 -0.43189964E+000 -0.11425117E+000 -0.56729547E-002 -0.39446310E-002 -0.10640915E-002  0.10818509E-002  0.96012690E+000  0.25657867E+001  0.51504443E+001  0.73807203E+001
 -0.57431632E+000 -0.43189971E+000 -0.11425123E+000 -0.56729550E-002 -0.39446325E-002 -0.10640950E-002  0.10818505E-002  0.96012843E+000  0.25657888E+001  0.51504482E+001  0.73807247E+001
 -0.57431640E+000 -0.43189982E+000 -0.11425135E+000 -0.56729554E-002 -0.39446343E-002 -0.10640991E-002  0.10818499E-002  0.96012961E+000  0.25657904E+001  0.51504512E+001  0.73807281E+001
 -0.57431649E+000 -0.43189997E+000 -0.11425151E+000 -0.56729560E-002 -0.39446364E-002 -0.10641038E-002  0.10818491E-002  0.96013051E+000  0.25657916E+001  0.51504534E+001  0.73807305E+001
 -0.57431659E+000 -0.43190014E+000 -0.11425172E+000 -0.56729567E-002 -0.39446388E-002 -0.10641089E-002  0.10818480E-002  0.96013117E+000  0.25657925E+001  0.51504549E+001  0.73807322E+001
 -0.57431670E+000 -0.43190033E+000 -0.11425196E+000 -0.56729576E-002 -0.39446413E-002 -0.10641143E-002  0.10818468E-002  0.96013162E+000  0.25657931E+001  0.51504559E+001  0.73807332E+001
 -0.57431683E+000 -0.43190054E+000 -0.11425223E+000 -0.56729585E-002 -0.39446440E-002 -0.10641199E-002  0.10818454E-002  0.96013190E+000  0.25657935E+001  0.51504564E+001  0.73807337E+001
 -0.57431696E+000 -0.43190076E+000 -0.11425252E+000 -0.56729594E-002 -0.39446468E-002 -0.10641257E-002  0.10818439E-002  0.96013204E+000  0.25657937E+001  0.51504565E+001  0.73807337E+001
 -0.57431709E+000 -0.43190100E+000 -0.11425283E+000 -0.56729604E-002 -0.39446496E-002 -0.10641317E-002  0.10818424E-002  0.96013207E+000  0.25657937E+001  0.51504564E+001  0.73807333E+001
 -0.57431723E+000 -0.43190125E+000 -0.11425315E+000 -0.56729614E-002 -0.39446525E-002 -0.10641377E-002  0.10818408E-002  0.96013200E+000  0.25657936E+001  0.51504559E+001  0.73807326E+001
 -0.57431737E+000 -0.43190150E+000 -0.11425348E+000 -0.56729625E-002 -0.39446554E-002 -0.10641437E-002  0.10818391E-002  0.96013186E+000  0.25657934E+001  0.51504552E+001  0.73807317E+001
 -0.57431751E+000 -0.43190175E+000 -0.11425382E+000 -0.56729635E-002 -0.39446583E-002 -0.10641496E-002  0.10818374E-002  0.96013166E+000  0.25657931E+001  0.51504544E+001  0.73807305E+001
 -0.57431765E+000 -0.43190200E+000 -0.11425416E+000 -0.56729646E-002 -0.39446612E-002 -0.10641556E-002  0.10818356E-002  0.96013141E+000  0.25657928E+001  0.51504534E+001  0.73807292E+001
 -0.57431779E+000 -0.43190226E+000 -0.11425451E+000 -0.56729657E-002 -0.39446641E-002 -0.10641614E-002  0.10818339E-002  0.96013113E+000  0.25657924E+001  0.51504523E+001  0.73807277E+001
 -0.57431793E+000 -0.43190251E+000 -0.11425485E+000 -0.56729667E-002 -0.39446669E-002 -0.10641671E-002  0.10818322E-002  0.96013083E+000  0.25657920E+001  0.51504512E+001  0.73807262E+001
 -0.57431807E+000 -0.43190277E+000 -0.11425519E+000 -0.56729678E-002 -0.39446697E-002 -0.10641727E-002  0.10818305E-002  0.96013051E+000  0.25657915E+001  0.51504500E+001  0.73807246E+001
 -0.57431821E+000 -0.43190302E+000 -0.11425553E+000 -0.56729688E-002 -0.39446724E-002 -0.10641782E-002  0.10818287E-002  0.96013017E+000  0.25657910E+001  0.51504487E+001  0.73807229E+001
 -0.57431834E+000 -0.43190326E+000 -0.11425586E+000 -0.56729698E-002 -0.39446750E-002 -0.10641835E-002  0.10818271E-002  0.96012983E+000  0.25657906E+001  0.51504475E+001  0.73807212E+001
 -0.57431848E+000 -0.43190350E+000 -0.11425618E+000 -0.56729708E-002 -0.39446775E-002 -0.10641887E-002  0.10818254E-002  0.96012950E+000  0.25657901E+001  0.51504462E+001  0.73807196E+001
 -0.57431860E+000 -0.43190374E+000 -0.11425650E+000 -0.56729718E-002 -0.39446800E-002 -0.10641937E-002  0.10818238E-002  0.96012916E+000  0.25657896E+001  0.51504449E+001  0.73807179E+001
 -0.57431873E+000 -0.43190397E+000 -0.11425682E+000 -0.56729727E-002 -0.39446824E-002 -0.10641985E-002  0.10818222E-002  0.96012883E+000  0.25657891E+001  0.51504437E+001  0.73807162E+001
 -0.57431885E+000 -0.43190419E+000 -0.11425712E+000 -0.56729737E-002 -0.39446847E-002 -0.10642032E-002  0.10818206E-002  0.96012851E+000  0.25657887E+001  0.51504424E+001  0.73807146E+001
 -0.57431897E+000 -0.43190441E+000 -0.11425742E+000 -0.56729745E-002 -0.39446870E-002 -0.10642077E-002  0.10818191E-002  0.96012821E+000  0.25657882E+001  0.51504412E+001  0.73807130E+001
 -0.57431909E+000 -0.43190462E+000 -0.11425771E+000 -0.56729754E-002 -0.39446891E-002 -0.10642120E-002  0.10818176E-002  0.96012792E+000  0.25657878E+001  0.51504401E+001  0.73807115E+001
 -0.57431920E+000 -0.43190482E+000 -0.11425799E+000 -0.56729762E-002 -0.39446912E-002 -0.10642161E-002  0.10818162E-002  0.96012764E+000  0.25657874E+001  0.51504390E+001  0.73807100E+001
 -0.57431930E+000 -0.43190502E+000 -0.11425826E+000 -0.56729770E-002 -0.39446932E-002 -0.10642200E-002  0.10818148E-002  0.96012738E+000  0.25657870E+001  0.51504379E+001  0.73807086E+001
 -0.57431941E+000 -0.43190521E+000 -0.11425852E+000 -0.56729778E-002 -0.39446950E-002 -0.10642238E-002  0.10818134E-002  0.96012714E+000  0.25657866E+001  0.51504369E+001  0.73807073E+001
 -0.57431950E+000 -0.43190539E+000 -0.11425877E+000 -0.56729785E-002 -0.39446969E-002 -0.10642274E-002  0.10818121E-002  0.96012692E+000  0.25657863E+001  0.51504360E+001  0.73807060E+001
 -0.57431960E+000 -0.43190557E+000 -0.11425901E+000 -0.56729792E-002 -0.39446986E-002 -0.10642308E-002  0.10818109E-002  0.96012672E+000  0.25657860E+001  0.51504351E+001  0.73807048E+001
 -0.57431969E+000 -0.43190574E+000 -0.11425924E+000 -0.56729799E-002 -0.39447002E-002 -0.10642340E-002  0.10818097E-002  0.96012654E+000  0.25657857E+001  0.51504343E+001  0.73807037E+001
 -0.57431978E+000 -0.43190590E+000 -0.11425946E+000 -0.56729805E-002 -0.39447018E-002 -0.10642371E-002  0.10818085E-002  0.96012639E+000  0.25657855E+001  0.51504335E+001  0.73807026E+001
 -0.57431986E+000 -0.43190605E+000 -0.11425967E+000 -0.56729812E-002 -0.39447032E-002 -0.10642400E-002  0.10818074E-002  0.96012626E+000  0.25657853E+001  0.51504329E+001  0.73807017E+001
 -0.57431994E+000 -0.43190619E+000 -0.11425987E+000 -0.56729817E-002 -0.39447046E-002 -0.10642428E-002  0.10818063E-002  0.96012615E+000  0.25657851E+001  0.51504323E+001  0.73807008E+001
 -0.57432001E+000 -0.43190633E+000 -0.11426006E+000 -0.56729823E-002 -0.39447060E-002 -0.10642454E-002  0.10818053E-002  0.96012606E+000  0.25657849E+001  0.51504317E+001  0.73807000E+001
 -0.57432008E+000 -0.43190646E+000 -0.11426024E+000 -0.56729828E-002 -0.39447072E-002 -0.10642478E-002  0.10818043E-002  0.96012601E+000  0.25657848E+001  0.51504313E+001  0.73806993E+001
 -0.57432015E+000 -0.43190659E+000 -0.11426042E+000 -0.56729833E-002 -0.39447084E-002 -0.10642501E-002  0.10818033E-002  0.96012597E+000  0.25657847E+001  0.51504309E+001  0.73806987E+001
 -0.57432021E+000 -0.43190671E+000 -0.11426058E+000 -0.56729838E-002 -0.39447095E-002 -0.10642523E-002  0.10818024E-002  0.96012596E+000  0.25657847E+001  0.51504305E+001  0.73806982E+001
 -0.57432027E+000 -0.43190682E+000 -0.11426073E+000 -0.56729842E-002 -0.39447105E-002 -0.10642543E-002  0.10818016E-002  0.96012598E+000  0.25657847E+001  0.51504303E+001  0.73806978E+001
 -0.57432033E+000 -0.43190692E+000 -0.11426087E+000 -0.56729846E-002 -0.39447115E-002 -0.10642562E-002  0.10818008E-002  0.96012602E+000  0.25657847E+001  0.51504301E+001  0.73806975E+001
 -0.57432038E+000 -0.43190702E+000 -0.11426101E+000 -0.56729850E-002 -0.39447124E-002 -0.10642580E-002  0.10818000E-002  0.96012609E+000  0.25657847E+001  0.51504300E+001  0.73806972E+001
 -0.57432043E+000 -0.43190711E+000 -0.11426114E+000 -0.56729853E-002 -0.39447132E-002 -0.10642596E-002  0.10817993E-002  0.96012618E+000  0.25657848E+001  0.51504300E+001  0.73806971E+001
 -0.57432048E+000 -0.43190719E+000 -0.11426125E+000 -0.56729856E-002 -0.39447140E-002 -0.10642611E-002  0.10817986E-002  0.96012629E+000  0.25657850E+001  0.51504301E+001  0.73806970E+001
 -0.57432052E+000 -0.43190727E+000 -0.11426136E+000 -0.56729859E-002 -0.39447147E-002 -0.10642625E-002  0.10817980E-002  0.96012643E+000  0.25657851E+001  0.51504302E+001  0.73806970E+001
 -0.57432056E+000 -0.43190735E+000 -0.11426146E+000 -0.56729862E-002 -0.39447153E-002 -0.10642638E-002  0.10817974E-002  0.96012660E+000  0.25657853E+001  0.51504304E+001  0.73806972E+001
 -0.57432060E+000 -0.43190741E+000 -0.11426156E+000 -0.56729865E-002 -0.39447159E-002 -0.10642650E-002  0.10817968E-002  0.96012679E+000  0.25657855E+001  0.51504306E+001  0.73806973E+001
 -0.57432064E+000 -0.43190748E+000 -0.11426164E+000 -0.56729867E-002 -0.39447165E-002 -0.10642661E-002  0.10817963E-002  0.96012700E+000  0.25657858E+001  0.51504310E+001  0.73806976E+001
 -0.57432067E+000 -0.43190753E+000 -0.11426172E+000 -0.56729869E-002 -0.39447170E-002 -0.10642671E-002  0.10817958E-002  0.96012723E+000  0.25657860E+001  0.51504313E+001  0.73806980E+001
 -0.57432070E+000 -0.43190759E+000 -0.11426179E+000 -0.56729871E-002 -0.39447175E-002 -0.10642680E-002  0.10817954E-002  0.96012749E+000  0.25657864E+001  0.51504318E+001  0.73806984E+001
 -0.57432072E+000 -0.43190763E+000 -0.11426186E+000 -0.56729873E-002 -0.39447179E-002 -0.10642689E-002  0.10817949E-002  0.96012776E+000  0.25657867E+001  0.51504323E+001  0.73806989E+001
 -0.57432075E+000 -0.43190768E+000 -0.11426192E+000 -0.56729874E-002 -0.39447183E-002 -0.10642696E-002  0.10817946E-002  0.96012806E+000  0.25657871E+001  0.51504329E+001  0.73806995E+001
 -0.57432077E+000 -0.43190772E+000 -0.11426197E+000 -0.56729876E-002 -0.39447186E-002 -0.10642703E-002  0.10817942E-002  0.96012838E+000  0.25657875E+001  0.51504335E+001  0.73807001E+001
 -0.57432079E+000 -0.43190775E+000 -0.11426202E+000 -0.56729877E-002 -0.39447189E-002 -0.10642709E-002  0.10817939E-002  0.96012871E+000  0.25657879E+001  0.51504342E+001  0.73807008E+001
 -0.57432081E+000 -0.43190778E+000 -0.11426206E+000 -0.56729878E-002 -0.39447192E-002 -0.10642714E-002  0.10817936E-002  0.96012906E+000  0.25657883E+001  0.51504349E+001  0.73807016E+001
 -0.57432083E+000 -0.43190781E+000 -0.11426209E+000 -0.56729879E-002 -0.39447194E-002 -0.10642719E-002  0.10817933E-002  0.96012943E+000  0.25657888E+001  0.51504357E+001  0.73807024E+001
 -0.57432084E+000 -0.43190783E+000 -0.11426213E+000 -0.56729880E-002 -0.39447196E-002 -0.10642723E-002  0.10817931E-002  0.96012981E+000  0.25657893E+001  0.51504365E+001  0.73807033E+001
 -0.57432086E+000 -0.43190786E+000 -0.11426215E+000 -0.56729880E-002 -0.39447198E-002 -0.10642726E-002  0.10817929E-002  0.96013021E+000  0.25657898E+001  0.51504374E+001  0.73807042E+001
 -0.57432087E+000 -0.43190787E+000 -0.11426217E+000 -0.56729881E-002 -0.39447199E-002 -0.10642729E-002  0.10817927E-002  0.96013062E+000  0.25657903E+001  0.51504383E+001  0.73807051E+001
 -0.57432088E+000 -0.43190789E+000 -0.11426219E+000 -0.56729881E-002 -0.39447200E-002 -0.10642732E-002  0.10817925E-002  0.96013104E+000  0.25657908E+001  0.51504392E+001  0.73807061E+001
 -0.57432089E+000 -0.43190790E+000 -0.11426221E+000 -0.56729881E-002 -0.39447201E-002 -0.10642734E-002  0.10817924E-002  0.96013147E+000  0.25657914E+001  0.51504402E+001  0.73807072E+001
 -0.57432090E+000 -0.43190791E+000 -0.11426222E+000 -0.56729881E-002 -0.39447202E-002 -0.10642735E-002  0.10817923E-002  0.96013191E+000  0.25657919E+001  0.51504412E+001  0.73807083E+001
 -0.57432090E+000 -0.43190792E+000 -0.11426222E+000 -0.56729882E-002 -0.39447202E-002 -0.10642737E-002  0.10817921E-002  0.96013237E+000  0.25657925E+001  0.51504422E+001  0.73807094E+001
 -0.57432091E+000 -0.43190792E+000 -0.11426223E+000 -0.56729882E-002 -0.39447203E-002 -0.10642737E-002  0.10817921E-002  0.96013283E+000  0.25657931E+001  0.51504433E+001  0.73807106E+001
 -0.57432091E+000 -0.43190793E+000 -0.11426223E+000 -0.56729881E-002 -0.39447203E-002 -0.10642738E-002  0.10817920E-002  0.96013329E+000  0.25657937E+001  0.51504444E+001  0.73807117E+001
 -0.57432091E+000 -0.43190793E+000 -0.11426223E+000 -0.56729881E-002 -0.39447203E-002 -0.10642738E-002  0.10817919E-002  0.96013377E+000  0.25657943E+001  0.51504455E+001  0.73807129E+001
 -0.57432092E+000 -0.43190793E+000 -0.11426222E+000 -0.56729881E-002 -0.39447202E-002 -0.10642738E-002  0.10817919E-002  0.96013425E+000  0.25657949E+001  0.51504466E+001  0.73807142E+001
 -0.57432092E+000 -0.43190792E+000 -0.11426221E+000 -0.56729881E-002 -0.39447202E-002 -0.10642738E-002  0.10817919E-002  0.96013474E+000  0.25657956E+001  0.51504477E+001  0.73807154E+001
 -0.57432092E+000 -0.43190792E+000 -0.11426220E+000 -0.56729880E-002 -0.39447201E-002 -0.10642737E-002  0.10817919E-002  0.96013524E+000  0.25657962E+001  0.51504489E+001  0.73807167E+001
 -0.57432092E+000 -0.43190791E+000 -0.11426219E+000 -0.56729880E-002 -0.39447201E-002 -0.10642735E-002  0.10817919E-002  0.96013575E+000  0.25657969E+001  0.51504501E+001  0.73807181E+001
 -0.57432092E+000 -0.43190790E+000 -0.11426217E+000 -0.56729879E-002 -0.39447200E-002 -0.10642734E-002  0.10817919E-002  0.96013628E+000  0.25657975E+001  0.51504514E+001  0.73807195E+001
 -0.57432091E+000 -0.43190789E+000 -0.11426215E+000 -0.56729878E-002 -0.39447198E-002 -0.10642731E-002  0.10817920E-002  0.96013682E+000  0.25657982E+001  0.51504527E+001  0.73807210E+001
 -0.57432091E+000 -0.43190787E+000 -0.11426212E+000 -0.56729877E-002 -0.39447196E-002 -0.10642728E-002  0.10817921E-002  0.96013740E+000  0.25657990E+001  0.51504541E+001  0.73807225E+001
 -0.57432090E+000 -0.43190785E+000 -0.11426208E+000 -0.56729876E-002 -0.39447194E-002 -0.10642724E-002  0.10817922E-002  0.96013802E+000  0.25657998E+001  0.51504556E+001  0.73807242E+001
 -0.57432088E+000 -0.43190782E+000 -0.11426203E+000 -0.56729874E-002 -0.39447191E-002 -0.10642719E-002  0.10817924E-002  0.96013870E+000  0.25658007E+001  0.51504573E+001  0.73807261E+001
 -0.57432087E+000 -0.43190777E+000 -0.11426196E+000 -0.56729872E-002 -0.39447187E-002 -0.10642712E-002  0.10817927E-002  0.96013946E+000  0.25658017E+001  0.51504592E+001  0.73807283E+001
 -0.57432084E+000 -0.43190772E+000 -0.11426188E+000 -0.56729870E-002 -0.39447182E-002 -0.10642702E-002  0.10817930E-002  0.96014034E+000  0.25658028E+001  0.51504614E+001  0.73807308E+001
 -0.57432081E+000 -0.43190764E+000 -0.11426176E+000 -0.56729866E-002 -0.39447175E-002 -0.10642688E-002  0.10817936E-002  0.96014140E+000  0.25658042E+001  0.51504640E+001  0.73807339E+001
 -0.57432076E+000 -0.43190753E+000 -0.11426160E+000 -0.56729862E-002 -0.39447165E-002 -0.10642669E-002  0.10817943E-002  0.96014269E+000  0.25658058E+001  0.51504672E+001  0.73807374E+001
 -0.57432068E+000 -0.43190737E+000 -0.11426136E+000 -0.56729854E-002 -0.39447149E-002 -0.10642639E-002  0.10817955E-002  0.96014430E+000  0.25658078E+001  0.51504709E+001  0.73807416E+001
 -0.57432058E+000 -0.43190714E+000 -0.11426098E+000 -0.56729841E-002 -0.39447118E-002 -0.10642579E-002  0.10817979E-002  0.96014646E+000  0.25658103E+001  0.51504750E+001  0.73807458E+001
