  0.36364868E-001
  0.36056132E-001
  0.35929562E-001
  0.35822021E-001
  0.35737227E-001
  0.35668242E-001
  0.35611321E-001
  0.35564072E-001
  0.35524768E-001
  0.35492014E-001
  0.35464677E-001
  0.35441849E-001
  0.35422816E-001
  0.35406950E-001
  0.35393728E-001
  0.35382724E-001
  0.35373597E-001
  0.35366050E-001
  0.35359838E-001
  0.35354760E-001
  0.35350637E-001
  0.35347328E-001
  0.35344704E-001
  0.35342665E-001
  0.35341119E-001
  0.35339993E-001
  0.35339218E-001
  0.35338740E-001
  0.35338512E-001
  0.35338491E-001
  0.35338645E-001
  0.35338943E-001
  0.35339360E-001
  0.35339876E-001
  0.35340473E-001
  0.35341136E-001
  0.35341854E-001
  0.35342615E-001
  0.35343413E-001
  0.35344239E-001
  0.35345089E-001
  0.35345957E-001
  0.35346840E-001
  0.35347733E-001
  0.35348636E-001
  0.35349543E-001
  0.35350453E-001
  0.35351364E-001
  0.35352274E-001
  0.35353179E-001
  0.35354080E-001
  0.35354972E-001
  0.35355854E-001
  0.35356724E-001
  0.35357579E-001
  0.35358418E-001
  0.35359237E-001
  0.35360036E-001
  0.35360811E-001
  0.35361562E-001
  0.35362285E-001
  0.35362980E-001
  0.35363645E-001
  0.35364278E-001
  0.35364878E-001
  0.35365445E-001
  0.35365978E-001
  0.35366476E-001
  0.35366938E-001
  0.35367366E-001
  0.35367759E-001
  0.35368117E-001
  0.35368442E-001
  0.35368733E-001
  0.35368993E-001
  0.35369221E-001
  0.35369420E-001
  0.35369590E-001
  0.35369733E-001
  0.35369851E-001
  0.35369945E-001
  0.35370017E-001
  0.35370069E-001
  0.35370102E-001
  0.35370119E-001
  0.35370120E-001
  0.35370108E-001
  0.35370083E-001
  0.35370049E-001
  0.35370005E-001
  0.35369954E-001
  0.35369897E-001
  0.35369835E-001
  0.35369769E-001
  0.35369701E-001
  0.35369631E-001
  0.35369561E-001
  0.35369490E-001
  0.35369420E-001
  0.35369351E-001
  0.35369284E-001
  0.35369219E-001
  0.35369157E-001
  0.35369097E-001
  0.35369041E-001
  0.35368987E-001
  0.35368937E-001
  0.35368890E-001
  0.35368847E-001
  0.35368806E-001
  0.35368769E-001
  0.35368735E-001
  0.35368704E-001
  0.35368676E-001
  0.35368651E-001
  0.35368628E-001
  0.35368608E-001
  0.35368590E-001
  0.35368574E-001
  0.35368560E-001
  0.35368548E-001
  0.35368537E-001
  0.35368528E-001
  0.35368520E-001
  0.35368514E-001
  0.35368508E-001
  0.35368504E-001
  0.35368500E-001
  0.35368497E-001
  0.35368495E-001
  0.35368493E-001
  0.35368492E-001
  0.35368491E-001
  0.35368491E-001
  0.35368491E-001
  0.35368491E-001
  0.35368491E-001
  0.35368492E-001
  0.35368492E-001
  0.35368493E-001
  0.35368494E-001
  0.35368494E-001
  0.35368495E-001
  0.35368496E-001
  0.35368497E-001
  0.35368497E-001
  0.35368498E-001
  0.35368499E-001
  0.35368499E-001
  0.35368500E-001
  0.35368500E-001
  0.35368500E-001
  0.35368500E-001
  0.35368501E-001
  0.35368501E-001
  0.35368501E-001
  0.35368501E-001
  0.35368500E-001
  0.35368500E-001
  0.35368500E-001
  0.35368499E-001
  0.35368499E-001
  0.35368498E-001
  0.35368498E-001
  0.35368497E-001
  0.35368496E-001
  0.35368496E-001
  0.35368495E-001
  0.35368494E-001
  0.35368493E-001
  0.35368492E-001
  0.35368491E-001
  0.35368490E-001
  0.35368489E-001
  0.35368488E-001
  0.35368487E-001
  0.35368486E-001
  0.35368485E-001
  0.35368484E-001
  0.35368483E-001
  0.35368482E-001
  0.35368481E-001
  0.35368480E-001
  0.35368479E-001
  0.35368478E-001
  0.35368477E-001
  0.35368476E-001
  0.35368475E-001
  0.35368474E-001
  0.35368473E-001
  0.35368473E-001
  0.35368472E-001
  0.35368471E-001
  0.35368471E-001
  0.35368470E-001
  0.35368470E-001
  0.35368469E-001
  0.35368470E-001
  0.35368471E-001
  0.35368471E-001
