  0.38604439E-002
  0.38357383E-002
  0.39636319E-002
  0.40728505E-002
  0.41729662E-002
  0.42614083E-002
  0.43384341E-002
  0.44051517E-002
  0.44628356E-002
  0.45126444E-002
  0.45556119E-002
  0.45926714E-002
  0.46246686E-002
  0.46522950E-002
  0.46761487E-002
  0.46967553E-002
  0.47145818E-002
  0.47300198E-002
  0.47434097E-002
  0.47550468E-002
  0.47651796E-002
  0.47740295E-002
  0.47817791E-002
  0.47885959E-002
  0.47946175E-002
  0.47999677E-002
  0.48047463E-002
  0.48090484E-002
  0.48129529E-002
  0.48165254E-002
  0.48198279E-002
  0.48229132E-002
  0.48258245E-002
  0.48286036E-002
  0.48312846E-002
  0.48338966E-002
  0.48364652E-002
  0.48390118E-002
  0.48415565E-002
  0.48441130E-002
  0.48466945E-002
  0.48493112E-002
  0.48519716E-002
  0.48546807E-002
  0.48574446E-002
  0.48602649E-002
  0.48631442E-002
  0.48660832E-002
  0.48690810E-002
  0.48721371E-002
  0.48752491E-002
  0.48784143E-002
  0.48816297E-002
  0.48848907E-002
  0.48881934E-002
  0.48915326E-002
  0.48949028E-002
  0.48982984E-002
  0.49017134E-002
  0.49051416E-002
  0.49085762E-002
  0.49120111E-002
  0.49154394E-002
  0.49188546E-002
  0.49222499E-002
  0.49256190E-002
  0.49289552E-002
  0.49322524E-002
  0.49355043E-002
  0.49387053E-002
  0.49418496E-002
  0.49449320E-002
  0.49479473E-002
  0.49508907E-002
  0.49537581E-002
  0.49565450E-002
  0.49592478E-002
  0.49618632E-002
  0.49643882E-002
  0.49668203E-002
  0.49691577E-002
  0.49713987E-002
  0.49735422E-002
  0.49755875E-002
  0.49775340E-002
  0.49793814E-002
  0.49811300E-002
  0.49827805E-002
  0.49843344E-002
  0.49857934E-002
  0.49871595E-002
  0.49884351E-002
  0.49896223E-002
  0.49907238E-002
  0.49917422E-002
  0.49926808E-002
  0.49935429E-002
  0.49943323E-002
  0.49950524E-002
  0.49957070E-002
  0.49962995E-002
  0.49968338E-002
  0.49973135E-002
  0.49977425E-002
  0.49981242E-002
  0.49984622E-002
  0.49987600E-002
  0.49990211E-002
  0.49992486E-002
  0.49994455E-002
  0.49996148E-002
  0.49997592E-002
  0.49998813E-002
  0.49999835E-002
  0.50000680E-002
  0.50001369E-002
  0.50001921E-002
  0.50002353E-002
  0.50002681E-002
  0.50002919E-002
  0.50003079E-002
  0.50003173E-002
  0.50003211E-002
  0.50003202E-002
  0.50003154E-002
  0.50003072E-002
  0.50002965E-002
  0.50002836E-002
  0.50002689E-002
  0.50002530E-002
  0.50002360E-002
  0.50002183E-002
  0.50002002E-002
  0.50001817E-002
  0.50001631E-002
  0.50001445E-002
  0.50001260E-002
  0.50001077E-002
  0.50000897E-002
  0.50000722E-002
  0.50000550E-002
  0.50000383E-002
  0.50000221E-002
  0.50000064E-002
  0.49999913E-002
  0.49999768E-002
  0.49999629E-002
  0.49999496E-002
  0.49999370E-002
  0.49999250E-002
  0.49999136E-002
  0.49999029E-002
  0.49998929E-002
  0.49998835E-002
  0.49998748E-002
  0.49998667E-002
  0.49998592E-002
  0.49998524E-002
  0.49998463E-002
  0.49998407E-002
  0.49998358E-002
  0.49998315E-002
  0.49998278E-002
  0.49998246E-002
  0.49998220E-002
  0.49998200E-002
  0.49998184E-002
  0.49998174E-002
  0.49998169E-002
  0.49998169E-002
  0.49998173E-002
  0.49998181E-002
  0.49998194E-002
  0.49998210E-002
  0.49998231E-002
  0.49998254E-002
  0.49998281E-002
  0.49998311E-002
  0.49998344E-002
  0.49998379E-002
  0.49998417E-002
  0.49998457E-002
  0.49998499E-002
  0.49998543E-002
  0.49998589E-002
  0.49998637E-002
  0.49998686E-002
  0.49998738E-002
  0.49998793E-002
  0.49998850E-002
  0.49998911E-002
  0.49998978E-002
  0.49999052E-002
  0.49999136E-002
  0.49999235E-002
  0.49999349E-002
  0.49999502E-002
  0.49999687E-002
  0.50000052E-002
  0.50000819E-002
