  0.58350004E-001
  0.58325299E-001
  0.58453192E-001
  0.58562411E-001
  0.58662527E-001
  0.58750969E-001
  0.58827995E-001
  0.58894712E-001
  0.58952396E-001
  0.59002205E-001
  0.59045172E-001
  0.59082232E-001
  0.59114229E-001
  0.59141855E-001
  0.59165709E-001
  0.59186316E-001
  0.59204142E-001
  0.59219580E-001
  0.59232970E-001
  0.59244607E-001
  0.59254740E-001
  0.59263590E-001
  0.59271340E-001
  0.59278156E-001
  0.59284178E-001
  0.59289528E-001
  0.59294307E-001
  0.59298609E-001
  0.59302513E-001
  0.59306086E-001
  0.59309388E-001
  0.59312474E-001
  0.59315385E-001
  0.59318164E-001
  0.59320845E-001
  0.59323457E-001
  0.59326026E-001
  0.59328572E-001
  0.59331117E-001
  0.59333673E-001
  0.59336255E-001
  0.59338872E-001
  0.59341532E-001
  0.59344241E-001
  0.59347005E-001
  0.59349825E-001
  0.59352705E-001
  0.59355644E-001
  0.59358641E-001
  0.59361697E-001
  0.59364810E-001
  0.59367975E-001
  0.59371190E-001
  0.59374451E-001
  0.59377754E-001
  0.59381093E-001
  0.59384463E-001
  0.59387859E-001
  0.59391274E-001
  0.59394702E-001
  0.59398137E-001
  0.59401572E-001
  0.59405000E-001
  0.59408415E-001
  0.59411810E-001
  0.59415179E-001
  0.59418516E-001
  0.59421813E-001
  0.59425065E-001
  0.59428266E-001
  0.59431410E-001
  0.59434492E-001
  0.59437508E-001
  0.59440451E-001
  0.59443318E-001
  0.59446105E-001
  0.59448808E-001
  0.59451424E-001
  0.59453949E-001
  0.59456381E-001
  0.59458718E-001
  0.59460959E-001
  0.59463103E-001
  0.59465148E-001
  0.59467094E-001
  0.59468942E-001
  0.59470690E-001
  0.59472341E-001
  0.59473895E-001
  0.59475354E-001
  0.59476720E-001
  0.59477996E-001
  0.59479183E-001
  0.59480284E-001
  0.59481303E-001
  0.59482241E-001
  0.59483103E-001
  0.59483893E-001
  0.59484613E-001
  0.59485267E-001
  0.59485860E-001
  0.59486394E-001
  0.59486874E-001
  0.59487303E-001
  0.59487685E-001
  0.59488023E-001
  0.59488320E-001
  0.59488582E-001
  0.59488809E-001
  0.59489006E-001
  0.59489175E-001
  0.59489320E-001
  0.59489442E-001
  0.59489544E-001
  0.59489628E-001
  0.59489697E-001
  0.59489753E-001
  0.59489796E-001
  0.59489829E-001
  0.59489852E-001
  0.59489868E-001
  0.59489878E-001
  0.59489882E-001
  0.59489881E-001
  0.59489876E-001
  0.59489868E-001
  0.59489857E-001
  0.59489844E-001
  0.59489829E-001
  0.59489813E-001
  0.59489796E-001
  0.59489779E-001
  0.59489761E-001
  0.59489742E-001
  0.59489723E-001
  0.59489705E-001
  0.59489686E-001
  0.59489668E-001
  0.59489650E-001
  0.59489633E-001
  0.59489615E-001
  0.59489599E-001
  0.59489582E-001
  0.59489567E-001
  0.59489552E-001
  0.59489537E-001
  0.59489523E-001
  0.59489510E-001
  0.59489497E-001
  0.59489485E-001
  0.59489474E-001
  0.59489463E-001
  0.59489453E-001
  0.59489444E-001
  0.59489435E-001
  0.59489427E-001
  0.59489420E-001
  0.59489413E-001
  0.59489407E-001
  0.59489401E-001
  0.59489396E-001
  0.59489392E-001
  0.59489388E-001
  0.59489385E-001
  0.59489382E-001
  0.59489380E-001
  0.59489379E-001
  0.59489378E-001
  0.59489377E-001
  0.59489377E-001
  0.59489378E-001
  0.59489379E-001
  0.59489380E-001
  0.59489381E-001
  0.59489383E-001
  0.59489386E-001
  0.59489389E-001
  0.59489392E-001
  0.59489395E-001
  0.59489398E-001
  0.59489402E-001
  0.59489406E-001
  0.59489410E-001
  0.59489415E-001
  0.59489419E-001
  0.59489424E-001
  0.59489429E-001
  0.59489434E-001
  0.59489440E-001
  0.59489445E-001
  0.59489452E-001
  0.59489458E-001
  0.59489466E-001
  0.59489474E-001
  0.59489484E-001
  0.59489495E-001
  0.59489511E-001
  0.59489529E-001
  0.59489566E-001
  0.59489642E-001
