  0.58541872E+000  0.28449558E+000  0.23351812E+001  0.38876199E+002
  0.58534363E+000  0.28469772E+000  0.23435851E+001  0.38882783E+002
  0.58442454E+000  0.28645232E+000  0.23497092E+001  0.38886029E+002
  0.58440117E+000  0.30964832E+000  0.23283490E+001  0.38892432E+002
  0.58391029E+000  0.31028888E+000  0.23360495E+001  0.38891174E+002
  0.58388597E+000  0.31044351E+000  0.23432151E+001  0.38889207E+002
  0.58377615E+000  0.31032755E+000  0.23443791E+001  0.38892577E+002
  0.58377309E+000  0.31044407E+000  0.23450132E+001  0.38895300E+002
  0.58293756E+000  0.31033913E+000  0.23465711E+001  0.38897459E+002
  0.58293300E+000  0.31041681E+000  0.23470028E+001  0.38899155E+002
  0.58242411E+000  0.31036839E+000  0.23510621E+001  0.38897376E+002
  0.58242450E+000  0.31044541E+000  0.23513142E+001  0.38898369E+002
  0.58241714E+000  0.31080828E+000  0.23578493E+001  0.38892466E+002
  0.58083225E+000  0.31295989E+000  0.23584725E+001  0.38891985E+002
  0.58083155E+000  0.31298873E+000  0.23585935E+001  0.38892310E+002
  0.58070709E+000  0.31312472E+000  0.23608231E+001  0.38890346E+002
  0.58069036E+000  0.31315866E+000  0.23608737E+001  0.38890388E+002
  0.58060165E+000  0.31327757E+000  0.23608790E+001  0.38890322E+002
  0.58052138E+000  0.31336665E+000  0.23620088E+001  0.38889035E+002
  0.58051715E+000  0.31340640E+000  0.23619553E+001  0.38888802E+002
  0.58047059E+000  0.31345671E+000  0.23619120E+001  0.38888505E+002
  0.58046553E+000  0.31345332E+000  0.23618616E+001  0.38888155E+002
  0.58046008E+000  0.31345929E+000  0.23617854E+001  0.38887758E+002
  0.58045437E+000  0.31346274E+000  0.23616974E+001  0.38887322E+002
  0.58044840E+000  0.31346502E+000  0.23615972E+001  0.38886853E+002
  0.58044222E+000  0.31346627E+000  0.23614864E+001  0.38886357E+002
  0.58043565E+000  0.31346472E+000  0.23613688E+001  0.38885836E+002
  0.61631856E+000  0.29621563E+000  0.23612405E+001  0.38885294E+002
  0.58042151E+000  0.31346440E+000  0.23611049E+001  0.38884735E+002
  0.58041450E+000  0.31346330E+000  0.23609628E+001  0.38884160E+002
  0.58040768E+000  0.31346156E+000  0.23608152E+001  0.38883571E+002
  0.58040079E+000  0.31345954E+000  0.23606631E+001  0.38882970E+002
  0.58039385E+000  0.31342600E+000  0.23605386E+001  0.38882359E+002
  0.58038688E+000  0.31342369E+000  0.23603784E+001  0.38881738E+002
  0.58037989E+000  0.31342052E+000  0.23602161E+001  0.38881110E+002
  0.58037291E+000  0.31341819E+000  0.23600505E+001  0.38880474E+002
  0.58036594E+000  0.31341593E+000  0.23598830E+001  0.38879833E+002
  0.58035901E+000  0.31341378E+000  0.23597138E+001  0.38879186E+002
  0.58035214E+000  0.31341178E+000  0.23595434E+001  0.38878536E+002
  0.58034461E+000  0.31341071E+000  0.23593720E+001  0.38877883E+002
  0.58033790E+000  0.31340892E+000  0.23592000E+001  0.38877228E+002
  0.58033128E+000  0.31340670E+000  0.23590281E+001  0.38876574E+002
  0.58032482E+000  0.31340318E+000  0.23588573E+001  0.38875920E+002
  0.58031852E+000  0.31340233E+000  0.23586836E+001  0.38875270E+002
  0.58031239E+000  0.31340175E+000  0.23585096E+001  0.38874624E+002
  0.58030646E+000  0.31340146E+000  0.23583353E+001  0.38873985E+002
  0.58030075E+000  0.31340146E+000  0.23581608E+001  0.38873354E+002
  0.58029528E+000  0.31340177E+000  0.23579862E+001  0.38872732E+002
  0.58029006E+000  0.31340241E+000  0.23578116E+001  0.38872122E+002
  0.58028511E+000  0.31340337E+000  0.23565057E+001  0.38872657E+002
  0.58028045E+000  0.31340467E+000  0.23563314E+001  0.38872077E+002
  0.58027609E+000  0.31340631E+000  0.23561574E+001  0.38871514E+002
  0.58027205E+000  0.31340831E+000  0.23559842E+001  0.38870969E+002
  0.58026833E+000  0.31341067E+000  0.23558120E+001  0.38870446E+002
  0.58026494E+000  0.31341340E+000  0.23556410E+001  0.38869945E+002
  0.58026191E+000  0.31341648E+000  0.23554717E+001  0.38869468E+002
  0.58025923E+000  0.31341994E+000  0.23553044E+001  0.38869017E+002
  0.57893283E+000  0.31474784E+000  0.23551394E+001  0.38868592E+002
  0.57893082E+000  0.31475206E+000  0.23549771E+001  0.38868196E+002
  0.57892919E+000  0.31475664E+000  0.23548178E+001  0.38867828E+002
  0.57892793E+000  0.31476157E+000  0.23546655E+001  0.38867487E+002
  0.57892705E+000  0.31476682E+000  0.23545134E+001  0.38867180E+002
  0.57892646E+000  0.31476959E+000  0.23543684E+001  0.38866905E+002
  0.57892626E+000  0.31477556E+000  0.23542248E+001  0.38866660E+002
  0.57892653E+000  0.31478171E+000  0.23540859E+001  0.38866448E+002
  0.57892719E+000  0.31478814E+000  0.23539520E+001  0.38866267E+002
  0.57892789E+000  0.31479515E+000  0.23538232E+001  0.38866117E+002
  0.57892931E+000  0.31480206E+000  0.23536998E+001  0.38865998E+002
  0.57893110E+000  0.31455663E+000  0.23538345E+001  0.38865909E+002
  0.57893324E+000  0.31456389E+000  0.23537225E+001  0.38865850E+002
  0.57893574E+000  0.31457133E+000  0.23536163E+001  0.38865819E+002
  0.57893857E+000  0.31457890E+000  0.23535159E+001  0.38865815E+002
  0.57894173E+000  0.31458660E+000  0.23534216E+001  0.38865837E+002
  0.57894519E+000  0.31459436E+000  0.23533332E+001  0.38865883E+002
  0.57894895E+000  0.31460224E+000  0.23532508E+001  0.38865952E+002
  0.57895281E+000  0.31461034E+000  0.23531744E+001  0.38866042E+002
  0.57895709E+000  0.31461830E+000  0.23531038E+001  0.38866151E+002
  0.57896160E+000  0.31462626E+000  0.23530390E+001  0.38866277E+002
  0.57896632E+000  0.31463422E+000  0.23529807E+001  0.38866418E+002
  0.57897122E+000  0.31464213E+000  0.23529272E+001  0.38866573E+002
  0.57897629E+000  0.31464991E+000  0.23528790E+001  0.38866740E+002
  0.57898149E+000  0.31465768E+000  0.23528360E+001  0.38866917E+002
  0.57898682E+000  0.31466535E+000  0.23527980E+001  0.38867101E+002
  0.57899223E+000  0.31467291E+000  0.23527648E+001  0.38867292E+002
  0.57899771E+000  0.31468032E+000  0.23527362E+001  0.38867487E+002
  0.57900324E+000  0.31468759E+000  0.23527119E+001  0.38867684E+002
  0.57900880E+000  0.31469468E+000  0.23526918E+001  0.38867883E+002
  0.57901435E+000  0.31470159E+000  0.23526757E+001  0.38868080E+002
  0.57901989E+000  0.31470831E+000  0.23526632E+001  0.38868276E+002
  0.57902539E+000  0.31471482E+000  0.23526542E+001  0.38868469E+002
  0.57903083E+000  0.31472111E+000  0.23526483E+001  0.38868658E+002
  0.57903620E+000  0.31472718E+000  0.23526455E+001  0.38868841E+002
  0.57904149E+000  0.31473301E+000  0.23526453E+001  0.38869018E+002
  0.57904667E+000  0.31473861E+000  0.23537811E+001  0.38868055E+002
  0.57905174E+000  0.31474687E+000  0.23537829E+001  0.38868217E+002
  0.57905669E+000  0.31475199E+000  0.23537897E+001  0.38868372E+002
  0.57906150E+000  0.31475686E+000  0.23537983E+001  0.38868517E+002
  0.57906616E+000  0.31476148E+000  0.23538087E+001  0.38868655E+002
  0.57907068E+000  0.31476586E+000  0.23538205E+001  0.38868783E+002
  0.57907503E+000  0.31477000E+000  0.23538336E+001  0.38868902E+002
  0.57907923E+000  0.31477390E+000  0.23538478E+001  0.38869012E+002
  0.57908327E+000  0.31477757E+000  0.23538631E+001  0.38869113E+002
  0.57908713E+000  0.31478101E+000  0.23538791E+001  0.38869205E+002
  0.57909083E+000  0.31478422E+000  0.23538958E+001  0.38869289E+002
  0.57909436E+000  0.31478722E+000  0.23539130E+001  0.38869365E+002
  0.57909773E+000  0.31479001E+000  0.23539307E+001  0.38869432E+002
  0.57910093E+000  0.31479260E+000  0.23539487E+001  0.38869492E+002
  0.57910396E+000  0.31479499E+000  0.23539669E+001  0.38869545E+002
  0.57910684E+000  0.31479721E+000  0.23539852E+001  0.38869591E+002
  0.57910955E+000  0.31479924E+000  0.23540035E+001  0.38869631E+002
  0.57911211E+000  0.31480111E+000  0.23540218E+001  0.38869664E+002
  0.57911453E+000  0.31480281E+000  0.23540400E+001  0.38869692E+002
  0.57911679E+000  0.31480437E+000  0.23540580E+001  0.38869716E+002
  0.57911892E+000  0.31480579E+000  0.23540757E+001  0.38869734E+002
  0.57912091E+000  0.31480708E+000  0.23540932E+001  0.38869748E+002
  0.57912278E+000  0.31480824E+000  0.23541104E+001  0.38869758E+002
  0.57912451E+000  0.31480928E+000  0.23541273E+001  0.38869765E+002
  0.57912613E+000  0.31481022E+000  0.23541438E+001  0.38869769E+002
  0.57912763E+000  0.31481106E+000  0.23582572E+001  0.38865673E+002
  0.57912903E+000  0.31481181E+000  0.23582729E+001  0.38865672E+002
  0.57913032E+000  0.31481247E+000  0.23582882E+001  0.38865668E+002
  0.57913151E+000  0.31481305E+000  0.23583031E+001  0.38865663E+002
  0.57913260E+000  0.31481356E+000  0.23583175E+001  0.38865656E+002
  0.57913361E+000  0.31481401E+000  0.23583316E+001  0.38865648E+002
  0.57913454E+000  0.31481439E+000  0.23583452E+001  0.38865638E+002
  0.57913539E+000  0.31481472E+000  0.23583584E+001  0.38865628E+002
  0.57913616E+000  0.31481500E+000  0.23583712E+001  0.38865617E+002
  0.57913686E+000  0.31481524E+000  0.23583836E+001  0.38865605E+002
  0.57913750E+000  0.31481543E+000  0.23583955E+001  0.38865593E+002
  0.57913807E+000  0.31481559E+000  0.23584071E+001  0.38865580E+002
  0.57913859E+000  0.31481571E+000  0.23584184E+001  0.38865568E+002
  0.57913905E+000  0.31481581E+000  0.23584292E+001  0.38865555E+002
  0.57913947E+000  0.31481588E+000  0.23584397E+001  0.38865542E+002
  0.57913983E+000  0.31481592E+000  0.23584498E+001  0.38865529E+002
  0.57914015E+000  0.31481595E+000  0.23584596E+001  0.38865516E+002
  0.57914043E+000  0.31481595E+000  0.23584690E+001  0.38865503E+002
  0.57914068E+000  0.31481594E+000  0.23584782E+001  0.38865491E+002
  0.57914089E+000  0.31481592E+000  0.23584870E+001  0.38865478E+002
  0.57914106E+000  0.31481588E+000  0.23584955E+001  0.38865466E+002
  0.57914121E+000  0.31481584E+000  0.23585036E+001  0.38865455E+002
  0.57914133E+000  0.31481578E+000  0.23585115E+001  0.38865443E+002
  0.57914142E+000  0.31481572E+000  0.23585191E+001  0.38865432E+002
  0.57914149E+000  0.31481565E+000  0.23585264E+001  0.38865421E+002
  0.57914154E+000  0.31481558E+000  0.23585334E+001  0.38865411E+002
  0.57914157E+000  0.31481550E+000  0.23585402E+001  0.38865401E+002
  0.57914158E+000  0.31481542E+000  0.23585466E+001  0.38865392E+002
  0.57914157E+000  0.31481533E+000  0.23585528E+001  0.38865383E+002
  0.57914155E+000  0.31481525E+000  0.23585587E+001  0.38865374E+002
  0.57914151E+000  0.31481516E+000  0.23585644E+001  0.38865366E+002
  0.57914147E+000  0.31481507E+000  0.23585698E+001  0.38865358E+002
  0.57914141E+000  0.31481498E+000  0.23585749E+001  0.38865351E+002
  0.57914134E+000  0.31481488E+000  0.23585798E+001  0.38865344E+002
  0.57914126E+000  0.31481479E+000  0.23585844E+001  0.38865338E+002
  0.57914117E+000  0.31481470E+000  0.23544916E+001  0.38869429E+002
  0.57914108E+000  0.31481461E+000  0.23544957E+001  0.38869423E+002
  0.57914097E+000  0.31481451E+000  0.23544996E+001  0.38869418E+002
  0.57914087E+000  0.31481442E+000  0.23545032E+001  0.38869414E+002
  0.57914075E+000  0.31481433E+000  0.23545066E+001  0.38869409E+002
  0.57914063E+000  0.31481424E+000  0.23545097E+001  0.38869406E+002
  0.57914050E+000  0.31481415E+000  0.23545126E+001  0.38869402E+002
  0.57914037E+000  0.31481405E+000  0.23545153E+001  0.38869399E+002
  0.57914024E+000  0.31481396E+000  0.23545178E+001  0.38869397E+002
  0.57914010E+000  0.31481387E+000  0.23545200E+001  0.38869395E+002
  0.57913996E+000  0.31481378E+000  0.23545220E+001  0.38869393E+002
  0.57913981E+000  0.31481369E+000  0.23545237E+001  0.38869391E+002
  0.57913966E+000  0.31481360E+000  0.23545253E+001  0.38869390E+002
  0.57913951E+000  0.31481351E+000  0.23545267E+001  0.38869390E+002
  0.57913936E+000  0.31481342E+000  0.23545278E+001  0.38869389E+002
  0.57913920E+000  0.31481333E+000  0.23545288E+001  0.38869389E+002
  0.57913905E+000  0.31481324E+000  0.23545295E+001  0.38869389E+002
  0.57913889E+000  0.31481315E+000  0.23545301E+001  0.38869390E+002
  0.57913873E+000  0.31481306E+000  0.23545305E+001  0.38869391E+002
  0.57913856E+000  0.31481297E+000  0.23545307E+001  0.38869392E+002
  0.57913840E+000  0.31481288E+000  0.23545307E+001  0.38869393E+002
  0.57913824E+000  0.31481279E+000  0.23586278E+001  0.38865298E+002
  0.57913807E+000  0.31481270E+000  0.23586275E+001  0.38865299E+002
  0.57913791E+000  0.31481261E+000  0.23586271E+001  0.38865301E+002
  0.57913774E+000  0.31481252E+000  0.23586265E+001  0.38865304E+002
  0.57913758E+000  0.31481243E+000  0.23586258E+001  0.38865306E+002
  0.57913741E+000  0.31481235E+000  0.23586250E+001  0.38865309E+002
  0.57913725E+000  0.31481226E+000  0.23586240E+001  0.38865311E+002
  0.57913708E+000  0.31481217E+000  0.23586230E+001  0.38865314E+002
  0.57913692E+000  0.31481209E+000  0.23586218E+001  0.38865317E+002
  0.57913676E+000  0.31481200E+000  0.23586206E+001  0.38865320E+002
  0.57913660E+000  0.31481192E+000  0.23586192E+001  0.38865324E+002
  0.57913644E+000  0.31481183E+000  0.23586178E+001  0.38865327E+002
  0.57913628E+000  0.31481175E+000  0.23586163E+001  0.38865330E+002
  0.57913612E+000  0.31481167E+000  0.23586147E+001  0.38865334E+002
  0.57913597E+000  0.31481159E+000  0.23586131E+001  0.38865337E+002
  0.57913582E+000  0.31481151E+000  0.23586114E+001  0.38865340E+002
  0.57913567E+000  0.31481144E+000  0.23586097E+001  0.38865344E+002
  0.57913552E+000  0.31481137E+000  0.23586079E+001  0.38865347E+002
  0.57913538E+000  0.31481129E+000  0.23586060E+001  0.38865351E+002
  0.57913524E+000  0.31481123E+000  0.23586041E+001  0.38865354E+002
  0.57913511E+000  0.31481117E+000  0.23586022E+001  0.38865358E+002
  0.57913498E+000  0.31481111E+000  0.23586002E+001  0.38865362E+002
  0.57913486E+000  0.31481106E+000  0.23585981E+001  0.38865365E+002
  0.57913475E+000  0.31481103E+000  0.23585960E+001  0.38865369E+002
  0.57913466E+000  0.31481100E+000  0.23585940E+001  0.38865373E+002
  0.57913461E+000  0.31481111E+000  0.23585918E+001  0.38865378E+002
