  0.65607319E-001
  0.65982514E-001
  0.66098982E-001
  0.66136828E-001
  0.66157076E-001
  0.66169851E-001
  0.66178807E-001
  0.66185408E-001
  0.66190313E-001
  0.66193888E-001
  0.66196415E-001
  0.66198123E-001
  0.66199177E-001
  0.66199695E-001
  0.66199778E-001
  0.66199517E-001
  0.66198986E-001
  0.66198233E-001
  0.66197303E-001
  0.66196232E-001
  0.66195046E-001
  0.66193770E-001
  0.66192420E-001
  0.66191012E-001
  0.66189556E-001
  0.66188062E-001
  0.66186534E-001
  0.66184980E-001
  0.66183405E-001
  0.66181811E-001
  0.66180202E-001
  0.66178579E-001
  0.66176944E-001
  0.66175299E-001
  0.66173643E-001
  0.66171978E-001
  0.66170304E-001
  0.66168622E-001
  0.66166934E-001
  0.66165240E-001
  0.66163541E-001
  0.66161839E-001
  0.66160138E-001
  0.66158438E-001
  0.66156743E-001
  0.66155056E-001
  0.66153380E-001
  0.66151720E-001
  0.66150079E-001
  0.66148461E-001
  0.66146870E-001
  0.66145310E-001
  0.66143787E-001
  0.66142303E-001
  0.66140863E-001
  0.66139471E-001
  0.66138131E-001
  0.66136846E-001
  0.66135619E-001
  0.66134454E-001
  0.66133352E-001
  0.66132317E-001
  0.66131350E-001
  0.66130452E-001
  0.66129625E-001
  0.66128869E-001
  0.66128184E-001
  0.66127569E-001
  0.66127025E-001
  0.66126549E-001
  0.66126140E-001
  0.66125796E-001
  0.66125515E-001
  0.66125294E-001
  0.66125130E-001
  0.66125019E-001
  0.66124959E-001
  0.66124945E-001
  0.66124975E-001
  0.66125043E-001
  0.66125147E-001
  0.66125282E-001
  0.66125445E-001
  0.66125632E-001
  0.66125838E-001
  0.66126062E-001
  0.66126298E-001
  0.66126545E-001
  0.66126798E-001
  0.66127056E-001
  0.66127316E-001
  0.66127574E-001
  0.66127830E-001
  0.66128082E-001
  0.66128327E-001
  0.66128564E-001
  0.66128793E-001
  0.66129013E-001
  0.66129221E-001
  0.66129419E-001
  0.66129606E-001
  0.66129781E-001
  0.66129944E-001
  0.66130096E-001
  0.66130237E-001
  0.66130366E-001
  0.66130484E-001
  0.66130593E-001
  0.66130691E-001
  0.66130780E-001
  0.66130860E-001
  0.66130932E-001
  0.66130996E-001
  0.66131052E-001
  0.66131103E-001
  0.66131147E-001
  0.66131186E-001
  0.66131219E-001
  0.66131248E-001
  0.66131273E-001
  0.66131294E-001
  0.66131312E-001
  0.66131328E-001
  0.66131340E-001
  0.66131350E-001
  0.66131359E-001
  0.66131365E-001
  0.66131370E-001
  0.66131374E-001
  0.66131376E-001
  0.66131377E-001
  0.66131378E-001
  0.66131378E-001
  0.66131377E-001
  0.66131376E-001
  0.66131374E-001
  0.66131372E-001
  0.66131369E-001
  0.66131367E-001
  0.66131364E-001
  0.66131361E-001
  0.66131357E-001
  0.66131354E-001
  0.66131350E-001
  0.66131346E-001
  0.66131343E-001
  0.66131339E-001
  0.66131335E-001
  0.66131331E-001
  0.66131328E-001
  0.66131324E-001
  0.66131320E-001
  0.66131316E-001
  0.66131312E-001
  0.66131309E-001
  0.66131305E-001
  0.66131302E-001
  0.66131298E-001
  0.66131295E-001
  0.66131291E-001
  0.66131288E-001
  0.66131285E-001
  0.66131282E-001
  0.66131279E-001
  0.66131276E-001
  0.66131273E-001
  0.66131270E-001
  0.66131268E-001
  0.66131265E-001
  0.66131263E-001
  0.66131261E-001
  0.66131259E-001
  0.66131257E-001
  0.66131255E-001
  0.66131253E-001
  0.66131251E-001
  0.66131250E-001
  0.66131249E-001
  0.66131247E-001
  0.66131246E-001
  0.66131245E-001
  0.66131244E-001
  0.66131243E-001
  0.66131243E-001
  0.66131242E-001
  0.66131242E-001
  0.66131241E-001
  0.66131241E-001
  0.66131241E-001
  0.66131240E-001
  0.66131240E-001
  0.66131241E-001
  0.66131241E-001
  0.66131241E-001
  0.66131241E-001
  0.66131242E-001
  0.66131243E-001
  0.66131245E-001
  0.66131254E-001
  0.66131229E-001
