 -0.51990914E-001  0.47410905E-002  0.44201656E+000  0.12892296E+001
 -0.51914635E-001  0.47727112E-002  0.44197991E+000  0.12877608E+001
 -0.51902547E-001  0.47697181E-002  0.44176832E+000  0.12866983E+001
 -0.51896585E-001  0.47690857E-002  0.44158760E+000  0.12859368E+001
 -0.51900068E-001  0.47667750E-002  0.44141970E+000  0.12853237E+001
 -0.51909014E-001  0.47638681E-002  0.44127140E+000  0.12848193E+001
 -0.51921185E-001  0.47607304E-002  0.44114243E+000  0.12844007E+001
 -0.51935199E-001  0.47575346E-002  0.44103073E+000  0.12840520E+001
 -0.51950127E-001  0.47543503E-002  0.44093415E+000  0.12837610E+001
 -0.51965309E-001  0.47512321E-002  0.44085090E+000  0.12835176E+001
 -0.51980287E-001  0.47482147E-002  0.44077947E+000  0.12833135E+001
 -0.51994748E-001  0.47453184E-002  0.44071860E+000  0.12831419E+001
 -0.52008486E-001  0.47425574E-002  0.44066717E+000  0.12829971E+001
 -0.52021362E-001  0.47399465E-002  0.44062419E+000  0.12828745E+001
 -0.52033301E-001  0.47374941E-002  0.44058888E+000  0.12827702E+001
 -0.52044277E-001  0.47352049E-002  0.44056050E+000  0.12826811E+001
 -0.52054296E-001  0.47330814E-002  0.44053835E+000  0.12826045E+001
 -0.52063382E-001  0.47311268E-002  0.44052179E+000  0.12825385E+001
 -0.52071575E-001  0.47293421E-002  0.44051021E+000  0.12824813E+001
 -0.52078922E-001  0.47277273E-002  0.44050304E+000  0.12824317E+001
 -0.52085475E-001  0.47262820E-002  0.44049978E+000  0.12823886E+001
 -0.52091290E-001  0.47250031E-002  0.44049994E+000  0.12823510E+001
 -0.52096421E-001  0.47238879E-002  0.44050309E+000  0.12823185E+001
 -0.52100926E-001  0.47229305E-002  0.44050882E+000  0.12822905E+001
 -0.52104853E-001  0.47221260E-002  0.44051674E+000  0.12822665E+001
 -0.52108254E-001  0.47214676E-002  0.44052651E+000  0.12822464E+001
 -0.52111173E-001  0.47209484E-002  0.44053781E+000  0.12822299E+001
 -0.52113657E-001  0.47205588E-002  0.44055033E+000  0.12822169E+001
 -0.52115744E-001  0.47202899E-002  0.44056379E+000  0.12822075E+001
 -0.52117472E-001  0.47201323E-002  0.44057795E+000  0.12822015E+001
 -0.52118875E-001  0.47200747E-002  0.44059258E+000  0.12821992E+001
 -0.52119985E-001  0.47201058E-002  0.44060747E+000  0.12822004E+001
 -0.52120830E-001  0.47202146E-002  0.44062247E+000  0.12822054E+001
 -0.52121438E-001  0.47203885E-002  0.44063742E+000  0.12822143E+001
 -0.52121831E-001  0.47206160E-002  0.44065221E+000  0.12822272E+001
 -0.52122030E-001  0.47208856E-002  0.44066677E+000  0.12822441E+001
 -0.52122053E-001  0.47211862E-002  0.44068104E+000  0.12822652E+001
 -0.52121917E-001  0.47215072E-002  0.44069500E+000  0.12822907E+001
 -0.52121636E-001  0.47218389E-002  0.44070866E+000  0.12823206E+001
 -0.52121220E-001  0.47221735E-002  0.44072207E+000  0.12823550E+001
 -0.52120680E-001  0.47225039E-002  0.44073527E+000  0.12823940E+001
 -0.52120023E-001  0.47228246E-002  0.44074835E+000  0.12824376E+001
 -0.52119256E-001  0.47231315E-002  0.44076139E+000  0.12824858E+001
 -0.52118382E-001  0.47234226E-002  0.44077451E+000  0.12825388E+001
 -0.52117405E-001  0.47236960E-002  0.44078780E+000  0.12825964E+001
 -0.52116325E-001  0.47239525E-002  0.44080137E+000  0.12826588E+001
 -0.52115146E-001  0.47241928E-002  0.44081533E+000  0.12827258E+001
 -0.52113867E-001  0.47244187E-002  0.44082976E+000  0.12827976E+001
 -0.52112487E-001  0.47246328E-002  0.44084475E+000  0.12828741E+001
 -0.52111007E-001  0.47248374E-002  0.44086037E+000  0.12829553E+001
 -0.52109425E-001  0.47250351E-002  0.44087665E+000  0.12830412E+001
 -0.52107742E-001  0.47252287E-002  0.44089366E+000  0.12831318E+001
 -0.52105957E-001  0.47254200E-002  0.44091140E+000  0.12832270E+001
 -0.52104070E-001  0.47256114E-002  0.44092988E+000  0.12833267E+001
 -0.52102082E-001  0.47258041E-002  0.44094911E+000  0.12834311E+001
 -0.52099995E-001  0.47259994E-002  0.44096908E+000  0.12835398E+001
 -0.52097811E-001  0.47261982E-002  0.44098975E+000  0.12836529E+001
 -0.52095531E-001  0.47264010E-002  0.44101111E+000  0.12837703E+001
 -0.52093160E-001  0.47266081E-002  0.44103312E+000  0.12838918E+001
 -0.52090700E-001  0.47268198E-002  0.44105575E+000  0.12840173E+001
 -0.52088156E-001  0.47270359E-002  0.44107894E+000  0.12841465E+001
 -0.52085534E-001  0.47272564E-002  0.44110266E+000  0.12842793E+001
 -0.52082837E-001  0.47274810E-002  0.44112686E+000  0.12844154E+001
 -0.52080072E-001  0.47277094E-002  0.44115148E+000  0.12845546E+001
 -0.52077245E-001  0.47279413E-002  0.44117648E+000  0.12846966E+001
 -0.52074362E-001  0.47281764E-002  0.44120179E+000  0.12848410E+001
 -0.52071430E-001  0.47284141E-002  0.44122737E+000  0.12849877E+001
 -0.52068456E-001  0.47286540E-002  0.44125314E+000  0.12851362E+001
 -0.52065447E-001  0.47288959E-002  0.44127905E+000  0.12852862E+001
 -0.52062411E-001  0.47291390E-002  0.44130504E+000  0.12854373E+001
 -0.52059355E-001  0.47293829E-002  0.44133105E+000  0.12855892E+001
 -0.52056287E-001  0.47296272E-002  0.44135700E+000  0.12857415E+001
 -0.52053216E-001  0.47298714E-002  0.44138284E+000  0.12858938E+001
 -0.52050147E-001  0.47301150E-002  0.44140851E+000  0.12860458E+001
 -0.52047090E-001  0.47303574E-002  0.44143394E+000  0.12861969E+001
 -0.52044053E-001  0.47305983E-002  0.44145907E+000  0.12863469E+001
 -0.52041042E-001  0.47308371E-002  0.44148384E+000  0.12864954E+001
 -0.52038065E-001  0.47310734E-002  0.44150819E+000  0.12866421E+001
 -0.52035130E-001  0.47313068E-002  0.44153208E+000  0.12867864E+001
 -0.52032242E-001  0.47315367E-002  0.44155544E+000  0.12869282E+001
 -0.52029411E-001  0.47317628E-002  0.44157822E+000  0.12870671E+001
 -0.52026640E-001  0.47319846E-002  0.44160038E+000  0.12872027E+001
 -0.52023937E-001  0.47322018E-002  0.44162189E+000  0.12873348E+001
 -0.52021307E-001  0.47324140E-002  0.44164269E+000  0.12874632E+001
 -0.52018754E-001  0.47326209E-002  0.44166275E+000  0.12875875E+001
 -0.52016284E-001  0.47328223E-002  0.44168205E+000  0.12877076E+001
 -0.52013900E-001  0.47330180E-002  0.44170056E+000  0.12878233E+001
 -0.52011605E-001  0.47332076E-002  0.44171826E+000  0.12879344E+001
 -0.52009403E-001  0.47333910E-002  0.44173513E+000  0.12880408E+001
 -0.52007297E-001  0.47335680E-002  0.44175116E+000  0.12881423E+001
 -0.52005287E-001  0.47337384E-002  0.44176635E+000  0.12882390E+001
 -0.52003375E-001  0.47339023E-002  0.44178069E+000  0.12883307E+001
 -0.52001562E-001  0.47340595E-002  0.44179419E+000  0.12884175E+001
 -0.51999848E-001  0.47342100E-002  0.44180686E+000  0.12884993E+001
 -0.51998232E-001  0.47343540E-002  0.44181870E+000  0.12885762E+001
 -0.51996714E-001  0.47344914E-002  0.44182973E+000  0.12886482E+001
 -0.51995292E-001  0.47346223E-002  0.44183996E+000  0.12887155E+001
 -0.51993965E-001  0.47347467E-002  0.44184943E+000  0.12887781E+001
 -0.51992730E-001  0.47348647E-002  0.44185816E+000  0.12888362E+001
 -0.51991584E-001  0.47349765E-002  0.44186617E+000  0.12888899E+001
 -0.51990526E-001  0.47350824E-002  0.44187349E+000  0.12889393E+001
 -0.51989551E-001  0.47351824E-002  0.44188016E+000  0.12889847E+001
 -0.51988657E-001  0.47352767E-002  0.44188621E+000  0.12890261E+001
 -0.51987840E-001  0.47353655E-002  0.44189167E+000  0.12890639E+001
 -0.51987095E-001  0.47354490E-002  0.44189658E+000  0.12890982E+001
 -0.51986420E-001  0.47355274E-002  0.44190097E+000  0.12891291E+001
 -0.51985810E-001  0.47356010E-002  0.44190488E+000  0.12891570E+001
 -0.51985261E-001  0.47356698E-002  0.44190834E+000  0.12891819E+001
 -0.51984770E-001  0.47357343E-002  0.44191139E+000  0.12892042E+001
 -0.51984332E-001  0.47357945E-002  0.44191407E+000  0.12892239E+001
 -0.51983943E-001  0.47358506E-002  0.44191639E+000  0.12892414E+001
 -0.51983601E-001  0.47359030E-002  0.44191841E+000  0.12892567E+001
 -0.51983300E-001  0.47359517E-002  0.44192014E+000  0.12892700E+001
 -0.51983037E-001  0.47359969E-002  0.44192161E+000  0.12892816E+001
 -0.51982810E-001  0.47360390E-002  0.44192285E+000  0.12892916E+001
 -0.51982614E-001  0.47360779E-002  0.44192389E+000  0.12893001E+001
 -0.51982448E-001  0.47361140E-002  0.44192475E+000  0.12893074E+001
 -0.51982307E-001  0.47361473E-002  0.44192545E+000  0.12893134E+001
 -0.51982189E-001  0.47361781E-002  0.44192600E+000  0.12893184E+001
 -0.51982092E-001  0.47362064E-002  0.44192644E+000  0.12893225E+001
 -0.51982014E-001  0.47362324E-002  0.44192677E+000  0.12893258E+001
 -0.51981951E-001  0.47362564E-002  0.44192701E+000  0.12893284E+001
 -0.51981903E-001  0.47362782E-002  0.44192717E+000  0.12893303E+001
 -0.51981867E-001  0.47362983E-002  0.44192727E+000  0.12893317E+001
 -0.51981842E-001  0.47363165E-002  0.44192731E+000  0.12893327E+001
 -0.51981827E-001  0.47363330E-002  0.44192731E+000  0.12893332E+001
 -0.51981819E-001  0.47363481E-002  0.44192726E+000  0.12893334E+001
 -0.51981819E-001  0.47363616E-002  0.44192719E+000  0.12893333E+001
 -0.51981824E-001  0.47363738E-002  0.44192709E+000  0.12893329E+001
 -0.51981833E-001  0.47363847E-002  0.44192696E+000  0.12893323E+001
 -0.51981847E-001  0.47363945E-002  0.44192683E+000  0.12893316E+001
 -0.51981864E-001  0.47364031E-002  0.44192668E+000  0.12893307E+001
 -0.51981884E-001  0.47364107E-002  0.44192652E+000  0.12893297E+001
 -0.51981906E-001  0.47364174E-002  0.44192635E+000  0.12893287E+001
 -0.51981929E-001  0.47364232E-002  0.44192618E+000  0.12893275E+001
 -0.51981954E-001  0.47364283E-002  0.44192601E+000  0.12893263E+001
 -0.51981979E-001  0.47364326E-002  0.44192584E+000  0.12893251E+001
 -0.51982004E-001  0.47364362E-002  0.44192566E+000  0.12893239E+001
 -0.51982030E-001  0.47364393E-002  0.44192549E+000  0.12893226E+001
 -0.51982056E-001  0.47364418E-002  0.44192532E+000  0.12893214E+001
 -0.51982081E-001  0.47364438E-002  0.44192515E+000  0.12893201E+001
 -0.51982106E-001  0.47364454E-002  0.44192499E+000  0.12893189E+001
 -0.51982131E-001  0.47364466E-002  0.44192483E+000  0.12893177E+001
 -0.51982155E-001  0.47364475E-002  0.44192468E+000  0.12893165E+001
 -0.51982178E-001  0.47364481E-002  0.44192453E+000  0.12893154E+001
 -0.51982200E-001  0.47364484E-002  0.44192439E+000  0.12893143E+001
 -0.51982222E-001  0.47364486E-002  0.44192425E+000  0.12893132E+001
 -0.51982242E-001  0.47364486E-002  0.44192412E+000  0.12893122E+001
 -0.51982262E-001  0.47364485E-002  0.44192399E+000  0.12893113E+001
 -0.51982281E-001  0.47364482E-002  0.44192387E+000  0.12893103E+001
 -0.51982299E-001  0.47364479E-002  0.44192376E+000  0.12893095E+001
 -0.51982315E-001  0.47364476E-002  0.44192366E+000  0.12893086E+001
 -0.51982331E-001  0.47364472E-002  0.44192356E+000  0.12893079E+001
 -0.51982346E-001  0.47364469E-002  0.44192347E+000  0.12893071E+001
 -0.51982360E-001  0.47364465E-002  0.44192338E+000  0.12893064E+001
 -0.51982373E-001  0.47364462E-002  0.44192331E+000  0.12893058E+001
 -0.51982385E-001  0.47364460E-002  0.44192324E+000  0.12893052E+001
 -0.51982397E-001  0.47364458E-002  0.44192318E+000  0.12893047E+001
 -0.51982407E-001  0.47364458E-002  0.44192313E+000  0.12893042E+001
 -0.51982417E-001  0.47364458E-002  0.44192309E+000  0.12893038E+001
 -0.51982425E-001  0.47364459E-002  0.44192305E+000  0.12893034E+001
 -0.51982434E-001  0.47364461E-002  0.44192302E+000  0.12893031E+001
 -0.51982441E-001  0.47364464E-002  0.44192300E+000  0.12893028E+001
 -0.51982448E-001  0.47364469E-002  0.44192299E+000  0.12893026E+001
 -0.51982453E-001  0.47364475E-002  0.44192298E+000  0.12893024E+001
 -0.51982459E-001  0.47364481E-002  0.44192298E+000  0.12893022E+001
 -0.51982463E-001  0.47364489E-002  0.44192299E+000  0.12893021E+001
 -0.51982468E-001  0.47364498E-002  0.44192301E+000  0.12893020E+001
 -0.51982471E-001  0.47364509E-002  0.44192303E+000  0.12893020E+001
 -0.51982474E-001  0.47364520E-002  0.44192306E+000  0.12893020E+001
 -0.51982477E-001  0.47364532E-002  0.44192310E+000  0.12893020E+001
 -0.51982479E-001  0.47364546E-002  0.44192314E+000  0.12893021E+001
 -0.51982481E-001  0.47364560E-002  0.44192319E+000  0.12893022E+001
 -0.51982482E-001  0.47364576E-002  0.44192325E+000  0.12893023E+001
 -0.51982483E-001  0.47364592E-002  0.44192331E+000  0.12893025E+001
 -0.51982483E-001  0.47364609E-002  0.44192337E+000  0.12893026E+001
 -0.51982484E-001  0.47364626E-002  0.44192344E+000  0.12893028E+001
 -0.51982483E-001  0.47364645E-002  0.44192352E+000  0.12893031E+001
 -0.51982483E-001  0.47364664E-002  0.44192359E+000  0.12893033E+001
 -0.51982482E-001  0.47364683E-002  0.44192368E+000  0.12893036E+001
 -0.51982481E-001  0.47364703E-002  0.44192376E+000  0.12893039E+001
 -0.51982480E-001  0.47364724E-002  0.44192385E+000  0.12893042E+001
 -0.51982479E-001  0.47364744E-002  0.44192394E+000  0.12893045E+001
 -0.51982478E-001  0.47364765E-002  0.44192403E+000  0.12893048E+001
 -0.51982476E-001  0.47364786E-002  0.44192413E+000  0.12893052E+001
 -0.51982474E-001  0.47364808E-002  0.44192423E+000  0.12893055E+001
 -0.51982472E-001  0.47364829E-002  0.44192433E+000  0.12893059E+001
 -0.51982469E-001  0.47364851E-002  0.44192443E+000  0.12893063E+001
 -0.51982467E-001  0.47364873E-002  0.44192453E+000  0.12893067E+001
 -0.51982464E-001  0.47364894E-002  0.44192464E+000  0.12893071E+001
 -0.51982461E-001  0.47364916E-002  0.44192475E+000  0.12893075E+001
 -0.51982457E-001  0.47364938E-002  0.44192487E+000  0.12893080E+001
 -0.51982452E-001  0.47364960E-002  0.44192498E+000  0.12893085E+001
 -0.51982447E-001  0.47364982E-002  0.44192511E+000  0.12893090E+001
 -0.51982440E-001  0.47365004E-002  0.44192525E+000  0.12893097E+001
 -0.51982431E-001  0.47365026E-002  0.44192540E+000  0.12893104E+001
 -0.51982419E-001  0.47365049E-002  0.44192557E+000  0.12893113E+001
 -0.51982402E-001  0.47365072E-002  0.44192577E+000  0.12893123E+001
 -0.51982380E-001  0.47365089E-002  0.44192602E+000  0.12893136E+001
 -0.51982327E-001  0.47365166E-002  0.44192648E+000  0.12893152E+001
