 -0.16986735E-001
 -0.16971910E-001
 -0.16975099E-001
 -0.16977666E-001
 -0.16981500E-001
 -0.16985766E-001
 -0.16990097E-001
 -0.16994321E-001
 -0.16998350E-001
 -0.17002133E-001
 -0.17005645E-001
 -0.17008877E-001
 -0.17011829E-001
 -0.17014507E-001
 -0.17016922E-001
 -0.17019089E-001
 -0.17021027E-001
 -0.17022752E-001
 -0.17024283E-001
 -0.17025635E-001
 -0.17026826E-001
 -0.17027869E-001
 -0.17028779E-001
 -0.17029568E-001
 -0.17030247E-001
 -0.17030826E-001
 -0.17031314E-001
 -0.17031720E-001
 -0.17032051E-001
 -0.17032313E-001
 -0.17032511E-001
 -0.17032652E-001
 -0.17032739E-001
 -0.17032777E-001
 -0.17032769E-001
 -0.17032718E-001
 -0.17032628E-001
 -0.17032499E-001
 -0.17032336E-001
 -0.17032138E-001
 -0.17031907E-001
 -0.17031645E-001
 -0.17031351E-001
 -0.17031027E-001
 -0.17030673E-001
 -0.17030288E-001
 -0.17029873E-001
 -0.17029427E-001
 -0.17028950E-001
 -0.17028443E-001
 -0.17027904E-001
 -0.17027333E-001
 -0.17026731E-001
 -0.17026098E-001
 -0.17025433E-001
 -0.17024737E-001
 -0.17024011E-001
 -0.17023255E-001
 -0.17022471E-001
 -0.17021660E-001
 -0.17020823E-001
 -0.17019961E-001
 -0.17019077E-001
 -0.17018172E-001
 -0.17017248E-001
 -0.17016307E-001
 -0.17015351E-001
 -0.17014383E-001
 -0.17013405E-001
 -0.17012420E-001
 -0.17011429E-001
 -0.17010436E-001
 -0.17009442E-001
 -0.17008451E-001
 -0.17007464E-001
 -0.17006485E-001
 -0.17005516E-001
 -0.17004558E-001
 -0.17003615E-001
 -0.17002688E-001
 -0.17001780E-001
 -0.17000893E-001
 -0.17000028E-001
 -0.16999188E-001
 -0.16998373E-001
 -0.16997586E-001
 -0.16996827E-001
 -0.16996097E-001
 -0.16995398E-001
 -0.16994730E-001
 -0.16994094E-001
 -0.16993489E-001
 -0.16992917E-001
 -0.16992376E-001
 -0.16991867E-001
 -0.16991390E-001
 -0.16990943E-001
 -0.16990527E-001
 -0.16990140E-001
 -0.16989782E-001
 -0.16989452E-001
 -0.16989148E-001
 -0.16988869E-001
 -0.16988614E-001
 -0.16988383E-001
 -0.16988172E-001
 -0.16987983E-001
 -0.16987812E-001
 -0.16987659E-001
 -0.16987522E-001
 -0.16987400E-001
 -0.16987293E-001
 -0.16987198E-001
 -0.16987115E-001
 -0.16987042E-001
 -0.16986980E-001
 -0.16986925E-001
 -0.16986879E-001
 -0.16986839E-001
 -0.16986806E-001
 -0.16986778E-001
 -0.16986755E-001
 -0.16986736E-001
 -0.16986720E-001
 -0.16986708E-001
 -0.16986699E-001
 -0.16986693E-001
 -0.16986688E-001
 -0.16986685E-001
 -0.16986684E-001
 -0.16986684E-001
 -0.16986685E-001
 -0.16986687E-001
 -0.16986689E-001
 -0.16986693E-001
 -0.16986696E-001
 -0.16986700E-001
 -0.16986705E-001
 -0.16986709E-001
 -0.16986714E-001
 -0.16986719E-001
 -0.16986724E-001
 -0.16986729E-001
 -0.16986734E-001
 -0.16986738E-001
 -0.16986743E-001
 -0.16986748E-001
 -0.16986752E-001
 -0.16986756E-001
 -0.16986760E-001
 -0.16986764E-001
 -0.16986768E-001
 -0.16986771E-001
 -0.16986775E-001
 -0.16986778E-001
 -0.16986781E-001
 -0.16986783E-001
 -0.16986786E-001
 -0.16986788E-001
 -0.16986790E-001
 -0.16986791E-001
 -0.16986793E-001
 -0.16986794E-001
 -0.16986795E-001
 -0.16986796E-001
 -0.16986796E-001
 -0.16986797E-001
 -0.16986797E-001
 -0.16986797E-001
 -0.16986797E-001
 -0.16986797E-001
 -0.16986796E-001
 -0.16986796E-001
 -0.16986795E-001
 -0.16986794E-001
 -0.16986793E-001
 -0.16986792E-001
 -0.16986791E-001
 -0.16986790E-001
 -0.16986788E-001
 -0.16986787E-001
 -0.16986785E-001
 -0.16986784E-001
 -0.16986782E-001
 -0.16986780E-001
 -0.16986779E-001
 -0.16986777E-001
 -0.16986775E-001
 -0.16986773E-001
 -0.16986771E-001
 -0.16986769E-001
 -0.16986767E-001
 -0.16986764E-001
 -0.16986761E-001
 -0.16986758E-001
 -0.16986754E-001
 -0.16986749E-001
 -0.16986743E-001
 -0.16986735E-001
 -0.16986717E-001
