  0.12957571E+001
  0.12950243E+001
  0.12946013E+001
  0.12942963E+001
  0.12940452E+001
  0.12938357E+001
  0.12936581E+001
  0.12935063E+001
  0.12933760E+001
  0.12932636E+001
  0.12931664E+001
  0.12930820E+001
  0.12930084E+001
  0.12929441E+001
  0.12928877E+001
  0.12928379E+001
  0.12927938E+001
  0.12927545E+001
  0.12927193E+001
  0.12926877E+001
  0.12926591E+001
  0.12926330E+001
  0.12926091E+001
  0.12925870E+001
  0.12925665E+001
  0.12925473E+001
  0.12925292E+001
  0.12925121E+001
  0.12924957E+001
  0.12924800E+001
  0.12924648E+001
  0.12924501E+001
  0.12924357E+001
  0.12924216E+001
  0.12924078E+001
  0.12923942E+001
  0.12923808E+001
  0.12923675E+001
  0.12923544E+001
  0.12923414E+001
  0.12923286E+001
  0.12923159E+001
  0.12923035E+001
  0.12922912E+001
  0.12922792E+001
  0.12922674E+001
  0.12922559E+001
  0.12922448E+001
  0.12922340E+001
  0.12922236E+001
  0.12922136E+001
  0.12922041E+001
  0.12921951E+001
  0.12921866E+001
  0.12921787E+001
  0.12921713E+001
  0.12921646E+001
  0.12921585E+001
  0.12921530E+001
  0.12921482E+001
  0.12921441E+001
  0.12921406E+001
  0.12921379E+001
  0.12921358E+001
  0.12921344E+001
  0.12921337E+001
  0.12921337E+001
  0.12921343E+001
  0.12921355E+001
  0.12921373E+001
  0.12921397E+001
  0.12921426E+001
  0.12921460E+001
  0.12921499E+001
  0.12921542E+001
  0.12921590E+001
  0.12921640E+001
  0.12921694E+001
  0.12921750E+001
  0.12921809E+001
  0.12921869E+001
  0.12921931E+001
  0.12921994E+001
  0.12922057E+001
  0.12922120E+001
  0.12922183E+001
  0.12922246E+001
  0.12922307E+001
  0.12922368E+001
  0.12922427E+001
  0.12922484E+001
  0.12922540E+001
  0.12922593E+001
  0.12922644E+001
  0.12922693E+001
  0.12922740E+001
  0.12922784E+001
  0.12922825E+001
  0.12922864E+001
  0.12922901E+001
  0.12922935E+001
  0.12922966E+001
  0.12922995E+001
  0.12923022E+001
  0.12923046E+001
  0.12923069E+001
  0.12923089E+001
  0.12923107E+001
  0.12923123E+001
  0.12923138E+001
  0.12923151E+001
  0.12923163E+001
  0.12923173E+001
  0.12923182E+001
  0.12923189E+001
  0.12923196E+001
  0.12923202E+001
  0.12923207E+001
  0.12923211E+001
  0.12923214E+001
  0.12923216E+001
  0.12923219E+001
  0.12923220E+001
  0.12923221E+001
  0.12923222E+001
  0.12923223E+001
  0.12923223E+001
  0.12923223E+001
  0.12923223E+001
  0.12923222E+001
  0.12923222E+001
  0.12923221E+001
  0.12923220E+001
  0.12923219E+001
  0.12923218E+001
  0.12923217E+001
  0.12923216E+001
  0.12923215E+001
  0.12923214E+001
  0.12923213E+001
  0.12923212E+001
  0.12923211E+001
  0.12923210E+001
  0.12923209E+001
  0.12923208E+001
  0.12923207E+001
  0.12923206E+001
  0.12923205E+001
  0.12923204E+001
  0.12923203E+001
  0.12923202E+001
  0.12923201E+001
  0.12923201E+001
  0.12923200E+001
  0.12923199E+001
  0.12923199E+001
  0.12923198E+001
  0.12923198E+001
  0.12923197E+001
  0.12923197E+001
  0.12923196E+001
  0.12923196E+001
  0.12923196E+001
  0.12923195E+001
  0.12923195E+001
  0.12923195E+001
  0.12923195E+001
  0.12923195E+001
  0.12923194E+001
  0.12923194E+001
  0.12923194E+001
  0.12923194E+001
  0.12923194E+001
  0.12923194E+001
  0.12923194E+001
  0.12923195E+001
  0.12923195E+001
  0.12923195E+001
  0.12923195E+001
  0.12923195E+001
  0.12923195E+001
  0.12923196E+001
  0.12923196E+001
  0.12923196E+001
  0.12923196E+001
  0.12923197E+001
  0.12923197E+001
  0.12923197E+001
  0.12923198E+001
  0.12923198E+001
  0.12923198E+001
  0.12923198E+001
  0.12923199E+001
  0.12923199E+001
  0.12923200E+001
  0.12923200E+001
  0.12923200E+001
  0.12923201E+001
  0.12923201E+001
  0.12923203E+001
