  0.73753770E+000
  0.73709395E+000
  0.73671168E+000
  0.73641245E+000
  0.73617008E+000
  0.73597516E+000
  0.73581809E+000
  0.73569085E+000
  0.73558705E+000
  0.73550157E+000
  0.73543044E+000
  0.73537064E+000
  0.73531984E+000
  0.73527617E+000
  0.73523820E+000
  0.73520488E+000
  0.73517536E+000
  0.73514897E+000
  0.73512516E+000
  0.73510350E+000
  0.73508365E+000
  0.73506532E+000
  0.73504828E+000
  0.73503235E+000
  0.73501738E+000
  0.73500325E+000
  0.73498984E+000
  0.73497709E+000
  0.73496493E+000
  0.73495327E+000
  0.73494210E+000
  0.73493136E+000
  0.73492102E+000
  0.73491106E+000
  0.73490145E+000
  0.73489217E+000
  0.73488321E+000
  0.73487457E+000
  0.73486623E+000
  0.73485820E+000
  0.73485047E+000
  0.73484306E+000
  0.73483597E+000
  0.73482920E+000
  0.73482277E+000
  0.73481668E+000
  0.73481096E+000
  0.73480560E+000
  0.73480061E+000
  0.73479601E+000
  0.73479180E+000
  0.73478799E+000
  0.73478457E+000
  0.73478155E+000
  0.73477892E+000
  0.73477669E+000
  0.73477484E+000
  0.73477337E+000
  0.73477227E+000
  0.73477154E+000
  0.73477115E+000
  0.73477111E+000
  0.73477140E+000
  0.73477200E+000
  0.73477291E+000
  0.73477409E+000
  0.73477555E+000
  0.73477726E+000
  0.73477920E+000
  0.73478135E+000
  0.73478370E+000
  0.73478622E+000
  0.73478890E+000
  0.73479171E+000
  0.73479463E+000
  0.73479765E+000
  0.73480074E+000
  0.73480389E+000
  0.73480707E+000
  0.73481027E+000
  0.73481346E+000
  0.73481664E+000
  0.73481979E+000
  0.73482290E+000
  0.73482594E+000
  0.73482892E+000
  0.73483181E+000
  0.73483461E+000
  0.73483731E+000
  0.73483991E+000
  0.73484239E+000
  0.73484477E+000
  0.73484702E+000
  0.73484916E+000
  0.73485117E+000
  0.73485307E+000
  0.73485484E+000
  0.73485650E+000
  0.73485804E+000
  0.73485948E+000
  0.73486080E+000
  0.73486202E+000
  0.73486314E+000
  0.73486416E+000
  0.73486510E+000
  0.73486595E+000
  0.73486672E+000
  0.73486742E+000
  0.73486804E+000
  0.73486861E+000
  0.73486911E+000
  0.73486956E+000
  0.73486995E+000
  0.73487031E+000
  0.73487061E+000
  0.73487088E+000
  0.73487112E+000
  0.73487133E+000
  0.73487150E+000
  0.73487165E+000
  0.73487178E+000
  0.73487189E+000
  0.73487198E+000
  0.73487205E+000
  0.73487211E+000
  0.73487216E+000
  0.73487219E+000
  0.73487222E+000
  0.73487223E+000
  0.73487224E+000
  0.73487224E+000
  0.73487224E+000
  0.73487223E+000
  0.73487222E+000
  0.73487221E+000
  0.73487219E+000
  0.73487217E+000
  0.73487214E+000
  0.73487212E+000
  0.73487209E+000
  0.73487207E+000
  0.73487204E+000
  0.73487201E+000
  0.73487198E+000
  0.73487196E+000
  0.73487193E+000
  0.73487190E+000
  0.73487188E+000
  0.73487186E+000
  0.73487183E+000
  0.73487181E+000
  0.73487179E+000
  0.73487177E+000
  0.73487175E+000
  0.73487173E+000
  0.73487172E+000
  0.73487170E+000
  0.73487169E+000
  0.73487168E+000
  0.73487167E+000
  0.73487166E+000
  0.73487165E+000
  0.73487164E+000
  0.73487163E+000
  0.73487163E+000
  0.73487163E+000
  0.73487162E+000
  0.73487162E+000
  0.73487162E+000
  0.73487162E+000
  0.73487162E+000
  0.73487162E+000
  0.73487162E+000
  0.73487163E+000
  0.73487163E+000
  0.73487163E+000
  0.73487164E+000
  0.73487164E+000
  0.73487165E+000
  0.73487165E+000
  0.73487166E+000
  0.73487166E+000
  0.73487167E+000
  0.73487167E+000
  0.73487168E+000
  0.73487169E+000
  0.73487169E+000
  0.73487170E+000
  0.73487171E+000
  0.73487171E+000
  0.73487172E+000
  0.73487173E+000
  0.73487174E+000
  0.73487175E+000
  0.73487177E+000
  0.73487178E+000
  0.73487181E+000
  0.73487184E+000
  0.73487186E+000
  0.73487200E+000
