  0.30533234E+001
  0.30174892E+001
  0.30591839E+001
  0.30584162E+001
  0.30597531E+001
  0.30599993E+001
  0.30596717E+001
  0.30591468E+001
  0.30586369E+001
  0.30581627E+001
  0.30577294E+001
  0.30573466E+001
  0.30570462E+001
  0.30567955E+001
  0.30565704E+001
  0.30563720E+001
  0.30562022E+001
  0.30560540E+001
  0.30559261E+001
  0.30558162E+001
  0.30557181E+001
  0.30556333E+001
  0.30555553E+001
  0.30554869E+001
  0.30554225E+001
  0.30553616E+001
  0.30553000E+001
  0.30552415E+001
  0.30551822E+001
  0.30551195E+001
  0.30550559E+001
  0.30549900E+001
  0.30549201E+001
  0.30548486E+001
  0.30547739E+001
  0.30546958E+001
  0.30546147E+001
  0.30545307E+001
  0.30544450E+001
  0.30543556E+001
  0.30542642E+001
  0.30541704E+001
  0.30540744E+001
  0.30539755E+001
  0.30538751E+001
  0.30537715E+001
  0.30536659E+001
  0.30535578E+001
  0.30534465E+001
  0.30533328E+001
  0.30532160E+001
  0.30530959E+001
  0.30529729E+001
  0.30528461E+001
  0.30527163E+001
  0.30525829E+001
  0.30524458E+001
  0.30523055E+001
  0.30521617E+001
  0.30520145E+001
  0.30518640E+001
  0.30517104E+001
  0.30515536E+001
  0.30513941E+001
  0.30512318E+001
  0.30510669E+001
  0.30508997E+001
  0.30507304E+001
  0.30505591E+001
  0.30503863E+001
  0.30502120E+001
  0.30500368E+001
  0.30498608E+001
  0.30496844E+001
  0.30495079E+001
  0.30493316E+001
  0.30491560E+001
  0.30489812E+001
  0.30488079E+001
  0.30486362E+001
  0.30484667E+001
  0.30482998E+001
  0.30481358E+001
  0.30479750E+001
  0.30478178E+001
  0.30476644E+001
  0.30475153E+001
  0.30473706E+001
  0.30472308E+001
  0.30470960E+001
  0.30469665E+001
  0.30468424E+001
  0.30467239E+001
  0.30466110E+001
  0.30465038E+001
  0.30464023E+001
  0.30463066E+001
  0.30462167E+001
  0.30461325E+001
  0.30460539E+001
  0.30459807E+001
  0.30459128E+001
  0.30458502E+001
  0.30457925E+001
  0.30457396E+001
  0.30456913E+001
  0.30456473E+001
  0.30456075E+001
  0.30455715E+001
  0.30455391E+001
  0.30455101E+001
  0.30454843E+001
  0.30454614E+001
  0.30454412E+001
  0.30454234E+001
  0.30454079E+001
  0.30453944E+001
  0.30453828E+001
  0.30453728E+001
  0.30453643E+001
  0.30453571E+001
  0.30453512E+001
  0.30453462E+001
  0.30453422E+001
  0.30453390E+001
  0.30453365E+001
  0.30453346E+001
  0.30453332E+001
  0.30453323E+001
  0.30453317E+001
  0.30453315E+001
  0.30453315E+001
  0.30453318E+001
  0.30453323E+001
  0.30453329E+001
  0.30453337E+001
  0.30453345E+001
  0.30453354E+001
  0.30453364E+001
  0.30453374E+001
  0.30453385E+001
  0.30453395E+001
  0.30453406E+001
  0.30453416E+001
  0.30453426E+001
  0.30453436E+001
  0.30453446E+001
  0.30453456E+001
  0.30453465E+001
  0.30453473E+001
  0.30453482E+001
  0.30453490E+001
  0.30453497E+001
  0.30453504E+001
  0.30453511E+001
  0.30453517E+001
  0.30453523E+001
  0.30453528E+001
  0.30453533E+001
  0.30453537E+001
  0.30453541E+001
  0.30453545E+001
  0.30453548E+001
  0.30453550E+001
  0.30453553E+001
  0.30453554E+001
  0.30453556E+001
  0.30453557E+001
  0.30453558E+001
  0.30453558E+001
  0.30453558E+001
  0.30453558E+001
  0.30453558E+001
  0.30453557E+001
  0.30453556E+001
  0.30453555E+001
  0.30453554E+001
  0.30453552E+001
  0.30453550E+001
  0.30453548E+001
  0.30453546E+001
  0.30453544E+001
  0.30453541E+001
  0.30453539E+001
  0.30453536E+001
  0.30453534E+001
  0.30453531E+001
  0.30453528E+001
  0.30453525E+001
  0.30453522E+001
  0.30453518E+001
  0.30453515E+001
  0.30453511E+001
  0.30453507E+001
  0.30453503E+001
  0.30453498E+001
  0.30453493E+001
  0.30453486E+001
  0.30453489E+001
  0.30453442E+001
