 -0.36937939E+000
 -0.37111129E+000
 -0.37170830E+000
 -0.37194326E+000
 -0.37208925E+000
 -0.37219275E+000
 -0.37227149E+000
 -0.37233323E+000
 -0.37238196E+000
 -0.37242020E+000
 -0.37244995E+000
 -0.37247284E+000
 -0.37249014E+000
 -0.37250279E+000
 -0.37251159E+000
 -0.37251726E+000
 -0.37252036E+000
 -0.37252133E+000
 -0.37252054E+000
 -0.37251829E+000
 -0.37251484E+000
 -0.37251039E+000
 -0.37250510E+000
 -0.37249913E+000
 -0.37249258E+000
 -0.37248556E+000
 -0.37247812E+000
 -0.37247036E+000
 -0.37246231E+000
 -0.37245402E+000
 -0.37244553E+000
 -0.37243688E+000
 -0.37242807E+000
 -0.37241914E+000
 -0.37241010E+000
 -0.37240097E+000
 -0.37239175E+000
 -0.37238247E+000
 -0.37237312E+000
 -0.37236373E+000
 -0.37235431E+000
 -0.37234486E+000
 -0.37233541E+000
 -0.37232597E+000
 -0.37231656E+000
 -0.37230720E+000
 -0.37229791E+000
 -0.37228872E+000
 -0.37227964E+000
 -0.37227071E+000
 -0.37226193E+000
 -0.37225335E+000
 -0.37224498E+000
 -0.37223684E+000
 -0.37222897E+000
 -0.37222137E+000
 -0.37221408E+000
 -0.37220710E+000
 -0.37220047E+000
 -0.37219418E+000
 -0.37218827E+000
 -0.37218273E+000
 -0.37217758E+000
 -0.37217283E+000
 -0.37216847E+000
 -0.37216452E+000
 -0.37216097E+000
 -0.37215782E+000
 -0.37215506E+000
 -0.37215268E+000
 -0.37215068E+000
 -0.37214905E+000
 -0.37214776E+000
 -0.37214680E+000
 -0.37214616E+000
 -0.37214582E+000
 -0.37214575E+000
 -0.37214594E+000
 -0.37214636E+000
 -0.37214699E+000
 -0.37214782E+000
 -0.37214881E+000
 -0.37214995E+000
 -0.37215121E+000
 -0.37215258E+000
 -0.37215403E+000
 -0.37215555E+000
 -0.37215711E+000
 -0.37215871E+000
 -0.37216031E+000
 -0.37216192E+000
 -0.37216352E+000
 -0.37216509E+000
 -0.37216663E+000
 -0.37216812E+000
 -0.37216956E+000
 -0.37217095E+000
 -0.37217227E+000
 -0.37217353E+000
 -0.37217472E+000
 -0.37217584E+000
 -0.37217689E+000
 -0.37217787E+000
 -0.37217877E+000
 -0.37217961E+000
 -0.37218038E+000
 -0.37218108E+000
 -0.37218172E+000
 -0.37218230E+000
 -0.37218283E+000
 -0.37218330E+000
 -0.37218372E+000
 -0.37218410E+000
 -0.37218443E+000
 -0.37218472E+000
 -0.37218498E+000
 -0.37218520E+000
 -0.37218539E+000
 -0.37218556E+000
 -0.37218570E+000
 -0.37218582E+000
 -0.37218591E+000
 -0.37218599E+000
 -0.37218606E+000
 -0.37218611E+000
 -0.37218615E+000
 -0.37218618E+000
 -0.37218620E+000
 -0.37218621E+000
 -0.37218622E+000
 -0.37218622E+000
 -0.37218621E+000
 -0.37218620E+000
 -0.37218619E+000
 -0.37218618E+000
 -0.37218616E+000
 -0.37218614E+000
 -0.37218612E+000
 -0.37218610E+000
 -0.37218607E+000
 -0.37218605E+000
 -0.37218602E+000
 -0.37218600E+000
 -0.37218598E+000
 -0.37218595E+000
 -0.37218593E+000
 -0.37218590E+000
 -0.37218588E+000
 -0.37218586E+000
 -0.37218584E+000
 -0.37218581E+000
 -0.37218579E+000
 -0.37218577E+000
 -0.37218575E+000
 -0.37218574E+000
 -0.37218572E+000
 -0.37218570E+000
 -0.37218569E+000
 -0.37218567E+000
 -0.37218566E+000
 -0.37218564E+000
 -0.37218563E+000
 -0.37218562E+000
 -0.37218561E+000
 -0.37218560E+000
 -0.37218559E+000
 -0.37218558E+000
 -0.37218558E+000
 -0.37218557E+000
 -0.37218557E+000
 -0.37218556E+000
 -0.37218556E+000
 -0.37218556E+000
 -0.37218555E+000
 -0.37218555E+000
 -0.37218555E+000
 -0.37218555E+000
 -0.37218555E+000
 -0.37218555E+000
 -0.37218556E+000
 -0.37218556E+000
 -0.37218556E+000
 -0.37218556E+000
 -0.37218557E+000
 -0.37218557E+000
 -0.37218558E+000
 -0.37218558E+000
 -0.37218559E+000
 -0.37218559E+000
 -0.37218560E+000
 -0.37218561E+000
 -0.37218561E+000
 -0.37218562E+000
 -0.37218563E+000
 -0.37218564E+000
 -0.37218565E+000
 -0.37218566E+000
 -0.37218568E+000
 -0.37218572E+000
 -0.37218560E+000
