  0.98751126E+000
  0.98198773E+000
  0.97975226E+000
  0.97784512E+000
  0.97633944E+000
  0.97511169E+000
  0.97409572E+000
  0.97324935E+000
  0.97254234E+000
  0.97195022E+000
  0.97145311E+000
  0.97103518E+000
  0.97068387E+000
  0.97038820E+000
  0.97013899E+000
  0.96992875E+000
  0.96975152E+000
  0.96960208E+000
  0.96947612E+000
  0.96937013E+000
  0.96928092E+000
  0.96920604E+000
  0.96914317E+000
  0.96909061E+000
  0.96904670E+000
  0.96901018E+000
  0.96897974E+000
  0.96895453E+000
  0.96893371E+000
  0.96891646E+000
  0.96890224E+000
  0.96889056E+000
  0.96888090E+000
  0.96887298E+000
  0.96886648E+000
  0.96886114E+000
  0.96885677E+000
  0.96885321E+000
  0.96885037E+000
  0.96884811E+000
  0.96884638E+000
  0.96884513E+000
  0.96884433E+000
  0.96884393E+000
  0.96884396E+000
  0.96884439E+000
  0.96884522E+000
  0.96884646E+000
  0.96884812E+000
  0.96885021E+000
  0.96885274E+000
  0.96885571E+000
  0.96885914E+000
  0.96886302E+000
  0.96886737E+000
  0.96887218E+000
  0.96887744E+000
  0.96888316E+000
  0.96888932E+000
  0.96889591E+000
  0.96890292E+000
  0.96891033E+000
  0.96891812E+000
  0.96892628E+000
  0.96893477E+000
  0.96894357E+000
  0.96895266E+000
  0.96896200E+000
  0.96897157E+000
  0.96898133E+000
  0.96899125E+000
  0.96900129E+000
  0.96901143E+000
  0.96902163E+000
  0.96903185E+000
  0.96904205E+000
  0.96905222E+000
  0.96906230E+000
  0.96907226E+000
  0.96908208E+000
  0.96909173E+000
  0.96910117E+000
  0.96911039E+000
  0.96911935E+000
  0.96912805E+000
  0.96913645E+000
  0.96914453E+000
  0.96915229E+000
  0.96915970E+000
  0.96916677E+000
  0.96917348E+000
  0.96917984E+000
  0.96918584E+000
  0.96919148E+000
  0.96919676E+000
  0.96920169E+000
  0.96920627E+000
  0.96921051E+000
  0.96921443E+000
  0.96921804E+000
  0.96922134E+000
  0.96922435E+000
  0.96922708E+000
  0.96922956E+000
  0.96923179E+000
  0.96923378E+000
  0.96923557E+000
  0.96923715E+000
  0.96923855E+000
  0.96923978E+000
  0.96924085E+000
  0.96924179E+000
  0.96924259E+000
  0.96924327E+000
  0.96924385E+000
  0.96924434E+000
  0.96924474E+000
  0.96924507E+000
  0.96924533E+000
  0.96924554E+000
  0.96924569E+000
  0.96924580E+000
  0.96924587E+000
  0.96924591E+000
  0.96924592E+000
  0.96924590E+000
  0.96924587E+000
  0.96924582E+000
  0.96924575E+000
  0.96924567E+000
  0.96924559E+000
  0.96924549E+000
  0.96924539E+000
  0.96924529E+000
  0.96924518E+000
  0.96924508E+000
  0.96924497E+000
  0.96924486E+000
  0.96924475E+000
  0.96924464E+000
  0.96924453E+000
  0.96924443E+000
  0.96924433E+000
  0.96924423E+000
  0.96924414E+000
  0.96924405E+000
  0.96924396E+000
  0.96924387E+000
  0.96924379E+000
  0.96924372E+000
  0.96924364E+000
  0.96924358E+000
  0.96924351E+000
  0.96924345E+000
  0.96924340E+000
  0.96924334E+000
  0.96924330E+000
  0.96924325E+000
  0.96924322E+000
  0.96924318E+000
  0.96924315E+000
  0.96924312E+000
  0.96924310E+000
  0.96924308E+000
  0.96924307E+000
  0.96924305E+000
  0.96924305E+000
  0.96924304E+000
  0.96924304E+000
  0.96924304E+000
  0.96924304E+000
  0.96924305E+000
  0.96924306E+000
  0.96924307E+000
  0.96924308E+000
  0.96924310E+000
  0.96924312E+000
  0.96924314E+000
  0.96924316E+000
  0.96924318E+000
  0.96924321E+000
  0.96924323E+000
  0.96924326E+000
  0.96924329E+000
  0.96924332E+000
  0.96924335E+000
  0.96924338E+000
  0.96924341E+000
  0.96924344E+000
  0.96924348E+000
  0.96924351E+000
  0.96924355E+000
  0.96924359E+000
  0.96924364E+000
  0.96924368E+000
  0.96924374E+000
  0.96924381E+000
  0.96924390E+000
  0.96924404E+000
  0.96924410E+000
