  0.49659341E+000
  0.49538890E+000
  0.49493522E+000
  0.49454152E+000
  0.49423385E+000
  0.49398393E+000
  0.49377772E+000
  0.49360645E+000
  0.49346389E+000
  0.49334495E+000
  0.49324551E+000
  0.49316228E+000
  0.49309270E+000
  0.49303448E+000
  0.49298573E+000
  0.49294491E+000
  0.49291080E+000
  0.49288232E+000
  0.49285860E+000
  0.49283891E+000
  0.49282262E+000
  0.49280921E+000
  0.49279822E+000
  0.49278931E+000
  0.49278214E+000
  0.49277646E+000
  0.49277200E+000
  0.49276859E+000
  0.49276607E+000
  0.49276426E+000
  0.49276307E+000
  0.49276239E+000
  0.49276212E+000
  0.49276221E+000
  0.49276258E+000
  0.49276319E+000
  0.49276399E+000
  0.49276496E+000
  0.49276607E+000
  0.49276729E+000
  0.49276861E+000
  0.49277002E+000
  0.49277150E+000
  0.49277304E+000
  0.49277465E+000
  0.49277630E+000
  0.49277801E+000
  0.49277976E+000
  0.49278154E+000
  0.49278337E+000
  0.49278523E+000
  0.49278713E+000
  0.49278905E+000
  0.49279100E+000
  0.49279297E+000
  0.49279497E+000
  0.49279698E+000
  0.49279900E+000
  0.49280103E+000
  0.49280306E+000
  0.49280509E+000
  0.49280712E+000
  0.49280914E+000
  0.49281115E+000
  0.49281314E+000
  0.49281510E+000
  0.49281704E+000
  0.49281895E+000
  0.49282082E+000
  0.49282266E+000
  0.49282445E+000
  0.49282620E+000
  0.49282790E+000
  0.49282956E+000
  0.49283115E+000
  0.49283270E+000
  0.49283418E+000
  0.49283561E+000
  0.49283697E+000
  0.49283828E+000
  0.49283952E+000
  0.49284070E+000
  0.49284181E+000
  0.49284286E+000
  0.49284385E+000
  0.49284478E+000
  0.49284564E+000
  0.49284645E+000
  0.49284719E+000
  0.49284788E+000
  0.49284851E+000
  0.49284909E+000
  0.49284962E+000
  0.49285009E+000
  0.49285052E+000
  0.49285091E+000
  0.49285125E+000
  0.49285156E+000
  0.49285182E+000
  0.49285205E+000
  0.49285225E+000
  0.49285242E+000
  0.49285257E+000
  0.49285268E+000
  0.49285278E+000
  0.49285286E+000
  0.49285291E+000
  0.49285295E+000
  0.49285298E+000
  0.49285300E+000
  0.49285300E+000
  0.49285300E+000
  0.49285298E+000
  0.49285296E+000
  0.49285294E+000
  0.49285291E+000
  0.49285287E+000
  0.49285283E+000
  0.49285279E+000
  0.49285275E+000
  0.49285271E+000
  0.49285267E+000
  0.49285262E+000
  0.49285258E+000
  0.49285253E+000
  0.49285249E+000
  0.49285245E+000
  0.49285241E+000
  0.49285236E+000
  0.49285232E+000
  0.49285228E+000
  0.49285224E+000
  0.49285221E+000
  0.49285217E+000
  0.49285213E+000
  0.49285210E+000
  0.49285206E+000
  0.49285203E+000
  0.49285200E+000
  0.49285197E+000
  0.49285194E+000
  0.49285191E+000
  0.49285188E+000
  0.49285185E+000
  0.49285183E+000
  0.49285180E+000
  0.49285177E+000
  0.49285175E+000
  0.49285173E+000
  0.49285171E+000
  0.49285168E+000
  0.49285166E+000
  0.49285164E+000
  0.49285163E+000
  0.49285161E+000
  0.49285159E+000
  0.49285158E+000
  0.49285156E+000
  0.49285155E+000
  0.49285153E+000
  0.49285152E+000
  0.49285151E+000
  0.49285150E+000
  0.49285149E+000
  0.49285148E+000
  0.49285147E+000
  0.49285146E+000
  0.49285146E+000
  0.49285145E+000
  0.49285144E+000
  0.49285144E+000
  0.49285144E+000
  0.49285143E+000
  0.49285143E+000
  0.49285143E+000
  0.49285143E+000
  0.49285143E+000
  0.49285143E+000
  0.49285143E+000
  0.49285143E+000
  0.49285143E+000
  0.49285143E+000
  0.49285143E+000
  0.49285144E+000
  0.49285144E+000
  0.49285144E+000
  0.49285145E+000
  0.49285145E+000
  0.49285146E+000
  0.49285146E+000
  0.49285147E+000
  0.49285147E+000
  0.49285148E+000
  0.49285149E+000
  0.49285150E+000
  0.49285151E+000
  0.49285152E+000
  0.49285153E+000
  0.49285156E+000
  0.49285155E+000
