  0.69208292E+000
  0.69039902E+000
  0.68977589E+000
  0.68923450E+000
  0.68881278E+000
  0.68847130E+000
  0.68819032E+000
  0.68795751E+000
  0.68776413E+000
  0.68760309E+000
  0.68746866E+000
  0.68735630E+000
  0.68726245E+000
  0.68718403E+000
  0.68711845E+000
  0.68706360E+000
  0.68701784E+000
  0.68697969E+000
  0.68694796E+000
  0.68692169E+000
  0.68689998E+000
  0.68688217E+000
  0.68686761E+000
  0.68685585E+000
  0.68684643E+000
  0.68683901E+000
  0.68683323E+000
  0.68682886E+000
  0.68682568E+000
  0.68682346E+000
  0.68682206E+000
  0.68682135E+000
  0.68682118E+000
  0.68682148E+000
  0.68682217E+000
  0.68682318E+000
  0.68682444E+000
  0.68682592E+000
  0.68682760E+000
  0.68682943E+000
  0.68683139E+000
  0.68683347E+000
  0.68683566E+000
  0.68683794E+000
  0.68684031E+000
  0.68684275E+000
  0.68684527E+000
  0.68684786E+000
  0.68685051E+000
  0.68685322E+000
  0.68685599E+000
  0.68685880E+000
  0.68686167E+000
  0.68686458E+000
  0.68686753E+000
  0.68687051E+000
  0.68687351E+000
  0.68687654E+000
  0.68687958E+000
  0.68688263E+000
  0.68688568E+000
  0.68688872E+000
  0.68689175E+000
  0.68689476E+000
  0.68689774E+000
  0.68690069E+000
  0.68690361E+000
  0.68690648E+000
  0.68690929E+000
  0.68691205E+000
  0.68691475E+000
  0.68691739E+000
  0.68691996E+000
  0.68692244E+000
  0.68692486E+000
  0.68692719E+000
  0.68692944E+000
  0.68693159E+000
  0.68693366E+000
  0.68693564E+000
  0.68693752E+000
  0.68693931E+000
  0.68694101E+000
  0.68694262E+000
  0.68694413E+000
  0.68694555E+000
  0.68694687E+000
  0.68694811E+000
  0.68694926E+000
  0.68695032E+000
  0.68695130E+000
  0.68695221E+000
  0.68695303E+000
  0.68695378E+000
  0.68695446E+000
  0.68695508E+000
  0.68695563E+000
  0.68695612E+000
  0.68695655E+000
  0.68695694E+000
  0.68695728E+000
  0.68695757E+000
  0.68695782E+000
  0.68695803E+000
  0.68695821E+000
  0.68695836E+000
  0.68695848E+000
  0.68695858E+000
  0.68695865E+000
  0.68695871E+000
  0.68695875E+000
  0.68695877E+000
  0.68695878E+000
  0.68695878E+000
  0.68695877E+000
  0.68695875E+000
  0.68695872E+000
  0.68695869E+000
  0.68695865E+000
  0.68695861E+000
  0.68695857E+000
  0.68695852E+000
  0.68695847E+000
  0.68695842E+000
  0.68695837E+000
  0.68695832E+000
  0.68695827E+000
  0.68695822E+000
  0.68695817E+000
  0.68695813E+000
  0.68695808E+000
  0.68695803E+000
  0.68695798E+000
  0.68695793E+000
  0.68695789E+000
  0.68695784E+000
  0.68695780E+000
  0.68695776E+000
  0.68695771E+000
  0.68695767E+000
  0.68695763E+000
  0.68695760E+000
  0.68695756E+000
  0.68695752E+000
  0.68695749E+000
  0.68695745E+000
  0.68695742E+000
  0.68695739E+000
  0.68695736E+000
  0.68695733E+000
  0.68695730E+000
  0.68695727E+000
  0.68695724E+000
  0.68695722E+000
  0.68695719E+000
  0.68695717E+000
  0.68695715E+000
  0.68695713E+000
  0.68695711E+000
  0.68695709E+000
  0.68695708E+000
  0.68695706E+000
  0.68695705E+000
  0.68695703E+000
  0.68695702E+000
  0.68695701E+000
  0.68695700E+000
  0.68695699E+000
  0.68695699E+000
  0.68695698E+000
  0.68695697E+000
  0.68695697E+000
  0.68695697E+000
  0.68695696E+000
  0.68695696E+000
  0.68695696E+000
  0.68695696E+000
  0.68695696E+000
  0.68695696E+000
  0.68695697E+000
  0.68695697E+000
  0.68695697E+000
  0.68695698E+000
  0.68695698E+000
  0.68695699E+000
  0.68695699E+000
  0.68695700E+000
  0.68695701E+000
  0.68695701E+000
  0.68695702E+000
  0.68695703E+000
  0.68695704E+000
  0.68695705E+000
  0.68695706E+000
  0.68695708E+000
  0.68695709E+000
  0.68695711E+000
  0.68695714E+000
  0.68695718E+000
  0.68695716E+000
