  0.90691093E+000
  0.90208336E+000
  0.90024564E+000
  0.89857803E+000
  0.89726130E+000
  0.89618748E+000
  0.89529876E+000
  0.89455828E+000
  0.89393960E+000
  0.89342133E+000
  0.89298610E+000
  0.89262008E+000
  0.89231228E+000
  0.89205311E+000
  0.89183454E+000
  0.89165003E+000
  0.89149436E+000
  0.89136297E+000
  0.89125210E+000
  0.89115867E+000
  0.89107990E+000
  0.89101365E+000
  0.89095788E+000
  0.89091111E+000
  0.89087188E+000
  0.89083910E+000
  0.89081161E+000
  0.89078867E+000
  0.89076956E+000
  0.89075355E+000
  0.89074016E+000
  0.89072896E+000
  0.89071951E+000
  0.89071155E+000
  0.89070481E+000
  0.89069907E+000
  0.89069414E+000
  0.89068988E+000
  0.89068623E+000
  0.89068306E+000
  0.89068032E+000
  0.89067797E+000
  0.89067599E+000
  0.89067432E+000
  0.89067300E+000
  0.89067199E+000
  0.89067130E+000
  0.89067095E+000
  0.89067093E+000
  0.89067126E+000
  0.89067195E+000
  0.89067299E+000
  0.89067441E+000
  0.89067620E+000
  0.89067838E+000
  0.89068094E+000
  0.89068387E+000
  0.89068719E+000
  0.89069088E+000
  0.89069493E+000
  0.89069933E+000
  0.89070409E+000
  0.89070916E+000
  0.89071455E+000
  0.89072024E+000
  0.89072620E+000
  0.89073242E+000
  0.89073887E+000
  0.89074552E+000
  0.89075236E+000
  0.89075936E+000
  0.89076649E+000
  0.89077372E+000
  0.89078103E+000
  0.89078840E+000
  0.89079578E+000
  0.89080316E+000
  0.89081051E+000
  0.89081779E+000
  0.89082499E+000
  0.89083208E+000
  0.89083904E+000
  0.89084585E+000
  0.89085249E+000
  0.89085894E+000
  0.89086518E+000
  0.89087119E+000
  0.89087697E+000
  0.89088251E+000
  0.89088779E+000
  0.89089281E+000
  0.89089757E+000
  0.89090207E+000
  0.89090630E+000
  0.89091026E+000
  0.89091396E+000
  0.89091741E+000
  0.89092060E+000
  0.89092354E+000
  0.89092626E+000
  0.89092874E+000
  0.89093101E+000
  0.89093306E+000
  0.89093493E+000
  0.89093660E+000
  0.89093811E+000
  0.89093945E+000
  0.89094064E+000
  0.89094169E+000
  0.89094261E+000
  0.89094341E+000
  0.89094411E+000
  0.89094470E+000
  0.89094521E+000
  0.89094564E+000
  0.89094600E+000
  0.89094629E+000
  0.89094653E+000
  0.89094672E+000
  0.89094686E+000
  0.89094696E+000
  0.89094703E+000
  0.89094707E+000
  0.89094709E+000
  0.89094708E+000
  0.89094705E+000
  0.89094701E+000
  0.89094696E+000
  0.89094690E+000
  0.89094682E+000
  0.89094674E+000
  0.89094666E+000
  0.89094657E+000
  0.89094648E+000
  0.89094638E+000
  0.89094628E+000
  0.89094619E+000
  0.89094609E+000
  0.89094600E+000
  0.89094590E+000
  0.89094581E+000
  0.89094572E+000
  0.89094563E+000
  0.89094554E+000
  0.89094546E+000
  0.89094538E+000
  0.89094530E+000
  0.89094523E+000
  0.89094516E+000
  0.89094509E+000
  0.89094503E+000
  0.89094497E+000
  0.89094491E+000
  0.89094486E+000
  0.89094481E+000
  0.89094477E+000
  0.89094473E+000
  0.89094469E+000
  0.89094465E+000
  0.89094462E+000
  0.89094460E+000
  0.89094457E+000
  0.89094455E+000
  0.89094454E+000
  0.89094452E+000
  0.89094451E+000
  0.89094451E+000
  0.89094450E+000
  0.89094450E+000
  0.89094450E+000
  0.89094450E+000
  0.89094451E+000
  0.89094452E+000
  0.89094453E+000
  0.89094454E+000
  0.89094455E+000
  0.89094457E+000
  0.89094459E+000
  0.89094461E+000
  0.89094463E+000
  0.89094465E+000
  0.89094467E+000
  0.89094469E+000
  0.89094472E+000
  0.89094474E+000
  0.89094477E+000
  0.89094480E+000
  0.89094483E+000
  0.89094485E+000
  0.89094488E+000
  0.89094491E+000
  0.89094495E+000
  0.89094498E+000
  0.89094502E+000
  0.89094506E+000
  0.89094511E+000
  0.89094517E+000
  0.89094525E+000
  0.89094538E+000
  0.89094543E+000
