  0.10941321E+002
  0.10944751E+002
  0.10946986E+002
  0.10948805E+002
  0.10950257E+002
  0.10951423E+002
  0.10952359E+002
  0.10953108E+002
  0.10953700E+002
  0.10954164E+002
  0.10954522E+002
  0.10954790E+002
  0.10954984E+002
  0.10955116E+002
  0.10955196E+002
  0.10955232E+002
  0.10955232E+002
  0.10955201E+002
  0.10955144E+002
  0.10955065E+002
  0.10954967E+002
  0.10954854E+002
  0.10954727E+002
  0.10954588E+002
  0.10954440E+002
  0.10954283E+002
  0.10954119E+002
  0.10953949E+002
  0.10953774E+002
  0.10953594E+002
  0.10953411E+002
  0.10953224E+002
  0.10953035E+002
  0.10952843E+002
  0.10952650E+002
  0.10952455E+002
  0.10952260E+002
  0.10952063E+002
  0.10951867E+002
  0.10951671E+002
  0.10951475E+002
  0.10951281E+002
  0.10951088E+002
  0.10950897E+002
  0.10950708E+002
  0.10950523E+002
  0.10950340E+002
  0.10950162E+002
  0.10949988E+002
  0.10949819E+002
  0.10949655E+002
  0.10949498E+002
  0.10949347E+002
  0.10949203E+002
  0.10949066E+002
  0.10948937E+002
  0.10948817E+002
  0.10948705E+002
  0.10948602E+002
  0.10948509E+002
  0.10948425E+002
  0.10948352E+002
  0.10948288E+002
  0.10948234E+002
  0.10948190E+002
  0.10948156E+002
  0.10948133E+002
  0.10948118E+002
  0.10948114E+002
  0.10948118E+002
  0.10948132E+002
  0.10948154E+002
  0.10948184E+002
  0.10948221E+002
  0.10948266E+002
  0.10948317E+002
  0.10948373E+002
  0.10948436E+002
  0.10948502E+002
  0.10948573E+002
  0.10948647E+002
  0.10948724E+002
  0.10948803E+002
  0.10948883E+002
  0.10948965E+002
  0.10949047E+002
  0.10949129E+002
  0.10949210E+002
  0.10949291E+002
  0.10949370E+002
  0.10949447E+002
  0.10949522E+002
  0.10949594E+002
  0.10949664E+002
  0.10949731E+002
  0.10949795E+002
  0.10949856E+002
  0.10949914E+002
  0.10949968E+002
  0.10950019E+002
  0.10950066E+002
  0.10950111E+002
  0.10950152E+002
  0.10950190E+002
  0.10950224E+002
  0.10950256E+002
  0.10950285E+002
  0.10950312E+002
  0.10950335E+002
  0.10950357E+002
  0.10950376E+002
  0.10950393E+002
  0.10950408E+002
  0.10950421E+002
  0.10950433E+002
  0.10950443E+002
  0.10950452E+002
  0.10950459E+002
  0.10950466E+002
  0.10950471E+002
  0.10950475E+002
  0.10950479E+002
  0.10950482E+002
  0.10950484E+002
  0.10950485E+002
  0.10950487E+002
  0.10950487E+002
  0.10950488E+002
  0.10950488E+002
  0.10950488E+002
  0.10950487E+002
  0.10950486E+002
  0.10950486E+002
  0.10950485E+002
  0.10950484E+002
  0.10950483E+002
  0.10950481E+002
  0.10950480E+002
  0.10950479E+002
  0.10950478E+002
  0.10950477E+002
  0.10950475E+002
  0.10950474E+002
  0.10950473E+002
  0.10950472E+002
  0.10950471E+002
  0.10950470E+002
  0.10950469E+002
  0.10950468E+002
  0.10950467E+002
  0.10950466E+002
  0.10950465E+002
  0.10950465E+002
  0.10950464E+002
  0.10950463E+002
  0.10950463E+002
  0.10950462E+002
  0.10950462E+002
  0.10950462E+002
  0.10950461E+002
  0.10950461E+002
  0.10950461E+002
  0.10950461E+002
  0.10950461E+002
  0.10950461E+002
  0.10950461E+002
  0.10950461E+002
  0.10950461E+002
  0.10950461E+002
  0.10950461E+002
  0.10950462E+002
  0.10950462E+002
  0.10950462E+002
  0.10950462E+002
  0.10950463E+002
  0.10950463E+002
  0.10950464E+002
  0.10950464E+002
  0.10950464E+002
  0.10950465E+002
  0.10950465E+002
  0.10950466E+002
  0.10950466E+002
  0.10950467E+002
  0.10950467E+002
  0.10950468E+002
  0.10950468E+002
  0.10950469E+002
  0.10950469E+002
  0.10950470E+002
  0.10950471E+002
  0.10950471E+002
  0.10950472E+002
  0.10950472E+002
  0.10950473E+002
  0.10950473E+002
  0.10950474E+002
  0.10950475E+002
  0.10950475E+002
  0.10950477E+002
