  0.52127687E-006
  0.52118259E-006
  0.52130374E-006
  0.52135023E-006
  0.52138442E-006
  0.52140778E-006
  0.52142349E-006
  0.52143364E-006
  0.52143951E-006
  0.52144194E-006
  0.52144157E-006
  0.52143893E-006
  0.52143444E-006
  0.52142845E-006
  0.52142124E-006
  0.52141310E-006
  0.52140423E-006
  0.52139481E-006
  0.52138500E-006
  0.52137492E-006
  0.52136468E-006
  0.52135438E-006
  0.52134408E-006
  0.52133387E-006
  0.52132379E-006
  0.52131392E-006
  0.52130429E-006
  0.52129496E-006
  0.52128597E-006
  0.52127736E-006
  0.52126917E-006
  0.52126143E-006
  0.52125417E-006
  0.52124742E-006
  0.52124119E-006
  0.52123549E-006
  0.52123033E-006
  0.52122570E-006
  0.52122158E-006
  0.52121794E-006
  0.52121477E-006
  0.52121202E-006
  0.52120964E-006
  0.52120760E-006
  0.52120583E-006
  0.52120430E-006
  0.52120295E-006
  0.52120173E-006
  0.52120060E-006
  0.52119952E-006
  0.52119845E-006
  0.52119736E-006
  0.52119623E-006
  0.52119503E-006
  0.52119375E-006
  0.52119237E-006
  0.52119089E-006
  0.52118930E-006
  0.52118759E-006
  0.52118577E-006
  0.52118383E-006
  0.52118179E-006
  0.52117963E-006
  0.52117739E-006
  0.52117505E-006
  0.52117263E-006
  0.52117014E-006
  0.52116760E-006
  0.52116501E-006
  0.52116238E-006
  0.52115974E-006
  0.52115709E-006
  0.52115445E-006
  0.52115183E-006
  0.52114925E-006
  0.52114672E-006
  0.52114425E-006
  0.52114186E-006
  0.52113955E-006
  0.52113733E-006
  0.52113523E-006
  0.52113324E-006
  0.52113137E-006
  0.52112963E-006
  0.52112802E-006
  0.52112656E-006
  0.52112523E-006
  0.52112405E-006
  0.52112301E-006
  0.52112211E-006
  0.52112136E-006
  0.52112074E-006
  0.52112025E-006
  0.52111990E-006
  0.52111967E-006
  0.52111955E-006
  0.52111955E-006
  0.52111965E-006
  0.52111984E-006
  0.52112013E-006
  0.52112049E-006
  0.52112092E-006
  0.52112142E-006
  0.52112197E-006
  0.52112257E-006
  0.52112321E-006
  0.52112388E-006
  0.52112457E-006
  0.52112528E-006
  0.52112601E-006
  0.52112673E-006
  0.52112746E-006
  0.52112819E-006
  0.52112890E-006
  0.52112960E-006
  0.52113029E-006
  0.52113095E-006
  0.52113160E-006
  0.52113222E-006
  0.52113281E-006
  0.52113337E-006
  0.52113391E-006
  0.52113442E-006
  0.52113489E-006
  0.52113534E-006
  0.52113576E-006
  0.52113615E-006
  0.52113651E-006
  0.52113685E-006
  0.52113715E-006
  0.52113744E-006
  0.52113769E-006
  0.52113793E-006
  0.52113814E-006
  0.52113833E-006
  0.52113851E-006
  0.52113866E-006
  0.52113880E-006
  0.52113892E-006
  0.52113903E-006
  0.52113913E-006
  0.52113922E-006
  0.52113929E-006
  0.52113936E-006
  0.52113942E-006
  0.52113948E-006
  0.52113952E-006
  0.52113957E-006
  0.52113961E-006
  0.52113964E-006
  0.52113968E-006
  0.52113971E-006
  0.52113974E-006
  0.52113978E-006
  0.52113981E-006
  0.52113984E-006
  0.52113988E-006
  0.52113991E-006
  0.52113995E-006
  0.52113999E-006
  0.52114003E-006
  0.52114008E-006
  0.52114012E-006
  0.52114017E-006
  0.52114022E-006
  0.52114028E-006
  0.52114034E-006
  0.52114040E-006
  0.52114046E-006
  0.52114052E-006
  0.52114059E-006
  0.52114066E-006
  0.52114073E-006
  0.52114080E-006
  0.52114088E-006
  0.52114095E-006
  0.52114103E-006
  0.52114111E-006
  0.52114119E-006
  0.52114127E-006
  0.52114135E-006
  0.52114143E-006
  0.52114151E-006
  0.52114159E-006
  0.52114167E-006
  0.52114175E-006
  0.52114183E-006
  0.52114191E-006
  0.52114198E-006
  0.52114206E-006
  0.52114214E-006
  0.52114221E-006
  0.52114228E-006
  0.52114235E-006
  0.52114242E-006
  0.52114249E-006
  0.52114255E-006
  0.52114261E-006
  0.52114267E-006
  0.52114274E-006
