  0.28939380E+000
  0.28934145E+000
  0.28940871E+000
  0.28943452E+000
  0.28945350E+000
  0.28946647E+000
  0.28947519E+000
  0.28948082E+000
  0.28948409E+000
  0.28948544E+000
  0.28948523E+000
  0.28948376E+000
  0.28948127E+000
  0.28947794E+000
  0.28947395E+000
  0.28946942E+000
  0.28946450E+000
  0.28945927E+000
  0.28945382E+000
  0.28944823E+000
  0.28944254E+000
  0.28943682E+000
  0.28943111E+000
  0.28942544E+000
  0.28941984E+000
  0.28941436E+000
  0.28940902E+000
  0.28940384E+000
  0.28939885E+000
  0.28939406E+000
  0.28938952E+000
  0.28938522E+000
  0.28938119E+000
  0.28937744E+000
  0.28937399E+000
  0.28937082E+000
  0.28936796E+000
  0.28936538E+000
  0.28936310E+000
  0.28936108E+000
  0.28935932E+000
  0.28935779E+000
  0.28935647E+000
  0.28935534E+000
  0.28935436E+000
  0.28935351E+000
  0.28935276E+000
  0.28935208E+000
  0.28935145E+000
  0.28935085E+000
  0.28935026E+000
  0.28934965E+000
  0.28934902E+000
  0.28934836E+000
  0.28934765E+000
  0.28934688E+000
  0.28934606E+000
  0.28934518E+000
  0.28934423E+000
  0.28934322E+000
  0.28934214E+000
  0.28934101E+000
  0.28933981E+000
  0.28933856E+000
  0.28933727E+000
  0.28933592E+000
  0.28933454E+000
  0.28933313E+000
  0.28933169E+000
  0.28933023E+000
  0.28932877E+000
  0.28932730E+000
  0.28932583E+000
  0.28932438E+000
  0.28932295E+000
  0.28932154E+000
  0.28932017E+000
  0.28931884E+000
  0.28931756E+000
  0.28931633E+000
  0.28931516E+000
  0.28931405E+000
  0.28931302E+000
  0.28931205E+000
  0.28931116E+000
  0.28931035E+000
  0.28930961E+000
  0.28930895E+000
  0.28930838E+000
  0.28930788E+000
  0.28930746E+000
  0.28930712E+000
  0.28930685E+000
  0.28930665E+000
  0.28930652E+000
  0.28930646E+000
  0.28930645E+000
  0.28930651E+000
  0.28930662E+000
  0.28930678E+000
  0.28930698E+000
  0.28930722E+000
  0.28930749E+000
  0.28930780E+000
  0.28930813E+000
  0.28930849E+000
  0.28930886E+000
  0.28930924E+000
  0.28930964E+000
  0.28931004E+000
  0.28931044E+000
  0.28931085E+000
  0.28931125E+000
  0.28931165E+000
  0.28931204E+000
  0.28931242E+000
  0.28931279E+000
  0.28931314E+000
  0.28931349E+000
  0.28931382E+000
  0.28931413E+000
  0.28931443E+000
  0.28931471E+000
  0.28931497E+000
  0.28931522E+000
  0.28931546E+000
  0.28931567E+000
  0.28931587E+000
  0.28931606E+000
  0.28931623E+000
  0.28931639E+000
  0.28931653E+000
  0.28931666E+000
  0.28931678E+000
  0.28931688E+000
  0.28931698E+000
  0.28931707E+000
  0.28931714E+000
  0.28931721E+000
  0.28931727E+000
  0.28931733E+000
  0.28931737E+000
  0.28931742E+000
  0.28931745E+000
  0.28931749E+000
  0.28931752E+000
  0.28931754E+000
  0.28931757E+000
  0.28931759E+000
  0.28931761E+000
  0.28931763E+000
  0.28931765E+000
  0.28931767E+000
  0.28931768E+000
  0.28931770E+000
  0.28931772E+000
  0.28931774E+000
  0.28931776E+000
  0.28931778E+000
  0.28931780E+000
  0.28931783E+000
  0.28931785E+000
  0.28931788E+000
  0.28931790E+000
  0.28931793E+000
  0.28931796E+000
  0.28931800E+000
  0.28931803E+000
  0.28931806E+000
  0.28931810E+000
  0.28931814E+000
  0.28931817E+000
  0.28931821E+000
  0.28931825E+000
  0.28931830E+000
  0.28931834E+000
  0.28931838E+000
  0.28931842E+000
  0.28931847E+000
  0.28931851E+000
  0.28931856E+000
  0.28931860E+000
  0.28931865E+000
  0.28931869E+000
  0.28931874E+000
  0.28931878E+000
  0.28931882E+000
  0.28931887E+000
  0.28931891E+000
  0.28931895E+000
  0.28931900E+000
  0.28931904E+000
  0.28931908E+000
  0.28931912E+000
  0.28931915E+000
  0.28931919E+000
  0.28931922E+000
  0.28931926E+000
  0.28931929E+000
  0.28931933E+000
