  0.23364842E+000
  0.22921908E+000
  0.23487615E+000
  0.23484175E+000
  0.23506742E+000
  0.23513735E+000
  0.23512385E+000
  0.23507862E+000
  0.23503103E+000
  0.23498480E+000
  0.23494139E+000
  0.23490267E+000
  0.23487335E+000
  0.23484950E+000
  0.23482826E+000
  0.23480998E+000
  0.23479510E+000
  0.23478283E+000
  0.23477311E+000
  0.23476571E+000
  0.23475988E+000
  0.23475583E+000
  0.23475275E+000
  0.23475101E+000
  0.23474986E+000
  0.23474925E+000
  0.23474862E+000
  0.23474842E+000
  0.23474814E+000
  0.23474742E+000
  0.23474655E+000
  0.23474532E+000
  0.23474349E+000
  0.23474134E+000
  0.23473866E+000
  0.23473539E+000
  0.23473158E+000
  0.23472724E+000
  0.23472250E+000
  0.23471712E+000
  0.23471131E+000
  0.23470504E+000
  0.23469836E+000
  0.23469115E+000
  0.23468365E+000
  0.23467564E+000
  0.23466728E+000
  0.23465853E+000
  0.23464932E+000
  0.23463975E+000
  0.23462974E+000
  0.23461929E+000
  0.23460843E+000
  0.23459704E+000
  0.23458524E+000
  0.23457294E+000
  0.23456014E+000
  0.23454687E+000
  0.23453309E+000
  0.23451882E+000
  0.23450405E+000
  0.23448880E+000
  0.23447306E+000
  0.23445686E+000
  0.23444019E+000
  0.23442308E+000
  0.23440553E+000
  0.23438759E+000
  0.23436925E+000
  0.23435056E+000
  0.23433153E+000
  0.23431222E+000
  0.23429265E+000
  0.23427284E+000
  0.23425286E+000
  0.23423273E+000
  0.23421251E+000
  0.23419223E+000
  0.23417196E+000
  0.23415173E+000
  0.23413162E+000
  0.23411166E+000
  0.23409191E+000
  0.23407243E+000
  0.23405325E+000
  0.23403442E+000
  0.23401600E+000
  0.23399801E+000
  0.23398052E+000
  0.23396356E+000
  0.23394717E+000
  0.23393137E+000
  0.23391618E+000
  0.23390164E+000
  0.23388774E+000
  0.23387451E+000
  0.23386196E+000
  0.23385009E+000
  0.23383891E+000
  0.23382840E+000
  0.23381855E+000
  0.23380937E+000
  0.23380082E+000
  0.23379290E+000
  0.23378557E+000
  0.23377883E+000
  0.23377264E+000
  0.23376698E+000
  0.23376182E+000
  0.23375714E+000
  0.23375290E+000
  0.23374908E+000
  0.23374564E+000
  0.23374257E+000
  0.23373983E+000
  0.23373740E+000
  0.23373525E+000
  0.23373336E+000
  0.23373171E+000
  0.23373026E+000
  0.23372901E+000
  0.23372794E+000
  0.23372701E+000
  0.23372623E+000
  0.23372557E+000
  0.23372502E+000
  0.23372457E+000
  0.23372421E+000
  0.23372392E+000
  0.23372369E+000
  0.23372352E+000
  0.23372341E+000
  0.23372333E+000
  0.23372330E+000
  0.23372329E+000
  0.23372331E+000
  0.23372336E+000
  0.23372342E+000
  0.23372350E+000
  0.23372359E+000
  0.23372369E+000
  0.23372380E+000
  0.23372391E+000
  0.23372402E+000
  0.23372414E+000
  0.23372426E+000
  0.23372438E+000
  0.23372449E+000
  0.23372461E+000
  0.23372472E+000
  0.23372482E+000
  0.23372492E+000
  0.23372501E+000
  0.23372510E+000
  0.23372518E+000
  0.23372525E+000
  0.23372532E+000
  0.23372538E+000
  0.23372543E+000
  0.23372547E+000
  0.23372551E+000
  0.23372553E+000
  0.23372556E+000
  0.23372557E+000
  0.23372558E+000
  0.23372557E+000
  0.23372557E+000
  0.23372555E+000
  0.23372553E+000
  0.23372551E+000
  0.23372547E+000
  0.23372543E+000
  0.23372539E+000
  0.23372534E+000
  0.23372529E+000
  0.23372523E+000
  0.23372517E+000
  0.23372511E+000
  0.23372504E+000
  0.23372497E+000
  0.23372489E+000
  0.23372482E+000
  0.23372474E+000
  0.23372466E+000
  0.23372458E+000
  0.23372450E+000
  0.23372442E+000
  0.23372433E+000
  0.23372425E+000
  0.23372416E+000
  0.23372407E+000
  0.23372398E+000
  0.23372389E+000
  0.23372380E+000
  0.23372370E+000
  0.23372361E+000
  0.23372350E+000
  0.23372339E+000
  0.23372340E+000
  0.23372275E+000
