  0.52304222E+000
  0.51856053E+000
  0.52428486E+000
  0.52427627E+000
  0.52452092E+000
  0.52460382E+000
  0.52459904E+000
  0.52455944E+000
  0.52451511E+000
  0.52447023E+000
  0.52442663E+000
  0.52438644E+000
  0.52435462E+000
  0.52432745E+000
  0.52430220E+000
  0.52427940E+000
  0.52425959E+000
  0.52424210E+000
  0.52422693E+000
  0.52421393E+000
  0.52420242E+000
  0.52419265E+000
  0.52418385E+000
  0.52417645E+000
  0.52416970E+000
  0.52416361E+000
  0.52415763E+000
  0.52415226E+000
  0.52414699E+000
  0.52414148E+000
  0.52413606E+000
  0.52413054E+000
  0.52412468E+000
  0.52411879E+000
  0.52411264E+000
  0.52410621E+000
  0.52409954E+000
  0.52409262E+000
  0.52408559E+000
  0.52407820E+000
  0.52407063E+000
  0.52406283E+000
  0.52405483E+000
  0.52404648E+000
  0.52403801E+000
  0.52402914E+000
  0.52402004E+000
  0.52401061E+000
  0.52400077E+000
  0.52399060E+000
  0.52398000E+000
  0.52396894E+000
  0.52395745E+000
  0.52394540E+000
  0.52393289E+000
  0.52391983E+000
  0.52390620E+000
  0.52389204E+000
  0.52387732E+000
  0.52386204E+000
  0.52384619E+000
  0.52382981E+000
  0.52381287E+000
  0.52379542E+000
  0.52377745E+000
  0.52375900E+000
  0.52374008E+000
  0.52372072E+000
  0.52370094E+000
  0.52368079E+000
  0.52366030E+000
  0.52363952E+000
  0.52361848E+000
  0.52359722E+000
  0.52357581E+000
  0.52355427E+000
  0.52353268E+000
  0.52351107E+000
  0.52348952E+000
  0.52346806E+000
  0.52344678E+000
  0.52342571E+000
  0.52340493E+000
  0.52338448E+000
  0.52336441E+000
  0.52334477E+000
  0.52332561E+000
  0.52330696E+000
  0.52328889E+000
  0.52327144E+000
  0.52325462E+000
  0.52323848E+000
  0.52322303E+000
  0.52320829E+000
  0.52319426E+000
  0.52318097E+000
  0.52316841E+000
  0.52315660E+000
  0.52314553E+000
  0.52313517E+000
  0.52312553E+000
  0.52311659E+000
  0.52310831E+000
  0.52310070E+000
  0.52309370E+000
  0.52308731E+000
  0.52308150E+000
  0.52307622E+000
  0.52307146E+000
  0.52306718E+000
  0.52306334E+000
  0.52305992E+000
  0.52305689E+000
  0.52305422E+000
  0.52305187E+000
  0.52304982E+000
  0.52304804E+000
  0.52304651E+000
  0.52304520E+000
  0.52304408E+000
  0.52304314E+000
  0.52304236E+000
  0.52304172E+000
  0.52304121E+000
  0.52304080E+000
  0.52304048E+000
  0.52304024E+000
  0.52304008E+000
  0.52303997E+000
  0.52303992E+000
  0.52303991E+000
  0.52303993E+000
  0.52303999E+000
  0.52304007E+000
  0.52304017E+000
  0.52304029E+000
  0.52304042E+000
  0.52304056E+000
  0.52304071E+000
  0.52304086E+000
  0.52304101E+000
  0.52304117E+000
  0.52304133E+000
  0.52304148E+000
  0.52304163E+000
  0.52304178E+000
  0.52304192E+000
  0.52304206E+000
  0.52304220E+000
  0.52304233E+000
  0.52304245E+000
  0.52304257E+000
  0.52304268E+000
  0.52304278E+000
  0.52304288E+000
  0.52304297E+000
  0.52304306E+000
  0.52304314E+000
  0.52304321E+000
  0.52304327E+000
  0.52304333E+000
  0.52304339E+000
  0.52304343E+000
  0.52304347E+000
  0.52304351E+000
  0.52304354E+000
  0.52304356E+000
  0.52304358E+000
  0.52304359E+000
  0.52304360E+000
  0.52304361E+000
  0.52304361E+000
  0.52304360E+000
  0.52304360E+000
  0.52304358E+000
  0.52304357E+000
  0.52304355E+000
  0.52304353E+000
  0.52304351E+000
  0.52304348E+000
  0.52304345E+000
  0.52304342E+000
  0.52304339E+000
  0.52304335E+000
  0.52304332E+000
  0.52304328E+000
  0.52304324E+000
  0.52304320E+000
  0.52304316E+000
  0.52304311E+000
  0.52304307E+000
  0.52304302E+000
  0.52304297E+000
  0.52304292E+000
  0.52304286E+000
  0.52304279E+000
  0.52304273E+000
  0.52304265E+000
  0.52304269E+000
  0.52304207E+000
