  0.43323990E+000
  0.43244836E+000
  0.43212476E+000
  0.43184218E+000
  0.43161989E+000
  0.43143949E+000
  0.43128939E+000
  0.43116747E+000
  0.43106423E+000
  0.43097658E+000
  0.43090391E+000
  0.43084541E+000
  0.43079427E+000
  0.43075316E+000
  0.43071695E+000
  0.43068764E+000
  0.43066141E+000
  0.43064145E+000
  0.43062544E+000
  0.43061057E+000
  0.43060017E+000
  0.43059168E+000
  0.43058359E+000
  0.43057671E+000
  0.43057323E+000
  0.43056738E+000
  0.43056639E+000
  0.43056385E+000
  0.43056233E+000
  0.43056156E+000
  0.43056063E+000
  0.43056126E+000
  0.43056003E+000
  0.43056096E+000
  0.43056133E+000
  0.43056166E+000
  0.43056198E+000
  0.43056260E+000
  0.43056443E+000
  0.43056427E+000
  0.43056505E+000
  0.43056748E+000
  0.43056788E+000
  0.43056894E+000
  0.43057126E+000
  0.43057263E+000
  0.43057278E+000
  0.43057427E+000
  0.43057685E+000
  0.43057724E+000
  0.43057851E+000
  0.43057963E+000
  0.43058055E+000
  0.43058151E+000
  0.43058191E+000
  0.43058218E+000
  0.43058443E+000
  0.43058627E+000
  0.43058684E+000
  0.43058823E+000
  0.43058963E+000
  0.43058904E+000
  0.43058996E+000
  0.43059118E+000
  0.43059299E+000
  0.43059335E+000
  0.43059462E+000
  0.43059553E+000
  0.43059799E+000
  0.43059983E+000
  0.43059803E+000
  0.43060017E+000
  0.43060130E+000
  0.43060145E+000
  0.43060223E+000
  0.43060198E+000
  0.43060238E+000
  0.43060387E+000
  0.43060307E+000
  0.43060369E+000
  0.43060350E+000
  0.43060350E+000
  0.43060391E+000
  0.43060253E+000
  0.43060250E+000
  0.43060341E+000
  0.43060335E+000
  0.43060309E+000
  0.43060299E+000
  0.43060476E+000
  0.43060471E+000
  0.43060408E+000
  0.43060369E+000
  0.43060389E+000
  0.43060336E+000
  0.43060310E+000
  0.43060236E+000
  0.43060229E+000
  0.43060269E+000
  0.43060231E+000
  0.43060205E+000
  0.43060181E+000
  0.43060156E+000
  0.43060137E+000
  0.43060105E+000
  0.43060036E+000
  0.43059978E+000
  0.43059950E+000
  0.43059961E+000
  0.43059945E+000
  0.43059930E+000
  0.43059887E+000
  0.43059921E+000
  0.43059938E+000
  0.43059916E+000
  0.43059994E+000
  0.43059984E+000
  0.43059977E+000
  0.43059965E+000
  0.43059955E+000
  0.43059946E+000
  0.43059935E+000
  0.43059925E+000
  0.43059915E+000
  0.43059906E+000
  0.43059897E+000
  0.43059887E+000
  0.43059877E+000
  0.43059868E+000
  0.43059858E+000
  0.43059849E+000
  0.43059839E+000
  0.43059831E+000
  0.43059822E+000
  0.43059814E+000
  0.43059806E+000
  0.43059795E+000
  0.43059788E+000
  0.43059780E+000
  0.43059771E+000
  0.43059764E+000
  0.43059669E+000
  0.43059660E+000
  0.43059654E+000
  0.43059647E+000
  0.43059641E+000
  0.43059635E+000
  0.43059630E+000
  0.43059624E+000
  0.43059619E+000
  0.43059614E+000
  0.43059610E+000
  0.43059605E+000
  0.43059603E+000
  0.43059599E+000
  0.43059594E+000
  0.43059590E+000
  0.43059587E+000
  0.43059583E+000
  0.43059580E+000
  0.43059577E+000
  0.43059574E+000
  0.43059571E+000
  0.43059569E+000
  0.43059567E+000
  0.43059564E+000
  0.43059562E+000
  0.43059560E+000
  0.43059559E+000
  0.43059558E+000
  0.43059556E+000
  0.43059555E+000
  0.43059554E+000
  0.43059554E+000
  0.43059551E+000
  0.43059550E+000
  0.43059550E+000
  0.43059549E+000
  0.43059549E+000
  0.43059549E+000
  0.43059550E+000
  0.43059550E+000
  0.43059550E+000
  0.43059553E+000
  0.43059553E+000
  0.43059554E+000
  0.43059555E+000
  0.43059556E+000
  0.43059557E+000
  0.43059558E+000
  0.43059559E+000
  0.43059560E+000
  0.43059561E+000
  0.43059563E+000
  0.43059565E+000
  0.43059566E+000
  0.43059568E+000
  0.43059571E+000
  0.43059573E+000
  0.43059664E+000
