  0.91292799E+000
  0.91292931E+000
  0.91293544E+000
  0.91294064E+000
  0.91294573E+000
  0.91295055E+000
  0.91295500E+000
  0.91295907E+000
  0.91296276E+000
  0.91296609E+000
  0.91296907E+000
  0.91297173E+000
  0.91297410E+000
  0.91297619E+000
  0.91297804E+000
  0.91297967E+000
  0.91298110E+000
  0.91298235E+000
  0.91298344E+000
  0.91298439E+000
  0.91298521E+000
  0.91298591E+000
  0.91298652E+000
  0.91298704E+000
  0.91298748E+000
  0.91298785E+000
  0.91298815E+000
  0.91298841E+000
  0.91298862E+000
  0.91298878E+000
  0.91298891E+000
  0.91298901E+000
  0.91298907E+000
  0.91298911E+000
  0.91298912E+000
  0.91298911E+000
  0.91298907E+000
  0.91298901E+000
  0.91298893E+000
  0.91298882E+000
  0.91298868E+000
  0.91298851E+000
  0.91298831E+000
  0.91298807E+000
  0.91298780E+000
  0.91298748E+000
  0.91298712E+000
  0.91298672E+000
  0.91298627E+000
  0.91298577E+000
  0.91298522E+000
  0.91298461E+000
  0.91298395E+000
  0.91298323E+000
  0.91298246E+000
  0.91298164E+000
  0.91298075E+000
  0.91297982E+000
  0.91297883E+000
  0.91297778E+000
  0.91297668E+000
  0.91297554E+000
  0.91297434E+000
  0.91297310E+000
  0.91297181E+000
  0.91297048E+000
  0.91296912E+000
  0.91296772E+000
  0.91296628E+000
  0.91296482E+000
  0.91296333E+000
  0.91296182E+000
  0.91296030E+000
  0.91295876E+000
  0.91295721E+000
  0.91295566E+000
  0.91295410E+000
  0.91295255E+000
  0.91295101E+000
  0.91294948E+000
  0.91294796E+000
  0.91294646E+000
  0.91294498E+000
  0.91294353E+000
  0.91294211E+000
  0.91294072E+000
  0.91293936E+000
  0.91293805E+000
  0.91293677E+000
  0.91293553E+000
  0.91293433E+000
  0.91293318E+000
  0.91293207E+000
  0.91293101E+000
  0.91292999E+000
  0.91292902E+000
  0.91292810E+000
  0.91292722E+000
  0.91292639E+000
  0.91292561E+000
  0.91292486E+000
  0.91292416E+000
  0.91292350E+000
  0.91292289E+000
  0.91292231E+000
  0.91292176E+000
  0.91292125E+000
  0.91292078E+000
  0.91292034E+000
  0.91291993E+000
  0.91291954E+000
  0.91291919E+000
  0.91291885E+000
  0.91291854E+000
  0.91291826E+000
  0.91291799E+000
  0.91291774E+000
  0.91291751E+000
  0.91291730E+000
  0.91291710E+000
  0.91291691E+000
  0.91291674E+000
  0.91291658E+000
  0.91291642E+000
  0.91291628E+000
  0.91291614E+000
  0.91291602E+000
  0.91291590E+000
  0.91291579E+000
  0.91291568E+000
  0.91291558E+000
  0.91291548E+000
  0.91291539E+000
  0.91291530E+000
  0.91291521E+000
  0.91291513E+000
  0.91291505E+000
  0.91291498E+000
  0.91291491E+000
  0.91291484E+000
  0.91291477E+000
  0.91291471E+000
  0.91291465E+000
  0.91291459E+000
  0.91291453E+000
  0.91291447E+000
  0.91291442E+000
  0.91291437E+000
  0.91291432E+000
  0.91291427E+000
  0.91291423E+000
  0.91291418E+000
  0.91291414E+000
  0.91291410E+000
  0.91291407E+000
  0.91291403E+000
  0.91291400E+000
  0.91291397E+000
  0.91291394E+000
  0.91291391E+000
  0.91291388E+000
  0.91291386E+000
  0.91291384E+000
  0.91291382E+000
  0.91291381E+000
  0.91291379E+000
  0.91291378E+000
  0.91291377E+000
  0.91291376E+000
  0.91291375E+000
  0.91291375E+000
  0.91291375E+000
  0.91291374E+000
  0.91291375E+000
  0.91291375E+000
  0.91291375E+000
  0.91291376E+000
  0.91291376E+000
  0.91291377E+000
  0.91291378E+000
  0.91291379E+000
  0.91291380E+000
  0.91291382E+000
  0.91291383E+000
  0.91291385E+000
  0.91291386E+000
  0.91291388E+000
  0.91291390E+000
  0.91291392E+000
  0.91291393E+000
  0.91291395E+000
  0.91291397E+000
  0.91291399E+000
  0.91291401E+000
  0.91291403E+000
  0.91291405E+000
  0.91291406E+000
  0.91291408E+000
  0.91291409E+000
  0.91291409E+000
