  0.93159550E+000
  0.93168568E+000
  0.93179901E+000
  0.93186555E+000
  0.93192762E+000
  0.93198510E+000
  0.93203777E+000
  0.93208558E+000
  0.93212868E+000
  0.93216731E+000
  0.93220179E+000
  0.93223243E+000
  0.93225954E+000
  0.93228341E+000
  0.93230436E+000
  0.93232268E+000
  0.93233864E+000
  0.93235246E+000
  0.93236438E+000
  0.93237459E+000
  0.93238325E+000
  0.93239054E+000
  0.93239659E+000
  0.93240153E+000
  0.93240547E+000
  0.93240849E+000
  0.93241069E+000
  0.93241215E+000
  0.93241293E+000
  0.93241308E+000
  0.93241265E+000
  0.93241169E+000
  0.93241021E+000
  0.93240827E+000
  0.93240586E+000
  0.93240302E+000
  0.93239975E+000
  0.93239605E+000
  0.93239193E+000
  0.93238738E+000
  0.93238241E+000
  0.93237699E+000
  0.93237114E+000
  0.93236482E+000
  0.93235803E+000
  0.93235076E+000
  0.93234300E+000
  0.93233472E+000
  0.93232593E+000
  0.93231661E+000
  0.93230676E+000
  0.93229638E+000
  0.93228546E+000
  0.93227400E+000
  0.93226201E+000
  0.93224951E+000
  0.93223649E+000
  0.93222299E+000
  0.93220901E+000
  0.93219458E+000
  0.93217972E+000
  0.93216447E+000
  0.93214884E+000
  0.93213288E+000
  0.93211661E+000
  0.93210007E+000
  0.93208330E+000
  0.93206634E+000
  0.93204923E+000
  0.93203201E+000
  0.93201472E+000
  0.93199741E+000
  0.93198012E+000
  0.93196289E+000
  0.93194576E+000
  0.93192878E+000
  0.93191199E+000
  0.93189543E+000
  0.93187913E+000
  0.93186315E+000
  0.93184750E+000
  0.93183223E+000
  0.93181737E+000
  0.93180294E+000
  0.93178897E+000
  0.93177549E+000
  0.93176251E+000
  0.93175006E+000
  0.93173814E+000
  0.93172677E+000
  0.93171595E+000
  0.93170569E+000
  0.93169599E+000
  0.93168685E+000
  0.93167826E+000
  0.93167022E+000
  0.93166271E+000
  0.93165573E+000
  0.93164926E+000
  0.93164328E+000
  0.93163777E+000
  0.93163273E+000
  0.93162811E+000
  0.93162391E+000
  0.93162011E+000
  0.93161667E+000
  0.93161357E+000
  0.93161080E+000
  0.93160834E+000
  0.93160615E+000
  0.93160421E+000
  0.93160251E+000
  0.93160103E+000
  0.93159974E+000
  0.93159863E+000
  0.93159768E+000
  0.93159688E+000
  0.93159620E+000
  0.93159563E+000
  0.93159517E+000
  0.93159480E+000
  0.93159450E+000
  0.93159428E+000
  0.93159411E+000
  0.93159400E+000
  0.93159392E+000
  0.93159389E+000
  0.93159389E+000
  0.93159391E+000
  0.93159396E+000
  0.93159403E+000
  0.93159411E+000
  0.93159420E+000
  0.93159431E+000
  0.93159442E+000
  0.93159453E+000
  0.93159465E+000
  0.93159478E+000
  0.93159490E+000
  0.93159502E+000
  0.93159515E+000
  0.93159527E+000
  0.93159539E+000
  0.93159551E+000
  0.93159562E+000
  0.93159573E+000
  0.93159584E+000
  0.93159594E+000
  0.93159604E+000
  0.93159613E+000
  0.93159622E+000
  0.93159631E+000
  0.93159639E+000
  0.93159646E+000
  0.93159653E+000
  0.93159659E+000
  0.93159665E+000
  0.93159671E+000
  0.93159676E+000
  0.93159680E+000
  0.93159684E+000
  0.93159687E+000
  0.93159690E+000
  0.93159693E+000
  0.93159695E+000
  0.93159696E+000
  0.93159697E+000
  0.93159698E+000
  0.93159698E+000
  0.93159698E+000
  0.93159698E+000
  0.93159697E+000
  0.93159696E+000
  0.93159694E+000
  0.93159692E+000
  0.93159690E+000
  0.93159688E+000
  0.93159686E+000
  0.93159683E+000
  0.93159680E+000
  0.93159677E+000
  0.93159673E+000
  0.93159670E+000
  0.93159666E+000
  0.93159662E+000
  0.93159658E+000
  0.93159654E+000
  0.93159650E+000
  0.93159646E+000
  0.93159641E+000
  0.93159636E+000
  0.93159631E+000
  0.93159626E+000
  0.93159620E+000
  0.93159613E+000
  0.93159606E+000
  0.93159596E+000
  0.93159585E+000
  0.93159570E+000
  0.93159543E+000
