  0.35353461E+000
  0.35366276E+000
  0.35374306E+000
  0.35382768E+000
  0.35389759E+000
  0.35395662E+000
  0.35400447E+000
  0.35404594E+000
  0.35408136E+000
  0.35411116E+000
  0.35413317E+000
  0.35415367E+000
  0.35416922E+000
  0.35418332E+000
  0.35419409E+000
  0.35420354E+000
  0.35421090E+000
  0.35421762E+000
  0.35422263E+000
  0.35422680E+000
  0.35422964E+000
  0.35423150E+000
  0.35423321E+000
  0.35423375E+000
  0.35423414E+000
  0.35423428E+000
  0.35423374E+000
  0.35423432E+000
  0.35423334E+000
  0.35423287E+000
  0.35423176E+000
  0.35423103E+000
  0.35423014E+000
  0.35422838E+000
  0.35422682E+000
  0.35422527E+000
  0.35422368E+000
  0.35422184E+000
  0.35422046E+000
  0.35421850E+000
  0.35421671E+000
  0.35421487E+000
  0.35421240E+000
  0.35421059E+000
  0.35420817E+000
  0.35420658E+000
  0.35420466E+000
  0.35420314E+000
  0.35420137E+000
  0.35419999E+000
  0.35419819E+000
  0.35419644E+000
  0.35419453E+000
  0.35419283E+000
  0.35419110E+000
  0.35418925E+000
  0.35418747E+000
  0.35418764E+000
  0.35418604E+000
  0.35418461E+000
  0.35418347E+000
  0.35418198E+000
  0.35418071E+000
  0.35417871E+000
  0.35417745E+000
  0.35417655E+000
  0.35417813E+000
  0.35417745E+000
  0.35417385E+000
  0.35417303E+000
  0.35417402E+000
  0.35417181E+000
  0.35417136E+000
  0.35417110E+000
  0.35417096E+000
  0.35417098E+000
  0.35417232E+000
  0.35417293E+000
  0.35417278E+000
  0.35417250E+000
  0.35417224E+000
  0.35417173E+000
  0.35417184E+000
  0.35417057E+000
  0.35417059E+000
  0.35417111E+000
  0.35417119E+000
  0.35417173E+000
  0.35417194E+000
  0.35417204E+000
  0.35417246E+000
  0.35417106E+000
  0.35417092E+000
  0.35417155E+000
  0.35417134E+000
  0.35417113E+000
  0.35417144E+000
  0.35417131E+000
  0.35417123E+000
  0.35417148E+000
  0.35417148E+000
  0.35417203E+000
  0.35417207E+000
  0.35417204E+000
  0.35417214E+000
  0.35417213E+000
  0.35417215E+000
  0.35417234E+000
  0.35417246E+000
  0.35417240E+000
  0.35417232E+000
  0.35417225E+000
  0.35417220E+000
  0.35417212E+000
  0.35417204E+000
  0.35417198E+000
  0.35417195E+000
  0.35417187E+000
  0.35417178E+000
  0.35417171E+000
  0.35417163E+000
  0.35417155E+000
  0.35417148E+000
  0.35417140E+000
  0.35417132E+000
  0.35417125E+000
  0.35417117E+000
  0.35417110E+000
  0.35417102E+000
  0.35417095E+000
  0.35417083E+000
  0.35417077E+000
  0.35417070E+000
  0.35417063E+000
  0.35417057E+000
  0.35417050E+000
  0.35417043E+000
  0.35417037E+000
  0.35417031E+000
  0.35417025E+000
  0.35417019E+000
  0.35417013E+000
  0.35417006E+000
  0.35417001E+000
  0.35416995E+000
  0.35416990E+000
  0.35416985E+000
  0.35416980E+000
  0.35416975E+000
  0.35416970E+000
  0.35416966E+000
  0.35416961E+000
  0.35416956E+000
  0.35416952E+000
  0.35416948E+000
  0.35416943E+000
  0.35416939E+000
  0.35416936E+000
  0.35416932E+000
  0.35416929E+000
  0.35416925E+000
  0.35416922E+000
  0.35416919E+000
  0.35416917E+000
  0.35416914E+000
  0.35416912E+000
  0.35416909E+000
  0.35416907E+000
  0.35416905E+000
  0.35416903E+000
  0.35416902E+000
  0.35416900E+000
  0.35416899E+000
  0.35416897E+000
  0.35416896E+000
  0.35416895E+000
  0.35416895E+000
  0.35416895E+000
  0.35416894E+000
  0.35416894E+000
  0.35416893E+000
  0.35416893E+000
  0.35416893E+000
  0.35416893E+000
  0.35416893E+000
  0.35416894E+000
  0.35416894E+000
  0.35416894E+000
  0.35416894E+000
  0.35416895E+000
  0.35416895E+000
  0.35416896E+000
  0.35416896E+000
  0.35416897E+000
  0.35416898E+000
  0.35416899E+000
  0.35416899E+000
  0.35416898E+000
  0.35416899E+000
  0.35416902E+000
