  0.12470830E+001
  0.12431322E+001
  0.12414227E+001
  0.12399795E+001
  0.12388282E+001
  0.12378840E+001
  0.12370991E+001
  0.12364425E+001
  0.12358917E+001
  0.12354286E+001
  0.12350382E+001
  0.12347086E+001
  0.12344305E+001
  0.12341953E+001
  0.12339961E+001
  0.12338271E+001
  0.12336839E+001
  0.12335623E+001
  0.12334590E+001
  0.12333713E+001
  0.12332968E+001
  0.12332335E+001
  0.12331796E+001
  0.12331338E+001
  0.12330949E+001
  0.12330617E+001
  0.12330334E+001
  0.12330091E+001
  0.12329883E+001
  0.12329704E+001
  0.12329548E+001
  0.12329412E+001
  0.12329292E+001
  0.12329186E+001
  0.12329091E+001
  0.12329005E+001
  0.12328927E+001
  0.12328855E+001
  0.12328788E+001
  0.12328727E+001
  0.12328670E+001
  0.12328616E+001
  0.12328567E+001
  0.12328521E+001
  0.12328479E+001
  0.12328440E+001
  0.12328406E+001
  0.12328375E+001
  0.12328349E+001
  0.12328327E+001
  0.12328309E+001
  0.12328296E+001
  0.12328289E+001
  0.12328286E+001
  0.12328288E+001
  0.12328296E+001
  0.12328309E+001
  0.12328327E+001
  0.12328351E+001
  0.12328380E+001
  0.12328415E+001
  0.12328454E+001
  0.12328499E+001
  0.12328549E+001
  0.12328603E+001
  0.12328662E+001
  0.12328726E+001
  0.12328793E+001
  0.12328864E+001
  0.12328939E+001
  0.12329017E+001
  0.12329097E+001
  0.12329180E+001
  0.12329265E+001
  0.12329352E+001
  0.12329440E+001
  0.12329529E+001
  0.12329618E+001
  0.12329708E+001
  0.12329798E+001
  0.12329887E+001
  0.12329975E+001
  0.12330061E+001
  0.12330147E+001
  0.12330230E+001
  0.12330311E+001
  0.12330390E+001
  0.12330467E+001
  0.12330541E+001
  0.12330611E+001
  0.12330679E+001
  0.12330744E+001
  0.12330806E+001
  0.12330864E+001
  0.12330919E+001
  0.12330970E+001
  0.12331019E+001
  0.12331064E+001
  0.12331106E+001
  0.12331145E+001
  0.12331181E+001
  0.12331214E+001
  0.12331244E+001
  0.12331272E+001
  0.12331297E+001
  0.12331320E+001
  0.12331340E+001
  0.12331359E+001
  0.12331375E+001
  0.12331390E+001
  0.12331403E+001
  0.12331414E+001
  0.12331424E+001
  0.12331433E+001
  0.12331441E+001
  0.12331447E+001
  0.12331453E+001
  0.12331458E+001
  0.12331462E+001
  0.12331465E+001
  0.12331468E+001
  0.12331470E+001
  0.12331472E+001
  0.12331473E+001
  0.12331474E+001
  0.12331475E+001
  0.12331475E+001
  0.12331475E+001
  0.12331475E+001
  0.12331475E+001
  0.12331475E+001
  0.12331475E+001
  0.12331474E+001
  0.12331474E+001
  0.12331473E+001
  0.12331473E+001
  0.12331472E+001
  0.12331472E+001
  0.12331471E+001
  0.12331470E+001
  0.12331470E+001
  0.12331469E+001
  0.12331468E+001
  0.12331468E+001
  0.12331467E+001
  0.12331467E+001
  0.12331466E+001
  0.12331466E+001
  0.12331465E+001
  0.12331465E+001
  0.12331464E+001
  0.12331464E+001
  0.12331464E+001
  0.12331463E+001
  0.12331463E+001
  0.12331463E+001
  0.12331463E+001
  0.12331462E+001
  0.12331462E+001
  0.12331462E+001
  0.12331462E+001
  0.12331462E+001
  0.12331462E+001
  0.12331462E+001
  0.12331462E+001
  0.12331462E+001
  0.12331462E+001
  0.12331462E+001
  0.12331462E+001
  0.12331462E+001
  0.12331463E+001
  0.12331463E+001
  0.12331463E+001
  0.12331463E+001
  0.12331463E+001
  0.12331463E+001
  0.12331464E+001
  0.12331464E+001
  0.12331464E+001
  0.12331464E+001
  0.12331465E+001
  0.12331465E+001
  0.12331465E+001
  0.12331466E+001
  0.12331466E+001
  0.12331466E+001
  0.12331466E+001
  0.12331467E+001
  0.12331467E+001
  0.12331467E+001
  0.12331468E+001
  0.12331468E+001
  0.12331468E+001
  0.12331468E+001
  0.12331469E+001
  0.12331469E+001
  0.12331470E+001
  0.12331470E+001
  0.12331472E+001
  0.12331473E+001
