  0.00000000E+000  0.00000000E+000  0.00000000E+000  0.00000000E+000  0.00000000E+000  0.93278502E-001  0.19257091E+001  0.12484422E+002  0.31271459E+002  0.78598480E+002  0.15888162E+003
  0.00000000E+000  0.00000000E+000  0.00000000E+000  0.00000000E+000  0.00000000E+000  0.93362118E-001  0.19266525E+001  0.12490872E+002  0.31279562E+002  0.78634635E+002  0.15893196E+003
  0.00000000E+000  0.00000000E+000  0.00000000E+000  0.00000000E+000  0.00000000E+000  0.93427033E-001  0.19273437E+001  0.12495474E+002  0.31285152E+002  0.78658852E+002  0.15896545E+003
  0.00000000E+000  0.00000000E+000  0.00000000E+000  0.00000000E+000  0.00000000E+000  0.93480753E-001  0.19279111E+001  0.12499281E+002  0.31289699E+002  0.78678360E+002  0.15899246E+003
  0.00000000E+000  0.00000000E+000  0.00000000E+000  0.00000000E+000  0.00000000E+000  0.93524876E-001  0.19283733E+001  0.12502349E+002  0.31293393E+002  0.78694016E+002  0.15901418E+003
  0.00000000E+000  0.00000000E+000  0.00000000E+000  0.00000000E+000  0.00000000E+000  0.93561196E-001  0.19287510E+001  0.12504832E+002  0.31296391E+002  0.78706670E+002  0.15903178E+003
  0.00000000E+000  0.00000000E+000  0.00000000E+000  0.00000000E+000  0.00000000E+000  0.93591044E-001  0.19290593E+001  0.12506840E+002  0.31298801E+002  0.78716896E+002  0.15904606E+003
  0.00000000E+000  0.00000000E+000  0.00000000E+000  0.00000000E+000  0.00000000E+000  0.93615475E-001  0.19293092E+001  0.12508457E+002  0.31300730E+002  0.78725119E+002  0.15905761E+003
  0.00000000E+000  0.00000000E+000  0.00000000E+000  0.00000000E+000  0.00000000E+000  0.93635357E-001  0.19295102E+001  0.12509751E+002  0.31302268E+002  0.78731695E+002  0.15906689E+003
  0.00000000E+000  0.00000000E+000  0.00000000E+000  0.00000000E+000  0.00000000E+000  0.93651413E-001  0.19296704E+001  0.12510777E+002  0.31303484E+002  0.78736910E+002  0.15907430E+003
  0.00000000E+000  0.00000000E+000  0.00000000E+000  0.00000000E+000  0.00000000E+000  0.93664248E-001  0.19297967E+001  0.12511581E+002  0.31304433E+002  0.78740995E+002  0.15908014E+003
  0.00000000E+000  0.00000000E+000  0.00000000E+000  0.00000000E+000  0.00000000E+000  0.93674368E-001  0.19298945E+001  0.12512199E+002  0.31305161E+002  0.78744140E+002  0.15908468E+003
  0.00000000E+000  0.00000000E+000  0.00000000E+000  0.00000000E+000  0.00000000E+000  0.93682198E-001  0.19299684E+001  0.12512662E+002  0.31305704E+002  0.78746499E+002  0.15908813E+003
  0.00000000E+000  0.00000000E+000  0.00000000E+000  0.00000000E+000  0.00000000E+000  0.93688092E-001  0.19300222E+001  0.12512996E+002  0.31306093E+002  0.78748202E+002  0.15909066E+003
  0.00000000E+000  0.00000000E+000  0.00000000E+000  0.00000000E+000  0.00000000E+000  0.93692349E-001  0.19300590E+001  0.12513221E+002  0.31306354E+002  0.78749356E+002  0.15909242E+003
  0.00000000E+000  0.00000000E+000  0.00000000E+000  0.00000000E+000  0.00000000E+000  0.93695219E-001  0.19300817E+001  0.12513355E+002  0.31306506E+002  0.78750048E+002  0.15909355E+003
  0.00000000E+000  0.00000000E+000  0.00000000E+000  0.00000000E+000  0.00000000E+000  0.93696913E-001  0.19300922E+001  0.12513411E+002  0.31306568E+002  0.78750352E+002  0.15909412E+003
  0.00000000E+000  0.00000000E+000  0.00000000E+000  0.00000000E+000  0.00000000E+000  0.93697607E-001  0.19300926E+001  0.12513402E+002  0.31306556E+002  0.78750328E+002  0.15909424E+003
  0.00000000E+000  0.00000000E+000  0.00000000E+000  0.00000000E+000  0.00000000E+000  0.93697454E-001  0.19300842E+001  0.12513338E+002  0.31306480E+002  0.78750026E+002  0.15909396E+003
  0.00000000E+000  0.00000000E+000  0.00000000E+000  0.00000000E+000  0.00000000E+000  0.93696582E-001  0.19300685E+001  0.12513227E+002  0.31306351E+002  0.78749489E+002  0.15909335E+003
  0.00000000E+000  0.00000000E+000  0.00000000E+000  0.00000000E+000  0.00000000E+000  0.93695101E-001  0.19300465E+001  0.12513076E+002  0.31306177E+002  0.78748751E+002  0.15909247E+003
  0.00000000E+000  0.00000000E+000  0.00000000E+000  0.00000000E+000  0.00000000E+000  0.93693105E-001  0.19300190E+001  0.12512891E+002  0.31305964E+002  0.78747843E+002  0.15909134E+003
  0.00000000E+000  0.00000000E+000  0.00000000E+000  0.00000000E+000  0.00000000E+000  0.93690674E-001  0.19299869E+001  0.12512676E+002  0.31305719E+002  0.78746787E+002  0.15909000E+003
  0.00000000E+000  0.00000000E+000  0.00000000E+000  0.00000000E+000  0.00000000E+000  0.93687878E-001  0.19299508E+001  0.12512437E+002  0.31305445E+002  0.78745606E+002  0.15908849E+003
  0.00000000E+000  0.00000000E+000  0.00000000E+000  0.00000000E+000  0.00000000E+000  0.93684775E-001  0.19299112E+001  0.12512176E+002  0.31305147E+002  0.78744316E+002  0.15908683E+003
  0.00000000E+000  0.00000000E+000  0.00000000E+000  0.00000000E+000  0.00000000E+000  0.93681419E-001  0.19298685E+001  0.12511896E+002  0.31304827E+002  0.78742932E+002  0.15908504E+003
  0.00000000E+000  0.00000000E+000  0.00000000E+000  0.00000000E+000  0.00000000E+000  0.93677852E-001  0.19298233E+001  0.12511600E+002  0.31304490E+002  0.78741467E+002  0.15908314E+003
  0.00000000E+000  0.00000000E+000  0.00000000E+000  0.00000000E+000  0.00000000E+000  0.93674113E-001  0.19297757E+001  0.12511289E+002  0.31304137E+002  0.78739932E+002  0.15908114E+003
  0.00000000E+000  0.00000000E+000  0.00000000E+000  0.00000000E+000  0.00000000E+000  0.93670236E-001  0.19297261E+001  0.12510966E+002  0.31303770E+002  0.78738335E+002  0.15907905E+003
  0.00000000E+000  0.00000000E+000  0.00000000E+000  0.00000000E+000  0.00000000E+000  0.93666250E-001  0.19296747E+001  0.12510633E+002  0.31303391E+002  0.78736684E+002  0.15907690E+003
  0.00000000E+000  0.00000000E+000  0.00000000E+000  0.00000000E+000  0.00000000E+000  0.93662181E-001  0.19296217E+001  0.12510289E+002  0.31303001E+002  0.78734986E+002  0.15907468E+003
  0.00000000E+000  0.00000000E+000  0.00000000E+000  0.00000000E+000  0.00000000E+000  0.93658052E-001  0.19295674E+001  0.12509937E+002  0.31302602E+002  0.78733247E+002  0.15907240E+003
  0.00000000E+000  0.00000000E+000  0.00000000E+000  0.00000000E+000  0.00000000E+000  0.93653884E-001  0.19295117E+001  0.12509577E+002  0.31302194E+002  0.78731471E+002  0.15907008E+003
  0.00000000E+000  0.00000000E+000  0.00000000E+000  0.00000000E+000  0.00000000E+000  0.93649696E-001  0.19294550E+001  0.12509211E+002  0.31301780E+002  0.78729663E+002  0.15906772E+003
  0.00000000E+000  0.00000000E+000  0.00000000E+000  0.00000000E+000  0.00000000E+000  0.93645506E-001  0.19293973E+001  0.12508838E+002  0.31301359E+002  0.78727827E+002  0.15906532E+003
  0.00000000E+000  0.00000000E+000  0.00000000E+000  0.00000000E+000  0.00000000E+000  0.93641331E-001  0.19293388E+001  0.12508460E+002  0.31300933E+002  0.78725966E+002  0.15906290E+003
  0.00000000E+000  0.00000000E+000  0.00000000E+000  0.00000000E+000  0.00000000E+000  0.93637187E-001  0.19292795E+001  0.12508077E+002  0.31300501E+002  0.78724085E+002  0.15906045E+003
  0.00000000E+000  0.00000000E+000  0.00000000E+000  0.00000000E+000  0.00000000E+000  0.93633089E-001  0.19292197E+001  0.12507690E+002  0.31300066E+002  0.78722187E+002  0.15905798E+003
  0.00000000E+000  0.00000000E+000  0.00000000E+000  0.00000000E+000  0.00000000E+000  0.93629054E-001  0.19291593E+001  0.12507300E+002  0.31299628E+002  0.78720274E+002  0.15905550E+003
  0.00000000E+000  0.00000000E+000  0.00000000E+000  0.00000000E+000  0.00000000E+000  0.93625096E-001  0.19290985E+001  0.12506906E+002  0.31299188E+002  0.78718350E+002  0.15905300E+003
  0.00000000E+000  0.00000000E+000  0.00000000E+000  0.00000000E+000  0.00000000E+000  0.93621231E-001  0.19290374E+001  0.12506510E+002  0.31298746E+002  0.78716419E+002  0.15905051E+003
  0.00000000E+000  0.00000000E+000  0.00000000E+000  0.00000000E+000  0.00000000E+000  0.93617474E-001  0.19289762E+001  0.12506113E+002  0.31298304E+002  0.78714484E+002  0.15904801E+003
  0.00000000E+000  0.00000000E+000  0.00000000E+000  0.00000000E+000  0.00000000E+000  0.93613840E-001  0.19289149E+001  0.12505715E+002  0.31297862E+002  0.78712548E+002  0.15904551E+003
  0.00000000E+000  0.00000000E+000  0.00000000E+000  0.00000000E+000  0.00000000E+000  0.93610345E-001  0.19288536E+001  0.12505316E+002  0.31297421E+002  0.78710616E+002  0.15904303E+003
  0.00000000E+000  0.00000000E+000  0.00000000E+000  0.00000000E+000  0.00000000E+000  0.93607003E-001  0.19287925E+001  0.12504918E+002  0.31296982E+002  0.78708691E+002  0.15904056E+003
  0.00000000E+000  0.00000000E+000  0.00000000E+000  0.00000000E+000  0.00000000E+000  0.93603828E-001  0.19287316E+001  0.12504521E+002  0.31296546E+002  0.78706777E+002  0.15903811E+003
  0.00000000E+000  0.00000000E+000  0.00000000E+000  0.00000000E+000  0.00000000E+000  0.93600835E-001  0.19286712E+001  0.12504127E+002  0.31296115E+002  0.78704879E+002  0.15903568E+003
  0.00000000E+000  0.00000000E+000  0.00000000E+000  0.00000000E+000  0.00000000E+000  0.93598038E-001  0.19286113E+001  0.12503735E+002  0.31295689E+002  0.78703002E+002  0.15903329E+003
  0.00000000E+000  0.00000000E+000  0.00000000E+000  0.00000000E+000  0.00000000E+000  0.93595448E-001  0.19285521E+001  0.12503347E+002  0.31295269E+002  0.78701148E+002  0.15903094E+003
  0.00000000E+000  0.00000000E+000  0.00000000E+000  0.00000000E+000  0.00000000E+000  0.93593078E-001  0.19284936E+001  0.12502964E+002  0.31294857E+002  0.78699325E+002  0.15902863E+003
  0.00000000E+000  0.00000000E+000  0.00000000E+000  0.00000000E+000  0.00000000E+000  0.93590938E-001  0.19284361E+001  0.12502587E+002  0.31294453E+002  0.78697535E+002  0.15902637E+003
  0.00000000E+000  0.00000000E+000  0.00000000E+000  0.00000000E+000  0.00000000E+000  0.93589038E-001  0.19283796E+001  0.12502216E+002  0.31294059E+002  0.78695785E+002  0.15902416E+003
  0.00000000E+000  0.00000000E+000  0.00000000E+000  0.00000000E+000  0.00000000E+000  0.93587385E-001  0.19283244E+001  0.12501853E+002  0.31293675E+002  0.78694078E+002  0.15902202E+003
  0.00000000E+000  0.00000000E+000  0.00000000E+000  0.00000000E+000  0.00000000E+000  0.93585987E-001  0.19282704E+001  0.12501498E+002  0.31293303E+002  0.78692421E+002  0.15901995E+003
  0.00000000E+000  0.00000000E+000  0.00000000E+000  0.00000000E+000  0.00000000E+000  0.93584849E-001  0.19282180E+001  0.12501153E+002  0.31292945E+002  0.78690817E+002  0.15901795E+003
  0.00000000E+000  0.00000000E+000  0.00000000E+000  0.00000000E+000  0.00000000E+000  0.93583975E-001  0.19281671E+001  0.12500818E+002  0.31292600E+002  0.78689271E+002  0.15901603E+003
  0.00000000E+000  0.00000000E+000  0.00000000E+000  0.00000000E+000  0.00000000E+000  0.93583367E-001  0.19281180E+001  0.12500494E+002  0.31292270E+002  0.78687787E+002  0.15901420E+003
  0.00000000E+000  0.00000000E+000  0.00000000E+000  0.00000000E+000  0.00000000E+000  0.93583027E-001  0.19280708E+001  0.12500182E+002  0.31291955E+002  0.78686370E+002  0.15901246E+003
  0.00000000E+000  0.00000000E+000  0.00000000E+000  0.00000000E+000  0.00000000E+000  0.93582954E-001  0.19280255E+001  0.12499883E+002  0.31291657E+002  0.78685024E+002  0.15901081E+003
  0.00000000E+000  0.00000000E+000  0.00000000E+000  0.00000000E+000  0.00000000E+000  0.93583147E-001  0.19279823E+001  0.12499597E+002  0.31291376E+002  0.78683751E+002  0.15900927E+003
  0.00000000E+000  0.00000000E+000  0.00000000E+000  0.00000000E+000  0.00000000E+000  0.93583602E-001  0.19279412E+001  0.12499326E+002  0.31291114E+002  0.78682555E+002  0.15900783E+003
  0.00000000E+000  0.00000000E+000  0.00000000E+000  0.00000000E+000  0.00000000E+000  0.93584316E-001  0.19279025E+001  0.12499069E+002  0.31290869E+002  0.78681438E+002  0.15900650E+003
  0.00000000E+000  0.00000000E+000  0.00000000E+000  0.00000000E+000  0.00000000E+000  0.93585283E-001  0.19278661E+001  0.12498828E+002  0.31290644E+002  0.78680402E+002  0.15900528E+003
  0.00000000E+000  0.00000000E+000  0.00000000E+000  0.00000000E+000  0.00000000E+000  0.93586495E-001  0.19278321E+001  0.12498602E+002  0.31290438E+002  0.78679450E+002  0.15900418E+003
  0.00000000E+000  0.00000000E+000  0.00000000E+000  0.00000000E+000  0.00000000E+000  0.93587945E-001  0.19278006E+001  0.12498392E+002  0.31290252E+002  0.78678581E+002  0.15900318E+003
  0.00000000E+000  0.00000000E+000  0.00000000E+000  0.00000000E+000  0.00000000E+000  0.93589623E-001  0.19277716E+001  0.12498199E+002  0.31290086E+002  0.78677796E+002  0.15900230E+003
  0.00000000E+000  0.00000000E+000  0.00000000E+000  0.00000000E+000  0.00000000E+000  0.93591519E-001  0.19277452E+001  0.12498022E+002  0.31289939E+002  0.78677096E+002  0.15900154E+003
  0.00000000E+000  0.00000000E+000  0.00000000E+000  0.00000000E+000  0.00000000E+000  0.93593621E-001  0.19277213E+001  0.12497861E+002  0.31289813E+002  0.78676478E+002  0.15900089E+003
  0.00000000E+000  0.00000000E+000  0.00000000E+000  0.00000000E+000  0.00000000E+000  0.93595917E-001  0.19276999E+001  0.12497716E+002  0.31289706E+002  0.78675943E+002  0.15900035E+003
  0.00000000E+000  0.00000000E+000  0.00000000E+000  0.00000000E+000  0.00000000E+000  0.93598392E-001  0.19276812E+001  0.12497587E+002  0.31289618E+002  0.78675489E+002  0.15899992E+003
  0.00000000E+000  0.00000000E+000  0.00000000E+000  0.00000000E+000  0.00000000E+000  0.93601031E-001  0.19276649E+001  0.12497474E+002  0.31289550E+002  0.78675112E+002  0.15899959E+003
  0.00000000E+000  0.00000000E+000  0.00000000E+000  0.00000000E+000  0.00000000E+000  0.93603819E-001  0.19276512E+001  0.12497376E+002  0.31289500E+002  0.78674812E+002  0.15899937E+003
  0.00000000E+000  0.00000000E+000  0.00000000E+000  0.00000000E+000  0.00000000E+000  0.93606738E-001  0.19276399E+001  0.12497293E+002  0.31289469E+002  0.78674583E+002  0.15899924E+003
  0.00000000E+000  0.00000000E+000  0.00000000E+000  0.00000000E+000  0.00000000E+000  0.93609771E-001  0.19276310E+001  0.12497224E+002  0.31289454E+002  0.78674424E+002  0.15899921E+003
  0.00000000E+000  0.00000000E+000  0.00000000E+000  0.00000000E+000  0.00000000E+000  0.93612900E-001  0.19276245E+001  0.12497169E+002  0.31289456E+002  0.78674329E+002  0.15899927E+003
  0.00000000E+000  0.00000000E+000  0.00000000E+000  0.00000000E+000  0.00000000E+000  0.93616106E-001  0.19276203E+001  0.12497127E+002  0.31289475E+002  0.78674296E+002  0.15899940E+003
  0.00000000E+000  0.00000000E+000  0.00000000E+000  0.00000000E+000  0.00000000E+000  0.93619369E-001  0.19276182E+001  0.12497098E+002  0.31289507E+002  0.78674320E+002  0.15899961E+003
  0.00000000E+000  0.00000000E+000  0.00000000E+000  0.00000000E+000  0.00000000E+000  0.93622670E-001  0.19276183E+001  0.12497079E+002  0.31289554E+002  0.78674396E+002  0.15899989E+003
  0.00000000E+000  0.00000000E+000  0.00000000E+000  0.00000000E+000  0.00000000E+000  0.93625989E-001  0.19276204E+001  0.12497072E+002  0.31289614E+002  0.78674520E+002  0.15900023E+003
  0.00000000E+000  0.00000000E+000  0.00000000E+000  0.00000000E+000  0.00000000E+000  0.93629308E-001  0.19276243E+001  0.12497074E+002  0.31289686E+002  0.78674686E+002  0.15900063E+003
  0.00000000E+000  0.00000000E+000  0.00000000E+000  0.00000000E+000  0.00000000E+000  0.93632606E-001  0.19276301E+001  0.12497085E+002  0.31289769E+002  0.78674891E+002  0.15900107E+003
  0.00000000E+000  0.00000000E+000  0.00000000E+000  0.00000000E+000  0.00000000E+000  0.93635866E-001  0.19276376E+001  0.12497104E+002  0.31289862E+002  0.78675129E+002  0.15900155E+003
  0.00000000E+000  0.00000000E+000  0.00000000E+000  0.00000000E+000  0.00000000E+000  0.93639071E-001  0.19276467E+001  0.12497131E+002  0.31289963E+002  0.78675395E+002  0.15900206E+003
  0.00000000E+000  0.00000000E+000  0.00000000E+000  0.00000000E+000  0.00000000E+000  0.93642202E-001  0.19276572E+001  0.12497163E+002  0.31290072E+002  0.78675686E+002  0.15900260E+003
  0.00000000E+000  0.00000000E+000  0.00000000E+000  0.00000000E+000  0.00000000E+000  0.93645245E-001  0.19276691E+001  0.12497202E+002  0.31290187E+002  0.78675996E+002  0.15900316E+003
  0.00000000E+000  0.00000000E+000  0.00000000E+000  0.00000000E+000  0.00000000E+000  0.93648186E-001  0.19276822E+001  0.12497245E+002  0.31290308E+002  0.78676321E+002  0.15900373E+003
  0.00000000E+000  0.00000000E+000  0.00000000E+000  0.00000000E+000  0.00000000E+000  0.93651011E-001  0.19276964E+001  0.12497292E+002  0.31290434E+002  0.78676658E+002  0.15900430E+003
  0.00000000E+000  0.00000000E+000  0.00000000E+000  0.00000000E+000  0.00000000E+000  0.93653709E-001  0.19277116E+001  0.12497342E+002  0.31290563E+002  0.78677001E+002  0.15900488E+003
  0.00000000E+000  0.00000000E+000  0.00000000E+000  0.00000000E+000  0.00000000E+000  0.93656270E-001  0.19277277E+001  0.12497395E+002  0.31290694E+002  0.78677348E+002  0.15900545E+003
  0.00000000E+000  0.00000000E+000  0.00000000E+000  0.00000000E+000  0.00000000E+000  0.93658685E-001  0.19277445E+001  0.12497450E+002  0.31290827E+002  0.78677695E+002  0.15900600E+003
  0.00000000E+000  0.00000000E+000  0.00000000E+000  0.00000000E+000  0.00000000E+000  0.93660949E-001  0.19277621E+001  0.12497506E+002  0.31290961E+002  0.78678038E+002  0.15900654E+003
  0.00000000E+000  0.00000000E+000  0.00000000E+000  0.00000000E+000  0.00000000E+000  0.93663055E-001  0.19277802E+001  0.12497563E+002  0.31291095E+002  0.78678376E+002  0.15900706E+003
  0.00000000E+000  0.00000000E+000  0.00000000E+000  0.00000000E+000  0.00000000E+000  0.93665001E-001  0.19277987E+001  0.12497620E+002  0.31291229E+002  0.78678705E+002  0.15900756E+003
  0.00000000E+000  0.00000000E+000  0.00000000E+000  0.00000000E+000  0.00000000E+000  0.93666784E-001  0.19278177E+001  0.12497678E+002  0.31291361E+002  0.78679023E+002  0.15900802E+003
  0.00000000E+000  0.00000000E+000  0.00000000E+000  0.00000000E+000  0.00000000E+000  0.93668404E-001  0.19278369E+001  0.12497735E+002  0.31291491E+002  0.78679328E+002  0.15900846E+003
  0.00000000E+000  0.00000000E+000  0.00000000E+000  0.00000000E+000  0.00000000E+000  0.93669863E-001  0.19278563E+001  0.12497791E+002  0.31291619E+002  0.78679619E+002  0.15900886E+003
  0.00000000E+000  0.00000000E+000  0.00000000E+000  0.00000000E+000  0.00000000E+000  0.93671162E-001  0.19278758E+001  0.12497846E+002  0.31291744E+002  0.78679894E+002  0.15900923E+003
  0.00000000E+000  0.00000000E+000  0.00000000E+000  0.00000000E+000  0.00000000E+000  0.93672304E-001  0.19278954E+001  0.12497900E+002  0.31291866E+002  0.78680153E+002  0.15900956E+003
  0.00000000E+000  0.00000000E+000  0.00000000E+000  0.00000000E+000  0.00000000E+000  0.93673295E-001  0.19279149E+001  0.12497952E+002  0.31291985E+002  0.78680394E+002  0.15900985E+003
  0.00000000E+000  0.00000000E+000  0.00000000E+000  0.00000000E+000  0.00000000E+000  0.93674141E-001  0.19279344E+001  0.12498004E+002  0.31292100E+002  0.78680617E+002  0.15901011E+003
  0.00000000E+000  0.00000000E+000  0.00000000E+000  0.00000000E+000  0.00000000E+000  0.93674847E-001  0.19279537E+001  0.12498053E+002  0.31292211E+002  0.78680822E+002  0.15901032E+003
  0.00000000E+000  0.00000000E+000  0.00000000E+000  0.00000000E+000  0.00000000E+000  0.93675420E-001  0.19279728E+001  0.12498101E+002  0.31292318E+002  0.78681009E+002  0.15901050E+003
  0.00000000E+000  0.00000000E+000  0.00000000E+000  0.00000000E+000  0.00000000E+000  0.93675869E-001  0.19279916E+001  0.12498147E+002  0.31292421E+002  0.78681178E+002  0.15901064E+003
  0.00000000E+000  0.00000000E+000  0.00000000E+000  0.00000000E+000  0.00000000E+000  0.93676200E-001  0.19280101E+001  0.12498192E+002  0.31292520E+002  0.78681330E+002  0.15901074E+003
  0.00000000E+000  0.00000000E+000  0.00000000E+000  0.00000000E+000  0.00000000E+000  0.93676424E-001  0.19280283E+001  0.12498235E+002  0.31292615E+002  0.78681464E+002  0.15901080E+003
  0.00000000E+000  0.00000000E+000  0.00000000E+000  0.00000000E+000  0.00000000E+000  0.93676549E-001  0.19280460E+001  0.12498276E+002  0.31292705E+002  0.78681582E+002  0.15901083E+003
  0.00000000E+000  0.00000000E+000  0.00000000E+000  0.00000000E+000  0.00000000E+000  0.93676582E-001  0.19280634E+001  0.12498316E+002  0.31292792E+002  0.78681685E+002  0.15901083E+003
  0.00000000E+000  0.00000000E+000  0.00000000E+000  0.00000000E+000  0.00000000E+000  0.93676534E-001  0.19280803E+001  0.12498354E+002  0.31292876E+002  0.78681774E+002  0.15901079E+003
  0.00000000E+000  0.00000000E+000  0.00000000E+000  0.00000000E+000  0.00000000E+000  0.93676413E-001  0.19280967E+001  0.12498391E+002  0.31292955E+002  0.78681849E+002  0.15901073E+003
  0.00000000E+000  0.00000000E+000  0.00000000E+000  0.00000000E+000  0.00000000E+000  0.93676227E-001  0.19281125E+001  0.12498427E+002  0.31293031E+002  0.78681912E+002  0.15901063E+003
  0.00000000E+000  0.00000000E+000  0.00000000E+000  0.00000000E+000  0.00000000E+000  0.93675984E-001  0.19281279E+001  0.12498462E+002  0.31293104E+002  0.78681963E+002  0.15901051E+003
  0.00000000E+000  0.00000000E+000  0.00000000E+000  0.00000000E+000  0.00000000E+000  0.93675694E-001  0.19281426E+001  0.12498496E+002  0.31293173E+002  0.78682005E+002  0.15901037E+003
  0.00000000E+000  0.00000000E+000  0.00000000E+000  0.00000000E+000  0.00000000E+000  0.93675362E-001  0.19281568E+001  0.12498528E+002  0.31293240E+002  0.78682037E+002  0.15901020E+003
  0.00000000E+000  0.00000000E+000  0.00000000E+000  0.00000000E+000  0.00000000E+000  0.93674998E-001  0.19281705E+001  0.12498560E+002  0.31293303E+002  0.78682062E+002  0.15901002E+003
  0.00000000E+000  0.00000000E+000  0.00000000E+000  0.00000000E+000  0.00000000E+000  0.93674606E-001  0.19281835E+001  0.12498591E+002  0.31293364E+002  0.78682080E+002  0.15900981E+003
  0.00000000E+000  0.00000000E+000  0.00000000E+000  0.00000000E+000  0.00000000E+000  0.93674195E-001  0.19281959E+001  0.12498622E+002  0.31293423E+002  0.78682092E+002  0.15900960E+003
  0.00000000E+000  0.00000000E+000  0.00000000E+000  0.00000000E+000  0.00000000E+000  0.93673769E-001  0.19282078E+001  0.12498652E+002  0.31293480E+002  0.78682101E+002  0.15900936E+003
  0.00000000E+000  0.00000000E+000  0.00000000E+000  0.00000000E+000  0.00000000E+000  0.93673334E-001  0.19282190E+001  0.12498681E+002  0.31293534E+002  0.78682105E+002  0.15900912E+003
  0.00000000E+000  0.00000000E+000  0.00000000E+000  0.00000000E+000  0.00000000E+000  0.93672894E-001  0.19282296E+001  0.12498710E+002  0.31293587E+002  0.78682107E+002  0.15900887E+003
  0.00000000E+000  0.00000000E+000  0.00000000E+000  0.00000000E+000  0.00000000E+000  0.93672455E-001  0.19282397E+001  0.12498738E+002  0.31293638E+002  0.78682108E+002  0.15900861E+003
  0.00000000E+000  0.00000000E+000  0.00000000E+000  0.00000000E+000  0.00000000E+000  0.93672020E-001  0.19282491E+001  0.12498767E+002  0.31293688E+002  0.78682108E+002  0.15900835E+003
  0.00000000E+000  0.00000000E+000  0.00000000E+000  0.00000000E+000  0.00000000E+000  0.93671592E-001  0.19282580E+001  0.12498794E+002  0.31293736E+002  0.78682108E+002  0.15900809E+003
  0.00000000E+000  0.00000000E+000  0.00000000E+000  0.00000000E+000  0.00000000E+000  0.93671174E-001  0.19282663E+001  0.12498822E+002  0.31293783E+002  0.78682109E+002  0.15900782E+003
  0.00000000E+000  0.00000000E+000  0.00000000E+000  0.00000000E+000  0.00000000E+000  0.93670770E-001  0.19282741E+001  0.12498849E+002  0.31293828E+002  0.78682111E+002  0.15900755E+003
  0.00000000E+000  0.00000000E+000  0.00000000E+000  0.00000000E+000  0.00000000E+000  0.93670380E-001  0.19282814E+001  0.12498876E+002  0.31293873E+002  0.78682115E+002  0.15900728E+003
  0.00000000E+000  0.00000000E+000  0.00000000E+000  0.00000000E+000  0.00000000E+000  0.93670006E-001  0.19282881E+001  0.12498903E+002  0.31293917E+002  0.78682122E+002  0.15900702E+003
  0.00000000E+000  0.00000000E+000  0.00000000E+000  0.00000000E+000  0.00000000E+000  0.93669650E-001  0.19282944E+001  0.12498930E+002  0.31293960E+002  0.78682132E+002  0.15900676E+003
  0.00000000E+000  0.00000000E+000  0.00000000E+000  0.00000000E+000  0.00000000E+000  0.93669313E-001  0.19283002E+001  0.12498956E+002  0.31294002E+002  0.78682145E+002  0.15900651E+003
  0.00000000E+000  0.00000000E+000  0.00000000E+000  0.00000000E+000  0.00000000E+000  0.93668996E-001  0.19283055E+001  0.12498983E+002  0.31294044E+002  0.78682162E+002  0.15900626E+003
  0.00000000E+000  0.00000000E+000  0.00000000E+000  0.00000000E+000  0.00000000E+000  0.93668698E-001  0.19283105E+001  0.12499009E+002  0.31294085E+002  0.78682182E+002  0.15900602E+003
  0.00000000E+000  0.00000000E+000  0.00000000E+000  0.00000000E+000  0.00000000E+000  0.93668420E-001  0.19283150E+001  0.12499035E+002  0.31294126E+002  0.78682207E+002  0.15900579E+003
  0.00000000E+000  0.00000000E+000  0.00000000E+000  0.00000000E+000  0.00000000E+000  0.93668161E-001  0.19283192E+001  0.12499060E+002  0.31294166E+002  0.78682237E+002  0.15900557E+003
  0.00000000E+000  0.00000000E+000  0.00000000E+000  0.00000000E+000  0.00000000E+000  0.93667922E-001  0.19283230E+001  0.12499085E+002  0.31294205E+002  0.78682270E+002  0.15900536E+003
  0.00000000E+000  0.00000000E+000  0.00000000E+000  0.00000000E+000  0.00000000E+000  0.93667702E-001  0.19283264E+001  0.12499110E+002  0.31294244E+002  0.78682308E+002  0.15900516E+003
  0.00000000E+000  0.00000000E+000  0.00000000E+000  0.00000000E+000  0.00000000E+000  0.93667500E-001  0.19283296E+001  0.12499135E+002  0.31294282E+002  0.78682351E+002  0.15900497E+003
  0.00000000E+000  0.00000000E+000  0.00000000E+000  0.00000000E+000  0.00000000E+000  0.93667316E-001  0.19283325E+001  0.12499159E+002  0.31294320E+002  0.78682398E+002  0.15900479E+003
  0.00000000E+000  0.00000000E+000  0.00000000E+000  0.00000000E+000  0.00000000E+000  0.93667149E-001  0.19283351E+001  0.12499183E+002  0.31294358E+002  0.78682450E+002  0.15900462E+003
  0.00000000E+000  0.00000000E+000  0.00000000E+000  0.00000000E+000  0.00000000E+000  0.93666997E-001  0.19283375E+001  0.12499206E+002  0.31294395E+002  0.78682505E+002  0.15900446E+003
  0.00000000E+000  0.00000000E+000  0.00000000E+000  0.00000000E+000  0.00000000E+000  0.93666860E-001  0.19283396E+001  0.12499229E+002  0.31294432E+002  0.78682565E+002  0.15900432E+003
  0.00000000E+000  0.00000000E+000  0.00000000E+000  0.00000000E+000  0.00000000E+000  0.93666737E-001  0.19283415E+001  0.12499252E+002  0.31294468E+002  0.78682629E+002  0.15900419E+003
  0.00000000E+000  0.00000000E+000  0.00000000E+000  0.00000000E+000  0.00000000E+000  0.93666627E-001  0.19283433E+001  0.12499274E+002  0.31294504E+002  0.78682697E+002  0.15900407E+003
  0.00000000E+000  0.00000000E+000  0.00000000E+000  0.00000000E+000  0.00000000E+000  0.93666528E-001  0.19283449E+001  0.12499296E+002  0.31294539E+002  0.78682769E+002  0.15900397E+003
  0.00000000E+000  0.00000000E+000  0.00000000E+000  0.00000000E+000  0.00000000E+000  0.93666440E-001  0.19283463E+001  0.12499317E+002  0.31294574E+002  0.78682844E+002  0.15900387E+003
  0.00000000E+000  0.00000000E+000  0.00000000E+000  0.00000000E+000  0.00000000E+000  0.93666361E-001  0.19283475E+001  0.12499337E+002  0.31294608E+002  0.78682923E+002  0.15900379E+003
  0.00000000E+000  0.00000000E+000  0.00000000E+000  0.00000000E+000  0.00000000E+000  0.93666291E-001  0.19283487E+001  0.12499357E+002  0.31294642E+002  0.78683004E+002  0.15900372E+003
  0.00000000E+000  0.00000000E+000  0.00000000E+000  0.00000000E+000  0.00000000E+000  0.93666229E-001  0.19283497E+001  0.12499376E+002  0.31294675E+002  0.78683089E+002  0.15900366E+003
  0.00000000E+000  0.00000000E+000  0.00000000E+000  0.00000000E+000  0.00000000E+000  0.93666172E-001  0.19283506E+001  0.12499395E+002  0.31294707E+002  0.78683176E+002  0.15900362E+003
  0.00000000E+000  0.00000000E+000  0.00000000E+000  0.00000000E+000  0.00000000E+000  0.93666122E-001  0.19283514E+001  0.12499413E+002  0.31294739E+002  0.78683265E+002  0.15900358E+003
  0.00000000E+000  0.00000000E+000  0.00000000E+000  0.00000000E+000  0.00000000E+000  0.93666075E-001  0.19283521E+001  0.12499430E+002  0.31294770E+002  0.78683356E+002  0.15900356E+003
  0.00000000E+000  0.00000000E+000  0.00000000E+000  0.00000000E+000  0.00000000E+000  0.93666033E-001  0.19283527E+001  0.12499447E+002  0.31294801E+002  0.78683449E+002  0.15900355E+003
  0.00000000E+000  0.00000000E+000  0.00000000E+000  0.00000000E+000  0.00000000E+000  0.93665993E-001  0.19283532E+001  0.12499463E+002  0.31294830E+002  0.78683544E+002  0.15900355E+003
  0.00000000E+000  0.00000000E+000  0.00000000E+000  0.00000000E+000  0.00000000E+000  0.93665956E-001  0.19283537E+001  0.12499479E+002  0.31294860E+002  0.78683639E+002  0.15900355E+003
  0.00000000E+000  0.00000000E+000  0.00000000E+000  0.00000000E+000  0.00000000E+000  0.93665920E-001  0.19283540E+001  0.12499493E+002  0.31294888E+002  0.78683736E+002  0.15900357E+003
  0.00000000E+000  0.00000000E+000  0.00000000E+000  0.00000000E+000  0.00000000E+000  0.93665885E-001  0.19283543E+001  0.12499508E+002  0.31294915E+002  0.78683833E+002  0.15900360E+003
  0.00000000E+000  0.00000000E+000  0.00000000E+000  0.00000000E+000  0.00000000E+000  0.93665851E-001  0.19283546E+001  0.12499521E+002  0.31294942E+002  0.78683931E+002  0.15900363E+003
  0.00000000E+000  0.00000000E+000  0.00000000E+000  0.00000000E+000  0.00000000E+000  0.93665816E-001  0.19283548E+001  0.12499534E+002  0.31294968E+002  0.78684029E+002  0.15900368E+003
  0.00000000E+000  0.00000000E+000  0.00000000E+000  0.00000000E+000  0.00000000E+000  0.93665780E-001  0.19283549E+001  0.12499546E+002  0.31294993E+002  0.78684128E+002  0.15900373E+003
  0.00000000E+000  0.00000000E+000  0.00000000E+000  0.00000000E+000  0.00000000E+000  0.93665743E-001  0.19283550E+001  0.12499557E+002  0.31295017E+002  0.78684225E+002  0.15900378E+003
  0.00000000E+000  0.00000000E+000  0.00000000E+000  0.00000000E+000  0.00000000E+000  0.93665704E-001  0.19283550E+001  0.12499568E+002  0.31295041E+002  0.78684323E+002  0.15900385E+003
  0.00000000E+000  0.00000000E+000  0.00000000E+000  0.00000000E+000  0.00000000E+000  0.93665664E-001  0.19283549E+001  0.12499578E+002  0.31295063E+002  0.78684419E+002  0.15900392E+003
  0.00000000E+000  0.00000000E+000  0.00000000E+000  0.00000000E+000  0.00000000E+000  0.93665621E-001  0.19283548E+001  0.12499587E+002  0.31295085E+002  0.78684515E+002  0.15900400E+003
  0.00000000E+000  0.00000000E+000  0.00000000E+000  0.00000000E+000  0.00000000E+000  0.93665576E-001  0.19283547E+001  0.12499596E+002  0.31295106E+002  0.78684609E+002  0.15900408E+003
  0.00000000E+000  0.00000000E+000  0.00000000E+000  0.00000000E+000  0.00000000E+000  0.93665529E-001  0.19283544E+001  0.12499604E+002  0.31295125E+002  0.78684703E+002  0.15900416E+003
  0.00000000E+000  0.00000000E+000  0.00000000E+000  0.00000000E+000  0.00000000E+000  0.93665479E-001  0.19283542E+001  0.12499611E+002  0.31295144E+002  0.78684794E+002  0.15900425E+003
  0.00000000E+000  0.00000000E+000  0.00000000E+000  0.00000000E+000  0.00000000E+000  0.93665426E-001  0.19283539E+001  0.12499618E+002  0.31295163E+002  0.78684884E+002  0.15900435E+003
  0.00000000E+000  0.00000000E+000  0.00000000E+000  0.00000000E+000  0.00000000E+000  0.93665370E-001  0.19283535E+001  0.12499624E+002  0.31295180E+002  0.78684973E+002  0.15900445E+003
  0.00000000E+000  0.00000000E+000  0.00000000E+000  0.00000000E+000  0.00000000E+000  0.93665311E-001  0.19283531E+001  0.12499629E+002  0.31295196E+002  0.78685059E+002  0.15900455E+003
  0.00000000E+000  0.00000000E+000  0.00000000E+000  0.00000000E+000  0.00000000E+000  0.93665250E-001  0.19283526E+001  0.12499634E+002  0.31295212E+002  0.78685143E+002  0.15900465E+003
  0.00000000E+000  0.00000000E+000  0.00000000E+000  0.00000000E+000  0.00000000E+000  0.93665186E-001  0.19283521E+001  0.12499638E+002  0.31295226E+002  0.78685225E+002  0.15900475E+003
  0.00000000E+000  0.00000000E+000  0.00000000E+000  0.00000000E+000  0.00000000E+000  0.93665119E-001  0.19283516E+001  0.12499642E+002  0.31295240E+002  0.78685305E+002  0.15900486E+003
  0.00000000E+000  0.00000000E+000  0.00000000E+000  0.00000000E+000  0.00000000E+000  0.93665050E-001  0.19283510E+001  0.12499645E+002  0.31295253E+002  0.78685382E+002  0.15900496E+003
  0.00000000E+000  0.00000000E+000  0.00000000E+000  0.00000000E+000  0.00000000E+000  0.93664978E-001  0.19283503E+001  0.12499648E+002  0.31295265E+002  0.78685457E+002  0.15900507E+003
  0.00000000E+000  0.00000000E+000  0.00000000E+000  0.00000000E+000  0.00000000E+000  0.93664903E-001  0.19283497E+001  0.12499650E+002  0.31295276E+002  0.78685529E+002  0.15900518E+003
  0.00000000E+000  0.00000000E+000  0.00000000E+000  0.00000000E+000  0.00000000E+000  0.93664827E-001  0.19283489E+001  0.12499652E+002  0.31295286E+002  0.78685598E+002  0.15900528E+003
  0.00000000E+000  0.00000000E+000  0.00000000E+000  0.00000000E+000  0.00000000E+000  0.93664748E-001  0.19283482E+001  0.12499653E+002  0.31295296E+002  0.78685665E+002  0.15900539E+003
  0.00000000E+000  0.00000000E+000  0.00000000E+000  0.00000000E+000  0.00000000E+000  0.93664668E-001  0.19283474E+001  0.12499654E+002  0.31295304E+002  0.78685729E+002  0.15900550E+003
  0.00000000E+000  0.00000000E+000  0.00000000E+000  0.00000000E+000  0.00000000E+000  0.93664586E-001  0.19283465E+001  0.12499655E+002  0.31295312E+002  0.78685790E+002  0.15900560E+003
  0.00000000E+000  0.00000000E+000  0.00000000E+000  0.00000000E+000  0.00000000E+000  0.93664503E-001  0.19283457E+001  0.12499654E+002  0.31295320E+002  0.78685848E+002  0.15900571E+003
  0.00000000E+000  0.00000000E+000  0.00000000E+000  0.00000000E+000  0.00000000E+000  0.93664418E-001  0.19283448E+001  0.12499654E+002  0.31295326E+002  0.78685904E+002  0.15900581E+003
  0.00000000E+000  0.00000000E+000  0.00000000E+000  0.00000000E+000  0.00000000E+000  0.93664332E-001  0.19283438E+001  0.12499653E+002  0.31295332E+002  0.78685957E+002  0.15900591E+003
  0.00000000E+000  0.00000000E+000  0.00000000E+000  0.00000000E+000  0.00000000E+000  0.93664246E-001  0.19283429E+001  0.12499652E+002  0.31295337E+002  0.78686007E+002  0.15900601E+003
  0.00000000E+000  0.00000000E+000  0.00000000E+000  0.00000000E+000  0.00000000E+000  0.93664158E-001  0.19283419E+001  0.12499651E+002  0.31295342E+002  0.78686054E+002  0.15900610E+003
  0.00000000E+000  0.00000000E+000  0.00000000E+000  0.00000000E+000  0.00000000E+000  0.93664071E-001  0.19283409E+001  0.12499649E+002  0.31295346E+002  0.78686099E+002  0.15900620E+003
  0.00000000E+000  0.00000000E+000  0.00000000E+000  0.00000000E+000  0.00000000E+000  0.93663983E-001  0.19283399E+001  0.12499647E+002  0.31295349E+002  0.78686140E+002  0.15900629E+003
  0.00000000E+000  0.00000000E+000  0.00000000E+000  0.00000000E+000  0.00000000E+000  0.93663895E-001  0.19283389E+001  0.12499644E+002  0.31295352E+002  0.78686180E+002  0.15900638E+003
  0.00000000E+000  0.00000000E+000  0.00000000E+000  0.00000000E+000  0.00000000E+000  0.93663807E-001  0.19283378E+001  0.12499642E+002  0.31295354E+002  0.78686216E+002  0.15900646E+003
  0.00000000E+000  0.00000000E+000  0.00000000E+000  0.00000000E+000  0.00000000E+000  0.93663720E-001  0.19283368E+001  0.12499639E+002  0.31295355E+002  0.78686250E+002  0.15900655E+003
  0.00000000E+000  0.00000000E+000  0.00000000E+000  0.00000000E+000  0.00000000E+000  0.93663632E-001  0.19283357E+001  0.12499636E+002  0.31295356E+002  0.78686281E+002  0.15900662E+003
  0.00000000E+000  0.00000000E+000  0.00000000E+000  0.00000000E+000  0.00000000E+000  0.93663546E-001  0.19283346E+001  0.12499633E+002  0.31295357E+002  0.78686310E+002  0.15900670E+003
  0.00000000E+000  0.00000000E+000  0.00000000E+000  0.00000000E+000  0.00000000E+000  0.93663460E-001  0.19283336E+001  0.12499629E+002  0.31295357E+002  0.78686337E+002  0.15900678E+003
  0.00000000E+000  0.00000000E+000  0.00000000E+000  0.00000000E+000  0.00000000E+000  0.93663375E-001  0.19283325E+001  0.12499626E+002  0.31295357E+002  0.78686361E+002  0.15900685E+003
  0.00000000E+000  0.00000000E+000  0.00000000E+000  0.00000000E+000  0.00000000E+000  0.93663292E-001  0.19283314E+001  0.12499622E+002  0.31295356E+002  0.78686383E+002  0.15900691E+003
  0.00000000E+000  0.00000000E+000  0.00000000E+000  0.00000000E+000  0.00000000E+000  0.93663209E-001  0.19283303E+001  0.12499618E+002  0.31295355E+002  0.78686403E+002  0.15900698E+003
  0.00000000E+000  0.00000000E+000  0.00000000E+000  0.00000000E+000  0.00000000E+000  0.93663129E-001  0.19283292E+001  0.12499614E+002  0.31295354E+002  0.78686421E+002  0.15900704E+003
  0.00000000E+000  0.00000000E+000  0.00000000E+000  0.00000000E+000  0.00000000E+000  0.93663050E-001  0.19283281E+001  0.12499610E+002  0.31295352E+002  0.78686436E+002  0.15900710E+003
  0.00000000E+000  0.00000000E+000  0.00000000E+000  0.00000000E+000  0.00000000E+000  0.93662973E-001  0.19283271E+001  0.12499606E+002  0.31295350E+002  0.78686451E+002  0.15900715E+003
  0.00000000E+000  0.00000000E+000  0.00000000E+000  0.00000000E+000  0.00000000E+000  0.93662900E-001  0.19283260E+001  0.12499602E+002  0.31295348E+002  0.78686463E+002  0.15900720E+003
  0.00000000E+000  0.00000000E+000  0.00000000E+000  0.00000000E+000  0.00000000E+000  0.93662831E-001  0.19283250E+001  0.12499598E+002  0.31295346E+002  0.78686474E+002  0.15900725E+003
  0.00000000E+000  0.00000000E+000  0.00000000E+000  0.00000000E+000  0.00000000E+000  0.93662771E-001  0.19283240E+001  0.12499594E+002  0.31295343E+002  0.78686484E+002  0.15900730E+003
  0.00000000E+000  0.00000000E+000  0.00000000E+000  0.00000000E+000  0.00000000E+000  0.93662714E-001  0.19283232E+001  0.12499591E+002  0.31295341E+002  0.78686495E+002  0.15900735E+003
