  0.30423737E+000  0.31971851E+000  0.46200411E+000  0.63050331E+000  0.80553833E+000  0.91298752E+000  0.12929519E+001  0.18922667E+001  0.26406050E+001  0.41184897E+001  0.58406689E+001
  0.30407446E+000  0.31938686E+000  0.46149085E+000  0.62977563E+000  0.80519412E+000  0.91261241E+000  0.12913828E+001  0.18913761E+001  0.26393219E+001  0.41137662E+001  0.58405217E+001
  0.30393312E+000  0.31929501E+000  0.46132664E+000  0.62951563E+000  0.80490071E+000  0.91224363E+000  0.12907491E+001  0.18905780E+001  0.26379723E+001  0.41116738E+001  0.58406849E+001
  0.30381424E+000  0.31917132E+000  0.46112878E+000  0.62924129E+000  0.80462270E+000  0.91200275E+000  0.12901588E+001  0.18903900E+001  0.26372238E+001  0.41097394E+001  0.58406805E+001
  0.30371359E+000  0.31907725E+000  0.46097619E+000  0.62901970E+000  0.80440310E+000  0.91172822E+000  0.12896822E+001  0.18900268E+001  0.26363757E+001  0.41080361E+001  0.58404812E+001
  0.30362814E+000  0.31899296E+000  0.46084640E+000  0.62883617E+000  0.80426667E+000  0.91153764E+000  0.12892878E+001  0.18902636E+001  0.26357281E+001  0.41066681E+001  0.58404911E+001
  0.30355547E+000  0.31891474E+000  0.46073748E+000  0.62868222E+000  0.80409810E+000  0.91137647E+000  0.12889572E+001  0.18904074E+001  0.26351280E+001  0.41057676E+001  0.58404914E+001
  0.30349357E+000  0.31886234E+000  0.46064552E+000  0.62855232E+000  0.80397926E+000  0.91125345E+000  0.12886784E+001  0.18904565E+001  0.26346486E+001  0.41047025E+001  0.58405788E+001
  0.30344075E+000  0.31881166E+000  0.46056769E+000  0.62844243E+000  0.80387836E+000  0.91116261E+000  0.12884426E+001  0.18902899E+001  0.26342030E+001  0.41039940E+001  0.58404366E+001
  0.30339561E+000  0.31876006E+000  0.46038665E+000  0.62834924E+000  0.80379233E+000  0.91105944E+000  0.12882429E+001  0.18891842E+001  0.26338359E+001  0.41032925E+001  0.58406069E+001
  0.30335694E+000  0.31872301E+000  0.46044549E+000  0.62827002E+000  0.80371880E+000  0.91098315E+000  0.12880732E+001  0.18890100E+001  0.26335604E+001  0.41029163E+001  0.58402950E+001
  0.30332377E+000  0.31869137E+000  0.46039762E+000  0.62820256E+000  0.80364977E+000  0.91091786E+000  0.12879288E+001  0.18888559E+001  0.26333032E+001  0.41024415E+001  0.58403855E+001
  0.30329523E+000  0.31866429E+000  0.46035681E+000  0.62814508E+000  0.80359604E+000  0.91084539E+000  0.12878059E+001  0.18887196E+001  0.26330692E+001  0.41018028E+001  0.58405127E+001
  0.30327063E+000  0.31864107E+000  0.46032191E+000  0.62809597E+000  0.80353897E+000  0.91077658E+000  0.12877010E+001  0.18885987E+001  0.26328774E+001  0.41015088E+001  0.58404774E+001
  0.30324936E+000  0.31863146E+000  0.46029199E+000  0.62805390E+000  0.80348988E+000  0.91071714E+000  0.12876113E+001  0.18884890E+001  0.26327162E+001  0.41013143E+001  0.58403835E+001
  0.30323093E+000  0.31861454E+000  0.46026627E+000  0.62801777E+000  0.80344739E+000  0.91067156E+000  0.12875343E+001  0.18879297E+001  0.26325805E+001  0.41011483E+001  0.58404950E+001
  0.30321491E+000  0.31859994E+000  0.46024411E+000  0.62798670E+000  0.80341051E+000  0.91063718E+000  0.12874682E+001  0.18877089E+001  0.26324504E+001  0.41008463E+001  0.58404537E+001
  0.30320093E+000  0.31857604E+000  0.46022498E+000  0.62795989E+000  0.80337841E+000  0.91061398E+000  0.12874113E+001  0.18876327E+001  0.26323523E+001  0.41006890E+001  0.58404584E+001
  0.30318869E+000  0.31856479E+000  0.46020840E+000  0.62793671E+000  0.80335039E+000  0.91059355E+000  0.12873622E+001  0.18875670E+001  0.26322686E+001  0.41005527E+001  0.58404018E+001
  0.30317959E+000  0.31855496E+000  0.46019401E+000  0.62791663E+000  0.80332583E+000  0.91057520E+000  0.12873197E+001  0.18871795E+001  0.26321867E+001  0.41004341E+001  0.58403524E+001
  0.30317215E+000  0.31854634E+000  0.46018146E+000  0.62789914E+000  0.80330423E+000  0.91055862E+000  0.12872828E+001  0.18871691E+001  0.26321136E+001  0.41003305E+001  0.58403090E+001
  0.30316548E+000  0.31855100E+000  0.46017049E+000  0.62788389E+000  0.80328513E+000  0.91054351E+000  0.12872508E+001  0.18871592E+001  0.26320524E+001  0.41001464E+001  0.58402808E+001
  0.30315945E+000  0.31854449E+000  0.46016083E+000  0.62787051E+000  0.80326816E+000  0.91052962E+000  0.12872227E+001  0.18871493E+001  0.26320017E+001  0.41000718E+001  0.58402561E+001
  0.30315396E+000  0.31853872E+000  0.46015231E+000  0.62785873E+000  0.80325298E+000  0.91051676E+000  0.12871982E+001  0.18871395E+001  0.26319558E+001  0.41000099E+001  0.58402330E+001
  0.30314892E+000  0.31853357E+000  0.46014474E+000  0.62784830E+000  0.80323932E+000  0.91050472E+000  0.12871765E+001  0.18871299E+001  0.26319139E+001  0.40999554E+001  0.58402112E+001
  0.30314426E+000  0.31852893E+000  0.46013798E+000  0.62783902E+000  0.80322693E+000  0.91049337E+000  0.12871573E+001  0.18871203E+001  0.26318749E+001  0.40999071E+001  0.58401906E+001
  0.30313992E+000  0.31852473E+000  0.46013188E+000  0.62783068E+000  0.80321561E+000  0.91048255E+000  0.12871402E+001  0.18871109E+001  0.26318382E+001  0.40998639E+001  0.58401709E+001
  0.30313583E+000  0.31852089E+000  0.46001034E+000  0.62782316E+000  0.80320516E+000  0.91047217E+000  0.12871248E+001  0.18871014E+001  0.26318032E+001  0.40998251E+001  0.58401519E+001
  0.30313196E+000  0.31851735E+000  0.46000528E+000  0.62781631E+000  0.80319545E+000  0.91046210E+000  0.12871109E+001  0.18870920E+001  0.26317695E+001  0.40997005E+001  0.58401334E+001
  0.30312824E+000  0.31851406E+000  0.46000060E+000  0.62781001E+000  0.80318633E+000  0.91045226E+000  0.12870981E+001  0.18870826E+001  0.26317365E+001  0.40996667E+001  0.58401154E+001
  0.30312467E+000  0.31851098E+000  0.45999625E+000  0.62780417E+000  0.80317769E+000  0.91044258E+000  0.12870864E+001  0.18870732E+001  0.26317041E+001  0.40996357E+001  0.58400977E+001
  0.30312119E+000  0.31850807E+000  0.45999217E+000  0.62779872E+000  0.80316945E+000  0.91043299E+000  0.12870755E+001  0.18870689E+001  0.26316718E+001  0.40996068E+001  0.58402858E+001
  0.30311778E+000  0.31850529E+000  0.45998830E+000  0.62779357E+000  0.80316151E+000  0.91042343E+000  0.12870653E+001  0.18870598E+001  0.26316396E+001  0.40996412E+001  0.58402663E+001
  0.30311443E+000  0.31850262E+000  0.45998461E+000  0.62778868E+000  0.80315381E+000  0.91041385E+000  0.12870557E+001  0.18870507E+001  0.26316072E+001  0.40996017E+001  0.58402471E+001
  0.30311111E+000  0.31850003E+000  0.45998107E+000  0.62778401E+000  0.80314631E+000  0.91040422E+000  0.12870465E+001  0.18870415E+001  0.26316497E+001  0.40995632E+001  0.58402279E+001
  0.30310781E+000  0.31849752E+000  0.45997764E+000  0.62777950E+000  0.80313895E+000  0.91039449E+000  0.12870377E+001  0.18870322E+001  0.26316197E+001  0.40995551E+001  0.58402086E+001
  0.30310452E+000  0.31849507E+000  0.45997431E+000  0.62777513E+000  0.80313170E+000  0.91038464E+000  0.12870292E+001  0.18870229E+001  0.26315892E+001  0.40995197E+001  0.58401893E+001
  0.30310122E+000  0.31849266E+000  0.45997106E+000  0.62777088E+000  0.80312454E+000  0.91037464E+000  0.12870210E+001  0.18870135E+001  0.26315582E+001  0.40994844E+001  0.58401698E+001
  0.30309791E+000  0.31849029E+000  0.45996788E+000  0.62776674E+000  0.80311745E+000  0.91036448E+000  0.12870131E+001  0.18870040E+001  0.26315265E+001  0.40994490E+001  0.58401501E+001
  0.30309458E+000  0.31848795E+000  0.45996476E+000  0.62776269E+000  0.80311041E+000  0.91035414E+000  0.12870054E+001  0.18869944E+001  0.26314943E+001  0.40994139E+001  0.58401300E+001
  0.30309124E+000  0.31848565E+000  0.45996169E+000  0.62775873E+000  0.80310341E+000  0.91034361E+000  0.12869978E+001  0.18869847E+001  0.26314622E+001  0.40993929E+001  0.58401097E+001
  0.30308787E+000  0.31848338E+000  0.45995868E+000  0.62775485E+000  0.80309647E+000  0.91038432E+000  0.12869905E+001  0.18869750E+001  0.26314463E+001  0.40994131E+001  0.58401291E+001
  0.30308447E+000  0.31848113E+000  0.46007183E+000  0.62775105E+000  0.80308957E+000  0.91037321E+000  0.12869833E+001  0.18869707E+001  0.26314306E+001  0.40993766E+001  0.58400943E+001
  0.30308105E+000  0.31847892E+000  0.46006893E+000  0.62774734E+000  0.80308272E+000  0.91037377E+000  0.12869764E+001  0.18869620E+001  0.26314152E+001  0.40993401E+001  0.58400591E+001
  0.30307761E+000  0.31847674E+000  0.46006610E+000  0.62774372E+000  0.80307593E+000  0.91036465E+000  0.12869697E+001  0.18869523E+001  0.26314000E+001  0.40993100E+001  0.58400234E+001
  0.30307414E+000  0.31847460E+000  0.46006333E+000  0.62774020E+000  0.80315279E+000  0.91035554E+000  0.12869632E+001  0.18869427E+001  0.26313851E+001  0.40992902E+001  0.58400009E+001
  0.30307066E+000  0.31847250E+000  0.46006063E+000  0.62773679E+000  0.80314635E+000  0.91034645E+000  0.12869569E+001  0.18869330E+001  0.26313705E+001  0.40992706E+001  0.58399782E+001
  0.30306716E+000  0.31847044E+000  0.46005801E+000  0.62773349E+000  0.80313996E+000  0.91035163E+000  0.12869509E+001  0.18869233E+001  0.26314078E+001  0.40992514E+001  0.58399552E+001
  0.30306364E+000  0.31846844E+000  0.46005548E+000  0.62773032E+000  0.80313364E+000  0.91033937E+000  0.12869452E+001  0.18869137E+001  0.26313692E+001  0.40992325E+001  0.58399318E+001
  0.30306012E+000  0.31846650E+000  0.46005304E+000  0.62772728E+000  0.80312738E+000  0.91032698E+000  0.12869398E+001  0.18869042E+001  0.26313308E+001  0.40992140E+001  0.58399081E+001
  0.30305660E+000  0.31846461E+000  0.46005070E+000  0.62772439E+000  0.80312122E+000  0.91031446E+000  0.12869347E+001  0.18868948E+001  0.26313161E+001  0.40991960E+001  0.58398841E+001
  0.30305308E+000  0.31846279E+000  0.46004847E+000  0.62772166E+000  0.80311516E+000  0.91030183E+000  0.12869300E+001  0.18868905E+001  0.26313036E+001  0.40991784E+001  0.58398599E+001
  0.30304957E+000  0.31846105E+000  0.46004635E+000  0.62771909E+000  0.80312152E+000  0.91029307E+000  0.12869257E+001  0.18868810E+001  0.26312917E+001  0.40991615E+001  0.58398354E+001
  0.30304608E+000  0.31845938E+000  0.46004436E+000  0.62771670E+000  0.80311649E+000  0.91028452E+000  0.12869217E+001  0.18868717E+001  0.26312804E+001  0.40991453E+001  0.58398108E+001
  0.30304260E+000  0.31845780E+000  0.46004249E+000  0.62771449E+000  0.80311163E+000  0.91027612E+000  0.12869181E+001  0.18868626E+001  0.26312697E+001  0.40991297E+001  0.58397860E+001
  0.30303915E+000  0.31845630E+000  0.46004076E+000  0.62771248E+000  0.80310694E+000  0.91026788E+000  0.12869149E+001  0.18868537E+001  0.26312598E+001  0.40991149E+001  0.58397611E+001
  0.30303573E+000  0.31845488E+000  0.46003917E+000  0.62771066E+000  0.80310242E+000  0.91025982E+000  0.12869122E+001  0.18868451E+001  0.26312506E+001  0.40991009E+001  0.58397362E+001
  0.30303235E+000  0.31845357E+000  0.45992161E+000  0.62770905E+000  0.80309811E+000  0.91031200E+000  0.12869099E+001  0.18868368E+001  0.26312421E+001  0.40990879E+001  0.58397113E+001
  0.30302901E+000  0.31845235E+000  0.45992032E+000  0.62770764E+000  0.80309399E+000  0.91029793E+000  0.12869080E+001  0.18868288E+001  0.26312345E+001  0.40990757E+001  0.58398580E+001
  0.30302572E+000  0.31845122E+000  0.45991917E+000  0.62770645E+000  0.80309009E+000  0.91028388E+000  0.12869066E+001  0.18868211E+001  0.26312753E+001  0.40990646E+001  0.58398386E+001
  0.30302248E+000  0.31845020E+000  0.45991817E+000  0.62770547E+000  0.80308640E+000  0.91030647E+000  0.12869057E+001  0.18868138E+001  0.26312431E+001  0.40990545E+001  0.58398055E+001
  0.30301930E+000  0.31844928E+000  0.45991733E+000  0.62770471E+000  0.80308294E+000  0.91029949E+000  0.12869052E+001  0.18868069E+001  0.26312169E+001  0.40990455E+001  0.58397730E+001
  0.30301618E+000  0.31844846E+000  0.45991665E+000  0.62770417E+000  0.80307970E+000  0.91029262E+000  0.12869052E+001  0.18868004E+001  0.26312130E+001  0.40990377E+001  0.58397415E+001
  0.30301314E+000  0.31844775E+000  0.46003222E+000  0.62770384E+000  0.80307670E+000  0.91029766E+000  0.12869056E+001  0.18867943E+001  0.26312100E+001  0.40991815E+001  0.58397108E+001
  0.30301017E+000  0.31844714E+000  0.46003184E+000  0.62770372E+000  0.80307392E+000  0.91028542E+000  0.12869065E+001  0.18867978E+001  0.26312080E+001  0.40991787E+001  0.58396811E+001
  0.30300727E+000  0.31844663E+000  0.46003161E+000  0.62770380E+000  0.80307139E+000  0.91027336E+000  0.12869078E+001  0.18867919E+001  0.26312070E+001  0.40991771E+001  0.58396524E+001
  0.30300446E+000  0.31844622E+000  0.46003153E+000  0.62751456E+000  0.80309397E+000  0.91026634E+000  0.12869095E+001  0.18867864E+001  0.26312660E+001  0.40991768E+001  0.58396248E+001
  0.30300173E+000  0.31844591E+000  0.46003159E+000  0.62751505E+000  0.80308971E+000  0.91026013E+000  0.12869116E+001  0.18867814E+001  0.26312449E+001  0.40992058E+001  0.58395983E+001
  0.30299909E+000  0.31844199E+000  0.46003179E+000  0.62770526E+000  0.80308568E+000  0.91025408E+000  0.12869142E+001  0.18867769E+001  0.26312680E+001  0.40992034E+001  0.58395730E+001
  0.30299653E+000  0.31844105E+000  0.46003212E+000  0.62770611E+000  0.80308189E+000  0.91024821E+000  0.12869170E+001  0.18867729E+001  0.26312644E+001  0.40991869E+001  0.58395490E+001
  0.30299407E+000  0.31844020E+000  0.45991647E+000  0.62770714E+000  0.80307835E+000  0.91024252E+000  0.12869203E+001  0.18867694E+001  0.26312709E+001  0.40991865E+001  0.58395261E+001
  0.30299171E+000  0.31844558E+000  0.46003315E+000  0.62770832E+000  0.80307504E+000  0.91023701E+000  0.12869238E+001  0.18867664E+001  0.26312611E+001  0.40992382E+001  0.58395045E+001
  0.30298944E+000  0.31843877E+000  0.46003384E+000  0.62770966E+000  0.80307197E+000  0.91023170E+000  0.12869277E+001  0.18867638E+001  0.26312614E+001  0.40992225E+001  0.58394841E+001
  0.30298726E+000  0.31843818E+000  0.46003463E+000  0.62771113E+000  0.80306913E+000  0.91022659E+000  0.12869318E+001  0.18867617E+001  0.26312629E+001  0.40992089E+001  0.58394650E+001
  0.30298519E+000  0.31843767E+000  0.46003552E+000  0.62771273E+000  0.80306652E+000  0.91022168E+000  0.12869362E+001  0.18867601E+001  0.26312657E+001  0.40992134E+001  0.58394471E+001
  0.30298320E+000  0.31843724E+000  0.46003649E+000  0.62771444E+000  0.80306414E+000  0.91021697E+000  0.12869407E+001  0.18867590E+001  0.26312697E+001  0.40993109E+001  0.58394304E+001
  0.30298132E+000  0.31844692E+000  0.45992145E+000  0.62771625E+000  0.80306197E+000  0.91031000E+000  0.12869455E+001  0.18868011E+001  0.26312747E+001  0.40993012E+001  0.58394150E+001
  0.30297953E+000  0.31844737E+000  0.46003866E+000  0.62752858E+000  0.80306001E+000  0.91030140E+000  0.12869504E+001  0.18876811E+001  0.26312809E+001  0.40993543E+001  0.58397107E+001
  0.30297784E+000  0.31844787E+000  0.46003983E+000  0.62753054E+000  0.80305825E+000  0.91029316E+000  0.12869554E+001  0.18876611E+001  0.26312880E+001  0.40993659E+001  0.58396878E+001
  0.30297624E+000  0.31844841E+000  0.45992497E+000  0.62772212E+000  0.80305813E+000  0.91028529E+000  0.12869606E+001  0.18876431E+001  0.26312960E+001  0.40993779E+001  0.58396662E+001
  0.30297473E+000  0.31844899E+000  0.45992624E+000  0.62772419E+000  0.80305844E+000  0.91027779E+000  0.12869657E+001  0.18876271E+001  0.26313049E+001  0.40993904E+001  0.58396459E+001
  0.30297332E+000  0.31844959E+000  0.45992753E+000  0.62772628E+000  0.80311832E+000  0.91027067E+000  0.12869710E+001  0.18878654E+001  0.26313144E+001  0.40994113E+001  0.58396268E+001
  0.30297199E+000  0.31845022E+000  0.45992884E+000  0.62772840E+000  0.80311799E+000  0.91026391E+000  0.12869762E+001  0.18878492E+001  0.26313246E+001  0.40994163E+001  0.58396090E+001
  0.30297075E+000  0.31845086E+000  0.46004625E+000  0.62773052E+000  0.80311778E+000  0.91025752E+000  0.12869814E+001  0.18878345E+001  0.26313353E+001  0.40994295E+001  0.58395924E+001
  0.30296959E+000  0.31845152E+000  0.46004758E+000  0.62773263E+000  0.80311767E+000  0.91025150E+000  0.12869866E+001  0.18878214E+001  0.26317526E+001  0.40994428E+001  0.58395769E+001
  0.30296851E+000  0.31845219E+000  0.46004890E+000  0.62773473E+000  0.80311766E+000  0.91024583E+000  0.12869917E+001  0.18878097E+001  0.26317307E+001  0.40994561E+001  0.58395626E+001
  0.30296751E+000  0.31845286E+000  0.46005022E+000  0.62773680E+000  0.80311773E+000  0.91024052E+000  0.12869967E+001  0.18877993E+001  0.26317113E+001  0.40994693E+001  0.58395494E+001
  0.30296659E+000  0.31845353E+000  0.46005151E+000  0.62773883E+000  0.80311787E+000  0.91023555E+000  0.12870016E+001  0.18877902E+001  0.26316942E+001  0.40994823E+001  0.58395372E+001
  0.30296574E+000  0.31845419E+000  0.46005278E+000  0.62774081E+000  0.80311807E+000  0.91023091E+000  0.12870064E+001  0.18877823E+001  0.26316792E+001  0.40994951E+001  0.58395260E+001
  0.30296495E+000  0.31845484E+000  0.46005393E+000  0.62774274E+000  0.80311833E+000  0.91022660E+000  0.12870110E+001  0.18877754E+001  0.26316663E+001  0.40995650E+001  0.58395158E+001
  0.30296424E+000  0.31845548E+000  0.46005428E+000  0.62774461E+000  0.80311863E+000  0.91022260E+000  0.12870155E+001  0.18877696E+001  0.26316551E+001  0.40995667E+001  0.58395065E+001
  0.30296358E+000  0.31845610E+000  0.46005463E+000  0.62774642E+000  0.80311897E+000  0.91021890E+000  0.12870197E+001  0.18877646E+001  0.26316456E+001  0.40995689E+001  0.58394980E+001
  0.30296298E+000  0.31845670E+000  0.46005499E+000  0.62774815E+000  0.80311934E+000  0.91021550E+000  0.12870239E+001  0.18877605E+001  0.26316375E+001  0.40995714E+001  0.58394903E+001
  0.30296244E+000  0.31845729E+000  0.46005536E+000  0.62774981E+000  0.80311972E+000  0.91036487E+000  0.12870278E+001  0.18877571E+001  0.26316308E+001  0.40996306E+001  0.58394834E+001
  0.30296195E+000  0.31845785E+000  0.46005963E+000  0.62775139E+000  0.80312013E+000  0.91036192E+000  0.12870315E+001  0.18877544E+001  0.26316253E+001  0.40996346E+001  0.58394772E+001
  0.30296151E+000  0.31845838E+000  0.46006061E+000  0.62775288E+000  0.80312054E+000  0.91035924E+000  0.12870350E+001  0.18877523E+001  0.26316208E+001  0.40996387E+001  0.58394716E+001
  0.30296111E+000  0.31845889E+000  0.46006153E+000  0.62775430E+000  0.80312095E+000  0.91035679E+000  0.12870384E+001  0.18877506E+001  0.26316172E+001  0.40996428E+001  0.58394666E+001
  0.30296076E+000  0.31845937E+000  0.46006240E+000  0.62775563E+000  0.80312137E+000  0.91035458E+000  0.12870415E+001  0.18877495E+001  0.26316144E+001  0.40996468E+001  0.58394622E+001
  0.30296044E+000  0.31845982E+000  0.46006322E+000  0.62775688E+000  0.80312178E+000  0.91035258E+000  0.12870444E+001  0.18877486E+001  0.26316122E+001  0.40996508E+001  0.58394583E+001
  0.30296017E+000  0.31846025E+000  0.46006399E+000  0.62775804E+000  0.80312218E+000  0.91035078E+000  0.12870471E+001  0.18877482E+001  0.26316107E+001  0.40996546E+001  0.58394548E+001
  0.30295992E+000  0.31846065E+000  0.46006470E+000  0.62775912E+000  0.80312257E+000  0.91034917E+000  0.12870496E+001  0.18877479E+001  0.26316096E+001  0.40996583E+001  0.58394518E+001
  0.30295971E+000  0.31843928E+000  0.46006536E+000  0.62776013E+000  0.80312295E+000  0.91034773E+000  0.12870520E+001  0.18877479E+001  0.26316089E+001  0.40996618E+001  0.58394492E+001
  0.30295952E+000  0.31843945E+000  0.46006597E+000  0.62776105E+000  0.80312331E+000  0.91034646E+000  0.12870541E+001  0.18877481E+001  0.26316086E+001  0.40996651E+001  0.58394469E+001
  0.30295936E+000  0.31843961E+000  0.46006654E+000  0.62776190E+000  0.80312365E+000  0.91034534E+000  0.12870561E+001  0.18877485E+001  0.26316087E+001  0.40996683E+001  0.58394449E+001
  0.30295922E+000  0.31843976E+000  0.46006705E+000  0.62776268E+000  0.80312398E+000  0.91034435E+000  0.12870579E+001  0.18877489E+001  0.26316090E+001  0.40996712E+001  0.58394431E+001
  0.30295910E+000  0.31843991E+000  0.46006752E+000  0.62776339E+000  0.80312428E+000  0.91034349E+000  0.12870595E+001  0.18877495E+001  0.26316094E+001  0.40996740E+001  0.58394416E+001
  0.30295900E+000  0.31844004E+000  0.46006795E+000  0.62776403E+000  0.80312457E+000  0.91034274E+000  0.12870610E+001  0.18877501E+001  0.26316099E+001  0.40996765E+001  0.58394404E+001
  0.30295892E+000  0.31844016E+000  0.46006833E+000  0.62776461E+000  0.80312483E+000  0.91034209E+000  0.12870624E+001  0.18877508E+001  0.26316106E+001  0.40996789E+001  0.58394393E+001
  0.30295885E+000  0.31844027E+000  0.46006868E+000  0.62776513E+000  0.80312508E+000  0.91034154E+000  0.12870636E+001  0.18877515E+001  0.26316112E+001  0.40996810E+001  0.58394384E+001
  0.30295879E+000  0.31844038E+000  0.46006899E+000  0.62776560E+000  0.80312531E+000  0.91034107E+000  0.12870646E+001  0.18877522E+001  0.26316119E+001  0.40996830E+001  0.58394376E+001
  0.30295875E+000  0.31844047E+000  0.46006927E+000  0.62776602E+000  0.80312552E+000  0.91034068E+000  0.12870656E+001  0.18877529E+001  0.26316126E+001  0.40996848E+001  0.58394370E+001
  0.30295871E+000  0.31844056E+000  0.46006952E+000  0.62776639E+000  0.80312571E+000  0.91034035E+000  0.12870665E+001  0.18877536E+001  0.26316133E+001  0.40996864E+001  0.58394364E+001
  0.30295869E+000  0.31844063E+000  0.46006974E+000  0.62776671E+000  0.80312588E+000  0.91034008E+000  0.12870672E+001  0.18877544E+001  0.26316140E+001  0.40996878E+001  0.58394360E+001
  0.30295867E+000  0.31844070E+000  0.46006993E+000  0.62776700E+000  0.80312604E+000  0.91033987E+000  0.12870679E+001  0.18877551E+001  0.26316147E+001  0.40996891E+001  0.58394356E+001
  0.30295865E+000  0.31844076E+000  0.46007009E+000  0.62776725E+000  0.80312618E+000  0.91033970E+000  0.12870684E+001  0.18877557E+001  0.26316154E+001  0.40996902E+001  0.58394353E+001
  0.30295864E+000  0.31844082E+000  0.46007024E+000  0.62776746E+000  0.80312631E+000  0.91033957E+000  0.12870689E+001  0.18877564E+001  0.26316161E+001  0.40996913E+001  0.58394351E+001
  0.30295864E+000  0.31844086E+000  0.46007036E+000  0.62776765E+000  0.80312642E+000  0.91033947E+000  0.12870694E+001  0.18877570E+001  0.26316167E+001  0.40996921E+001  0.58394349E+001
  0.30295864E+000  0.31844091E+000  0.46007047E+000  0.62776781E+000  0.80312652E+000  0.91033940E+000  0.12870697E+001  0.18877577E+001  0.26316173E+001  0.40996929E+001  0.58394347E+001
  0.30295864E+000  0.31844094E+000  0.46007056E+000  0.62776794E+000  0.80312661E+000  0.91033936E+000  0.12870700E+001  0.18877583E+001  0.26316178E+001  0.40996936E+001  0.58394346E+001
  0.30295864E+000  0.31844097E+000  0.46007063E+000  0.62776806E+000  0.80312668E+000  0.91033934E+000  0.12870703E+001  0.18877588E+001  0.26316184E+001  0.40996942E+001  0.58394345E+001
  0.30295865E+000  0.31844100E+000  0.46007070E+000  0.62776815E+000  0.80312675E+000  0.91033934E+000  0.12870705E+001  0.18877594E+001  0.26316189E+001  0.40996947E+001  0.58394344E+001
  0.30295866E+000  0.31844102E+000  0.46007075E+000  0.62776822E+000  0.80312681E+000  0.91033935E+000  0.12870707E+001  0.18877599E+001  0.26316194E+001  0.40996951E+001  0.58394343E+001
  0.30295866E+000  0.31844104E+000  0.46007079E+000  0.62776828E+000  0.80312686E+000  0.91033937E+000  0.12870708E+001  0.18877604E+001  0.26316198E+001  0.40996954E+001  0.58394342E+001
  0.30295867E+000  0.31844105E+000  0.46007082E+000  0.62776833E+000  0.80312690E+000  0.91033941E+000  0.12870709E+001  0.18877609E+001  0.26316202E+001  0.40996957E+001  0.58394342E+001
  0.30295868E+000  0.31844106E+000  0.46007084E+000  0.62776836E+000  0.80312693E+000  0.91033945E+000  0.12870710E+001  0.18877614E+001  0.26316207E+001  0.40996960E+001  0.58394342E+001
  0.30295869E+000  0.31844107E+000  0.46007085E+000  0.62776839E+000  0.80312696E+000  0.91033950E+000  0.12870711E+001  0.18877618E+001  0.26316211E+001  0.40996962E+001  0.58394341E+001
  0.30295870E+000  0.31844108E+000  0.46007086E+000  0.62776840E+000  0.80312699E+000  0.91033955E+000  0.12870711E+001  0.18877623E+001  0.26316215E+001  0.40996964E+001  0.58394341E+001
  0.30295871E+000  0.31844108E+000  0.46007087E+000  0.62776841E+000  0.80312701E+000  0.91033961E+000  0.12870711E+001  0.18877627E+001  0.26316218E+001  0.40996965E+001  0.58394341E+001
  0.30295872E+000  0.31844108E+000  0.46007087E+000  0.62776841E+000  0.80312702E+000  0.91033967E+000  0.12870711E+001  0.18877631E+001  0.26316222E+001  0.40996966E+001  0.58394341E+001
  0.30295873E+000  0.31844108E+000  0.46007087E+000  0.62776841E+000  0.80312704E+000  0.91033974E+000  0.12870711E+001  0.18877635E+001  0.26316225E+001  0.40996966E+001  0.58394341E+001
  0.30295874E+000  0.31844108E+000  0.46007086E+000  0.62776840E+000  0.80312704E+000  0.91033980E+000  0.12870711E+001  0.18877639E+001  0.26316229E+001  0.40996967E+001  0.58394340E+001
  0.30295875E+000  0.31844108E+000  0.46007085E+000  0.62776839E+000  0.80312705E+000  0.91033986E+000  0.12870711E+001  0.18877643E+001  0.26316232E+001  0.40996967E+001  0.58394340E+001
  0.30295875E+000  0.31844108E+000  0.46007084E+000  0.62776837E+000  0.80312706E+000  0.91033993E+000  0.12870711E+001  0.18877646E+001  0.26316235E+001  0.40996968E+001  0.58394340E+001
  0.30295876E+000  0.31844108E+000  0.46007082E+000  0.62776836E+000  0.80312706E+000  0.91033999E+000  0.12870710E+001  0.18877650E+001  0.26316239E+001  0.40996968E+001  0.58394341E+001
  0.30295877E+000  0.31844107E+000  0.46007081E+000  0.62776834E+000  0.80312706E+000  0.91034006E+000  0.12870710E+001  0.18877654E+001  0.26316242E+001  0.40996968E+001  0.58394341E+001
  0.30295878E+000  0.31844107E+000  0.46007079E+000  0.62776832E+000  0.80312706E+000  0.91034012E+000  0.12870709E+001  0.18877657E+001  0.26316245E+001  0.40996967E+001  0.58394341E+001
  0.30295879E+000  0.31844106E+000  0.46007078E+000  0.62776829E+000  0.80312706E+000  0.91034018E+000  0.12870709E+001  0.18877660E+001  0.26316248E+001  0.40996967E+001  0.58394341E+001
  0.30295879E+000  0.31844106E+000  0.46007076E+000  0.62776827E+000  0.80312706E+000  0.91034024E+000  0.12870708E+001  0.18877664E+001  0.26316251E+001  0.40996967E+001  0.58394341E+001
  0.30295880E+000  0.31844105E+000  0.46007074E+000  0.62776825E+000  0.80312705E+000  0.91034030E+000  0.12870708E+001  0.18877667E+001  0.26316254E+001  0.40996967E+001  0.58394342E+001
  0.30295881E+000  0.31844104E+000  0.46007073E+000  0.62776822E+000  0.80312705E+000  0.91034036E+000  0.12870707E+001  0.18877670E+001  0.26316257E+001  0.40996966E+001  0.58394342E+001
  0.30295881E+000  0.31844104E+000  0.46007071E+000  0.62776820E+000  0.80312705E+000  0.91034042E+000  0.12870707E+001  0.18877673E+001  0.26316260E+001  0.40996966E+001  0.58394342E+001
  0.30295882E+000  0.31844103E+000  0.46007069E+000  0.62776818E+000  0.80312704E+000  0.91034047E+000  0.12870706E+001  0.18877676E+001  0.26316263E+001  0.40996966E+001  0.58394343E+001
  0.30295883E+000  0.31844103E+000  0.46007068E+000  0.62776815E+000  0.80312704E+000  0.91034052E+000  0.12870706E+001  0.18877679E+001  0.26316266E+001  0.40996966E+001  0.58394343E+001
  0.30295883E+000  0.31844102E+000  0.46007066E+000  0.62776813E+000  0.80312704E+000  0.91034057E+000  0.12870705E+001  0.18877682E+001  0.26316269E+001  0.40996965E+001  0.58394344E+001
  0.30295884E+000  0.31844102E+000  0.46007065E+000  0.62776811E+000  0.80312703E+000  0.91034062E+000  0.12870705E+001  0.18877685E+001  0.26316272E+001  0.40996965E+001  0.58394345E+001
  0.30295884E+000  0.31844101E+000  0.46007063E+000  0.62776809E+000  0.80312703E+000  0.91034067E+000  0.12870705E+001  0.18877687E+001  0.26316275E+001  0.40996965E+001  0.58394345E+001
  0.30295885E+000  0.31844101E+000  0.46007062E+000  0.62776807E+000  0.80312703E+000  0.91034071E+000  0.12870704E+001  0.18877690E+001  0.26316278E+001  0.40996965E+001  0.58394346E+001
  0.30295885E+000  0.31844100E+000  0.46007060E+000  0.62776805E+000  0.80312703E+000  0.91034075E+000  0.12870704E+001  0.18877693E+001  0.26316281E+001  0.40996965E+001  0.58394347E+001
  0.30295886E+000  0.31844100E+000  0.46007059E+000  0.62776803E+000  0.80312703E+000  0.91034079E+000  0.12870703E+001  0.18877695E+001  0.26316284E+001  0.40996964E+001  0.58394348E+001
  0.30295886E+000  0.31844099E+000  0.46007058E+000  0.62776802E+000  0.80312702E+000  0.91034083E+000  0.12870703E+001  0.18877698E+001  0.26316287E+001  0.40996964E+001  0.58394348E+001
  0.30295887E+000  0.31844099E+000  0.46007057E+000  0.62776800E+000  0.80312702E+000  0.91034086E+000  0.12870703E+001  0.18877700E+001  0.26316289E+001  0.40996964E+001  0.58394349E+001
  0.30295887E+000  0.31844099E+000  0.46007056E+000  0.62776799E+000  0.80312702E+000  0.91034090E+000  0.12870702E+001  0.18877702E+001  0.26316292E+001  0.40996964E+001  0.58394350E+001
  0.30295888E+000  0.31844098E+000  0.46007055E+000  0.62776797E+000  0.80312702E+000  0.91034093E+000  0.12870702E+001  0.18877705E+001  0.26316295E+001  0.40996964E+001  0.58394351E+001
  0.30295888E+000  0.31844098E+000  0.46007054E+000  0.62776796E+000  0.80312702E+000  0.91034096E+000  0.12870702E+001  0.18877707E+001  0.26316298E+001  0.40996964E+001  0.58394352E+001
  0.30295888E+000  0.31844098E+000  0.46007053E+000  0.62776795E+000  0.80312703E+000  0.91034099E+000  0.12870702E+001  0.18877709E+001  0.26316300E+001  0.40996964E+001  0.58394353E+001
  0.30295889E+000  0.31844098E+000  0.46007053E+000  0.62776794E+000  0.80312703E+000  0.91034101E+000  0.12870702E+001  0.18877711E+001  0.26316303E+001  0.40996964E+001  0.58394354E+001
  0.30295889E+000  0.31844098E+000  0.46007052E+000  0.62776794E+000  0.80312703E+000  0.91034103E+000  0.12870701E+001  0.18877713E+001  0.26316305E+001  0.40996964E+001  0.58394355E+001
  0.30295890E+000  0.31844098E+000  0.46007052E+000  0.62776793E+000  0.80312703E+000  0.91034106E+000  0.12870701E+001  0.18877715E+001  0.26316308E+001  0.40996965E+001  0.58394356E+001
  0.30295890E+000  0.31844098E+000  0.46007051E+000  0.62776792E+000  0.80312704E+000  0.91034107E+000  0.12870701E+001  0.18877717E+001  0.26316310E+001  0.40996965E+001  0.58394357E+001
  0.30295890E+000  0.31844098E+000  0.46007051E+000  0.62776792E+000  0.80312704E+000  0.91034109E+000  0.12870701E+001  0.18877719E+001  0.26316313E+001  0.40996965E+001  0.58394358E+001
  0.30295891E+000  0.31844098E+000  0.46007051E+000  0.62776792E+000  0.80312704E+000  0.91034111E+000  0.12870701E+001  0.18877721E+001  0.26316315E+001  0.40996965E+001  0.58394359E+001
  0.30295891E+000  0.31844098E+000  0.46007051E+000  0.62776792E+000  0.80312705E+000  0.91034112E+000  0.12870701E+001  0.18877722E+001  0.26316317E+001  0.40996966E+001  0.58394361E+001
  0.30295891E+000  0.31844098E+000  0.46007051E+000  0.62776792E+000  0.80312705E+000  0.91034113E+000  0.12870701E+001  0.18877724E+001  0.26316319E+001  0.40996966E+001  0.58394362E+001
  0.30295891E+000  0.31844098E+000  0.46007051E+000  0.62776792E+000  0.80312706E+000  0.91034114E+000  0.12870701E+001  0.18877725E+001  0.26316321E+001  0.40996966E+001  0.58394363E+001
  0.30295892E+000  0.31844098E+000  0.46007051E+000  0.62776792E+000  0.80312706E+000  0.91034115E+000  0.12870701E+001  0.18877727E+001  0.26316323E+001  0.40996966E+001  0.58394364E+001
  0.30295892E+000  0.31844098E+000  0.46007051E+000  0.62776792E+000  0.80312707E+000  0.91034115E+000  0.12870701E+001  0.18877728E+001  0.26316325E+001  0.40996967E+001  0.58394365E+001
  0.30295892E+000  0.31844098E+000  0.46007051E+000  0.62776792E+000  0.80312707E+000  0.91034116E+000  0.12870701E+001  0.18877730E+001  0.26316327E+001  0.40996967E+001  0.58394366E+001
  0.30295892E+000  0.31844098E+000  0.46007051E+000  0.62776793E+000  0.80312708E+000  0.91034116E+000  0.12870701E+001  0.18877731E+001  0.26316329E+001  0.40996968E+001  0.58394367E+001
  0.30295893E+000  0.31844099E+000  0.46007052E+000  0.62776793E+000  0.80312709E+000  0.91034116E+000  0.12870701E+001  0.18877732E+001  0.26316331E+001  0.40996968E+001  0.58394368E+001
  0.30295893E+000  0.31844099E+000  0.46007052E+000  0.62776794E+000  0.80312709E+000  0.91034116E+000  0.12870701E+001  0.18877733E+001  0.26316332E+001  0.40996968E+001  0.58394369E+001
  0.30295893E+000  0.31844099E+000  0.46007053E+000  0.62776794E+000  0.80312710E+000  0.91034116E+000  0.12870702E+001  0.18877734E+001  0.26316334E+001  0.40996969E+001  0.58394370E+001
  0.30295893E+000  0.31844099E+000  0.46007053E+000  0.62776795E+000  0.80312711E+000  0.91034116E+000  0.12870702E+001  0.18877735E+001  0.26316335E+001  0.40996969E+001  0.58394370E+001
  0.30295893E+000  0.31844100E+000  0.46007054E+000  0.62776796E+000  0.80312711E+000  0.91034115E+000  0.12870702E+001  0.18877736E+001  0.26316337E+001  0.40996970E+001  0.58394371E+001
  0.30295893E+000  0.31844100E+000  0.46007054E+000  0.62776797E+000  0.80312712E+000  0.91034115E+000  0.12870702E+001  0.18877737E+001  0.26316338E+001  0.40996970E+001  0.58394372E+001
  0.30295893E+000  0.31844100E+000  0.46007055E+000  0.62776797E+000  0.80312713E+000  0.91034114E+000  0.12870702E+001  0.18877737E+001  0.26316339E+001  0.40996971E+001  0.58394373E+001
  0.30295893E+000  0.31844101E+000  0.46007056E+000  0.62776798E+000  0.80312713E+000  0.91034113E+000  0.12870702E+001  0.18877738E+001  0.26316340E+001  0.40996971E+001  0.58394374E+001
  0.30295893E+000  0.31844101E+000  0.46007056E+000  0.62776799E+000  0.80312714E+000  0.91034112E+000  0.12870703E+001  0.18877739E+001  0.26316341E+001  0.40996971E+001  0.58394374E+001
  0.30295894E+000  0.31844101E+000  0.46007057E+000  0.62776800E+000  0.80312714E+000  0.91034111E+000  0.12870703E+001  0.18877739E+001  0.26316342E+001  0.40996972E+001  0.58394375E+001
  0.30295894E+000  0.31844102E+000  0.46007058E+000  0.62776801E+000  0.80312715E+000  0.91034110E+000  0.12870703E+001  0.18877740E+001  0.26316343E+001  0.40996972E+001  0.58394376E+001
  0.30295894E+000  0.31844102E+000  0.46007058E+000  0.62776802E+000  0.80312716E+000  0.91034109E+000  0.12870703E+001  0.18877740E+001  0.26316344E+001  0.40996973E+001  0.58394376E+001
  0.30295894E+000  0.31844102E+000  0.46007059E+000  0.62776803E+000  0.80312716E+000  0.91034108E+000  0.12870703E+001  0.18877740E+001  0.26316345E+001  0.40996973E+001  0.58394377E+001
  0.30295894E+000  0.31844103E+000  0.46007060E+000  0.62776804E+000  0.80312717E+000  0.91034106E+000  0.12870704E+001  0.18877741E+001  0.26316346E+001  0.40996974E+001  0.58394377E+001
  0.30295894E+000  0.31844103E+000  0.46007061E+000  0.62776805E+000  0.80312718E+000  0.91034105E+000  0.12870704E+001  0.18877741E+001  0.26316346E+001  0.40996974E+001  0.58394378E+001
  0.30295894E+000  0.31844103E+000  0.46007061E+000  0.62776807E+000  0.80312718E+000  0.91034103E+000  0.12870704E+001  0.18877741E+001  0.26316347E+001  0.40996974E+001  0.58394378E+001
  0.30295893E+000  0.31844104E+000  0.46007062E+000  0.62776808E+000  0.80312719E+000  0.91034102E+000  0.12870704E+001  0.18877741E+001  0.26316347E+001  0.40996975E+001  0.58394379E+001
  0.30295893E+000  0.31844104E+000  0.46007063E+000  0.62776809E+000  0.80312719E+000  0.91034100E+000  0.12870705E+001  0.18877741E+001  0.26316348E+001  0.40996975E+001  0.58394379E+001
  0.30295893E+000  0.31844104E+000  0.46007064E+000  0.62776810E+000  0.80312720E+000  0.91034098E+000  0.12870705E+001  0.18877741E+001  0.26316348E+001  0.40996976E+001  0.58394379E+001
  0.30295893E+000  0.31844105E+000  0.46007065E+000  0.62776811E+000  0.80312720E+000  0.91034097E+000  0.12870705E+001  0.18877741E+001  0.26316348E+001  0.40996976E+001  0.58394379E+001
  0.30295893E+000  0.31844105E+000  0.46007065E+000  0.62776812E+000  0.80312721E+000  0.91034094E+000  0.12870705E+001  0.18877741E+001  0.26316349E+001  0.40996976E+001  0.58394379E+001
  0.30295893E+000  0.31844105E+000  0.46007066E+000  0.62776813E+000  0.80312721E+000  0.91034092E+000  0.12870706E+001  0.18877741E+001  0.26316349E+001  0.40996976E+001  0.58394379E+001
  0.30295893E+000  0.31844105E+000  0.46007067E+000  0.62776814E+000  0.80312721E+000  0.91034090E+000  0.12870706E+001  0.18877741E+001  0.26316349E+001  0.40996977E+001  0.58394379E+001
  0.30295892E+000  0.31844106E+000  0.46007068E+000  0.62776815E+000  0.80312721E+000  0.91034087E+000  0.12870706E+001  0.18877740E+001  0.26316348E+001  0.40996977E+001  0.58394379E+001
  0.30295892E+000  0.31844106E+000  0.46007069E+000  0.62776817E+000  0.80312721E+000  0.91034083E+000  0.12870706E+001  0.18877740E+001  0.26316348E+001  0.40996977E+001  0.58394378E+001
  0.30295891E+000  0.31844106E+000  0.46007070E+000  0.62776818E+000  0.80312721E+000  0.91034079E+000  0.12870706E+001  0.18877739E+001  0.26316348E+001  0.40996977E+001  0.58394377E+001
  0.30295891E+000  0.31844106E+000  0.46007071E+000  0.62776819E+000  0.80312721E+000  0.91034073E+000  0.12870707E+001  0.18877738E+001  0.26316347E+001  0.40996977E+001  0.58394376E+001
  0.30295890E+000  0.31844107E+000  0.46007072E+000  0.62776821E+000  0.80312721E+000  0.91034067E+000  0.12870707E+001  0.18877737E+001  0.26316346E+001  0.40996976E+001  0.58394374E+001
  0.30295889E+000  0.31844107E+000  0.46007073E+000  0.62776822E+000  0.80312720E+000  0.91034058E+000  0.12870707E+001  0.18877736E+001  0.26316344E+001  0.40996976E+001  0.58394372E+001
  0.30295887E+000  0.31844106E+000  0.46007075E+000  0.62776825E+000  0.80312717E+000  0.91034049E+000  0.12870708E+001  0.18877734E+001  0.26316342E+001  0.40996975E+001  0.58394369E+001
  0.30295884E+000  0.31844108E+000  0.46007077E+000  0.62776828E+000  0.80312721E+000  0.91034034E+000  0.12870709E+001  0.18877735E+001  0.26316339E+001  0.40996979E+001  0.58394372E+001
  0.30295889E+000  0.31844110E+000  0.46007080E+000  0.62776832E+000  0.80312724E+000  0.91034056E+000  0.12870709E+001  0.18877738E+001  0.26316347E+001  0.40996981E+001  0.58394375E+001
