  0.19289870E+000  0.21728274E+000  0.35591259E+000  0.51575646E+000  0.86282249E+000  0.98263899E+000  0.13476687E+001  0.25067920E+001  0.41257826E+001  0.59470532E+001  0.94544414E+001
  0.19267702E+000  0.21708010E+000  0.35496965E+000  0.51597034E+000  0.86181132E+000  0.98138483E+000  0.13410745E+001  0.24984822E+001  0.41119074E+001  0.59081925E+001  0.93893407E+001
  0.19251315E+000  0.21767363E+000  0.35459912E+000  0.51635401E+000  0.86123503E+000  0.98077258E+000  0.13384648E+001  0.24951114E+001  0.41118574E+001  0.58920155E+001  0.93627631E+001
  0.19244469E+000  0.21777940E+000  0.35427027E+000  0.51668125E+000  0.86090279E+000  0.98032950E+000  0.13379074E+001  0.24919525E+001  0.41105841E+001  0.58786072E+001  0.93401861E+001
  0.19235705E+000  0.21780085E+000  0.35401030E+000  0.51688850E+000  0.86057116E+000  0.97995527E+000  0.13362507E+001  0.24898673E+001  0.41097888E+001  0.58679371E+001  0.93223861E+001
  0.19232669E+000  0.21782980E+000  0.35379656E+000  0.51720354E+000  0.86030692E+000  0.97940954E+000  0.13355044E+001  0.24880105E+001  0.41109845E+001  0.58591905E+001  0.93081196E+001
  0.19227811E+000  0.21785096E+000  0.35362760E+000  0.51710593E+000  0.86007737E+000  0.97930781E+000  0.13343156E+001  0.24864596E+001  0.41135897E+001  0.58518536E+001  0.92961602E+001
  0.19221941E+000  0.21797712E+000  0.35347171E+000  0.51689741E+000  0.85988328E+000  0.97895174E+000  0.13332099E+001  0.24848704E+001  0.41154808E+001  0.58457596E+001  0.92862393E+001
  0.19220357E+000  0.21795245E+000  0.35335676E+000  0.51659820E+000  0.85971890E+000  0.97885304E+000  0.13323634E+001  0.24840590E+001  0.41151425E+001  0.58411302E+001  0.92818751E+001
  0.19216801E+000  0.21794204E+000  0.35325093E+000  0.51634883E+000  0.85957928E+000  0.97874805E+000  0.13316283E+001  0.24827050E+001  0.41161531E+001  0.58369743E+001  0.92794489E+001
  0.19215423E+000  0.21790026E+000  0.35316174E+000  0.51613211E+000  0.85946049E+000  0.97865452E+000  0.13308958E+001  0.24823727E+001  0.41171870E+001  0.58334862E+001  0.92775169E+001
  0.19209674E+000  0.21791344E+000  0.35308195E+000  0.51596456E+000  0.85935921E+000  0.97852676E+000  0.13304377E+001  0.24815766E+001  0.41177025E+001  0.58306255E+001  0.92774838E+001
  0.19207980E+000  0.21789927E+000  0.35303093E+000  0.51582053E+000  0.85928553E+000  0.97848914E+000  0.13300540E+001  0.24809466E+001  0.41169647E+001  0.58282414E+001  0.92762908E+001
  0.19208868E+000  0.21790891E+000  0.35297888E+000  0.51568346E+000  0.85921733E+000  0.97835796E+000  0.13296811E+001  0.24805520E+001  0.41158714E+001  0.58262547E+001  0.92754369E+001
  0.19208794E+000  0.21790157E+000  0.35293652E+000  0.51557792E+000  0.85913618E+000  0.97832144E+000  0.13293855E+001  0.24799779E+001  0.41151606E+001  0.58243335E+001  0.92746991E+001
  0.19204278E+000  0.21790173E+000  0.35289812E+000  0.51551275E+000  0.85908208E+000  0.97824500E+000  0.13290737E+001  0.24796650E+001  0.41149461E+001  0.58227727E+001  0.92740960E+001
  0.19206091E+000  0.21790184E+000  0.35286779E+000  0.51544284E+000  0.85903569E+000  0.97806620E+000  0.13289488E+001  0.24792957E+001  0.41150894E+001  0.58219224E+001  0.92731629E+001
  0.19202630E+000  0.21789839E+000  0.35284110E+000  0.51537603E+000  0.85899544E+000  0.97818592E+000  0.13287935E+001  0.24791409E+001  0.41156599E+001  0.58208613E+001  0.92727432E+001
  0.19201980E+000  0.21789307E+000  0.35282079E+000  0.51533441E+000  0.85896083E+000  0.97813644E+000  0.13285442E+001  0.24793154E+001  0.41153346E+001  0.58201676E+001  0.92719853E+001
  0.19203986E+000  0.21789158E+000  0.35280245E+000  0.51526677E+000  0.85895560E+000  0.97809618E+000  0.13285382E+001  0.24790677E+001  0.41150325E+001  0.58196040E+001  0.92722008E+001
  0.19201087E+000  0.21788876E+000  0.35278914E+000  0.51523831E+000  0.85890502E+000  0.97805771E+000  0.13283921E+001  0.24788155E+001  0.41147930E+001  0.58188200E+001  0.92720252E+001
  0.19200542E+000  0.21788697E+000  0.35277975E+000  0.51522753E+000  0.85890485E+000  0.97802648E+000  0.13283361E+001  0.24789057E+001  0.41145930E+001  0.58185490E+001  0.92717727E+001
  0.19200191E+000  0.21788551E+000  0.35278441E+000  0.51518635E+000  0.85886271E+000  0.97803505E+000  0.13282908E+001  0.24788297E+001  0.41144259E+001  0.58183437E+001  0.92700421E+001
  0.19202808E+000  0.21788406E+000  0.35280671E+000  0.51517707E+000  0.85884742E+000  0.97799845E+000  0.13282546E+001  0.24787413E+001  0.41143834E+001  0.58177112E+001  0.92697531E+001
  0.19199632E+000  0.21788287E+000  0.35282033E+000  0.51518421E+000  0.85884296E+000  0.97797042E+000  0.13282261E+001  0.24786727E+001  0.41145091E+001  0.58175173E+001  0.92695236E+001
  0.19202261E+000  0.21788169E+000  0.35281277E+000  0.51517622E+000  0.85884361E+000  0.97797869E+000  0.13282161E+001  0.24786211E+001  0.41146174E+001  0.58173767E+001  0.92693330E+001
  0.19199221E+000  0.21788065E+000  0.35283347E+000  0.51516222E+000  0.85880825E+000  0.97796450E+000  0.13281875E+001  0.24785835E+001  0.41147110E+001  0.58173435E+001  0.92691724E+001
  0.19200102E+000  0.21787968E+000  0.35282211E+000  0.51516052E+000  0.85880488E+000  0.97792530E+000  0.13281756E+001  0.24785579E+001  0.41147926E+001  0.58173628E+001  0.92690355E+001
  0.19202006E+000  0.21787884E+000  0.35284238E+000  0.51516005E+000  0.85882613E+000  0.97792182E+000  0.13281675E+001  0.24785424E+001  0.41143318E+001  0.58173962E+001  0.92689163E+001
  0.19198813E+000  0.21787803E+000  0.35282861E+000  0.51516057E+000  0.85879058E+000  0.97792078E+000  0.13281625E+001  0.24785353E+001  0.41143478E+001  0.58174413E+001  0.92687829E+001
  0.19198936E+000  0.21787729E+000  0.35284415E+000  0.51516194E+000  0.85876781E+000  0.97792153E+000  0.13281692E+001  0.24782039E+001  0.41143650E+001  0.58174964E+001  0.92686738E+001
  0.19201053E+000  0.21787660E+000  0.35283315E+000  0.51516629E+000  0.85876043E+000  0.97792377E+000  0.13281742E+001  0.24782345E+001  0.41143836E+001  0.58175600E+001  0.92686305E+001
  0.19199285E+000  0.21787598E+000  0.35284195E+000  0.51516670E+000  0.85875355E+000  0.97789047E+000  0.13281617E+001  0.24782635E+001  0.41144036E+001  0.58176307E+001  0.92686575E+001
  0.19199198E+000  0.21787536E+000  0.35285107E+000  0.51516987E+000  0.85874710E+000  0.97788992E+000  0.13281647E+001  0.24782915E+001  0.41144250E+001  0.58177075E+001  0.92687592E+001
  0.19199262E+000  0.21787490E+000  0.35286734E+000  0.51517347E+000  0.85874101E+000  0.97788739E+000  0.13281690E+001  0.24783188E+001  0.41144481E+001  0.58177898E+001  0.92686410E+001
  0.19199318E+000  0.21787429E+000  0.35287136E+000  0.51518060E+000  0.85873521E+000  0.97788558E+000  0.13281742E+001  0.24783459E+001  0.41144728E+001  0.58178767E+001  0.92665596E+001
  0.19199369E+000  0.21787380E+000  0.35288416E+000  0.51518169E+000  0.85872966E+000  0.97788367E+000  0.13281802E+001  0.24783731E+001  0.41144994E+001  0.58179676E+001  0.92664144E+001
  0.19199418E+000  0.21786923E+000  0.35288182E+000  0.51518973E+000  0.85873322E+000  0.97788173E+000  0.13281920E+001  0.24784005E+001  0.41145280E+001  0.58180622E+001  0.92662716E+001
  0.19199465E+000  0.21787283E+000  0.35288920E+000  0.51519097E+000  0.85876003E+000  0.97787981E+000  0.13282129E+001  0.24784286E+001  0.41145588E+001  0.58181601E+001  0.92661313E+001
  0.19200011E+000  0.21786806E+000  0.35288301E+000  0.51519593E+000  0.85873369E+000  0.97787795E+000  0.13282344E+001  0.24784576E+001  0.41145919E+001  0.58182611E+001  0.92659933E+001
  0.19199560E+000  0.21786986E+000  0.35284471E+000  0.51520107E+000  0.85875887E+000  0.97787619E+000  0.13282566E+001  0.24784875E+001  0.41146274E+001  0.58183650E+001  0.92659205E+001
  0.19199611E+000  0.21786341E+000  0.35284586E+000  0.51520638E+000  0.85874555E+000  0.97787457E+000  0.13282795E+001  0.24785186E+001  0.41146656E+001  0.58184715E+001  0.92659635E+001
  0.19199664E+000  0.21786651E+000  0.35284709E+000  0.51521185E+000  0.85873908E+000  0.97780626E+000  0.13283031E+001  0.24780768E+001  0.41147066E+001  0.58185805E+001  0.92659942E+001
  0.19199722E+000  0.21786979E+000  0.35284840E+000  0.51521746E+000  0.85869586E+000  0.97780193E+000  0.13283275E+001  0.24781104E+001  0.41147505E+001  0.58186919E+001  0.92660585E+001
  0.19199783E+000  0.21786134E+000  0.35286275E+000  0.51522999E+000  0.85869167E+000  0.97779780E+000  0.13283528E+001  0.24781457E+001  0.41147974E+001  0.58188056E+001  0.92661394E+001
  0.19199850E+000  0.21786536E+000  0.35288353E+000  0.51523400E+000  0.85868763E+000  0.97779384E+000  0.13283789E+001  0.24781827E+001  0.41148476E+001  0.58189389E+001  0.92659794E+001
  0.19199921E+000  0.21786964E+000  0.35290583E+000  0.51523507E+000  0.85868379E+000  0.97779009E+000  0.13284058E+001  0.24782214E+001  0.41143133E+001  0.58190871E+001  0.92660140E+001
  0.19199999E+000  0.21786726E+000  0.35290746E+000  0.51524118E+000  0.85868013E+000  0.97778655E+000  0.13284337E+001  0.24782620E+001  0.41138826E+001  0.58192361E+001  0.92660561E+001
  0.19200197E+000  0.21786408E+000  0.35290759E+000  0.51525153E+000  0.85867669E+000  0.97778322E+000  0.13283201E+001  0.24783043E+001  0.41138944E+001  0.58194291E+001  0.92661058E+001
  0.19200172E+000  0.21786851E+000  0.35289104E+000  0.51525372E+000  0.85867346E+000  0.97778013E+000  0.13284683E+001  0.24783486E+001  0.41139042E+001  0.58194035E+001  0.92661634E+001
  0.19200267E+000  0.21786311E+000  0.35291084E+000  0.51526014E+000  0.85867573E+000  0.97777730E+000  0.13284789E+001  0.24783948E+001  0.41139126E+001  0.58195281E+001  0.92662292E+001
  0.19200369E+000  0.21786387E+000  0.35293201E+000  0.51527045E+000  0.85869226E+000  0.97777473E+000  0.13284896E+001  0.24784429E+001  0.41138971E+001  0.58196539E+001  0.92663033E+001
  0.19200478E+000  0.21786918E+000  0.35287630E+000  0.51528131E+000  0.85868721E+000  0.97777244E+000  0.13285005E+001  0.24784929E+001  0.41138307E+001  0.58197809E+001  0.92663860E+001
  0.19200593E+000  0.21786546E+000  0.35289889E+000  0.51527996E+000  0.85871399E+000  0.97777044E+000  0.13285115E+001  0.24785448E+001  0.41138021E+001  0.58199087E+001  0.92664772E+001
  0.19200715E+000  0.21786644E+000  0.35293164E+000  0.51528668E+000  0.85870038E+000  0.97776875E+000  0.13285227E+001  0.24785985E+001  0.41138122E+001  0.58200371E+001  0.92665772E+001
  0.19199246E+000  0.21786751E+000  0.35293829E+000  0.51529411E+000  0.85870761E+000  0.97776738E+000  0.13285339E+001  0.24786540E+001  0.41134331E+001  0.58201660E+001  0.92666859E+001
  0.19200190E+000  0.21786868E+000  0.35296403E+000  0.51530027E+000  0.85871526E+000  0.97776632E+000  0.13285453E+001  0.24783703E+001  0.41127499E+001  0.58203360E+001  0.92668033E+001
  0.19198783E+000  0.21786996E+000  0.35295995E+000  0.51530935E+000  0.85865765E+000  0.97777727E+000  0.13285567E+001  0.24784323E+001  0.41120356E+001  0.58200041E+001  0.92669293E+001
  0.19198899E+000  0.21786869E+000  0.35297378E+000  0.51531398E+000  0.85865701E+000  0.97779061E+000  0.13286054E+001  0.24784947E+001  0.41117012E+001  0.58201049E+001  0.92670637E+001
  0.19199024E+000  0.21786220E+000  0.35291938E+000  0.51532085E+000  0.85865672E+000  0.97780364E+000  0.13286546E+001  0.24785573E+001  0.41114192E+001  0.58202025E+001  0.92672064E+001
  0.19199158E+000  0.21786287E+000  0.35293965E+000  0.51532771E+000  0.85865675E+000  0.97781631E+000  0.13285914E+001  0.24786202E+001  0.41112463E+001  0.58202965E+001  0.92673572E+001
  0.19199300E+000  0.21786360E+000  0.35296646E+000  0.51533455E+000  0.85870010E+000  0.97782861E+000  0.13286031E+001  0.24786830E+001  0.41112324E+001  0.58203868E+001  0.92675156E+001
  0.19199451E+000  0.21786946E+000  0.35299431E+000  0.51534136E+000  0.85871785E+000  0.97776713E+000  0.13286147E+001  0.24787458E+001  0.41112386E+001  0.58204732E+001  0.92676814E+001
  0.19199611E+000  0.21786526E+000  0.35301371E+000  0.51534813E+000  0.85866250E+000  0.97776846E+000  0.13286264E+001  0.24785995E+001  0.41112636E+001  0.58205555E+001  0.92678541E+001
  0.19200678E+000  0.21786790E+000  0.35301228E+000  0.51535485E+000  0.85869374E+000  0.97778588E+000  0.13286380E+001  0.24786667E+001  0.41113057E+001  0.58206335E+001  0.92680333E+001
  0.19201022E+000  0.21786715E+000  0.35303279E+000  0.51535996E+000  0.85872476E+000  0.97777881E+000  0.13286496E+001  0.24787346E+001  0.41113636E+001  0.58207072E+001  0.92682184E+001
  0.19200840E+000  0.21786818E+000  0.35303434E+000  0.51535502E+000  0.85866386E+000  0.97780643E+000  0.13286953E+001  0.24788031E+001  0.41114356E+001  0.58207764E+001  0.92684090E+001
  0.19201162E+000  0.21786926E+000  0.35304888E+000  0.51535155E+000  0.85866613E+000  0.97783421E+000  0.13287431E+001  0.24785373E+001  0.41109887E+001  0.58208412E+001  0.92686045E+001
  0.19201789E+000  0.21787038E+000  0.35305041E+000  0.51536138E+000  0.85866869E+000  0.97778021E+000  0.13286841E+001  0.24785574E+001  0.41100765E+001  0.58209013E+001  0.92688041E+001
  0.19200713E+000  0.21787154E+000  0.35306475E+000  0.51537333E+000  0.85867152E+000  0.97780887E+000  0.13286954E+001  0.24785772E+001  0.41101368E+001  0.58209569E+001  0.92690073E+001
  0.19200915E+000  0.21787775E+000  0.35301722E+000  0.51537775E+000  0.85871143E+000  0.97778676E+000  0.13287066E+001  0.24785966E+001  0.41102052E+001  0.58210080E+001  0.92692134E+001
  0.19201122E+000  0.21787756E+000  0.35304540E+000  0.51538621E+000  0.85867790E+000  0.97780610E+000  0.13287176E+001  0.24786155E+001  0.41102803E+001  0.58210546E+001  0.92694217E+001
  0.19202087E+000  0.21787525E+000  0.35307388E+000  0.51536827E+000  0.85868143E+000  0.97786574E+000  0.13287285E+001  0.24786607E+001  0.41103246E+001  0.58210968E+001  0.92696316E+001
  0.19202382E+000  0.21787654E+000  0.35310256E+000  0.51538365E+000  0.85871180E+000  0.97780194E+000  0.13287392E+001  0.24787062E+001  0.41103919E+001  0.58211347E+001  0.92698422E+001
  0.19201758E+000  0.21787785E+000  0.35308503E+000  0.51536149E+000  0.85874378E+000  0.97781566E+000  0.13287833E+001  0.24787513E+001  0.41104623E+001  0.58211685E+001  0.92700529E+001
  0.19201972E+000  0.21788252E+000  0.35312035E+000  0.51536419E+000  0.85869308E+000  0.97781796E+000  0.13288295E+001  0.24787958E+001  0.41105509E+001  0.58211982E+001  0.92702630E+001
  0.19202187E+000  0.21788049E+000  0.35311259E+000  0.51536669E+000  0.85869725E+000  0.97782610E+000  0.13288132E+001  0.24788396E+001  0.41105989E+001  0.58212241E+001  0.92704718E+001
  0.19202544E+000  0.21788182E+000  0.35296232E+000  0.51536899E+000  0.85870152E+000  0.97783428E+000  0.13288495E+001  0.24788827E+001  0.41106681E+001  0.58212463E+001  0.92706786E+001
  0.19203261E+000  0.21788315E+000  0.35299246E+000  0.51537110E+000  0.85870587E+000  0.97786378E+000  0.13288586E+001  0.24789284E+001  0.41107367E+001  0.58212649E+001  0.92708828E+001
  0.19202824E+000  0.21788447E+000  0.35303313E+000  0.51537568E+000  0.85871029E+000  0.97790609E+000  0.13287988E+001  0.24789890E+001  0.41108044E+001  0.58212803E+001  0.92710837E+001
  0.19203200E+000  0.21788577E+000  0.35316112E+000  0.51539336E+000  0.85872998E+000  0.97785878E+000  0.13288078E+001  0.24790479E+001  0.41108709E+001  0.58212926E+001  0.92712807E+001
  0.19203383E+000  0.21788706E+000  0.35316451E+000  0.51541052E+000  0.85876828E+000  0.97786682E+000  0.13288166E+001  0.24790455E+001  0.41109359E+001  0.58213020E+001  0.92714733E+001
  0.19203436E+000  0.21788833E+000  0.35316772E+000  0.51538435E+000  0.85872365E+000  0.97787475E+000  0.13288249E+001  0.24787890E+001  0.41109992E+001  0.58213088E+001  0.92716609E+001
  0.19203632E+000  0.21789073E+000  0.35317074E+000  0.51539573E+000  0.85872807E+000  0.97788254E+000  0.13288330E+001  0.24788010E+001  0.41107449E+001  0.58213131E+001  0.92718432E+001
  0.19203822E+000  0.21789079E+000  0.35317359E+000  0.51540667E+000  0.85873245E+000  0.97789017E+000  0.13288408E+001  0.24788124E+001  0.41108217E+001  0.58213153E+001  0.92720196E+001
  0.19204007E+000  0.21789196E+000  0.35317626E+000  0.51541715E+000  0.85873676E+000  0.97789761E+000  0.13288481E+001  0.24788231E+001  0.41108978E+001  0.58213156E+001  0.92721899E+001
  0.19204186E+000  0.21789310E+000  0.35320430E+000  0.51538207E+000  0.85874099E+000  0.97790483E+000  0.13288552E+001  0.24788332E+001  0.41109728E+001  0.58213140E+001  0.92723536E+001
  0.19204358E+000  0.21789419E+000  0.35318110E+000  0.51538283E+000  0.85874511E+000  0.97791183E+000  0.13288619E+001  0.24788428E+001  0.41110463E+001  0.58213109E+001  0.92725105E+001
  0.19204524E+000  0.21789525E+000  0.35318647E+000  0.51538348E+000  0.85874912E+000  0.97791858E+000  0.13288682E+001  0.24788517E+001  0.41111177E+001  0.58213064E+001  0.92732027E+001
  0.19204683E+000  0.21789015E+000  0.35321590E+000  0.51538404E+000  0.85875301E+000  0.97796008E+000  0.13288742E+001  0.24788601E+001  0.41111867E+001  0.58213008E+001  0.92733524E+001
  0.19204834E+000  0.21789232E+000  0.35318723E+000  0.51538451E+000  0.85875676E+000  0.97793129E+000  0.13288911E+001  0.24788678E+001  0.41112532E+001  0.58212942E+001  0.92733880E+001
  0.19204978E+000  0.21789438E+000  0.35318898E+000  0.51538490E+000  0.85876036E+000  0.97793723E+000  0.13288852E+001  0.24788751E+001  0.41113168E+001  0.58212869E+001  0.92734213E+001
  0.19205115E+000  0.21789633E+000  0.35320001E+000  0.51538521E+000  0.85876381E+000  0.97794287E+000  0.13288901E+001  0.24788818E+001  0.41113773E+001  0.58212789E+001  0.92734525E+001
  0.19205244E+000  0.21789816E+000  0.35322338E+000  0.51538546E+000  0.85876710E+000  0.97794822E+000  0.13288800E+001  0.24788880E+001  0.41114347E+001  0.58212704E+001  0.92734817E+001
  0.19205365E+000  0.21789859E+000  0.35324522E+000  0.51538566E+000  0.85877023E+000  0.97797958E+000  0.13288359E+001  0.24788937E+001  0.41114888E+001  0.58212616E+001  0.92739517E+001
  0.19205479E+000  0.21789298E+000  0.35323886E+000  0.51538580E+000  0.85877318E+000  0.97797911E+000  0.13288406E+001  0.24788990E+001  0.41115397E+001  0.58212526E+001  0.92739889E+001
  0.19205585E+000  0.21789360E+000  0.35325371E+000  0.51538717E+000  0.85877597E+000  0.97797857E+000  0.13288450E+001  0.24789038E+001  0.41115872E+001  0.58212434E+001  0.92740231E+001
  0.19205685E+000  0.21789418E+000  0.35323738E+000  0.51539006E+000  0.85877859E+000  0.97797799E+000  0.13288490E+001  0.24789082E+001  0.41116315E+001  0.58212343E+001  0.92740544E+001
  0.19205777E+000  0.21789472E+000  0.35324652E+000  0.51539270E+000  0.85878104E+000  0.97797737E+000  0.13288526E+001  0.24789121E+001  0.41109933E+001  0.58212252E+001  0.92740828E+001
  0.19205862E+000  0.21789522E+000  0.35325491E+000  0.51539511E+000  0.85878665E+000  0.97797673E+000  0.13288560E+001  0.24789158E+001  0.41110121E+001  0.58212163E+001  0.92741086E+001
  0.19205940E+000  0.21789568E+000  0.35326258E+000  0.51539729E+000  0.85879882E+000  0.97797742E+000  0.13288590E+001  0.24789190E+001  0.41110291E+001  0.58212076E+001  0.92744137E+001
  0.19206012E+000  0.21789610E+000  0.35326956E+000  0.51539926E+000  0.85880990E+000  0.97798047E+000  0.13288617E+001  0.24789219E+001  0.41110443E+001  0.58211992E+001  0.92744278E+001
  0.19206078E+000  0.21789649E+000  0.35323040E+000  0.51540103E+000  0.85881995E+000  0.97798327E+000  0.13288641E+001  0.24789245E+001  0.41110577E+001  0.58211911E+001  0.92744403E+001
  0.19206138E+000  0.21789685E+000  0.35324217E+000  0.51540261E+000  0.85882902E+000  0.97798582E+000  0.13288663E+001  0.24789269E+001  0.41110696E+001  0.58211834E+001  0.92744512E+001
  0.19206193E+000  0.21789717E+000  0.35325274E+000  0.51540402E+000  0.85883718E+000  0.97798815E+000  0.13288683E+001  0.24789289E+001  0.41110799E+001  0.58211761E+001  0.92744607E+001
  0.19206242E+000  0.21789746E+000  0.35326218E+000  0.51540527E+000  0.85884448E+000  0.97799025E+000  0.13288700E+001  0.24789308E+001  0.41110889E+001  0.58211692E+001  0.92744687E+001
  0.19206286E+000  0.21789773E+000  0.35327057E+000  0.51540638E+000  0.85885098E+000  0.97799215E+000  0.13288715E+001  0.24789324E+001  0.41110967E+001  0.58211627E+001  0.92744755E+001
  0.19206326E+000  0.21789796E+000  0.35327800E+000  0.51540734E+000  0.85885675E+000  0.97799385E+000  0.13288728E+001  0.24789338E+001  0.41111032E+001  0.58211566E+001  0.92744810E+001
  0.19206362E+000  0.21789818E+000  0.35325960E+000  0.51540818E+000  0.85886185E+000  0.97800009E+000  0.13288740E+001  0.24789356E+001  0.41111088E+001  0.58211509E+001  0.92744855E+001
  0.19206393E+000  0.21789836E+000  0.35326631E+000  0.51540891E+000  0.85886631E+000  0.97800802E+000  0.13288750E+001  0.24789423E+001  0.41111134E+001  0.58211457E+001  0.92744889E+001
  0.19206421E+000  0.21789853E+000  0.35327215E+000  0.51540954E+000  0.85887021E+000  0.97799793E+000  0.13288758E+001  0.24789481E+001  0.41111172E+001  0.58211409E+001  0.92744914E+001
  0.19206446E+000  0.21789868E+000  0.35327719E+000  0.51541007E+000  0.85887359E+000  0.97799898E+000  0.13288766E+001  0.24789532E+001  0.41111203E+001  0.58211365E+001  0.92744930E+001
  0.19206467E+000  0.21789881E+000  0.35328151E+000  0.51541052E+000  0.85887650E+000  0.97799991E+000  0.13288772E+001  0.24789575E+001  0.41111227E+001  0.58211325E+001  0.92744939E+001
  0.19206486E+000  0.21789893E+000  0.35328519E+000  0.51541090E+000  0.85887899E+000  0.97800072E+000  0.13288777E+001  0.24789612E+001  0.41111246E+001  0.58211289E+001  0.92744941E+001
  0.19206502E+000  0.21789903E+000  0.35320555E+000  0.51541121E+000  0.85888110E+000  0.97800141E+000  0.13288782E+001  0.24789644E+001  0.41111286E+001  0.58211256E+001  0.92744938E+001
  0.19206516E+000  0.21789911E+000  0.35320572E+000  0.51541147E+000  0.85880173E+000  0.97800201E+000  0.13288785E+001  0.24789671E+001  0.41111326E+001  0.58211226E+001  0.92744929E+001
  0.19206528E+000  0.21789919E+000  0.35320587E+000  0.51541167E+000  0.85880210E+000  0.97800252E+000  0.13288788E+001  0.24789693E+001  0.41111359E+001  0.58211200E+001  0.92744916E+001
  0.19206538E+000  0.21789925E+000  0.35320601E+000  0.51541184E+000  0.85880241E+000  0.97800296E+000  0.13288790E+001  0.24789711E+001  0.41111386E+001  0.58211177E+001  0.92744899E+001
  0.19206547E+000  0.21789930E+000  0.35320613E+000  0.51541196E+000  0.85880268E+000  0.97800332E+000  0.13287591E+001  0.24789726E+001  0.41111408E+001  0.58211156E+001  0.92744879E+001
  0.19206554E+000  0.21789935E+000  0.35320624E+000  0.51541205E+000  0.85880291E+000  0.97800361E+000  0.13287592E+001  0.24789737E+001  0.41111425E+001  0.58211138E+001  0.92744856E+001
  0.19206560E+000  0.21789938E+000  0.35320633E+000  0.51541211E+000  0.85880310E+000  0.97800386E+000  0.13287593E+001  0.24789746E+001  0.41111439E+001  0.58211122E+001  0.92744832E+001
  0.19206565E+000  0.21789941E+000  0.35320642E+000  0.51541214E+000  0.85880325E+000  0.97800405E+000  0.13287594E+001  0.24789753E+001  0.41111451E+001  0.58211108E+001  0.92744805E+001
  0.19206568E+000  0.21789944E+000  0.35320649E+000  0.51541216E+000  0.85880338E+000  0.97800420E+000  0.13287595E+001  0.24789757E+001  0.41111460E+001  0.58211096E+001  0.92744778E+001
  0.19206571E+000  0.21789946E+000  0.35320656E+000  0.51541216E+000  0.85880348E+000  0.97800431E+000  0.13287595E+001  0.24789760E+001  0.41111468E+001  0.58211086E+001  0.92744750E+001
  0.19206573E+000  0.21789947E+000  0.35320663E+000  0.51541214E+000  0.85880356E+000  0.97800439E+000  0.13287596E+001  0.24789761E+001  0.41111475E+001  0.58211078E+001  0.92744721E+001
  0.19206575E+000  0.21789948E+000  0.35320668E+000  0.51541212E+000  0.85880362E+000  0.97800445E+000  0.13287596E+001  0.24789762E+001  0.41111482E+001  0.58211070E+001  0.92744692E+001
  0.19206576E+000  0.21789949E+000  0.35320673E+000  0.51541208E+000  0.85880366E+000  0.97800447E+000  0.13287596E+001  0.24789761E+001  0.41111488E+001  0.58211065E+001  0.92744663E+001
  0.19206577E+000  0.21789949E+000  0.35320678E+000  0.51541204E+000  0.85880369E+000  0.97800448E+000  0.13287597E+001  0.24789759E+001  0.41111494E+001  0.58211060E+001  0.92744634E+001
  0.19206577E+000  0.21789950E+000  0.35320682E+000  0.51541199E+000  0.85880371E+000  0.97800447E+000  0.13287597E+001  0.24789756E+001  0.41111501E+001  0.58211056E+001  0.92744606E+001
  0.19206577E+000  0.21789950E+000  0.35320685E+000  0.51541193E+000  0.85880372E+000  0.97800445E+000  0.13287597E+001  0.24789753E+001  0.41111509E+001  0.58211053E+001  0.92744578E+001
  0.19206576E+000  0.21789949E+000  0.35320688E+000  0.51541187E+000  0.85880371E+000  0.97800441E+000  0.13287597E+001  0.24789750E+001  0.41111517E+001  0.58211051E+001  0.92744550E+001
  0.19206576E+000  0.21789949E+000  0.35320691E+000  0.51541181E+000  0.85880370E+000  0.97800437E+000  0.13287597E+001  0.24789746E+001  0.41111527E+001  0.58211049E+001  0.92744524E+001
  0.19206575E+000  0.21789948E+000  0.35320694E+000  0.51541175E+000  0.85880369E+000  0.97800431E+000  0.13287597E+001  0.24789742E+001  0.41111538E+001  0.58211048E+001  0.92744498E+001
  0.19206574E+000  0.21789948E+000  0.35320696E+000  0.51541168E+000  0.85880367E+000  0.97800425E+000  0.13287597E+001  0.24789737E+001  0.41111550E+001  0.58211047E+001  0.92744473E+001
  0.19206573E+000  0.21789947E+000  0.35320699E+000  0.51541162E+000  0.85880364E+000  0.97800419E+000  0.13287597E+001  0.24789733E+001  0.41111563E+001  0.58211047E+001  0.92744449E+001
  0.19206572E+000  0.21789946E+000  0.35320701E+000  0.51541155E+000  0.85880361E+000  0.97800412E+000  0.13287597E+001  0.24789728E+001  0.41111578E+001  0.58211047E+001  0.92744426E+001
  0.19206571E+000  0.21789946E+000  0.35320702E+000  0.51541149E+000  0.85880358E+000  0.97800405E+000  0.13287597E+001  0.24789723E+001  0.41111594E+001  0.58211047E+001  0.92744405E+001
  0.19206569E+000  0.21789945E+000  0.35320704E+000  0.51541142E+000  0.85880355E+000  0.97800397E+000  0.13287597E+001  0.24789719E+001  0.41111612E+001  0.58211048E+001  0.92744384E+001
  0.19206568E+000  0.21789944E+000  0.35320705E+000  0.51541136E+000  0.85880352E+000  0.97800390E+000  0.13287597E+001  0.24789714E+001  0.41111631E+001  0.58211049E+001  0.92744364E+001
  0.19206567E+000  0.21789943E+000  0.35320706E+000  0.51541130E+000  0.85880348E+000  0.97800383E+000  0.13287597E+001  0.24789709E+001  0.41111652E+001  0.58211049E+001  0.92744345E+001
  0.19206566E+000  0.21789942E+000  0.35320708E+000  0.51541124E+000  0.85880345E+000  0.97800375E+000  0.13287597E+001  0.24789705E+001  0.41111674E+001  0.58211050E+001  0.92744327E+001
  0.19206564E+000  0.21789941E+000  0.35320709E+000  0.51541118E+000  0.85888414E+000  0.97800368E+000  0.13287597E+001  0.24789700E+001  0.41111697E+001  0.58211051E+001  0.92744310E+001
  0.19206563E+000  0.21789941E+000  0.35320709E+000  0.51541112E+000  0.85888383E+000  0.97800361E+000  0.13287597E+001  0.24789696E+001  0.41111722E+001  0.58211052E+001  0.92744295E+001
  0.19206562E+000  0.21789940E+000  0.35320710E+000  0.51541107E+000  0.85888353E+000  0.97800354E+000  0.13287597E+001  0.24789692E+001  0.41111748E+001  0.58211053E+001  0.92744280E+001
  0.19206561E+000  0.21789939E+000  0.35320711E+000  0.51541102E+000  0.85888324E+000  0.97800348E+000  0.13287597E+001  0.24789688E+001  0.41111775E+001  0.58211054E+001  0.92744267E+001
  0.19206560E+000  0.21789938E+000  0.35320711E+000  0.51541097E+000  0.85888296E+000  0.97800341E+000  0.13287597E+001  0.24789684E+001  0.41111803E+001  0.58211055E+001  0.92744254E+001
  0.19206559E+000  0.21789937E+000  0.35320712E+000  0.51541092E+000  0.85888269E+000  0.97800335E+000  0.13287597E+001  0.24789680E+001  0.41111832E+001  0.58211056E+001  0.92744242E+001
  0.19206558E+000  0.21789937E+000  0.35320712E+000  0.51541087E+000  0.85888243E+000  0.97800329E+000  0.13287597E+001  0.24789677E+001  0.41111862E+001  0.58211056E+001  0.92744232E+001
  0.19206557E+000  0.21789936E+000  0.35320713E+000  0.51541083E+000  0.85888219E+000  0.97800324E+000  0.13287597E+001  0.24789673E+001  0.41111893E+001  0.58211057E+001  0.92744222E+001
  0.19206556E+000  0.21789935E+000  0.35320713E+000  0.51541078E+000  0.85888196E+000  0.97800319E+000  0.13287597E+001  0.24789670E+001  0.41111925E+001  0.58211057E+001  0.92744213E+001
  0.19206555E+000  0.21789935E+000  0.35320713E+000  0.51541074E+000  0.85888175E+000  0.97800314E+000  0.13287597E+001  0.24789667E+001  0.41111957E+001  0.58211058E+001  0.92744205E+001
  0.19206554E+000  0.21789934E+000  0.35320714E+000  0.51541070E+000  0.85888154E+000  0.97800309E+000  0.13287597E+001  0.24789664E+001  0.41111990E+001  0.58211058E+001  0.92744198E+001
  0.19206553E+000  0.21789934E+000  0.35328760E+000  0.51541067E+000  0.85888136E+000  0.97800305E+000  0.13287597E+001  0.24789662E+001  0.41112023E+001  0.58211059E+001  0.92744192E+001
  0.19206553E+000  0.21789933E+000  0.35328733E+000  0.51541064E+000  0.85888118E+000  0.97800301E+000  0.13288776E+001  0.24789660E+001  0.41112057E+001  0.58211059E+001  0.92744186E+001
  0.19206552E+000  0.21789933E+000  0.35328709E+000  0.51541060E+000  0.85888102E+000  0.97800298E+000  0.13288776E+001  0.24789657E+001  0.41112091E+001  0.58211059E+001  0.92744182E+001
  0.19206552E+000  0.21789932E+000  0.35328686E+000  0.51541058E+000  0.85888087E+000  0.97800295E+000  0.13288775E+001  0.24789655E+001  0.41112125E+001  0.58211059E+001  0.92744178E+001
  0.19206551E+000  0.21789932E+000  0.35328666E+000  0.51541055E+000  0.85888074E+000  0.97800292E+000  0.13288775E+001  0.24789654E+001  0.41112159E+001  0.58211059E+001  0.92744175E+001
  0.19206551E+000  0.21789931E+000  0.35328648E+000  0.51541052E+000  0.85888062E+000  0.97800289E+000  0.13288775E+001  0.24789652E+001  0.41112193E+001  0.58211058E+001  0.92744172E+001
  0.19206551E+000  0.21789931E+000  0.35328632E+000  0.51541050E+000  0.85888052E+000  0.97800287E+000  0.13288774E+001  0.24789651E+001  0.41112227E+001  0.58211058E+001  0.92744170E+001
  0.19206550E+000  0.21789931E+000  0.35328617E+000  0.51541048E+000  0.85888042E+000  0.97800286E+000  0.13288774E+001  0.24789649E+001  0.41112261E+001  0.58211057E+001  0.92744169E+001
  0.19206550E+000  0.21789931E+000  0.35328605E+000  0.51541046E+000  0.85888034E+000  0.97800284E+000  0.13288774E+001  0.24789648E+001  0.41112295E+001  0.58211057E+001  0.92744169E+001
  0.19206550E+000  0.21789930E+000  0.35328594E+000  0.51541045E+000  0.85888028E+000  0.97800283E+000  0.13288774E+001  0.24789647E+001  0.41112329E+001  0.58211056E+001  0.92744169E+001
  0.19206550E+000  0.21789930E+000  0.35328585E+000  0.51541043E+000  0.85888022E+000  0.97800282E+000  0.13288774E+001  0.24789647E+001  0.41112362E+001  0.58211055E+001  0.92744169E+001
  0.19206550E+000  0.21789930E+000  0.35328578E+000  0.51541042E+000  0.85888018E+000  0.97800282E+000  0.13288773E+001  0.24789646E+001  0.41112394E+001  0.58211055E+001  0.92744171E+001
  0.19206550E+000  0.21789930E+000  0.35328573E+000  0.51541041E+000  0.85888015E+000  0.97800281E+000  0.13288773E+001  0.24789646E+001  0.41112426E+001  0.58211054E+001  0.92744172E+001
  0.19206550E+000  0.21789930E+000  0.35328569E+000  0.51541040E+000  0.85888013E+000  0.97800281E+000  0.13288773E+001  0.24789646E+001  0.41112458E+001  0.58211053E+001  0.92744174E+001
  0.19206550E+000  0.21789930E+000  0.35328567E+000  0.51541040E+000  0.85888012E+000  0.97800282E+000  0.13288773E+001  0.24789645E+001  0.41112489E+001  0.58211052E+001  0.92744177E+001
  0.19206550E+000  0.21789930E+000  0.35328567E+000  0.51541039E+000  0.85888012E+000  0.97800282E+000  0.13288773E+001  0.24789646E+001  0.41112519E+001  0.58211051E+001  0.92744180E+001
  0.19206550E+000  0.21789930E+000  0.35328568E+000  0.51541039E+000  0.85888013E+000  0.97800283E+000  0.13288773E+001  0.24789646E+001  0.41112549E+001  0.58211050E+001  0.92744183E+001
  0.19206550E+000  0.21789930E+000  0.35328570E+000  0.51541039E+000  0.85888016E+000  0.97800284E+000  0.13288773E+001  0.24789646E+001  0.41112578E+001  0.58211048E+001  0.92744186E+001
  0.19206551E+000  0.21789930E+000  0.35328574E+000  0.51541039E+000  0.85888019E+000  0.97800285E+000  0.13288773E+001  0.24789647E+001  0.41112606E+001  0.58211047E+001  0.92744190E+001
  0.19206551E+000  0.21789930E+000  0.35328579E+000  0.51541039E+000  0.85888022E+000  0.97800287E+000  0.13288773E+001  0.24789647E+001  0.41112633E+001  0.58211046E+001  0.92744195E+001
  0.19206551E+000  0.21789930E+000  0.35328585E+000  0.51541040E+000  0.85888027E+000  0.97800288E+000  0.13288773E+001  0.24789648E+001  0.41112659E+001  0.58211045E+001  0.92744199E+001
  0.19206552E+000  0.21789930E+000  0.35328593E+000  0.51541040E+000  0.85888033E+000  0.97800290E+000  0.13288773E+001  0.24789649E+001  0.41112684E+001  0.58211043E+001  0.92744204E+001
  0.19206552E+000  0.21789931E+000  0.35328601E+000  0.51541041E+000  0.85888039E+000  0.97800292E+000  0.13287598E+001  0.24789650E+001  0.41112709E+001  0.58211042E+001  0.92744209E+001
  0.19206552E+000  0.21789931E+000  0.35328611E+000  0.51541041E+000  0.85888045E+000  0.97800294E+000  0.13287598E+001  0.24789651E+001  0.41112732E+001  0.58211041E+001  0.92744214E+001
  0.19206553E+000  0.21789931E+000  0.35328621E+000  0.51541042E+000  0.85888053E+000  0.97800296E+000  0.13287598E+001  0.24789652E+001  0.41112755E+001  0.58211039E+001  0.92744219E+001
  0.19206553E+000  0.21789931E+000  0.35328632E+000  0.51541043E+000  0.85888061E+000  0.97800299E+000  0.13287598E+001  0.24789653E+001  0.41112776E+001  0.58211038E+001  0.92744225E+001
  0.19206554E+000  0.21789931E+000  0.35328644E+000  0.51541044E+000  0.85888069E+000  0.97800301E+000  0.13287598E+001  0.24789654E+001  0.41112797E+001  0.58211037E+001  0.92744230E+001
  0.19206554E+000  0.21789932E+000  0.35328657E+000  0.51541045E+000  0.85888078E+000  0.97800304E+000  0.13287598E+001  0.24789655E+001  0.41112816E+001  0.58211035E+001  0.92744236E+001
  0.19206555E+000  0.21789932E+000  0.35328670E+000  0.51541047E+000  0.85888088E+000  0.97800306E+000  0.13287598E+001  0.24789657E+001  0.41112835E+001  0.58211034E+001  0.92744241E+001
  0.19206555E+000  0.21789932E+000  0.35328684E+000  0.51541048E+000  0.85888097E+000  0.97800309E+000  0.13287598E+001  0.24789658E+001  0.41112853E+001  0.58211033E+001  0.92744247E+001
  0.19206556E+000  0.21789932E+000  0.35328699E+000  0.51541049E+000  0.85888107E+000  0.97800312E+000  0.13287598E+001  0.24789660E+001  0.41112869E+001  0.58211031E+001  0.92744253E+001
  0.19206556E+000  0.21789933E+000  0.35328714E+000  0.51541051E+000  0.85888118E+000  0.97800315E+000  0.13287598E+001  0.24789661E+001  0.41112885E+001  0.58211030E+001  0.92744259E+001
  0.19206557E+000  0.21789933E+000  0.35328729E+000  0.51541052E+000  0.85888129E+000  0.97800318E+000  0.13287598E+001  0.24789663E+001  0.41112900E+001  0.58211029E+001  0.92744265E+001
  0.19206557E+000  0.21789933E+000  0.35328745E+000  0.51541054E+000  0.85888140E+000  0.97800321E+000  0.13287598E+001  0.24789664E+001  0.41112914E+001  0.58211027E+001  0.92744270E+001
  0.19206558E+000  0.21789933E+000  0.35328762E+000  0.51541056E+000  0.85888151E+000  0.97800323E+000  0.13287598E+001  0.24789666E+001  0.41112927E+001  0.58211026E+001  0.92744276E+001
  0.19206558E+000  0.21789934E+000  0.35328779E+000  0.51541058E+000  0.85888163E+000  0.97800327E+000  0.13287598E+001  0.24789668E+001  0.41112939E+001  0.58211025E+001  0.92744282E+001
  0.19206559E+000  0.21789934E+000  0.35320711E+000  0.51541059E+000  0.85888175E+000  0.97800330E+000  0.13287598E+001  0.24789669E+001  0.41112950E+001  0.58211024E+001  0.92744288E+001
  0.19206560E+000  0.21789934E+000  0.35320711E+000  0.51541061E+000  0.85888188E+000  0.97800333E+000  0.13287598E+001  0.24789671E+001  0.41112961E+001  0.58211023E+001  0.92744294E+001
  0.19206560E+000  0.21789935E+000  0.35320711E+000  0.51541064E+000  0.85888201E+000  0.97800336E+000  0.13287599E+001  0.24789673E+001  0.41112970E+001  0.58211022E+001  0.92744300E+001
  0.19206561E+000  0.21789935E+000  0.35320711E+000  0.51541066E+000  0.85888215E+000  0.97800340E+000  0.13287599E+001  0.24789676E+001  0.41112980E+001  0.58211021E+001  0.92744306E+001
  0.19206561E+000  0.21789935E+000  0.35320711E+000  0.51541069E+000  0.85888231E+000  0.97800343E+000  0.13287599E+001  0.24789678E+001  0.41112989E+001  0.58211020E+001  0.92744313E+001
  0.19206562E+000  0.21789936E+000  0.35320711E+000  0.51541072E+000  0.85888249E+000  0.97800348E+000  0.13287599E+001  0.24789681E+001  0.41112997E+001  0.58211020E+001  0.92744320E+001
  0.19206563E+000  0.21789936E+000  0.35320711E+000  0.51541076E+000  0.85888270E+000  0.97800352E+000  0.13287599E+001  0.24789684E+001  0.41113006E+001  0.58211019E+001  0.92744327E+001
  0.19206564E+000  0.21789937E+000  0.35320712E+000  0.51541080E+000  0.85888293E+000  0.97800358E+000  0.13287599E+001  0.24789688E+001  0.41113015E+001  0.58211019E+001  0.92744335E+001
  0.19206565E+000  0.21789938E+000  0.35320713E+000  0.51541086E+000  0.85888323E+000  0.97800365E+000  0.13287600E+001  0.24789692E+001  0.41113024E+001  0.58211018E+001  0.92744345E+001
  0.19206566E+000  0.21789939E+000  0.35320715E+000  0.51541093E+000  0.85888358E+000  0.97800373E+000  0.13287600E+001  0.24789698E+001  0.41113035E+001  0.58211018E+001  0.92744355E+001
  0.19206569E+000  0.21789940E+000  0.35320720E+000  0.51541105E+000  0.85888409E+000  0.97800381E+000  0.13287602E+001  0.24789703E+001  0.41113046E+001  0.58211021E+001  0.92744364E+001
  0.19206569E+000  0.21789940E+000  0.35320721E+000  0.51541127E+000  0.85880359E+000  0.97800392E+000  0.13287602E+001  0.24789715E+001  0.41113058E+001  0.58211020E+001  0.92744376E+001
