 -0.48122914E+000 -0.23354775E+000 -0.54909481E-002 -0.45317649E-002 -0.16542155E-002  0.22934065E+000  0.34247264E+001  0.16556430E+002  0.33034408E+002  0.10316508E+003  0.17234818E+003
 -0.48118082E+000 -0.23263980E+000 -0.54881812E-002 -0.45288245E-002 -0.16507545E-002  0.22937534E+000  0.34247466E+001  0.16556391E+002  0.33057290E+002  0.10316509E+003  0.17234729E+003
 -0.48117584E+000 -0.23244720E+000 -0.54879965E-002 -0.45288628E-002 -0.16514616E-002  0.22935885E+000  0.34247243E+001  0.16556384E+002  0.33072209E+002  0.10316511E+003  0.17234727E+003
 -0.48117765E+000 -0.23233288E+000 -0.54878026E-002 -0.45287544E-002 -0.16516098E-002  0.22935537E+000  0.34247253E+001  0.16556393E+002  0.33090951E+002  0.10316514E+003  0.17234739E+003
 -0.48118565E+000 -0.23233743E+000 -0.54878510E-002 -0.45288657E-002 -0.16519098E-002  0.22935135E+000  0.34247249E+001  0.16556399E+002  0.33148777E+002  0.10316516E+003  0.17234752E+003
 -0.48119630E+000 -0.23242181E+000 -0.54880263E-002 -0.45290839E-002 -0.16522569E-002  0.22934819E+000  0.34247248E+001  0.16556404E+002  0.33164002E+002  0.10316518E+003  0.17234763E+003
 -0.48120775E+000 -0.23256138E+000 -0.54882748E-002 -0.45293613E-002 -0.16526210E-002  0.22934568E+000  0.34247249E+001  0.16556409E+002  0.33176615E+002  0.10316519E+003  0.17234773E+003
 -0.48121902E+000 -0.23273768E+000 -0.54885675E-002 -0.45296727E-002 -0.16529884E-002  0.22934360E+000  0.34247251E+001  0.16556413E+002  0.33187038E+002  0.10316521E+003  0.17234781E+003
 -0.48122959E+000 -0.23293587E+000 -0.54888860E-002 -0.45300020E-002 -0.16533500E-002  0.22934181E+000  0.34247252E+001  0.16556416E+002  0.33195622E+002  0.10316522E+003  0.17234788E+003
 -0.48123923E+000 -0.23314410E+000 -0.54892167E-002 -0.45303372E-002 -0.16536986E-002  0.22934027E+000  0.34247253E+001  0.16556419E+002  0.33202649E+002  0.10316523E+003  0.17234793E+003
 -0.48124784E+000 -0.23335336E+000 -0.54895499E-002 -0.45306697E-002 -0.16540291E-002  0.22933894E+000  0.34247253E+001  0.16556421E+002  0.33208336E+002  0.10316524E+003  0.17234798E+003
 -0.48125543E+000 -0.23355718E+000 -0.54898788E-002 -0.45309937E-002 -0.16543385E-002  0.22933777E+000  0.34247253E+001  0.16556423E+002  0.33212866E+002  0.10316524E+003  0.17234802E+003
 -0.48126205E+000 -0.23375113E+000 -0.54901982E-002 -0.45313049E-002 -0.16546250E-002  0.22933676E+000  0.34247253E+001  0.16556424E+002  0.33216395E+002  0.10316525E+003  0.17234805E+003
 -0.48126780E+000 -0.23393233E+000 -0.54905043E-002 -0.45316000E-002 -0.16548870E-002  0.22933588E+000  0.34247253E+001  0.16556426E+002  0.33219062E+002  0.10316525E+003  0.17234808E+003
 -0.48127276E+000 -0.23409926E+000 -0.54907943E-002 -0.45318767E-002 -0.16551240E-002  0.22933512E+000  0.34247252E+001  0.16556427E+002  0.33220985E+002  0.10316525E+003  0.17234810E+003
 -0.48127703E+000 -0.23425135E+000 -0.54910667E-002 -0.45321341E-002 -0.16553364E-002  0.22933447E+000  0.34247251E+001  0.16556428E+002  0.33222265E+002  0.10316525E+003  0.17234812E+003
 -0.48128070E+000 -0.23438872E+000 -0.54913206E-002 -0.45323717E-002 -0.16555251E-002  0.22933391E+000  0.34247250E+001  0.16556428E+002  0.33222990E+002  0.10316526E+003  0.17234814E+003
 -0.48128385E+000 -0.23451186E+000 -0.54915555E-002 -0.45325893E-002 -0.16556908E-002  0.22933343E+000  0.34247249E+001  0.16556429E+002  0.33223244E+002  0.10316526E+003  0.17234815E+003
 -0.48128655E+000 -0.23462156E+000 -0.54917716E-002 -0.45327873E-002 -0.16558346E-002  0.22933303E+000  0.34247248E+001  0.16556430E+002  0.33223096E+002  0.10316526E+003  0.17234816E+003
 -0.48128887E+000 -0.23469105E+000 -0.54919689E-002 -0.45329661E-002 -0.16559578E-002  0.22933268E+000  0.34247247E+001  0.16556430E+002  0.33222600E+002  0.10316526E+003  0.17234817E+003
 -0.48129084E+000 -0.23471379E+000 -0.54921481E-002 -0.45331265E-002 -0.16560617E-002  0.22933239E+000  0.34247245E+001  0.16556430E+002  0.33221803E+002  0.10316526E+003  0.17234818E+003
 -0.48129252E+000 -0.23473374E+000 -0.54923099E-002 -0.45332694E-002 -0.16561477E-002  0.22933215E+000  0.34247243E+001  0.16556431E+002  0.33220747E+002  0.10316526E+003  0.17234819E+003
 -0.48129395E+000 -0.23475115E+000 -0.54924551E-002 -0.45333956E-002 -0.16562171E-002  0.22933196E+000  0.34247241E+001  0.16556431E+002  0.33219466E+002  0.10316526E+003  0.17234819E+003
 -0.48129514E+000 -0.23476626E+000 -0.54925848E-002 -0.45335064E-002 -0.16562715E-002  0.22933180E+000  0.34247239E+001  0.16556431E+002  0.33217991E+002  0.10316526E+003  0.17234820E+003
 -0.48129614E+000 -0.23477931E+000 -0.54926997E-002 -0.45336028E-002 -0.16563124E-002  0.22933167E+000  0.34247237E+001  0.16556431E+002  0.33216347E+002  0.10316525E+003  0.17234820E+003
 -0.48129695E+000 -0.23479049E+000 -0.54928010E-002 -0.45336860E-002 -0.16563410E-002  0.22933158E+000  0.34247235E+001  0.16556431E+002  0.33214558E+002  0.10316525E+003  0.17234820E+003
 -0.48129760E+000 -0.23479999E+000 -0.54928896E-002 -0.45337568E-002 -0.16563587E-002  0.22933151E+000  0.34247233E+001  0.16556431E+002  0.33212643E+002  0.10316525E+003  0.17234821E+003
 -0.48129811E+000 -0.23480799E+000 -0.54929666E-002 -0.45338167E-002 -0.16563671E-002  0.22933146E+000  0.34247231E+001  0.16556431E+002  0.33210620E+002  0.10316525E+003  0.17234821E+003
 -0.48129849E+000 -0.23481463E+000 -0.54930330E-002 -0.45338665E-002 -0.16563673E-002  0.22933142E+000  0.34247229E+001  0.16556431E+002  0.33208503E+002  0.10316525E+003  0.17234821E+003
 -0.48129875E+000 -0.23482006E+000 -0.54930896E-002 -0.45339073E-002 -0.16563605E-002  0.22933141E+000  0.34247227E+001  0.16556431E+002  0.33206306E+002  0.10316525E+003  0.17234821E+003
 -0.48129890E+000 -0.23482439E+000 -0.54931374E-002 -0.45339400E-002 -0.16563480E-002  0.22933140E+000  0.34247224E+001  0.16556431E+002  0.33204041E+002  0.10316524E+003  0.17234821E+003
 -0.48129896E+000 -0.23482775E+000 -0.54931772E-002 -0.45339656E-002 -0.16563309E-002  0.22933140E+000  0.34247222E+001  0.16556431E+002  0.33201719E+002  0.10316524E+003  0.17234821E+003
 -0.48129893E+000 -0.23483023E+000 -0.54932099E-002 -0.45339849E-002 -0.16563101E-002  0.22933142E+000  0.34247220E+001  0.16556431E+002  0.33199350E+002  0.10316524E+003  0.17234821E+003
 -0.48129882E+000 -0.23483193E+000 -0.54932361E-002 -0.45339987E-002 -0.16562866E-002  0.22933143E+000  0.34247218E+001  0.16556431E+002  0.33196944E+002  0.10316524E+003  0.17234821E+003
 -0.48129863E+000 -0.23483291E+000 -0.54932566E-002 -0.45340077E-002 -0.16562613E-002  0.22933145E+000  0.34247216E+001  0.16556431E+002  0.33194508E+002  0.10316524E+003  0.17234821E+003
 -0.48129838E+000 -0.23483325E+000 -0.54932719E-002 -0.45340125E-002 -0.16562346E-002  0.22933148E+000  0.34247214E+001  0.16556431E+002  0.33192051E+002  0.10316523E+003  0.17234821E+003
 -0.48129807E+000 -0.23483301E+000 -0.54932825E-002 -0.45340137E-002 -0.16562073E-002  0.22933150E+000  0.34247212E+001  0.16556431E+002  0.33189581E+002  0.10316523E+003  0.17234821E+003
 -0.48129771E+000 -0.23483223E+000 -0.54932891E-002 -0.45340117E-002 -0.16561798E-002  0.22933153E+000  0.34247210E+001  0.16556431E+002  0.33187105E+002  0.10316523E+003  0.17234821E+003
 -0.48129729E+000 -0.23483098E+000 -0.54932920E-002 -0.45340070E-002 -0.16561523E-002  0.22933155E+000  0.34247208E+001  0.16556431E+002  0.33184629E+002  0.10316523E+003  0.17234820E+003
 -0.48129682E+000 -0.23482928E+000 -0.54932914E-002 -0.45339998E-002 -0.16561250E-002  0.22933158E+000  0.34247206E+001  0.16556431E+002  0.33182160E+002  0.10316522E+003  0.17234820E+003
 -0.48129630E+000 -0.23482715E+000 -0.54932879E-002 -0.45339904E-002 -0.16560981E-002  0.22933160E+000  0.34247205E+001  0.16556431E+002  0.33179703E+002  0.10316522E+003  0.17234820E+003
 -0.48129574E+000 -0.23482463E+000 -0.54932815E-002 -0.45339790E-002 -0.16560715E-002  0.22933163E+000  0.34247203E+001  0.16556431E+002  0.33177264E+002  0.10316522E+003  0.17234820E+003
 -0.48129514E+000 -0.23482173E+000 -0.54932726E-002 -0.45339657E-002 -0.16560451E-002  0.22933166E+000  0.34247202E+001  0.16556431E+002  0.33174849E+002  0.10316522E+003  0.17234820E+003
 -0.48129448E+000 -0.23481847E+000 -0.54932612E-002 -0.45339506E-002 -0.16560186E-002  0.22933169E+000  0.34247201E+001  0.16556431E+002  0.33172462E+002  0.10316522E+003  0.17234820E+003
 -0.48129379E+000 -0.23481485E+000 -0.54932476E-002 -0.45339336E-002 -0.16559920E-002  0.22933173E+000  0.34247200E+001  0.16556430E+002  0.33170109E+002  0.10316521E+003  0.17234820E+003
 -0.48129305E+000 -0.23481087E+000 -0.54932316E-002 -0.45339149E-002 -0.16559648E-002  0.22933177E+000  0.34247199E+001  0.16556430E+002  0.33167795E+002  0.10316521E+003  0.17234820E+003
 -0.48129226E+000 -0.23480654E+000 -0.54932136E-002 -0.45338944E-002 -0.16559368E-002  0.22933182E+000  0.34247198E+001  0.16556430E+002  0.33165523E+002  0.10316521E+003  0.17234820E+003
 -0.48129143E+000 -0.23480186E+000 -0.54931934E-002 -0.45338720E-002 -0.16559076E-002  0.22933187E+000  0.34247197E+001  0.16556430E+002  0.33163301E+002  0.10316521E+003  0.17234820E+003
 -0.48129054E+000 -0.23479683E+000 -0.54931712E-002 -0.45338476E-002 -0.16558770E-002  0.22933194E+000  0.34247197E+001  0.16556430E+002  0.33161132E+002  0.10316520E+003  0.17234820E+003
 -0.48128961E+000 -0.23479143E+000 -0.54931468E-002 -0.45338213E-002 -0.16558447E-002  0.22933201E+000  0.34247196E+001  0.16556430E+002  0.33159024E+002  0.10316520E+003  0.17234820E+003
 -0.48128864E+000 -0.23478568E+000 -0.54931204E-002 -0.45337929E-002 -0.16558104E-002  0.22933210E+000  0.34247196E+001  0.16556430E+002  0.33156981E+002  0.10316520E+003  0.17234820E+003
 -0.48128761E+000 -0.23477956E+000 -0.54930919E-002 -0.45337624E-002 -0.16557739E-002  0.22933220E+000  0.34247196E+001  0.16556430E+002  0.33155010E+002  0.10316520E+003  0.17234820E+003
 -0.48128653E+000 -0.23477309E+000 -0.54930613E-002 -0.45337297E-002 -0.16557350E-002  0.22933231E+000  0.34247196E+001  0.16556430E+002  0.33153117E+002  0.10316520E+003  0.17234820E+003
 -0.48128540E+000 -0.23476624E+000 -0.54930287E-002 -0.45336949E-002 -0.16556936E-002  0.22933243E+000  0.34247196E+001  0.16556430E+002  0.33151309E+002  0.10316519E+003  0.17234819E+003
 -0.48128422E+000 -0.23475905E+000 -0.54929940E-002 -0.45336579E-002 -0.16556495E-002  0.22933257E+000  0.34247197E+001  0.16556430E+002  0.33149591E+002  0.10316519E+003  0.17234819E+003
 -0.48128299E+000 -0.23475149E+000 -0.54929573E-002 -0.45336186E-002 -0.16556026E-002  0.22933272E+000  0.34247198E+001  0.16556430E+002  0.33147970E+002  0.10316519E+003  0.17234819E+003
 -0.48128172E+000 -0.23474359E+000 -0.54929186E-002 -0.45335772E-002 -0.16555530E-002  0.22933288E+000  0.34247199E+001  0.16556430E+002  0.33146452E+002  0.10316519E+003  0.17234819E+003
 -0.48128039E+000 -0.23473535E+000 -0.54928779E-002 -0.45335336E-002 -0.16555006E-002  0.22933306E+000  0.34247200E+001  0.16556430E+002  0.33145042E+002  0.10316519E+003  0.17234819E+003
 -0.48127902E+000 -0.23472679E+000 -0.54928354E-002 -0.45334879E-002 -0.16554455E-002  0.22933325E+000  0.34247201E+001  0.16556430E+002  0.33143744E+002  0.10316518E+003  0.17234819E+003
 -0.48127761E+000 -0.23471791E+000 -0.54927909E-002 -0.45334401E-002 -0.16553876E-002  0.22933346E+000  0.34247203E+001  0.16556430E+002  0.33142563E+002  0.10316518E+003  0.17234819E+003
 -0.48127616E+000 -0.23470874E+000 -0.54927448E-002 -0.45333904E-002 -0.16553272E-002  0.22933368E+000  0.34247204E+001  0.16556430E+002  0.33140373E+002  0.10316518E+003  0.17234820E+003
 -0.48127466E+000 -0.23469928E+000 -0.54926969E-002 -0.45333387E-002 -0.16552643E-002  0.22933392E+000  0.34247206E+001  0.16556430E+002  0.33136148E+002  0.10316518E+003  0.17234820E+003
 -0.48127314E+000 -0.23468957E+000 -0.54926475E-002 -0.45332854E-002 -0.16551990E-002  0.22933417E+000  0.34247208E+001  0.16556430E+002  0.33132491E+002  0.10316518E+003  0.17234820E+003
 -0.48127157E+000 -0.23467569E+000 -0.54925966E-002 -0.45332303E-002 -0.16551316E-002  0.22933443E+000  0.34247210E+001  0.16556430E+002  0.33129409E+002  0.10316518E+003  0.17234820E+003
 -0.48126998E+000 -0.23463736E+000 -0.54925443E-002 -0.45331737E-002 -0.16550621E-002  0.22933471E+000  0.34247213E+001  0.16556430E+002  0.33126903E+002  0.10316518E+003  0.17234820E+003
 -0.48126837E+000 -0.23459830E+000 -0.54924908E-002 -0.45331158E-002 -0.16549908E-002  0.22933499E+000  0.34247216E+001  0.16556430E+002  0.33124973E+002  0.10316518E+003  0.17234820E+003
 -0.48126673E+000 -0.23455860E+000 -0.54924362E-002 -0.45330566E-002 -0.16549178E-002  0.22933529E+000  0.34247218E+001  0.16556430E+002  0.33123616E+002  0.10316518E+003  0.17234820E+003
 -0.48126507E+000 -0.23451835E+000 -0.54923806E-002 -0.45329963E-002 -0.16548435E-002  0.22933560E+000  0.34247221E+001  0.16556431E+002  0.33122824E+002  0.10316518E+003  0.17234820E+003
 -0.48126340E+000 -0.23447766E+000 -0.54923241E-002 -0.45329351E-002 -0.16547680E-002  0.22933592E+000  0.34247224E+001  0.16556431E+002  0.33122586E+002  0.10316517E+003  0.17234820E+003
 -0.48126172E+000 -0.23443661E+000 -0.54922670E-002 -0.45328731E-002 -0.16546915E-002  0.22933625E+000  0.34247228E+001  0.16556431E+002  0.33122888E+002  0.10316517E+003  0.17234820E+003
 -0.48126003E+000 -0.23439533E+000 -0.54922093E-002 -0.45328106E-002 -0.16546144E-002  0.22933659E+000  0.34247231E+001  0.16556431E+002  0.33123714E+002  0.10316517E+003  0.17234820E+003
 -0.48125834E+000 -0.23435390E+000 -0.54921513E-002 -0.45327477E-002 -0.16545368E-002  0.22933694E+000  0.34247234E+001  0.16556431E+002  0.33125043E+002  0.10316517E+003  0.17234820E+003
 -0.48125666E+000 -0.23431244E+000 -0.54920930E-002 -0.45326845E-002 -0.16544591E-002  0.22933729E+000  0.34247238E+001  0.16556431E+002  0.33126853E+002  0.10316517E+003  0.17234821E+003
 -0.48125498E+000 -0.23427104E+000 -0.54920346E-002 -0.45326213E-002 -0.16543815E-002  0.22933765E+000  0.34247242E+001  0.16556431E+002  0.33129119E+002  0.10316517E+003  0.17234821E+003
 -0.48125331E+000 -0.23422983E+000 -0.54919764E-002 -0.45325583E-002 -0.16543042E-002  0.22933801E+000  0.34247245E+001  0.16556431E+002  0.33131814E+002  0.10316517E+003  0.17234821E+003
 -0.48125165E+000 -0.23418889E+000 -0.54919183E-002 -0.45324956E-002 -0.16542275E-002  0.22933838E+000  0.34247249E+001  0.16556431E+002  0.33134908E+002  0.10316517E+003  0.17234821E+003
 -0.48125001E+000 -0.23414833E+000 -0.54918606E-002 -0.45324334E-002 -0.16541516E-002  0.22933875E+000  0.34247253E+001  0.16556431E+002  0.33138372E+002  0.10316517E+003  0.17234821E+003
 -0.48124840E+000 -0.23410826E+000 -0.54918035E-002 -0.45323718E-002 -0.16540768E-002  0.22933912E+000  0.34247257E+001  0.16556432E+002  0.33141902E+002  0.10316517E+003  0.17234821E+003
 -0.48124681E+000 -0.23406876E+000 -0.54917471E-002 -0.45323111E-002 -0.16540034E-002  0.22933949E+000  0.34247261E+001  0.16556432E+002  0.33142814E+002  0.10316517E+003  0.17234821E+003
 -0.48124525E+000 -0.23402993E+000 -0.54916914E-002 -0.45322514E-002 -0.16539315E-002  0.22933986E+000  0.34247265E+001  0.16556432E+002  0.33143787E+002  0.10316517E+003  0.17234821E+003
 -0.48124373E+000 -0.23399186E+000 -0.54916368E-002 -0.45321929E-002 -0.16538613E-002  0.22934022E+000  0.34247269E+001  0.16556432E+002  0.33144812E+002  0.10316517E+003  0.17234822E+003
 -0.48124224E+000 -0.23395463E+000 -0.54915833E-002 -0.45321357E-002 -0.16537931E-002  0.22934059E+000  0.34247273E+001  0.16556432E+002  0.33145881E+002  0.10316517E+003  0.17234822E+003
 -0.48124080E+000 -0.23391833E+000 -0.54915310E-002 -0.45320800E-002 -0.16537271E-002  0.22934095E+000  0.34247276E+001  0.16556432E+002  0.33146988E+002  0.10316517E+003  0.17234822E+003
 -0.48123940E+000 -0.23388302E+000 -0.54914800E-002 -0.45320258E-002 -0.16536633E-002  0.22934130E+000  0.34247280E+001  0.16556432E+002  0.33148126E+002  0.10316518E+003  0.17234822E+003
 -0.48123804E+000 -0.23384878E+000 -0.54914305E-002 -0.45319733E-002 -0.16536020E-002  0.22934165E+000  0.34247284E+001  0.16556432E+002  0.33149285E+002  0.10316518E+003  0.17234822E+003
 -0.48123673E+000 -0.23381566E+000 -0.54913825E-002 -0.45319227E-002 -0.16535432E-002  0.22934199E+000  0.34247288E+001  0.16556433E+002  0.33150461E+002  0.10316518E+003  0.17234822E+003
 -0.48123547E+000 -0.23378371E+000 -0.54913362E-002 -0.45318739E-002 -0.16534871E-002  0.22934233E+000  0.34247291E+001  0.16556433E+002  0.33151645E+002  0.10316518E+003  0.17234822E+003
 -0.48123426E+000 -0.23375299E+000 -0.54912915E-002 -0.45318271E-002 -0.16534337E-002  0.22934265E+000  0.34247295E+001  0.16556433E+002  0.33152832E+002  0.10316518E+003  0.17234822E+003
 -0.48123311E+000 -0.23372352E+000 -0.54912487E-002 -0.45317823E-002 -0.16533832E-002  0.22934297E+000  0.34247298E+001  0.16556433E+002  0.33154015E+002  0.10316518E+003  0.17234823E+003
 -0.48123201E+000 -0.23369535E+000 -0.54912076E-002 -0.45317396E-002 -0.16533356E-002  0.22934327E+000  0.34247302E+001  0.16556433E+002  0.33155189E+002  0.10316518E+003  0.17234823E+003
 -0.48123097E+000 -0.23366850E+000 -0.54911685E-002 -0.45316991E-002 -0.16532909E-002  0.22934356E+000  0.34247305E+001  0.16556433E+002  0.33156348E+002  0.10316518E+003  0.17234823E+003
 -0.48122998E+000 -0.23364297E+000 -0.54911312E-002 -0.45316607E-002 -0.16532491E-002  0.22934385E+000  0.34247308E+001  0.16556433E+002  0.33157489E+002  0.10316518E+003  0.17234823E+003
 -0.48122905E+000 -0.23361879E+000 -0.54910959E-002 -0.45316245E-002 -0.16532102E-002  0.22934411E+000  0.34247311E+001  0.16556433E+002  0.33158606E+002  0.10316518E+003  0.17234823E+003
 -0.48122817E+000 -0.23359594E+000 -0.54910625E-002 -0.45315904E-002 -0.16531742E-002  0.22934437E+000  0.34247314E+001  0.16556433E+002  0.33159696E+002  0.10316518E+003  0.17234823E+003
 -0.48122735E+000 -0.23357443E+000 -0.54910310E-002 -0.45315585E-002 -0.16531410E-002  0.22934462E+000  0.34247316E+001  0.16556434E+002  0.33160757E+002  0.10316518E+003  0.17234823E+003
 -0.48122658E+000 -0.23355424E+000 -0.54910015E-002 -0.45315287E-002 -0.16531106E-002  0.22934485E+000  0.34247319E+001  0.16556434E+002  0.33161784E+002  0.10316518E+003  0.17234823E+003
 -0.48122586E+000 -0.23353535E+000 -0.54909738E-002 -0.45315011E-002 -0.16530829E-002  0.22934506E+000  0.34247322E+001  0.16556434E+002  0.33162777E+002  0.10316518E+003  0.17234823E+003
 -0.48122520E+000 -0.23351774E+000 -0.54909480E-002 -0.45314755E-002 -0.16530578E-002  0.22934527E+000  0.34247324E+001  0.16556434E+002  0.33163733E+002  0.10316518E+003  0.17234823E+003
 -0.48122459E+000 -0.23350138E+000 -0.54909241E-002 -0.45314518E-002 -0.16530353E-002  0.22934546E+000  0.34247326E+001  0.16556434E+002  0.33164651E+002  0.10316518E+003  0.17234823E+003
 -0.48122403E+000 -0.23348623E+000 -0.54909019E-002 -0.45314302E-002 -0.16530152E-002  0.22934564E+000  0.34247328E+001  0.16556434E+002  0.33165531E+002  0.10316518E+003  0.17234823E+003
 -0.48122351E+000 -0.23347225E+000 -0.54908814E-002 -0.45314103E-002 -0.16529974E-002  0.22934580E+000  0.34247330E+001  0.16556434E+002  0.33166372E+002  0.10316518E+003  0.17234824E+003
 -0.48122304E+000 -0.23345941E+000 -0.54908625E-002 -0.45313923E-002 -0.16529817E-002  0.22934596E+000  0.34247332E+001  0.16556434E+002  0.33167173E+002  0.10316518E+003  0.17234824E+003
 -0.48122262E+000 -0.23344764E+000 -0.54908453E-002 -0.45313760E-002 -0.16529681E-002  0.22934610E+000  0.34247334E+001  0.16556434E+002  0.33167936E+002  0.10316518E+003  0.17234824E+003
 -0.48122223E+000 -0.23343691E+000 -0.54908296E-002 -0.45313613E-002 -0.16529565E-002  0.22934623E+000  0.34247335E+001  0.16556434E+002  0.33168661E+002  0.10316518E+003  0.17234824E+003
 -0.48122188E+000 -0.23342717E+000 -0.54908153E-002 -0.45313481E-002 -0.16529466E-002  0.22934634E+000  0.34247337E+001  0.16556434E+002  0.33169348E+002  0.10316518E+003  0.17234824E+003
 -0.48122157E+000 -0.23341835E+000 -0.54908024E-002 -0.45313364E-002 -0.16529384E-002  0.22934645E+000  0.34247338E+001  0.16556434E+002  0.33170000E+002  0.10316518E+003  0.17234824E+003
 -0.48122130E+000 -0.23341041E+000 -0.54907908E-002 -0.45313260E-002 -0.16529317E-002  0.22934655E+000  0.34247340E+001  0.16556434E+002  0.33170616E+002  0.10316518E+003  0.17234824E+003
 -0.48122105E+000 -0.23340328E+000 -0.54907804E-002 -0.45313168E-002 -0.16529264E-002  0.22934663E+000  0.34247341E+001  0.16556434E+002  0.33171199E+002  0.10316518E+003  0.17234824E+003
 -0.48122084E+000 -0.23339693E+000 -0.54907711E-002 -0.45313089E-002 -0.16529224E-002  0.22934671E+000  0.34247342E+001  0.16556434E+002  0.33171750E+002  0.10316518E+003  0.17234824E+003
 -0.48122065E+000 -0.23339129E+000 -0.54907628E-002 -0.45313020E-002 -0.16529195E-002  0.22934678E+000  0.34247343E+001  0.16556434E+002  0.33172272E+002  0.10316518E+003  0.17234824E+003
 -0.48122049E+000 -0.23338630E+000 -0.54907556E-002 -0.45312961E-002 -0.16529176E-002  0.22934684E+000  0.34247344E+001  0.16556434E+002  0.33172764E+002  0.10316518E+003  0.17234824E+003
 -0.48122035E+000 -0.23338193E+000 -0.54907492E-002 -0.45312910E-002 -0.16529166E-002  0.22934689E+000  0.34247345E+001  0.16556434E+002  0.33173231E+002  0.10316518E+003  0.17234824E+003
 -0.48122023E+000 -0.23337811E+000 -0.54907437E-002 -0.45312868E-002 -0.16529163E-002  0.22934694E+000  0.34247346E+001  0.16556434E+002  0.33173672E+002  0.10316518E+003  0.17234824E+003
 -0.48122013E+000 -0.23337480E+000 -0.54907389E-002 -0.45312833E-002 -0.16529168E-002  0.22934698E+000  0.34247347E+001  0.16556434E+002  0.33174091E+002  0.10316518E+003  0.17234824E+003
 -0.48122005E+000 -0.23337196E+000 -0.54907347E-002 -0.45312805E-002 -0.16529179E-002  0.22934701E+000  0.34247347E+001  0.16556434E+002  0.33174488E+002  0.10316518E+003  0.17234824E+003
 -0.48121998E+000 -0.23336953E+000 -0.54907312E-002 -0.45312783E-002 -0.16529194E-002  0.22934704E+000  0.34247348E+001  0.16556434E+002  0.33174866E+002  0.10316518E+003  0.17234824E+003
 -0.48121993E+000 -0.23336749E+000 -0.54907283E-002 -0.45312765E-002 -0.16529214E-002  0.22934706E+000  0.34247348E+001  0.16556434E+002  0.33175226E+002  0.10316518E+003  0.17234824E+003
 -0.48121989E+000 -0.23336578E+000 -0.54907258E-002 -0.45312753E-002 -0.16529236E-002  0.22934708E+000  0.34247349E+001  0.16556434E+002  0.33175570E+002  0.10316518E+003  0.17234824E+003
 -0.48121986E+000 -0.23336437E+000 -0.54907238E-002 -0.45312744E-002 -0.16529262E-002  0.22934709E+000  0.34247349E+001  0.16556434E+002  0.33175899E+002  0.10316518E+003  0.17234824E+003
 -0.48121983E+000 -0.23336324E+000 -0.54907222E-002 -0.45312739E-002 -0.16529289E-002  0.22934710E+000  0.34247350E+001  0.16556435E+002  0.33176215E+002  0.10316518E+003  0.17234824E+003
 -0.48121982E+000 -0.23336234E+000 -0.54907209E-002 -0.45312736E-002 -0.16529318E-002  0.22934711E+000  0.34247350E+001  0.16556435E+002  0.33176518E+002  0.10316518E+003  0.17234824E+003
 -0.48121981E+000 -0.23336165E+000 -0.54907200E-002 -0.45312737E-002 -0.16529348E-002  0.22934712E+000  0.34247351E+001  0.16556435E+002  0.33176812E+002  0.10316518E+003  0.17234824E+003
 -0.48121981E+000 -0.23336114E+000 -0.54907193E-002 -0.45312739E-002 -0.16529378E-002  0.22934712E+000  0.34247351E+001  0.16556435E+002  0.33177095E+002  0.10316518E+003  0.17234824E+003
 -0.48121982E+000 -0.23336079E+000 -0.54907188E-002 -0.45312743E-002 -0.16529409E-002  0.22934712E+000  0.34247351E+001  0.16556435E+002  0.33177370E+002  0.10316518E+003  0.17234824E+003
 -0.48121982E+000 -0.23336057E+000 -0.54907185E-002 -0.45312748E-002 -0.16529439E-002  0.22934712E+000  0.34247352E+001  0.16556435E+002  0.33177637E+002  0.10316518E+003  0.17234824E+003
 -0.48121983E+000 -0.23336048E+000 -0.54907184E-002 -0.45312755E-002 -0.16529468E-002  0.22934712E+000  0.34247352E+001  0.16556435E+002  0.33177898E+002  0.10316518E+003  0.17234824E+003
 -0.48121985E+000 -0.23336048E+000 -0.54907184E-002 -0.45312762E-002 -0.16529497E-002  0.22934711E+000  0.34247352E+001  0.16556435E+002  0.33178152E+002  0.10316518E+003  0.17234824E+003
 -0.48121986E+000 -0.23336057E+000 -0.54907186E-002 -0.45312770E-002 -0.16529525E-002  0.22934711E+000  0.34247352E+001  0.16556435E+002  0.33178401E+002  0.10316518E+003  0.17234824E+003
 -0.48121988E+000 -0.23336072E+000 -0.54907188E-002 -0.45312779E-002 -0.16529552E-002  0.22934710E+000  0.34247353E+001  0.16556435E+002  0.33178645E+002  0.10316518E+003  0.17234824E+003
 -0.48121990E+000 -0.23336093E+000 -0.54907191E-002 -0.45312788E-002 -0.16529578E-002  0.22934710E+000  0.34247353E+001  0.16556435E+002  0.33178885E+002  0.10316518E+003  0.17234824E+003
 -0.48121992E+000 -0.23336119E+000 -0.54907195E-002 -0.45312797E-002 -0.16529603E-002  0.22934709E+000  0.34247353E+001  0.16556435E+002  0.33179120E+002  0.10316518E+003  0.17234824E+003
 -0.48121994E+000 -0.23336149E+000 -0.54907200E-002 -0.45312806E-002 -0.16529626E-002  0.22934709E+000  0.34247353E+001  0.16556435E+002  0.33179352E+002  0.10316518E+003  0.17234824E+003
 -0.48121996E+000 -0.23336181E+000 -0.54907204E-002 -0.45312815E-002 -0.16529649E-002  0.22934708E+000  0.34247353E+001  0.16556435E+002  0.33179581E+002  0.10316518E+003  0.17234824E+003
 -0.48121998E+000 -0.23336216E+000 -0.54907209E-002 -0.45312824E-002 -0.16529669E-002  0.22934707E+000  0.34247353E+001  0.16556435E+002  0.33179807E+002  0.10316518E+003  0.17234824E+003
 -0.48122000E+000 -0.23336252E+000 -0.54907215E-002 -0.45312833E-002 -0.16529689E-002  0.22934707E+000  0.34247354E+001  0.16556435E+002  0.33180030E+002  0.10316518E+003  0.17234824E+003
 -0.48122002E+000 -0.23336289E+000 -0.54907220E-002 -0.45312842E-002 -0.16529707E-002  0.22934706E+000  0.34247354E+001  0.16556435E+002  0.33180250E+002  0.10316518E+003  0.17234824E+003
 -0.48122004E+000 -0.23336327E+000 -0.54907226E-002 -0.45312850E-002 -0.16529724E-002  0.22934705E+000  0.34247354E+001  0.16556435E+002  0.33180467E+002  0.10316518E+003  0.17234823E+003
 -0.48122006E+000 -0.23336365E+000 -0.54907231E-002 -0.45312858E-002 -0.16529739E-002  0.22934705E+000  0.34247354E+001  0.16556435E+002  0.33180681E+002  0.10316518E+003  0.17234823E+003
 -0.48122008E+000 -0.23336403E+000 -0.54907237E-002 -0.45312866E-002 -0.16529754E-002  0.22934704E+000  0.34247354E+001  0.16556435E+002  0.33180893E+002  0.10316518E+003  0.17234823E+003
 -0.48122010E+000 -0.23336440E+000 -0.54907242E-002 -0.45312873E-002 -0.16529768E-002  0.22934704E+000  0.34247354E+001  0.16556435E+002  0.33181102E+002  0.10316518E+003  0.17234823E+003
 -0.48122011E+000 -0.23336476E+000 -0.54907247E-002 -0.45312880E-002 -0.16529780E-002  0.22934703E+000  0.34247354E+001  0.16556435E+002  0.33181308E+002  0.10316518E+003  0.17234823E+003
 -0.48122013E+000 -0.23336512E+000 -0.54907252E-002 -0.45312887E-002 -0.16529792E-002  0.22934703E+000  0.34247354E+001  0.16556435E+002  0.33181511E+002  0.10316518E+003  0.17234823E+003
 -0.48122015E+000 -0.23336547E+000 -0.54907257E-002 -0.45312893E-002 -0.16529802E-002  0.22934702E+000  0.34247354E+001  0.16556435E+002  0.33181712E+002  0.10316518E+003  0.17234823E+003
 -0.48122016E+000 -0.23336580E+000 -0.54907262E-002 -0.45312899E-002 -0.16529812E-002  0.22934702E+000  0.34247354E+001  0.16556435E+002  0.33181909E+002  0.10316518E+003  0.17234823E+003
 -0.48122018E+000 -0.23336613E+000 -0.54907267E-002 -0.45312905E-002 -0.16529821E-002  0.22934701E+000  0.34247354E+001  0.16556435E+002  0.33182104E+002  0.10316518E+003  0.17234823E+003
 -0.48122019E+000 -0.23336644E+000 -0.54907271E-002 -0.45312911E-002 -0.16529829E-002  0.22934701E+000  0.34247354E+001  0.16556435E+002  0.33182294E+002  0.10316519E+003  0.17234823E+003
 -0.48122020E+000 -0.23336674E+000 -0.54907276E-002 -0.45312916E-002 -0.16529837E-002  0.22934700E+000  0.34247354E+001  0.16556435E+002  0.33182482E+002  0.10316519E+003  0.17234823E+003
 -0.48122022E+000 -0.23336702E+000 -0.54907280E-002 -0.45312921E-002 -0.16529845E-002  0.22934700E+000  0.34247354E+001  0.16556435E+002  0.33182666E+002  0.10316519E+003  0.17234823E+003
 -0.48122023E+000 -0.23336729E+000 -0.54907284E-002 -0.45312925E-002 -0.16529851E-002  0.22934700E+000  0.34247354E+001  0.16556435E+002  0.33182846E+002  0.10316519E+003  0.17234823E+003
 -0.48122024E+000 -0.23336755E+000 -0.54907287E-002 -0.45312930E-002 -0.16529858E-002  0.22934699E+000  0.34247354E+001  0.16556435E+002  0.33183023E+002  0.10316519E+003  0.17234823E+003
 -0.48122025E+000 -0.23336779E+000 -0.54907291E-002 -0.45312934E-002 -0.16529864E-002  0.22934699E+000  0.34247354E+001  0.16556435E+002  0.33183195E+002  0.10316519E+003  0.17234823E+003
 -0.48122026E+000 -0.23336802E+000 -0.54907294E-002 -0.45312938E-002 -0.16529870E-002  0.22934699E+000  0.34247354E+001  0.16556435E+002  0.33183364E+002  0.10316519E+003  0.17234823E+003
 -0.48122027E+000 -0.23336824E+000 -0.54907297E-002 -0.45312942E-002 -0.16529875E-002  0.22934699E+000  0.34247354E+001  0.16556435E+002  0.33183528E+002  0.10316519E+003  0.17234823E+003
 -0.48122028E+000 -0.23336844E+000 -0.54907300E-002 -0.45312945E-002 -0.16529881E-002  0.22934698E+000  0.34247354E+001  0.16556435E+002  0.33183688E+002  0.10316519E+003  0.17234823E+003
 -0.48122028E+000 -0.23336863E+000 -0.54907303E-002 -0.45312948E-002 -0.16529886E-002  0.22934698E+000  0.34247354E+001  0.16556435E+002  0.33183843E+002  0.10316519E+003  0.17234823E+003
 -0.48122029E+000 -0.23336881E+000 -0.54907306E-002 -0.45312952E-002 -0.16529891E-002  0.22934698E+000  0.34247354E+001  0.16556435E+002  0.33183994E+002  0.10316519E+003  0.17234823E+003
 -0.48122030E+000 -0.23336898E+000 -0.54907308E-002 -0.45312955E-002 -0.16529896E-002  0.22934698E+000  0.34247354E+001  0.16556435E+002  0.33184140E+002  0.10316519E+003  0.17234823E+003
 -0.48122031E+000 -0.23336913E+000 -0.54907310E-002 -0.45312958E-002 -0.16529901E-002  0.22934697E+000  0.34247354E+001  0.16556435E+002  0.33184281E+002  0.10316519E+003  0.17234823E+003
 -0.48122031E+000 -0.23336928E+000 -0.54907312E-002 -0.45312960E-002 -0.16529905E-002  0.22934697E+000  0.34247354E+001  0.16556435E+002  0.33184418E+002  0.10316519E+003  0.17234823E+003
 -0.48122032E+000 -0.23336941E+000 -0.54907314E-002 -0.45312963E-002 -0.16529910E-002  0.22934697E+000  0.34247354E+001  0.16556435E+002  0.33184550E+002  0.10316519E+003  0.17234823E+003
 -0.48122032E+000 -0.23336953E+000 -0.54907316E-002 -0.45312966E-002 -0.16529915E-002  0.22934697E+000  0.34247354E+001  0.16556435E+002  0.33184677E+002  0.10316519E+003  0.17234823E+003
 -0.48122033E+000 -0.23336964E+000 -0.54907318E-002 -0.45312968E-002 -0.16529920E-002  0.22934697E+000  0.34247354E+001  0.16556435E+002  0.33184798E+002  0.10316519E+003  0.17234823E+003
 -0.48122033E+000 -0.23336974E+000 -0.54907319E-002 -0.45312971E-002 -0.16529925E-002  0.22934696E+000  0.34247354E+001  0.16556435E+002  0.33184915E+002  0.10316519E+003  0.17234823E+003
 -0.48122034E+000 -0.23336983E+000 -0.54907321E-002 -0.45312973E-002 -0.16529930E-002  0.22934696E+000  0.34247354E+001  0.16556435E+002  0.33185027E+002  0.10316519E+003  0.17234823E+003
 -0.48122034E+000 -0.23336992E+000 -0.54907322E-002 -0.45312975E-002 -0.16529935E-002  0.22934696E+000  0.34247354E+001  0.16556435E+002  0.33185134E+002  0.10316519E+003  0.17234823E+003
 -0.48122035E+000 -0.23336999E+000 -0.54907323E-002 -0.45312977E-002 -0.16529940E-002  0.22934696E+000  0.34247354E+001  0.16556435E+002  0.33185235E+002  0.10316519E+003  0.17234823E+003
 -0.48122035E+000 -0.23337006E+000 -0.54907324E-002 -0.45312979E-002 -0.16529946E-002  0.22934696E+000  0.34247354E+001  0.16556435E+002  0.33185332E+002  0.10316519E+003  0.17234823E+003
 -0.48122035E+000 -0.23337012E+000 -0.54907325E-002 -0.45312981E-002 -0.16529951E-002  0.22934695E+000  0.34247354E+001  0.16556435E+002  0.33185423E+002  0.10316519E+003  0.17234823E+003
 -0.48122036E+000 -0.23337017E+000 -0.54907326E-002 -0.45312983E-002 -0.16529956E-002  0.22934695E+000  0.34247354E+001  0.16556435E+002  0.33185510E+002  0.10316519E+003  0.17234823E+003
 -0.48122036E+000 -0.23337022E+000 -0.54907327E-002 -0.45312985E-002 -0.16529962E-002  0.22934695E+000  0.34247354E+001  0.16556435E+002  0.33185591E+002  0.10316519E+003  0.17234823E+003
 -0.48122036E+000 -0.23337026E+000 -0.54907327E-002 -0.45312987E-002 -0.16529967E-002  0.22934695E+000  0.34247354E+001  0.16556435E+002  0.33185668E+002  0.10316519E+003  0.17234824E+003
 -0.48122036E+000 -0.23337029E+000 -0.54907328E-002 -0.45312989E-002 -0.16529973E-002  0.22934695E+000  0.34247354E+001  0.16556435E+002  0.33185740E+002  0.10316519E+003  0.17234824E+003
 -0.48122037E+000 -0.23337032E+000 -0.54907328E-002 -0.45312991E-002 -0.16529979E-002  0.22934694E+000  0.34247354E+001  0.16556435E+002  0.33185807E+002  0.10316519E+003  0.17234824E+003
 -0.48122037E+000 -0.23337034E+000 -0.54907329E-002 -0.45312992E-002 -0.16529985E-002  0.22934694E+000  0.34247354E+001  0.16556435E+002  0.33185869E+002  0.10316519E+003  0.17234824E+003
 -0.48122037E+000 -0.23337036E+000 -0.54907329E-002 -0.45312994E-002 -0.16529990E-002  0.22934694E+000  0.34247354E+001  0.16556435E+002  0.33185926E+002  0.10316519E+003  0.17234824E+003
 -0.48122037E+000 -0.23337037E+000 -0.54907329E-002 -0.45312996E-002 -0.16529996E-002  0.22934694E+000  0.34247354E+001  0.16556435E+002  0.33185980E+002  0.10316519E+003  0.17234824E+003
 -0.48122037E+000 -0.23337038E+000 -0.54907329E-002 -0.45312997E-002 -0.16530002E-002  0.22934694E+000  0.34247354E+001  0.16556435E+002  0.33186028E+002  0.10316519E+003  0.17234824E+003
 -0.48122037E+000 -0.23337038E+000 -0.54907330E-002 -0.45312999E-002 -0.16530008E-002  0.22934693E+000  0.34247354E+001  0.16556435E+002  0.33186073E+002  0.10316519E+003  0.17234824E+003
 -0.48122038E+000 -0.23337039E+000 -0.54907330E-002 -0.45313001E-002 -0.16530014E-002  0.22934693E+000  0.34247354E+001  0.16556435E+002  0.33186113E+002  0.10316519E+003  0.17234824E+003
 -0.48122038E+000 -0.23337038E+000 -0.54907330E-002 -0.45313002E-002 -0.16530020E-002  0.22934693E+000  0.34247354E+001  0.16556435E+002  0.33186149E+002  0.10316519E+003  0.17234824E+003
 -0.48122038E+000 -0.23337038E+000 -0.54907330E-002 -0.45313003E-002 -0.16530026E-002  0.22934693E+000  0.34247354E+001  0.16556435E+002  0.33186181E+002  0.10316519E+003  0.17234824E+003
 -0.48122038E+000 -0.23337037E+000 -0.54907330E-002 -0.45313005E-002 -0.16530031E-002  0.22934693E+000  0.34247354E+001  0.16556435E+002  0.33186210E+002  0.10316519E+003  0.17234824E+003
 -0.48122038E+000 -0.23337036E+000 -0.54907329E-002 -0.45313006E-002 -0.16530037E-002  0.22934692E+000  0.34247354E+001  0.16556435E+002  0.33186234E+002  0.10316519E+003  0.17234824E+003
 -0.48122038E+000 -0.23337034E+000 -0.54907329E-002 -0.45313008E-002 -0.16530043E-002  0.22934692E+000  0.34247354E+001  0.16556435E+002  0.33186255E+002  0.10316519E+003  0.17234824E+003
 -0.48122038E+000 -0.23337032E+000 -0.54907329E-002 -0.45313009E-002 -0.16530049E-002  0.22934692E+000  0.34247354E+001  0.16556435E+002  0.33186273E+002  0.10316519E+003  0.17234824E+003
 -0.48122038E+000 -0.23337030E+000 -0.54907329E-002 -0.45313010E-002 -0.16530054E-002  0.22934692E+000  0.34247354E+001  0.16556435E+002  0.33186288E+002  0.10316519E+003  0.17234824E+003
 -0.48122038E+000 -0.23337028E+000 -0.54907329E-002 -0.45313011E-002 -0.16530060E-002  0.22934692E+000  0.34247354E+001  0.16556435E+002  0.33186299E+002  0.10316519E+003  0.17234824E+003
 -0.48122038E+000 -0.23337026E+000 -0.54907328E-002 -0.45313012E-002 -0.16530066E-002  0.22934691E+000  0.34247354E+001  0.16556435E+002  0.33186308E+002  0.10316519E+003  0.17234824E+003
 -0.48122038E+000 -0.23337023E+000 -0.54907328E-002 -0.45313014E-002 -0.16530071E-002  0.22934691E+000  0.34247354E+001  0.16556435E+002  0.33186314E+002  0.10316519E+003  0.17234824E+003
 -0.48122038E+000 -0.23337019E+000 -0.54907328E-002 -0.45313015E-002 -0.16530076E-002  0.22934691E+000  0.34247354E+001  0.16556435E+002  0.33186317E+002  0.10316519E+003  0.17234824E+003
 -0.48122038E+000 -0.23337015E+000 -0.54907327E-002 -0.45313015E-002 -0.16530081E-002  0.22934691E+000  0.34247354E+001  0.16556435E+002  0.33186317E+002  0.10316519E+003  0.17234824E+003
 -0.48122038E+000 -0.23337011E+000 -0.54907326E-002 -0.45313016E-002 -0.16530086E-002  0.22934691E+000  0.34247354E+001  0.16556435E+002  0.33186316E+002  0.10316519E+003  0.17234824E+003
 -0.48122038E+000 -0.23337005E+000 -0.54907326E-002 -0.45313017E-002 -0.16530091E-002  0.22934691E+000  0.34247354E+001  0.16556435E+002  0.33186312E+002  0.10316519E+003  0.17234824E+003
 -0.48122038E+000 -0.23336998E+000 -0.54907325E-002 -0.45313017E-002 -0.16530095E-002  0.22934690E+000  0.34247354E+001  0.16556435E+002  0.33186306E+002  0.10316519E+003  0.17234824E+003
 -0.48122038E+000 -0.23336989E+000 -0.54907324E-002 -0.45313017E-002 -0.16530099E-002  0.22934690E+000  0.34247354E+001  0.16556435E+002  0.33186299E+002  0.10316519E+003  0.17234824E+003
 -0.48122037E+000 -0.23336977E+000 -0.54907322E-002 -0.45313017E-002 -0.16530102E-002  0.22934690E+000  0.34247354E+001  0.16556435E+002  0.33186291E+002  0.10316519E+003  0.17234824E+003
 -0.48122037E+000 -0.23336961E+000 -0.54907320E-002 -0.45313016E-002 -0.16530105E-002  0.22934690E+000  0.34247354E+001  0.16556435E+002  0.33186281E+002  0.10316519E+003  0.17234824E+003
 -0.48122036E+000 -0.23336938E+000 -0.54907318E-002 -0.45313015E-002 -0.16530107E-002  0.22934690E+000  0.34247354E+001  0.16556435E+002  0.33186272E+002  0.10316519E+003  0.17234824E+003
 -0.48122034E+000 -0.23336907E+000 -0.54907315E-002 -0.45313013E-002 -0.16530108E-002  0.22934690E+000  0.34247354E+001  0.16556435E+002  0.33186264E+002  0.10316519E+003  0.17234824E+003
 -0.48122032E+000 -0.23336837E+000 -0.54907305E-002 -0.45313004E-002 -0.16530103E-002  0.22934690E+000  0.34247354E+001  0.16556435E+002  0.33186260E+002  0.10316519E+003  0.17234824E+003
