 -0.57432092E+000 -0.43190780E+000 -0.11426195E+000 -0.56729871E-002 -0.39447190E-002 -0.10642722E-002  0.10817903E-002  0.96014761E+000  0.25658122E+001  0.51504776E+001  0.73807482E+001
 -0.57416693E+000 -0.43169037E+000 -0.11393121E+000 -0.56679883E-002 -0.39247836E-002 -0.10194424E-002  0.10600889E-002  0.95925227E+000  0.25646468E+001  0.51475769E+001  0.73770272E+001
 -0.57424702E+000 -0.43175021E+000 -0.11394516E+000 -0.56722705E-002 -0.39480987E-002 -0.10744790E-002  0.10546171E-002  0.95807304E+000  0.25633085E+001  0.51449449E+001  0.73737220E+001
 -0.57434280E+000 -0.43181893E+000 -0.11393991E+000 -0.56722575E-002 -0.39480574E-002 -0.10743907E-002  0.10570522E-002  0.95705182E+000  0.25621334E+001  0.51429132E+001  0.73711868E+001
 -0.57444459E+000 -0.43190739E+000 -0.11397186E+000 -0.56725669E-002 -0.39491711E-002 -0.10768447E-002  0.10596887E-002  0.95616135E+000  0.25610714E+001  0.51412544E+001  0.73691919E+001
 -0.57453292E+000 -0.43199926E+000 -0.11402784E+000 -0.56728325E-002 -0.39497090E-002 -0.10778365E-002  0.10621303E-002  0.95540439E+000  0.25601321E+001  0.51398611E+001  0.73676042E+001
 -0.57460174E+000 -0.43208722E+000 -0.11409988E+000 -0.56730678E-002 -0.39499287E-002 -0.10780300E-002  0.10642584E-002  0.95476848E+000  0.25593162E+001  0.51386601E+001  0.73663149E+001
 -0.57465140E+000 -0.43216799E+000 -0.11418242E+000 -0.56732927E-002 -0.39500235E-002 -0.10779080E-002  0.10660387E-002  0.95423710E+000  0.25586174E+001  0.51376052E+001  0.73652409E+001
 -0.57468481E+000 -0.43224024E+000 -0.11427118E+000 -0.56735184E-002 -0.39501035E-002 -0.10777453E-002  0.10675399E-002  0.95379448E+000  0.25580249E+001  0.51366686E+001  0.73643224E+001
 -0.57470549E+000 -0.43230359E+000 -0.11436264E+000 -0.56737410E-002 -0.39501786E-002 -0.10775746E-002  0.10688091E-002  0.95342683E+000  0.25575262E+001  0.51358337E+001  0.73635184E+001
 -0.57471680E+000 -0.43235830E+000 -0.11445408E+000 -0.56739573E-002 -0.39502516E-002 -0.10774087E-002  0.10698812E-002  0.95312219E+000  0.25571087E+001  0.51350891E+001  0.73628012E+001
 -0.57472155E+000 -0.43240502E+000 -0.11454345E+000 -0.56741660E-002 -0.39503282E-002 -0.10772651E-002  0.10707847E-002  0.95287034E+000  0.25567603E+001  0.51344260E+001  0.73621530E+001
 -0.57472195E+000 -0.43244457E+000 -0.11462922E+000 -0.56743685E-002 -0.39504261E-002 -0.10771887E-002  0.10715635E-002  0.95266289E+000  0.25564705E+001  0.51338367E+001  0.73615626E+001
 -0.57471962E+000 -0.43247778E+000 -0.11471027E+000 -0.56745605E-002 -0.39505288E-002 -0.10771425E-002  0.10722367E-002  0.95249254E+000  0.25562298E+001  0.51333138E+001  0.73610229E+001
 -0.57471572E+000 -0.43250555E+000 -0.11478589E+000 -0.56747393E-002 -0.39506246E-002 -0.10771000E-002  0.10728080E-002  0.95235381E+000  0.25560303E+001  0.51328505E+001  0.73605291E+001
 -0.57471109E+000 -0.43252868E+000 -0.11485572E+000 -0.56749050E-002 -0.39507153E-002 -0.10770657E-002  0.10732895E-002  0.95224194E+000  0.25558651E+001  0.51324399E+001  0.73600780E+001
 -0.57470624E+000 -0.43254796E+000 -0.11491963E+000 -0.56750582E-002 -0.39508033E-002 -0.10770452E-002  0.10736937E-002  0.95215282E+000  0.25557287E+001  0.51320759E+001  0.73596667E+001
 -0.57470153E+000 -0.43256401E+000 -0.11497766E+000 -0.56751985E-002 -0.39508861E-002 -0.10770321E-002  0.10740330E-002  0.95208299E+000  0.25556162E+001  0.51317531E+001  0.73592930E+001
 -0.57469712E+000 -0.43257739E+000 -0.11502998E+000 -0.56753265E-002 -0.39509642E-002 -0.10770270E-002  0.10743174E-002  0.95202951E+000  0.25555238E+001  0.51314667E+001  0.73589549E+001
 -0.57469312E+000 -0.43258856E+000 -0.11507684E+000 -0.56754426E-002 -0.39510375E-002 -0.10770291E-002  0.10745556E-002  0.95198985E+000  0.25554482E+001  0.51312125E+001  0.73586505E+001
 -0.57468954E+000 -0.43259788E+000 -0.11511856E+000 -0.56755469E-002 -0.39511040E-002 -0.10770324E-002  0.10747555E-002  0.95196193E+000  0.25553865E+001  0.51309871E+001  0.73583779E+001
 -0.57468637E+000 -0.43260566E+000 -0.11515548E+000 -0.56756405E-002 -0.39511654E-002 -0.10770402E-002  0.10749229E-002  0.95194391E+000  0.25553365E+001  0.51307877E+001  0.73581356E+001
 -0.57468357E+000 -0.43261213E+000 -0.11518797E+000 -0.56757234E-002 -0.39512193E-002 -0.10770460E-002  0.10750638E-002  0.95193428E+000  0.25552964E+001  0.51306118E+001  0.73579220E+001
 -0.57468109E+000 -0.43261749E+000 -0.11521639E+000 -0.56757968E-002 -0.39512684E-002 -0.10770544E-002  0.10751823E-002  0.95193172E+000  0.25552645E+001  0.51304574E+001  0.73577357E+001
 -0.57467888E+000 -0.43262188E+000 -0.11524109E+000 -0.56758610E-002 -0.39513104E-002 -0.10770594E-002  0.10752822E-002  0.95193517E+000  0.25552398E+001  0.51303232E+001  0.73575756E+001
 -0.57467687E+000 -0.43262541E+000 -0.11526241E+000 -0.56759167E-002 -0.39513461E-002 -0.10770617E-002  0.10753659E-002  0.95194369E+000  0.25552212E+001  0.51302077E+001  0.73574405E+001
 -0.57467501E+000 -0.43262816E+000 -0.11528065E+000 -0.56759642E-002 -0.39513739E-002 -0.10770567E-002  0.10754380E-002  0.95195655E+000  0.25552081E+001  0.51301101E+001  0.73573293E+001
 -0.57467325E+000 -0.43263022E+000 -0.11529612E+000 -0.56760046E-002 -0.39513967E-002 -0.10770500E-002  0.10755006E-002  0.95197309E+000  0.25551998E+001  0.51300295E+001  0.73572412E+001
 -0.57467156E+000 -0.43263162E+000 -0.11530908E+000 -0.56760384E-002 -0.39514131E-002 -0.10770375E-002  0.10755560E-002  0.95199285E+000  0.25551962E+001  0.51299656E+001  0.73571751E+001
 -0.57466988E+000 -0.43263242E+000 -0.11531977E+000 -0.56760656E-002 -0.39514222E-002 -0.10770165E-002  0.10756062E-002  0.95201545E+000  0.25551969E+001  0.51299177E+001  0.73571304E+001
 -0.57466819E+000 -0.43263264E+000 -0.11532840E+000 -0.56760874E-002 -0.39514261E-002 -0.10769907E-002  0.10756521E-002  0.95204059E+000  0.25552020E+001  0.51298856E+001  0.73571062E+001
 -0.57466647E+000 -0.43263233E+000 -0.11533518E+000 -0.56761040E-002 -0.39514246E-002 -0.10769588E-002  0.10756950E-002  0.95206810E+000  0.25552113E+001  0.51298691E+001  0.73571017E+001
 -0.57466468E+000 -0.43263149E+000 -0.11534027E+000 -0.56761157E-002 -0.39514170E-002 -0.10769191E-002  0.10757362E-002  0.95209789E+000  0.25552251E+001  0.51298679E+001  0.73571161E+001
 -0.57466281E+000 -0.43263016E+000 -0.11534384E+000 -0.56761233E-002 -0.39514052E-002 -0.10768750E-002  0.10757760E-002  0.95212993E+000  0.25552436E+001  0.51298818E+001  0.73571488E+001
 -0.57466086E+000 -0.43262836E+000 -0.11534601E+000 -0.56761270E-002 -0.39513886E-002 -0.10768247E-002  0.10758153E-002  0.95216426E+000  0.25552668E+001  0.51299107E+001  0.73571990E+001
 -0.57465879E+000 -0.43262609E+000 -0.11534691E+000 -0.56761270E-002 -0.39513676E-002 -0.10767684E-002  0.10758546E-002  0.95220101E+000  0.25552952E+001  0.51299544E+001  0.73572661E+001
 -0.57465661E+000 -0.43262337E+000 -0.11534663E+000 -0.56761239E-002 -0.39513424E-002 -0.10767066E-002  0.10758944E-002  0.95224034E+000  0.25553289E+001  0.51300128E+001  0.73573494E+001
 -0.57465430E+000 -0.43262022E+000 -0.11534527E+000 -0.56761177E-002 -0.39513135E-002 -0.10766398E-002  0.10759350E-002  0.95228245E+000  0.25553682E+001  0.51300856E+001  0.73574485E+001
 -0.57465187E+000 -0.43261665E+000 -0.11534290E+000 -0.56761089E-002 -0.39512815E-002 -0.10765693E-002  0.10759765E-002  0.95232757E+000  0.25554135E+001  0.51301726E+001  0.73575628E+001
 -0.57464931E+000 -0.43261265E+000 -0.11533958E+000 -0.56760974E-002 -0.39512458E-002 -0.10764930E-002  0.10760195E-002  0.95237597E+000  0.25554649E+001  0.51302737E+001  0.73576919E+001
 -0.57464660E+000 -0.43260823E+000 -0.11533535E+000 -0.56760837E-002 -0.39512071E-002 -0.10764127E-002  0.10760639E-002  0.95242791E+000  0.25555227E+001  0.51303888E+001  0.73578356E+001
 -0.57464375E+000 -0.43260341E+000 -0.11533027E+000 -0.56760677E-002 -0.39511654E-002 -0.10763283E-002  0.10761101E-002  0.95248367E+000  0.25555871E+001  0.51305176E+001  0.73579935E+001
 -0.57464076E+000 -0.43259817E+000 -0.11532435E+000 -0.56760495E-002 -0.39511209E-002 -0.10762399E-002  0.10761582E-002  0.95254350E+000  0.25556583E+001  0.51306600E+001  0.73581656E+001
 -0.57463761E+000 -0.43259251E+000 -0.11531762E+000 -0.56760293E-002 -0.39510732E-002 -0.10761464E-002  0.10762084E-002  0.95260768E+000  0.25557364E+001  0.51308160E+001  0.73583518E+001
 -0.57463431E+000 -0.43258644E+000 -0.11531010E+000 -0.56760071E-002 -0.39510232E-002 -0.10760499E-002  0.10762609E-002  0.95267641E+000  0.25558215E+001  0.51309854E+001  0.73585521E+001
 -0.57463085E+000 -0.43257994E+000 -0.11530178E+000 -0.56759829E-002 -0.39509697E-002 -0.10759478E-002  0.10763158E-002  0.95274991E+000  0.25559138E+001  0.51311682E+001  0.73587665E+001
 -0.57462722E+000 -0.43257302E+000 -0.11529269E+000 -0.56759568E-002 -0.39509136E-002 -0.10758417E-002  0.10763734E-002  0.95282835E+000  0.25560132E+001  0.51313645E+001  0.73589951E+001
 -0.57462343E+000 -0.43256566E+000 -0.11528281E+000 -0.56759287E-002 -0.39508545E-002 -0.10757309E-002  0.10764338E-002  0.95291187E+000  0.25561198E+001  0.51315741E+001  0.73592380E+001
 -0.57461946E+000 -0.43255785E+000 -0.11527215E+000 -0.56758986E-002 -0.39507920E-002 -0.10756144E-002  0.10764972E-002  0.95300056E+000  0.25562337E+001  0.51317972E+001  0.73594953E+001
 -0.57461532E+000 -0.43254960E+000 -0.11526069E+000 -0.56758665E-002 -0.39507265E-002 -0.10754931E-002  0.10765638E-002  0.95309451E+000  0.25563549E+001  0.51320336E+001  0.73597672E+001
 -0.57461099E+000 -0.43254088E+000 -0.11524845E+000 -0.56758325E-002 -0.39506575E-002 -0.10753660E-002  0.10766336E-002  0.95319374E+000  0.25564832E+001  0.51322835E+001  0.73600537E+001
 -0.57460648E+000 -0.43253171E+000 -0.11523541E+000 -0.56757964E-002 -0.39505850E-002 -0.10752327E-002  0.10767069E-002  0.95329825E+000  0.25566188E+001  0.51325468E+001  0.73603548E+001
 -0.57460178E+000 -0.43252208E+000 -0.11522158E+000 -0.56757582E-002 -0.39505091E-002 -0.10750937E-002  0.10767837E-002  0.95340803E+000  0.25567614E+001  0.51328234E+001  0.73606706E+001
 -0.57459690E+000 -0.43251199E+000 -0.11520695E+000 -0.56757180E-002 -0.39504291E-002 -0.10749476E-002  0.10768641E-002  0.95352300E+000  0.25569111E+001  0.51331132E+001  0.73610009E+001
 -0.57459184E+000 -0.43250143E+000 -0.11519153E+000 -0.56756757E-002 -0.39503457E-002 -0.10747955E-002  0.10769481E-002  0.95364308E+000  0.25570677E+001  0.51334161E+001  0.73613458E+001
 -0.57458659E+000 -0.43249043E+000 -0.11517534E+000 -0.56756314E-002 -0.39502583E-002 -0.10746365E-002  0.10770356E-002  0.95376815E+000  0.25572311E+001  0.51337319E+001  0.73617051E+001
 -0.57458116E+000 -0.43247898E+000 -0.11515838E+000 -0.56755850E-002 -0.39501671E-002 -0.10744704E-002  0.10771268E-002  0.95389806E+000  0.25574011E+001  0.51340603E+001  0.73620784E+001
 -0.57457555E+000 -0.43246710E+000 -0.11514068E+000 -0.56755367E-002 -0.39500721E-002 -0.10742978E-002  0.10772215E-002  0.95403266E+000  0.25575775E+001  0.51344011E+001  0.73624655E+001
 -0.57456978E+000 -0.43245480E+000 -0.11512226E+000 -0.56754863E-002 -0.39499733E-002 -0.10741181E-002  0.10773196E-002  0.95417174E+000  0.25577601E+001  0.51347538E+001  0.73628660E+001
 -0.57456384E+000 -0.43244211E+000 -0.11510315E+000 -0.56754341E-002 -0.39498707E-002 -0.10739316E-002  0.10774209E-002  0.95431510E+000  0.25579486E+001  0.51351179E+001  0.73632793E+001
 -0.57455776E+000 -0.43242904E+000 -0.11508338E+000 -0.56753800E-002 -0.39497644E-002 -0.10737384E-002  0.10775254E-002  0.95446248E+000  0.25581427E+001  0.51354930E+001  0.73637051E+001
 -0.57455153E+000 -0.43241562E+000 -0.11506299E+000 -0.56753242E-002 -0.39496546E-002 -0.10735386E-002  0.10776328E-002  0.95461364E+000  0.25583421E+001  0.51358784E+001  0.73641424E+001
 -0.57454517E+000 -0.43240187E+000 -0.11504203E+000 -0.56752667E-002 -0.39495413E-002 -0.10733324E-002  0.10777429E-002  0.95476827E+000  0.25585464E+001  0.51362735E+001  0.73645908E+001
 -0.57453869E+000 -0.43238783E+000 -0.11502053E+000 -0.56752077E-002 -0.39494248E-002 -0.10731201E-002  0.10778556E-002  0.95492607E+000  0.25587552E+001  0.51366776E+001  0.73650492E+001
 -0.57453211E+000 -0.43237351E+000 -0.11499854E+000 -0.56751472E-002 -0.39493051E-002 -0.10729017E-002  0.10779707E-002  0.95508672E+000  0.25589681E+001  0.51370897E+001  0.73655169E+001
 -0.57452543E+000 -0.43235896E+000 -0.11497612E+000 -0.56750853E-002 -0.39491825E-002 -0.10726777E-002  0.10780878E-002  0.95524987E+000  0.25591846E+001  0.51375091E+001  0.73659928E+001
 -0.57451867E+000 -0.43234420E+000 -0.11495332E+000 -0.56750223E-002 -0.39490571E-002 -0.10724483E-002  0.10782067E-002  0.95541515E+000  0.25594042E+001  0.51379349E+001  0.73664760E+001
 -0.57451185E+000 -0.43232926E+000 -0.11493019E+000 -0.56749582E-002 -0.39489292E-002 -0.10722141E-002  0.10783272E-002  0.95558218E+000  0.25596265E+001  0.51383660E+001  0.73669653E+001
 -0.57450497E+000 -0.43231420E+000 -0.11490679E+000 -0.56748931E-002 -0.39487989E-002 -0.10719752E-002  0.10784489E-002  0.95575056E+000  0.25598509E+001  0.51388014E+001  0.73674596E+001
 -0.57449806E+000 -0.43229903E+000 -0.11488318E+000 -0.56748273E-002 -0.39486667E-002 -0.10717323E-002  0.10785714E-002  0.95591990E+000  0.25600768E+001  0.51392402E+001  0.73679577E+001
 -0.57449113E+000 -0.43228380E+000 -0.11485942E+000 -0.56747608E-002 -0.39485327E-002 -0.10714857E-002  0.10786946E-002  0.95608976E+000  0.25603038E+001  0.51396812E+001  0.73684584E+001
 -0.57448420E+000 -0.43226854E+000 -0.11483557E+000 -0.56746939E-002 -0.39483973E-002 -0.10712361E-002  0.10788182E-002  0.95625974E+000  0.25605312E+001  0.51401232E+001  0.73689604E+001
 -0.57447728E+000 -0.43225329E+000 -0.11481169E+000 -0.56746267E-002 -0.39482607E-002 -0.10709839E-002  0.10789419E-002  0.95642942E+000  0.25607584E+001  0.51405653E+001  0.73694625E+001
 -0.57447039E+000 -0.43223809E+000 -0.11478785E+000 -0.56745593E-002 -0.39481232E-002 -0.10707296E-002  0.10790654E-002  0.95659836E+000  0.25609849E+001  0.51410063E+001  0.73699634E+001
 -0.57446354E+000 -0.43222298E+000 -0.11476410E+000 -0.56744920E-002 -0.39479853E-002 -0.10704740E-002  0.10791884E-002  0.95676615E+000  0.25612101E+001  0.51414449E+001  0.73704619E+001
 -0.57445676E+000 -0.43220799E+000 -0.11474051E+000 -0.56744249E-002 -0.39478471E-002 -0.10702175E-002  0.10793106E-002  0.95693237E+000  0.25614335E+001  0.51418803E+001  0.73709565E+001
 -0.57445005E+000 -0.43219316E+000 -0.11471714E+000 -0.56743581E-002 -0.39477091E-002 -0.10699608E-002  0.10794316E-002  0.95709662E+000  0.25616544E+001  0.51423111E+001  0.73714462E+001
 -0.57444343E+000 -0.43217852E+000 -0.11469404E+000 -0.56742918E-002 -0.39475716E-002 -0.10697045E-002  0.10795513E-002  0.95725851E+000  0.25618724E+001  0.51427365E+001  0.73719297E+001
 -0.57443692E+000 -0.43216411E+000 -0.11467127E+000 -0.56742262E-002 -0.39474349E-002 -0.10694493E-002  0.10796692E-002  0.95741764E+000  0.25620869E+001  0.51431552E+001  0.73724057E+001
 -0.57443053E+000 -0.43214997E+000 -0.11464888E+000 -0.56741615E-002 -0.39472994E-002 -0.10691959E-002  0.10797852E-002  0.95757366E+000  0.25622975E+001  0.51435664E+001  0.73728733E+001
 -0.57442427E+000 -0.43213612E+000 -0.11462694E+000 -0.56740978E-002 -0.39471655E-002 -0.10689449E-002  0.10798990E-002  0.95772623E+000  0.25625035E+001  0.51439691E+001  0.73733312E+001
 -0.57441817E+000 -0.43212259E+000 -0.11460548E+000 -0.56740353E-002 -0.39470335E-002 -0.10686970E-002  0.10800102E-002  0.95787501E+000  0.25627047E+001  0.51443624E+001  0.73737784E+001
 -0.57441222E+000 -0.43210941E+000 -0.11458456E+000 -0.56739741E-002 -0.39469037E-002 -0.10684530E-002  0.10801188E-002  0.95801971E+000  0.25629005E+001  0.51447454E+001  0.73742140E+001
 -0.57440645E+000 -0.43209661E+000 -0.11456422E+000 -0.56739143E-002 -0.39467765E-002 -0.10682133E-002  0.10802243E-002  0.95816005E+000  0.25630906E+001  0.51451173E+001  0.73746372E+001
 -0.57440085E+000 -0.43208421E+000 -0.11454449E+000 -0.56738562E-002 -0.39466521E-002 -0.10679785E-002  0.10803267E-002  0.95829579E+000  0.25632746E+001  0.51454776E+001  0.73750471E+001
 -0.57439545E+000 -0.43207222E+000 -0.11452541E+000 -0.56737997E-002 -0.39465307E-002 -0.10677492E-002  0.10804258E-002  0.95842671E+000  0.25634522E+001  0.51458255E+001  0.73754429E+001
 -0.57439024E+000 -0.43206068E+000 -0.11450701E+000 -0.56737450E-002 -0.39464128E-002 -0.10675258E-002  0.10805213E-002  0.95855261E+000  0.25636232E+001  0.51461605E+001  0.73758242E+001
 -0.57438524E+000 -0.43204959E+000 -0.11448932E+000 -0.56736922E-002 -0.39462984E-002 -0.10673089E-002  0.10806132E-002  0.95867334E+000  0.25637873E+001  0.51464822E+001  0.73761903E+001
 -0.57438045E+000 -0.43203897E+000 -0.11447236E+000 -0.56736413E-002 -0.39461880E-002 -0.10670990E-002  0.10807013E-002  0.95878877E+000  0.25639444E+001  0.51467902E+001  0.73765408E+001
 -0.57437587E+000 -0.43202882E+000 -0.11445615E+000 -0.56735926E-002 -0.39460816E-002 -0.10668965E-002  0.10807856E-002  0.95889881E+000  0.25640942E+001  0.51470841E+001  0.73768753E+001
 -0.57437151E+000 -0.43201916E+000 -0.11444071E+000 -0.56735459E-002 -0.39459794E-002 -0.10667019E-002  0.10808659E-002  0.95900338E+000  0.25642367E+001  0.51473638E+001  0.73771937E+001
 -0.57436737E+000 -0.43200998E+000 -0.11442603E+000 -0.56735014E-002 -0.39458816E-002 -0.10665152E-002  0.10809422E-002  0.95910246E+000  0.25643718E+001  0.51476291E+001  0.73774958E+001
 -0.57436345E+000 -0.43200129E+000 -0.11441213E+000 -0.56734591E-002 -0.39457883E-002 -0.10663369E-002  0.10810144E-002  0.95919605E+000  0.25644996E+001  0.51478800E+001  0.73777814E+001
 -0.57435975E+000 -0.43199310E+000 -0.11439900E+000 -0.56734190E-002 -0.39456995E-002 -0.10661669E-002  0.10810827E-002  0.95928415E+000  0.25646199E+001  0.51481165E+001  0.73780508E+001
 -0.57435627E+000 -0.43198538E+000 -0.11438664E+000 -0.56733811E-002 -0.39456152E-002 -0.10660055E-002  0.10811469E-002  0.95936684E+000  0.25647330E+001  0.51483388E+001  0.73783039E+001
 -0.57435300E+000 -0.43197815E+000 -0.11437503E+000 -0.56733453E-002 -0.39455356E-002 -0.10658527E-002  0.10812072E-002  0.95944419E+000  0.25648389E+001  0.51485470E+001  0.73785410E+001
 -0.57434994E+000 -0.43197138E+000 -0.11436418E+000 -0.56733118E-002 -0.39454606E-002 -0.10657086E-002  0.10812636E-002  0.95951630E+000  0.25649376E+001  0.51487413E+001  0.73787624E+001
 -0.57434710E+000 -0.43196508E+000 -0.11435407E+000 -0.56732804E-002 -0.39453903E-002 -0.10655732E-002  0.10813161E-002  0.95958330E+000  0.25650295E+001  0.51489221E+001  0.73789684E+001
 -0.57434445E+000 -0.43195923E+000 -0.11434467E+000 -0.56732512E-002 -0.39453244E-002 -0.10654465E-002  0.10813649E-002  0.95964533E+000  0.25651146E+001  0.51490897E+001  0.73791595E+001
 -0.57434199E+000 -0.43195381E+000 -0.11433596E+000 -0.56732240E-002 -0.39452630E-002 -0.10653281E-002  0.10814101E-002  0.95970257E+000  0.25651932E+001  0.51492446E+001  0.73793360E+001
 -0.57433973E+000 -0.43194881E+000 -0.11432793E+000 -0.56731988E-002 -0.39452060E-002 -0.10652179E-002  0.10814517E-002  0.95975518E+000  0.25652656E+001  0.51493872E+001  0.73794985E+001
 -0.57433764E+000 -0.43194421E+000 -0.11432053E+000 -0.56731756E-002 -0.39451532E-002 -0.10651159E-002  0.10814900E-002  0.95980338E+000  0.25653319E+001  0.51495180E+001  0.73796477E+001
 -0.57433573E+000 -0.43193999E+000 -0.11431376E+000 -0.56731542E-002 -0.39451045E-002 -0.10650216E-002  0.10815250E-002  0.95984735E+000  0.25653925E+001  0.51496376E+001  0.73797840E+001
 -0.57433398E+000 -0.43193614E+000 -0.11430757E+000 -0.56731346E-002 -0.39450597E-002 -0.10649349E-002  0.10815570E-002  0.95988731E+000  0.25654476E+001  0.51497464E+001  0.73799081E+001
 -0.57433239E+000 -0.43193264E+000 -0.11430194E+000 -0.56731167E-002 -0.39450187E-002 -0.10648554E-002  0.10815860E-002  0.95992349E+000  0.25654975E+001  0.51498451E+001  0.73800207E+001
 -0.57433095E+000 -0.43192946E+000 -0.11429683E+000 -0.56731004E-002 -0.39449813E-002 -0.10647828E-002  0.10816123E-002  0.95995609E+000  0.25655426E+001  0.51499342E+001  0.73801224E+001
 -0.57432964E+000 -0.43192660E+000 -0.11429222E+000 -0.56730856E-002 -0.39449473E-002 -0.10647168E-002  0.10816360E-002  0.95998536E+000  0.25655831E+001  0.51500143E+001  0.73802139E+001
 -0.57432846E+000 -0.43192402E+000 -0.11428807E+000 -0.56730723E-002 -0.39449166E-002 -0.10646570E-002  0.10816572E-002  0.96001151E+000  0.25656193E+001  0.51500861E+001  0.73802959E+001
 -0.57432740E+000 -0.43192170E+000 -0.11428435E+000 -0.56730603E-002 -0.39448889E-002 -0.10646031E-002  0.10816762E-002  0.96003476E+000  0.25656516E+001  0.51501501E+001  0.73803690E+001
 -0.57432646E+000 -0.43191964E+000 -0.11428103E+000 -0.56730496E-002 -0.39448640E-002 -0.10645546E-002  0.10816931E-002  0.96005533E+000  0.25656802E+001  0.51502068E+001  0.73804338E+001
 -0.57432562E+000 -0.43191780E+000 -0.11427808E+000 -0.56730400E-002 -0.39448417E-002 -0.10645113E-002  0.10817081E-002  0.96007344E+000  0.25657054E+001  0.51502569E+001  0.73804911E+001
 -0.57432487E+000 -0.43191618E+000 -0.11427548E+000 -0.56730315E-002 -0.39448220E-002 -0.10644727E-002  0.10817213E-002  0.96008928E+000  0.25657275E+001  0.51503008E+001  0.73805413E+001
 -0.57432421E+000 -0.43191475E+000 -0.11427318E+000 -0.56730240E-002 -0.39448044E-002 -0.10644385E-002  0.10817329E-002  0.96010306E+000  0.25657468E+001  0.51503392E+001  0.73805852E+001
 -0.57432363E+000 -0.43191349E+000 -0.11427116E+000 -0.56730174E-002 -0.39447890E-002 -0.10644083E-002  0.10817429E-002  0.96011497E+000  0.25657634E+001  0.51503724E+001  0.73806233E+001
 -0.57432312E+000 -0.43191239E+000 -0.11426941E+000 -0.56730116E-002 -0.39447755E-002 -0.10643818E-002  0.10817517E-002  0.96012518E+000  0.25657777E+001  0.51504011E+001  0.73806562E+001
 -0.57432268E+000 -0.43191144E+000 -0.11426789E+000 -0.56730066E-002 -0.39447637E-002 -0.10643588E-002  0.10817592E-002  0.96013385E+000  0.25657900E+001  0.51504255E+001  0.73806843E+001
 -0.57432230E+000 -0.43191062E+000 -0.11426657E+000 -0.56730023E-002 -0.39447535E-002 -0.10643387E-002  0.10817656E-002  0.96014116E+000  0.25658003E+001  0.51504462E+001  0.73807081E+001
 -0.57432197E+000 -0.43190992E+000 -0.11426545E+000 -0.56729986E-002 -0.39447447E-002 -0.10643215E-002  0.10817710E-002  0.96014725E+000  0.25658089E+001  0.51504636E+001  0.73807281E+001
 -0.57432168E+000 -0.43190932E+000 -0.11426450E+000 -0.56729954E-002 -0.39447372E-002 -0.10643068E-002  0.10817756E-002  0.96015225E+000  0.25658160E+001  0.51504780E+001  0.73807447E+001
 -0.57432144E+000 -0.43190882E+000 -0.11426369E+000 -0.56729927E-002 -0.39447308E-002 -0.10642942E-002  0.10817794E-002  0.96015629E+000  0.25658218E+001  0.51504898E+001  0.73807582E+001
 -0.57432124E+000 -0.43190839E+000 -0.11426302E+000 -0.56729904E-002 -0.39447254E-002 -0.10642837E-002  0.10817825E-002  0.96015949E+000  0.25658264E+001  0.51504992E+001  0.73807691E+001
 -0.57432107E+000 -0.43190804E+000 -0.11426246E+000 -0.56729886E-002 -0.39447210E-002 -0.10642750E-002  0.10817850E-002  0.96016195E+000  0.25658300E+001  0.51505066E+001  0.73807777E+001
 -0.57432093E+000 -0.43190775E+000 -0.11426201E+000 -0.56729870E-002 -0.39447173E-002 -0.10642678E-002  0.10817870E-002  0.96016376E+000  0.25658327E+001  0.51505122E+001  0.73807842E+001
 -0.57432082E+000 -0.43190752E+000 -0.11426165E+000 -0.56729858E-002 -0.39447144E-002 -0.10642620E-002  0.10817886E-002  0.96016502E+000  0.25658346E+001  0.51505162E+001  0.73807890E+001
 -0.57432072E+000 -0.43190734E+000 -0.11426137E+000 -0.56729849E-002 -0.39447121E-002 -0.10642575E-002  0.10817897E-002  0.96016579E+000  0.25658358E+001  0.51505189E+001  0.73807922E+001
 -0.57432065E+000 -0.43190720E+000 -0.11426115E+000 -0.56729841E-002 -0.39447103E-002 -0.10642539E-002  0.10817905E-002  0.96016616E+000  0.25658365E+001  0.51505204E+001  0.73807941E+001
 -0.57432060E+000 -0.43190710E+000 -0.11426099E+000 -0.56729836E-002 -0.39447090E-002 -0.10642513E-002  0.10817911E-002  0.96016618E+000  0.25658366E+001  0.51505210E+001  0.73807949E+001
 -0.57432056E+000 -0.43190703E+000 -0.11426089E+000 -0.56729832E-002 -0.39447081E-002 -0.10642495E-002  0.10817914E-002  0.96016591E+000  0.25658364E+001  0.51505207E+001  0.73807947E+001
 -0.57432053E+000 -0.43190698E+000 -0.11426082E+000 -0.56729830E-002 -0.39447075E-002 -0.10642483E-002  0.10817914E-002  0.96016538E+000  0.25658358E+001  0.51505197E+001  0.73807937E+001
 -0.57432051E+000 -0.43190696E+000 -0.11426079E+000 -0.56729829E-002 -0.39447072E-002 -0.10642477E-002  0.10817913E-002  0.96016466E+000  0.25658349E+001  0.51505182E+001  0.73807920E+001
 -0.57432050E+000 -0.43190696E+000 -0.11426080E+000 -0.56729829E-002 -0.39447072E-002 -0.10642476E-002  0.10817911E-002  0.96016377E+000  0.25658337E+001  0.51505161E+001  0.73807898E+001
 -0.57432051E+000 -0.43190697E+000 -0.11426082E+000 -0.56729829E-002 -0.39447073E-002 -0.10642480E-002  0.10817908E-002  0.96016274E+000  0.25658324E+001  0.51505137E+001  0.73807871E+001
 -0.57432051E+000 -0.43190700E+000 -0.11426087E+000 -0.56729831E-002 -0.39447077E-002 -0.10642486E-002  0.10817903E-002  0.96016161E+000  0.25658309E+001  0.51505110E+001  0.73807841E+001
 -0.57432052E+000 -0.43190704E+000 -0.11426094E+000 -0.56729833E-002 -0.39447082E-002 -0.10642495E-002  0.10817898E-002  0.96016040E+000  0.25658293E+001  0.51505080E+001  0.73807807E+001
 -0.57432054E+000 -0.43190709E+000 -0.11426102E+000 -0.56729836E-002 -0.39447088E-002 -0.10642507E-002  0.10817892E-002  0.96015912E+000  0.25658276E+001  0.51505048E+001  0.73807772E+001
 -0.57432056E+000 -0.43190715E+000 -0.11426112E+000 -0.56729839E-002 -0.39447095E-002 -0.10642520E-002  0.10817886E-002  0.96015781E+000  0.25658259E+001  0.51505015E+001  0.73807735E+001
 -0.57432059E+000 -0.43190721E+000 -0.11426122E+000 -0.56729842E-002 -0.39447102E-002 -0.10642535E-002  0.10817880E-002  0.96015646E+000  0.25658241E+001  0.51504981E+001  0.73807697E+001
 -0.57432061E+000 -0.43190727E+000 -0.11426133E+000 -0.56729846E-002 -0.39447110E-002 -0.10642551E-002  0.10817873E-002  0.96015510E+000  0.25658222E+001  0.51504946E+001  0.73807658E+001
 -0.57432064E+000 -0.43190734E+000 -0.11426144E+000 -0.56729850E-002 -0.39447119E-002 -0.10642568E-002  0.10817867E-002  0.96015374E+000  0.25658204E+001  0.51504911E+001  0.73807619E+001
 -0.57432067E+000 -0.43190742E+000 -0.11426156E+000 -0.56729853E-002 -0.39447128E-002 -0.10642585E-002  0.10817860E-002  0.96015238E+000  0.25658186E+001  0.51504876E+001  0.73807580E+001
 -0.57432070E+000 -0.43190749E+000 -0.11426168E+000 -0.56729857E-002 -0.39447137E-002 -0.10642603E-002  0.10817854E-002  0.96015104E+000  0.25658168E+001  0.51504842E+001  0.73807541E+001
 -0.57432073E+000 -0.43190756E+000 -0.11426180E+000 -0.56729861E-002 -0.39447146E-002 -0.10642620E-002  0.10817847E-002  0.96014973E+000  0.25658150E+001  0.51504807E+001  0.73807503E+001
 -0.57432077E+000 -0.43190764E+000 -0.11426192E+000 -0.56729865E-002 -0.39447155E-002 -0.10642638E-002  0.10817841E-002  0.96014843E+000  0.25658132E+001  0.51504774E+001  0.73807465E+001
 -0.57432080E+000 -0.43190771E+000 -0.11426203E+000 -0.56729869E-002 -0.39447164E-002 -0.10642656E-002  0.10817835E-002  0.96014718E+000  0.25658115E+001  0.51504741E+001  0.73807429E+001
 -0.57432083E+000 -0.43190779E+000 -0.11426215E+000 -0.56729873E-002 -0.39447173E-002 -0.10642673E-002  0.10817829E-002  0.96014596E+000  0.25658099E+001  0.51504710E+001  0.73807393E+001
 -0.57432086E+000 -0.43190786E+000 -0.11426226E+000 -0.56729877E-002 -0.39447182E-002 -0.10642690E-002  0.10817823E-002  0.96014478E+000  0.25658083E+001  0.51504679E+001  0.73807359E+001
 -0.57432089E+000 -0.43190793E+000 -0.11426237E+000 -0.56729881E-002 -0.39447190E-002 -0.10642706E-002  0.10817818E-002  0.96014364E+000  0.25658067E+001  0.51504650E+001  0.73807325E+001
 -0.57432092E+000 -0.43190799E+000 -0.11426248E+000 -0.56729884E-002 -0.39447198E-002 -0.10642722E-002  0.10817813E-002  0.96014255E+000  0.25658052E+001  0.51504621E+001  0.73807294E+001
 -0.57432095E+000 -0.43190806E+000 -0.11426258E+000 -0.56729888E-002 -0.39447206E-002 -0.10642737E-002  0.10817808E-002  0.96014151E+000  0.25658038E+001  0.51504594E+001  0.73807263E+001
 -0.57432098E+000 -0.43190812E+000 -0.11426268E+000 -0.56729891E-002 -0.39447214E-002 -0.10642752E-002  0.10817804E-002  0.96014052E+000  0.25658025E+001  0.51504569E+001  0.73807235E+001
 -0.57432100E+000 -0.43190818E+000 -0.11426277E+000 -0.56729894E-002 -0.39447221E-002 -0.10642766E-002  0.10817799E-002  0.96013958E+000  0.25658012E+001  0.51504544E+001  0.73807207E+001
 -0.57432103E+000 -0.43190824E+000 -0.11426286E+000 -0.56729897E-002 -0.39447228E-002 -0.10642779E-002  0.10817796E-002  0.96013869E+000  0.25658000E+001  0.51504521E+001  0.73807182E+001
 -0.57432105E+000 -0.43190829E+000 -0.11426294E+000 -0.56729900E-002 -0.39447234E-002 -0.10642792E-002  0.10817792E-002  0.96013786E+000  0.25657989E+001  0.51504500E+001  0.73807158E+001
 -0.57432107E+000 -0.43190834E+000 -0.11426302E+000 -0.56729902E-002 -0.39447240E-002 -0.10642804E-002  0.10817789E-002  0.96013708E+000  0.25657978E+001  0.51504480E+001  0.73807135E+001
 -0.57432109E+000 -0.43190838E+000 -0.11426309E+000 -0.56729905E-002 -0.39447246E-002 -0.10642815E-002  0.10817786E-002  0.96013635E+000  0.25657968E+001  0.51504461E+001  0.73807114E+001
 -0.57432111E+000 -0.43190843E+000 -0.11426316E+000 -0.56729907E-002 -0.39447251E-002 -0.10642825E-002  0.10817784E-002  0.96013568E+000  0.25657959E+001  0.51504444E+001  0.73807095E+001
 -0.57432113E+000 -0.43190847E+000 -0.11426322E+000 -0.56729909E-002 -0.39447256E-002 -0.10642835E-002  0.10817782E-002  0.96013507E+000  0.25657951E+001  0.51504428E+001  0.73807078E+001
 -0.57432115E+000 -0.43190850E+000 -0.11426328E+000 -0.56729911E-002 -0.39447261E-002 -0.10642843E-002  0.10817780E-002  0.96013450E+000  0.25657943E+001  0.51504414E+001  0.73807062E+001
 -0.57432116E+000 -0.43190854E+000 -0.11426333E+000 -0.56729913E-002 -0.39447265E-002 -0.10642851E-002  0.10817779E-002  0.96013399E+000  0.25657936E+001  0.51504401E+001  0.73807047E+001
 -0.57432118E+000 -0.43190857E+000 -0.11426337E+000 -0.56729914E-002 -0.39447269E-002 -0.10642859E-002  0.10817777E-002  0.96013354E+000  0.25657930E+001  0.51504389E+001  0.73807035E+001
 -0.57432119E+000 -0.43190859E+000 -0.11426341E+000 -0.56729916E-002 -0.39447272E-002 -0.10642865E-002  0.10817777E-002  0.96013313E+000  0.25657924E+001  0.51504379E+001  0.73807024E+001
 -0.57432120E+000 -0.43190862E+000 -0.11426345E+000 -0.56729917E-002 -0.39447275E-002 -0.10642871E-002  0.10817776E-002  0.96013278E+000  0.25657920E+001  0.51504371E+001  0.73807014E+001
 -0.57432121E+000 -0.43190864E+000 -0.11426347E+000 -0.56729918E-002 -0.39447278E-002 -0.10642876E-002  0.10817776E-002  0.96013248E+000  0.25657916E+001  0.51504363E+001  0.73807006E+001
 -0.57432122E+000 -0.43190865E+000 -0.11426350E+000 -0.56729919E-002 -0.39447280E-002 -0.10642881E-002  0.10817776E-002  0.96013222E+000  0.25657912E+001  0.51504357E+001  0.73807000E+001
 -0.57432123E+000 -0.43190867E+000 -0.11426352E+000 -0.56729920E-002 -0.39447282E-002 -0.10642885E-002  0.10817776E-002  0.96013202E+000  0.25657909E+001  0.51504352E+001  0.73806995E+001
 -0.57432123E+000 -0.43190868E+000 -0.11426353E+000 -0.56729920E-002 -0.39447283E-002 -0.10642888E-002  0.10817777E-002  0.96013186E+000  0.25657907E+001  0.51504349E+001  0.73806991E+001
 -0.57432124E+000 -0.43190868E+000 -0.11426354E+000 -0.56729920E-002 -0.39447284E-002 -0.10642890E-002  0.10817778E-002  0.96013175E+000  0.25657906E+001  0.51504347E+001  0.73806989E+001
 -0.57432124E+000 -0.43190869E+000 -0.11426354E+000 -0.56729921E-002 -0.39447285E-002 -0.10642892E-002  0.10817779E-002  0.96013168E+000  0.25657905E+001  0.51504345E+001  0.73806988E+001
 -0.57432124E+000 -0.43190869E+000 -0.11426354E+000 -0.56729921E-002 -0.39447286E-002 -0.10642893E-002  0.10817780E-002  0.96013165E+000  0.25657905E+001  0.51504345E+001  0.73806988E+001
 -0.57432124E+000 -0.43190869E+000 -0.11426354E+000 -0.56729921E-002 -0.39447286E-002 -0.10642894E-002  0.10817782E-002  0.96013166E+000  0.25657905E+001  0.51504346E+001  0.73806990E+001
 -0.57432125E+000 -0.43190869E+000 -0.11426353E+000 -0.56729921E-002 -0.39447286E-002 -0.10642894E-002  0.10817784E-002  0.96013172E+000  0.25657906E+001  0.51504348E+001  0.73806992E+001
 -0.57432124E+000 -0.43190868E+000 -0.11426352E+000 -0.56729920E-002 -0.39447286E-002 -0.10642894E-002  0.10817786E-002  0.96013181E+000  0.25657907E+001  0.51504351E+001  0.73806996E+001
 -0.57432124E+000 -0.43190867E+000 -0.11426350E+000 -0.56729920E-002 -0.39447285E-002 -0.10642893E-002  0.10817788E-002  0.96013193E+000  0.25657909E+001  0.51504355E+001  0.73807001E+001
 -0.57432124E+000 -0.43190866E+000 -0.11426348E+000 -0.56729919E-002 -0.39447284E-002 -0.10642892E-002  0.10817790E-002  0.96013209E+000  0.25657911E+001  0.51504360E+001  0.73807007E+001
 -0.57432124E+000 -0.43190865E+000 -0.11426346E+000 -0.56729919E-002 -0.39447283E-002 -0.10642890E-002  0.10817793E-002  0.96013228E+000  0.25657913E+001  0.51504366E+001  0.73807013E+001
 -0.57432123E+000 -0.43190864E+000 -0.11426343E+000 -0.56729918E-002 -0.39447282E-002 -0.10642888E-002  0.10817796E-002  0.96013250E+000  0.25657916E+001  0.51504372E+001  0.73807021E+001
 -0.57432123E+000 -0.43190862E+000 -0.11426340E+000 -0.56729917E-002 -0.39447280E-002 -0.10642886E-002  0.10817798E-002  0.96013274E+000  0.25657920E+001  0.51504379E+001  0.73807029E+001
 -0.57432122E+000 -0.43190861E+000 -0.11426337E+000 -0.56729916E-002 -0.39447279E-002 -0.10642883E-002  0.10817801E-002  0.96013301E+000  0.25657923E+001  0.51504387E+001  0.73807038E+001
 -0.57432121E+000 -0.43190859E+000 -0.11426334E+000 -0.56729915E-002 -0.39447277E-002 -0.10642880E-002  0.10817804E-002  0.96013331E+000  0.25657928E+001  0.51504395E+001  0.73807048E+001
 -0.57432121E+000 -0.43190857E+000 -0.11426330E+000 -0.56729914E-002 -0.39447275E-002 -0.10642877E-002  0.10817807E-002  0.96013363E+000  0.25657932E+001  0.51504404E+001  0.73807059E+001
 -0.57432120E+000 -0.43190855E+000 -0.11426327E+000 -0.56729913E-002 -0.39447273E-002 -0.10642873E-002  0.10817811E-002  0.96013397E+000  0.25657937E+001  0.51504414E+001  0.73807070E+001
 -0.57432119E+000 -0.43190853E+000 -0.11426323E+000 -0.56729912E-002 -0.39447271E-002 -0.10642869E-002  0.10817814E-002  0.96013432E+000  0.25657941E+001  0.51504424E+001  0.73807081E+001
 -0.57432118E+000 -0.43190850E+000 -0.11426319E+000 -0.56729910E-002 -0.39447268E-002 -0.10642865E-002  0.10817817E-002  0.96013470E+000  0.25657947E+001  0.51504434E+001  0.73807093E+001
 -0.57432117E+000 -0.43190848E+000 -0.11426314E+000 -0.56729909E-002 -0.39447266E-002 -0.10642860E-002  0.10817821E-002  0.96013509E+000  0.25657952E+001  0.51504445E+001  0.73807106E+001
 -0.57432117E+000 -0.43190845E+000 -0.11426310E+000 -0.56729908E-002 -0.39447263E-002 -0.10642856E-002  0.10817824E-002  0.96013549E+000  0.25657957E+001  0.51504456E+001  0.73807118E+001
 -0.57432116E+000 -0.43190843E+000 -0.11426305E+000 -0.56729906E-002 -0.39447261E-002 -0.10642851E-002  0.10817827E-002  0.96013591E+000  0.25657963E+001  0.51504467E+001  0.73807132E+001
 -0.57432115E+000 -0.43190840E+000 -0.11426301E+000 -0.56729905E-002 -0.39447258E-002 -0.10642846E-002  0.10817831E-002  0.96013634E+000  0.25657969E+001  0.51504479E+001  0.73807145E+001
 -0.57432114E+000 -0.43190838E+000 -0.11426296E+000 -0.56729904E-002 -0.39447255E-002 -0.10642841E-002  0.10817835E-002  0.96013678E+000  0.25657975E+001  0.51504491E+001  0.73807159E+001
 -0.57432113E+000 -0.43190835E+000 -0.11426291E+000 -0.56729902E-002 -0.39447252E-002 -0.10642836E-002  0.10817838E-002  0.96013724E+000  0.25657981E+001  0.51504504E+001  0.73807174E+001
 -0.57432111E+000 -0.43190832E+000 -0.11426286E+000 -0.56729901E-002 -0.39447249E-002 -0.10642831E-002  0.10817842E-002  0.96013772E+000  0.25657988E+001  0.51504517E+001  0.73807189E+001
 -0.57432110E+000 -0.43190828E+000 -0.11426281E+000 -0.56729899E-002 -0.39447246E-002 -0.10642825E-002  0.10817846E-002  0.96013822E+000  0.25657995E+001  0.51504530E+001  0.73807205E+001
 -0.57432109E+000 -0.43190825E+000 -0.11426275E+000 -0.56729897E-002 -0.39447243E-002 -0.10642819E-002  0.10817850E-002  0.96013875E+000  0.25658002E+001  0.51504545E+001  0.73807221E+001
 -0.57432107E+000 -0.43190821E+000 -0.11426269E+000 -0.56729895E-002 -0.39447239E-002 -0.10642813E-002  0.10817854E-002  0.96013932E+000  0.25658010E+001  0.51504560E+001  0.73807239E+001
 -0.57432105E+000 -0.43190817E+000 -0.11426262E+000 -0.56729893E-002 -0.39447236E-002 -0.10642806E-002  0.10817858E-002  0.96013994E+000  0.25658018E+001  0.51504577E+001  0.73807259E+001
 -0.57432103E+000 -0.43190812E+000 -0.11426253E+000 -0.56729891E-002 -0.39447232E-002 -0.10642799E-002  0.10817863E-002  0.96014064E+000  0.25658027E+001  0.51504597E+001  0.73807281E+001
 -0.57432101E+000 -0.43190806E+000 -0.11426244E+000 -0.56729889E-002 -0.39447227E-002 -0.10642791E-002  0.10817869E-002  0.96014144E+000  0.25658038E+001  0.51504618E+001  0.73807307E+001
 -0.57432097E+000 -0.43190798E+000 -0.11426233E+000 -0.56729886E-002 -0.39447222E-002 -0.10642782E-002  0.10817876E-002  0.96014239E+000  0.25658051E+001  0.51504645E+001  0.73807337E+001
 -0.57432093E+000 -0.43190789E+000 -0.11426218E+000 -0.56729882E-002 -0.39447216E-002 -0.10642771E-002  0.10817884E-002  0.96014357E+000  0.25658067E+001  0.51504676E+001  0.73807373E+001
 -0.57432086E+000 -0.43190775E+000 -0.11426199E+000 -0.56729879E-002 -0.39447214E-002 -0.10642772E-002  0.10817894E-002  0.96014504E+000  0.25658086E+001  0.51504713E+001  0.73807416E+001
 -0.57432075E+000 -0.43190748E+000 -0.11426155E+000 -0.56729864E-002 -0.39447179E-002 -0.10642703E-002  0.10817921E-002  0.96014730E+000  0.25658112E+001  0.51504758E+001  0.73807463E+001
