  0.10529480E+002
  0.10530171E+002
  0.10530721E+002
  0.10531181E+002
  0.10531568E+002
  0.10531897E+002
  0.10532179E+002
  0.10532421E+002
  0.10532631E+002
  0.10532813E+002
  0.10532971E+002
  0.10533110E+002
  0.10533232E+002
  0.10533339E+002
  0.10533434E+002
  0.10533518E+002
  0.10533593E+002
  0.10533661E+002
  0.10533721E+002
  0.10533776E+002
  0.10533825E+002
  0.10533870E+002
  0.10533911E+002
  0.10533948E+002
  0.10533982E+002
  0.10534013E+002
  0.10534041E+002
  0.10534067E+002
  0.10534091E+002
  0.10534112E+002
  0.10534132E+002
  0.10534150E+002
  0.10534166E+002
  0.10534181E+002
  0.10534193E+002
  0.10534204E+002
  0.10534214E+002
  0.10534221E+002
  0.10534227E+002
  0.10534231E+002
  0.10534234E+002
  0.10534234E+002
  0.10534233E+002
  0.10534230E+002
  0.10534224E+002
  0.10534217E+002
  0.10534208E+002
  0.10534197E+002
  0.10534184E+002
  0.10534168E+002
  0.10534151E+002
  0.10534131E+002
  0.10534110E+002
  0.10534086E+002
  0.10534059E+002
  0.10534031E+002
  0.10534001E+002
  0.10533968E+002
  0.10533933E+002
  0.10533897E+002
  0.10533858E+002
  0.10533817E+002
  0.10533774E+002
  0.10533730E+002
  0.10533683E+002
  0.10533635E+002
  0.10533585E+002
  0.10533534E+002
  0.10533481E+002
  0.10533427E+002
  0.10533372E+002
  0.10533315E+002
  0.10533258E+002
  0.10533200E+002
  0.10533141E+002
  0.10533081E+002
  0.10533022E+002
  0.10532962E+002
  0.10532902E+002
  0.10532842E+002
  0.10532783E+002
  0.10532724E+002
  0.10532665E+002
  0.10532608E+002
  0.10532551E+002
  0.10532495E+002
  0.10532440E+002
  0.10532387E+002
  0.10532334E+002
  0.10532283E+002
  0.10532234E+002
  0.10532186E+002
  0.10532140E+002
  0.10532095E+002
  0.10532052E+002
  0.10532011E+002
  0.10531971E+002
  0.10531933E+002
  0.10531896E+002
  0.10531861E+002
  0.10531828E+002
  0.10531796E+002
  0.10531766E+002
  0.10531737E+002
  0.10531710E+002
  0.10531684E+002
  0.10531659E+002
  0.10531635E+002
  0.10531613E+002
  0.10531591E+002
  0.10531571E+002
  0.10531551E+002
  0.10531533E+002
  0.10531515E+002
  0.10531498E+002
  0.10531481E+002
  0.10531465E+002
  0.10531450E+002
  0.10531435E+002
  0.10531421E+002
  0.10531407E+002
  0.10531393E+002
  0.10531379E+002
  0.10531366E+002
  0.10531353E+002
  0.10531340E+002
  0.10531327E+002
  0.10531314E+002
  0.10531302E+002
  0.10531289E+002
  0.10531276E+002
  0.10531263E+002
  0.10531250E+002
  0.10531237E+002
  0.10531224E+002
  0.10531210E+002
  0.10531197E+002
  0.10531183E+002
  0.10531169E+002
  0.10531154E+002
  0.10531140E+002
  0.10531125E+002
  0.10531109E+002
  0.10531094E+002
  0.10531078E+002
  0.10531062E+002
  0.10531046E+002
  0.10531029E+002
  0.10531012E+002
  0.10530994E+002
  0.10530976E+002
  0.10530958E+002
  0.10530940E+002
  0.10530921E+002
  0.10530902E+002
  0.10530883E+002
  0.10530863E+002
  0.10530844E+002
  0.10530823E+002
  0.10530803E+002
  0.10530782E+002
  0.10530762E+002
  0.10530741E+002
  0.10530719E+002
  0.10530698E+002
  0.10530677E+002
  0.10530655E+002
  0.10530633E+002
  0.10530611E+002
  0.10530590E+002
  0.10530568E+002
  0.10530546E+002
  0.10530524E+002
  0.10530502E+002
  0.10530480E+002
  0.10530458E+002
  0.10530436E+002
  0.10530414E+002
  0.10530392E+002
  0.10530370E+002
  0.10530349E+002
  0.10530328E+002
  0.10530306E+002
  0.10530285E+002
  0.10530265E+002
  0.10530244E+002
  0.10530224E+002
  0.10530203E+002
  0.10530184E+002
  0.10530164E+002
  0.10530144E+002
  0.10530125E+002
  0.10530106E+002
  0.10530088E+002
  0.10530069E+002
  0.10530051E+002
  0.10530034E+002
  0.10530016E+002
  0.10529999E+002
  0.10529983E+002
