  0.57763678E+000  0.28974718E+000  0.24088163E+001  0.38841726E+002
  0.57893855E+000  0.31877386E+000  0.23756367E+001  0.38847338E+002
  0.57905448E+000  0.31786740E+000  0.23769963E+001  0.38848970E+002
  0.57914608E+000  0.31857476E+000  0.23750841E+001  0.38851923E+002
  0.57922928E+000  0.31816475E+000  0.23757221E+001  0.38853160E+002
  0.57930275E+000  0.31777928E+000  0.23763370E+001  0.38854174E+002
  0.57950450E+000  0.31733745E+000  0.23768683E+001  0.38855010E+002
  0.57955724E+000  0.31708760E+000  0.23770755E+001  0.38855970E+002
  0.57974016E+000  0.31674000E+000  0.23775046E+001  0.38856544E+002
  0.57999599E+000  0.31634343E+000  0.23775482E+001  0.38857368E+002
  0.58002367E+000  0.31619392E+000  0.23685539E+001  0.38867118E+002
  0.58004618E+000  0.31606648E+000  0.23655233E+001  0.38870808E+002
  0.58006251E+000  0.31606830E+000  0.23658383E+001  0.38870962E+002
  0.58007408E+000  0.31597562E+000  0.23639577E+001  0.38873353E+002
  0.58008227E+000  0.31586594E+000  0.23625894E+001  0.38875202E+002
  0.58008711E+000  0.31579465E+000  0.23629606E+001  0.38875235E+002
  0.58008940E+000  0.31573412E+000  0.23633122E+001  0.38875243E+002
  0.58008939E+000  0.31569782E+000  0.23621384E+001  0.38876722E+002
  0.58008746E+000  0.31565126E+000  0.23624580E+001  0.38876693E+002
  0.58008378E+000  0.31561017E+000  0.23627624E+001  0.38876652E+002
  0.58007863E+000  0.31557380E+000  0.23617606E+001  0.38877892E+002
  0.58007223E+000  0.31554132E+000  0.23620380E+001  0.38877833E+002
  0.58006474E+000  0.31551227E+000  0.23623025E+001  0.38877768E+002
  0.58005633E+000  0.31548599E+000  0.23625553E+001  0.38877698E+002
  0.58004711E+000  0.31546220E+000  0.23627968E+001  0.38877625E+002
  0.58003721E+000  0.31544047E+000  0.23630279E+001  0.38877550E+002
  0.58002671E+000  0.31541768E+000  0.23591446E+001  0.38881580E+002
  0.58001569E+000  0.31539923E+000  0.23593572E+001  0.38881500E+002
  0.58000422E+000  0.31538206E+000  0.23595612E+001  0.38881420E+002
  0.57999237E+000  0.31536603E+000  0.23597572E+001  0.38881339E+002
  0.57998019E+000  0.31535087E+000  0.23599456E+001  0.38881257E+002
  0.57996773E+000  0.31533647E+000  0.23589888E+001  0.38882312E+002
  0.57995503E+000  0.31532272E+000  0.23591635E+001  0.38882228E+002
  0.57994213E+000  0.31530945E+000  0.23593315E+001  0.38882144E+002
  0.57992908E+000  0.31529661E+000  0.23594929E+001  0.38882059E+002
  0.57991591E+000  0.31528414E+000  0.23596476E+001  0.38881974E+002
  0.57990265E+000  0.31527195E+000  0.23597957E+001  0.38881889E+002
  0.57988934E+000  0.31526000E+000  0.23599368E+001  0.38881803E+002
  0.57987600E+000  0.31524823E+000  0.23600707E+001  0.38881718E+002
  0.57986268E+000  0.31523665E+000  0.23601969E+001  0.38881633E+002
  0.57984939E+000  0.31522522E+000  0.23603150E+001  0.38881549E+002
  0.57983617E+000  0.31521392E+000  0.23604243E+001  0.38881467E+002
  0.57982306E+000  0.31520276E+000  0.23605243E+001  0.38881386E+002
  0.57981006E+000  0.31519174E+000  0.23606144E+001  0.38881307E+002
  0.57979721E+000  0.31518083E+000  0.23606940E+001  0.38881230E+002
  0.57978453E+000  0.31517009E+000  0.23607627E+001  0.38881157E+002
  0.57977203E+000  0.31515948E+000  0.23608201E+001  0.38881086E+002
  0.57975972E+000  0.31514904E+000  0.23608658E+001  0.38881018E+002
  0.57974761E+000  0.31513878E+000  0.23608997E+001  0.38880954E+002
  0.57973569E+000  0.31512870E+000  0.23609218E+001  0.38880892E+002
  0.57972395E+000  0.31511884E+000  0.23609323E+001  0.38880834E+002
  0.57971239E+000  0.31510920E+000  0.23609315E+001  0.38880777E+002
  0.57970097E+000  0.31509978E+000  0.23609197E+001  0.38880723E+002
  0.57968967E+000  0.31509063E+000  0.23608973E+001  0.38880669E+002
  0.57967846E+000  0.31508171E+000  0.23608651E+001  0.38880617E+002
  0.57966730E+000  0.31507305E+000  0.23608235E+001  0.38880566E+002
  0.57965616E+000  0.31506464E+000  0.23607731E+001  0.38880514E+002
  0.57964501E+000  0.31505645E+000  0.23607146E+001  0.38880461E+002
  0.57963381E+000  0.31504849E+000  0.23606485E+001  0.38880408E+002
  0.57962253E+000  0.31504074E+000  0.23605754E+001  0.38880353E+002
  0.57961115E+000  0.31503317E+000  0.23604957E+001  0.38880296E+002
  0.57959965E+000  0.31502576E+000  0.23604100E+001  0.38880237E+002
  0.57958801E+000  0.31501850E+000  0.23603187E+001  0.38880177E+002
  0.57957622E+000  0.31501137E+000  0.23602221E+001  0.38880114E+002
  0.57956428E+000  0.31500435E+000  0.23601206E+001  0.38880048E+002
  0.57955219E+000  0.31499743E+000  0.23600146E+001  0.38879981E+002
  0.57953996E+000  0.31499060E+000  0.23599043E+001  0.38879911E+002
  0.57952759E+000  0.31498385E+000  0.23597902E+001  0.38879838E+002
  0.57951510E+000  0.31497719E+000  0.23596724E+001  0.38879764E+002
  0.57950250E+000  0.31497059E+000  0.23595513E+001  0.38879688E+002
  0.57948981E+000  0.31496408E+000  0.23594272E+001  0.38879610E+002
  0.57947706E+000  0.31495764E+000  0.23593003E+001  0.38879530E+002
  0.57946426E+000  0.31495128E+000  0.23591710E+001  0.38879449E+002
  0.57945145E+000  0.31494501E+000  0.23590395E+001  0.38879367E+002
  0.57943863E+000  0.31493882E+000  0.23589061E+001  0.38879284E+002
  0.57942586E+000  0.31493273E+000  0.23587711E+001  0.38879201E+002
  0.57941313E+000  0.31492674E+000  0.23586348E+001  0.38879117E+002
  0.57940050E+000  0.31492085E+000  0.23584975E+001  0.38879034E+002
  0.57938797E+000  0.31491507E+000  0.23583595E+001  0.38878950E+002
  0.57937557E+000  0.31490941E+000  0.23582210E+001  0.38878868E+002
  0.57936334E+000  0.31490387E+000  0.23580824E+001  0.38878787E+002
  0.57935129E+000  0.31489845E+000  0.23579438E+001  0.38878707E+002
  0.57933944E+000  0.31489316E+000  0.23589394E+001  0.38877494E+002
  0.57932782E+000  0.31488800E+000  0.23588019E+001  0.38877418E+002
  0.57931645E+000  0.31488298E+000  0.23586652E+001  0.38877343E+002
  0.57930534E+000  0.31487811E+000  0.23585296E+001  0.38877271E+002
  0.57929452E+000  0.31487339E+000  0.23583954E+001  0.38877202E+002
  0.57928399E+000  0.31486881E+000  0.23582627E+001  0.38877136E+002
  0.57927378E+000  0.31486439E+000  0.23581317E+001  0.38877072E+002
  0.57926388E+000  0.31486302E+000  0.23579998E+001  0.38877012E+002
  0.57925432E+000  0.31485890E+000  0.23578728E+001  0.38876955E+002
  0.57924510E+000  0.31485494E+000  0.23577482E+001  0.38876901E+002
  0.57923623E+000  0.31485113E+000  0.23576259E+001  0.38876851E+002
  0.57922772E+000  0.31484748E+000  0.23575061E+001  0.38876804E+002
  0.57921956E+000  0.31484399E+000  0.23573890E+001  0.38876760E+002
  0.57921176E+000  0.31484065E+000  0.23572747E+001  0.38876720E+002
  0.57920432E+000  0.31483747E+000  0.23571632E+001  0.38876683E+002
  0.57919723E+000  0.31483444E+000  0.23570546E+001  0.38876649E+002
  0.57919051E+000  0.31483156E+000  0.23569491E+001  0.38876618E+002
  0.57918413E+000  0.31482883E+000  0.23568465E+001  0.38876590E+002
  0.57917811E+000  0.31482625E+000  0.23567471E+001  0.38876565E+002
  0.57917243E+000  0.31482381E+000  0.23566508E+001  0.38876543E+002
  0.57916708E+000  0.31482151E+000  0.23565576E+001  0.38876522E+002
  0.57916207E+000  0.31481935E+000  0.23564676E+001  0.38876504E+002
  0.57915737E+000  0.31481733E+000  0.23563806E+001  0.38876488E+002
  0.57915298E+000  0.31481543E+000  0.23562968E+001  0.38876474E+002
  0.57914890E+000  0.31481367E+000  0.23562161E+001  0.38876461E+002
  0.57914511E+000  0.31481203E+000  0.23561385E+001  0.38876450E+002
  0.57914160E+000  0.31481051E+000  0.23560638E+001  0.38876439E+002
  0.57913835E+000  0.31480910E+000  0.23559921E+001  0.38876430E+002
  0.57913537E+000  0.31480781E+000  0.23559233E+001  0.38876421E+002
  0.57913264E+000  0.31480662E+000  0.23558574E+001  0.38876413E+002
  0.57913014E+000  0.31480554E+000  0.23557942E+001  0.38876405E+002
  0.57912787E+000  0.31480456E+000  0.23557337E+001  0.38876398E+002
  0.57912581E+000  0.31480367E+000  0.23556758E+001  0.38876390E+002
  0.57912396E+000  0.31480288E+000  0.23597174E+001  0.38872285E+002
  0.57912230E+000  0.31480217E+000  0.23596646E+001  0.38872277E+002
  0.57912082E+000  0.31480155E+000  0.23596141E+001  0.38872268E+002
  0.57911951E+000  0.31480100E+000  0.23595659E+001  0.38872259E+002
  0.57911836E+000  0.31480053E+000  0.23595199E+001  0.38872248E+002
  0.57911737E+000  0.31480013E+000  0.23594760E+001  0.38872238E+002
  0.57911651E+000  0.31479980E+000  0.23594341E+001  0.38872226E+002
  0.57911579E+000  0.31479953E+000  0.23593942E+001  0.38872213E+002
  0.57911518E+000  0.31479931E+000  0.23593561E+001  0.38872199E+002
  0.57911469E+000  0.31479915E+000  0.23593199E+001  0.38872183E+002
  0.57911431E+000  0.31479905E+000  0.23592853E+001  0.38872167E+002
  0.57911402E+000  0.31479898E+000  0.23592523E+001  0.38872149E+002
  0.57911382E+000  0.31479896E+000  0.23592208E+001  0.38872129E+002
  0.57911370E+000  0.31479898E+000  0.23591909E+001  0.38872108E+002
  0.57911366E+000  0.31479904E+000  0.23591623E+001  0.38872086E+002
  0.57911369E+000  0.31479912E+000  0.23591350E+001  0.38872061E+002
  0.57911378E+000  0.31479924E+000  0.23591091E+001  0.38872036E+002
  0.57911392E+000  0.31479938E+000  0.23590843E+001  0.38872008E+002
  0.57911411E+000  0.31479955E+000  0.23590607E+001  0.38871979E+002
  0.57911435E+000  0.31479973E+000  0.23590381E+001  0.38871948E+002
  0.57911463E+000  0.31479994E+000  0.23590166E+001  0.38871915E+002
  0.57911494E+000  0.31480015E+000  0.23589961E+001  0.38871880E+002
  0.57911528E+000  0.31480038E+000  0.23589765E+001  0.38871844E+002
  0.57911565E+000  0.31480062E+000  0.23589578E+001  0.38871805E+002
  0.57911604E+000  0.31480087E+000  0.23589400E+001  0.38871765E+002
  0.57911645E+000  0.31480113E+000  0.23589229E+001  0.38871723E+002
  0.57911687E+000  0.31480139E+000  0.23589066E+001  0.38871679E+002
  0.57911731E+000  0.31480165E+000  0.23588910E+001  0.38871633E+002
  0.57911775E+000  0.31480191E+000  0.23588762E+001  0.38871585E+002
  0.57911820E+000  0.31480218E+000  0.23588620E+001  0.38871535E+002
  0.57911866E+000  0.31480244E+000  0.23588484E+001  0.38871483E+002
  0.57911911E+000  0.31480270E+000  0.23588354E+001  0.38871430E+002
  0.57911957E+000  0.31480296E+000  0.23588229E+001  0.38871374E+002
  0.57912003E+000  0.31480321E+000  0.23588111E+001  0.38871317E+002
  0.57912048E+000  0.31480347E+000  0.23587997E+001  0.38871258E+002
  0.57912092E+000  0.31480371E+000  0.23587888E+001  0.38871197E+002
  0.57912136E+000  0.31480395E+000  0.23587784E+001  0.38871134E+002
  0.57912179E+000  0.31480418E+000  0.23587684E+001  0.38871070E+002
  0.57912222E+000  0.31480441E+000  0.23587588E+001  0.38871004E+002
  0.57912263E+000  0.31480463E+000  0.23587497E+001  0.38870937E+002
  0.57912304E+000  0.31480485E+000  0.23587409E+001  0.38870868E+002
  0.57912343E+000  0.31480506E+000  0.23587325E+001  0.38870797E+002
  0.57912381E+000  0.31480526E+000  0.23587244E+001  0.38870725E+002
  0.57912418E+000  0.31480545E+000  0.23587167E+001  0.38870652E+002
  0.57912454E+000  0.31480564E+000  0.23587093E+001  0.38870578E+002
  0.57912489E+000  0.31480582E+000  0.23587023E+001  0.38870502E+002
  0.57912523E+000  0.31480599E+000  0.23586955E+001  0.38870425E+002
  0.57912555E+000  0.31480616E+000  0.23586889E+001  0.38870347E+002
  0.57912586E+000  0.31480632E+000  0.23586827E+001  0.38870268E+002
  0.57912616E+000  0.31480647E+000  0.23586767E+001  0.38870188E+002
  0.57912645E+000  0.31480662E+000  0.23586710E+001  0.38870107E+002
  0.57912673E+000  0.31480676E+000  0.23586655E+001  0.38870026E+002
  0.57912700E+000  0.31480689E+000  0.23586602E+001  0.38869944E+002
  0.57912725E+000  0.31480702E+000  0.23586552E+001  0.38869861E+002
  0.57912750E+000  0.31480715E+000  0.23586503E+001  0.38869778E+002
  0.57912773E+000  0.31480726E+000  0.23586457E+001  0.38869694E+002
  0.57912796E+000  0.31480738E+000  0.23586413E+001  0.38869610E+002
  0.57912817E+000  0.31480749E+000  0.23586370E+001  0.38869526E+002
  0.57912838E+000  0.31480759E+000  0.23586330E+001  0.38869442E+002
  0.57912857E+000  0.31480769E+000  0.23586291E+001  0.38869357E+002
  0.57912876E+000  0.31480779E+000  0.23586253E+001  0.38869273E+002
  0.57912894E+000  0.31480788E+000  0.23586218E+001  0.38869189E+002
  0.57912911E+000  0.31480797E+000  0.23586184E+001  0.38869105E+002
  0.57912928E+000  0.31480805E+000  0.23586151E+001  0.38869021E+002
  0.57912944E+000  0.31480813E+000  0.23586120E+001  0.38868937E+002
  0.57912959E+000  0.31480821E+000  0.23586091E+001  0.38868854E+002
  0.57912973E+000  0.31480828E+000  0.23586062E+001  0.38868771E+002
  0.57912987E+000  0.31480835E+000  0.23586035E+001  0.38868689E+002
  0.57913000E+000  0.31480842E+000  0.23586009E+001  0.38868607E+002
  0.57913013E+000  0.31480848E+000  0.23585985E+001  0.38868526E+002
  0.57913025E+000  0.31480855E+000  0.23585961E+001  0.38868446E+002
  0.57913036E+000  0.31480861E+000  0.23585939E+001  0.38868366E+002
  0.57913047E+000  0.31480866E+000  0.23585918E+001  0.38868288E+002
  0.57913058E+000  0.31480872E+000  0.23585897E+001  0.38868210E+002
  0.57913067E+000  0.31480877E+000  0.23585878E+001  0.38868133E+002
  0.57913077E+000  0.31480882E+000  0.23585859E+001  0.38868057E+002
  0.57913086E+000  0.31480886E+000  0.23585841E+001  0.38867982E+002
  0.57913094E+000  0.31480890E+000  0.23585824E+001  0.38867908E+002
  0.57913102E+000  0.31480894E+000  0.23585807E+001  0.38867835E+002
  0.57913109E+000  0.31480897E+000  0.23585792E+001  0.38867763E+002
  0.57913116E+000  0.31480900E+000  0.23585777E+001  0.38867693E+002
  0.57913122E+000  0.31480903E+000  0.23585763E+001  0.38867623E+002
  0.57913129E+000  0.31480904E+000  0.23585750E+001  0.38867555E+002
  0.57913135E+000  0.31480902E+000  0.23585739E+001  0.38867488E+002
  0.57913144E+000  0.31480910E+000  0.23585730E+001  0.38867423E+002
