  0.49046815E-002  0.57116700E-001  0.10123147E+001  0.41043590E+002
  0.48648927E-002  0.57340962E-001  0.10136409E+001  0.41044841E+002
  0.48446883E-002  0.57470293E-001  0.10146156E+001  0.41045958E+002
  0.48318289E-002  0.57564136E-001  0.10153862E+001  0.41046945E+002
  0.48246573E-002  0.57629627E-001  0.10159800E+001  0.41047842E+002
  0.48214835E-002  0.57673912E-001  0.10164331E+001  0.41048665E+002
  0.48211472E-002  0.57701908E-001  0.10167758E+001  0.41049421E+002
  0.48228065E-002  0.57717342E-001  0.10170324E+001  0.41050118E+002
  0.48258335E-002  0.57723152E-001  0.10172214E+001  0.41050758E+002
  0.48297557E-002  0.57721686E-001  0.10173564E+001  0.41051348E+002
  0.48342206E-002  0.57714793E-001  0.10174475E+001  0.41051894E+002
  0.48389668E-002  0.57703947E-001  0.10175026E+001  0.41052399E+002
  0.48438032E-002  0.57690315E-001  0.10175279E+001  0.41052869E+002
  0.48485912E-002  0.57674818E-001  0.10175282E+001  0.41053309E+002
  0.48532349E-002  0.57658155E-001  0.10175076E+001  0.41053721E+002
  0.48576705E-002  0.57640852E-001  0.10174695E+001  0.41054109E+002
  0.48618578E-002  0.57623297E-001  0.10174167E+001  0.41054477E+002
  0.48657732E-002  0.57605780E-001  0.10173514E+001  0.41054825E+002
  0.48694059E-002  0.57588502E-001  0.10172757E+001  0.41055156E+002
  0.48727546E-002  0.57571605E-001  0.10171914E+001  0.41055472E+002
  0.48758241E-002  0.57555178E-001  0.10170999E+001  0.41055775E+002
  0.48786242E-002  0.57539275E-001  0.10170025E+001  0.41056064E+002
  0.48811675E-002  0.57523921E-001  0.10169006E+001  0.41056342E+002
  0.48834692E-002  0.57509118E-001  0.10167952E+001  0.41056608E+002
  0.48855451E-002  0.57494856E-001  0.10166871E+001  0.41056864E+002
  0.48874116E-002  0.57481115E-001  0.10165774E+001  0.41057109E+002
  0.48890852E-002  0.57467865E-001  0.10164668E+001  0.41057345E+002
  0.48905828E-002  0.57455075E-001  0.10163560E+001  0.41057571E+002
  0.48919200E-002  0.57442712E-001  0.10162458E+001  0.41057787E+002
  0.48931121E-002  0.57430743E-001  0.10161367E+001  0.41057994E+002
  0.48941740E-002  0.57419137E-001  0.10160293E+001  0.41058191E+002
  0.48951196E-002  0.57407866E-001  0.10159242E+001  0.41058378E+002
  0.48959615E-002  0.57396908E-001  0.10158217E+001  0.41058555E+002
  0.48967123E-002  0.57386243E-001  0.10157223E+001  0.41058722E+002
  0.48973829E-002  0.57375861E-001  0.10156262E+001  0.41058879E+002
  0.48979834E-002  0.57365754E-001  0.10155338E+001  0.41059025E+002
  0.48985231E-002  0.57355923E-001  0.10154453E+001  0.41059160E+002
  0.48990103E-002  0.57346370E-001  0.10153606E+001  0.41059284E+002
  0.48994522E-002  0.57337104E-001  0.10152800E+001  0.41059397E+002
  0.48998552E-002  0.57328138E-001  0.10152034E+001  0.41059498E+002
  0.49002247E-002  0.57319485E-001  0.10151306E+001  0.41059589E+002
  0.49005653E-002  0.57311160E-001  0.10150616E+001  0.41059668E+002
  0.49008809E-002  0.57303176E-001  0.10149962E+001  0.41059736E+002
  0.49011744E-002  0.57295543E-001  0.10149341E+001  0.41059792E+002
  0.49014482E-002  0.57288266E-001  0.10148751E+001  0.41059838E+002
  0.49017040E-002  0.57281349E-001  0.10148188E+001  0.41059873E+002
  0.49019433E-002  0.57274784E-001  0.10147649E+001  0.41059896E+002
  0.49021667E-002  0.57268561E-001  0.10147131E+001  0.41059909E+002
  0.49023748E-002  0.57262663E-001  0.10146631E+001  0.41059912E+002
  0.49025680E-002  0.57257067E-001  0.10146146E+001  0.41059905E+002
  0.49027464E-002  0.57251745E-001  0.10145672E+001  0.41059887E+002
  0.49029103E-002  0.57246669E-001  0.10145207E+001  0.41059860E+002
  0.49030597E-002  0.57241806E-001  0.10144749E+001  0.41059824E+002
  0.49031950E-002  0.57237124E-001  0.10144294E+001  0.41059778E+002
  0.49033166E-002  0.57232591E-001  0.10143842E+001  0.41059723E+002
  0.49034250E-002  0.57228180E-001  0.10143390E+001  0.41059659E+002
  0.49035208E-002  0.57223865E-001  0.10142937E+001  0.41059587E+002
  0.49036049E-002  0.57219622E-001  0.10142481E+001  0.41059506E+002
  0.49036781E-002  0.57215433E-001  0.10142023E+001  0.41059417E+002
  0.49037413E-002  0.57211283E-001  0.10141562E+001  0.41059320E+002
  0.49037956E-002  0.57207162E-001  0.10141096E+001  0.41059216E+002
  0.49038417E-002  0.57203062E-001  0.10140626E+001  0.41059103E+002
  0.49038806E-002  0.57198978E-001  0.10140153E+001  0.41058984E+002
  0.49039130E-002  0.57194908E-001  0.10139675E+001  0.41058857E+002
  0.49039397E-002  0.57190854E-001  0.10139193E+001  0.41058724E+002
  0.49039614E-002  0.57186818E-001  0.10138708E+001  0.41058583E+002
  0.49039785E-002  0.57182803E-001  0.10138221E+001  0.41058437E+002
  0.49039916E-002  0.57178816E-001  0.10137731E+001  0.41058284E+002
  0.49040011E-002  0.57174863E-001  0.10137240E+001  0.41058126E+002
  0.49040075E-002  0.57170951E-001  0.10136748E+001  0.41057963E+002
  0.49040109E-002  0.57167088E-001  0.10136256E+001  0.41057794E+002
  0.49040119E-002  0.57163282E-001  0.10135765E+001  0.41057622E+002
  0.49040106E-002  0.57159543E-001  0.10135276E+001  0.41057445E+002
  0.49040074E-002  0.57155880E-001  0.10134790E+001  0.41057264E+002
  0.49040025E-002  0.57152300E-001  0.10134308E+001  0.41057081E+002
  0.49039963E-002  0.57148814E-001  0.10133830E+001  0.41056895E+002
  0.49039890E-002  0.57145429E-001  0.10133357E+001  0.41056707E+002
  0.49039808E-002  0.57142153E-001  0.10132891E+001  0.41056517E+002
  0.49039722E-002  0.57138995E-001  0.10132433E+001  0.41056327E+002
  0.49039633E-002  0.57135961E-001  0.10131982E+001  0.41056136E+002
  0.49039545E-002  0.57133058E-001  0.10131540E+001  0.41055945E+002
  0.49039461E-002  0.57130290E-001  0.10131108E+001  0.41055755E+002
  0.49039382E-002  0.57127662E-001  0.10130686E+001  0.41055566E+002
  0.49039313E-002  0.57125180E-001  0.10130275E+001  0.41055379E+002
  0.49039254E-002  0.57122845E-001  0.10129875E+001  0.41055194E+002
  0.49039206E-002  0.57120661E-001  0.10129487E+001  0.41055011E+002
  0.49039173E-002  0.57118629E-001  0.10129112E+001  0.41054832E+002
  0.49039154E-002  0.57116748E-001  0.10128749E+001  0.41054656E+002
  0.49039153E-002  0.57115019E-001  0.10128399E+001  0.41054483E+002
  0.49039170E-002  0.57113440E-001  0.10128062E+001  0.41054315E+002
  0.49039206E-002  0.57112007E-001  0.10127739E+001  0.41054151E+002
  0.49039261E-002  0.57110719E-001  0.10127429E+001  0.41053992E+002
  0.49039335E-002  0.57109572E-001  0.10127132E+001  0.41053837E+002
  0.49039428E-002  0.57108561E-001  0.10126849E+001  0.41053688E+002
  0.49039539E-002  0.57107682E-001  0.10126579E+001  0.41053543E+002
  0.49039667E-002  0.57106929E-001  0.10126323E+001  0.41053404E+002
  0.49039813E-002  0.57106297E-001  0.10126079E+001  0.41053270E+002
  0.49039976E-002  0.57105778E-001  0.10125848E+001  0.41053141E+002
  0.49040153E-002  0.57105366E-001  0.10125630E+001  0.41053017E+002
  0.49040344E-002  0.57105054E-001  0.10125424E+001  0.41052899E+002
  0.49040548E-002  0.57104836E-001  0.10125230E+001  0.41052785E+002
  0.49040762E-002  0.57104704E-001  0.10125047E+001  0.41052676E+002
  0.49040986E-002  0.57104651E-001  0.10124876E+001  0.41052572E+002
  0.49041217E-002  0.57104670E-001  0.10124716E+001  0.41052473E+002
  0.49041454E-002  0.57104754E-001  0.10124566E+001  0.41052378E+002
  0.49041696E-002  0.57104897E-001  0.10124427E+001  0.41052288E+002
  0.49041941E-002  0.57105091E-001  0.10124297E+001  0.41052201E+002
  0.49042188E-002  0.57105330E-001  0.10124177E+001  0.41052118E+002
  0.49042434E-002  0.57105608E-001  0.10124065E+001  0.41052039E+002
  0.49042679E-002  0.57105920E-001  0.10123962E+001  0.41051963E+002
  0.49042921E-002  0.57106259E-001  0.10123868E+001  0.41051891E+002
  0.49043160E-002  0.57106621E-001  0.10123781E+001  0.41051821E+002
  0.49043393E-002  0.57107000E-001  0.10123701E+001  0.41051754E+002
  0.49043620E-002  0.57107393E-001  0.10123628E+001  0.41051689E+002
  0.49043841E-002  0.57107796E-001  0.10123562E+001  0.41051627E+002
  0.49044053E-002  0.57108203E-001  0.10123502E+001  0.41051567E+002
  0.49044258E-002  0.57108614E-001  0.10123447E+001  0.41051508E+002
  0.49044453E-002  0.57109023E-001  0.10123398E+001  0.41051451E+002
  0.49044639E-002  0.57109429E-001  0.10123354E+001  0.41051396E+002
  0.49044816E-002  0.57109830E-001  0.10123315E+001  0.41051342E+002
  0.49044983E-002  0.57110223E-001  0.10123281E+001  0.41051288E+002
  0.49045140E-002  0.57110606E-001  0.10123250E+001  0.41051236E+002
  0.49045287E-002  0.57110979E-001  0.10123223E+001  0.41051185E+002
  0.49045425E-002  0.57111340E-001  0.10123200E+001  0.41051134E+002
  0.49045553E-002  0.57111688E-001  0.10123180E+001  0.41051083E+002
  0.49045671E-002  0.57112022E-001  0.10123163E+001  0.41051033E+002
  0.49045781E-002  0.57112342E-001  0.10123149E+001  0.41050982E+002
  0.49045882E-002  0.57112648E-001  0.10123137E+001  0.41050932E+002
  0.49045974E-002  0.57112938E-001  0.10123127E+001  0.41050882E+002
  0.49046058E-002  0.57113214E-001  0.10123119E+001  0.41050831E+002
  0.49046135E-002  0.57113475E-001  0.10123113E+001  0.41050780E+002
  0.49046205E-002  0.57113722E-001  0.10123108E+001  0.41050729E+002
  0.49046268E-002  0.57113954E-001  0.10123105E+001  0.41050677E+002
  0.49046325E-002  0.57114172E-001  0.10123103E+001  0.41050624E+002
  0.49046376E-002  0.57114376E-001  0.10123103E+001  0.41050571E+002
  0.49046422E-002  0.57114567E-001  0.10123103E+001  0.41050517E+002
  0.49046463E-002  0.57114745E-001  0.10123103E+001  0.41050462E+002
  0.49046500E-002  0.57114910E-001  0.10123105E+001  0.41050406E+002
  0.49046532E-002  0.57115064E-001  0.10123107E+001  0.41050349E+002
  0.49046561E-002  0.57115207E-001  0.10123109E+001  0.41050291E+002
  0.49046586E-002  0.57115338E-001  0.10123111E+001  0.41050232E+002
  0.49046608E-002  0.57115459E-001  0.10123114E+001  0.41050172E+002
  0.49046628E-002  0.57115571E-001  0.10123117E+001  0.41050111E+002
  0.49046646E-002  0.57115673E-001  0.10123120E+001  0.41050048E+002
  0.49046661E-002  0.57115767E-001  0.10123123E+001  0.41049985E+002
  0.49046674E-002  0.57115853E-001  0.10123126E+001  0.41049920E+002
  0.49046686E-002  0.57115930E-001  0.10123129E+001  0.41049854E+002
  0.49046696E-002  0.57116001E-001  0.10123132E+001  0.41049786E+002
  0.49046705E-002  0.57116065E-001  0.10123135E+001  0.41049717E+002
  0.49046713E-002  0.57116123E-001  0.10123137E+001  0.41049647E+002
  0.49046719E-002  0.57116175E-001  0.10123139E+001  0.41049576E+002
  0.49046726E-002  0.57116222E-001  0.10123141E+001  0.41049503E+002
  0.49046731E-002  0.57116264E-001  0.10123143E+001  0.41049430E+002
  0.49046736E-002  0.57116301E-001  0.10123145E+001  0.41049355E+002
  0.49046740E-002  0.57116334E-001  0.10123146E+001  0.41049278E+002
  0.49046744E-002  0.57116363E-001  0.10123148E+001  0.41049201E+002
  0.49046747E-002  0.57116388E-001  0.10123149E+001  0.41049123E+002
  0.49046750E-002  0.57116411E-001  0.10123150E+001  0.41049043E+002
  0.49046753E-002  0.57116430E-001  0.10123150E+001  0.41048963E+002
  0.49046756E-002  0.57116447E-001  0.10123151E+001  0.41048881E+002
  0.49046758E-002  0.57116461E-001  0.10123151E+001  0.41048799E+002
  0.49046760E-002  0.57116473E-001  0.10123151E+001  0.41048715E+002
  0.49046763E-002  0.57116483E-001  0.10123151E+001  0.41048631E+002
  0.49046765E-002  0.57116492E-001  0.10123151E+001  0.41048547E+002
  0.49046767E-002  0.57116499E-001  0.10123150E+001  0.41048461E+002
  0.49046769E-002  0.57116505E-001  0.10123150E+001  0.41048375E+002
  0.49046771E-002  0.57116509E-001  0.10123149E+001  0.41048289E+002
  0.49046772E-002  0.57116513E-001  0.10123149E+001  0.41048202E+002
  0.49046774E-002  0.57116516E-001  0.10123148E+001  0.41048115E+002
  0.49046776E-002  0.57116518E-001  0.10123147E+001  0.41048027E+002
  0.49046778E-002  0.57116519E-001  0.10123146E+001  0.41047939E+002
  0.49046780E-002  0.57116520E-001  0.10123146E+001  0.41047851E+002
  0.49046781E-002  0.57116520E-001  0.10123145E+001  0.41047763E+002
  0.49046783E-002  0.57116520E-001  0.10123144E+001  0.41047675E+002
  0.49046785E-002  0.57116520E-001  0.10123143E+001  0.41047588E+002
  0.49046786E-002  0.57116520E-001  0.10123142E+001  0.41047500E+002
  0.49046788E-002  0.57116519E-001  0.10123141E+001  0.41047412E+002
  0.49046789E-002  0.57116519E-001  0.10123140E+001  0.41047325E+002
  0.49046791E-002  0.57116518E-001  0.10123139E+001  0.41047238E+002
  0.49046792E-002  0.57116518E-001  0.10123138E+001  0.41047152E+002
  0.49046794E-002  0.57116517E-001  0.10123137E+001  0.41047066E+002
  0.49046795E-002  0.57116517E-001  0.10123137E+001  0.41046981E+002
  0.49046796E-002  0.57116516E-001  0.10123136E+001  0.41046896E+002
  0.49046798E-002  0.57116516E-001  0.10123135E+001  0.41046812E+002
  0.49046799E-002  0.57116515E-001  0.10123134E+001  0.41046729E+002
  0.49046800E-002  0.57116515E-001  0.10123134E+001  0.41046647E+002
  0.49046801E-002  0.57116514E-001  0.10123133E+001  0.41046565E+002
  0.49046802E-002  0.57116514E-001  0.10123132E+001  0.41046484E+002
  0.49046803E-002  0.57116513E-001  0.10123132E+001  0.41046405E+002
  0.49046805E-002  0.57116513E-001  0.10123131E+001  0.41046326E+002
  0.49046806E-002  0.57116512E-001  0.10123130E+001  0.41046248E+002
  0.49046807E-002  0.57116512E-001  0.10123130E+001  0.41046172E+002
  0.49046809E-002  0.57116511E-001  0.10123129E+001  0.41046096E+002
  0.49046812E-002  0.57116511E-001  0.10123128E+001  0.41046022E+002
  0.49046814E-002  0.57116511E-001  0.10123128E+001  0.41045949E+002
  0.49046818E-002  0.57116511E-001  0.10123127E+001  0.41045877E+002
  0.49046824E-002  0.57116511E-001  0.10123126E+001  0.41045806E+002
  0.49046832E-002  0.57116512E-001  0.10123126E+001  0.41045737E+002
  0.49046845E-002  0.57116515E-001  0.10123126E+001  0.41045669E+002
  0.49046840E-002  0.57116536E-001  0.10123128E+001  0.41045603E+002
