  0.62659441E+000  0.11572868E+000  0.16162362E+000  0.78004960E+000
  0.63001528E+000  0.11451078E+000  0.16144022E+000  0.78407889E+000
  0.63092187E+000  0.11468632E+000  0.16177894E+000  0.78601085E+000
  0.63178550E+000  0.11492852E+000  0.16193548E+000  0.78729738E+000
  0.63256351E+000  0.11502507E+000  0.16215315E+000  0.78806341E+000
  0.63323882E+000  0.11509920E+000  0.16231174E+000  0.78848560E+000
  0.63450076E+000  0.11445500E+000  0.16242745E+000  0.78866237E+000
  0.63496344E+000  0.11448377E+000  0.16251473E+000  0.78865631E+000
  0.63533143E+000  0.11449204E+000  0.16256338E+000  0.78853325E+000
  0.63638827E+000  0.11370730E+000  0.16261570E+000  0.78829417E+000
  0.63657331E+000  0.11370211E+000  0.16302858E+000  0.78761460E+000
  0.63668656E+000  0.11368793E+000  0.16307373E+000  0.78724692E+000
  0.63673289E+000  0.11397115E+000  0.16274058E+000  0.78691891E+000
  0.63672307E+000  0.11395026E+000  0.16273966E+000  0.78653445E+000
  0.63666566E+000  0.11392525E+000  0.16272221E+000  0.78615290E+000
  0.63656747E+000  0.11389907E+000  0.16266460E+000  0.78580357E+000
  0.63643525E+000  0.11387119E+000  0.16260106E+000  0.78545865E+000
  0.63627454E+000  0.11382719E+000  0.16257851E+000  0.78509060E+000
  0.63608975E+000  0.11379821E+000  0.16251101E+000  0.78475812E+000
  0.63588641E+000  0.11376833E+000  0.16244219E+000  0.78443489E+000
  0.63566776E+000  0.11373840E+000  0.16239673E+000  0.78409794E+000
  0.63543716E+000  0.11370859E+000  0.16232715E+000  0.78379590E+000
  0.63519751E+000  0.11367905E+000  0.16225790E+000  0.78350519E+000
  0.63495139E+000  0.11364989E+000  0.16218932E+000  0.78322598E+000
  0.63470107E+000  0.11362116E+000  0.16212167E+000  0.78295837E+000
  0.63444853E+000  0.11359292E+000  0.16205517E+000  0.78270233E+000
  0.63419557E+000  0.11356517E+000  0.16243229E+000  0.78201551E+000
  0.63394378E+000  0.11353795E+000  0.16236854E+000  0.78178232E+000
  0.63369457E+000  0.11351124E+000  0.16230637E+000  0.78156027E+000
  0.63344923E+000  0.11348503E+000  0.16224589E+000  0.78134916E+000
  0.63320891E+000  0.11345939E+000  0.16218707E+000  0.78114877E+000
  0.63297466E+000  0.11343411E+000  0.16215134E+000  0.78093773E+000
  0.63274741E+000  0.11340929E+000  0.16209636E+000  0.78075811E+000
  0.63252800E+000  0.11338490E+000  0.16204333E+000  0.78058851E+000
  0.63231718E+000  0.11336093E+000  0.16199233E+000  0.78042868E+000
  0.63211559E+000  0.11333741E+000  0.16194341E+000  0.78027839E+000
  0.63192378E+000  0.11331434E+000  0.16189662E+000  0.78013739E+000
  0.63174220E+000  0.11329175E+000  0.16185200E+000  0.78000540E+000
  0.63157119E+000  0.11326969E+000  0.16180960E+000  0.77988218E+000
  0.63141100E+000  0.11324822E+000  0.16176947E+000  0.77976747E+000
  0.63126175E+000  0.11322740E+000  0.16173162E+000  0.77966099E+000
  0.63112347E+000  0.11320730E+000  0.16169607E+000  0.77956246E+000
  0.63099608E+000  0.11318801E+000  0.16166285E+000  0.77947161E+000
  0.63087939E+000  0.11316960E+000  0.16163194E+000  0.77938814E+000
  0.63077313E+000  0.11315215E+000  0.16160332E+000  0.77931175E+000
  0.63067692E+000  0.11313573E+000  0.16157697E+000  0.77924214E+000
  0.63059032E+000  0.11312040E+000  0.16155282E+000  0.77917898E+000
  0.63051281E+000  0.11310620E+000  0.16153082E+000  0.77912194E+000
  0.63044382E+000  0.11309315E+000  0.16151086E+000  0.77907070E+000
  0.63038277E+000  0.11308126E+000  0.16149287E+000  0.77902490E+000
  0.63032902E+000  0.11307052E+000  0.16147672E+000  0.77898420E+000
  0.63028195E+000  0.11306090E+000  0.16146230E+000  0.77894824E+000
  0.63024095E+000  0.11305236E+000  0.16144947E+000  0.77891667E+000
  0.63020540E+000  0.11304485E+000  0.16143812E+000  0.77888916E+000
  0.63017475E+000  0.11303828E+000  0.16142811E+000  0.77886533E+000
  0.63014846E+000  0.11303259E+000  0.16141931E+000  0.77884488E+000
  0.63012605E+000  0.11302769E+000  0.16141160E+000  0.77882748E+000
  0.63010709E+000  0.11302352E+000  0.16140486E+000  0.77881284E+000
  0.63009119E+000  0.11301998E+000  0.16139900E+000  0.77880067E+000
  0.63007800E+000  0.11301700E+000  0.16139392E+000  0.77879074E+000
  0.63006723E+000  0.11301452E+000  0.16138954E+000  0.77878280E+000
  0.63005863E+000  0.11301247E+000  0.16138577E+000  0.77877666E+000
  0.63005198E+000  0.11301079E+000  0.16138256E+000  0.77877215E+000
  0.63004708E+000  0.11300944E+000  0.16137985E+000  0.77876909E+000
  0.63004380E+000  0.11300838E+000  0.16137761E+000  0.77876737E+000
  0.63004198E+000  0.11300757E+000  0.16137578E+000  0.77876686E+000
  0.63004152E+000  0.11300698E+000  0.16137433E+000  0.77876746E+000
  0.63004232E+000  0.11300659E+000  0.16137325E+000  0.77876908E+000
  0.63004428E+000  0.11300637E+000  0.16137251E+000  0.77877165E+000
  0.63004732E+000  0.11300631E+000  0.16137207E+000  0.77877509E+000
  0.63005138E+000  0.11300639E+000  0.16137194E+000  0.77877933E+000
  0.63005638E+000  0.11300660E+000  0.16137209E+000  0.77878432E+000
  0.63006225E+000  0.11300692E+000  0.16137251E+000  0.77879000E+000
  0.63006894E+000  0.11300736E+000  0.16137318E+000  0.77879632E+000
  0.63007639E+000  0.11300789E+000  0.16137408E+000  0.77880321E+000
  0.63008452E+000  0.11300851E+000  0.16137521E+000  0.77881062E+000
  0.63009329E+000  0.11300921E+000  0.16137655E+000  0.77881851E+000
  0.63010262E+000  0.11300999E+000  0.16137808E+000  0.77882682E+000
  0.63011245E+000  0.11301084E+000  0.16137978E+000  0.77883548E+000
  0.63012273E+000  0.11301175E+000  0.16138164E+000  0.77884445E+000
  0.63013338E+000  0.11301271E+000  0.16138365E+000  0.77885367E+000
  0.63014433E+000  0.11301373E+000  0.16138577E+000  0.77886308E+000
  0.63015554E+000  0.11301478E+000  0.16136692E+000  0.77889370E+000
  0.63016692E+000  0.11301587E+000  0.16136923E+000  0.77890334E+000
  0.63017843E+000  0.11301699E+000  0.16137160E+000  0.77891302E+000
  0.63019001E+000  0.11301813E+000  0.16137403E+000  0.77892269E+000
  0.63020160E+000  0.11301929E+000  0.16137648E+000  0.77893230E+000
  0.63021315E+000  0.11302046E+000  0.16137895E+000  0.77894182E+000
  0.63022460E+000  0.11302164E+000  0.16138141E+000  0.77895119E+000
  0.63023590E+000  0.11302284E+000  0.16138384E+000  0.77896037E+000
  0.63024700E+000  0.11302401E+000  0.16138624E+000  0.77896933E+000
  0.63025786E+000  0.11302518E+000  0.16138859E+000  0.77897804E+000
  0.63026845E+000  0.11302633E+000  0.16139088E+000  0.77898647E+000
  0.63027873E+000  0.11302747E+000  0.16139310E+000  0.77899461E+000
  0.63028867E+000  0.11302858E+000  0.16139523E+000  0.77900243E+000
  0.63029826E+000  0.11302967E+000  0.16139728E+000  0.77900991E+000
  0.63030746E+000  0.11303074E+000  0.16139922E+000  0.77901705E+000
  0.63031625E+000  0.11303177E+000  0.16140107E+000  0.77902382E+000
  0.63032463E+000  0.11303276E+000  0.16140281E+000  0.77903024E+000
  0.63033259E+000  0.11303372E+000  0.16140444E+000  0.77903629E+000
  0.63034012E+000  0.11303464E+000  0.16140596E+000  0.77904197E+000
  0.63034721E+000  0.11303553E+000  0.16140738E+000  0.77904729E+000
  0.63035388E+000  0.11303637E+000  0.16140868E+000  0.77905226E+000
  0.63036012E+000  0.11303717E+000  0.16140988E+000  0.77905688E+000
  0.63036594E+000  0.11303793E+000  0.16141098E+000  0.77906116E+000
  0.63037136E+000  0.11303865E+000  0.16141199E+000  0.77906512E+000
  0.63037637E+000  0.11303933E+000  0.16141289E+000  0.77906876E+000
  0.63038101E+000  0.11303997E+000  0.16141371E+000  0.77907210E+000
  0.63038527E+000  0.11304057E+000  0.16141445E+000  0.77907516E+000
  0.63038919E+000  0.11304113E+000  0.16141511E+000  0.77907794E+000
  0.63039276E+000  0.11304166E+000  0.16141569E+000  0.77908048E+000
  0.63039602E+000  0.11304215E+000  0.16141621E+000  0.77908277E+000
  0.63039899E+000  0.11304261E+000  0.16141667E+000  0.77908484E+000
  0.63040167E+000  0.11304303E+000  0.16141707E+000  0.77908671E+000
  0.63040408E+000  0.11304343E+000  0.16141743E+000  0.77908839E+000
  0.63040626E+000  0.11304380E+000  0.16097659E+000  0.77953104E+000
  0.63040821E+000  0.11304415E+000  0.16097685E+000  0.77953238E+000
  0.63040995E+000  0.11304447E+000  0.16097708E+000  0.77953358E+000
  0.63041149E+000  0.11304477E+000  0.16097728E+000  0.77953465E+000
  0.63041287E+000  0.11304505E+000  0.16097746E+000  0.77953560E+000
  0.63041408E+000  0.11304532E+000  0.16097761E+000  0.77953644E+000
  0.63041514E+000  0.11304556E+000  0.16097773E+000  0.77953719E+000
  0.63041607E+000  0.11304579E+000  0.16097785E+000  0.77953785E+000
  0.63041689E+000  0.11304601E+000  0.16097794E+000  0.77953843E+000
  0.63041759E+000  0.11304622E+000  0.16097803E+000  0.77953894E+000
  0.63041820E+000  0.11304641E+000  0.16097810E+000  0.77953940E+000
  0.63041872E+000  0.11304660E+000  0.16097817E+000  0.77953980E+000
  0.63041917E+000  0.11304677E+000  0.16097823E+000  0.77954016E+000
  0.63041954E+000  0.11304694E+000  0.16097828E+000  0.77954047E+000
  0.63041986E+000  0.11304710E+000  0.16097833E+000  0.77954075E+000
  0.63042012E+000  0.11304725E+000  0.16097838E+000  0.77954100E+000
  0.63042033E+000  0.11304739E+000  0.16097842E+000  0.77954122E+000
  0.63042051E+000  0.11304753E+000  0.16097847E+000  0.77954142E+000
  0.63042064E+000  0.11304766E+000  0.16097851E+000  0.77954160E+000
  0.63042075E+000  0.11304779E+000  0.16097855E+000  0.77954176E+000
  0.63042083E+000  0.11304791E+000  0.16097858E+000  0.77954191E+000
  0.63042088E+000  0.11304803E+000  0.16097862E+000  0.77954204E+000
  0.63042092E+000  0.11304814E+000  0.16097866E+000  0.77954216E+000
  0.63042093E+000  0.11304824E+000  0.16097870E+000  0.77954228E+000
  0.63042094E+000  0.11304834E+000  0.16097874E+000  0.77954238E+000
  0.63042093E+000  0.11304844E+000  0.16097877E+000  0.77954248E+000
  0.63042091E+000  0.11304853E+000  0.16097881E+000  0.77954257E+000
  0.63042088E+000  0.11304862E+000  0.16097885E+000  0.77954265E+000
  0.63042085E+000  0.11304870E+000  0.16097888E+000  0.77954273E+000
  0.63042081E+000  0.11304878E+000  0.16097892E+000  0.77954281E+000
  0.63042077E+000  0.11304885E+000  0.16097896E+000  0.77954288E+000
  0.63042072E+000  0.11304892E+000  0.16097899E+000  0.77954295E+000
  0.63042068E+000  0.11304899E+000  0.16097903E+000  0.77954301E+000
  0.63042063E+000  0.11304905E+000  0.16097906E+000  0.77954308E+000
  0.63042059E+000  0.11304911E+000  0.16097910E+000  0.77954314E+000
  0.63042054E+000  0.11304917E+000  0.16097913E+000  0.77954319E+000
  0.63042049E+000  0.11304922E+000  0.16097916E+000  0.77954325E+000
  0.63042045E+000  0.11304927E+000  0.16097920E+000  0.77954331E+000
  0.63042041E+000  0.11304931E+000  0.16097923E+000  0.77954336E+000
  0.63042037E+000  0.11304936E+000  0.16097926E+000  0.77954341E+000
  0.63042033E+000  0.11304940E+000  0.16097929E+000  0.77954346E+000
  0.63042030E+000  0.11304943E+000  0.16097932E+000  0.77954351E+000
  0.63042027E+000  0.11304947E+000  0.16097935E+000  0.77954356E+000
  0.63042024E+000  0.11304950E+000  0.16097938E+000  0.77954361E+000
  0.63042022E+000  0.11304953E+000  0.16097940E+000  0.77954366E+000
  0.63042020E+000  0.11304956E+000  0.16097943E+000  0.77954370E+000
  0.63042018E+000  0.11304959E+000  0.16097946E+000  0.77954375E+000
  0.63042016E+000  0.11304962E+000  0.16097948E+000  0.77954379E+000
  0.63042015E+000  0.11304964E+000  0.16097951E+000  0.77954384E+000
  0.63042014E+000  0.11304966E+000  0.16097953E+000  0.77954388E+000
  0.63042013E+000  0.11304968E+000  0.16097956E+000  0.77954393E+000
  0.63042013E+000  0.11304970E+000  0.16097958E+000  0.77954397E+000
  0.63042013E+000  0.11304972E+000  0.16097960E+000  0.77954401E+000
  0.63042013E+000  0.11304974E+000  0.16097962E+000  0.77954405E+000
  0.63042014E+000  0.11304975E+000  0.16097964E+000  0.77954410E+000
  0.63042014E+000  0.11304977E+000  0.16097966E+000  0.77954414E+000
  0.63042015E+000  0.11304978E+000  0.16097969E+000  0.77954418E+000
  0.63042017E+000  0.11304980E+000  0.16097971E+000  0.77954422E+000
  0.63042018E+000  0.11304981E+000  0.16097972E+000  0.77954426E+000
  0.63042019E+000  0.11304982E+000  0.16097974E+000  0.77954430E+000
  0.63042021E+000  0.11304984E+000  0.16097976E+000  0.77954434E+000
  0.63042023E+000  0.11304985E+000  0.16097978E+000  0.77954437E+000
  0.63042025E+000  0.11304986E+000  0.16097980E+000  0.77954441E+000
  0.63042027E+000  0.11304987E+000  0.16097981E+000  0.77954445E+000
  0.63042029E+000  0.11304988E+000  0.16097983E+000  0.77954448E+000
  0.63042032E+000  0.11304989E+000  0.16097985E+000  0.77954452E+000
  0.63042034E+000  0.11304990E+000  0.16097986E+000  0.77954455E+000
  0.63042036E+000  0.11304991E+000  0.16097988E+000  0.77954459E+000
  0.63042039E+000  0.11304991E+000  0.16097989E+000  0.77954462E+000
  0.63042042E+000  0.11304992E+000  0.16097991E+000  0.77954465E+000
  0.63042044E+000  0.11304993E+000  0.16097992E+000  0.77954468E+000
  0.63042047E+000  0.11304994E+000  0.16097994E+000  0.77954471E+000
  0.63042049E+000  0.11304994E+000  0.16097995E+000  0.77954474E+000
  0.63042052E+000  0.11304995E+000  0.16097996E+000  0.77954477E+000
  0.63042054E+000  0.11304996E+000  0.16097998E+000  0.77954479E+000
  0.63042056E+000  0.11304996E+000  0.16097999E+000  0.77954481E+000
  0.63042059E+000  0.11304997E+000  0.16098000E+000  0.77954483E+000
  0.63042060E+000  0.11304997E+000  0.16098001E+000  0.77954485E+000
  0.63042062E+000  0.11304998E+000  0.16098001E+000  0.77954486E+000
  0.63042063E+000  0.11304998E+000  0.16098002E+000  0.77954487E+000
  0.63042063E+000  0.11304998E+000  0.16098002E+000  0.77954486E+000
  0.63042062E+000  0.11304998E+000  0.16098002E+000  0.77954485E+000
  0.63042060E+000  0.11304998E+000  0.16098002E+000  0.77954483E+000
  0.63042059E+000  0.11304997E+000  0.16098001E+000  0.77954482E+000
  0.63042067E+000  0.11304999E+000  0.16098004E+000  0.77954499E+000
