 -0.51982404E-001  0.47365254E-002  0.44192679E+000  0.12893155E+001
 -0.51559147E-001  0.49441587E-002  0.44335355E+000  0.12933067E+001
 -0.51347804E-001  0.49637026E-002  0.44394192E+000  0.12958402E+001
 -0.51213472E-001  0.49628645E-002  0.44433603E+000  0.12978615E+001
 -0.51137180E-001  0.49508461E-002  0.44458575E+000  0.12994058E+001
 -0.51101554E-001  0.49348833E-002  0.44474109E+000  0.13005610E+001
 -0.51094917E-001  0.49179084E-002  0.44482748E+000  0.13013952E+001
 -0.51108915E-001  0.49011967E-002  0.44486044E+000  0.13019656E+001
 -0.51137336E-001  0.48852350E-002  0.44485105E+000  0.13023212E+001
 -0.51175474E-001  0.48703125E-002  0.44480930E+000  0.13025013E+001
 -0.51219777E-001  0.48569691E-002  0.44474372E+000  0.13025377E+001
 -0.51267581E-001  0.48454440E-002  0.44466068E+000  0.13024567E+001
 -0.51316897E-001  0.48354061E-002  0.44456531E+000  0.13022798E+001
 -0.51366243E-001  0.48268618E-002  0.44446152E+000  0.13020254E+001
 -0.51414560E-001  0.48192646E-002  0.44435298E+000  0.13017084E+001
 -0.51461113E-001  0.48123972E-002  0.44424223E+000  0.13013412E+001
 -0.51505412E-001  0.48061344E-002  0.44413122E+000  0.13009343E+001
 -0.51547141E-001  0.48003879E-002  0.44402142E+000  0.13004962E+001
 -0.51586127E-001  0.47950925E-002  0.44391390E+000  0.13000343E+001
 -0.51622298E-001  0.47902010E-002  0.44380939E+000  0.12995546E+001
 -0.51655655E-001  0.47856806E-002  0.44370838E+000  0.12990625E+001
 -0.51686262E-001  0.47815039E-002  0.44361113E+000  0.12985625E+001
 -0.51714214E-001  0.47776520E-002  0.44351775E+000  0.12980585E+001
 -0.51739641E-001  0.47741054E-002  0.44342821E+000  0.12975540E+001
 -0.51762685E-001  0.47708512E-002  0.44334240E+000  0.12970518E+001
 -0.51783500E-001  0.47678772E-002  0.44326012E+000  0.12965545E+001
 -0.51802245E-001  0.47651654E-002  0.44318115E+000  0.12960645E+001
 -0.51819086E-001  0.47626971E-002  0.44310520E+000  0.12955838E+001
 -0.51834181E-001  0.47604572E-002  0.44303200E+000  0.12951142E+001
 -0.51847683E-001  0.47584297E-002  0.44296127E+000  0.12946574E+001
 -0.51859748E-001  0.47565950E-002  0.44289273E+000  0.12942146E+001
 -0.51870518E-001  0.47549345E-002  0.44282616E+000  0.12937873E+001
 -0.51880130E-001  0.47534297E-002  0.44276136E+000  0.12933766E+001
 -0.51888712E-001  0.47520602E-002  0.44269816E+000  0.12929833E+001
 -0.51896383E-001  0.47508077E-002  0.44263646E+000  0.12926083E+001
 -0.51903250E-001  0.47496547E-002  0.44257622E+000  0.12922522E+001
 -0.51909414E-001  0.47485845E-002  0.44251743E+000  0.12919156E+001
 -0.51914962E-001  0.47475825E-002  0.44246017E+000  0.12915986E+001
 -0.51919977E-001  0.47466358E-002  0.44240455E+000  0.12913015E+001
 -0.51924526E-001  0.47457355E-002  0.44235072E+000  0.12910243E+001
 -0.51928671E-001  0.47448739E-002  0.44229887E+000  0.12907667E+001
 -0.51932465E-001  0.47440467E-002  0.44224922E+000  0.12905286E+001
 -0.51935952E-001  0.47432519E-002  0.44220198E+000  0.12903093E+001
 -0.51939171E-001  0.47424902E-002  0.44215736E+000  0.12901085E+001
 -0.51942153E-001  0.47417628E-002  0.44211555E+000  0.12899253E+001
 -0.51944923E-001  0.47410739E-002  0.44207670E+000  0.12897590E+001
 -0.51947505E-001  0.47404266E-002  0.44204094E+000  0.12896087E+001
 -0.51949915E-001  0.47398251E-002  0.44200832E+000  0.12894736E+001
 -0.51952168E-001  0.47392731E-002  0.44197887E+000  0.12893526E+001
 -0.51954276E-001  0.47387725E-002  0.44195252E+000  0.12892448E+001
 -0.51956251E-001  0.47383251E-002  0.44192920E+000  0.12891492E+001
 -0.51958101E-001  0.47379307E-002  0.44190876E+000  0.12890649E+001
 -0.51959835E-001  0.47375877E-002  0.44189103E+000  0.12889907E+001
 -0.51961461E-001  0.47372941E-002  0.44187580E+000  0.12889260E+001
 -0.51962986E-001  0.47370457E-002  0.44186285E+000  0.12888696E+001
 -0.51964418E-001  0.47368387E-002  0.44185194E+000  0.12888209E+001
 -0.51965763E-001  0.47366686E-002  0.44184285E+000  0.12887791E+001
 -0.51967029E-001  0.47365301E-002  0.44183536E+000  0.12887435E+001
 -0.51968221E-001  0.47364191E-002  0.44182925E+000  0.12887135E+001
 -0.51969346E-001  0.47363311E-002  0.44182433E+000  0.12886884E+001
 -0.51970408E-001  0.47362624E-002  0.44182045E+000  0.12886678E+001
 -0.51971414E-001  0.47362095E-002  0.44181746E+000  0.12886513E+001
 -0.51972365E-001  0.47361698E-002  0.44181522E+000  0.12886385E+001
 -0.51973267E-001  0.47361406E-002  0.44181364E+000  0.12886290E+001
 -0.51974122E-001  0.47361204E-002  0.44181264E+000  0.12886226E+001
 -0.51974933E-001  0.47361077E-002  0.44181213E+000  0.12886190E+001
 -0.51975701E-001  0.47361012E-002  0.44181206E+000  0.12886179E+001
 -0.51976428E-001  0.47361001E-002  0.44181240E+000  0.12886192E+001
 -0.51977116E-001  0.47361039E-002  0.44181308E+000  0.12886228E+001
 -0.51977765E-001  0.47361119E-002  0.44181410E+000  0.12886284E+001
 -0.51978377E-001  0.47361238E-002  0.44181541E+000  0.12886360E+001
 -0.51978953E-001  0.47361392E-002  0.44181700E+000  0.12886453E+001
 -0.51979492E-001  0.47361580E-002  0.44181884E+000  0.12886562E+001
 -0.51979996E-001  0.47361799E-002  0.44182091E+000  0.12886688E+001
 -0.51980465E-001  0.47362046E-002  0.44182321E+000  0.12886827E+001
 -0.51980900E-001  0.47362323E-002  0.44182570E+000  0.12886979E+001
 -0.51981300E-001  0.47362625E-002  0.44182838E+000  0.12887143E+001
 -0.51981668E-001  0.47362951E-002  0.44183123E+000  0.12887317E+001
 -0.51982004E-001  0.47363299E-002  0.44183422E+000  0.12887501E+001
 -0.51982309E-001  0.47363666E-002  0.44183735E+000  0.12887692E+001
 -0.51982584E-001  0.47364049E-002  0.44184060E+000  0.12887891E+001
 -0.51982830E-001  0.47364444E-002  0.44184394E+000  0.12888094E+001
 -0.51983050E-001  0.47364848E-002  0.44184735E+000  0.12888302E+001
 -0.51983243E-001  0.47365259E-002  0.44185083E+000  0.12888513E+001
 -0.51983411E-001  0.47365671E-002  0.44185435E+000  0.12888726E+001
 -0.51983554E-001  0.47366086E-002  0.44185790E+000  0.12888940E+001
 -0.51983675E-001  0.47366498E-002  0.44186147E+000  0.12889153E+001
 -0.51983775E-001  0.47366904E-002  0.44186503E+000  0.12889365E+001
 -0.51983855E-001  0.47367301E-002  0.44186857E+000  0.12889575E+001
 -0.51983918E-001  0.47367683E-002  0.44187207E+000  0.12889781E+001
 -0.51983965E-001  0.47368048E-002  0.44187552E+000  0.12889983E+001
 -0.51983997E-001  0.47368393E-002  0.44187890E+000  0.12890180E+001
 -0.51984016E-001  0.47368717E-002  0.44188220E+000  0.12890371E+001
 -0.51984023E-001  0.47369017E-002  0.44188542E+000  0.12890557E+001
 -0.51984018E-001  0.47369294E-002  0.44188855E+000  0.12890735E+001
 -0.51984004E-001  0.47369544E-002  0.44189157E+000  0.12890907E+001
 -0.51983982E-001  0.47369767E-002  0.44189447E+000  0.12891071E+001
 -0.51983953E-001  0.47369960E-002  0.44189725E+000  0.12891227E+001
 -0.51983918E-001  0.47370123E-002  0.44189991E+000  0.12891375E+001
 -0.51983879E-001  0.47370257E-002  0.44190244E+000  0.12891515E+001
 -0.51983835E-001  0.47370362E-002  0.44190483E+000  0.12891647E+001
 -0.51983788E-001  0.47370438E-002  0.44190709E+000  0.12891771E+001
 -0.51983739E-001  0.47370486E-002  0.44190921E+000  0.12891887E+001
 -0.51983688E-001  0.47370508E-002  0.44191120E+000  0.12891996E+001
 -0.51983637E-001  0.47370504E-002  0.44191306E+000  0.12892096E+001
 -0.51983584E-001  0.47370475E-002  0.44191478E+000  0.12892189E+001
 -0.51983532E-001  0.47370424E-002  0.44191638E+000  0.12892275E+001
 -0.51983480E-001  0.47370351E-002  0.44191784E+000  0.12892355E+001
 -0.51983429E-001  0.47370260E-002  0.44191919E+000  0.12892427E+001
 -0.51983379E-001  0.47370151E-002  0.44192042E+000  0.12892494E+001
 -0.51983330E-001  0.47370027E-002  0.44192153E+000  0.12892554E+001
 -0.51983283E-001  0.47369889E-002  0.44192254E+000  0.12892610E+001
 -0.51983237E-001  0.47369740E-002  0.44192344E+000  0.12892660E+001
 -0.51983192E-001  0.47369582E-002  0.44192425E+000  0.12892705E+001
 -0.51983149E-001  0.47369416E-002  0.44192497E+000  0.12892746E+001
 -0.51983108E-001  0.47369244E-002  0.44192561E+000  0.12892783E+001
 -0.51983068E-001  0.47369068E-002  0.44192617E+000  0.12892816E+001
 -0.51983030E-001  0.47368889E-002  0.44192665E+000  0.12892846E+001
 -0.51982994E-001  0.47368709E-002  0.44192707E+000  0.12892873E+001
 -0.51982959E-001  0.47368529E-002  0.44192743E+000  0.12892897E+001
 -0.51982925E-001  0.47368351E-002  0.44192773E+000  0.12892919E+001
 -0.51982893E-001  0.47368176E-002  0.44192798E+000  0.12892938E+001
 -0.51982863E-001  0.47368004E-002  0.44192818E+000  0.12892955E+001
 -0.51982833E-001  0.47367836E-002  0.44192834E+000  0.12892970E+001
 -0.51982805E-001  0.47367674E-002  0.44192847E+000  0.12892984E+001
 -0.51982779E-001  0.47367517E-002  0.44192856E+000  0.12892996E+001
 -0.51982753E-001  0.47367366E-002  0.44192862E+000  0.12893007E+001
 -0.51982729E-001  0.47367222E-002  0.44192866E+000  0.12893017E+001
 -0.51982706E-001  0.47367085E-002  0.44192868E+000  0.12893026E+001
 -0.51982684E-001  0.47366955E-002  0.44192868E+000  0.12893034E+001
 -0.51982663E-001  0.47366831E-002  0.44192866E+000  0.12893041E+001
 -0.51982643E-001  0.47366715E-002  0.44192863E+000  0.12893048E+001
 -0.51982625E-001  0.47366605E-002  0.44192858E+000  0.12893054E+001
 -0.51982607E-001  0.47366503E-002  0.44192853E+000  0.12893059E+001
 -0.51982590E-001  0.47366407E-002  0.44192847E+000  0.12893064E+001
 -0.51982574E-001  0.47366318E-002  0.44192840E+000  0.12893068E+001
 -0.51982559E-001  0.47366235E-002  0.44192833E+000  0.12893072E+001
 -0.51982545E-001  0.47366158E-002  0.44192826E+000  0.12893076E+001
 -0.51982532E-001  0.47366087E-002  0.44192818E+000  0.12893080E+001
 -0.51982520E-001  0.47366021E-002  0.44192810E+000  0.12893083E+001
 -0.51982509E-001  0.47365960E-002  0.44192803E+000  0.12893086E+001
 -0.51982498E-001  0.47365904E-002  0.44192795E+000  0.12893088E+001
 -0.51982488E-001  0.47365853E-002  0.44192788E+000  0.12893091E+001
 -0.51982479E-001  0.47365806E-002  0.44192780E+000  0.12893093E+001
 -0.51982471E-001  0.47365763E-002  0.44192773E+000  0.12893095E+001
 -0.51982463E-001  0.47365724E-002  0.44192766E+000  0.12893098E+001
 -0.51982457E-001  0.47365688E-002  0.44192759E+000  0.12893099E+001
 -0.51982450E-001  0.47365655E-002  0.44192753E+000  0.12893101E+001
 -0.51982445E-001  0.47365625E-002  0.44192747E+000  0.12893103E+001
 -0.51982440E-001  0.47365597E-002  0.44192741E+000  0.12893105E+001
 -0.51982435E-001  0.47365572E-002  0.44192736E+000  0.12893106E+001
 -0.51982431E-001  0.47365550E-002  0.44192731E+000  0.12893108E+001
 -0.51982428E-001  0.47365529E-002  0.44192726E+000  0.12893109E+001
 -0.51982425E-001  0.47365510E-002  0.44192721E+000  0.12893110E+001
 -0.51982423E-001  0.47365493E-002  0.44192717E+000  0.12893112E+001
 -0.51982421E-001  0.47365478E-002  0.44192713E+000  0.12893113E+001
 -0.51982419E-001  0.47365464E-002  0.44192710E+000  0.12893114E+001
 -0.51982417E-001  0.47365451E-002  0.44192707E+000  0.12893115E+001
 -0.51982416E-001  0.47365439E-002  0.44192704E+000  0.12893116E+001
 -0.51982416E-001  0.47365428E-002  0.44192701E+000  0.12893117E+001
 -0.51982415E-001  0.47365418E-002  0.44192698E+000  0.12893118E+001
 -0.51982415E-001  0.47365409E-002  0.44192696E+000  0.12893119E+001
 -0.51982415E-001  0.47365401E-002  0.44192694E+000  0.12893120E+001
 -0.51982415E-001  0.47365394E-002  0.44192692E+000  0.12893122E+001
 -0.51982415E-001  0.47365387E-002  0.44192691E+000  0.12893122E+001
 -0.51982415E-001  0.47365380E-002  0.44192689E+000  0.12893123E+001
 -0.51982416E-001  0.47365374E-002  0.44192688E+000  0.12893124E+001
 -0.51982416E-001  0.47365369E-002  0.44192687E+000  0.12893125E+001
 -0.51982417E-001  0.47365364E-002  0.44192686E+000  0.12893126E+001
 -0.51982418E-001  0.47365359E-002  0.44192685E+000  0.12893127E+001
 -0.51982419E-001  0.47365355E-002  0.44192684E+000  0.12893128E+001
 -0.51982419E-001  0.47365350E-002  0.44192684E+000  0.12893129E+001
 -0.51982420E-001  0.47365347E-002  0.44192683E+000  0.12893130E+001
 -0.51982421E-001  0.47365343E-002  0.44192683E+000  0.12893131E+001
 -0.51982422E-001  0.47365339E-002  0.44192683E+000  0.12893132E+001
 -0.51982423E-001  0.47365336E-002  0.44192683E+000  0.12893133E+001
 -0.51982423E-001  0.47365333E-002  0.44192682E+000  0.12893134E+001
 -0.51982424E-001  0.47365330E-002  0.44192682E+000  0.12893134E+001
 -0.51982425E-001  0.47365327E-002  0.44192682E+000  0.12893135E+001
 -0.51982425E-001  0.47365325E-002  0.44192682E+000  0.12893136E+001
 -0.51982426E-001  0.47365322E-002  0.44192682E+000  0.12893137E+001
 -0.51982427E-001  0.47365320E-002  0.44192682E+000  0.12893138E+001
 -0.51982427E-001  0.47365318E-002  0.44192683E+000  0.12893139E+001
 -0.51982428E-001  0.47365316E-002  0.44192683E+000  0.12893139E+001
 -0.51982428E-001  0.47365314E-002  0.44192683E+000  0.12893140E+001
 -0.51982429E-001  0.47365312E-002  0.44192683E+000  0.12893141E+001
 -0.51982429E-001  0.47365310E-002  0.44192683E+000  0.12893142E+001
 -0.51982429E-001  0.47365308E-002  0.44192683E+000  0.12893143E+001
 -0.51982430E-001  0.47365306E-002  0.44192684E+000  0.12893143E+001
 -0.51982430E-001  0.47365304E-002  0.44192684E+000  0.12893144E+001
 -0.51982431E-001  0.47365302E-002  0.44192684E+000  0.12893145E+001
 -0.51982432E-001  0.47365300E-002  0.44192684E+000  0.12893145E+001
 -0.51982433E-001  0.47365297E-002  0.44192684E+000  0.12893146E+001
 -0.51982435E-001  0.47365292E-002  0.44192683E+000  0.12893146E+001
 -0.51982437E-001  0.47365287E-002  0.44192683E+000  0.12893146E+001
 -0.51982439E-001  0.47365279E-002  0.44192681E+000  0.12893147E+001
 -0.51982444E-001  0.47365266E-002  0.44192679E+000  0.12893147E+001
 -0.51982450E-001  0.47365248E-002  0.44192676E+000  0.12893147E+001
 -0.51982462E-001  0.47365201E-002  0.44192671E+000  0.12893147E+001
 -0.51982452E-001  0.47365206E-002  0.44192675E+000  0.12893149E+001
