  0.43798579E+000
  0.43936050E+000
  0.44013277E+000
  0.44072856E+000
  0.44117011E+000
  0.44149238E+000
  0.44171864E+000
  0.44186688E+000
  0.44195185E+000
  0.44198565E+000
  0.44197826E+000
  0.44193772E+000
  0.44187055E+000
  0.44178221E+000
  0.44167716E+000
  0.44155904E+000
  0.44143086E+000
  0.44129516E+000
  0.44115397E+000
  0.44100899E+000
  0.44086168E+000
  0.44071324E+000
  0.44056468E+000
  0.44041683E+000
  0.44027042E+000
  0.44012606E+000
  0.43998428E+000
  0.43984552E+000
  0.43971016E+000
  0.43957855E+000
  0.43945099E+000
  0.43932774E+000
  0.43920904E+000
  0.43909507E+000
  0.43898604E+000
  0.43888207E+000
  0.43878329E+000
  0.43868981E+000
  0.43860168E+000
  0.43851895E+000
  0.43844163E+000
  0.43836968E+000
  0.43830306E+000
  0.43824169E+000
  0.43818542E+000
  0.43813413E+000
  0.43808761E+000
  0.43804566E+000
  0.43800804E+000
  0.43797450E+000
  0.43794476E+000
  0.43791856E+000
  0.43789560E+000
  0.43787560E+000
  0.43785829E+000
  0.43784340E+000
  0.43783069E+000
  0.43781992E+000
  0.43781089E+000
  0.43780341E+000
  0.43779731E+000
  0.43779244E+000
  0.43778868E+000
  0.43778591E+000
  0.43778405E+000
  0.43778302E+000
  0.43778274E+000
  0.43778315E+000
  0.43778421E+000
  0.43778586E+000
  0.43778807E+000
  0.43779079E+000
  0.43779398E+000
  0.43779762E+000
  0.43780167E+000
  0.43780609E+000
  0.43781084E+000
  0.43781590E+000
  0.43782123E+000
  0.43782679E+000
  0.43783255E+000
  0.43783847E+000
  0.43784451E+000
  0.43785064E+000
  0.43785683E+000
  0.43786305E+000
  0.43786927E+000
  0.43787545E+000
  0.43788156E+000
  0.43788758E+000
  0.43789349E+000
  0.43789925E+000
  0.43790485E+000
  0.43791028E+000
  0.43791552E+000
  0.43792055E+000
  0.43792537E+000
  0.43792996E+000
  0.43793432E+000
  0.43793845E+000
  0.43794235E+000
  0.43794601E+000
  0.43794944E+000
  0.43795264E+000
  0.43795562E+000
  0.43795837E+000
  0.43796092E+000
  0.43796327E+000
  0.43796543E+000
  0.43796740E+000
  0.43796919E+000
  0.43797083E+000
  0.43797231E+000
  0.43797365E+000
  0.43797486E+000
  0.43797595E+000
  0.43797693E+000
  0.43797780E+000
  0.43797858E+000
  0.43797928E+000
  0.43797990E+000
  0.43798045E+000
  0.43798093E+000
  0.43798137E+000
  0.43798175E+000
  0.43798209E+000
  0.43798238E+000
  0.43798265E+000
  0.43798288E+000
  0.43798309E+000
  0.43798327E+000
  0.43798343E+000
  0.43798357E+000
  0.43798370E+000
  0.43798381E+000
  0.43798391E+000
  0.43798400E+000
  0.43798408E+000
  0.43798416E+000
  0.43798422E+000
  0.43798428E+000
  0.43798434E+000
  0.43798438E+000
  0.43798443E+000
  0.43798447E+000
  0.43798451E+000
  0.43798454E+000
  0.43798458E+000
  0.43798461E+000
  0.43798464E+000
  0.43798467E+000
  0.43798469E+000
  0.43798472E+000
  0.43798474E+000
  0.43798477E+000
  0.43798479E+000
  0.43798482E+000
  0.43798484E+000
  0.43798486E+000
  0.43798488E+000
  0.43798490E+000
  0.43798493E+000
  0.43798495E+000
  0.43798497E+000
  0.43798499E+000
  0.43798501E+000
  0.43798504E+000
  0.43798506E+000
  0.43798508E+000
  0.43798510E+000
  0.43798513E+000
  0.43798515E+000
  0.43798517E+000
  0.43798519E+000
  0.43798522E+000
  0.43798524E+000
  0.43798526E+000
  0.43798528E+000
  0.43798530E+000
  0.43798533E+000
  0.43798535E+000
  0.43798537E+000
  0.43798539E+000
  0.43798541E+000
  0.43798543E+000
  0.43798545E+000
  0.43798547E+000
  0.43798549E+000
  0.43798551E+000
  0.43798553E+000
  0.43798554E+000
  0.43798556E+000
  0.43798557E+000
  0.43798558E+000
  0.43798559E+000
  0.43798559E+000
  0.43798558E+000
  0.43798558E+000
  0.43798557E+000
  0.43798564E+000
