  0.12982534E+001
  0.12975228E+001
  0.12967156E+001
  0.12960885E+001
  0.12955717E+001
  0.12951410E+001
  0.12947761E+001
  0.12944650E+001
  0.12941982E+001
  0.12939685E+001
  0.12937696E+001
  0.12935971E+001
  0.12934474E+001
  0.12933167E+001
  0.12932026E+001
  0.12931025E+001
  0.12930145E+001
  0.12929369E+001
  0.12928681E+001
  0.12928071E+001
  0.12927527E+001
  0.12927040E+001
  0.12926603E+001
  0.12926210E+001
  0.12925854E+001
  0.12925531E+001
  0.12925237E+001
  0.12924968E+001
  0.12924720E+001
  0.12924492E+001
  0.12924280E+001
  0.12924084E+001
  0.12923900E+001
  0.12923729E+001
  0.12923568E+001
  0.12923416E+001
  0.12923274E+001
  0.12923140E+001
  0.12923014E+001
  0.12922895E+001
  0.12922784E+001
  0.12922680E+001
  0.12922583E+001
  0.12922494E+001
  0.12922411E+001
  0.12922335E+001
  0.12922266E+001
  0.12922204E+001
  0.12922148E+001
  0.12922100E+001
  0.12922058E+001
  0.12922023E+001
  0.12921994E+001
  0.12921971E+001
  0.12921955E+001
  0.12921944E+001
  0.12921938E+001
  0.12921938E+001
  0.12921943E+001
  0.12921953E+001
  0.12921967E+001
  0.12921986E+001
  0.12922009E+001
  0.12922035E+001
  0.12922065E+001
  0.12922099E+001
  0.12922135E+001
  0.12922175E+001
  0.12922217E+001
  0.12922261E+001
  0.12922308E+001
  0.12922356E+001
  0.12922406E+001
  0.12922458E+001
  0.12922510E+001
  0.12922564E+001
  0.12922617E+001
  0.12922672E+001
  0.12922726E+001
  0.12922780E+001
  0.12922834E+001
  0.12922887E+001
  0.12922939E+001
  0.12922990E+001
  0.12923041E+001
  0.12923089E+001
  0.12923136E+001
  0.12923182E+001
  0.12923226E+001
  0.12923268E+001
  0.12923308E+001
  0.12923345E+001
  0.12923381E+001
  0.12923415E+001
  0.12923447E+001
  0.12923477E+001
  0.12923504E+001
  0.12923530E+001
  0.12923553E+001
  0.12923575E+001
  0.12923595E+001
  0.12923613E+001
  0.12923629E+001
  0.12923644E+001
  0.12923657E+001
  0.12923669E+001
  0.12923679E+001
  0.12923688E+001
  0.12923696E+001
  0.12923702E+001
  0.12923708E+001
  0.12923713E+001
  0.12923717E+001
  0.12923720E+001
  0.12923722E+001
  0.12923724E+001
  0.12923725E+001
  0.12923726E+001
  0.12923726E+001
  0.12923726E+001
  0.12923726E+001
  0.12923725E+001
  0.12923724E+001
  0.12923722E+001
  0.12923721E+001
  0.12923719E+001
  0.12923717E+001
  0.12923715E+001
  0.12923713E+001
  0.12923711E+001
  0.12923708E+001
  0.12923705E+001
  0.12923703E+001
  0.12923700E+001
  0.12923697E+001
  0.12923694E+001
  0.12923691E+001
  0.12923688E+001
  0.12923685E+001
  0.12923681E+001
  0.12923678E+001
  0.12923674E+001
  0.12923670E+001
  0.12923667E+001
  0.12923663E+001
  0.12923659E+001
  0.12923655E+001
  0.12923651E+001
  0.12923646E+001
  0.12923642E+001
  0.12923638E+001
  0.12923633E+001
  0.12923629E+001
  0.12923624E+001
  0.12923619E+001
  0.12923614E+001
  0.12923609E+001
  0.12923604E+001
  0.12923599E+001
  0.12923593E+001
  0.12923588E+001
  0.12923583E+001
  0.12923577E+001
  0.12923571E+001
  0.12923566E+001
  0.12923560E+001
  0.12923554E+001
  0.12923549E+001
  0.12923543E+001
  0.12923537E+001
  0.12923531E+001
  0.12923525E+001
  0.12923519E+001
  0.12923513E+001
  0.12923507E+001
  0.12923501E+001
  0.12923495E+001
  0.12923489E+001
  0.12923483E+001
  0.12923477E+001
  0.12923471E+001
  0.12923465E+001
  0.12923459E+001
  0.12923453E+001
  0.12923447E+001
  0.12923441E+001
  0.12923435E+001
  0.12923430E+001
  0.12923424E+001
  0.12923418E+001
  0.12923413E+001
  0.12923407E+001
  0.12923402E+001
  0.12923396E+001
  0.12923391E+001
  0.12923386E+001
  0.12923381E+001
  0.12923376E+001
  0.12923371E+001
  0.12923367E+001
