  0.69750417E+000  0.90071910E+000  0.10083529E+001  0.25864378E+001
  0.69753329E+000  0.89845663E+000  0.10076817E+001  0.25864198E+001
  0.69717236E+000  0.89746436E+000  0.10066092E+001  0.25856166E+001
  0.69689268E+000  0.89670487E+000  0.10058050E+001  0.25849518E+001
  0.69666967E+000  0.89604827E+000  0.10051955E+001  0.25843738E+001
  0.69648727E+000  0.89550209E+000  0.10046990E+001  0.25838759E+001
  0.69641701E+000  0.89496062E+000  0.10042839E+001  0.25834433E+001
  0.69628226E+000  0.89457648E+000  0.10039365E+001  0.25830652E+001
  0.69617023E+000  0.89424600E+000  0.10036387E+001  0.25827383E+001
  0.69632186E+000  0.89371468E+000  0.10033906E+001  0.25824472E+001
  0.69622722E+000  0.89348186E+000  0.10032804E+001  0.25820892E+001
  0.69613952E+000  0.89328585E+000  0.10031190E+001  0.25818443E+001
  0.69606092E+000  0.89320490E+000  0.10028710E+001  0.25816530E+001
  0.69598851E+000  0.89306201E+000  0.10027493E+001  0.25814673E+001
  0.69592135E+000  0.89293836E+000  0.10026444E+001  0.25813066E+001
  0.69585866E+000  0.89283412E+000  0.10025407E+001  0.25811770E+001
  0.69579987E+000  0.89274506E+000  0.10024508E+001  0.25810626E+001
  0.69574450E+000  0.89267152E+000  0.10023815E+001  0.25809502E+001
  0.69569246E+000  0.89260604E+000  0.10023139E+001  0.25808605E+001
  0.69564274E+000  0.89255032E+000  0.10022550E+001  0.25807806E+001
  0.69559538E+000  0.89250262E+000  0.10022135E+001  0.25806995E+001
  0.69555013E+000  0.89246181E+000  0.10021689E+001  0.25806356E+001
  0.69550678E+000  0.89242684E+000  0.10021298E+001  0.25805782E+001
  0.69546516E+000  0.89239690E+000  0.10020957E+001  0.25805265E+001
  0.69542512E+000  0.89237124E+000  0.10020658E+001  0.25804798E+001
  0.69538655E+000  0.89234925E+000  0.10020394E+001  0.25804375E+001
  0.69534933E+000  0.89233032E+000  0.10020959E+001  0.25803195E+001
  0.69531339E+000  0.89231404E+000  0.10020753E+001  0.25802846E+001
  0.69527867E+000  0.89229999E+000  0.10020570E+001  0.25802527E+001
  0.69524511E+000  0.89228778E+000  0.10020407E+001  0.25802236E+001
  0.69521268E+000  0.89227725E+000  0.10020258E+001  0.25801968E+001
  0.69518137E+000  0.89226789E+000  0.10020211E+001  0.25801635E+001
  0.69515117E+000  0.89225957E+000  0.10020090E+001  0.25801408E+001
  0.69512209E+000  0.89225214E+000  0.10019978E+001  0.25801198E+001
  0.69509414E+000  0.89224541E+000  0.10019876E+001  0.25801003E+001
  0.69506735E+000  0.89223926E+000  0.10019781E+001  0.25800822E+001
  0.69504174E+000  0.89223358E+000  0.10019692E+001  0.25800654E+001
  0.69501734E+000  0.89222827E+000  0.10019609E+001  0.25800499E+001
  0.69499420E+000  0.89222328E+000  0.10019530E+001  0.25800354E+001
  0.69497234E+000  0.89221856E+000  0.10019456E+001  0.25800220E+001
  0.69495179E+000  0.89221406E+000  0.10019387E+001  0.25800095E+001
  0.69493258E+000  0.89220977E+000  0.10019321E+001  0.25799980E+001
  0.69491472E+000  0.89220569E+000  0.10019259E+001  0.25799874E+001
  0.69489823E+000  0.89220181E+000  0.10019201E+001  0.25799777E+001
  0.69488309E+000  0.89219814E+000  0.10019146E+001  0.25799688E+001
  0.69486932E+000  0.89219470E+000  0.10019095E+001  0.25799607E+001
  0.69485686E+000  0.89219151E+000  0.10019048E+001  0.25799534E+001
  0.69484571E+000  0.89218860E+000  0.10019005E+001  0.25799470E+001
  0.69483581E+000  0.89218598E+000  0.10018966E+001  0.25799413E+001
  0.69482711E+000  0.89218368E+000  0.10018931E+001  0.25799364E+001
  0.69481955E+000  0.89218172E+000  0.10018899E+001  0.25799324E+001
  0.69481306E+000  0.89218012E+000  0.10018872E+001  0.25799290E+001
  0.69480759E+000  0.89217890E+000  0.10018849E+001  0.25799265E+001
  0.69480304E+000  0.89217807E+000  0.10018830E+001  0.25799247E+001
  0.69479937E+000  0.89217763E+000  0.10018816E+001  0.25799236E+001
  0.69479649E+000  0.89217761E+000  0.10018805E+001  0.25799232E+001
  0.69479434E+000  0.89217799E+000  0.10018798E+001  0.25799235E+001
  0.69479286E+000  0.89217877E+000  0.10018795E+001  0.25799245E+001
  0.69479200E+000  0.89217994E+000  0.10018795E+001  0.25799262E+001
  0.69479170E+000  0.89218151E+000  0.10018799E+001  0.25799284E+001
  0.69479191E+000  0.89218345E+000  0.10018807E+001  0.25799312E+001
  0.69479259E+000  0.89218576E+000  0.10018818E+001  0.25799346E+001
  0.69479372E+000  0.89218843E+000  0.10018833E+001  0.25799384E+001
  0.69479524E+000  0.89219143E+000  0.10018850E+001  0.25799428E+001
  0.69479714E+000  0.89219475E+000  0.10018871E+001  0.25799476E+001
  0.69479937E+000  0.89219837E+000  0.10018894E+001  0.25799528E+001
  0.69480193E+000  0.89220228E+000  0.10018920E+001  0.25799583E+001
  0.69480478E+000  0.89220646E+000  0.10018948E+001  0.25799643E+001
  0.69480789E+000  0.89221087E+000  0.10018979E+001  0.25799705E+001
  0.69481125E+000  0.89221551E+000  0.10019012E+001  0.25799770E+001
  0.69481483E+000  0.89222035E+000  0.10019046E+001  0.25799837E+001
  0.69481861E+000  0.89222537E+000  0.10019083E+001  0.25799906E+001
  0.69482257E+000  0.89223054E+000  0.10019121E+001  0.25799977E+001
  0.69482669E+000  0.89223585E+000  0.10019160E+001  0.25800049E+001
  0.69483094E+000  0.89224126E+000  0.10019200E+001  0.25800122E+001
  0.69483530E+000  0.89224675E+000  0.10019241E+001  0.25800196E+001
  0.69483974E+000  0.89225229E+000  0.10019283E+001  0.25800270E+001
  0.69484426E+000  0.89225787E+000  0.10019325E+001  0.25800344E+001
  0.69484882E+000  0.89226346E+000  0.10019367E+001  0.25800417E+001
  0.69485340E+000  0.89226903E+000  0.10019409E+001  0.25800490E+001
  0.69485799E+000  0.89227456E+000  0.10019451E+001  0.25800562E+001
  0.69486256E+000  0.89228004E+000  0.10019492E+001  0.25800633E+001
  0.69486709E+000  0.89228543E+000  0.10019447E+001  0.25800787E+001
  0.69487157E+000  0.89229073E+000  0.10019487E+001  0.25800855E+001
  0.69487597E+000  0.89229591E+000  0.10019526E+001  0.25800921E+001
  0.69488029E+000  0.89230096E+000  0.10019563E+001  0.25800984E+001
  0.69488451E+000  0.89230585E+000  0.10019599E+001  0.25801046E+001
  0.69488860E+000  0.89231059E+000  0.10019634E+001  0.25801105E+001
  0.69489257E+000  0.89231515E+000  0.10019667E+001  0.25801162E+001
  0.69489640E+000  0.89231954E+000  0.10019698E+001  0.25801216E+001
  0.69490007E+000  0.89232372E+000  0.10019728E+001  0.25801267E+001
  0.69490359E+000  0.89232771E+000  0.10019756E+001  0.25801316E+001
  0.69490695E+000  0.89233149E+000  0.10019782E+001  0.25801363E+001
  0.69491014E+000  0.89233507E+000  0.10019806E+001  0.25801406E+001
  0.69491316E+000  0.89233844E+000  0.10019828E+001  0.25801447E+001
  0.69491601E+000  0.89234160E+000  0.10019848E+001  0.25801486E+001
  0.69491868E+000  0.89234456E+000  0.10019866E+001  0.25801522E+001
  0.69492118E+000  0.89234731E+000  0.10019883E+001  0.25801555E+001
  0.69492351E+000  0.89234986E+000  0.10019898E+001  0.25801586E+001
  0.69492566E+000  0.89235222E+000  0.10019911E+001  0.25801614E+001
  0.69492766E+000  0.89235440E+000  0.10019922E+001  0.25801640E+001
  0.69492950E+000  0.89235639E+000  0.10019932E+001  0.25801664E+001
  0.69493118E+000  0.89235820E+000  0.10019940E+001  0.25801686E+001
  0.69493271E+000  0.89235985E+000  0.10019947E+001  0.25801706E+001
  0.69493410E+000  0.89236134E+000  0.10019952E+001  0.25801724E+001
  0.69493536E+000  0.89236269E+000  0.10019956E+001  0.25801741E+001
  0.69493649E+000  0.89236389E+000  0.10019959E+001  0.25801755E+001
  0.69493750E+000  0.89236496E+000  0.10019961E+001  0.25801768E+001
  0.69493840E+000  0.89236591E+000  0.10019962E+001  0.25801780E+001
  0.69493919E+000  0.89236675E+000  0.10019963E+001  0.25801790E+001
  0.69493989E+000  0.89236749E+000  0.10019962E+001  0.25801799E+001
  0.69494050E+000  0.89236813E+000  0.10019961E+001  0.25801807E+001
  0.69494102E+000  0.89236868E+000  0.10019959E+001  0.25801813E+001
  0.69494147E+000  0.89236916E+000  0.10019957E+001  0.25801819E+001
  0.69494185E+000  0.89236956E+000  0.10019954E+001  0.25801823E+001
  0.69494217E+000  0.89236990E+000  0.10019156E+001  0.25802622E+001
  0.69494244E+000  0.89237018E+000  0.10019152E+001  0.25802625E+001
  0.69494265E+000  0.89237041E+000  0.10019149E+001  0.25802627E+001
  0.69494282E+000  0.89237060E+000  0.10019145E+001  0.25802629E+001
  0.69494295E+000  0.89237075E+000  0.10019141E+001  0.25802630E+001
  0.69494304E+000  0.89237086E+000  0.10019136E+001  0.25802630E+001
  0.69494311E+000  0.89237094E+000  0.10019132E+001  0.25802630E+001
  0.69494315E+000  0.89237100E+000  0.10019128E+001  0.25802629E+001
  0.69494316E+000  0.89237103E+000  0.10019124E+001  0.25802627E+001
  0.69494315E+000  0.89237104E+000  0.10019119E+001  0.25802625E+001
  0.69494313E+000  0.89237104E+000  0.10019115E+001  0.25802623E+001
  0.69494310E+000  0.89237103E+000  0.10019111E+001  0.25802620E+001
  0.69494305E+000  0.89237100E+000  0.10019107E+001  0.25802616E+001
  0.69494299E+000  0.89237096E+000  0.10019103E+001  0.25802612E+001
  0.69494292E+000  0.89237092E+000  0.10019099E+001  0.25802608E+001
  0.69494285E+000  0.89237087E+000  0.10019095E+001  0.25802603E+001
  0.69494277E+000  0.89237082E+000  0.10019091E+001  0.25802598E+001
  0.69494269E+000  0.89237076E+000  0.10019088E+001  0.25802592E+001
  0.69494261E+000  0.89237070E+000  0.10019084E+001  0.25802586E+001
  0.69494252E+000  0.89237064E+000  0.10019081E+001  0.25802579E+001
  0.69494243E+000  0.89237057E+000  0.10019078E+001  0.25802572E+001
  0.69494235E+000  0.89237051E+000  0.10019075E+001  0.25802564E+001
  0.69494226E+000  0.89237045E+000  0.10019072E+001  0.25802556E+001
  0.69494218E+000  0.89237039E+000  0.10019069E+001  0.25802547E+001
  0.69494209E+000  0.89237032E+000  0.10019066E+001  0.25802537E+001
  0.69494201E+000  0.89237026E+000  0.10019064E+001  0.25802528E+001
  0.69494193E+000  0.89237021E+000  0.10019061E+001  0.25802517E+001
  0.69494186E+000  0.89237015E+000  0.10019059E+001  0.25802506E+001
  0.69494178E+000  0.89237010E+000  0.10019056E+001  0.25802495E+001
  0.69494171E+000  0.89237004E+000  0.10019054E+001  0.25802483E+001
  0.69494164E+000  0.89236999E+000  0.10019052E+001  0.25802470E+001
  0.69494158E+000  0.89236994E+000  0.10019050E+001  0.25802457E+001
  0.69494152E+000  0.89236990E+000  0.10019048E+001  0.25802444E+001
  0.69494146E+000  0.89236986E+000  0.10019047E+001  0.25802429E+001
  0.69494140E+000  0.89236982E+000  0.10019045E+001  0.25802415E+001
  0.69494135E+000  0.89236978E+000  0.10019043E+001  0.25802399E+001
  0.69494130E+000  0.89236974E+000  0.10019042E+001  0.25802384E+001
  0.69494125E+000  0.89236971E+000  0.10019040E+001  0.25802367E+001
  0.69494121E+000  0.89236968E+000  0.10019039E+001  0.25802350E+001
  0.69494117E+000  0.89236965E+000  0.10019038E+001  0.25802333E+001
  0.69494113E+000  0.89236962E+000  0.10019037E+001  0.25802315E+001
  0.69494110E+000  0.89236960E+000  0.10019035E+001  0.25802297E+001
  0.69494106E+000  0.89236958E+000  0.10019034E+001  0.25802278E+001
  0.69494103E+000  0.89236956E+000  0.10019033E+001  0.25802259E+001
  0.69494101E+000  0.89236954E+000  0.10019032E+001  0.25802239E+001
  0.69494098E+000  0.89236953E+000  0.10019031E+001  0.25802219E+001
  0.69494096E+000  0.89236952E+000  0.10019031E+001  0.25802198E+001
  0.69494094E+000  0.89236951E+000  0.10019030E+001  0.25802177E+001
  0.69494093E+000  0.89236950E+000  0.10019029E+001  0.25802156E+001
  0.69494091E+000  0.89236949E+000  0.10019028E+001  0.25802134E+001
  0.69494090E+000  0.89236949E+000  0.10019028E+001  0.25802112E+001
  0.69494089E+000  0.89236949E+000  0.10019027E+001  0.25802090E+001
  0.69494088E+000  0.89236949E+000  0.10019027E+001  0.25802067E+001
  0.69494087E+000  0.89236949E+000  0.10019026E+001  0.25802044E+001
  0.69494087E+000  0.89236949E+000  0.10019026E+001  0.25802021E+001
  0.69494087E+000  0.89236949E+000  0.10019025E+001  0.25801998E+001
  0.69494086E+000  0.89236950E+000  0.10019025E+001  0.25801975E+001
  0.69494086E+000  0.89236950E+000  0.10019024E+001  0.25801951E+001
  0.69494086E+000  0.89236951E+000  0.10019024E+001  0.25801927E+001
  0.69494087E+000  0.89236952E+000  0.10019024E+001  0.25801903E+001
  0.69494087E+000  0.89236953E+000  0.10019023E+001  0.25801879E+001
  0.69494087E+000  0.89236954E+000  0.10019023E+001  0.25801855E+001
  0.69494088E+000  0.89236955E+000  0.10019023E+001  0.25801831E+001
  0.69494088E+000  0.89236956E+000  0.10019023E+001  0.25801807E+001
  0.69494089E+000  0.89236957E+000  0.10019022E+001  0.25801783E+001
  0.69494090E+000  0.89236958E+000  0.10019022E+001  0.25801759E+001
  0.69494091E+000  0.89236960E+000  0.10019022E+001  0.25801735E+001
  0.69494091E+000  0.89236961E+000  0.10019022E+001  0.25801711E+001
  0.69494092E+000  0.89236963E+000  0.10019022E+001  0.25801687E+001
  0.69494093E+000  0.89236964E+000  0.10019022E+001  0.25801663E+001
  0.69494094E+000  0.89236966E+000  0.10019022E+001  0.25801640E+001
  0.69494095E+000  0.89236967E+000  0.10019022E+001  0.25801616E+001
  0.69494096E+000  0.89236969E+000  0.10019022E+001  0.25801593E+001
  0.69494097E+000  0.89236970E+000  0.10019021E+001  0.25801570E+001
  0.69494099E+000  0.89236972E+000  0.10019021E+001  0.25801547E+001
  0.69494100E+000  0.89236973E+000  0.10019021E+001  0.25801525E+001
  0.69494101E+000  0.89236975E+000  0.10019021E+001  0.25801502E+001
  0.69494102E+000  0.89236977E+000  0.10019021E+001  0.25801480E+001
  0.69494104E+000  0.89236979E+000  0.10019022E+001  0.25801459E+001
  0.69494105E+000  0.89236981E+000  0.10019022E+001  0.25801437E+001
  0.69494107E+000  0.89236984E+000  0.10019022E+001  0.25801416E+001
  0.69494109E+000  0.89236987E+000  0.10019022E+001  0.25801395E+001
  0.69494112E+000  0.89236991E+000  0.10019022E+001  0.25801375E+001
  0.69494115E+000  0.89236998E+000  0.10019023E+001  0.25801355E+001
  0.69494115E+000  0.89237002E+000  0.10019023E+001  0.25801335E+001
