  0.78522892E+000  0.90150829E+000  0.11028222E+001  0.24034546E+001
  0.77689923E+000  0.90626645E+000  0.11016927E+001  0.24052331E+001
  0.77721183E+000  0.90333156E+000  0.11016819E+001  0.24046373E+001
  0.77786804E+000  0.90073791E+000  0.11014182E+001  0.24043301E+001
  0.77873303E+000  0.89835865E+000  0.11011051E+001  0.24040905E+001
  0.77927074E+000  0.89661292E+000  0.11007867E+001  0.24038939E+001
  0.77948495E+000  0.89538463E+000  0.11005180E+001  0.24037173E+001
  0.77942545E+000  0.89459694E+000  0.11002880E+001  0.24035500E+001
  0.77928250E+000  0.89403627E+000  0.11000837E+001  0.24033907E+001
  0.77911756E+000  0.89364982E+000  0.10998674E+001  0.24032395E+001
  0.77895596E+000  0.89342306E+000  0.10996041E+001  0.24030955E+001
  0.77880796E+000  0.89325797E+000  0.10993646E+001  0.24029582E+001
  0.77867683E+000  0.89312905E+000  0.10991570E+001  0.24028269E+001
  0.77856224E+000  0.89308977E+000  0.10989136E+001  0.24027014E+001
  0.77846270E+000  0.89307053E+000  0.10986960E+001  0.24025814E+001
  0.77837644E+000  0.89305899E+000  0.10985086E+001  0.24024665E+001
  0.77830184E+000  0.89305294E+000  0.10983474E+001  0.24023561E+001
  0.77823725E+000  0.89305063E+000  0.10982094E+001  0.24022504E+001
  0.77818128E+000  0.89305090E+000  0.10980918E+001  0.24021489E+001
  0.77813277E+000  0.89305287E+000  0.10979919E+001  0.24020511E+001
  0.77809060E+000  0.89305583E+000  0.10979077E+001  0.24019569E+001
  0.77805395E+000  0.89305935E+000  0.10978369E+001  0.24018661E+001
  0.77802198E+000  0.89306299E+000  0.10977780E+001  0.24017786E+001
  0.77799411E+000  0.89306660E+000  0.10977292E+001  0.24016943E+001
  0.77796973E+000  0.89306989E+000  0.10976891E+001  0.24016131E+001
  0.77794837E+000  0.89307284E+000  0.10976565E+001  0.24015350E+001
  0.77792957E+000  0.89307527E+000  0.10976302E+001  0.24014600E+001
  0.77791301E+000  0.89307723E+000  0.10976092E+001  0.24013879E+001
  0.77789839E+000  0.89307867E+000  0.10975925E+001  0.24013188E+001
  0.77788538E+000  0.89307954E+000  0.10975793E+001  0.24012528E+001
  0.77787380E+000  0.89307994E+000  0.10975690E+001  0.24011898E+001
  0.77786346E+000  0.89307988E+000  0.10975608E+001  0.24011297E+001
  0.77785415E+000  0.89307938E+000  0.10975542E+001  0.24010727E+001
  0.77784577E+000  0.89307856E+000  0.10975488E+001  0.24010187E+001
  0.77783821E+000  0.89307744E+000  0.10975441E+001  0.24009676E+001
  0.77783135E+000  0.89307608E+000  0.10975400E+001  0.24009195E+001
  0.77782512E+000  0.89307455E+000  0.10975360E+001  0.24008742E+001
  0.77781945E+000  0.89307291E+000  0.10975322E+001  0.24008318E+001
  0.77781432E+000  0.89307125E+000  0.10975283E+001  0.24007921E+001
  0.77780966E+000  0.89306957E+000  0.10975242E+001  0.24007550E+001
  0.77780545E+000  0.89306797E+000  0.10975201E+001  0.24007206E+001
  0.77780166E+000  0.89306647E+000  0.10975158E+001  0.24006885E+001
  0.77779830E+000  0.89306512E+000  0.10975114E+001  0.24006589E+001
  0.77779532E+000  0.89306395E+000  0.10975070E+001  0.24006315E+001
  0.77779274E+000  0.89306301E+000  0.10975027E+001  0.24006062E+001
  0.77779054E+000  0.89306230E+000  0.10974985E+001  0.24005829E+001
  0.77778871E+000  0.89306186E+000  0.10974946E+001  0.24005615E+001
  0.77778726E+000  0.89306169E+000  0.10974910E+001  0.24005419E+001
  0.77778618E+000  0.89306180E+000  0.10974878E+001  0.24005239E+001
  0.77778546E+000  0.89306221E+000  0.10974850E+001  0.24005076E+001
  0.77778510E+000  0.89306291E+000  0.10974828E+001  0.24004927E+001
  0.77778510E+000  0.89306391E+000  0.10974812E+001  0.24004792E+001
  0.77778546E+000  0.89306519E+000  0.10974802E+001  0.24004670E+001
  0.77778614E+000  0.89306675E+000  0.10974799E+001  0.24004560E+001
  0.77778717E+000  0.89306859E+000  0.10974801E+001  0.24004462E+001
  0.77778852E+000  0.89307070E+000  0.10974810E+001  0.24004375E+001
  0.77779019E+000  0.89307307E+000  0.10974826E+001  0.24004298E+001
  0.77779216E+000  0.89307569E+000  0.10974847E+001  0.24004230E+001
  0.77779443E+000  0.89307854E+000  0.10974874E+001  0.24004172E+001
  0.77779697E+000  0.89308164E+000  0.10974908E+001  0.24004121E+001
  0.77779979E+000  0.89308496E+000  0.10974946E+001  0.24004079E+001
  0.77780286E+000  0.89308850E+000  0.10974990E+001  0.24004044E+001
  0.77780617E+000  0.89309225E+000  0.10975039E+001  0.24004015E+001
  0.77780972E+000  0.89309621E+000  0.10975092E+001  0.24003993E+001
  0.77781347E+000  0.89310035E+000  0.10975149E+001  0.24003977E+001
  0.77781742E+000  0.89310468E+000  0.10975211E+001  0.24003967E+001
  0.77782155E+000  0.89310919E+000  0.10975276E+001  0.24003961E+001
  0.77782584E+000  0.89311386E+000  0.10975345E+001  0.24003961E+001
  0.77783027E+000  0.89311867E+000  0.10975417E+001  0.24003965E+001
  0.77783483E+000  0.89312362E+000  0.10975491E+001  0.24003973E+001
  0.77783950E+000  0.89312868E+000  0.10975568E+001  0.24003985E+001
  0.77784426E+000  0.89313385E+000  0.10975647E+001  0.24004000E+001
  0.77784909E+000  0.89313909E+000  0.10975729E+001  0.24004018E+001
  0.77785396E+000  0.89314439E+000  0.10975811E+001  0.24004039E+001
  0.77785887E+000  0.89314974E+000  0.10975895E+001  0.24004063E+001
  0.77786379E+000  0.89315510E+000  0.10975979E+001  0.24004089E+001
  0.77786870E+000  0.89316045E+000  0.10976065E+001  0.24004117E+001
  0.77787358E+000  0.89316577E+000  0.10976150E+001  0.24004146E+001
  0.77787841E+000  0.89317104E+000  0.10976235E+001  0.24004177E+001
  0.77788319E+000  0.89317623E+000  0.10976320E+001  0.24004209E+001
  0.77788788E+000  0.89318133E+000  0.10976404E+001  0.24004242E+001
  0.77789247E+000  0.89318631E+000  0.10976486E+001  0.24004276E+001
  0.77789696E+000  0.89319116E+000  0.10976568E+001  0.24004310E+001
  0.77790132E+000  0.89319587E+000  0.10976648E+001  0.24004345E+001
  0.77790555E+000  0.89320040E+000  0.10976726E+001  0.24004380E+001
  0.77790963E+000  0.89320476E+000  0.10976802E+001  0.24004414E+001
  0.77791355E+000  0.89320892E+000  0.10976875E+001  0.24004449E+001
  0.77791731E+000  0.89321287E+000  0.10976946E+001  0.24004482E+001
  0.77792089E+000  0.89321662E+000  0.10977015E+001  0.24004516E+001
  0.77792430E+000  0.89322015E+000  0.10977081E+001  0.24004548E+001
  0.77792753E+000  0.89322347E+000  0.10977143E+001  0.24004580E+001
  0.77793057E+000  0.89322656E+000  0.10977203E+001  0.24004610E+001
  0.77793344E+000  0.89322944E+000  0.10977260E+001  0.24004640E+001
  0.77793612E+000  0.89323210E+000  0.10977314E+001  0.24004668E+001
  0.77793862E+000  0.89323455E+000  0.10977364E+001  0.24004695E+001
  0.77794095E+000  0.89323679E+000  0.10977412E+001  0.24004721E+001
  0.77794310E+000  0.89323883E+000  0.10977456E+001  0.24004745E+001
  0.77794508E+000  0.89324067E+000  0.10977497E+001  0.24004768E+001
  0.77794689E+000  0.89324233E+000  0.10977536E+001  0.24004789E+001
  0.77794855E+000  0.89324382E+000  0.10977571E+001  0.24004809E+001
  0.77795006E+000  0.89324514E+000  0.10977604E+001  0.24004827E+001
  0.77795143E+000  0.89324630E+000  0.10977634E+001  0.24004844E+001
  0.77795266E+000  0.89324732E+000  0.10977661E+001  0.24004859E+001
  0.77795376E+000  0.89324821E+000  0.10977686E+001  0.24004873E+001
  0.77795474E+000  0.89324897E+000  0.10977708E+001  0.24004885E+001
  0.77795562E+000  0.89324962E+000  0.10977728E+001  0.24004896E+001
  0.77795639E+000  0.89325017E+000  0.10977746E+001  0.24004906E+001
  0.77795706E+000  0.89325062E+000  0.10977762E+001  0.24004915E+001
  0.77795765E+000  0.89325099E+000  0.10977777E+001  0.24004922E+001
  0.77795816E+000  0.89325129E+000  0.10977789E+001  0.24004928E+001
  0.77795860E+000  0.89325152E+000  0.10977800E+001  0.24004933E+001
  0.77795897E+000  0.89325169E+000  0.10977810E+001  0.24004937E+001
  0.77795929E+000  0.89325181E+000  0.10977818E+001  0.24004941E+001
  0.77795955E+000  0.89325189E+000  0.10977824E+001  0.24004943E+001
  0.77795977E+000  0.89325193E+000  0.10977830E+001  0.24004944E+001
  0.77795994E+000  0.89325194E+000  0.10977835E+001  0.24004945E+001
  0.77796009E+000  0.89325192E+000  0.10977839E+001  0.24004945E+001
  0.77796020E+000  0.89325188E+000  0.10977842E+001  0.24004944E+001
  0.77796028E+000  0.89325183E+000  0.10977844E+001  0.24004942E+001
  0.77796034E+000  0.89325175E+000  0.10977846E+001  0.24004940E+001
  0.77796038E+000  0.89325167E+000  0.10977847E+001  0.24004938E+001
  0.77796041E+000  0.89325158E+000  0.10977848E+001  0.24004934E+001
  0.77796042E+000  0.89325148E+000  0.10977848E+001  0.24004931E+001
  0.77796042E+000  0.89325138E+000  0.10977848E+001  0.24004927E+001
  0.77796041E+000  0.89325127E+000  0.10977847E+001  0.24004922E+001
  0.77796039E+000  0.89325117E+000  0.10977847E+001  0.24004917E+001
  0.77796037E+000  0.89325106E+000  0.10977846E+001  0.24004912E+001
  0.77796034E+000  0.89325096E+000  0.10977845E+001  0.24004906E+001
  0.77796030E+000  0.89325086E+000  0.10977843E+001  0.24004899E+001
  0.77796027E+000  0.89325076E+000  0.10977842E+001  0.24004893E+001
  0.77796023E+000  0.89325066E+000  0.10977841E+001  0.24004886E+001
  0.77796019E+000  0.89325057E+000  0.10977839E+001  0.24004878E+001
  0.77796015E+000  0.89325048E+000  0.10977838E+001  0.24004870E+001
  0.77796011E+000  0.89325039E+000  0.10977836E+001  0.24004862E+001
  0.77796008E+000  0.89325031E+000  0.10977834E+001  0.24004853E+001
  0.77796004E+000  0.89325023E+000  0.10977833E+001  0.24004844E+001
  0.77796000E+000  0.89325016E+000  0.10977831E+001  0.24004834E+001
  0.77795996E+000  0.89325009E+000  0.10977830E+001  0.24004824E+001
  0.77795993E+000  0.89325002E+000  0.10977828E+001  0.24004814E+001
  0.77795989E+000  0.89324996E+000  0.10977826E+001  0.24004803E+001
  0.77795986E+000  0.89324990E+000  0.10977825E+001  0.24004791E+001
  0.77795983E+000  0.89324985E+000  0.10977824E+001  0.24004779E+001
  0.77795980E+000  0.89324980E+000  0.10977822E+001  0.24004767E+001
  0.77795977E+000  0.89324975E+000  0.10977821E+001  0.24004754E+001
  0.77795975E+000  0.89324971E+000  0.10977820E+001  0.24004740E+001
  0.77795972E+000  0.89324967E+000  0.10977818E+001  0.24004726E+001
  0.77795970E+000  0.89324963E+000  0.10977817E+001  0.24004712E+001
  0.77795968E+000  0.89324959E+000  0.10977816E+001  0.24004697E+001
  0.77795966E+000  0.89324956E+000  0.10977815E+001  0.24004682E+001
  0.77795964E+000  0.89324953E+000  0.10977814E+001  0.24004666E+001
  0.77795962E+000  0.89324951E+000  0.10977813E+001  0.24004649E+001
  0.77795961E+000  0.89324948E+000  0.10977812E+001  0.24004632E+001
  0.77795960E+000  0.89324946E+000  0.10977811E+001  0.24004615E+001
  0.77795959E+000  0.89324944E+000  0.10977811E+001  0.24004597E+001
  0.77795958E+000  0.89324943E+000  0.10977810E+001  0.24004579E+001
  0.77795957E+000  0.89324941E+000  0.10977809E+001  0.24004560E+001
  0.77795956E+000  0.89324940E+000  0.10977809E+001  0.24004540E+001
  0.77795956E+000  0.89324939E+000  0.10977808E+001  0.24004521E+001
  0.77795955E+000  0.89324938E+000  0.10977808E+001  0.24004500E+001
  0.77795955E+000  0.89324938E+000  0.10977807E+001  0.24004480E+001
  0.77795955E+000  0.89324937E+000  0.10977807E+001  0.24004459E+001
  0.77795955E+000  0.89324937E+000  0.10977807E+001  0.24004437E+001
  0.77795955E+000  0.89324937E+000  0.10977806E+001  0.24004416E+001
  0.77795955E+000  0.89324937E+000  0.10977806E+001  0.24004394E+001
  0.77795956E+000  0.89324937E+000  0.10977806E+001  0.24004371E+001
  0.77795956E+000  0.89324938E+000  0.10977806E+001  0.24004349E+001
  0.77795957E+000  0.89324938E+000  0.10977805E+001  0.24004326E+001
  0.77795958E+000  0.89324939E+000  0.10977805E+001  0.24004302E+001
  0.77795958E+000  0.89324939E+000  0.10977805E+001  0.24004279E+001
  0.77795959E+000  0.89324940E+000  0.10977805E+001  0.24004255E+001
  0.77795960E+000  0.89324941E+000  0.10977805E+001  0.24004231E+001
  0.77795961E+000  0.89324942E+000  0.10977805E+001  0.24004207E+001
  0.77795962E+000  0.89324943E+000  0.10977805E+001  0.24004183E+001
  0.77795964E+000  0.89324944E+000  0.10977805E+001  0.24004159E+001
  0.77795965E+000  0.89324946E+000  0.10977805E+001  0.24004134E+001
  0.77795966E+000  0.89324947E+000  0.10977805E+001  0.24004110E+001
  0.77795968E+000  0.89324948E+000  0.10977805E+001  0.24004085E+001
  0.77795969E+000  0.89324950E+000  0.10977805E+001  0.24004061E+001
  0.77795970E+000  0.89324951E+000  0.10977805E+001  0.24004036E+001
  0.77795972E+000  0.89324953E+000  0.10977806E+001  0.24004012E+001
  0.77795973E+000  0.89324954E+000  0.10977806E+001  0.24003987E+001
  0.77795975E+000  0.89324956E+000  0.10977806E+001  0.24003963E+001
  0.77795976E+000  0.89324957E+000  0.10977806E+001  0.24003939E+001
  0.77795978E+000  0.89324959E+000  0.10977806E+001  0.24003915E+001
  0.77795980E+000  0.89324961E+000  0.10977806E+001  0.24003891E+001
  0.77795981E+000  0.89324962E+000  0.10977806E+001  0.24003867E+001
  0.77795983E+000  0.89324964E+000  0.10977806E+001  0.24003843E+001
  0.77795984E+000  0.89324966E+000  0.10977807E+001  0.24003819E+001
  0.77795986E+000  0.89324967E+000  0.10977807E+001  0.24003796E+001
  0.77795987E+000  0.89324969E+000  0.10977807E+001  0.24003773E+001
  0.77795989E+000  0.89324971E+000  0.10977807E+001  0.24003750E+001
  0.77795991E+000  0.89324973E+000  0.10977807E+001  0.24003728E+001
  0.77795992E+000  0.89324975E+000  0.10977808E+001  0.24003705E+001
  0.77795994E+000  0.89324977E+000  0.10977808E+001  0.24003683E+001
  0.77795996E+000  0.89324980E+000  0.10977808E+001  0.24003662E+001
  0.77795998E+000  0.89324983E+000  0.10977808E+001  0.24003640E+001
  0.77796001E+000  0.89324987E+000  0.10977809E+001  0.24003619E+001
  0.77796005E+000  0.89324993E+000  0.10977809E+001  0.24003599E+001
  0.77796012E+000  0.89325003E+000  0.10977809E+001  0.24003578E+001
  0.77796016E+000  0.89325004E+000  0.10977809E+001  0.24003558E+001
