 -0.37076500E+000
 -0.37032033E+000
 -0.37072618E+000
 -0.37098065E+000
 -0.37118892E+000
 -0.37135777E+000
 -0.37149694E+000
 -0.37161347E+000
 -0.37171200E+000
 -0.37179571E+000
 -0.37186712E+000
 -0.37192822E+000
 -0.37198069E+000
 -0.37202591E+000
 -0.37206488E+000
 -0.37209858E+000
 -0.37212788E+000
 -0.37215340E+000
 -0.37217572E+000
 -0.37219531E+000
 -0.37221254E+000
 -0.37222778E+000
 -0.37224127E+000
 -0.37225330E+000
 -0.37226405E+000
 -0.37227371E+000
 -0.37228240E+000
 -0.37229029E+000
 -0.37229747E+000
 -0.37230402E+000
 -0.37231005E+000
 -0.37231562E+000
 -0.37232077E+000
 -0.37232556E+000
 -0.37233002E+000
 -0.37233419E+000
 -0.37233809E+000
 -0.37234174E+000
 -0.37234516E+000
 -0.37234835E+000
 -0.37235132E+000
 -0.37235409E+000
 -0.37235666E+000
 -0.37235902E+000
 -0.37236119E+000
 -0.37236316E+000
 -0.37236493E+000
 -0.37236651E+000
 -0.37236789E+000
 -0.37236908E+000
 -0.37237008E+000
 -0.37237088E+000
 -0.37237149E+000
 -0.37237191E+000
 -0.37237215E+000
 -0.37237220E+000
 -0.37237207E+000
 -0.37237176E+000
 -0.37237128E+000
 -0.37237063E+000
 -0.37236982E+000
 -0.37236884E+000
 -0.37236771E+000
 -0.37236643E+000
 -0.37236501E+000
 -0.37236344E+000
 -0.37236173E+000
 -0.37235990E+000
 -0.37235794E+000
 -0.37235587E+000
 -0.37235368E+000
 -0.37235139E+000
 -0.37234900E+000
 -0.37234652E+000
 -0.37234397E+000
 -0.37234133E+000
 -0.37233864E+000
 -0.37233589E+000
 -0.37233310E+000
 -0.37233027E+000
 -0.37232742E+000
 -0.37232456E+000
 -0.37232169E+000
 -0.37231883E+000
 -0.37231598E+000
 -0.37231315E+000
 -0.37231036E+000
 -0.37230761E+000
 -0.37230490E+000
 -0.37230225E+000
 -0.37229967E+000
 -0.37229715E+000
 -0.37229470E+000
 -0.37229232E+000
 -0.37229003E+000
 -0.37228782E+000
 -0.37228569E+000
 -0.37228365E+000
 -0.37228170E+000
 -0.37227983E+000
 -0.37227805E+000
 -0.37227636E+000
 -0.37227475E+000
 -0.37227322E+000
 -0.37227177E+000
 -0.37227040E+000
 -0.37226911E+000
 -0.37226788E+000
 -0.37226672E+000
 -0.37226563E+000
 -0.37226460E+000
 -0.37226363E+000
 -0.37226271E+000
 -0.37226184E+000
 -0.37226101E+000
 -0.37226023E+000
 -0.37225950E+000
 -0.37225879E+000
 -0.37225812E+000
 -0.37225749E+000
 -0.37225687E+000
 -0.37225629E+000
 -0.37225572E+000
 -0.37225518E+000
 -0.37225465E+000
 -0.37225414E+000
 -0.37225364E+000
 -0.37225315E+000
 -0.37225266E+000
 -0.37225219E+000
 -0.37225172E+000
 -0.37225125E+000
 -0.37225079E+000
 -0.37225032E+000
 -0.37224986E+000
 -0.37224939E+000
 -0.37224892E+000
 -0.37224845E+000
 -0.37224796E+000
 -0.37224748E+000
 -0.37224698E+000
 -0.37224648E+000
 -0.37224597E+000
 -0.37224545E+000
 -0.37224492E+000
 -0.37224438E+000
 -0.37224383E+000
 -0.37224327E+000
 -0.37224270E+000
 -0.37224211E+000
 -0.37224152E+000
 -0.37224091E+000
 -0.37224029E+000
 -0.37223966E+000
 -0.37223901E+000
 -0.37223836E+000
 -0.37223769E+000
 -0.37223701E+000
 -0.37223632E+000
 -0.37223562E+000
 -0.37223491E+000
 -0.37223419E+000
 -0.37223346E+000
 -0.37223272E+000
 -0.37223197E+000
 -0.37223122E+000
 -0.37223046E+000
 -0.37222969E+000
 -0.37222891E+000
 -0.37222813E+000
 -0.37222735E+000
 -0.37222656E+000
 -0.37222577E+000
 -0.37222498E+000
 -0.37222419E+000
 -0.37222339E+000
 -0.37222260E+000
 -0.37222180E+000
 -0.37222101E+000
 -0.37222022E+000
 -0.37221943E+000
 -0.37221864E+000
 -0.37221786E+000
 -0.37221709E+000
 -0.37221631E+000
 -0.37221555E+000
 -0.37221479E+000
 -0.37221404E+000
 -0.37221329E+000
 -0.37221255E+000
 -0.37221182E+000
 -0.37221110E+000
 -0.37221039E+000
 -0.37220969E+000
 -0.37220900E+000
 -0.37220831E+000
 -0.37220764E+000
 -0.37220696E+000
 -0.37220631E+000
 -0.37220569E+000
