  0.98517003E+000
  0.97977854E+000
  0.97787719E+000
  0.97623697E+000
  0.97495081E+000
  0.97390780E+000
  0.97305047E+000
  0.97234089E+000
  0.97175242E+000
  0.97126333E+000
  0.97085644E+000
  0.97051735E+000
  0.97023493E+000
  0.96999976E+000
  0.96980342E+000
  0.96963961E+000
  0.96950325E+000
  0.96938975E+000
  0.96929552E+000
  0.96921757E+000
  0.96915320E+000
  0.96910035E+000
  0.96905702E+000
  0.96902182E+000
  0.96899336E+000
  0.96897057E+000
  0.96895234E+000
  0.96893799E+000
  0.96892685E+000
  0.96891821E+000
  0.96891166E+000
  0.96890679E+000
  0.96890317E+000
  0.96890059E+000
  0.96889880E+000
  0.96889758E+000
  0.96889678E+000
  0.96889627E+000
  0.96889601E+000
  0.96889586E+000
  0.96889581E+000
  0.96889582E+000
  0.96889587E+000
  0.96889594E+000
  0.96889606E+000
  0.96889621E+000
  0.96889642E+000
  0.96889672E+000
  0.96889712E+000
  0.96889767E+000
  0.96889840E+000
  0.96889932E+000
  0.96890050E+000
  0.96890194E+000
  0.96890369E+000
  0.96890578E+000
  0.96890822E+000
  0.96891104E+000
  0.96891427E+000
  0.96891791E+000
  0.96892198E+000
  0.96892647E+000
  0.96893139E+000
  0.96893674E+000
  0.96894251E+000
  0.96894868E+000
  0.96895523E+000
  0.96896216E+000
  0.96896942E+000
  0.96897701E+000
  0.96898488E+000
  0.96899302E+000
  0.96900139E+000
  0.96900995E+000
  0.96901867E+000
  0.96902751E+000
  0.96903644E+000
  0.96904543E+000
  0.96905442E+000
  0.96906340E+000
  0.96907232E+000
  0.96908115E+000
  0.96908986E+000
  0.96909843E+000
  0.96910682E+000
  0.96911502E+000
  0.96912298E+000
  0.96913069E+000
  0.96913814E+000
  0.96914530E+000
  0.96915217E+000
  0.96915874E+000
  0.96916500E+000
  0.96917095E+000
  0.96917657E+000
  0.96918187E+000
  0.96918685E+000
  0.96919152E+000
  0.96919588E+000
  0.96919994E+000
  0.96920371E+000
  0.96920719E+000
  0.96921040E+000
  0.96921336E+000
  0.96921606E+000
  0.96921854E+000
  0.96922079E+000
  0.96922284E+000
  0.96922470E+000
  0.96922637E+000
  0.96922788E+000
  0.96922924E+000
  0.96923046E+000
  0.96923156E+000
  0.96923253E+000
  0.96923340E+000
  0.96923417E+000
  0.96923486E+000
  0.96923547E+000
  0.96923601E+000
  0.96923650E+000
  0.96923692E+000
  0.96923730E+000
  0.96923763E+000
  0.96923793E+000
  0.96923820E+000
  0.96923843E+000
  0.96923864E+000
  0.96923883E+000
  0.96923900E+000
  0.96923915E+000
  0.96923929E+000
  0.96923941E+000
  0.96923953E+000
  0.96923963E+000
  0.96923973E+000
  0.96923982E+000
  0.96923991E+000
  0.96923999E+000
  0.96924006E+000
  0.96924014E+000
  0.96924021E+000
  0.96924027E+000
  0.96924034E+000
  0.96924040E+000
  0.96924047E+000
  0.96924053E+000
  0.96924059E+000
  0.96924065E+000
  0.96924071E+000
  0.96924077E+000
  0.96924083E+000
  0.96924090E+000
  0.96924096E+000
  0.96924102E+000
  0.96924108E+000
  0.96924114E+000
  0.96924121E+000
  0.96924127E+000
  0.96924133E+000
  0.96924140E+000
  0.96924146E+000
  0.96924153E+000
  0.96924159E+000
  0.96924166E+000
  0.96924173E+000
  0.96924179E+000
  0.96924186E+000
  0.96924193E+000
  0.96924199E+000
  0.96924206E+000
  0.96924213E+000
  0.96924219E+000
  0.96924226E+000
  0.96924232E+000
  0.96924239E+000
  0.96924245E+000
  0.96924252E+000
  0.96924258E+000
  0.96924264E+000
  0.96924270E+000
  0.96924276E+000
  0.96924282E+000
  0.96924288E+000
  0.96924294E+000
  0.96924299E+000
  0.96924305E+000
  0.96924310E+000
  0.96924316E+000
  0.96924321E+000
  0.96924326E+000
  0.96924331E+000
  0.96924336E+000
  0.96924341E+000
  0.96924347E+000
  0.96924353E+000
  0.96924359E+000
  0.96924367E+000
  0.96924382E+000
  0.96924398E+000
