  0.49506779E+000
  0.49401912E+000
  0.49379171E+000
  0.49357309E+000
  0.49340613E+000
  0.49327250E+000
  0.49316452E+000
  0.49307683E+000
  0.49300578E+000
  0.49294830E+000
  0.49290198E+000
  0.49286471E+000
  0.49283487E+000
  0.49281121E+000
  0.49279248E+000
  0.49277783E+000
  0.49276658E+000
  0.49275809E+000
  0.49275188E+000
  0.49274757E+000
  0.49274480E+000
  0.49274330E+000
  0.49274281E+000
  0.49274317E+000
  0.49274419E+000
  0.49274575E+000
  0.49274771E+000
  0.49274999E+000
  0.49275251E+000
  0.49275520E+000
  0.49275799E+000
  0.49276086E+000
  0.49276374E+000
  0.49276663E+000
  0.49276948E+000
  0.49277227E+000
  0.49277499E+000
  0.49277762E+000
  0.49278016E+000
  0.49278258E+000
  0.49278489E+000
  0.49278708E+000
  0.49278915E+000
  0.49279108E+000
  0.49279290E+000
  0.49279458E+000
  0.49279614E+000
  0.49279759E+000
  0.49279892E+000
  0.49280014E+000
  0.49280127E+000
  0.49280230E+000
  0.49280327E+000
  0.49280416E+000
  0.49280500E+000
  0.49280579E+000
  0.49280654E+000
  0.49280727E+000
  0.49280799E+000
  0.49280870E+000
  0.49280941E+000
  0.49281012E+000
  0.49281084E+000
  0.49281158E+000
  0.49281234E+000
  0.49281312E+000
  0.49281392E+000
  0.49281474E+000
  0.49281558E+000
  0.49281644E+000
  0.49281732E+000
  0.49281822E+000
  0.49281914E+000
  0.49282007E+000
  0.49282101E+000
  0.49282196E+000
  0.49282291E+000
  0.49282387E+000
  0.49282483E+000
  0.49282579E+000
  0.49282674E+000
  0.49282768E+000
  0.49282861E+000
  0.49282953E+000
  0.49283043E+000
  0.49283132E+000
  0.49283219E+000
  0.49283304E+000
  0.49283386E+000
  0.49283466E+000
  0.49283543E+000
  0.49283618E+000
  0.49283690E+000
  0.49283759E+000
  0.49283826E+000
  0.49283889E+000
  0.49283950E+000
  0.49284008E+000
  0.49284063E+000
  0.49284116E+000
  0.49284165E+000
  0.49284213E+000
  0.49284257E+000
  0.49284300E+000
  0.49284340E+000
  0.49284377E+000
  0.49284413E+000
  0.49284447E+000
  0.49284478E+000
  0.49284508E+000
  0.49284536E+000
  0.49284563E+000
  0.49284588E+000
  0.49284611E+000
  0.49284634E+000
  0.49284655E+000
  0.49284675E+000
  0.49284694E+000
  0.49284712E+000
  0.49284729E+000
  0.49284745E+000
  0.49284760E+000
  0.49284775E+000
  0.49284789E+000
  0.49284802E+000
  0.49284815E+000
  0.49284827E+000
  0.49284838E+000
  0.49284849E+000
  0.49284860E+000
  0.49284870E+000
  0.49284880E+000
  0.49284889E+000
  0.49284899E+000
  0.49284907E+000
  0.49284916E+000
  0.49284924E+000
  0.49284932E+000
  0.49284939E+000
  0.49284947E+000
  0.49284954E+000
  0.49284961E+000
  0.49284967E+000
  0.49284974E+000
  0.49284980E+000
  0.49284986E+000
  0.49284992E+000
  0.49284997E+000
  0.49285003E+000
  0.49285008E+000
  0.49285013E+000
  0.49285019E+000
  0.49285023E+000
  0.49285028E+000
  0.49285033E+000
  0.49285037E+000
  0.49285042E+000
  0.49285046E+000
  0.49285050E+000
  0.49285054E+000
  0.49285058E+000
  0.49285062E+000
  0.49285065E+000
  0.49285069E+000
  0.49285073E+000
  0.49285076E+000
  0.49285079E+000
  0.49285082E+000
  0.49285086E+000
  0.49285089E+000
  0.49285092E+000
  0.49285094E+000
  0.49285097E+000
  0.49285100E+000
  0.49285103E+000
  0.49285105E+000
  0.49285108E+000
  0.49285110E+000
  0.49285112E+000
  0.49285114E+000
  0.49285117E+000
  0.49285119E+000
  0.49285121E+000
  0.49285123E+000
  0.49285124E+000
  0.49285126E+000
  0.49285128E+000
  0.49285130E+000
  0.49285131E+000
  0.49285133E+000
  0.49285134E+000
  0.49285136E+000
  0.49285137E+000
  0.49285139E+000
  0.49285140E+000
  0.49285141E+000
  0.49285143E+000
  0.49285144E+000
  0.49285147E+000
  0.49285151E+000
