  0.15272908E+001
  0.15219510E+001
  0.15200846E+001
  0.15184722E+001
  0.15172080E+001
  0.15161826E+001
  0.15153392E+001
  0.15146408E+001
  0.15140612E+001
  0.15135791E+001
  0.15131777E+001
  0.15128428E+001
  0.15125637E+001
  0.15123309E+001
  0.15121364E+001
  0.15119738E+001
  0.15118383E+001
  0.15117252E+001
  0.15116312E+001
  0.15115532E+001
  0.15114886E+001
  0.15114354E+001
  0.15113916E+001
  0.15113559E+001
  0.15113268E+001
  0.15113033E+001
  0.15112844E+001
  0.15112693E+001
  0.15112574E+001
  0.15112480E+001
  0.15112406E+001
  0.15112350E+001
  0.15112306E+001
  0.15112272E+001
  0.15112246E+001
  0.15112226E+001
  0.15112210E+001
  0.15112198E+001
  0.15112187E+001
  0.15112178E+001
  0.15112169E+001
  0.15112161E+001
  0.15112153E+001
  0.15112145E+001
  0.15112138E+001
  0.15112131E+001
  0.15112124E+001
  0.15112117E+001
  0.15112111E+001
  0.15112107E+001
  0.15112103E+001
  0.15112101E+001
  0.15112101E+001
  0.15112103E+001
  0.15112108E+001
  0.15112116E+001
  0.15112126E+001
  0.15112140E+001
  0.15112156E+001
  0.15112177E+001
  0.15112201E+001
  0.15112228E+001
  0.15112259E+001
  0.15112294E+001
  0.15112333E+001
  0.15112374E+001
  0.15112419E+001
  0.15112467E+001
  0.15112518E+001
  0.15112572E+001
  0.15112628E+001
  0.15112687E+001
  0.15112747E+001
  0.15112810E+001
  0.15112873E+001
  0.15112938E+001
  0.15113003E+001
  0.15113069E+001
  0.15113135E+001
  0.15113201E+001
  0.15113266E+001
  0.15113331E+001
  0.15113395E+001
  0.15113457E+001
  0.15113519E+001
  0.15113578E+001
  0.15113636E+001
  0.15113692E+001
  0.15113746E+001
  0.15113797E+001
  0.15113846E+001
  0.15113893E+001
  0.15113937E+001
  0.15113979E+001
  0.15114018E+001
  0.15114055E+001
  0.15114089E+001
  0.15114120E+001
  0.15114150E+001
  0.15114176E+001
  0.15114201E+001
  0.15114223E+001
  0.15114243E+001
  0.15114261E+001
  0.15114277E+001
  0.15114292E+001
  0.15114304E+001
  0.15114315E+001
  0.15114325E+001
  0.15114333E+001
  0.15114340E+001
  0.15114346E+001
  0.15114351E+001
  0.15114354E+001
  0.15114357E+001
  0.15114359E+001
  0.15114361E+001
  0.15114361E+001
  0.15114362E+001
  0.15114361E+001
  0.15114360E+001
  0.15114359E+001
  0.15114357E+001
  0.15114355E+001
  0.15114353E+001
  0.15114350E+001
  0.15114347E+001
  0.15114344E+001
  0.15114341E+001
  0.15114337E+001
  0.15114334E+001
  0.15114330E+001
  0.15114326E+001
  0.15114322E+001
  0.15114317E+001
  0.15114313E+001
  0.15114308E+001
  0.15114303E+001
  0.15114298E+001
  0.15114293E+001
  0.15114288E+001
  0.15114282E+001
  0.15114277E+001
  0.15114271E+001
  0.15114265E+001
  0.15114259E+001
  0.15114253E+001
  0.15114247E+001
  0.15114241E+001
  0.15114234E+001
  0.15114227E+001
  0.15114221E+001
  0.15114214E+001
  0.15114207E+001
  0.15114200E+001
  0.15114192E+001
  0.15114185E+001
  0.15114177E+001
  0.15114170E+001
  0.15114162E+001
  0.15114154E+001
  0.15114146E+001
  0.15114139E+001
  0.15114130E+001
  0.15114122E+001
  0.15114114E+001
  0.15114106E+001
  0.15114098E+001
  0.15114090E+001
  0.15114081E+001
  0.15114073E+001
  0.15114065E+001
  0.15114056E+001
  0.15114048E+001
  0.15114040E+001
  0.15114031E+001
  0.15114023E+001
  0.15114015E+001
  0.15114006E+001
  0.15113998E+001
  0.15113990E+001
  0.15113982E+001
  0.15113974E+001
  0.15113966E+001
  0.15113958E+001
  0.15113950E+001
  0.15113942E+001
  0.15113934E+001
  0.15113927E+001
  0.15113919E+001
  0.15113912E+001
  0.15113905E+001
  0.15113897E+001
  0.15113890E+001
  0.15113883E+001
  0.15113876E+001
  0.15113870E+001
  0.15113864E+001
  0.15113858E+001
  0.15113853E+001
