 -0.47077723E-001  0.61853225E-001  0.14542415E+001  0.42332906E+002
 -0.46694254E-001  0.62285121E-001  0.14569945E+001  0.42338148E+002
 -0.46503116E-001  0.62433995E-001  0.14585575E+001  0.42341798E+002
 -0.46381643E-001  0.62527000E-001  0.14597223E+001  0.42344807E+002
 -0.46312523E-001  0.62580473E-001  0.14605657E+001  0.42347248E+002
 -0.46280070E-001  0.62608795E-001  0.14611742E+001  0.42349226E+002
 -0.46273769E-001  0.62619816E-001  0.14616033E+001  0.42350816E+002
 -0.46286108E-001  0.62618539E-001  0.14618928E+001  0.42352083E+002
 -0.46311503E-001  0.62608387E-001  0.14620725E+001  0.42353079E+002
 -0.46345719E-001  0.62591998E-001  0.14621657E+001  0.42353850E+002
 -0.46385557E-001  0.62571763E-001  0.14621913E+001  0.42354431E+002
 -0.46428614E-001  0.62549391E-001  0.14621633E+001  0.42354856E+002
 -0.46473094E-001  0.62525721E-001  0.14620932E+001  0.42355149E+002
 -0.46517652E-001  0.62501680E-001  0.14619897E+001  0.42355334E+002
 -0.46561325E-001  0.62477420E-001  0.14618606E+001  0.42355430E+002
 -0.46603443E-001  0.62453249E-001  0.14617118E+001  0.42355451E+002
 -0.46643554E-001  0.62429432E-001  0.14615479E+001  0.42355411E+002
 -0.46681368E-001  0.62406167E-001  0.14613728E+001  0.42355321E+002
 -0.46716721E-001  0.62383595E-001  0.14611896E+001  0.42355191E+002
 -0.46749543E-001  0.62361806E-001  0.14610007E+001  0.42355027E+002
 -0.46779831E-001  0.62340859E-001  0.14608082E+001  0.42354837E+002
 -0.46807638E-001  0.62320779E-001  0.14606137E+001  0.42354627E+002
 -0.46833046E-001  0.62301573E-001  0.14604184E+001  0.42354400E+002
 -0.46856172E-001  0.62283224E-001  0.14602234E+001  0.42354162E+002
 -0.46877140E-001  0.62265708E-001  0.14600295E+001  0.42353916E+002
 -0.46896089E-001  0.62248992E-001  0.14598375E+001  0.42353664E+002
 -0.46913160E-001  0.62233031E-001  0.14596479E+001  0.42353410E+002
 -0.46928503E-001  0.62217772E-001  0.14594612E+001  0.42353155E+002
 -0.46942260E-001  0.62203169E-001  0.14592778E+001  0.42352902E+002
 -0.46954571E-001  0.62189173E-001  0.14590980E+001  0.42352651E+002
 -0.46965574E-001  0.62175732E-001  0.14589220E+001  0.42352406E+002
 -0.46975399E-001  0.62162800E-001  0.14587503E+001  0.42352166E+002
 -0.46984168E-001  0.62150337E-001  0.14585830E+001  0.42351932E+002
 -0.46992000E-001  0.62138304E-001  0.14584204E+001  0.42351706E+002
 -0.46999000E-001  0.62126669E-001  0.14582627E+001  0.42351487E+002
 -0.47005267E-001  0.62115409E-001  0.14581100E+001  0.42351277E+002
 -0.47010891E-001  0.62104507E-001  0.14579627E+001  0.42351075E+002
 -0.47015952E-001  0.62093952E-001  0.14578208E+001  0.42350882E+002
 -0.47020525E-001  0.62083739E-001  0.14576846E+001  0.42350698E+002
 -0.47024671E-001  0.62073873E-001  0.14575541E+001  0.42350523E+002
 -0.47028446E-001  0.62064359E-001  0.14574295E+001  0.42350356E+002
 -0.47031899E-001  0.62055207E-001  0.14573109E+001  0.42350197E+002
 -0.47035071E-001  0.62046427E-001  0.14571982E+001  0.42350045E+002
 -0.47037996E-001  0.62038033E-001  0.14570915E+001  0.42349901E+002
 -0.47040705E-001  0.62030029E-001  0.14569906E+001  0.42349763E+002
 -0.47043219E-001  0.62022423E-001  0.14568955E+001  0.42349631E+002
 -0.47045561E-001  0.62015211E-001  0.14568058E+001  0.42349505E+002
 -0.47047748E-001  0.62008386E-001  0.14567214E+001  0.42349383E+002
 -0.47049793E-001  0.62001936E-001  0.14566420E+001  0.42349265E+002
 -0.47051708E-001  0.61995839E-001  0.14565671E+001  0.42349150E+002
 -0.47053504E-001  0.61990070E-001  0.14564964E+001  0.42349037E+002
 -0.47055191E-001  0.61984600E-001  0.14564295E+001  0.42348925E+002
 -0.47056775E-001  0.61979393E-001  0.14563659E+001  0.42348814E+002
 -0.47058266E-001  0.61974418E-001  0.14563052E+001  0.42348704E+002
 -0.47059669E-001  0.61969637E-001  0.14562470E+001  0.42348592E+002
 -0.47060993E-001  0.61965019E-001  0.14561909E+001  0.42348480E+002
 -0.47062242E-001  0.61960533E-001  0.14561365E+001  0.42348366E+002
 -0.47063424E-001  0.61956152E-001  0.14560835E+001  0.42348250E+002
 -0.47064543E-001  0.61951852E-001  0.14560316E+001  0.42348131E+002
 -0.47065605E-001  0.61947614E-001  0.14559805E+001  0.42348009E+002
 -0.47066613E-001  0.61943425E-001  0.14559301E+001  0.42347884E+002
 -0.47067572E-001  0.61939271E-001  0.14558801E+001  0.42347755E+002
 -0.47068484E-001  0.61935148E-001  0.14558305E+001  0.42347622E+002
 -0.47069354E-001  0.61931049E-001  0.14557811E+001  0.42347486E+002
 -0.47070182E-001  0.61926975E-001  0.14557320E+001  0.42347346E+002
 -0.47070971E-001  0.61922925E-001  0.14556830E+001  0.42347202E+002
 -0.47071722E-001  0.61918904E-001  0.14556341E+001  0.42347055E+002
 -0.47072436E-001  0.61914916E-001  0.14555855E+001  0.42346904E+002
 -0.47073115E-001  0.61910967E-001  0.14555371E+001  0.42346749E+002
 -0.47073758E-001  0.61907062E-001  0.14554889E+001  0.42346591E+002
 -0.47074366E-001  0.61903212E-001  0.14554410E+001  0.42346430E+002
 -0.47074941E-001  0.61899422E-001  0.14553935E+001  0.42346267E+002
 -0.47075481E-001  0.61895701E-001  0.14553465E+001  0.42346101E+002
 -0.47075988E-001  0.61892060E-001  0.14552999E+001  0.42345933E+002
 -0.47076462E-001  0.61888505E-001  0.14552540E+001  0.42345764E+002
 -0.47076903E-001  0.61885046E-001  0.14552087E+001  0.42345593E+002
 -0.47077311E-001  0.61881691E-001  0.14551641E+001  0.42345421E+002
 -0.47077687E-001  0.61878448E-001  0.14551204E+001  0.42345249E+002
 -0.47078032E-001  0.61875325E-001  0.14550775E+001  0.42345077E+002
 -0.47078346E-001  0.61872328E-001  0.14550355E+001  0.42344905E+002
 -0.47078629E-001  0.61869462E-001  0.14549946E+001  0.42344734E+002
 -0.47078884E-001  0.61866734E-001  0.14549547E+001  0.42344565E+002
 -0.47079111E-001  0.61864147E-001  0.14549159E+001  0.42344397E+002
 -0.47079311E-001  0.61861706E-001  0.14548783E+001  0.42344230E+002
 -0.47079485E-001  0.61859412E-001  0.14548418E+001  0.42344067E+002
 -0.47079634E-001  0.61857270E-001  0.14548066E+001  0.42343905E+002
 -0.47079758E-001  0.61855279E-001  0.14547726E+001  0.42343747E+002
 -0.47079859E-001  0.61853439E-001  0.14547399E+001  0.42343592E+002
 -0.47079940E-001  0.61851749E-001  0.14547085E+001  0.42343441E+002
 -0.47080001E-001  0.61850208E-001  0.14546783E+001  0.42343293E+002
 -0.47080044E-001  0.61848812E-001  0.14546494E+001  0.42343149E+002
 -0.47080071E-001  0.61847558E-001  0.14546218E+001  0.42343010E+002
 -0.47080083E-001  0.61846443E-001  0.14545954E+001  0.42342874E+002
 -0.47080080E-001  0.61845463E-001  0.14545703E+001  0.42342743E+002
 -0.47080064E-001  0.61844611E-001  0.14545465E+001  0.42342617E+002
 -0.47080037E-001  0.61843884E-001  0.14545238E+001  0.42342495E+002
 -0.47080001E-001  0.61843273E-001  0.14545024E+001  0.42342377E+002
 -0.47079955E-001  0.61842774E-001  0.14544821E+001  0.42342264E+002
 -0.47079903E-001  0.61842378E-001  0.14544629E+001  0.42342155E+002
 -0.47079844E-001  0.61842080E-001  0.14544448E+001  0.42342050E+002
 -0.47079780E-001  0.61841872E-001  0.14544278E+001  0.42341950E+002
 -0.47079712E-001  0.61841748E-001  0.14544118E+001  0.42341853E+002
 -0.47079640E-001  0.61841700E-001  0.14543968E+001  0.42341761E+002
 -0.47079567E-001  0.61841721E-001  0.14543828E+001  0.42341673E+002
 -0.47079491E-001  0.61841805E-001  0.14543697E+001  0.42341588E+002
 -0.47079415E-001  0.61841944E-001  0.14543575E+001  0.42341507E+002
 -0.47079338E-001  0.61842133E-001  0.14543461E+001  0.42341429E+002
 -0.47079262E-001  0.61842365E-001  0.14543355E+001  0.42341354E+002
 -0.47079186E-001  0.61842634E-001  0.14543257E+001  0.42341282E+002
 -0.47079111E-001  0.61842935E-001  0.14543167E+001  0.42341213E+002
 -0.47079038E-001  0.61843262E-001  0.14543083E+001  0.42341146E+002
 -0.47078967E-001  0.61843610E-001  0.14543006E+001  0.42341082E+002
 -0.47078897E-001  0.61843974E-001  0.14542935E+001  0.42341020E+002
 -0.47078830E-001  0.61844351E-001  0.14542871E+001  0.42340960E+002
 -0.47078765E-001  0.61844737E-001  0.14542811E+001  0.42340902E+002
 -0.47078702E-001  0.61845128E-001  0.14542758E+001  0.42340845E+002
 -0.47078642E-001  0.61845520E-001  0.14542709E+001  0.42340790E+002
 -0.47078585E-001  0.61845912E-001  0.14542665E+001  0.42340736E+002
 -0.47078530E-001  0.61846300E-001  0.14542625E+001  0.42340683E+002
 -0.47078477E-001  0.61846683E-001  0.14542590E+001  0.42340631E+002
 -0.47078427E-001  0.61847058E-001  0.14542558E+001  0.42340580E+002
 -0.47078379E-001  0.61847424E-001  0.14542530E+001  0.42340530E+002
 -0.47078334E-001  0.61847779E-001  0.14542505E+001  0.42340480E+002
 -0.47078291E-001  0.61848123E-001  0.14542484E+001  0.42340431E+002
 -0.47078250E-001  0.61848455E-001  0.14542465E+001  0.42340381E+002
 -0.47078212E-001  0.61848774E-001  0.14542449E+001  0.42340332E+002
 -0.47078175E-001  0.61849079E-001  0.14542435E+001  0.42340283E+002
 -0.47078141E-001  0.61849370E-001  0.14542423E+001  0.42340234E+002
 -0.47078109E-001  0.61849647E-001  0.14542414E+001  0.42340184E+002
 -0.47078078E-001  0.61849910E-001  0.14542406E+001  0.42340134E+002
 -0.47078050E-001  0.61850159E-001  0.14542400E+001  0.42340084E+002
 -0.47078023E-001  0.61850393E-001  0.14542395E+001  0.42340034E+002
 -0.47077998E-001  0.61850614E-001  0.14542391E+001  0.42339982E+002
 -0.47077974E-001  0.61850822E-001  0.14542389E+001  0.42339930E+002
 -0.47077952E-001  0.61851017E-001  0.14542387E+001  0.42339877E+002
 -0.47077932E-001  0.61851199E-001  0.14542387E+001  0.42339824E+002
 -0.47077913E-001  0.61851368E-001  0.14542387E+001  0.42339769E+002
 -0.47077895E-001  0.61851526E-001  0.14542387E+001  0.42339714E+002
 -0.47077879E-001  0.61851673E-001  0.14542388E+001  0.42339657E+002
 -0.47077864E-001  0.61851809E-001  0.14542390E+001  0.42339600E+002
 -0.47077850E-001  0.61851934E-001  0.14542392E+001  0.42339541E+002
 -0.47077837E-001  0.61852050E-001  0.14542394E+001  0.42339481E+002
 -0.47077825E-001  0.61852156E-001  0.14542396E+001  0.42339420E+002
 -0.47077815E-001  0.61852254E-001  0.14542398E+001  0.42339358E+002
 -0.47077805E-001  0.61852343E-001  0.14542401E+001  0.42339294E+002
 -0.47077796E-001  0.61852425E-001  0.14542403E+001  0.42339230E+002
 -0.47077788E-001  0.61852499E-001  0.14542405E+001  0.42339164E+002
 -0.47077781E-001  0.61852567E-001  0.14542407E+001  0.42339096E+002
 -0.47077774E-001  0.61852628E-001  0.14542409E+001  0.42339028E+002
 -0.47077769E-001  0.61852683E-001  0.14542411E+001  0.42338958E+002
 -0.47077763E-001  0.61852732E-001  0.14542413E+001  0.42338887E+002
 -0.47077759E-001  0.61852777E-001  0.14542414E+001  0.42338814E+002
 -0.47077755E-001  0.61852816E-001  0.14542416E+001  0.42338740E+002
 -0.47077752E-001  0.61852852E-001  0.14542417E+001  0.42338666E+002
 -0.47077749E-001  0.61852883E-001  0.14542418E+001  0.42338590E+002
 -0.47077746E-001  0.61852910E-001  0.14542419E+001  0.42338512E+002
 -0.47077744E-001  0.61852935E-001  0.14542420E+001  0.42338434E+002
 -0.47077742E-001  0.61852956E-001  0.14542420E+001  0.42338355E+002
 -0.47077741E-001  0.61852974E-001  0.14542421E+001  0.42338274E+002
 -0.47077740E-001  0.61852989E-001  0.14542421E+001  0.42338193E+002
 -0.47077739E-001  0.61853003E-001  0.14542421E+001  0.42338111E+002
 -0.47077739E-001  0.61853014E-001  0.14542421E+001  0.42338027E+002
 -0.47077738E-001  0.61853024E-001  0.14542420E+001  0.42337944E+002
 -0.47077738E-001  0.61853031E-001  0.14542420E+001  0.42337859E+002
 -0.47077738E-001  0.61853038E-001  0.14542419E+001  0.42337774E+002
 -0.47077738E-001  0.61853043E-001  0.14542419E+001  0.42337688E+002
 -0.47077739E-001  0.61853047E-001  0.14542418E+001  0.42337601E+002
 -0.47077739E-001  0.61853050E-001  0.14542417E+001  0.42337515E+002
 -0.47077740E-001  0.61853052E-001  0.14542417E+001  0.42337427E+002
 -0.47077740E-001  0.61853053E-001  0.14542416E+001  0.42337340E+002
 -0.47077741E-001  0.61853054E-001  0.14542415E+001  0.42337252E+002
 -0.47077741E-001  0.61853055E-001  0.14542414E+001  0.42337164E+002
 -0.47077742E-001  0.61853055E-001  0.14542413E+001  0.42337076E+002
 -0.47077743E-001  0.61853055E-001  0.14542412E+001  0.42336989E+002
 -0.47077743E-001  0.61853054E-001  0.14542411E+001  0.42336901E+002
 -0.47077744E-001  0.61853054E-001  0.14542410E+001  0.42336813E+002
 -0.47077745E-001  0.61853053E-001  0.14542409E+001  0.42336726E+002
 -0.47077745E-001  0.61853052E-001  0.14542408E+001  0.42336639E+002
 -0.47077746E-001  0.61853051E-001  0.14542407E+001  0.42336552E+002
 -0.47077746E-001  0.61853050E-001  0.14542407E+001  0.42336466E+002
 -0.47077747E-001  0.61853050E-001  0.14542406E+001  0.42336380E+002
 -0.47077747E-001  0.61853049E-001  0.14542405E+001  0.42336295E+002
 -0.47077748E-001  0.61853048E-001  0.14542404E+001  0.42336210E+002
 -0.47077748E-001  0.61853047E-001  0.14542403E+001  0.42336126E+002
 -0.47077748E-001  0.61853047E-001  0.14542403E+001  0.42336043E+002
 -0.47077749E-001  0.61853046E-001  0.14542402E+001  0.42335961E+002
 -0.47077749E-001  0.61853045E-001  0.14542401E+001  0.42335879E+002
 -0.47077749E-001  0.61853045E-001  0.14542401E+001  0.42335799E+002
 -0.47077750E-001  0.61853044E-001  0.14542400E+001  0.42335719E+002
 -0.47077750E-001  0.61853043E-001  0.14542399E+001  0.42335641E+002
 -0.47077751E-001  0.61853043E-001  0.14542399E+001  0.42335563E+002
 -0.47077751E-001  0.61853042E-001  0.14542398E+001  0.42335486E+002
 -0.47077752E-001  0.61853041E-001  0.14542397E+001  0.42335411E+002
 -0.47077753E-001  0.61853040E-001  0.14542397E+001  0.42335337E+002
 -0.47077755E-001  0.61853039E-001  0.14542396E+001  0.42335264E+002
 -0.47077758E-001  0.61853038E-001  0.14542395E+001  0.42335192E+002
 -0.47077762E-001  0.61853037E-001  0.14542394E+001  0.42335121E+002
 -0.47077767E-001  0.61853037E-001  0.14542394E+001  0.42335052E+002
 -0.47077777E-001  0.61853035E-001  0.14542393E+001  0.42334984E+002
 -0.47077768E-001  0.61853057E-001  0.14542396E+001  0.42334918E+002
