  0.10950479E+002
  0.10952682E+002
  0.10954070E+002
  0.10955167E+002
  0.10956019E+002
  0.10956681E+002
  0.10957190E+002
  0.10957576E+002
  0.10957861E+002
  0.10958064E+002
  0.10958201E+002
  0.10958284E+002
  0.10958322E+002
  0.10958326E+002
  0.10958300E+002
  0.10958252E+002
  0.10958185E+002
  0.10958103E+002
  0.10958010E+002
  0.10957909E+002
  0.10957800E+002
  0.10957687E+002
  0.10957570E+002
  0.10957452E+002
  0.10957332E+002
  0.10957212E+002
  0.10957093E+002
  0.10956975E+002
  0.10956859E+002
  0.10956745E+002
  0.10956633E+002
  0.10956525E+002
  0.10956419E+002
  0.10956317E+002
  0.10956218E+002
  0.10956123E+002
  0.10956032E+002
  0.10955944E+002
  0.10955860E+002
  0.10955780E+002
  0.10955704E+002
  0.10955631E+002
  0.10955562E+002
  0.10955497E+002
  0.10955434E+002
  0.10955375E+002
  0.10955319E+002
  0.10955265E+002
  0.10955213E+002
  0.10955164E+002
  0.10955116E+002
  0.10955070E+002
  0.10955024E+002
  0.10954980E+002
  0.10954936E+002
  0.10954892E+002
  0.10954849E+002
  0.10954805E+002
  0.10954761E+002
  0.10954717E+002
  0.10954671E+002
  0.10954625E+002
  0.10954579E+002
  0.10954531E+002
  0.10954482E+002
  0.10954433E+002
  0.10954383E+002
  0.10954332E+002
  0.10954280E+002
  0.10954227E+002
  0.10954174E+002
  0.10954120E+002
  0.10954066E+002
  0.10954011E+002
  0.10953956E+002
  0.10953901E+002
  0.10953846E+002
  0.10953791E+002
  0.10953737E+002
  0.10953682E+002
  0.10953629E+002
  0.10953576E+002
  0.10953523E+002
  0.10953471E+002
  0.10953421E+002
  0.10953371E+002
  0.10953323E+002
  0.10953275E+002
  0.10953229E+002
  0.10953184E+002
  0.10953141E+002
  0.10953098E+002
  0.10953058E+002
  0.10953018E+002
  0.10952981E+002
  0.10952944E+002
  0.10952909E+002
  0.10952876E+002
  0.10952844E+002
  0.10952813E+002
  0.10952784E+002
  0.10952756E+002
  0.10952729E+002
  0.10952703E+002
  0.10952679E+002
  0.10952655E+002
  0.10952633E+002
  0.10952612E+002
  0.10952591E+002
  0.10952572E+002
  0.10952553E+002
  0.10952535E+002
  0.10952518E+002
  0.10952502E+002
  0.10952486E+002
  0.10952470E+002
  0.10952456E+002
  0.10952441E+002
  0.10952427E+002
  0.10952413E+002
  0.10952400E+002
  0.10952387E+002
  0.10952374E+002
  0.10952361E+002
  0.10952348E+002
  0.10952336E+002
  0.10952323E+002
  0.10952311E+002
  0.10952298E+002
  0.10952285E+002
  0.10952273E+002
  0.10952260E+002
  0.10952247E+002
  0.10952234E+002
  0.10952221E+002
  0.10952208E+002
  0.10952194E+002
  0.10952180E+002
  0.10952166E+002
  0.10952152E+002
  0.10952137E+002
  0.10952122E+002
  0.10952107E+002
  0.10952092E+002
  0.10952076E+002
  0.10952060E+002
  0.10952043E+002
  0.10952027E+002
  0.10952010E+002
  0.10951992E+002
  0.10951974E+002
  0.10951956E+002
  0.10951938E+002
  0.10951919E+002
  0.10951900E+002
  0.10951881E+002
  0.10951861E+002
  0.10951842E+002
  0.10951822E+002
  0.10951801E+002
  0.10951781E+002
  0.10951760E+002
  0.10951739E+002
  0.10951718E+002
  0.10951696E+002
  0.10951675E+002
  0.10951653E+002
  0.10951632E+002
  0.10951610E+002
  0.10951588E+002
  0.10951566E+002
  0.10951544E+002
  0.10951522E+002
  0.10951500E+002
  0.10951478E+002
  0.10951456E+002
  0.10951434E+002
  0.10951412E+002
  0.10951391E+002
  0.10951369E+002
  0.10951348E+002
  0.10951326E+002
  0.10951305E+002
  0.10951284E+002
  0.10951263E+002
  0.10951243E+002
  0.10951222E+002
  0.10951202E+002
  0.10951182E+002
  0.10951163E+002
  0.10951143E+002
  0.10951124E+002
  0.10951105E+002
  0.10951087E+002
  0.10951068E+002
  0.10951050E+002
  0.10951033E+002
  0.10951015E+002
  0.10950998E+002
  0.10950982E+002
