  0.37555754E+000
  0.37552155E+000
  0.37549171E+000
  0.37546789E+000
  0.37544941E+000
  0.37543500E+000
  0.37542358E+000
  0.37541432E+000
  0.37540674E+000
  0.37540052E+000
  0.37539544E+000
  0.37539132E+000
  0.37538804E+000
  0.37538547E+000
  0.37538353E+000
  0.37538214E+000
  0.37538122E+000
  0.37538073E+000
  0.37538061E+000
  0.37538081E+000
  0.37538131E+000
  0.37538208E+000
  0.37538307E+000
  0.37538428E+000
  0.37538568E+000
  0.37538725E+000
  0.37538899E+000
  0.37539087E+000
  0.37539289E+000
  0.37539503E+000
  0.37539729E+000
  0.37539967E+000
  0.37540215E+000
  0.37540473E+000
  0.37540741E+000
  0.37541018E+000
  0.37541304E+000
  0.37541599E+000
  0.37541901E+000
  0.37542212E+000
  0.37542531E+000
  0.37542857E+000
  0.37543190E+000
  0.37543531E+000
  0.37543878E+000
  0.37544231E+000
  0.37544591E+000
  0.37544957E+000
  0.37545329E+000
  0.37545705E+000
  0.37546087E+000
  0.37546473E+000
  0.37546863E+000
  0.37547257E+000
  0.37547653E+000
  0.37548052E+000
  0.37548453E+000
  0.37548855E+000
  0.37549257E+000
  0.37549660E+000
  0.37550061E+000
  0.37550460E+000
  0.37550856E+000
  0.37551249E+000
  0.37551638E+000
  0.37552021E+000
  0.37552399E+000
  0.37552769E+000
  0.37553131E+000
  0.37553485E+000
  0.37553829E+000
  0.37554163E+000
  0.37554485E+000
  0.37554796E+000
  0.37555093E+000
  0.37555378E+000
  0.37555648E+000
  0.37555904E+000
  0.37556145E+000
  0.37556371E+000
  0.37556581E+000
  0.37556776E+000
  0.37556954E+000
  0.37557117E+000
  0.37557263E+000
  0.37557394E+000
  0.37557510E+000
  0.37557610E+000
  0.37557695E+000
  0.37557765E+000
  0.37557822E+000
  0.37557866E+000
  0.37557897E+000
  0.37557916E+000
  0.37557923E+000
  0.37557921E+000
  0.37557908E+000
  0.37557887E+000
  0.37557857E+000
  0.37557820E+000
  0.37557777E+000
  0.37557728E+000
  0.37557674E+000
  0.37557616E+000
  0.37557554E+000
  0.37557490E+000
  0.37557423E+000
  0.37557355E+000
  0.37557286E+000
  0.37557216E+000
  0.37557146E+000
  0.37557077E+000
  0.37557008E+000
  0.37556941E+000
  0.37556874E+000
  0.37556810E+000
  0.37556747E+000
  0.37556686E+000
  0.37556628E+000
  0.37556572E+000
  0.37556518E+000
  0.37556466E+000
  0.37556417E+000
  0.37556370E+000
  0.37556326E+000
  0.37556284E+000
  0.37556245E+000
  0.37556207E+000
  0.37556172E+000
  0.37556140E+000
  0.37556109E+000
  0.37556080E+000
  0.37556054E+000
  0.37556029E+000
  0.37556006E+000
  0.37555985E+000
  0.37555965E+000
  0.37555947E+000
  0.37555930E+000
  0.37555914E+000
  0.37555900E+000
  0.37555887E+000
  0.37555875E+000
  0.37555864E+000
  0.37555855E+000
  0.37555846E+000
  0.37555838E+000
  0.37555830E+000
  0.37555824E+000
  0.37555818E+000
  0.37555812E+000
  0.37555808E+000
  0.37555803E+000
  0.37555800E+000
  0.37555796E+000
  0.37555794E+000
  0.37555791E+000
  0.37555789E+000
  0.37555787E+000
  0.37555785E+000
  0.37555784E+000
  0.37555783E+000
  0.37555782E+000
  0.37555781E+000
  0.37555780E+000
  0.37555779E+000
  0.37555779E+000
  0.37555778E+000
  0.37555778E+000
  0.37555778E+000
  0.37555778E+000
  0.37555778E+000
  0.37555777E+000
  0.37555777E+000
  0.37555777E+000
  0.37555777E+000
  0.37555777E+000
  0.37555777E+000
  0.37555777E+000
  0.37555777E+000
  0.37555777E+000
  0.37555777E+000
  0.37555777E+000
  0.37555777E+000
  0.37555777E+000
  0.37555777E+000
  0.37555777E+000
  0.37555777E+000
  0.37555777E+000
  0.37555777E+000
  0.37555777E+000
  0.37555776E+000
  0.37555776E+000
  0.37555776E+000
  0.37555775E+000
  0.37555775E+000
  0.37555774E+000
  0.37555772E+000
  0.37555771E+000
  0.37555769E+000
