  0.28931956E+000
  0.28524425E+000
  0.28620754E+000
  0.28716796E+000
  0.28809661E+000
  0.28873430E+000
  0.28911076E+000
  0.28928825E+000
  0.28937195E+000
  0.28940758E+000
  0.28941835E+000
  0.28941618E+000
  0.28940715E+000
  0.28939437E+000
  0.28937957E+000
  0.28936378E+000
  0.28934767E+000
  0.28933168E+000
  0.28931614E+000
  0.28930129E+000
  0.28928731E+000
  0.28927431E+000
  0.28926239E+000
  0.28925159E+000
  0.28924193E+000
  0.28923342E+000
  0.28922603E+000
  0.28921974E+000
  0.28921451E+000
  0.28921026E+000
  0.28920695E+000
  0.28920452E+000
  0.28920288E+000
  0.28920197E+000
  0.28920171E+000
  0.28920203E+000
  0.28920286E+000
  0.28920412E+000
  0.28920575E+000
  0.28920768E+000
  0.28920985E+000
  0.28921221E+000
  0.28921471E+000
  0.28921731E+000
  0.28921998E+000
  0.28922269E+000
  0.28922542E+000
  0.28922816E+000
  0.28923090E+000
  0.28923365E+000
  0.28923640E+000
  0.28923916E+000
  0.28924194E+000
  0.28924473E+000
  0.28924755E+000
  0.28925040E+000
  0.28925328E+000
  0.28925619E+000
  0.28925914E+000
  0.28926212E+000
  0.28926512E+000
  0.28926815E+000
  0.28927119E+000
  0.28927424E+000
  0.28927730E+000
  0.28928034E+000
  0.28928337E+000
  0.28928638E+000
  0.28928935E+000
  0.28929228E+000
  0.28929516E+000
  0.28929798E+000
  0.28930073E+000
  0.28930341E+000
  0.28930600E+000
  0.28930850E+000
  0.28931090E+000
  0.28931319E+000
  0.28931538E+000
  0.28931745E+000
  0.28931940E+000
  0.28932123E+000
  0.28932294E+000
  0.28932452E+000
  0.28932596E+000
  0.28932729E+000
  0.28932848E+000
  0.28932955E+000
  0.28933049E+000
  0.28933131E+000
  0.28933201E+000
  0.28933260E+000
  0.28933308E+000
  0.28933345E+000
  0.28933373E+000
  0.28933391E+000
  0.28933400E+000
  0.28933402E+000
  0.28933396E+000
  0.28933383E+000
  0.28933364E+000
  0.28933339E+000
  0.28933310E+000
  0.28933277E+000
  0.28933240E+000
  0.28933199E+000
  0.28933157E+000
  0.28933112E+000
  0.28933066E+000
  0.28933019E+000
  0.28932971E+000
  0.28932923E+000
  0.28932875E+000
  0.28932827E+000
  0.28932780E+000
  0.28932734E+000
  0.28932689E+000
  0.28932645E+000
  0.28932603E+000
  0.28932562E+000
  0.28932522E+000
  0.28932485E+000
  0.28932449E+000
  0.28932414E+000
  0.28932382E+000
  0.28932351E+000
  0.28932321E+000
  0.28932294E+000
  0.28932268E+000
  0.28932244E+000
  0.28932221E+000
  0.28932199E+000
  0.28932180E+000
  0.28932161E+000
  0.28932144E+000
  0.28932128E+000
  0.28932113E+000
  0.28932100E+000
  0.28932087E+000
  0.28932075E+000
  0.28932065E+000
  0.28932055E+000
  0.28932046E+000
  0.28932038E+000
  0.28932031E+000
  0.28932024E+000
  0.28932018E+000
  0.28932012E+000
  0.28932007E+000
  0.28932003E+000
  0.28931999E+000
  0.28931995E+000
  0.28931992E+000
  0.28931989E+000
  0.28931987E+000
  0.28931984E+000
  0.28931983E+000
  0.28931981E+000
  0.28931979E+000
  0.28931978E+000
  0.28931977E+000
  0.28931976E+000
  0.28931975E+000
  0.28931975E+000
  0.28931974E+000
  0.28931974E+000
  0.28931973E+000
  0.28931973E+000
  0.28931973E+000
  0.28931972E+000
  0.28931972E+000
  0.28931972E+000
  0.28931972E+000
  0.28931972E+000
  0.28931972E+000
  0.28931972E+000
  0.28931972E+000
  0.28931972E+000
  0.28931972E+000
  0.28931972E+000
  0.28931972E+000
  0.28931972E+000
  0.28931972E+000
  0.28931972E+000
  0.28931972E+000
  0.28931972E+000
  0.28931972E+000
  0.28931972E+000
  0.28931972E+000
  0.28931972E+000
  0.28931972E+000
  0.28931971E+000
  0.28931971E+000
  0.28931971E+000
  0.28931971E+000
  0.28931970E+000
  0.28931970E+000
  0.28931969E+000
  0.28931968E+000
  0.28931967E+000
