  0.23372266E+000
  0.18640049E+000
  0.20166918E+000
  0.20836900E+000
  0.21337942E+000
  0.21700943E+000
  0.21983957E+000
  0.22208422E+000
  0.22389053E+000
  0.22537394E+000
  0.22665592E+000
  0.22774505E+000
  0.22865472E+000
  0.22942300E+000
  0.23005299E+000
  0.23057915E+000
  0.23102286E+000
  0.23139726E+000
  0.23171429E+000
  0.23198352E+000
  0.23221183E+000
  0.23240665E+000
  0.23257200E+000
  0.23271359E+000
  0.23283404E+000
  0.23293668E+000
  0.23302412E+000
  0.23309971E+000
  0.23316458E+000
  0.23321990E+000
  0.23326787E+000
  0.23330943E+000
  0.23334526E+000
  0.23337690E+000
  0.23340474E+000
  0.23342937E+000
  0.23345144E+000
  0.23347144E+000
  0.23348998E+000
  0.23350688E+000
  0.23352276E+000
  0.23353773E+000
  0.23355198E+000
  0.23356537E+000
  0.23357841E+000
  0.23359068E+000
  0.23360253E+000
  0.23361387E+000
  0.23362458E+000
  0.23363486E+000
  0.23364457E+000
  0.23365371E+000
  0.23366240E+000
  0.23367043E+000
  0.23367807E+000
  0.23368519E+000
  0.23369182E+000
  0.23369809E+000
  0.23370395E+000
  0.23370947E+000
  0.23371466E+000
  0.23371959E+000
  0.23372422E+000
  0.23372865E+000
  0.23373281E+000
  0.23373675E+000
  0.23374046E+000
  0.23374397E+000
  0.23374720E+000
  0.23375024E+000
  0.23375301E+000
  0.23375557E+000
  0.23375784E+000
  0.23375985E+000
  0.23376162E+000
  0.23376307E+000
  0.23376425E+000
  0.23376513E+000
  0.23376573E+000
  0.23376604E+000
  0.23376608E+000
  0.23376587E+000
  0.23376542E+000
  0.23376473E+000
  0.23376382E+000
  0.23376268E+000
  0.23376133E+000
  0.23375978E+000
  0.23375810E+000
  0.23375630E+000
  0.23375441E+000
  0.23375245E+000
  0.23375041E+000
  0.23374834E+000
  0.23374621E+000
  0.23374409E+000
  0.23374198E+000
  0.23373991E+000
  0.23373791E+000
  0.23373595E+000
  0.23373407E+000
  0.23373228E+000
  0.23373057E+000
  0.23372898E+000
  0.23372748E+000
  0.23372609E+000
  0.23372481E+000
  0.23372365E+000
  0.23372260E+000
  0.23372165E+000
  0.23372082E+000
  0.23372008E+000
  0.23371944E+000
  0.23371890E+000
  0.23371844E+000
  0.23371806E+000
  0.23371776E+000
  0.23371752E+000
  0.23371735E+000
  0.23371723E+000
  0.23371716E+000
  0.23371713E+000
  0.23371715E+000
  0.23371719E+000
  0.23371727E+000
  0.23371736E+000
  0.23371748E+000
  0.23371761E+000
  0.23371776E+000
  0.23371791E+000
  0.23371807E+000
  0.23371824E+000
  0.23371841E+000
  0.23371858E+000
  0.23371875E+000
  0.23371892E+000
  0.23371908E+000
  0.23371924E+000
  0.23371940E+000
  0.23371956E+000
  0.23371971E+000
  0.23371985E+000
  0.23371999E+000
  0.23372013E+000
  0.23372026E+000
  0.23372039E+000
  0.23372051E+000
  0.23372063E+000
  0.23372074E+000
  0.23372085E+000
  0.23372095E+000
  0.23372105E+000
  0.23372115E+000
  0.23372124E+000
  0.23372133E+000
  0.23372141E+000
  0.23372149E+000
  0.23372157E+000
  0.23372164E+000
  0.23372171E+000
  0.23372178E+000
  0.23372185E+000
  0.23372191E+000
  0.23372197E+000
  0.23372203E+000
  0.23372208E+000
  0.23372213E+000
  0.23372218E+000
  0.23372223E+000
  0.23372227E+000
  0.23372231E+000
  0.23372235E+000
  0.23372239E+000
  0.23372242E+000
  0.23372245E+000
  0.23372248E+000
  0.23372251E+000
  0.23372254E+000
  0.23372256E+000
  0.23372259E+000
  0.23372261E+000
  0.23372263E+000
  0.23372264E+000
  0.23372266E+000
  0.23372267E+000
  0.23372269E+000
  0.23372270E+000
  0.23372271E+000
  0.23372272E+000
  0.23372274E+000
  0.23372275E+000
  0.23372277E+000
  0.23372280E+000
  0.23372283E+000
  0.23372288E+000
  0.23372295E+000
  0.23372307E+000
  0.23372325E+000
  0.23372380E+000
  0.23372364E+000
