  0.52304222E+000
  0.47164474E+000
  0.48787672E+000
  0.49553696E+000
  0.50147602E+000
  0.50574373E+000
  0.50895033E+000
  0.51137247E+000
  0.51326248E+000
  0.51478152E+000
  0.51607427E+000
  0.51716123E+000
  0.51806187E+000
  0.51881737E+000
  0.51943256E+000
  0.51994293E+000
  0.52037053E+000
  0.52072894E+000
  0.52103043E+000
  0.52128481E+000
  0.52149913E+000
  0.52168096E+000
  0.52183439E+000
  0.52196518E+000
  0.52207597E+000
  0.52217010E+000
  0.52225016E+000
  0.52231945E+000
  0.52237909E+000
  0.52243016E+000
  0.52247482E+000
  0.52251395E+000
  0.52254814E+000
  0.52257887E+000
  0.52260645E+000
  0.52263140E+000
  0.52265431E+000
  0.52267556E+000
  0.52269573E+000
  0.52271457E+000
  0.52273262E+000
  0.52274994E+000
  0.52276670E+000
  0.52278268E+000
  0.52279839E+000
  0.52281336E+000
  0.52282795E+000
  0.52284203E+000
  0.52285548E+000
  0.52286851E+000
  0.52288097E+000
  0.52289287E+000
  0.52290434E+000
  0.52291516E+000
  0.52292562E+000
  0.52293559E+000
  0.52294510E+000
  0.52295428E+000
  0.52296309E+000
  0.52297159E+000
  0.52297978E+000
  0.52298774E+000
  0.52299541E+000
  0.52300289E+000
  0.52301010E+000
  0.52301709E+000
  0.52302383E+000
  0.52303034E+000
  0.52303655E+000
  0.52304252E+000
  0.52304817E+000
  0.52305354E+000
  0.52305858E+000
  0.52306325E+000
  0.52306761E+000
  0.52307157E+000
  0.52307515E+000
  0.52307832E+000
  0.52308111E+000
  0.52308349E+000
  0.52308549E+000
  0.52308710E+000
  0.52308836E+000
  0.52308925E+000
  0.52308979E+000
  0.52308996E+000
  0.52308980E+000
  0.52308933E+000
  0.52308859E+000
  0.52308761E+000
  0.52308642E+000
  0.52308505E+000
  0.52308349E+000
  0.52308179E+000
  0.52307994E+000
  0.52307799E+000
  0.52307598E+000
  0.52307393E+000
  0.52307186E+000
  0.52306978E+000
  0.52306771E+000
  0.52306567E+000
  0.52306368E+000
  0.52306174E+000
  0.52305987E+000
  0.52305808E+000
  0.52305638E+000
  0.52305477E+000
  0.52305326E+000
  0.52305184E+000
  0.52305053E+000
  0.52304931E+000
  0.52304819E+000
  0.52304717E+000
  0.52304624E+000
  0.52304540E+000
  0.52304465E+000
  0.52304397E+000
  0.52304338E+000
  0.52304285E+000
  0.52304238E+000
  0.52304198E+000
  0.52304163E+000
  0.52304134E+000
  0.52304108E+000
  0.52304087E+000
  0.52304069E+000
  0.52304055E+000
  0.52304044E+000
  0.52304035E+000
  0.52304028E+000
  0.52304023E+000
  0.52304020E+000
  0.52304019E+000
  0.52304019E+000
  0.52304019E+000
  0.52304021E+000
  0.52304024E+000
  0.52304027E+000
  0.52304031E+000
  0.52304036E+000
  0.52304040E+000
  0.52304046E+000
  0.52304051E+000
  0.52304057E+000
  0.52304063E+000
  0.52304069E+000
  0.52304075E+000
  0.52304081E+000
  0.52304088E+000
  0.52304094E+000
  0.52304100E+000
  0.52304107E+000
  0.52304113E+000
  0.52304119E+000
  0.52304126E+000
  0.52304132E+000
  0.52304138E+000
  0.52304144E+000
  0.52304150E+000
  0.52304155E+000
  0.52304161E+000
  0.52304166E+000
  0.52304171E+000
  0.52304177E+000
  0.52304181E+000
  0.52304186E+000
  0.52304191E+000
  0.52304195E+000
  0.52304199E+000
  0.52304203E+000
  0.52304207E+000
  0.52304211E+000
  0.52304214E+000
  0.52304217E+000
  0.52304220E+000
  0.52304223E+000
  0.52304226E+000
  0.52304228E+000
  0.52304230E+000
  0.52304232E+000
  0.52304234E+000
  0.52304236E+000
  0.52304238E+000
  0.52304239E+000
  0.52304240E+000
  0.52304242E+000
  0.52304243E+000
  0.52304244E+000
  0.52304245E+000
  0.52304247E+000
  0.52304249E+000
  0.52304251E+000
  0.52304254E+000
  0.52304259E+000
  0.52304266E+000
  0.52304277E+000
  0.52304294E+000
  0.52304348E+000
  0.52304331E+000
