  0.52114316E-006
  0.51380241E-006
  0.51553755E-006
  0.51726753E-006
  0.51894028E-006
  0.52008895E-006
  0.52076704E-006
  0.52108675E-006
  0.52123751E-006
  0.52130170E-006
  0.52132111E-006
  0.52131720E-006
  0.52130093E-006
  0.52127791E-006
  0.52125125E-006
  0.52122281E-006
  0.52119379E-006
  0.52116498E-006
  0.52113699E-006
  0.52111025E-006
  0.52108506E-006
  0.52106166E-006
  0.52104017E-006
  0.52102072E-006
  0.52100333E-006
  0.52098800E-006
  0.52097469E-006
  0.52096336E-006
  0.52095392E-006
  0.52094628E-006
  0.52094032E-006
  0.52093593E-006
  0.52093298E-006
  0.52093134E-006
  0.52093088E-006
  0.52093146E-006
  0.52093295E-006
  0.52093522E-006
  0.52093816E-006
  0.52094163E-006
  0.52094555E-006
  0.52094979E-006
  0.52095430E-006
  0.52095898E-006
  0.52096378E-006
  0.52096866E-006
  0.52097358E-006
  0.52097851E-006
  0.52098346E-006
  0.52098841E-006
  0.52099337E-006
  0.52099834E-006
  0.52100334E-006
  0.52100837E-006
  0.52101345E-006
  0.52101858E-006
  0.52102377E-006
  0.52102902E-006
  0.52103432E-006
  0.52103969E-006
  0.52104510E-006
  0.52105055E-006
  0.52105603E-006
  0.52106153E-006
  0.52106703E-006
  0.52107251E-006
  0.52107797E-006
  0.52108338E-006
  0.52108874E-006
  0.52109402E-006
  0.52109920E-006
  0.52110428E-006
  0.52110924E-006
  0.52111406E-006
  0.52111872E-006
  0.52112323E-006
  0.52112755E-006
  0.52113169E-006
  0.52113563E-006
  0.52113936E-006
  0.52114287E-006
  0.52114617E-006
  0.52114924E-006
  0.52115208E-006
  0.52115469E-006
  0.52115707E-006
  0.52115922E-006
  0.52116114E-006
  0.52116284E-006
  0.52116432E-006
  0.52116558E-006
  0.52116664E-006
  0.52116750E-006
  0.52116818E-006
  0.52116867E-006
  0.52116900E-006
  0.52116917E-006
  0.52116919E-006
  0.52116908E-006
  0.52116885E-006
  0.52116851E-006
  0.52116807E-006
  0.52116755E-006
  0.52116694E-006
  0.52116627E-006
  0.52116555E-006
  0.52116478E-006
  0.52116398E-006
  0.52116315E-006
  0.52116230E-006
  0.52116144E-006
  0.52116057E-006
  0.52115971E-006
  0.52115885E-006
  0.52115800E-006
  0.52115717E-006
  0.52115636E-006
  0.52115557E-006
  0.52115481E-006
  0.52115407E-006
  0.52115336E-006
  0.52115268E-006
  0.52115203E-006
  0.52115141E-006
  0.52115082E-006
  0.52115026E-006
  0.52114974E-006
  0.52114924E-006
  0.52114877E-006
  0.52114833E-006
  0.52114792E-006
  0.52114754E-006
  0.52114718E-006
  0.52114685E-006
  0.52114654E-006
  0.52114625E-006
  0.52114599E-006
  0.52114574E-006
  0.52114551E-006
  0.52114531E-006
  0.52114511E-006
  0.52114494E-006
  0.52114478E-006
  0.52114463E-006
  0.52114450E-006
  0.52114438E-006
  0.52114427E-006
  0.52114417E-006
  0.52114408E-006
  0.52114400E-006
  0.52114393E-006
  0.52114386E-006
  0.52114380E-006
  0.52114375E-006
  0.52114371E-006
  0.52114367E-006
  0.52114363E-006
  0.52114360E-006
  0.52114357E-006
  0.52114355E-006
  0.52114353E-006
  0.52114352E-006
  0.52114350E-006
  0.52114349E-006
  0.52114348E-006
  0.52114347E-006
  0.52114346E-006
  0.52114346E-006
  0.52114345E-006
  0.52114345E-006
  0.52114345E-006
  0.52114344E-006
  0.52114344E-006
  0.52114344E-006
  0.52114344E-006
  0.52114344E-006
  0.52114344E-006
  0.52114344E-006
  0.52114344E-006
  0.52114344E-006
  0.52114344E-006
  0.52114344E-006
  0.52114344E-006
  0.52114344E-006
  0.52114344E-006
  0.52114344E-006
  0.52114344E-006
  0.52114344E-006
  0.52114344E-006
  0.52114344E-006
  0.52114343E-006
  0.52114343E-006
  0.52114343E-006
  0.52114343E-006
  0.52114342E-006
  0.52114341E-006
  0.52114340E-006
  0.52114339E-006
  0.52114337E-006
  0.52114335E-006
