  0.42936918E+000
  0.42974440E+000
  0.42988124E+000
  0.43000643E+000
  0.43011044E+000
  0.43019427E+000
  0.43026930E+000
  0.43033112E+000
  0.43038213E+000
  0.43042343E+000
  0.43046313E+000
  0.43049324E+000
  0.43052090E+000
  0.43054346E+000
  0.43055994E+000
  0.43057735E+000
  0.43059129E+000
  0.43060325E+000
  0.43060909E+000
  0.43061697E+000
  0.43062283E+000
  0.43062873E+000
  0.43063228E+000
  0.43063578E+000
  0.43063931E+000
  0.43064142E+000
  0.43064332E+000
  0.43064396E+000
  0.43064495E+000
  0.43064572E+000
  0.43064657E+000
  0.43064667E+000
  0.43064674E+000
  0.43064632E+000
  0.43064660E+000
  0.43064639E+000
  0.43064502E+000
  0.43064444E+000
  0.43064356E+000
  0.43064326E+000
  0.43064299E+000
  0.43064244E+000
  0.43064198E+000
  0.43064164E+000
  0.43064128E+000
  0.43064087E+000
  0.43064033E+000
  0.43064012E+000
  0.43063998E+000
  0.43063964E+000
  0.43063942E+000
  0.43063917E+000
  0.43063883E+000
  0.43063857E+000
  0.43063830E+000
  0.43063805E+000
  0.43063784E+000
  0.43063746E+000
  0.43063714E+000
  0.43063679E+000
  0.43063648E+000
  0.43063612E+000
  0.43063569E+000
  0.43063519E+000
  0.43063479E+000
  0.43063410E+000
  0.43063363E+000
  0.43063291E+000
  0.43063282E+000
  0.43063232E+000
  0.43063163E+000
  0.43063091E+000
  0.43063026E+000
  0.43062965E+000
  0.43063012E+000
  0.43062932E+000
  0.43062873E+000
  0.43062792E+000
  0.43062699E+000
  0.43062616E+000
  0.43062568E+000
  0.43062508E+000
  0.43062449E+000
  0.43062356E+000
  0.43062283E+000
  0.43062189E+000
  0.43062131E+000
  0.43062094E+000
  0.43062026E+000
  0.43061976E+000
  0.43061923E+000
  0.43061878E+000
  0.43061853E+000
  0.43061818E+000
  0.43061783E+000
  0.43061744E+000
  0.43061716E+000
  0.43061681E+000
  0.43061671E+000
  0.43061653E+000
  0.43061631E+000
  0.43061611E+000
  0.43061595E+000
  0.43061590E+000
  0.43061590E+000
  0.43061593E+000
  0.43061568E+000
  0.43061569E+000
  0.43061524E+000
  0.43061528E+000
  0.43061525E+000
  0.43061533E+000
  0.43061539E+000
  0.43061547E+000
  0.43061557E+000
  0.43061563E+000
  0.43061574E+000
  0.43061584E+000
  0.43061593E+000
  0.43061602E+000
  0.43061612E+000
  0.43061620E+000
  0.43061628E+000
  0.43061635E+000
  0.43061643E+000
  0.43061650E+000
  0.43061656E+000
  0.43061661E+000
  0.43061667E+000
  0.43061671E+000
  0.43061674E+000
  0.43061677E+000
  0.43061679E+000
  0.43061681E+000
  0.43061681E+000
  0.43061680E+000
  0.43061678E+000
  0.43061676E+000
  0.43061673E+000
  0.43061669E+000
  0.43061663E+000
  0.43061657E+000
  0.43061650E+000
  0.43061642E+000
  0.43061634E+000
  0.43061624E+000
  0.43061613E+000
  0.43061602E+000
  0.43061589E+000
  0.43061575E+000
  0.43061561E+000
  0.43061545E+000
  0.43061529E+000
  0.43061512E+000
  0.43061494E+000
  0.43061476E+000
  0.43061456E+000
  0.43061435E+000
  0.43061414E+000
  0.43061392E+000
  0.43061370E+000
  0.43061347E+000
  0.43061323E+000
  0.43061299E+000
  0.43061275E+000
  0.43061250E+000
  0.43061224E+000
  0.43061198E+000
  0.43061172E+000
  0.43061145E+000
  0.43061118E+000
  0.43061090E+000
  0.43061063E+000
  0.43061036E+000
  0.43061008E+000
  0.43060980E+000
  0.43060952E+000
  0.43060923E+000
  0.43060895E+000
  0.43060866E+000
  0.43060838E+000
  0.43060810E+000
  0.43060781E+000
  0.43060753E+000
  0.43060725E+000
  0.43060697E+000
  0.43060670E+000
  0.43060642E+000
  0.43060615E+000
  0.43060588E+000
  0.43060561E+000
  0.43060534E+000
  0.43060508E+000
  0.43060482E+000
  0.43060457E+000
  0.43060430E+000
  0.43060405E+000
  0.43060381E+000
  0.43060356E+000
  0.43060331E+000
