  0.82261485E+000
  0.82260350E+000
  0.82259446E+000
  0.82258688E+000
  0.82258047E+000
  0.82257501E+000
  0.82257033E+000
  0.82256630E+000
  0.82256282E+000
  0.82255981E+000
  0.82255719E+000
  0.82255492E+000
  0.82255293E+000
  0.82255119E+000
  0.82254967E+000
  0.82254832E+000
  0.82254714E+000
  0.82254610E+000
  0.82254518E+000
  0.82254437E+000
  0.82254366E+000
  0.82254303E+000
  0.82254247E+000
  0.82254199E+000
  0.82254156E+000
  0.82254120E+000
  0.82254088E+000
  0.82254062E+000
  0.82254041E+000
  0.82254024E+000
  0.82254011E+000
  0.82254003E+000
  0.82253998E+000
  0.82253998E+000
  0.82254002E+000
  0.82254010E+000
  0.82254022E+000
  0.82254038E+000
  0.82254058E+000
  0.82254083E+000
  0.82254112E+000
  0.82254145E+000
  0.82254183E+000
  0.82254225E+000
  0.82254272E+000
  0.82254323E+000
  0.82254379E+000
  0.82254440E+000
  0.82254505E+000
  0.82254576E+000
  0.82254651E+000
  0.82254731E+000
  0.82254815E+000
  0.82254905E+000
  0.82254999E+000
  0.82255098E+000
  0.82255201E+000
  0.82255309E+000
  0.82255421E+000
  0.82255537E+000
  0.82255657E+000
  0.82255781E+000
  0.82255909E+000
  0.82256040E+000
  0.82256175E+000
  0.82256312E+000
  0.82256452E+000
  0.82256595E+000
  0.82256740E+000
  0.82256886E+000
  0.82257035E+000
  0.82257184E+000
  0.82257335E+000
  0.82257486E+000
  0.82257638E+000
  0.82257789E+000
  0.82257940E+000
  0.82258091E+000
  0.82258240E+000
  0.82258388E+000
  0.82258535E+000
  0.82258679E+000
  0.82258821E+000
  0.82258961E+000
  0.82259098E+000
  0.82259233E+000
  0.82259364E+000
  0.82259492E+000
  0.82259616E+000
  0.82259737E+000
  0.82259855E+000
  0.82259968E+000
  0.82260078E+000
  0.82260184E+000
  0.82260286E+000
  0.82260384E+000
  0.82260479E+000
  0.82260570E+000
  0.82260657E+000
  0.82260740E+000
  0.82260820E+000
  0.82260896E+000
  0.82260969E+000
  0.82261039E+000
  0.82261106E+000
  0.82261170E+000
  0.82261230E+000
  0.82261288E+000
  0.82261344E+000
  0.82261397E+000
  0.82261447E+000
  0.82261495E+000
  0.82261541E+000
  0.82261585E+000
  0.82261627E+000
  0.82261667E+000
  0.82261705E+000
  0.82261741E+000
  0.82261776E+000
  0.82261809E+000
  0.82261841E+000
  0.82261871E+000
  0.82261900E+000
  0.82261927E+000
  0.82261953E+000
  0.82261978E+000
  0.82262002E+000
  0.82262025E+000
  0.82262046E+000
  0.82262067E+000
  0.82262086E+000
  0.82262105E+000
  0.82262122E+000
  0.82262138E+000
  0.82262154E+000
  0.82262168E+000
  0.82262182E+000
  0.82262194E+000
  0.82262206E+000
  0.82262217E+000
  0.82262227E+000
  0.82262236E+000
  0.82262244E+000
  0.82262252E+000
  0.82262258E+000
  0.82262264E+000
  0.82262269E+000
  0.82262274E+000
  0.82262277E+000
  0.82262280E+000
  0.82262282E+000
  0.82262283E+000
  0.82262284E+000
  0.82262284E+000
  0.82262283E+000
  0.82262282E+000
  0.82262280E+000
  0.82262277E+000
  0.82262274E+000
  0.82262270E+000
  0.82262266E+000
  0.82262261E+000
  0.82262256E+000
  0.82262250E+000
  0.82262243E+000
  0.82262236E+000
  0.82262229E+000
  0.82262221E+000
  0.82262213E+000
  0.82262204E+000
  0.82262195E+000
  0.82262186E+000
  0.82262176E+000
  0.82262166E+000
  0.82262156E+000
  0.82262146E+000
  0.82262135E+000
  0.82262124E+000
  0.82262113E+000
  0.82262102E+000
  0.82262090E+000
  0.82262079E+000
  0.82262067E+000
  0.82262055E+000
  0.82262043E+000
  0.82262032E+000
  0.82262020E+000
  0.82262008E+000
  0.82261996E+000
  0.82261984E+000
  0.82261972E+000
  0.82261960E+000
  0.82261948E+000
  0.82261937E+000
  0.82261925E+000
  0.82261913E+000
  0.82261902E+000
  0.82261890E+000
  0.82261879E+000
  0.82261868E+000
