  0.35255120E+000
  0.35297649E+000
  0.35319221E+000
  0.35336945E+000
  0.35350627E+000
  0.35361962E+000
  0.35371300E+000
  0.35379175E+000
  0.35385879E+000
  0.35391463E+000
  0.35396110E+000
  0.35400076E+000
  0.35403431E+000
  0.35406292E+000
  0.35408662E+000
  0.35410619E+000
  0.35412496E+000
  0.35413845E+000
  0.35415040E+000
  0.35415977E+000
  0.35416803E+000
  0.35417511E+000
  0.35418077E+000
  0.35418536E+000
  0.35418878E+000
  0.35419223E+000
  0.35419480E+000
  0.35419861E+000
  0.35420019E+000
  0.35420123E+000
  0.35420220E+000
  0.35420247E+000
  0.35420297E+000
  0.35420350E+000
  0.35420413E+000
  0.35420463E+000
  0.35420512E+000
  0.35420596E+000
  0.35420642E+000
  0.35420682E+000
  0.35420724E+000
  0.35420770E+000
  0.35420812E+000
  0.35420875E+000
  0.35420914E+000
  0.35421111E+000
  0.35421144E+000
  0.35421171E+000
  0.35421207E+000
  0.35421234E+000
  0.35421263E+000
  0.35421287E+000
  0.35421304E+000
  0.35421323E+000
  0.35421338E+000
  0.35421355E+000
  0.35421352E+000
  0.35421343E+000
  0.35421324E+000
  0.35421311E+000
  0.35421297E+000
  0.35421278E+000
  0.35421245E+000
  0.35421210E+000
  0.35421167E+000
  0.35421132E+000
  0.35421090E+000
  0.35421026E+000
  0.35420985E+000
  0.35420924E+000
  0.35420872E+000
  0.35420838E+000
  0.35420774E+000
  0.35420654E+000
  0.35420574E+000
  0.35420333E+000
  0.35420264E+000
  0.35420415E+000
  0.35420338E+000
  0.35420259E+000
  0.35419924E+000
  0.35419842E+000
  0.35419767E+000
  0.35419678E+000
  0.35419609E+000
  0.35419553E+000
  0.35419487E+000
  0.35419402E+000
  0.35419349E+000
  0.35419323E+000
  0.35419271E+000
  0.35419220E+000
  0.35419187E+000
  0.35419153E+000
  0.35419113E+000
  0.35419072E+000
  0.35419050E+000
  0.35419017E+000
  0.35419011E+000
  0.35418998E+000
  0.35418976E+000
  0.35418966E+000
  0.35418953E+000
  0.35418940E+000
  0.35418926E+000
  0.35418918E+000
  0.35418910E+000
  0.35418904E+000
  0.35418901E+000
  0.35418899E+000
  0.35418898E+000
  0.35418899E+000
  0.35418901E+000
  0.35418903E+000
  0.35418904E+000
  0.35418910E+000
  0.35418916E+000
  0.35418923E+000
  0.35418929E+000
  0.35418936E+000
  0.35418943E+000
  0.35418950E+000
  0.35418957E+000
  0.35418964E+000
  0.35418971E+000
  0.35418977E+000
  0.35418983E+000
  0.35418989E+000
  0.35418994E+000
  0.35418999E+000
  0.35419003E+000
  0.35419006E+000
  0.35419009E+000
  0.35419011E+000
  0.35419013E+000
  0.35419013E+000
  0.35419013E+000
  0.35419012E+000
  0.35419010E+000
  0.35419007E+000
  0.35419004E+000
  0.35418999E+000
  0.35418993E+000
  0.35418987E+000
  0.35418980E+000
  0.35418972E+000
  0.35418963E+000
  0.35418953E+000
  0.35418942E+000
  0.35418930E+000
  0.35418918E+000
  0.35418904E+000
  0.35418890E+000
  0.35418875E+000
  0.35418858E+000
  0.35418841E+000
  0.35418824E+000
  0.35418805E+000
  0.35418785E+000
  0.35418765E+000
  0.35418744E+000
  0.35418723E+000
  0.35418701E+000
  0.35418678E+000
  0.35418654E+000
  0.35418630E+000
  0.35418606E+000
  0.35418582E+000
  0.35418556E+000
  0.35418530E+000
  0.35418504E+000
  0.35418477E+000
  0.35418450E+000
  0.35418423E+000
  0.35418395E+000
  0.35418368E+000
  0.35418340E+000
  0.35418311E+000
  0.35418283E+000
  0.35418255E+000
  0.35418226E+000
  0.35418198E+000
  0.35418169E+000
  0.35418141E+000
  0.35418113E+000
  0.35418085E+000
  0.35418057E+000
  0.35418029E+000
  0.35418001E+000
  0.35417973E+000
  0.35417946E+000
  0.35417919E+000
  0.35417892E+000
  0.35417866E+000
  0.35417839E+000
  0.35417813E+000
  0.35417787E+000
  0.35417762E+000
  0.35417736E+000
  0.35417711E+000
