  0.19433710E+000  0.22120614E+000  0.35906233E+000  0.52292522E+000  0.86833477E+000  0.98875615E+000  0.13467946E+001  0.25107580E+001  0.41729992E+001  0.58266547E+001  0.93691111E+001
  0.19366586E+000  0.22022926E+000  0.35725989E+000  0.51790139E+000  0.86563000E+000  0.98518374E+000  0.13399663E+001  0.25012036E+001  0.41407591E+001  0.58252063E+001  0.93674490E+001
  0.19341192E+000  0.21982325E+000  0.35650752E+000  0.51746303E+000  0.86446699E+000  0.98435506E+000  0.13372660E+001  0.24974267E+001  0.41312073E+001  0.58244243E+001  0.93548805E+001
  0.19317300E+000  0.21946857E+000  0.35586677E+000  0.51708537E+000  0.86346543E+000  0.98298421E+000  0.13349144E+001  0.24942627E+001  0.41229475E+001  0.58238574E+001  0.93462080E+001
  0.19296410E+000  0.21921116E+000  0.35536049E+000  0.51680932E+000  0.86255093E+000  0.98224396E+000  0.13336790E+001  0.24917450E+001  0.41162278E+001  0.58234089E+001  0.93316384E+001
  0.19283738E+000  0.21900116E+000  0.35493818E+000  0.51660016E+000  0.86209092E+000  0.98164709E+000  0.13324996E+001  0.24896609E+001  0.41110135E+001  0.58230365E+001  0.93187037E+001
  0.19269949E+000  0.21882712E+000  0.35459949E+000  0.51640259E+000  0.86154803E+000  0.98091613E+000  0.13319301E+001  0.24879248E+001  0.41069283E+001  0.58225843E+001  0.93092301E+001
  0.19260032E+000  0.21868182E+000  0.35431046E+000  0.51623854E+000  0.86107528E+000  0.98022670E+000  0.13311744E+001  0.24865662E+001  0.41035115E+001  0.58223386E+001  0.93053538E+001
  0.19249538E+000  0.21854566E+000  0.35406924E+000  0.51608654E+000  0.86070344E+000  0.98011466E+000  0.13305428E+001  0.24853204E+001  0.41006830E+001  0.58218921E+001  0.93000180E+001
  0.19243082E+000  0.21844050E+000  0.35386662E+000  0.51597205E+000  0.86041833E+000  0.97961646E+000  0.13300047E+001  0.24843398E+001  0.41037378E+001  0.58219595E+001  0.92985522E+001
  0.19237277E+000  0.21835198E+000  0.35369572E+000  0.51589408E+000  0.86009581E+000  0.97929740E+000  0.13298036E+001  0.24834891E+001  0.41062258E+001  0.58217941E+001  0.92934712E+001
  0.19231706E+000  0.21827732E+000  0.35355163E+000  0.51580732E+000  0.85991879E+000  0.97908872E+000  0.13295837E+001  0.24825033E+001  0.41077436E+001  0.58218930E+001  0.92925890E+001
  0.19227134E+000  0.21821491E+000  0.35343059E+000  0.51574240E+000  0.85972478E+000  0.97898678E+000  0.13294351E+001  0.24820359E+001  0.41085969E+001  0.58215867E+001  0.92888483E+001
  0.19222608E+000  0.21816122E+000  0.35332783E+000  0.51567315E+000  0.85949842E+000  0.97881625E+000  0.13293473E+001  0.24815674E+001  0.41096881E+001  0.58214989E+001  0.92860357E+001
  0.19218780E+000  0.21811613E+000  0.35342526E+000  0.51562149E+000  0.85945622E+000  0.97863454E+000  0.13293013E+001  0.24808739E+001  0.41096448E+001  0.58213469E+001  0.92858755E+001
  0.19215537E+000  0.21804985E+000  0.35337943E+000  0.51560018E+000  0.85919695E+000  0.97852606E+000  0.13292120E+001  0.24806863E+001  0.41098099E+001  0.58211345E+001  0.92840491E+001
  0.19212790E+000  0.21802087E+000  0.35332147E+000  0.51555763E+000  0.85909450E+000  0.97823916E+000  0.13290241E+001  0.24805449E+001  0.41093014E+001  0.58213080E+001  0.92821858E+001
  0.19210460E+000  0.21799625E+000  0.35331404E+000  0.51552184E+000  0.85900759E+000  0.97832312E+000  0.13290605E+001  0.24802268E+001  0.41089969E+001  0.58212627E+001  0.92810656E+001
  0.19208485E+000  0.21797534E+000  0.35313095E+000  0.51549173E+000  0.85908567E+000  0.97822870E+000  0.13289672E+001  0.24799570E+001  0.41088863E+001  0.58212242E+001  0.92793687E+001
  0.19206810E+000  0.21795759E+000  0.35314185E+000  0.51548745E+000  0.85901370E+000  0.97814887E+000  0.13288893E+001  0.24797281E+001  0.41129998E+001  0.58211915E+001  0.92787339E+001
  0.19205389E+000  0.21794249E+000  0.35315378E+000  0.51546608E+000  0.85895256E+000  0.97808124E+000  0.13289685E+001  0.24795338E+001  0.41128462E+001  0.58211637E+001  0.92776536E+001
  0.19204184E+000  0.21792968E+000  0.35316657E+000  0.51544807E+000  0.85890072E+000  0.97802405E+000  0.13289105E+001  0.24793690E+001  0.41126685E+001  0.58213404E+001  0.92770415E+001
  0.19203160E+000  0.21791878E+000  0.35318001E+000  0.51543285E+000  0.85885663E+000  0.97797553E+000  0.13288620E+001  0.24792289E+001  0.41124823E+001  0.58211644E+001  0.92761186E+001
  0.19202292E+000  0.21790954E+000  0.35319398E+000  0.51542002E+000  0.85881923E+000  0.97796047E+000  0.13288215E+001  0.24791099E+001  0.41133764E+001  0.58211029E+001  0.92757034E+001
  0.19201555E+000  0.21790169E+000  0.35329093E+000  0.51540919E+000  0.85878746E+000  0.97795499E+000  0.13287876E+001  0.24790088E+001  0.41132466E+001  0.58210884E+001  0.92753444E+001
  0.19200930E+000  0.21789503E+000  0.35320020E+000  0.51540005E+000  0.85876049E+000  0.97795007E+000  0.13287593E+001  0.24789228E+001  0.41131450E+001  0.58210761E+001  0.92745204E+001
  0.19200397E+000  0.21788936E+000  0.35319487E+000  0.51539231E+000  0.85873748E+000  0.97787291E+000  0.13288445E+001  0.24788494E+001  0.41131457E+001  0.58210655E+001  0.92743920E+001
  0.19199943E+000  0.21788454E+000  0.35319042E+000  0.51538576E+000  0.85871787E+000  0.97785902E+000  0.13288217E+001  0.24787917E+001  0.41132233E+001  0.58210565E+001  0.92742745E+001
  0.19199556E+000  0.21788044E+000  0.35318671E+000  0.51538021E+000  0.85870115E+000  0.97784708E+000  0.13288025E+001  0.24787529E+001  0.41143539E+001  0.58210487E+001  0.92739655E+001
  0.19199223E+000  0.21787692E+000  0.35318358E+000  0.51537546E+000  0.85868675E+000  0.97783674E+000  0.13287861E+001  0.24787194E+001  0.41145411E+001  0.58210420E+001  0.92734680E+001
  0.19198936E+000  0.21787390E+000  0.35318096E+000  0.51537139E+000  0.85867433E+000  0.97786580E+000  0.13287722E+001  0.24786905E+001  0.41147219E+001  0.58210362E+001  0.92733914E+001
  0.19198687E+000  0.21787128E+000  0.35317875E+000  0.51536787E+000  0.85866357E+000  0.97785222E+000  0.13288008E+001  0.24786652E+001  0.41148948E+001  0.58210311E+001  0.92733218E+001
  0.19198469E+000  0.21786900E+000  0.35317685E+000  0.51536481E+000  0.85865701E+000  0.97784033E+000  0.13287896E+001  0.24786430E+001  0.41150591E+001  0.58210267E+001  0.92732581E+001
  0.19202851E+000  0.21786699E+000  0.35317522E+000  0.51536212E+000  0.85865402E+000  0.97782988E+000  0.13287798E+001  0.24786233E+001  0.41150661E+001  0.58210227E+001  0.92730835E+001
  0.19202638E+000  0.21786521E+000  0.35317379E+000  0.51535974E+000  0.85865135E+000  0.97782060E+000  0.13287712E+001  0.24786057E+001  0.41150589E+001  0.58210192E+001  0.92730300E+001
  0.19202446E+000  0.21786361E+000  0.35317251E+000  0.51535760E+000  0.85864894E+000  0.97781227E+000  0.13287636E+001  0.24785898E+001  0.41150509E+001  0.58210159E+001  0.92725606E+001
  0.19202271E+000  0.21786216E+000  0.35317134E+000  0.51535566E+000  0.85864674E+000  0.97780471E+000  0.13287567E+001  0.24785753E+001  0.41150420E+001  0.58210130E+001  0.92724690E+001
  0.19202110E+000  0.21786084E+000  0.35317026E+000  0.51535388E+000  0.85864471E+000  0.97779779E+000  0.13287505E+001  0.24785619E+001  0.41150325E+001  0.58210103E+001  0.92723848E+001
  0.19201961E+000  0.21785962E+000  0.35316924E+000  0.51535224E+000  0.85864285E+000  0.97779143E+000  0.13287448E+001  0.24785496E+001  0.41150225E+001  0.58210078E+001  0.92723070E+001
  0.19201823E+000  0.21785848E+000  0.35316826E+000  0.51535072E+000  0.85864111E+000  0.97778553E+000  0.13287395E+001  0.24785381E+001  0.41150120E+001  0.58210055E+001  0.92722342E+001
  0.19201693E+000  0.21785742E+000  0.35316731E+000  0.51534929E+000  0.85863949E+000  0.97778002E+000  0.13287346E+001  0.24785273E+001  0.41153795E+001  0.58210034E+001  0.92721660E+001
  0.19201571E+000  0.21785643E+000  0.35316639E+000  0.51534796E+000  0.85863798E+000  0.97777488E+000  0.13287301E+001  0.24785172E+001  0.41157408E+001  0.58210014E+001  0.92721018E+001
  0.19201456E+000  0.21785550E+000  0.35316549E+000  0.51534671E+000  0.85863658E+000  0.97777015E+000  0.13287259E+001  0.24785077E+001  0.41160733E+001  0.58209995E+001  0.92720415E+001
  0.19201348E+000  0.21785462E+000  0.35316461E+000  0.51534553E+000  0.85863527E+000  0.97776733E+000  0.13287219E+001  0.24784988E+001  0.41163783E+001  0.58209977E+001  0.92719844E+001
  0.19201248E+000  0.21785381E+000  0.35316376E+000  0.51534444E+000  0.85863407E+000  0.97776472E+000  0.13287183E+001  0.24784906E+001  0.41166575E+001  0.58209961E+001  0.92719311E+001
  0.19201154E+000  0.21785305E+000  0.35316294E+000  0.51534342E+000  0.85863297E+000  0.97776230E+000  0.13287149E+001  0.24784829E+001  0.41169117E+001  0.58209946E+001  0.92718811E+001
  0.19201066E+000  0.21785235E+000  0.35316216E+000  0.51534248E+000  0.85863197E+000  0.97776010E+000  0.13287117E+001  0.24784759E+001  0.41171424E+001  0.58209933E+001  0.92718347E+001
  0.19201558E+000  0.21785171E+000  0.35316143E+000  0.51534164E+000  0.85863109E+000  0.97775811E+000  0.13287089E+001  0.24784695E+001  0.41173508E+001  0.58209921E+001  0.92717922E+001
  0.19201503E+000  0.21785113E+000  0.35316075E+000  0.51534088E+000  0.85863032E+000  0.97775634E+000  0.13287064E+001  0.24784638E+001  0.41175380E+001  0.58209911E+001  0.92717536E+001
  0.19201455E+000  0.21785062E+000  0.35316014E+000  0.51534022E+000  0.85862967E+000  0.97775482E+000  0.13287041E+001  0.24784588E+001  0.41176059E+001  0.58209902E+001  0.92717192E+001
  0.19201414E+000  0.21785019E+000  0.35315960E+000  0.51533967E+000  0.85862915E+000  0.97775355E+000  0.13287022E+001  0.24784545E+001  0.41175927E+001  0.58209894E+001  0.92716892E+001
  0.19201382E+000  0.21784983E+000  0.35315915E+000  0.51533922E+000  0.85862876E+000  0.97775254E+000  0.13287006E+001  0.24784510E+001  0.41175815E+001  0.58209889E+001  0.92716637E+001
  0.19201358E+000  0.21784955E+000  0.35315879E+000  0.51533888E+000  0.85862851E+000  0.97775181E+000  0.13286994E+001  0.24784484E+001  0.41175723E+001  0.58209885E+001  0.92716432E+001
  0.19201342E+000  0.21784935E+000  0.35315853E+000  0.51533866E+000  0.85862840E+000  0.97775135E+000  0.13286985E+001  0.24784465E+001  0.41175651E+001  0.58209883E+001  0.92716276E+001
  0.19201335E+000  0.21784924E+000  0.35315837E+000  0.51533857E+000  0.85862844E+000  0.97775119E+000  0.13286980E+001  0.24784456E+001  0.41175602E+001  0.58209883E+001  0.92716172E+001
  0.19201337E+000  0.21784922E+000  0.35315833E+000  0.51533859E+000  0.85862862E+000  0.97775132E+000  0.13286979E+001  0.24784455E+001  0.41175574E+001  0.58209885E+001  0.92716122E+001
  0.19201348E+000  0.21784929E+000  0.35315840E+000  0.51533875E+000  0.85862896E+000  0.97775175E+000  0.13286981E+001  0.24784463E+001  0.41175570E+001  0.58209889E+001  0.92716125E+001
  0.19201369E+000  0.21784944E+000  0.35315859E+000  0.51533903E+000  0.85862944E+000  0.97775249E+000  0.13286988E+001  0.24784480E+001  0.41175588E+001  0.58209895E+001  0.92716184E+001
  0.19201398E+000  0.21784969E+000  0.35315890E+000  0.51533944E+000  0.85863008E+000  0.97775353E+000  0.13286999E+001  0.24784506E+001  0.41175629E+001  0.58209903E+001  0.92716298E+001
  0.19201437E+000  0.21785004E+000  0.35315933E+000  0.51533998E+000  0.85863086E+000  0.97775487E+000  0.13287013E+001  0.24784541E+001  0.41175693E+001  0.58209912E+001  0.92716469E+001
  0.19201486E+000  0.21785047E+000  0.35315988E+000  0.51534065E+000  0.85863180E+000  0.97775651E+000  0.13287032E+001  0.24784585E+001  0.41175779E+001  0.58209924E+001  0.92716694E+001
  0.19201543E+000  0.21785100E+000  0.35316055E+000  0.51534144E+000  0.85863288E+000  0.97775845E+000  0.13287054E+001  0.24784638E+001  0.41175888E+001  0.58209937E+001  0.92716975E+001
  0.19201609E+000  0.21785161E+000  0.35316134E+000  0.51534236E+000  0.85863410E+000  0.97776067E+000  0.13287080E+001  0.24784700E+001  0.41176020E+001  0.58209953E+001  0.92717310E+001
  0.19201684E+000  0.21785231E+000  0.35316223E+000  0.51534340E+000  0.85863546E+000  0.97776318E+000  0.13287111E+001  0.24784770E+001  0.41176173E+001  0.58209970E+001  0.92717698E+001
  0.19201767E+000  0.21785310E+000  0.35316324E+000  0.51534456E+000  0.85863696E+000  0.97776596E+000  0.13287145E+001  0.24784849E+001  0.41176346E+001  0.58209989E+001  0.92718138E+001
  0.19201858E+000  0.21785397E+000  0.35316435E+000  0.51534582E+000  0.85863859E+000  0.97776899E+000  0.13287182E+001  0.24784935E+001  0.41176540E+001  0.58210009E+001  0.92718627E+001
  0.19201957E+000  0.21785491E+000  0.35316555E+000  0.51534720E+000  0.85864033E+000  0.97777227E+000  0.13287223E+001  0.24785028E+001  0.41176753E+001  0.58210032E+001  0.92719164E+001
  0.19202063E+000  0.21785593E+000  0.35316685E+000  0.51534868E+000  0.85864219E+000  0.97777579E+000  0.13287267E+001  0.24785129E+001  0.41176985E+001  0.58210055E+001  0.92719747E+001
  0.19202176E+000  0.21785701E+000  0.35316822E+000  0.51535025E+000  0.85864416E+000  0.97778097E+000  0.13287315E+001  0.24785236E+001  0.41177233E+001  0.58210080E+001  0.92720372E+001
  0.19202295E+000  0.21785816E+000  0.35316967E+000  0.51535191E+000  0.85864622E+000  0.97778695E+000  0.13287365E+001  0.24785350E+001  0.41177497E+001  0.58210107E+001  0.92721038E+001
  0.19202420E+000  0.21785937E+000  0.35317119E+000  0.51535365E+000  0.85864837E+000  0.97779322E+000  0.13287418E+001  0.24785469E+001  0.41177776E+001  0.58210134E+001  0.92721740E+001
  0.19202550E+000  0.21786063E+000  0.35317275E+000  0.51535547E+000  0.85865061E+000  0.97779976E+000  0.13287474E+001  0.24785593E+001  0.41176970E+001  0.58210162E+001  0.92722476E+001
  0.19202684E+000  0.21786194E+000  0.35317437E+000  0.51535734E+000  0.85865291E+000  0.97780653E+000  0.13287531E+001  0.24785721E+001  0.41174925E+001  0.58210192E+001  0.92723242E+001
  0.19202823E+000  0.21786328E+000  0.35317602E+000  0.51535928E+000  0.85865527E+000  0.97781351E+000  0.13287591E+001  0.24785854E+001  0.41172665E+001  0.58210222E+001  0.92724035E+001
  0.19202965E+000  0.21786466E+000  0.35317770E+000  0.51536126E+000  0.85865767E+000  0.97782066E+000  0.13287653E+001  0.24785989E+001  0.41170198E+001  0.58210253E+001  0.92724851E+001
  0.19203109E+000  0.21786607E+000  0.35317940E+000  0.51536328E+000  0.85866012E+000  0.97782795E+000  0.13287716E+001  0.24786127E+001  0.41167537E+001  0.58210284E+001  0.92725686E+001
  0.19203256E+000  0.21786750E+000  0.35318111E+000  0.51536532E+000  0.85866259E+000  0.97783535E+000  0.13287780E+001  0.24786267E+001  0.41164699E+001  0.58210316E+001  0.92726537E+001
  0.19203404E+000  0.21786894E+000  0.35318281E+000  0.51536739E+000  0.85866664E+000  0.97784283E+000  0.13287845E+001  0.24786409E+001  0.41161703E+001  0.58210348E+001  0.92730227E+001
  0.19203553E+000  0.21787040E+000  0.35318451E+000  0.51536946E+000  0.85867308E+000  0.97785035E+000  0.13287910E+001  0.24786551E+001  0.41158571E+001  0.58210380E+001  0.92730767E+001
  0.19203702E+000  0.21787185E+000  0.35318618E+000  0.51537154E+000  0.85867953E+000  0.97785787E+000  0.13287976E+001  0.24786693E+001  0.41155325E+001  0.58210412E+001  0.92731315E+001
  0.19203850E+000  0.21787329E+000  0.35318783E+000  0.51537361E+000  0.85868595E+000  0.97786538E+000  0.13288042E+001  0.24786835E+001  0.41153249E+001  0.58210443E+001  0.92732591E+001
  0.19203997E+000  0.21787473E+000  0.35318944E+000  0.51537567E+000  0.85869232E+000  0.97787283E+000  0.13288108E+001  0.24786976E+001  0.41153425E+001  0.58210475E+001  0.92733134E+001
  0.19204142E+000  0.21787615E+000  0.35319102E+000  0.51537770E+000  0.85869862E+000  0.97788020E+000  0.13287735E+001  0.24787115E+001  0.41153588E+001  0.58210506E+001  0.92733679E+001
  0.19204286E+000  0.21787755E+000  0.35319255E+000  0.51537970E+000  0.85870482E+000  0.97788747E+000  0.13287794E+001  0.24787252E+001  0.41153739E+001  0.58210536E+001  0.92734223E+001
  0.19204426E+000  0.21787892E+000  0.35319402E+000  0.51538166E+000  0.85871091E+000  0.97789460E+000  0.13287853E+001  0.24787386E+001  0.41153877E+001  0.58210566E+001  0.92734765E+001
  0.19204564E+000  0.21788026E+000  0.35319544E+000  0.51538358E+000  0.85871686E+000  0.97790158E+000  0.13287911E+001  0.24787518E+001  0.41154002E+001  0.58210595E+001  0.92735302E+001
  0.19204698E+000  0.21788156E+000  0.35319680E+000  0.51538544E+000  0.85872265E+000  0.97790837E+000  0.13287967E+001  0.24787646E+001  0.41154115E+001  0.58210624E+001  0.92735832E+001
  0.19204827E+000  0.21788282E+000  0.35319809E+000  0.51538725E+000  0.85872826E+000  0.97791496E+000  0.13288022E+001  0.24787770E+001  0.41154216E+001  0.58210651E+001  0.92736354E+001
  0.19204953E+000  0.21788404E+000  0.35319931E+000  0.51538900E+000  0.85873368E+000  0.97792133E+000  0.13288075E+001  0.24787889E+001  0.41154305E+001  0.58210678E+001  0.92739172E+001
  0.19205073E+000  0.21788521E+000  0.35320046E+000  0.51539068E+000  0.85873890E+000  0.97794963E+000  0.13288127E+001  0.24788004E+001  0.41154382E+001  0.58210703E+001  0.92739644E+001
  0.19205189E+000  0.21788634E+000  0.35320154E+000  0.51539229E+000  0.85874390E+000  0.97795093E+000  0.13288176E+001  0.24788115E+001  0.41154449E+001  0.58210728E+001  0.92740104E+001
  0.19205300E+000  0.21788741E+000  0.35320255E+000  0.51539383E+000  0.85874869E+000  0.97795216E+000  0.13288224E+001  0.24788220E+001  0.41154254E+001  0.58210751E+001  0.92740550E+001
  0.19205405E+000  0.21788843E+000  0.35320348E+000  0.51539530E+000  0.85875325E+000  0.97795334E+000  0.13288269E+001  0.24788321E+001  0.41153599E+001  0.58210773E+001  0.92740982E+001
  0.19205505E+000  0.21788940E+000  0.35320435E+000  0.51539669E+000  0.85875758E+000  0.97795444E+000  0.13288312E+001  0.24788416E+001  0.41152970E+001  0.58210794E+001  0.92741398E+001
  0.19205600E+000  0.21789031E+000  0.35320514E+000  0.51539801E+000  0.85876167E+000  0.97795548E+000  0.13288353E+001  0.24788506E+001  0.41152363E+001  0.58210814E+001  0.92742883E+001
  0.19205689E+000  0.21789117E+000  0.35320586E+000  0.51539924E+000  0.85876552E+000  0.97795882E+000  0.13288391E+001  0.24788591E+001  0.41151779E+001  0.58210832E+001  0.92743252E+001
  0.19205772E+000  0.21789197E+000  0.35320652E+000  0.51540040E+000  0.85876914E+000  0.97796308E+000  0.13288428E+001  0.24788689E+001  0.41151216E+001  0.58210850E+001  0.92743604E+001
  0.19205850E+000  0.21789273E+000  0.35320711E+000  0.51540148E+000  0.85877252E+000  0.97796707E+000  0.13288462E+001  0.24788791E+001  0.41150670E+001  0.58210866E+001  0.92743938E+001
  0.19205923E+000  0.21789342E+000  0.35320763E+000  0.51540249E+000  0.85877567E+000  0.97797079E+000  0.13288493E+001  0.24788886E+001  0.41150140E+001  0.58210881E+001  0.92744254E+001
  0.19205991E+000  0.21789407E+000  0.35320810E+000  0.51540343E+000  0.85877859E+000  0.97797425E+000  0.13288523E+001  0.24788974E+001  0.41149624E+001  0.58210895E+001  0.92744552E+001
  0.19206053E+000  0.21789467E+000  0.35320851E+000  0.51540429E+000  0.85878130E+000  0.97797744E+000  0.13288550E+001  0.24789056E+001  0.41149119E+001  0.58210908E+001  0.92744833E+001
  0.19206111E+000  0.21789522E+000  0.35320886E+000  0.51540508E+000  0.85878380E+000  0.97798039E+000  0.13288576E+001  0.24789131E+001  0.41148624E+001  0.58210920E+001  0.92745096E+001
  0.19206164E+000  0.21789572E+000  0.35320917E+000  0.51540581E+000  0.85878608E+000  0.97798310E+000  0.13288599E+001  0.24789200E+001  0.41148135E+001  0.58210931E+001  0.92745342E+001
  0.19206212E+000  0.21789618E+000  0.35320942E+000  0.51540647E+000  0.85878818E+000  0.97798557E+000  0.13288620E+001  0.24789263E+001  0.41147651E+001  0.58210941E+001  0.92745572E+001
  0.19206256E+000  0.21789659E+000  0.35320964E+000  0.51540708E+000  0.85879009E+000  0.97798783E+000  0.13288640E+001  0.24789320E+001  0.41147171E+001  0.58210950E+001  0.92745785E+001
  0.19206296E+000  0.21789697E+000  0.35320981E+000  0.51540762E+000  0.85879182E+000  0.97798987E+000  0.13288658E+001  0.24789372E+001  0.41146692E+001  0.58210958E+001  0.92745982E+001
  0.19206332E+000  0.21789731E+000  0.35320994E+000  0.51540811E+000  0.85879338E+000  0.97799172E+000  0.13288674E+001  0.24789419E+001  0.41146213E+001  0.58210966E+001  0.92746164E+001
  0.19206365E+000  0.21789761E+000  0.35321004E+000  0.51540855E+000  0.85879478E+000  0.97799339E+000  0.13288688E+001  0.24789461E+001  0.41145732E+001  0.58210972E+001  0.92746331E+001
  0.19206394E+000  0.21789788E+000  0.35321012E+000  0.51540895E+000  0.85887795E+000  0.97799488E+000  0.13288701E+001  0.24789499E+001  0.41145249E+001  0.58210978E+001  0.92746485E+001
  0.19206420E+000  0.21789812E+000  0.35321016E+000  0.51540930E+000  0.85887886E+000  0.97799621E+000  0.13288713E+001  0.24789533E+001  0.41144761E+001  0.58210984E+001  0.92746625E+001
  0.19206443E+000  0.21789834E+000  0.35321018E+000  0.51540961E+000  0.85887968E+000  0.97799739E+000  0.13288723E+001  0.24789563E+001  0.41141211E+001  0.58210988E+001  0.92746752E+001
  0.19206463E+000  0.21789852E+000  0.35321017E+000  0.51540988E+000  0.85888040E+000  0.97799844E+000  0.13288732E+001  0.24789589E+001  0.41135427E+001  0.58210993E+001  0.92746867E+001
  0.19206481E+000  0.21789869E+000  0.35321015E+000  0.51541011E+000  0.85888103E+000  0.97799936E+000  0.13288740E+001  0.24789612E+001  0.41135151E+001  0.58210996E+001  0.92746971E+001
  0.19206497E+000  0.21789883E+000  0.35321011E+000  0.51541032E+000  0.85888159E+000  0.97800016E+000  0.13288747E+001  0.24789632E+001  0.41134870E+001  0.58210999E+001  0.92747064E+001
  0.19206511E+000  0.21789895E+000  0.35321006E+000  0.51541050E+000  0.85888207E+000  0.97800086E+000  0.13288754E+001  0.24789650E+001  0.41134583E+001  0.58211002E+001  0.92747147E+001
  0.19206522E+000  0.21789906E+000  0.35320999E+000  0.51541065E+000  0.85888249E+000  0.97800147E+000  0.13287650E+001  0.24789665E+001  0.41134291E+001  0.58211005E+001  0.92747221E+001
  0.19206533E+000  0.21789915E+000  0.35320992E+000  0.51541078E+000  0.85888285E+000  0.97800199E+000  0.13287651E+001  0.24789678E+001  0.41133993E+001  0.58211007E+001  0.92747286E+001
  0.19206541E+000  0.21789922E+000  0.35320983E+000  0.51541089E+000  0.85888315E+000  0.97800244E+000  0.13287652E+001  0.24789689E+001  0.41133690E+001  0.58211008E+001  0.92747342E+001
  0.19206548E+000  0.21789928E+000  0.35320974E+000  0.51541098E+000  0.85888341E+000  0.97800281E+000  0.13287653E+001  0.24789698E+001  0.41133381E+001  0.58211010E+001  0.92747391E+001
  0.19206555E+000  0.21789934E+000  0.35320965E+000  0.51541105E+000  0.85888363E+000  0.97800313E+000  0.13287653E+001  0.24789706E+001  0.41133068E+001  0.58211011E+001  0.92747433E+001
  0.19206560E+000  0.21789938E+000  0.35320955E+000  0.51541111E+000  0.85888381E+000  0.97800339E+000  0.13287653E+001  0.24789712E+001  0.41132750E+001  0.58211012E+001  0.92747468E+001
  0.19206564E+000  0.21789941E+000  0.35320944E+000  0.51541116E+000  0.85888396E+000  0.97800360E+000  0.13287652E+001  0.24789717E+001  0.41132427E+001  0.58211013E+001  0.92747498E+001
  0.19206567E+000  0.21789944E+000  0.35320934E+000  0.51541119E+000  0.85888408E+000  0.97800377E+000  0.13287652E+001  0.24789721E+001  0.41132104E+001  0.58211013E+001  0.92747521E+001
  0.19206570E+000  0.21789946E+000  0.35320924E+000  0.51541122E+000  0.85888417E+000  0.97800391E+000  0.13287651E+001  0.24789724E+001  0.41131992E+001  0.58211014E+001  0.92747539E+001
  0.19206572E+000  0.21789947E+000  0.35320913E+000  0.51541124E+000  0.85888424E+000  0.97800401E+000  0.13287650E+001  0.24789726E+001  0.41131878E+001  0.58211014E+001  0.92747552E+001
  0.19206573E+000  0.21789948E+000  0.35320903E+000  0.51541125E+000  0.85888430E+000  0.97800409E+000  0.13287648E+001  0.24789728E+001  0.41131761E+001  0.58211015E+001  0.92747561E+001
  0.19206574E+000  0.21789949E+000  0.35320893E+000  0.51541125E+000  0.85888433E+000  0.97800414E+000  0.13287647E+001  0.24789729E+001  0.41131643E+001  0.58211015E+001  0.92747565E+001
  0.19206575E+000  0.21789949E+000  0.35320882E+000  0.51541125E+000  0.85888436E+000  0.97800417E+000  0.13287645E+001  0.24789729E+001  0.41131523E+001  0.58211015E+001  0.92747566E+001
  0.19206575E+000  0.21789949E+000  0.35320873E+000  0.51541125E+000  0.85888437E+000  0.97800419E+000  0.13287644E+001  0.24789729E+001  0.41131401E+001  0.58211015E+001  0.92747563E+001
  0.19206575E+000  0.21789949E+000  0.35320863E+000  0.51541124E+000  0.85888437E+000  0.97800419E+000  0.13287642E+001  0.24789729E+001  0.41131279E+001  0.58211015E+001  0.92747556E+001
  0.19206575E+000  0.21789948E+000  0.35320854E+000  0.51541123E+000  0.85888436E+000  0.97800417E+000  0.13287640E+001  0.24789728E+001  0.41131155E+001  0.58211015E+001  0.92747546E+001
  0.19206574E+000  0.21789947E+000  0.35320845E+000  0.51541122E+000  0.85888435E+000  0.97800415E+000  0.13287639E+001  0.24789727E+001  0.41131031E+001  0.58211015E+001  0.92747533E+001
  0.19206574E+000  0.21789947E+000  0.35320836E+000  0.51541120E+000  0.85888433E+000  0.97800412E+000  0.13287637E+001  0.24789726E+001  0.41130905E+001  0.58211015E+001  0.92747518E+001
  0.19206573E+000  0.21789946E+000  0.35320828E+000  0.51541119E+000  0.85888431E+000  0.97800409E+000  0.13287635E+001  0.24789724E+001  0.41130780E+001  0.58211014E+001  0.92747500E+001
  0.19206572E+000  0.21789945E+000  0.35320820E+000  0.51541117E+000  0.85888428E+000  0.97800405E+000  0.13287633E+001  0.24789723E+001  0.41130654E+001  0.58211014E+001  0.92747479E+001
  0.19206571E+000  0.21789944E+000  0.35320812E+000  0.51541115E+000  0.85888425E+000  0.97800400E+000  0.13287632E+001  0.24789721E+001  0.41130528E+001  0.58211014E+001  0.92747456E+001
  0.19206570E+000  0.21789943E+000  0.35320805E+000  0.51541113E+000  0.85888421E+000  0.97800395E+000  0.13287630E+001  0.24789720E+001  0.41130402E+001  0.58211014E+001  0.92747431E+001
  0.19206569E+000  0.21789942E+000  0.35320798E+000  0.51541111E+000  0.85888418E+000  0.97800390E+000  0.13287628E+001  0.24789718E+001  0.41130276E+001  0.58211014E+001  0.92747404E+001
  0.19206568E+000  0.21789940E+000  0.35320791E+000  0.51541109E+000  0.85888415E+000  0.97800385E+000  0.13287627E+001  0.24789716E+001  0.41130151E+001  0.58211013E+001  0.92747376E+001
  0.19206567E+000  0.21789939E+000  0.35320785E+000  0.51541107E+000  0.85888411E+000  0.97800379E+000  0.13287625E+001  0.24789715E+001  0.41130025E+001  0.58211013E+001  0.92747345E+001
  0.19206566E+000  0.21789938E+000  0.35320779E+000  0.51541105E+000  0.85888407E+000  0.97800374E+000  0.13287624E+001  0.24789713E+001  0.41129901E+001  0.58211013E+001  0.92747313E+001
  0.19206565E+000  0.21789937E+000  0.35320773E+000  0.51541104E+000  0.85888404E+000  0.97800369E+000  0.13287622E+001  0.24789711E+001  0.41129777E+001  0.58211013E+001  0.92747279E+001
  0.19206564E+000  0.21789936E+000  0.35320768E+000  0.51541102E+000  0.85888400E+000  0.97800364E+000  0.13287621E+001  0.24789710E+001  0.41129653E+001  0.58211012E+001  0.92747244E+001
  0.19206563E+000  0.21789935E+000  0.35320763E+000  0.51541100E+000  0.85888397E+000  0.97800359E+000  0.13287619E+001  0.24789708E+001  0.41129531E+001  0.58211012E+001  0.92747208E+001
  0.19206562E+000  0.21789934E+000  0.35320758E+000  0.51541098E+000  0.85888394E+000  0.97800354E+000  0.13287618E+001  0.24789706E+001  0.41129409E+001  0.58211012E+001  0.92747170E+001
  0.19206561E+000  0.21789933E+000  0.35320753E+000  0.51541097E+000  0.85888390E+000  0.97800349E+000  0.13287617E+001  0.24789705E+001  0.41129288E+001  0.58211012E+001  0.92747132E+001
  0.19206560E+000  0.21789932E+000  0.35320749E+000  0.51541095E+000  0.85888387E+000  0.97800345E+000  0.13287615E+001  0.24789703E+001  0.41129169E+001  0.58211012E+001  0.92747092E+001
  0.19206559E+000  0.21789931E+000  0.35320745E+000  0.51541094E+000  0.85888384E+000  0.97800340E+000  0.13287614E+001  0.24789702E+001  0.41129051E+001  0.58211012E+001  0.92747051E+001
  0.19206559E+000  0.21789931E+000  0.35320741E+000  0.51541092E+000  0.85888382E+000  0.97800336E+000  0.13287613E+001  0.24789701E+001  0.41128934E+001  0.58211011E+001  0.92747010E+001
  0.19206558E+000  0.21789930E+000  0.35320738E+000  0.51541091E+000  0.85888379E+000  0.97800332E+000  0.13287612E+001  0.24789699E+001  0.41118731E+001  0.58211011E+001  0.92746968E+001
  0.19206557E+000  0.21789929E+000  0.35320734E+000  0.51541090E+000  0.85888377E+000  0.97800329E+000  0.13287611E+001  0.24789698E+001  0.41118586E+001  0.58211011E+001  0.92746925E+001
  0.19206556E+000  0.21789928E+000  0.35320731E+000  0.51541089E+000  0.85888374E+000  0.97800325E+000  0.13287610E+001  0.24789697E+001  0.41118428E+001  0.58211011E+001  0.92746882E+001
  0.19206556E+000  0.21789928E+000  0.35320728E+000  0.51541087E+000  0.85888372E+000  0.97800322E+000  0.13287609E+001  0.24789696E+001  0.41118271E+001  0.58211011E+001  0.92746838E+001
  0.19206555E+000  0.21789927E+000  0.35320725E+000  0.51541086E+000  0.85888370E+000  0.97800319E+000  0.13287608E+001  0.24789695E+001  0.41118117E+001  0.58211011E+001  0.92746793E+001
  0.19206555E+000  0.21789927E+000  0.35320723E+000  0.51541086E+000  0.85888368E+000  0.97800317E+000  0.13287607E+001  0.24789694E+001  0.41117966E+001  0.58211011E+001  0.92746748E+001
  0.19206554E+000  0.21789926E+000  0.35320720E+000  0.51541085E+000  0.85888367E+000  0.97800315E+000  0.13287606E+001  0.24789693E+001  0.41117816E+001  0.58211010E+001  0.92746703E+001
  0.19206554E+000  0.21789926E+000  0.35320718E+000  0.51541084E+000  0.85888366E+000  0.97800313E+000  0.13287606E+001  0.24789692E+001  0.41117669E+001  0.58211010E+001  0.92746658E+001
  0.19206554E+000  0.21789925E+000  0.35320716E+000  0.51541083E+000  0.85888364E+000  0.97800311E+000  0.13287605E+001  0.24789691E+001  0.41117524E+001  0.58211010E+001  0.92746612E+001
  0.19206553E+000  0.21789925E+000  0.35320714E+000  0.51541083E+000  0.85888363E+000  0.97800309E+000  0.13287604E+001  0.24789691E+001  0.41117382E+001  0.58211010E+001  0.92746566E+001
  0.19206553E+000  0.21789925E+000  0.35320712E+000  0.51541082E+000  0.85888362E+000  0.97800308E+000  0.13287604E+001  0.24789690E+001  0.41117243E+001  0.58211010E+001  0.92746521E+001
  0.19206553E+000  0.21789925E+000  0.35320710E+000  0.51541082E+000  0.85888362E+000  0.97800307E+000  0.13287603E+001  0.24789690E+001  0.41117106E+001  0.58211010E+001  0.92746475E+001
  0.19206553E+000  0.21789924E+000  0.35320709E+000  0.51541082E+000  0.85888361E+000  0.97800306E+000  0.13287602E+001  0.24789689E+001  0.41116972E+001  0.58211010E+001  0.92746429E+001
  0.19206553E+000  0.21789924E+000  0.35320707E+000  0.51541081E+000  0.85888361E+000  0.97800306E+000  0.13287602E+001  0.24789689E+001  0.41116840E+001  0.58211010E+001  0.92746383E+001
  0.19206553E+000  0.21789924E+000  0.35320706E+000  0.51541081E+000  0.85888361E+000  0.97800305E+000  0.13287601E+001  0.24789689E+001  0.41116712E+001  0.58211010E+001  0.92746338E+001
  0.19206553E+000  0.21789924E+000  0.35320705E+000  0.51541081E+000  0.85888360E+000  0.97800305E+000  0.13287601E+001  0.24789688E+001  0.41116585E+001  0.58211010E+001  0.92746292E+001
  0.19206553E+000  0.21789924E+000  0.35320704E+000  0.51541081E+000  0.85888360E+000  0.97800306E+000  0.13287601E+001  0.24789688E+001  0.41116462E+001  0.58211010E+001  0.92746247E+001
  0.19206553E+000  0.21789924E+000  0.35320703E+000  0.51541081E+000  0.85888361E+000  0.97800306E+000  0.13287600E+001  0.24789688E+001  0.41116342E+001  0.58211010E+001  0.92746202E+001
  0.19206553E+000  0.21789924E+000  0.35320702E+000  0.51541081E+000  0.85888361E+000  0.97800306E+000  0.13287600E+001  0.24789688E+001  0.41116224E+001  0.58211010E+001  0.92746157E+001
  0.19206553E+000  0.21789924E+000  0.35320701E+000  0.51541081E+000  0.85888361E+000  0.97800307E+000  0.13287600E+001  0.24789688E+001  0.41116109E+001  0.58211010E+001  0.92746113E+001
  0.19206553E+000  0.21789924E+000  0.35320700E+000  0.51541081E+000  0.85888362E+000  0.97800308E+000  0.13287599E+001  0.24789688E+001  0.41115997E+001  0.58211010E+001  0.92746069E+001
  0.19206554E+000  0.21789925E+000  0.35320700E+000  0.51541081E+000  0.85888363E+000  0.97800309E+000  0.13287599E+001  0.24789688E+001  0.41115887E+001  0.58211010E+001  0.92746025E+001
  0.19206554E+000  0.21789925E+000  0.35320699E+000  0.51541082E+000  0.85888364E+000  0.97800310E+000  0.13287599E+001  0.24789688E+001  0.41115781E+001  0.58211010E+001  0.92745982E+001
  0.19206554E+000  0.21789925E+000  0.35320699E+000  0.51541082E+000  0.85888364E+000  0.97800312E+000  0.13287599E+001  0.24789688E+001  0.41115677E+001  0.58211010E+001  0.92745939E+001
  0.19206554E+000  0.21789925E+000  0.35320698E+000  0.51541082E+000  0.85888365E+000  0.97800313E+000  0.13287599E+001  0.24789688E+001  0.41115576E+001  0.58211011E+001  0.92745897E+001
  0.19206555E+000  0.21789926E+000  0.35320698E+000  0.51541083E+000  0.85888366E+000  0.97800315E+000  0.13287598E+001  0.24789689E+001  0.41115477E+001  0.58211011E+001  0.92745855E+001
  0.19206555E+000  0.21789926E+000  0.35320698E+000  0.51541083E+000  0.85888368E+000  0.97800316E+000  0.13287598E+001  0.24789689E+001  0.41115381E+001  0.58211011E+001  0.92745814E+001
  0.19206555E+000  0.21789926E+000  0.35320697E+000  0.51541084E+000  0.85888369E+000  0.97800318E+000  0.13287598E+001  0.24789689E+001  0.41115288E+001  0.58211011E+001  0.92745773E+001
  0.19206556E+000  0.21789927E+000  0.35320697E+000  0.51541084E+000  0.85888370E+000  0.97800320E+000  0.13287598E+001  0.24789690E+001  0.41115198E+001  0.58211011E+001  0.92745733E+001
  0.19206556E+000  0.21789927E+000  0.35320697E+000  0.51541085E+000  0.85888371E+000  0.97800322E+000  0.13287598E+001  0.24789690E+001  0.41115110E+001  0.58211011E+001  0.92745693E+001
  0.19206557E+000  0.21789927E+000  0.35320697E+000  0.51541085E+000  0.85888373E+000  0.97800324E+000  0.13287598E+001  0.24789690E+001  0.41115025E+001  0.58211011E+001  0.92745654E+001
  0.19206557E+000  0.21789928E+000  0.35320697E+000  0.51541086E+000  0.85888374E+000  0.97800326E+000  0.13287598E+001  0.24789691E+001  0.41114943E+001  0.58211011E+001  0.92745616E+001
  0.19206557E+000  0.21789928E+000  0.35320697E+000  0.51541086E+000  0.85888375E+000  0.97800328E+000  0.13287598E+001  0.24789691E+001  0.41114863E+001  0.58211011E+001  0.92745578E+001
  0.19206558E+000  0.21789928E+000  0.35320697E+000  0.51541087E+000  0.85888377E+000  0.97800330E+000  0.13287598E+001  0.24789691E+001  0.41114785E+001  0.58211011E+001  0.92745541E+001
  0.19206558E+000  0.21789929E+000  0.35320697E+000  0.51541087E+000  0.85888378E+000  0.97800333E+000  0.13287598E+001  0.24789692E+001  0.41114710E+001  0.58211011E+001  0.92745505E+001
  0.19206559E+000  0.21789929E+000  0.35320697E+000  0.51541088E+000  0.85888380E+000  0.97800335E+000  0.13287598E+001  0.24789692E+001  0.41114637E+001  0.58211011E+001  0.92745469E+001
  0.19206559E+000  0.21789930E+000  0.35320697E+000  0.51541088E+000  0.85888381E+000  0.97800337E+000  0.13287598E+001  0.24789693E+001  0.41114567E+001  0.58211012E+001  0.92745434E+001
  0.19206560E+000  0.21789930E+000  0.35320697E+000  0.51541089E+000  0.85888383E+000  0.97800339E+000  0.13287598E+001  0.24789693E+001  0.41114499E+001  0.58211012E+001  0.92745400E+001
  0.19206560E+000  0.21789931E+000  0.35320697E+000  0.51541090E+000  0.85888384E+000  0.97800342E+000  0.13287598E+001  0.24789694E+001  0.41114433E+001  0.58211012E+001  0.92745366E+001
  0.19206561E+000  0.21789931E+000  0.35320697E+000  0.51541090E+000  0.85888385E+000  0.97800344E+000  0.13287598E+001  0.24789694E+001  0.41114370E+001  0.58211012E+001  0.92745333E+001
  0.19206561E+000  0.21789931E+000  0.35320697E+000  0.51541091E+000  0.85888387E+000  0.97800346E+000  0.13287598E+001  0.24789694E+001  0.41114308E+001  0.58211012E+001  0.92745301E+001
  0.19206561E+000  0.21789932E+000  0.35320698E+000  0.51541091E+000  0.85888388E+000  0.97800348E+000  0.13287598E+001  0.24789695E+001  0.41114249E+001  0.58211012E+001  0.92745270E+001
  0.19206562E+000  0.21789932E+000  0.35320698E+000  0.51541092E+000  0.85888390E+000  0.97800351E+000  0.13287598E+001  0.24789695E+001  0.41114192E+001  0.58211012E+001  0.92745239E+001
  0.19206562E+000  0.21789933E+000  0.35320698E+000  0.51541093E+000  0.85888391E+000  0.97800353E+000  0.13287598E+001  0.24789696E+001  0.41114137E+001  0.58211012E+001  0.92745209E+001
  0.19206563E+000  0.21789933E+000  0.35320698E+000  0.51541093E+000  0.85888393E+000  0.97800355E+000  0.13287598E+001  0.24789696E+001  0.41114083E+001  0.58211012E+001  0.92745180E+001
  0.19206563E+000  0.21789934E+000  0.35320699E+000  0.51541094E+000  0.85888395E+000  0.97800358E+000  0.13287599E+001  0.24789697E+001  0.41114032E+001  0.58211013E+001  0.92745151E+001
  0.19206564E+000  0.21789934E+000  0.35320699E+000  0.51541095E+000  0.85888397E+000  0.97800361E+000  0.13287599E+001  0.24789698E+001  0.41113983E+001  0.58211013E+001  0.92745124E+001
  0.19206565E+000  0.21789935E+000  0.35320700E+000  0.51541096E+000  0.85888399E+000  0.97800364E+000  0.13287599E+001  0.24789699E+001  0.41113936E+001  0.58211013E+001  0.92745097E+001
  0.19206565E+000  0.21789935E+000  0.35320701E+000  0.51541098E+000  0.85888404E+000  0.97800369E+000  0.13287599E+001  0.24789700E+001  0.41113892E+001  0.58211013E+001  0.92745073E+001
  0.19206568E+000  0.21789938E+000  0.35320704E+000  0.51541101E+000  0.85888413E+000  0.97800383E+000  0.13287600E+001  0.24789703E+001  0.41113854E+001  0.58211014E+001  0.92745053E+001
  0.19206571E+000  0.21789941E+000  0.35320707E+000  0.51541104E+000  0.85888421E+000  0.97800396E+000  0.13287601E+001  0.24789706E+001  0.41113817E+001  0.58211014E+001  0.92745033E+001
