  0.10529480E+002
  0.10528901E+002
  0.10528453E+002
  0.10528083E+002
  0.10527776E+002
  0.10527519E+002
  0.10527303E+002
  0.10527120E+002
  0.10526966E+002
  0.10526834E+002
  0.10526722E+002
  0.10526627E+002
  0.10526545E+002
  0.10526476E+002
  0.10526417E+002
  0.10526366E+002
  0.10526323E+002
  0.10526286E+002
  0.10526254E+002
  0.10526228E+002
  0.10526205E+002
  0.10526186E+002
  0.10526171E+002
  0.10526158E+002
  0.10526147E+002
  0.10526139E+002
  0.10526133E+002
  0.10526128E+002
  0.10526125E+002
  0.10526124E+002
  0.10526124E+002
  0.10526125E+002
  0.10526127E+002
  0.10526131E+002
  0.10526135E+002
  0.10526141E+002
  0.10526147E+002
  0.10526155E+002
  0.10526163E+002
  0.10526173E+002
  0.10526183E+002
  0.10526194E+002
  0.10526207E+002
  0.10526220E+002
  0.10526234E+002
  0.10526249E+002
  0.10526264E+002
  0.10526281E+002
  0.10526299E+002
  0.10526317E+002
  0.10526336E+002
  0.10526356E+002
  0.10526377E+002
  0.10526398E+002
  0.10526420E+002
  0.10526443E+002
  0.10526466E+002
  0.10526490E+002
  0.10526515E+002
  0.10526540E+002
  0.10526566E+002
  0.10526592E+002
  0.10526619E+002
  0.10526646E+002
  0.10526673E+002
  0.10526701E+002
  0.10526728E+002
  0.10526757E+002
  0.10526785E+002
  0.10526813E+002
  0.10526842E+002
  0.10526871E+002
  0.10526899E+002
  0.10526928E+002
  0.10526956E+002
  0.10526985E+002
  0.10527013E+002
  0.10527041E+002
  0.10527069E+002
  0.10527097E+002
  0.10527124E+002
  0.10527151E+002
  0.10527177E+002
  0.10527203E+002
  0.10527229E+002
  0.10527254E+002
  0.10527278E+002
  0.10527302E+002
  0.10527326E+002
  0.10527349E+002
  0.10527371E+002
  0.10527393E+002
  0.10527414E+002
  0.10527435E+002
  0.10527455E+002
  0.10527475E+002
  0.10527494E+002
  0.10527512E+002
  0.10527530E+002
  0.10527548E+002
  0.10527565E+002
  0.10527582E+002
  0.10527598E+002
  0.10527613E+002
  0.10527629E+002
  0.10527644E+002
  0.10527658E+002
  0.10527672E+002
  0.10527686E+002
  0.10527700E+002
  0.10527714E+002
  0.10527727E+002
  0.10527740E+002
  0.10527753E+002
  0.10527765E+002
  0.10527778E+002
  0.10527790E+002
  0.10527802E+002
  0.10527815E+002
  0.10527827E+002
  0.10527839E+002
  0.10527851E+002
  0.10527863E+002
  0.10527875E+002
  0.10527887E+002
  0.10527900E+002
  0.10527912E+002
  0.10527924E+002
  0.10527937E+002
  0.10527949E+002
  0.10527962E+002
  0.10527974E+002
  0.10527987E+002
  0.10528000E+002
  0.10528013E+002
  0.10528027E+002
  0.10528040E+002
  0.10528054E+002
  0.10528068E+002
  0.10528082E+002
  0.10528096E+002
  0.10528111E+002
  0.10528125E+002
  0.10528140E+002
  0.10528155E+002
  0.10528170E+002
  0.10528186E+002
  0.10528201E+002
  0.10528217E+002
  0.10528233E+002
  0.10528249E+002
  0.10528266E+002
  0.10528282E+002
  0.10528299E+002
  0.10528316E+002
  0.10528333E+002
  0.10528350E+002
  0.10528368E+002
  0.10528385E+002
  0.10528403E+002
  0.10528421E+002
  0.10528438E+002
  0.10528456E+002
  0.10528474E+002
  0.10528492E+002
  0.10528511E+002
  0.10528529E+002
  0.10528547E+002
  0.10528565E+002
  0.10528583E+002
  0.10528601E+002
  0.10528620E+002
  0.10528638E+002
  0.10528656E+002
  0.10528674E+002
  0.10528692E+002
  0.10528709E+002
  0.10528727E+002
  0.10528745E+002
  0.10528762E+002
  0.10528779E+002
  0.10528797E+002
  0.10528814E+002
  0.10528830E+002
  0.10528847E+002
  0.10528864E+002
  0.10528880E+002
  0.10528896E+002
  0.10528912E+002
  0.10528928E+002
  0.10528943E+002
  0.10528958E+002
  0.10528973E+002
  0.10528988E+002
  0.10529002E+002
  0.10529017E+002
  0.10529031E+002
  0.10529044E+002
  0.10529058E+002
  0.10529071E+002
