  0.58543769E+000  0.31074241E+000  0.23319511E+001  0.38889795E+002
  0.58416304E+000  0.30596094E+000  0.23444386E+001  0.38881048E+002
  0.58302557E+000  0.30839055E+000  0.23431152E+001  0.38879285E+002
  0.58278156E+000  0.30903972E+000  0.23457032E+001  0.38874813E+002
  0.58267503E+000  0.30887370E+000  0.23469661E+001  0.38872595E+002
  0.58107109E+000  0.31070772E+000  0.23466174E+001  0.38871686E+002
  0.58060623E+000  0.31080283E+000  0.23329737E+001  0.38860763E+002
  0.57997992E+000  0.31155456E+000  0.23464651E+001  0.38870487E+002
  0.57995786E+000  0.31169918E+000  0.23527129E+001  0.38863497E+002
  0.57995702E+000  0.31267281E+000  0.23515285E+001  0.38863183E+002
  0.57994480E+000  0.31277602E+000  0.23521516E+001  0.38862021E+002
  0.57993624E+000  0.31261541E+000  0.23521137E+001  0.38861847E+002
  0.57993073E+000  0.31269102E+000  0.23518408E+001  0.38861724E+002
  0.57860483E+000  0.31407678E+000  0.23525959E+001  0.38860631E+002
  0.57860407E+000  0.31413284E+000  0.23523493E+001  0.38860585E+002
  0.57858283E+000  0.31420384E+000  0.23521146E+001  0.38860568E+002
  0.57858535E+000  0.31424648E+000  0.23518909E+001  0.38860573E+002
  0.57858908E+000  0.31428156E+000  0.23516803E+001  0.38860597E+002
  0.57859379E+000  0.31431754E+000  0.23514745E+001  0.38860637E+002
  0.57859933E+000  0.31434693E+000  0.23524089E+001  0.38859561E+002
  0.57860552E+000  0.31437312E+000  0.23522251E+001  0.38859622E+002
  0.57861226E+000  0.31439662E+000  0.23520500E+001  0.38859692E+002
  0.57861944E+000  0.31441775E+000  0.23518834E+001  0.38859767E+002
  0.57862697E+000  0.31443693E+000  0.23558132E+001  0.38855759E+002
  0.57863478E+000  0.31445434E+000  0.23556628E+001  0.38855842E+002
  0.57864280E+000  0.31447027E+000  0.23555199E+001  0.38855928E+002
  0.57865098E+000  0.31448484E+000  0.23553843E+001  0.38856016E+002
  0.57865928E+000  0.31449832E+000  0.23552557E+001  0.38856104E+002
  0.57866766E+000  0.31451079E+000  0.23551340E+001  0.38856193E+002
  0.57867608E+000  0.31452237E+000  0.23550190E+001  0.38856283E+002
  0.57868452E+000  0.31453320E+000  0.23549107E+001  0.38856371E+002
  0.57869295E+000  0.31454336E+000  0.23548088E+001  0.38856459E+002
  0.57870136E+000  0.31455292E+000  0.23547134E+001  0.38856546E+002
  0.57870972E+000  0.31456197E+000  0.23546244E+001  0.38856631E+002
  0.57871802E+000  0.31457056E+000  0.23545418E+001  0.38856715E+002
  0.57872625E+000  0.31457872E+000  0.23544654E+001  0.38856797E+002
  0.57873439E+000  0.31458652E+000  0.23543955E+001  0.38856877E+002
  0.57874244E+000  0.31459397E+000  0.23543319E+001  0.38856956E+002
  0.57875038E+000  0.31460113E+000  0.23542747E+001  0.38857032E+002
  0.57875820E+000  0.31460799E+000  0.23542240E+001  0.38857106E+002
  0.57876590E+000  0.31461459E+000  0.23541798E+001  0.38857177E+002
  0.57877347E+000  0.31462095E+000  0.23541421E+001  0.38857246E+002
  0.57878090E+000  0.31462707E+000  0.23541109E+001  0.38857313E+002
  0.57878819E+000  0.31463297E+000  0.23540863E+001  0.38857376E+002
  0.57879534E+000  0.31463867E+000  0.23540683E+001  0.38857438E+002
  0.57880234E+000  0.31464415E+000  0.23540568E+001  0.38857496E+002
  0.57880920E+000  0.31464944E+000  0.23540517E+001  0.38857552E+002
  0.57881591E+000  0.31465454E+000  0.23540528E+001  0.38857606E+002
  0.57882247E+000  0.31465945E+000  0.23540600E+001  0.38857657E+002
  0.57882890E+000  0.31466418E+000  0.23540730E+001  0.38857706E+002
  0.57883520E+000  0.31466872E+000  0.23540915E+001  0.38857753E+002
  0.57884139E+000  0.31467307E+000  0.23541153E+001  0.38857799E+002
  0.57884746E+000  0.31467726E+000  0.23541440E+001  0.38857842E+002
  0.57885345E+000  0.31468126E+000  0.23541772E+001  0.38857885E+002
  0.57885935E+000  0.31468509E+000  0.23542145E+001  0.38857926E+002
  0.57886520E+000  0.31468876E+000  0.23542556E+001  0.38857967E+002
  0.57887099E+000  0.31469226E+000  0.23543001E+001  0.38858007E+002
  0.57887676E+000  0.31469563E+000  0.23543477E+001  0.38858046E+002
  0.57888251E+000  0.31469885E+000  0.23543980E+001  0.38858086E+002
  0.57888824E+000  0.31470195E+000  0.23544508E+001  0.38858125E+002
  0.57889399E+000  0.31470494E+000  0.23545057E+001  0.38858164E+002
  0.57889974E+000  0.31470783E+000  0.23545625E+001  0.38858203E+002
  0.57890552E+000  0.31471063E+000  0.23546209E+001  0.38858242E+002
  0.57891131E+000  0.31471336E+000  0.23546809E+001  0.38858282E+002
  0.57891713E+000  0.31471602E+000  0.23547421E+001  0.38858321E+002
  0.57892297E+000  0.31471862E+000  0.23548045E+001  0.38858361E+002
  0.57892883E+000  0.31472118E+000  0.23548678E+001  0.38858401E+002
  0.57893470E+000  0.31472370E+000  0.23549320E+001  0.38858441E+002
  0.57894060E+000  0.31472618E+000  0.23549969E+001  0.38858481E+002
  0.57894649E+000  0.31472863E+000  0.23550624E+001  0.38858521E+002
  0.57895239E+000  0.31473105E+000  0.23551284E+001  0.38858561E+002
  0.57895828E+000  0.31473345E+000  0.23551947E+001  0.38858601E+002
  0.57896416E+000  0.31473583E+000  0.23552614E+001  0.38858641E+002
  0.57897002E+000  0.31473818E+000  0.23553282E+001  0.38858680E+002
  0.57897584E+000  0.31474052E+000  0.23553952E+001  0.38858719E+002
  0.57898162E+000  0.31474283E+000  0.23554622E+001  0.38858758E+002
  0.57898736E+000  0.31474512E+000  0.23555291E+001  0.38858796E+002
  0.57899304E+000  0.31474740E+000  0.23555959E+001  0.38858833E+002
  0.57899865E+000  0.31474965E+000  0.23556626E+001  0.38858870E+002
  0.57900420E+000  0.31475188E+000  0.23557289E+001  0.38858906E+002
  0.57900966E+000  0.31475408E+000  0.23557950E+001  0.38858941E+002
  0.57901504E+000  0.31475627E+000  0.23558607E+001  0.38858975E+002
  0.57902033E+000  0.31475843E+000  0.23559259E+001  0.38859008E+002
  0.57902552E+000  0.31476056E+000  0.23559907E+001  0.38859040E+002
  0.57903060E+000  0.31476266E+000  0.23560549E+001  0.38859071E+002
  0.57903558E+000  0.31476473E+000  0.23561185E+001  0.38859101E+002
  0.57904044E+000  0.31476677E+000  0.23561815E+001  0.38859129E+002
  0.57904518E+000  0.31476877E+000  0.23562438E+001  0.38859156E+002
  0.57904981E+000  0.31477074E+000  0.23563054E+001  0.38859182E+002
  0.57905430E+000  0.31477267E+000  0.23563663E+001  0.38859207E+002
  0.57905868E+000  0.31477456E+000  0.23564264E+001  0.38859230E+002
  0.57906292E+000  0.31477642E+000  0.23564856E+001  0.38859252E+002
  0.57906703E+000  0.31477823E+000  0.23565441E+001  0.38859273E+002
  0.57907100E+000  0.31477999E+000  0.23566016E+001  0.38859292E+002
  0.57907484E+000  0.31478171E+000  0.23566583E+001  0.38859311E+002
  0.57907855E+000  0.31478338E+000  0.23567140E+001  0.38859328E+002
  0.57908212E+000  0.31478500E+000  0.23567688E+001  0.38859344E+002
  0.57908556E+000  0.31478658E+000  0.23568226E+001  0.38859360E+002
  0.57908886E+000  0.31478811E+000  0.23568755E+001  0.38859374E+002
  0.57909203E+000  0.31478958E+000  0.23569273E+001  0.38859388E+002
  0.57909507E+000  0.31479101E+000  0.23569781E+001  0.38859401E+002
  0.57909798E+000  0.31479238E+000  0.23570279E+001  0.38859413E+002
  0.57910075E+000  0.31479370E+000  0.23570766E+001  0.38859424E+002
  0.57910340E+000  0.31479497E+000  0.23571243E+001  0.38859436E+002
  0.57910593E+000  0.31479619E+000  0.23571709E+001  0.38859447E+002
  0.57910833E+000  0.31479736E+000  0.23572165E+001  0.38859457E+002
  0.57911061E+000  0.31479848E+000  0.23572610E+001  0.38859468E+002
  0.57911277E+000  0.31479955E+000  0.23573044E+001  0.38859478E+002
  0.57911482E+000  0.31480056E+000  0.23573467E+001  0.38859488E+002
  0.57911676E+000  0.31480153E+000  0.23573880E+001  0.38859499E+002
  0.57911859E+000  0.31480245E+000  0.23574282E+001  0.38859510E+002
  0.57912031E+000  0.31480332E+000  0.23574674E+001  0.38859521E+002
  0.57912193E+000  0.31480414E+000  0.23575055E+001  0.38859532E+002
  0.57912346E+000  0.31480492E+000  0.23575426E+001  0.38859544E+002
  0.57912488E+000  0.31480565E+000  0.23575786E+001  0.38859557E+002
  0.57912622E+000  0.31480634E+000  0.23576136E+001  0.38859570E+002
  0.57912747E+000  0.31480698E+000  0.23576477E+001  0.38859583E+002
  0.57912863E+000  0.31480758E+000  0.23576807E+001  0.38859598E+002
  0.57912971E+000  0.31480814E+000  0.23577127E+001  0.38859613E+002
  0.57913071E+000  0.31480867E+000  0.23577438E+001  0.38859629E+002
  0.57913164E+000  0.31480915E+000  0.23577740E+001  0.38859646E+002
  0.57913250E+000  0.31480960E+000  0.23578032E+001  0.38859664E+002
  0.57913328E+000  0.31481001E+000  0.23578316E+001  0.38859683E+002
  0.57913400E+000  0.31481039E+000  0.23578590E+001  0.38859702E+002
  0.57913466E+000  0.31481074E+000  0.23578856E+001  0.38859723E+002
  0.57913527E+000  0.31481106E+000  0.23579113E+001  0.38859746E+002
  0.57913581E+000  0.31481135E+000  0.23579362E+001  0.38859769E+002
  0.57913630E+000  0.31481161E+000  0.23579603E+001  0.38859793E+002
  0.57913675E+000  0.31481184E+000  0.23579836E+001  0.38859819E+002
  0.57913714E+000  0.31481205E+000  0.23580061E+001  0.38859846E+002
  0.57913749E+000  0.31481224E+000  0.23580279E+001  0.38859874E+002
  0.57913780E+000  0.31481240E+000  0.23580489E+001  0.38859903E+002
  0.57913807E+000  0.31481255E+000  0.23580692E+001  0.38859934E+002
  0.57913830E+000  0.31481267E+000  0.23580888E+001  0.38859966E+002
  0.57913850E+000  0.31481278E+000  0.23581078E+001  0.38860000E+002
  0.57913867E+000  0.31481287E+000  0.23581260E+001  0.38860034E+002
  0.57913880E+000  0.31481294E+000  0.23581437E+001  0.38860071E+002
  0.57913891E+000  0.31481300E+000  0.23581606E+001  0.38860108E+002
  0.57913900E+000  0.31481305E+000  0.23581770E+001  0.38860147E+002
  0.57913906E+000  0.31481309E+000  0.23581928E+001  0.38860187E+002
  0.57913909E+000  0.31481311E+000  0.23582080E+001  0.38860229E+002
  0.57913911E+000  0.31481313E+000  0.23582227E+001  0.38860272E+002
  0.57913911E+000  0.31481313E+000  0.23582368E+001  0.38860317E+002
  0.57913910E+000  0.31481313E+000  0.23582504E+001  0.38860362E+002
  0.57913906E+000  0.31481311E+000  0.23582635E+001  0.38860409E+002
  0.57913902E+000  0.31481310E+000  0.23582760E+001  0.38860458E+002
  0.57913896E+000  0.31481307E+000  0.23582881E+001  0.38860508E+002
  0.57913889E+000  0.31481304E+000  0.23582998E+001  0.38860559E+002
  0.57913882E+000  0.31481300E+000  0.23583110E+001  0.38860611E+002
  0.57913873E+000  0.31481297E+000  0.23583217E+001  0.38860664E+002
  0.57913864E+000  0.31481292E+000  0.23583321E+001  0.38860719E+002
  0.57913854E+000  0.31481288E+000  0.23583420E+001  0.38860775E+002
  0.57913843E+000  0.31481283E+000  0.23583515E+001  0.38860832E+002
  0.57913832E+000  0.31481277E+000  0.23583607E+001  0.38860890E+002
  0.57913821E+000  0.31481272E+000  0.23583695E+001  0.38860949E+002
  0.57913809E+000  0.31481266E+000  0.23583779E+001  0.38861009E+002
  0.57913797E+000  0.31481261E+000  0.23583860E+001  0.38861070E+002
  0.57913785E+000  0.31481255E+000  0.23583938E+001  0.38861132E+002
  0.57913773E+000  0.31481249E+000  0.23584012E+001  0.38861195E+002
  0.57913760E+000  0.31481243E+000  0.23584084E+001  0.38861258E+002
  0.57913748E+000  0.31481237E+000  0.23584152E+001  0.38861322E+002
  0.57913735E+000  0.31481231E+000  0.23584218E+001  0.38861387E+002
  0.57913723E+000  0.31481225E+000  0.23584281E+001  0.38861453E+002
  0.57913711E+000  0.31481219E+000  0.23584341E+001  0.38861519E+002
  0.57913699E+000  0.31481213E+000  0.23584399E+001  0.38861586E+002
  0.57913687E+000  0.31481208E+000  0.23584454E+001  0.38861653E+002
  0.57913675E+000  0.31481202E+000  0.23584507E+001  0.38861720E+002
  0.57913663E+000  0.31481196E+000  0.23584558E+001  0.38861788E+002
  0.57913652E+000  0.31481190E+000  0.23584607E+001  0.38861856E+002
  0.57913640E+000  0.31481185E+000  0.23584653E+001  0.38861924E+002
  0.57913629E+000  0.31481179E+000  0.23584698E+001  0.38861992E+002
  0.57913619E+000  0.31481174E+000  0.23584740E+001  0.38862061E+002
  0.57913608E+000  0.31481169E+000  0.23584781E+001  0.38862129E+002
  0.57913598E+000  0.31481164E+000  0.23584820E+001  0.38862198E+002
  0.57913588E+000  0.31481159E+000  0.23584857E+001  0.38862266E+002
  0.57913578E+000  0.31481154E+000  0.23584893E+001  0.38862334E+002
  0.57913568E+000  0.31481149E+000  0.23584927E+001  0.38862402E+002
  0.57913559E+000  0.31481144E+000  0.23584959E+001  0.38862470E+002
  0.57913550E+000  0.31481140E+000  0.23584990E+001  0.38862537E+002
  0.57913541E+000  0.31481135E+000  0.23585020E+001  0.38862604E+002
  0.57913533E+000  0.31481131E+000  0.23585048E+001  0.38862671E+002
  0.57913525E+000  0.31481127E+000  0.23585075E+001  0.38862737E+002
  0.57913517E+000  0.31481123E+000  0.23585101E+001  0.38862803E+002
  0.57913509E+000  0.31481119E+000  0.23585126E+001  0.38862868E+002
  0.57913502E+000  0.31481115E+000  0.23585150E+001  0.38862932E+002
  0.57913494E+000  0.31481112E+000  0.23585172E+001  0.38862996E+002
  0.57913488E+000  0.31481108E+000  0.23585194E+001  0.38863059E+002
  0.57913481E+000  0.31481105E+000  0.23585214E+001  0.38863121E+002
  0.57913475E+000  0.31481102E+000  0.23585234E+001  0.38863183E+002
  0.57913468E+000  0.31481098E+000  0.23585253E+001  0.38863244E+002
  0.57913463E+000  0.31481096E+000  0.23585271E+001  0.38863304E+002
  0.57913457E+000  0.31481093E+000  0.23585288E+001  0.38863363E+002
  0.57913452E+000  0.31481090E+000  0.23585304E+001  0.38863422E+002
  0.57913446E+000  0.31481088E+000  0.23585320E+001  0.38863479E+002
  0.57913442E+000  0.31481085E+000  0.23585335E+001  0.38863536E+002
  0.57913437E+000  0.31481083E+000  0.23585349E+001  0.38863591E+002
  0.57913433E+000  0.31481081E+000  0.23585363E+001  0.38863646E+002
  0.57913428E+000  0.31481080E+000  0.23585376E+001  0.38863700E+002
  0.57913424E+000  0.31481080E+000  0.23585387E+001  0.38863752E+002
  0.57913419E+000  0.31481075E+000  0.23585398E+001  0.38863804E+002
