  0.66372628E-001
  0.66462989E-001
  0.66380064E-001
  0.66332236E-001
  0.66293423E-001
  0.66262395E-001
  0.66237131E-001
  0.66216280E-001
  0.66198921E-001
  0.66184398E-001
  0.66172225E-001
  0.66162000E-001
  0.66153390E-001
  0.66146141E-001
  0.66140032E-001
  0.66134881E-001
  0.66130533E-001
  0.66126864E-001
  0.66123771E-001
  0.66121163E-001
  0.66118969E-001
  0.66117124E-001
  0.66115579E-001
  0.66114283E-001
  0.66113203E-001
  0.66112303E-001
  0.66111558E-001
  0.66110940E-001
  0.66110431E-001
  0.66110015E-001
  0.66109673E-001
  0.66109395E-001
  0.66109170E-001
  0.66108988E-001
  0.66108843E-001
  0.66108727E-001
  0.66108636E-001
  0.66108567E-001
  0.66108515E-001
  0.66108479E-001
  0.66108457E-001
  0.66108446E-001
  0.66108448E-001
  0.66108460E-001
  0.66108483E-001
  0.66108517E-001
  0.66108561E-001
  0.66108615E-001
  0.66108681E-001
  0.66108757E-001
  0.66108845E-001
  0.66108944E-001
  0.66109053E-001
  0.66109174E-001
  0.66109306E-001
  0.66109448E-001
  0.66109600E-001
  0.66109762E-001
  0.66109933E-001
  0.66110113E-001
  0.66110301E-001
  0.66110497E-001
  0.66110700E-001
  0.66110908E-001
  0.66111123E-001
  0.66111343E-001
  0.66111568E-001
  0.66111796E-001
  0.66112029E-001
  0.66112264E-001
  0.66112502E-001
  0.66112742E-001
  0.66112984E-001
  0.66113227E-001
  0.66113470E-001
  0.66113714E-001
  0.66113958E-001
  0.66114202E-001
  0.66114444E-001
  0.66114684E-001
  0.66114923E-001
  0.66115159E-001
  0.66115393E-001
  0.66115623E-001
  0.66115850E-001
  0.66116073E-001
  0.66116292E-001
  0.66116506E-001
  0.66116716E-001
  0.66116921E-001
  0.66117120E-001
  0.66117315E-001
  0.66117504E-001
  0.66117687E-001
  0.66117865E-001
  0.66118037E-001
  0.66118204E-001
  0.66118365E-001
  0.66118521E-001
  0.66118672E-001
  0.66118817E-001
  0.66118957E-001
  0.66119092E-001
  0.66119222E-001
  0.66119348E-001
  0.66119470E-001
  0.66119587E-001
  0.66119700E-001
  0.66119810E-001
  0.66119916E-001
  0.66120018E-001
  0.66120118E-001
  0.66120214E-001
  0.66120308E-001
  0.66120400E-001
  0.66120489E-001
  0.66120577E-001
  0.66120662E-001
  0.66120746E-001
  0.66120828E-001
  0.66120909E-001
  0.66120988E-001
  0.66121067E-001
  0.66121145E-001
  0.66121222E-001
  0.66121299E-001
  0.66121375E-001
  0.66121451E-001
  0.66121527E-001
  0.66121603E-001
  0.66121679E-001
  0.66121755E-001
  0.66121831E-001
  0.66121908E-001
  0.66121985E-001
  0.66122063E-001
  0.66122142E-001
  0.66122221E-001
  0.66122301E-001
  0.66122382E-001
  0.66122464E-001
  0.66122547E-001
  0.66122631E-001
  0.66122716E-001
  0.66122802E-001
  0.66122890E-001
  0.66122978E-001
  0.66123068E-001
  0.66123159E-001
  0.66123252E-001
  0.66123345E-001
  0.66123440E-001
  0.66123537E-001
  0.66123634E-001
  0.66123733E-001
  0.66123832E-001
  0.66123933E-001
  0.66124035E-001
  0.66124139E-001
  0.66124243E-001
  0.66124348E-001
  0.66124454E-001
  0.66124561E-001
  0.66124669E-001
  0.66124777E-001
  0.66124886E-001
  0.66124996E-001
  0.66125106E-001
  0.66125217E-001
  0.66125328E-001
  0.66125439E-001
  0.66125551E-001
  0.66125663E-001
  0.66125774E-001
  0.66125886E-001
  0.66125997E-001
  0.66126108E-001
  0.66126219E-001
  0.66126330E-001
  0.66126440E-001
  0.66126549E-001
  0.66126658E-001
  0.66126766E-001
  0.66126874E-001
  0.66126980E-001
  0.66127086E-001
  0.66127190E-001
  0.66127294E-001
  0.66127397E-001
  0.66127498E-001
  0.66127598E-001
  0.66127697E-001
  0.66127795E-001
  0.66127891E-001
  0.66127986E-001
  0.66128079E-001
  0.66128172E-001
  0.66128264E-001
  0.66128353E-001
  0.66128438E-001
