  0.42099906E+000
  0.42014335E+000
  0.41967819E+000
  0.41932867E+000
  0.41908015E+000
  0.41890799E+000
  0.41879565E+000
  0.41873070E+000
  0.41870336E+000
  0.41870572E+000
  0.41873142E+000
  0.41877536E+000
  0.41883338E+000
  0.41890210E+000
  0.41897880E+000
  0.41906130E+000
  0.41914783E+000
  0.41923696E+000
  0.41932755E+000
  0.41941865E+000
  0.41950951E+000
  0.41959953E+000
  0.41968819E+000
  0.41977511E+000
  0.41985995E+000
  0.41994244E+000
  0.42002235E+000
  0.42009953E+000
  0.42017381E+000
  0.42024507E+000
  0.42031323E+000
  0.42037821E+000
  0.42043995E+000
  0.42049842E+000
  0.42055359E+000
  0.42060546E+000
  0.42065403E+000
  0.42069932E+000
  0.42074137E+000
  0.42078022E+000
  0.42081594E+000
  0.42084862E+000
  0.42087833E+000
  0.42090518E+000
  0.42092930E+000
  0.42095082E+000
  0.42096986E+000
  0.42098659E+000
  0.42100116E+000
  0.42101373E+000
  0.42102447E+000
  0.42103353E+000
  0.42104109E+000
  0.42104730E+000
  0.42105232E+000
  0.42105628E+000
  0.42105933E+000
  0.42106157E+000
  0.42106314E+000
  0.42106413E+000
  0.42106462E+000
  0.42106470E+000
  0.42106444E+000
  0.42106388E+000
  0.42106309E+000
  0.42106211E+000
  0.42106096E+000
  0.42105968E+000
  0.42105829E+000
  0.42105682E+000
  0.42105528E+000
  0.42105368E+000
  0.42105205E+000
  0.42105037E+000
  0.42104868E+000
  0.42104697E+000
  0.42104525E+000
  0.42104353E+000
  0.42104181E+000
  0.42104009E+000
  0.42103840E+000
  0.42103672E+000
  0.42103506E+000
  0.42103344E+000
  0.42103184E+000
  0.42103027E+000
  0.42102874E+000
  0.42102726E+000
  0.42102581E+000
  0.42102441E+000
  0.42102306E+000
  0.42102176E+000
  0.42102051E+000
  0.42101931E+000
  0.42101816E+000
  0.42101706E+000
  0.42101601E+000
  0.42101502E+000
  0.42101408E+000
  0.42101319E+000
  0.42101235E+000
  0.42101156E+000
  0.42101082E+000
  0.42101012E+000
  0.42100947E+000
  0.42100886E+000
  0.42100828E+000
  0.42100775E+000
  0.42100725E+000
  0.42100679E+000
  0.42100636E+000
  0.42100596E+000
  0.42100558E+000
  0.42100523E+000
  0.42100491E+000
  0.42100461E+000
  0.42100432E+000
  0.42100406E+000
  0.42100381E+000
  0.42100358E+000
  0.42100337E+000
  0.42100316E+000
  0.42100297E+000
  0.42100279E+000
  0.42100262E+000
  0.42100246E+000
  0.42100231E+000
  0.42100217E+000
  0.42100203E+000
  0.42100190E+000
  0.42100177E+000
  0.42100165E+000
  0.42100154E+000
  0.42100143E+000
  0.42100132E+000
  0.42100122E+000
  0.42100113E+000
  0.42100103E+000
  0.42100094E+000
  0.42100086E+000
  0.42100078E+000
  0.42100070E+000
  0.42100062E+000
  0.42100055E+000
  0.42100048E+000
  0.42100041E+000
  0.42100035E+000
  0.42100029E+000
  0.42100023E+000
  0.42100017E+000
  0.42100012E+000
  0.42100007E+000
  0.42100002E+000
  0.42099997E+000
  0.42099992E+000
  0.42099988E+000
  0.42099984E+000
  0.42099979E+000
  0.42099976E+000
  0.42099972E+000
  0.42099968E+000
  0.42099965E+000
  0.42099962E+000
  0.42099959E+000
  0.42099956E+000
  0.42099953E+000
  0.42099950E+000
  0.42099948E+000
  0.42099945E+000
  0.42099943E+000
  0.42099941E+000
  0.42099939E+000
  0.42099937E+000
  0.42099935E+000
  0.42099933E+000
  0.42099931E+000
  0.42099930E+000
  0.42099928E+000
  0.42099926E+000
  0.42099925E+000
  0.42099924E+000
  0.42099922E+000
  0.42099921E+000
  0.42099920E+000
  0.42099919E+000
  0.42099918E+000
  0.42099917E+000
  0.42099916E+000
  0.42099915E+000
  0.42099915E+000
  0.42099914E+000
  0.42099913E+000
  0.42099913E+000
  0.42099913E+000
  0.42099912E+000
  0.42099913E+000
  0.42099913E+000
  0.42099913E+000
  0.42099914E+000
  0.42099911E+000
