  0.64309194E+000  0.10325871E+000  0.16013789E+000  0.77750778E+000
  0.64073160E+000  0.10414614E+000  0.15997374E+000  0.77572202E+000
  0.63851229E+000  0.10553734E+000  0.15988205E+000  0.77478119E+000
  0.63629055E+000  0.10708519E+000  0.15916131E+000  0.77477775E+000
  0.63551318E+000  0.10664428E+000  0.15914766E+000  0.77501560E+000
  0.63230003E+000  0.10933664E+000  0.15921061E+000  0.77478476E+000
  0.63190592E+000  0.10942383E+000  0.15928485E+000  0.77416289E+000
  0.62989774E+000  0.11092954E+000  0.15944703E+000  0.77464857E+000
  0.62848214E+000  0.11220251E+000  0.15930842E+000  0.77482049E+000
  0.62840869E+000  0.11158342E+000  0.15992199E+000  0.77490888E+000
  0.62837079E+000  0.11158919E+000  0.15991717E+000  0.77504865E+000
  0.62836563E+000  0.11117629E+000  0.16036561E+000  0.77519400E+000
  0.62839200E+000  0.11119195E+000  0.16039455E+000  0.77535512E+000
  0.62713401E+000  0.11251692E+000  0.16041258E+000  0.77554500E+000
  0.62720822E+000  0.11253507E+000  0.16045036E+000  0.77572166E+000
  0.62729876E+000  0.11255496E+000  0.16049087E+000  0.77590070E+000
  0.62740276E+000  0.11257591E+000  0.16053303E+000  0.77607971E+000
  0.62751739E+000  0.11259183E+000  0.16058183E+000  0.77625690E+000
  0.62764020E+000  0.11261369E+000  0.16062545E+000  0.77643095E+000
  0.62776909E+000  0.11263564E+000  0.16064812E+000  0.77662186E+000
  0.62790226E+000  0.11265750E+000  0.16069139E+000  0.77678701E+000
  0.62803819E+000  0.11267914E+000  0.16073403E+000  0.77694684E+000
  0.62817555E+000  0.11270036E+000  0.16077594E+000  0.77710102E+000
  0.62831321E+000  0.11272126E+000  0.16037652E+000  0.77768955E+000
  0.62845018E+000  0.11274168E+000  0.16041618E+000  0.77783184E+000
  0.62858563E+000  0.11276158E+000  0.16045462E+000  0.77796801E+000
  0.62871882E+000  0.11278091E+000  0.16049179E+000  0.77809799E+000
  0.62884912E+000  0.11279965E+000  0.16052764E+000  0.77822180E+000
  0.62897596E+000  0.11281777E+000  0.16056211E+000  0.77833947E+000
  0.62909888E+000  0.11283528E+000  0.16059520E+000  0.77845102E+000
  0.62921744E+000  0.11285216E+000  0.16062687E+000  0.77855654E+000
  0.62933130E+000  0.11286840E+000  0.16065712E+000  0.77865611E+000
  0.62944015E+000  0.11288401E+000  0.16068593E+000  0.77874981E+000
  0.62954374E+000  0.11289898E+000  0.16071330E+000  0.77883775E+000
  0.62964186E+000  0.11291332E+000  0.16073923E+000  0.77892005E+000
  0.62973436E+000  0.11292702E+000  0.16076373E+000  0.77899682E+000
  0.62982112E+000  0.11294009E+000  0.16078679E+000  0.77906821E+000
  0.62990208E+000  0.11295252E+000  0.16080842E+000  0.77913435E+000
  0.62997722E+000  0.11296431E+000  0.16082864E+000  0.77919540E+000
  0.63004656E+000  0.11297545E+000  0.16084745E+000  0.77925151E+000
  0.63011018E+000  0.11298593E+000  0.16086489E+000  0.77930287E+000
  0.63016819E+000  0.11299576E+000  0.16088097E+000  0.77934965E+000
  0.63022073E+000  0.11300492E+000  0.16089572E+000  0.77939205E+000
  0.63026801E+000  0.11301340E+000  0.16090918E+000  0.77943025E+000
  0.63031024E+000  0.11302122E+000  0.16092139E+000  0.77946447E+000
  0.63034769E+000  0.11302836E+000  0.16093239E+000  0.77949492E+000
  0.63038064E+000  0.11303484E+000  0.16094225E+000  0.77952182E+000
  0.63040938E+000  0.11304066E+000  0.16095102E+000  0.77954540E+000
  0.63043424E+000  0.11304585E+000  0.16095877E+000  0.77956588E+000
  0.63045554E+000  0.11305042E+000  0.16096556E+000  0.77958350E+000
  0.63047360E+000  0.11305441E+000  0.16097147E+000  0.77959848E+000
  0.63048875E+000  0.11305784E+000  0.16097657E+000  0.77961107E+000
  0.63050131E+000  0.11306075E+000  0.16098094E+000  0.77962148E+000
  0.63051156E+000  0.11306319E+000  0.16098464E+000  0.77962993E+000
  0.63051979E+000  0.11306519E+000  0.16098775E+000  0.77963664E+000
  0.63052626E+000  0.11306681E+000  0.16099034E+000  0.77964182E+000
  0.63053120E+000  0.11306808E+000  0.16099247E+000  0.77964564E+000
  0.63053485E+000  0.11306905E+000  0.16099420E+000  0.77964830E+000
  0.63053737E+000  0.11306975E+000  0.16099559E+000  0.77964995E+000
  0.63053895E+000  0.11307023E+000  0.16099667E+000  0.77965075E+000
  0.63053973E+000  0.11307052E+000  0.16099751E+000  0.77965082E+000
  0.63053984E+000  0.11307065E+000  0.16099813E+000  0.77965028E+000
  0.63053939E+000  0.11307065E+000  0.16099857E+000  0.77964923E+000
  0.63053846E+000  0.11307054E+000  0.16099886E+000  0.77964777E+000
  0.63053714E+000  0.11307035E+000  0.16099901E+000  0.77964597E+000
  0.63053549E+000  0.11307008E+000  0.16099905E+000  0.77964390E+000
  0.63053357E+000  0.11306976E+000  0.16099900E+000  0.77964160E+000
  0.63053142E+000  0.11306940E+000  0.16099887E+000  0.77963912E+000
  0.63052909E+000  0.11306900E+000  0.16099867E+000  0.77963651E+000
  0.63052661E+000  0.11306858E+000  0.16099840E+000  0.77963379E+000
  0.63052400E+000  0.11306814E+000  0.16099809E+000  0.77963099E+000
  0.63052128E+000  0.11306768E+000  0.16099773E+000  0.77962814E+000
  0.63051849E+000  0.11306722E+000  0.16099733E+000  0.77962524E+000
  0.63051563E+000  0.11306675E+000  0.16099689E+000  0.77962233E+000
  0.63051272E+000  0.11306628E+000  0.16099642E+000  0.77961940E+000
  0.63050977E+000  0.11306581E+000  0.16099592E+000  0.77961647E+000
  0.63050679E+000  0.11306535E+000  0.16099540E+000  0.77961356E+000
  0.63050380E+000  0.11306488E+000  0.16099486E+000  0.77961066E+000
  0.63050080E+000  0.11306442E+000  0.16099430E+000  0.77960780E+000
  0.63049781E+000  0.11306396E+000  0.16099372E+000  0.77960498E+000
  0.63049483E+000  0.11306351E+000  0.16099314E+000  0.77960220E+000
  0.63049188E+000  0.11306307E+000  0.16099255E+000  0.77959948E+000
  0.63048895E+000  0.11306263E+000  0.16099195E+000  0.77959681E+000
  0.63048606E+000  0.11306220E+000  0.16099136E+000  0.77959422E+000
  0.63048321E+000  0.11306178E+000  0.16099077E+000  0.77959169E+000
  0.63048041E+000  0.11306136E+000  0.16099019E+000  0.77958923E+000
  0.63047765E+000  0.11306095E+000  0.16098962E+000  0.77958685E+000
  0.63047496E+000  0.11306055E+000  0.16098906E+000  0.77958455E+000
  0.63047233E+000  0.11306016E+000  0.16098851E+000  0.77958233E+000
  0.63046977E+000  0.11305978E+000  0.16098798E+000  0.77958020E+000
  0.63046728E+000  0.11305940E+000  0.16098748E+000  0.77957816E+000
  0.63046487E+000  0.11305904E+000  0.16098699E+000  0.77957622E+000
  0.63046254E+000  0.11305877E+000  0.16098644E+000  0.77957436E+000
  0.63046030E+000  0.11305843E+000  0.16098600E+000  0.77957259E+000
  0.63045813E+000  0.11305809E+000  0.16098559E+000  0.77957091E+000
  0.63045605E+000  0.11305776E+000  0.16098521E+000  0.77956932E+000
  0.63045405E+000  0.11305744E+000  0.16098485E+000  0.77956781E+000
  0.63045214E+000  0.11305714E+000  0.16098452E+000  0.77956639E+000
  0.63045031E+000  0.11305684E+000  0.16098421E+000  0.77956506E+000
  0.63044858E+000  0.11305656E+000  0.16098393E+000  0.77956380E+000
  0.63044692E+000  0.11305628E+000  0.16098368E+000  0.77956263E+000
  0.63044535E+000  0.11305602E+000  0.16098345E+000  0.77956153E+000
  0.63044387E+000  0.11305577E+000  0.16098324E+000  0.77956050E+000
  0.63044246E+000  0.11305552E+000  0.16098305E+000  0.77955955E+000
  0.63044114E+000  0.11305529E+000  0.16098289E+000  0.77955866E+000
  0.63043989E+000  0.11305507E+000  0.16098274E+000  0.77955783E+000
  0.63043871E+000  0.11305486E+000  0.16098261E+000  0.77955706E+000
  0.63043760E+000  0.11305466E+000  0.16098249E+000  0.77955635E+000
  0.63043656E+000  0.11305447E+000  0.16098239E+000  0.77955569E+000
  0.63043559E+000  0.11305429E+000  0.16098230E+000  0.77955508E+000
  0.63043468E+000  0.11305412E+000  0.16098222E+000  0.77955451E+000
  0.63043383E+000  0.11305395E+000  0.16098215E+000  0.77955399E+000
  0.63043303E+000  0.11305380E+000  0.16098209E+000  0.77955351E+000
  0.63043228E+000  0.11305365E+000  0.16098204E+000  0.77955306E+000
  0.63043159E+000  0.11305351E+000  0.16098199E+000  0.77955264E+000
  0.63043094E+000  0.11305337E+000  0.16098195E+000  0.77955226E+000
  0.63043034E+000  0.11305324E+000  0.16098191E+000  0.77955190E+000
  0.63042977E+000  0.11305312E+000  0.16098188E+000  0.77955157E+000
  0.63042924E+000  0.11305300E+000  0.16098185E+000  0.77955126E+000
  0.63042875E+000  0.11305289E+000  0.16098182E+000  0.77955097E+000
  0.63042829E+000  0.11305278E+000  0.16098180E+000  0.77955069E+000
  0.63042787E+000  0.11305268E+000  0.16098177E+000  0.77955044E+000
  0.63042747E+000  0.11305258E+000  0.16098175E+000  0.77955020E+000
  0.63042710E+000  0.11305248E+000  0.16098172E+000  0.77954997E+000
  0.63042675E+000  0.11305239E+000  0.16098170E+000  0.77954976E+000
  0.63042642E+000  0.11305230E+000  0.16098168E+000  0.77954955E+000
  0.63042612E+000  0.11305221E+000  0.16098165E+000  0.77954936E+000
  0.63042583E+000  0.11305212E+000  0.16098163E+000  0.77954917E+000
  0.63042557E+000  0.11305204E+000  0.16098160E+000  0.77954900E+000
  0.63042532E+000  0.11305196E+000  0.16098158E+000  0.77954883E+000
  0.63042508E+000  0.11305188E+000  0.16098155E+000  0.77954866E+000
  0.63042486E+000  0.11305181E+000  0.16098152E+000  0.77954850E+000
  0.63042466E+000  0.11305174E+000  0.16098150E+000  0.77954835E+000
  0.63042446E+000  0.11305167E+000  0.16098147E+000  0.77954821E+000
  0.63042428E+000  0.11305160E+000  0.16098144E+000  0.77954806E+000
  0.63042411E+000  0.11305153E+000  0.16098141E+000  0.77954793E+000
  0.63042395E+000  0.11305147E+000  0.16098138E+000  0.77954780E+000
  0.63042380E+000  0.11305141E+000  0.16098135E+000  0.77954767E+000
  0.63042366E+000  0.11305135E+000  0.16098132E+000  0.77954754E+000
  0.63042352E+000  0.11305129E+000  0.16098129E+000  0.77954742E+000
  0.63042339E+000  0.11305124E+000  0.16098127E+000  0.77954731E+000
  0.63042327E+000  0.11305119E+000  0.16098124E+000  0.77954719E+000
  0.63042316E+000  0.11305114E+000  0.16098121E+000  0.77954708E+000
  0.63042305E+000  0.11305109E+000  0.16098118E+000  0.77954698E+000
  0.63042295E+000  0.11305104E+000  0.16098115E+000  0.77954687E+000
  0.63042286E+000  0.11305100E+000  0.16098112E+000  0.77954678E+000
  0.63042277E+000  0.11305095E+000  0.16098109E+000  0.77954668E+000
  0.63042268E+000  0.11305091E+000  0.16098106E+000  0.77954659E+000
  0.63042260E+000  0.11305087E+000  0.16098104E+000  0.77954650E+000
  0.63042252E+000  0.11305084E+000  0.16098101E+000  0.77954641E+000
  0.63042245E+000  0.11305080E+000  0.16098098E+000  0.77954633E+000
  0.63042238E+000  0.11305077E+000  0.16098096E+000  0.77954625E+000
  0.63042232E+000  0.11305073E+000  0.16098093E+000  0.77954617E+000
  0.63042225E+000  0.11305070E+000  0.16098091E+000  0.77954610E+000
  0.63042220E+000  0.11305067E+000  0.16098088E+000  0.77954603E+000
  0.63042214E+000  0.11305065E+000  0.16098086E+000  0.77954596E+000
  0.63042209E+000  0.11305062E+000  0.16098084E+000  0.77954589E+000
  0.63042203E+000  0.11305060E+000  0.16098082E+000  0.77954583E+000
  0.63042199E+000  0.11305057E+000  0.16098079E+000  0.77954577E+000
  0.63042194E+000  0.11305055E+000  0.16098077E+000  0.77954571E+000
  0.63042190E+000  0.11305053E+000  0.16098075E+000  0.77954566E+000
  0.63042185E+000  0.11305051E+000  0.16098073E+000  0.77954560E+000
  0.63042181E+000  0.11305049E+000  0.16098072E+000  0.77954555E+000
  0.63042178E+000  0.11305047E+000  0.16098070E+000  0.77954550E+000
  0.63042174E+000  0.11305045E+000  0.16098068E+000  0.77954546E+000
  0.63042171E+000  0.11305043E+000  0.16098066E+000  0.77954541E+000
  0.63042167E+000  0.11305042E+000  0.16098065E+000  0.77954537E+000
  0.63042164E+000  0.11305040E+000  0.16098063E+000  0.77954533E+000
  0.63042161E+000  0.11305039E+000  0.16098061E+000  0.77954529E+000
  0.63042158E+000  0.11305037E+000  0.16098060E+000  0.77954526E+000
  0.63042156E+000  0.11305036E+000  0.16098059E+000  0.77954522E+000
  0.63042153E+000  0.11305035E+000  0.16098057E+000  0.77954519E+000
  0.63042151E+000  0.11305034E+000  0.16098056E+000  0.77954516E+000
  0.63042148E+000  0.11305033E+000  0.16098055E+000  0.77954513E+000
  0.63042146E+000  0.11305032E+000  0.16098053E+000  0.77954511E+000
  0.63042144E+000  0.11305031E+000  0.16098052E+000  0.77954508E+000
  0.63042142E+000  0.11305030E+000  0.16098051E+000  0.77954506E+000
  0.63042140E+000  0.11305029E+000  0.16098050E+000  0.77954503E+000
  0.63042138E+000  0.11305028E+000  0.16098049E+000  0.77954501E+000
  0.63042136E+000  0.11305027E+000  0.16098048E+000  0.77954499E+000
  0.63042134E+000  0.11305026E+000  0.16098047E+000  0.77954497E+000
  0.63042133E+000  0.11305025E+000  0.16098046E+000  0.77954496E+000
  0.63042131E+000  0.11305025E+000  0.16098045E+000  0.77954494E+000
  0.63042129E+000  0.11305024E+000  0.16098044E+000  0.77954492E+000
  0.63042128E+000  0.11305023E+000  0.16098043E+000  0.77954491E+000
  0.63042127E+000  0.11305023E+000  0.16098043E+000  0.77954490E+000
  0.63042125E+000  0.11305022E+000  0.16098042E+000  0.77954489E+000
  0.63042124E+000  0.11305022E+000  0.16098041E+000  0.77954488E+000
  0.63042123E+000  0.11305021E+000  0.16098040E+000  0.77954487E+000
  0.63042122E+000  0.11305021E+000  0.16098040E+000  0.77954486E+000
  0.63042121E+000  0.11305020E+000  0.16098039E+000  0.77954485E+000
  0.63042120E+000  0.11305020E+000  0.16098039E+000  0.77954485E+000
  0.63042119E+000  0.11305019E+000  0.16098038E+000  0.77954484E+000
  0.63042119E+000  0.11305019E+000  0.16098038E+000  0.77954484E+000
  0.63042119E+000  0.11305019E+000  0.16098037E+000  0.77954484E+000
  0.63042119E+000  0.11305019E+000  0.16098037E+000  0.77954485E+000
  0.63042119E+000  0.11305018E+000  0.16098037E+000  0.77954486E+000
  0.63042120E+000  0.11305018E+000  0.16098037E+000  0.77954488E+000
  0.63042122E+000  0.11305019E+000  0.16098038E+000  0.77954489E+000
  0.63042118E+000  0.11305017E+000  0.16098036E+000  0.77954482E+000
