 -0.16986735E-001
 -0.17068676E-001
 -0.17107414E-001
 -0.17131761E-001
 -0.17145056E-001
 -0.17150799E-001
 -0.17151236E-001
 -0.17147941E-001
 -0.17142076E-001
 -0.17134510E-001
 -0.17125893E-001
 -0.17116703E-001
 -0.17107296E-001
 -0.17097938E-001
 -0.17088815E-001
 -0.17080058E-001
 -0.17071750E-001
 -0.17063944E-001
 -0.17056667E-001
 -0.17049928E-001
 -0.17043722E-001
 -0.17038036E-001
 -0.17032848E-001
 -0.17028133E-001
 -0.17023862E-001
 -0.17020005E-001
 -0.17016534E-001
 -0.17013415E-001
 -0.17010621E-001
 -0.17008122E-001
 -0.17005891E-001
 -0.17003900E-001
 -0.17002127E-001
 -0.17000547E-001
 -0.16999140E-001
 -0.16997887E-001
 -0.16996769E-001
 -0.16995772E-001
 -0.16994880E-001
 -0.16994081E-001
 -0.16993365E-001
 -0.16992721E-001
 -0.16992142E-001
 -0.16991620E-001
 -0.16991149E-001
 -0.16990723E-001
 -0.16990339E-001
 -0.16989991E-001
 -0.16989678E-001
 -0.16989395E-001
 -0.16989140E-001
 -0.16988912E-001
 -0.16988707E-001
 -0.16988523E-001
 -0.16988360E-001
 -0.16988215E-001
 -0.16988086E-001
 -0.16987972E-001
 -0.16987871E-001
 -0.16987783E-001
 -0.16987705E-001
 -0.16987636E-001
 -0.16987575E-001
 -0.16987522E-001
 -0.16987475E-001
 -0.16987434E-001
 -0.16987397E-001
 -0.16987364E-001
 -0.16987336E-001
 -0.16987310E-001
 -0.16987287E-001
 -0.16987267E-001
 -0.16987249E-001
 -0.16987233E-001
 -0.16987218E-001
 -0.16987205E-001
 -0.16987194E-001
 -0.16987184E-001
 -0.16987175E-001
 -0.16987167E-001
 -0.16987160E-001
 -0.16987153E-001
 -0.16987148E-001
 -0.16987143E-001
 -0.16987138E-001
 -0.16987134E-001
 -0.16987131E-001
 -0.16987128E-001
 -0.16987125E-001
 -0.16987122E-001
 -0.16987119E-001
 -0.16987116E-001
 -0.16987113E-001
 -0.16987110E-001
 -0.16987107E-001
 -0.16987104E-001
 -0.16987101E-001
 -0.16987097E-001
 -0.16987093E-001
 -0.16987089E-001
 -0.16987085E-001
 -0.16987080E-001
 -0.16987075E-001
 -0.16987069E-001
 -0.16987063E-001
 -0.16987057E-001
 -0.16987051E-001
 -0.16987045E-001
 -0.16987038E-001
 -0.16987031E-001
 -0.16987023E-001
 -0.16987016E-001
 -0.16987008E-001
 -0.16987001E-001
 -0.16986993E-001
 -0.16986985E-001
 -0.16986977E-001
 -0.16986969E-001
 -0.16986962E-001
 -0.16986954E-001
 -0.16986946E-001
 -0.16986938E-001
 -0.16986931E-001
 -0.16986924E-001
 -0.16986916E-001
 -0.16986909E-001
 -0.16986902E-001
 -0.16986896E-001
 -0.16986889E-001
 -0.16986883E-001
 -0.16986877E-001
 -0.16986871E-001
 -0.16986865E-001
 -0.16986859E-001
 -0.16986854E-001
 -0.16986849E-001
 -0.16986844E-001
 -0.16986839E-001
 -0.16986834E-001
 -0.16986830E-001
 -0.16986826E-001
 -0.16986822E-001
 -0.16986818E-001
 -0.16986814E-001
 -0.16986810E-001
 -0.16986807E-001
 -0.16986804E-001
 -0.16986801E-001
 -0.16986797E-001
 -0.16986795E-001
 -0.16986792E-001
 -0.16986789E-001
 -0.16986787E-001
 -0.16986784E-001
 -0.16986782E-001
 -0.16986780E-001
 -0.16986778E-001
 -0.16986776E-001
 -0.16986774E-001
 -0.16986772E-001
 -0.16986770E-001
 -0.16986768E-001
 -0.16986767E-001
 -0.16986765E-001
 -0.16986764E-001
 -0.16986762E-001
 -0.16986761E-001
 -0.16986760E-001
 -0.16986758E-001
 -0.16986757E-001
 -0.16986756E-001
 -0.16986755E-001
 -0.16986754E-001
 -0.16986753E-001
 -0.16986752E-001
 -0.16986751E-001
 -0.16986750E-001
 -0.16986750E-001
 -0.16986749E-001
 -0.16986748E-001
 -0.16986747E-001
 -0.16986747E-001
 -0.16986746E-001
 -0.16986745E-001
 -0.16986745E-001
 -0.16986744E-001
 -0.16986744E-001
 -0.16986743E-001
 -0.16986743E-001
 -0.16986742E-001
 -0.16986742E-001
 -0.16986741E-001
 -0.16986741E-001
 -0.16986740E-001
 -0.16986740E-001
 -0.16986739E-001
 -0.16986738E-001
 -0.16986737E-001
 -0.16986735E-001
 -0.16986737E-001
