  0.43798579E+000
  0.43721203E+000
  0.43678561E+000
  0.43646044E+000
  0.43622521E+000
  0.43605878E+000
  0.43594689E+000
  0.43587864E+000
  0.43584544E+000
  0.43584023E+000
  0.43585732E+000
  0.43589206E+000
  0.43594068E+000
  0.43600004E+000
  0.43606762E+000
  0.43614136E+000
  0.43621958E+000
  0.43630091E+000
  0.43638421E+000
  0.43646858E+000
  0.43655324E+000
  0.43663756E+000
  0.43672104E+000
  0.43680324E+000
  0.43688381E+000
  0.43696244E+000
  0.43703889E+000
  0.43711294E+000
  0.43718443E+000
  0.43725319E+000
  0.43731912E+000
  0.43738211E+000
  0.43744208E+000
  0.43749897E+000
  0.43755273E+000
  0.43760335E+000
  0.43765080E+000
  0.43769509E+000
  0.43773625E+000
  0.43777430E+000
  0.43780931E+000
  0.43784134E+000
  0.43787047E+000
  0.43789680E+000
  0.43792045E+000
  0.43794154E+000
  0.43796020E+000
  0.43797658E+000
  0.43799084E+000
  0.43800313E+000
  0.43801361E+000
  0.43802245E+000
  0.43802980E+000
  0.43803583E+000
  0.43804068E+000
  0.43804450E+000
  0.43804741E+000
  0.43804955E+000
  0.43805101E+000
  0.43805191E+000
  0.43805233E+000
  0.43805234E+000
  0.43805201E+000
  0.43805141E+000
  0.43805057E+000
  0.43804954E+000
  0.43804836E+000
  0.43804704E+000
  0.43804563E+000
  0.43804413E+000
  0.43804257E+000
  0.43804095E+000
  0.43803929E+000
  0.43803761E+000
  0.43803590E+000
  0.43803417E+000
  0.43803244E+000
  0.43803071E+000
  0.43802898E+000
  0.43802726E+000
  0.43802556E+000
  0.43802387E+000
  0.43802221E+000
  0.43802058E+000
  0.43801898E+000
  0.43801741E+000
  0.43801588E+000
  0.43801438E+000
  0.43801293E+000
  0.43801153E+000
  0.43801018E+000
  0.43800887E+000
  0.43800762E+000
  0.43800642E+000
  0.43800526E+000
  0.43800416E+000
  0.43800311E+000
  0.43800212E+000
  0.43800118E+000
  0.43800028E+000
  0.43799944E+000
  0.43799864E+000
  0.43799790E+000
  0.43799719E+000
  0.43799653E+000
  0.43799591E+000
  0.43799534E+000
  0.43799480E+000
  0.43799429E+000
  0.43799382E+000
  0.43799338E+000
  0.43799297E+000
  0.43799259E+000
  0.43799223E+000
  0.43799190E+000
  0.43799159E+000
  0.43799130E+000
  0.43799103E+000
  0.43799078E+000
  0.43799054E+000
  0.43799031E+000
  0.43799010E+000
  0.43798990E+000
  0.43798972E+000
  0.43798954E+000
  0.43798937E+000
  0.43798921E+000
  0.43798906E+000
  0.43798892E+000
  0.43798878E+000
  0.43798865E+000
  0.43798852E+000
  0.43798840E+000
  0.43798829E+000
  0.43798818E+000
  0.43798807E+000
  0.43798797E+000
  0.43798787E+000
  0.43798778E+000
  0.43798769E+000
  0.43798760E+000
  0.43798752E+000
  0.43798744E+000
  0.43798736E+000
  0.43798729E+000
  0.43798722E+000
  0.43798715E+000
  0.43798709E+000
  0.43798703E+000
  0.43798697E+000
  0.43798691E+000
  0.43798685E+000
  0.43798680E+000
  0.43798675E+000
  0.43798670E+000
  0.43798666E+000
  0.43798661E+000
  0.43798657E+000
  0.43798653E+000
  0.43798649E+000
  0.43798645E+000
  0.43798642E+000
  0.43798638E+000
  0.43798635E+000
  0.43798632E+000
  0.43798629E+000
  0.43798626E+000
  0.43798624E+000
  0.43798621E+000
  0.43798619E+000
  0.43798616E+000
  0.43798614E+000
  0.43798612E+000
  0.43798610E+000
  0.43798608E+000
  0.43798606E+000
  0.43798605E+000
  0.43798603E+000
  0.43798601E+000
  0.43798600E+000
  0.43798598E+000
  0.43798597E+000
  0.43798596E+000
  0.43798595E+000
  0.43798594E+000
  0.43798592E+000
  0.43798591E+000
  0.43798591E+000
  0.43798590E+000
  0.43798589E+000
  0.43798588E+000
  0.43798588E+000
  0.43798587E+000
  0.43798587E+000
  0.43798586E+000
  0.43798586E+000
  0.43798587E+000
  0.43798587E+000
  0.43798588E+000
  0.43798585E+000
