  0.30370086E+001
  0.32719927E+001
  0.31909903E+001
  0.31625258E+001
  0.31401742E+001
  0.31233809E+001
  0.31103127E+001
  0.30998452E+001
  0.30913117E+001
  0.30843088E+001
  0.30785234E+001
  0.30736994E+001
  0.30696535E+001
  0.30662642E+001
  0.30634116E+001
  0.30609958E+001
  0.30589360E+001
  0.30571776E+001
  0.30556718E+001
  0.30543784E+001
  0.30532678E+001
  0.30523085E+001
  0.30514821E+001
  0.30507639E+001
  0.30501419E+001
  0.30496009E+001
  0.30491326E+001
  0.30487220E+001
  0.30483635E+001
  0.30480517E+001
  0.30477771E+001
  0.30475352E+001
  0.30473228E+001
  0.30471334E+001
  0.30469648E+001
  0.30468145E+001
  0.30466794E+001
  0.30465575E+001
  0.30464460E+001
  0.30463453E+001
  0.30462528E+001
  0.30461678E+001
  0.30460893E+001
  0.30460176E+001
  0.30459504E+001
  0.30458892E+001
  0.30458321E+001
  0.30457795E+001
  0.30457313E+001
  0.30456866E+001
  0.30456457E+001
  0.30456083E+001
  0.30455738E+001
  0.30455428E+001
  0.30455142E+001
  0.30454882E+001
  0.30454648E+001
  0.30454432E+001
  0.30454236E+001
  0.30454056E+001
  0.30453893E+001
  0.30453741E+001
  0.30453601E+001
  0.30453471E+001
  0.30453351E+001
  0.30453239E+001
  0.30453135E+001
  0.30453037E+001
  0.30452947E+001
  0.30452861E+001
  0.30452783E+001
  0.30452709E+001
  0.30452641E+001
  0.30452580E+001
  0.30452523E+001
  0.30452472E+001
  0.30452428E+001
  0.30452389E+001
  0.30452356E+001
  0.30452329E+001
  0.30452307E+001
  0.30452291E+001
  0.30452278E+001
  0.30452271E+001
  0.30452267E+001
  0.30452269E+001
  0.30452276E+001
  0.30452287E+001
  0.30452302E+001
  0.30452318E+001
  0.30452337E+001
  0.30452357E+001
  0.30452379E+001
  0.30452402E+001
  0.30452428E+001
  0.30452454E+001
  0.30452480E+001
  0.30452505E+001
  0.30452530E+001
  0.30452554E+001
  0.30452578E+001
  0.30452600E+001
  0.30452621E+001
  0.30452641E+001
  0.30452659E+001
  0.30452675E+001
  0.30452690E+001
  0.30452703E+001
  0.30452714E+001
  0.30452723E+001
  0.30452731E+001
  0.30452737E+001
  0.30452742E+001
  0.30452745E+001
  0.30452747E+001
  0.30452748E+001
  0.30452748E+001
  0.30452747E+001
  0.30452745E+001
  0.30452742E+001
  0.30452739E+001
  0.30452735E+001
  0.30452731E+001
  0.30452726E+001
  0.30452722E+001
  0.30452717E+001
  0.30452712E+001
  0.30452707E+001
  0.30452703E+001
  0.30452699E+001
  0.30452694E+001
  0.30452691E+001
  0.30452687E+001
  0.30452684E+001
  0.30452681E+001
  0.30452679E+001
  0.30452677E+001
  0.30452675E+001
  0.30452674E+001
  0.30452673E+001
  0.30452673E+001
  0.30452673E+001
  0.30452674E+001
  0.30452675E+001
  0.30452676E+001
  0.30452678E+001
  0.30452681E+001
  0.30452684E+001
  0.30452687E+001
  0.30452691E+001
  0.30452695E+001
  0.30452699E+001
  0.30452704E+001
  0.30452710E+001
  0.30452715E+001
  0.30452722E+001
  0.30452728E+001
  0.30452735E+001
  0.30452742E+001
  0.30452749E+001
  0.30452757E+001
  0.30452765E+001
  0.30452773E+001
  0.30452782E+001
  0.30452790E+001
  0.30452799E+001
  0.30452808E+001
  0.30452818E+001
  0.30452827E+001
  0.30452837E+001
  0.30452847E+001
  0.30452857E+001
  0.30452867E+001
  0.30452878E+001
  0.30452888E+001
  0.30452899E+001
  0.30452909E+001
  0.30452920E+001
  0.30452931E+001
  0.30452942E+001
  0.30452952E+001
  0.30452963E+001
  0.30452974E+001
  0.30452985E+001
  0.30452995E+001
  0.30453006E+001
  0.30453017E+001
  0.30453027E+001
  0.30453038E+001
  0.30453048E+001
  0.30453058E+001
  0.30453068E+001
  0.30453078E+001
  0.30453087E+001
  0.30453096E+001
  0.30453104E+001
  0.30453111E+001
  0.30453115E+001
  0.30453106E+001
  0.30453125E+001
