  0.73321309E+000
  0.73312165E+000
  0.73310567E+000
  0.73324233E+000
  0.73343274E+000
  0.73362076E+000
  0.73379040E+000
  0.73394003E+000
  0.73406944E+000
  0.73418026E+000
  0.73427422E+000
  0.73435350E+000
  0.73442006E+000
  0.73447595E+000
  0.73452305E+000
  0.73456296E+000
  0.73459667E+000
  0.73462487E+000
  0.73464882E+000
  0.73466952E+000
  0.73468779E+000
  0.73470422E+000
  0.73471929E+000
  0.73473335E+000
  0.73474664E+000
  0.73475934E+000
  0.73477157E+000
  0.73478339E+000
  0.73479482E+000
  0.73480588E+000
  0.73481655E+000
  0.73482681E+000
  0.73483661E+000
  0.73484593E+000
  0.73485474E+000
  0.73486300E+000
  0.73487071E+000
  0.73487784E+000
  0.73488437E+000
  0.73489033E+000
  0.73489571E+000
  0.73490052E+000
  0.73490478E+000
  0.73490851E+000
  0.73491175E+000
  0.73491451E+000
  0.73491683E+000
  0.73491874E+000
  0.73492028E+000
  0.73492145E+000
  0.73492231E+000
  0.73492288E+000
  0.73492318E+000
  0.73492325E+000
  0.73492309E+000
  0.73492274E+000
  0.73492221E+000
  0.73492152E+000
  0.73492070E+000
  0.73491974E+000
  0.73491867E+000
  0.73491750E+000
  0.73491623E+000
  0.73491489E+000
  0.73491348E+000
  0.73491200E+000
  0.73491048E+000
  0.73490892E+000
  0.73490733E+000
  0.73490572E+000
  0.73490409E+000
  0.73490246E+000
  0.73490083E+000
  0.73489921E+000
  0.73489760E+000
  0.73489602E+000
  0.73489447E+000
  0.73489295E+000
  0.73489147E+000
  0.73489004E+000
  0.73488865E+000
  0.73488731E+000
  0.73488602E+000
  0.73488479E+000
  0.73488362E+000
  0.73488250E+000
  0.73488145E+000
  0.73488046E+000
  0.73487952E+000
  0.73487865E+000
  0.73487784E+000
  0.73487709E+000
  0.73487639E+000
  0.73487575E+000
  0.73487517E+000
  0.73487464E+000
  0.73487416E+000
  0.73487373E+000
  0.73487334E+000
  0.73487299E+000
  0.73487269E+000
  0.73487242E+000
  0.73487219E+000
  0.73487199E+000
  0.73487183E+000
  0.73487168E+000
  0.73487157E+000
  0.73487147E+000
  0.73487140E+000
  0.73487134E+000
  0.73487130E+000
  0.73487127E+000
  0.73487125E+000
  0.73487125E+000
  0.73487125E+000
  0.73487126E+000
  0.73487128E+000
  0.73487130E+000
  0.73487132E+000
  0.73487135E+000
  0.73487138E+000
  0.73487141E+000
  0.73487144E+000
  0.73487147E+000
  0.73487151E+000
  0.73487154E+000
  0.73487157E+000
  0.73487160E+000
  0.73487163E+000
  0.73487166E+000
  0.73487169E+000
  0.73487171E+000
  0.73487174E+000
  0.73487176E+000
  0.73487178E+000
  0.73487180E+000
  0.73487182E+000
  0.73487184E+000
  0.73487186E+000
  0.73487187E+000
  0.73487189E+000
  0.73487190E+000
  0.73487191E+000
  0.73487192E+000
  0.73487193E+000
  0.73487194E+000
  0.73487195E+000
  0.73487195E+000
  0.73487196E+000
  0.73487196E+000
  0.73487197E+000
  0.73487197E+000
  0.73487198E+000
  0.73487198E+000
  0.73487198E+000
  0.73487198E+000
  0.73487198E+000
  0.73487198E+000
  0.73487198E+000
  0.73487198E+000
  0.73487198E+000
  0.73487198E+000
  0.73487198E+000
  0.73487198E+000
  0.73487198E+000
  0.73487197E+000
  0.73487197E+000
  0.73487197E+000
  0.73487197E+000
  0.73487196E+000
  0.73487196E+000
  0.73487196E+000
  0.73487195E+000
  0.73487195E+000
  0.73487195E+000
  0.73487194E+000
  0.73487194E+000
  0.73487193E+000
  0.73487193E+000
  0.73487193E+000
  0.73487192E+000
  0.73487192E+000
  0.73487191E+000
  0.73487191E+000
  0.73487191E+000
  0.73487190E+000
  0.73487190E+000
  0.73487189E+000
  0.73487189E+000
  0.73487188E+000
  0.73487188E+000
  0.73487188E+000
  0.73487187E+000
  0.73487186E+000
  0.73487186E+000
  0.73487185E+000
  0.73487184E+000
  0.73487182E+000
  0.73487181E+000
  0.73487182E+000
