 -0.37334447E+000
 -0.37374390E+000
 -0.37336596E+000
 -0.37314630E+000
 -0.37296701E+000
 -0.37282274E+000
 -0.37270448E+000
 -0.37260621E+000
 -0.37252380E+000
 -0.37245433E+000
 -0.37239562E+000
 -0.37234586E+000
 -0.37230353E+000
 -0.37226750E+000
 -0.37223678E+000
 -0.37221052E+000
 -0.37218803E+000
 -0.37216875E+000
 -0.37215220E+000
 -0.37213798E+000
 -0.37212576E+000
 -0.37211523E+000
 -0.37210617E+000
 -0.37209835E+000
 -0.37209161E+000
 -0.37208579E+000
 -0.37208078E+000
 -0.37207644E+000
 -0.37207269E+000
 -0.37206946E+000
 -0.37206666E+000
 -0.37206424E+000
 -0.37206215E+000
 -0.37206035E+000
 -0.37205880E+000
 -0.37205747E+000
 -0.37205634E+000
 -0.37205539E+000
 -0.37205460E+000
 -0.37205397E+000
 -0.37205347E+000
 -0.37205310E+000
 -0.37205285E+000
 -0.37205272E+000
 -0.37205269E+000
 -0.37205277E+000
 -0.37205295E+000
 -0.37205323E+000
 -0.37205360E+000
 -0.37205406E+000
 -0.37205460E+000
 -0.37205522E+000
 -0.37205592E+000
 -0.37205669E+000
 -0.37205754E+000
 -0.37205844E+000
 -0.37205941E+000
 -0.37206043E+000
 -0.37206150E+000
 -0.37206262E+000
 -0.37206379E+000
 -0.37206499E+000
 -0.37206622E+000
 -0.37206749E+000
 -0.37206879E+000
 -0.37207011E+000
 -0.37207146E+000
 -0.37207282E+000
 -0.37207420E+000
 -0.37207559E+000
 -0.37207700E+000
 -0.37207841E+000
 -0.37207983E+000
 -0.37208126E+000
 -0.37208268E+000
 -0.37208410E+000
 -0.37208552E+000
 -0.37208693E+000
 -0.37208833E+000
 -0.37208973E+000
 -0.37209110E+000
 -0.37209247E+000
 -0.37209381E+000
 -0.37209513E+000
 -0.37209643E+000
 -0.37209771E+000
 -0.37209896E+000
 -0.37210018E+000
 -0.37210138E+000
 -0.37210254E+000
 -0.37210368E+000
 -0.37210478E+000
 -0.37210585E+000
 -0.37210689E+000
 -0.37210790E+000
 -0.37210887E+000
 -0.37210981E+000
 -0.37211072E+000
 -0.37211160E+000
 -0.37211245E+000
 -0.37211327E+000
 -0.37211406E+000
 -0.37211482E+000
 -0.37211555E+000
 -0.37211626E+000
 -0.37211695E+000
 -0.37211761E+000
 -0.37211825E+000
 -0.37211887E+000
 -0.37211947E+000
 -0.37212005E+000
 -0.37212062E+000
 -0.37212117E+000
 -0.37212170E+000
 -0.37212223E+000
 -0.37212274E+000
 -0.37212324E+000
 -0.37212373E+000
 -0.37212421E+000
 -0.37212469E+000
 -0.37212516E+000
 -0.37212562E+000
 -0.37212608E+000
 -0.37212654E+000
 -0.37212699E+000
 -0.37212744E+000
 -0.37212789E+000
 -0.37212834E+000
 -0.37212878E+000
 -0.37212923E+000
 -0.37212968E+000
 -0.37213014E+000
 -0.37213059E+000
 -0.37213105E+000
 -0.37213151E+000
 -0.37213198E+000
 -0.37213245E+000
 -0.37213292E+000
 -0.37213340E+000
 -0.37213389E+000
 -0.37213438E+000
 -0.37213488E+000
 -0.37213538E+000
 -0.37213589E+000
 -0.37213641E+000
 -0.37213694E+000
 -0.37213747E+000
 -0.37213801E+000
 -0.37213856E+000
 -0.37213911E+000
 -0.37213967E+000
 -0.37214024E+000
 -0.37214082E+000
 -0.37214140E+000
 -0.37214199E+000
 -0.37214259E+000
 -0.37214319E+000
 -0.37214380E+000
 -0.37214441E+000
 -0.37214503E+000
 -0.37214566E+000
 -0.37214629E+000
 -0.37214692E+000
 -0.37214756E+000
 -0.37214821E+000
 -0.37214885E+000
 -0.37214950E+000
 -0.37215016E+000
 -0.37215081E+000
 -0.37215146E+000
 -0.37215212E+000
 -0.37215278E+000
 -0.37215343E+000
 -0.37215409E+000
 -0.37215475E+000
 -0.37215540E+000
 -0.37215605E+000
 -0.37215670E+000
 -0.37215735E+000
 -0.37215800E+000
 -0.37215864E+000
 -0.37215927E+000
 -0.37215990E+000
 -0.37216053E+000
 -0.37216115E+000
 -0.37216177E+000
 -0.37216238E+000
 -0.37216298E+000
 -0.37216358E+000
 -0.37216417E+000
 -0.37216475E+000
 -0.37216532E+000
 -0.37216589E+000
 -0.37216645E+000
 -0.37216700E+000
 -0.37216754E+000
 -0.37216808E+000
 -0.37216861E+000
 -0.37216912E+000
 -0.37216962E+000
