  0.97253960E+000
  0.97205279E+000
  0.97157940E+000
  0.97122056E+000
  0.97092718E+000
  0.97068314E+000
  0.97047717E+000
  0.97030204E+000
  0.97015239E+000
  0.97002418E+000
  0.96991399E+000
  0.96981911E+000
  0.96973727E+000
  0.96966657E+000
  0.96960533E+000
  0.96955220E+000
  0.96950602E+000
  0.96946583E+000
  0.96943079E+000
  0.96940021E+000
  0.96937348E+000
  0.96935009E+000
  0.96932959E+000
  0.96931161E+000
  0.96929582E+000
  0.96928193E+000
  0.96926969E+000
  0.96925890E+000
  0.96924938E+000
  0.96924096E+000
  0.96923350E+000
  0.96922689E+000
  0.96922102E+000
  0.96921582E+000
  0.96921120E+000
  0.96920711E+000
  0.96920350E+000
  0.96920031E+000
  0.96919752E+000
  0.96919510E+000
  0.96919302E+000
  0.96919126E+000
  0.96918980E+000
  0.96918863E+000
  0.96918773E+000
  0.96918709E+000
  0.96918670E+000
  0.96918655E+000
  0.96918662E+000
  0.96918691E+000
  0.96918740E+000
  0.96918808E+000
  0.96918894E+000
  0.96918996E+000
  0.96919113E+000
  0.96919244E+000
  0.96919386E+000
  0.96919539E+000
  0.96919702E+000
  0.96919873E+000
  0.96920050E+000
  0.96920233E+000
  0.96920420E+000
  0.96920611E+000
  0.96920805E+000
  0.96921000E+000
  0.96921195E+000
  0.96921390E+000
  0.96921585E+000
  0.96921778E+000
  0.96921969E+000
  0.96922157E+000
  0.96922341E+000
  0.96922522E+000
  0.96922699E+000
  0.96922871E+000
  0.96923038E+000
  0.96923199E+000
  0.96923355E+000
  0.96923504E+000
  0.96923648E+000
  0.96923785E+000
  0.96923915E+000
  0.96924039E+000
  0.96924156E+000
  0.96924267E+000
  0.96924370E+000
  0.96924467E+000
  0.96924556E+000
  0.96924639E+000
  0.96924716E+000
  0.96924786E+000
  0.96924850E+000
  0.96924907E+000
  0.96924959E+000
  0.96925005E+000
  0.96925046E+000
  0.96925081E+000
  0.96925112E+000
  0.96925137E+000
  0.96925159E+000
  0.96925176E+000
  0.96925190E+000
  0.96925199E+000
  0.96925206E+000
  0.96925210E+000
  0.96925210E+000
  0.96925209E+000
  0.96925205E+000
  0.96925199E+000
  0.96925191E+000
  0.96925182E+000
  0.96925171E+000
  0.96925159E+000
  0.96925147E+000
  0.96925133E+000
  0.96925118E+000
  0.96925103E+000
  0.96925088E+000
  0.96925072E+000
  0.96925056E+000
  0.96925040E+000
  0.96925023E+000
  0.96925007E+000
  0.96924991E+000
  0.96924974E+000
  0.96924958E+000
  0.96924942E+000
  0.96924927E+000
  0.96924911E+000
  0.96924896E+000
  0.96924881E+000
  0.96924866E+000
  0.96924852E+000
  0.96924838E+000
  0.96924824E+000
  0.96924810E+000
  0.96924797E+000
  0.96924784E+000
  0.96924772E+000
  0.96924760E+000
  0.96924748E+000
  0.96924736E+000
  0.96924725E+000
  0.96924714E+000
  0.96924704E+000
  0.96924693E+000
  0.96924683E+000
  0.96924674E+000
  0.96924664E+000
  0.96924655E+000
  0.96924646E+000
  0.96924638E+000
  0.96924629E+000
  0.96924621E+000
  0.96924613E+000
  0.96924606E+000
  0.96924599E+000
  0.96924592E+000
  0.96924585E+000
  0.96924578E+000
  0.96924572E+000
  0.96924566E+000
  0.96924560E+000
  0.96924554E+000
  0.96924549E+000
  0.96924543E+000
  0.96924538E+000
  0.96924533E+000
  0.96924529E+000
  0.96924524E+000
  0.96924520E+000
  0.96924516E+000
  0.96924512E+000
  0.96924508E+000
  0.96924504E+000
  0.96924500E+000
  0.96924497E+000
  0.96924494E+000
  0.96924490E+000
  0.96924487E+000
  0.96924484E+000
  0.96924482E+000
  0.96924479E+000
  0.96924476E+000
  0.96924474E+000
  0.96924471E+000
  0.96924469E+000
  0.96924467E+000
  0.96924465E+000
  0.96924463E+000
  0.96924461E+000
  0.96924460E+000
  0.96924458E+000
  0.96924457E+000
  0.96924456E+000
  0.96924455E+000
  0.96924454E+000
  0.96924454E+000
  0.96924452E+000
