  0.49476551E+000
  0.49445414E+000
  0.49417696E+000
  0.49396562E+000
  0.49379448E+000
  0.49365322E+000
  0.49353483E+000
  0.49343479E+000
  0.49334982E+000
  0.49327741E+000
  0.49321552E+000
  0.49316248E+000
  0.49311695E+000
  0.49307779E+000
  0.49304404E+000
  0.49301487E+000
  0.49298963E+000
  0.49296776E+000
  0.49294878E+000
  0.49293228E+000
  0.49291793E+000
  0.49290542E+000
  0.49289452E+000
  0.49288499E+000
  0.49287667E+000
  0.49286938E+000
  0.49286300E+000
  0.49285739E+000
  0.49285247E+000
  0.49284814E+000
  0.49284432E+000
  0.49284095E+000
  0.49283797E+000
  0.49283533E+000
  0.49283300E+000
  0.49283095E+000
  0.49282913E+000
  0.49282754E+000
  0.49282615E+000
  0.49282494E+000
  0.49282391E+000
  0.49282304E+000
  0.49282233E+000
  0.49282176E+000
  0.49282133E+000
  0.49282103E+000
  0.49282086E+000
  0.49282082E+000
  0.49282089E+000
  0.49282106E+000
  0.49282135E+000
  0.49282173E+000
  0.49282220E+000
  0.49282276E+000
  0.49282340E+000
  0.49282410E+000
  0.49282487E+000
  0.49282570E+000
  0.49282657E+000
  0.49282749E+000
  0.49282844E+000
  0.49282942E+000
  0.49283042E+000
  0.49283145E+000
  0.49283248E+000
  0.49283353E+000
  0.49283458E+000
  0.49283563E+000
  0.49283667E+000
  0.49283771E+000
  0.49283874E+000
  0.49283975E+000
  0.49284075E+000
  0.49284172E+000
  0.49284268E+000
  0.49284361E+000
  0.49284451E+000
  0.49284538E+000
  0.49284623E+000
  0.49284704E+000
  0.49284781E+000
  0.49284856E+000
  0.49284926E+000
  0.49284993E+000
  0.49285057E+000
  0.49285117E+000
  0.49285173E+000
  0.49285225E+000
  0.49285273E+000
  0.49285318E+000
  0.49285359E+000
  0.49285397E+000
  0.49285431E+000
  0.49285462E+000
  0.49285489E+000
  0.49285513E+000
  0.49285535E+000
  0.49285553E+000
  0.49285569E+000
  0.49285582E+000
  0.49285593E+000
  0.49285601E+000
  0.49285608E+000
  0.49285612E+000
  0.49285615E+000
  0.49285616E+000
  0.49285615E+000
  0.49285614E+000
  0.49285610E+000
  0.49285606E+000
  0.49285601E+000
  0.49285595E+000
  0.49285589E+000
  0.49285581E+000
  0.49285573E+000
  0.49285565E+000
  0.49285556E+000
  0.49285547E+000
  0.49285538E+000
  0.49285529E+000
  0.49285520E+000
  0.49285510E+000
  0.49285501E+000
  0.49285491E+000
  0.49285482E+000
  0.49285472E+000
  0.49285463E+000
  0.49285454E+000
  0.49285445E+000
  0.49285436E+000
  0.49285427E+000
  0.49285419E+000
  0.49285410E+000
  0.49285402E+000
  0.49285394E+000
  0.49285386E+000
  0.49285379E+000
  0.49285371E+000
  0.49285364E+000
  0.49285357E+000
  0.49285350E+000
  0.49285344E+000
  0.49285337E+000
  0.49285331E+000
  0.49285325E+000
  0.49285319E+000
  0.49285313E+000
  0.49285308E+000
  0.49285302E+000
  0.49285297E+000
  0.49285292E+000
  0.49285287E+000
  0.49285282E+000
  0.49285278E+000
  0.49285273E+000
  0.49285269E+000
  0.49285265E+000
  0.49285261E+000
  0.49285257E+000
  0.49285253E+000
  0.49285250E+000
  0.49285246E+000
  0.49285243E+000
  0.49285240E+000
  0.49285237E+000
  0.49285234E+000
  0.49285231E+000
  0.49285228E+000
  0.49285225E+000
  0.49285223E+000
  0.49285220E+000
  0.49285218E+000
  0.49285216E+000
  0.49285213E+000
  0.49285211E+000
  0.49285209E+000
  0.49285207E+000
  0.49285206E+000
  0.49285204E+000
  0.49285202E+000
  0.49285201E+000
  0.49285199E+000
  0.49285197E+000
  0.49285196E+000
  0.49285195E+000
  0.49285193E+000
  0.49285192E+000
  0.49285191E+000
  0.49285190E+000
  0.49285189E+000
  0.49285188E+000
  0.49285187E+000
  0.49285186E+000
  0.49285185E+000
  0.49285184E+000
  0.49285184E+000
  0.49285183E+000
  0.49285183E+000
  0.49285183E+000
  0.49285182E+000
