  0.57025343E+000  0.93342140E+000  0.10730603E+001  0.34298879E+001
  0.57209411E+000  0.93558403E+000  0.10763234E+001  0.34359752E+001
  0.57278464E+000  0.93641355E+000  0.10772093E+001  0.34381376E+001
  0.57337171E+000  0.93712206E+000  0.10780449E+001  0.34400079E+001
  0.57383189E+000  0.93767896E+000  0.10786991E+001  0.34414610E+001
  0.57420410E+000  0.93813060E+000  0.10792308E+001  0.34426292E+001
  0.57450947E+000  0.93850190E+000  0.10795055E+001  0.34421887E+001
  0.57476134E+000  0.93880912E+000  0.10800304E+001  0.34443667E+001
  0.57496959E+000  0.93906372E+000  0.10803299E+001  0.34450125E+001
  0.57514205E+000  0.93927511E+000  0.10805784E+001  0.34455460E+001
  0.57528509E+000  0.93945080E+000  0.10807849E+001  0.34459875E+001
  0.57540373E+000  0.93959695E+000  0.10809566E+001  0.34463531E+001
  0.57550189E+000  0.93971832E+000  0.10810990E+001  0.34466556E+001
  0.57558308E+000  0.93981913E+000  0.10812173E+001  0.34469058E+001
  0.57565012E+000  0.93990287E+000  0.10813155E+001  0.34471130E+001
  0.57570540E+000  0.93997233E+000  0.10813971E+001  0.34472842E+001
  0.57575077E+000  0.94002975E+000  0.10814646E+001  0.34474253E+001
  0.57578784E+000  0.94007708E+000  0.10815203E+001  0.34475413E+001
  0.57581794E+000  0.94011593E+000  0.10815663E+001  0.34476362E+001
  0.57584216E+000  0.94014762E+000  0.10816039E+001  0.34477134E+001
  0.57586148E+000  0.94017332E+000  0.10816347E+001  0.34477758E+001
  0.57587664E+000  0.94019394E+000  0.10816596E+001  0.34478257E+001
  0.57588836E+000  0.94021034E+000  0.10816796E+001  0.34478653E+001
  0.57589716E+000  0.94022315E+000  0.10816956E+001  0.34478962E+001
  0.57590354E+000  0.94023296E+000  0.10817081E+001  0.34479198E+001
  0.57590789E+000  0.94024026E+000  0.10817177E+001  0.34479372E+001
  0.57591060E+000  0.94024550E+000  0.10817251E+001  0.34479498E+001
  0.57591193E+000  0.94024901E+000  0.10817304E+001  0.34479582E+001
  0.57591214E+000  0.94025109E+000  0.10817341E+001  0.34479633E+001
  0.57591148E+000  0.94025202E+000  0.10817365E+001  0.34479656E+001
  0.57591011E+000  0.94025202E+000  0.10817379E+001  0.34479658E+001
  0.57590818E+000  0.94025126E+000  0.10817383E+001  0.34479643E+001
  0.57590585E+000  0.94024991E+000  0.10817381E+001  0.34479616E+001
  0.57590322E+000  0.94024810E+000  0.10817374E+001  0.34479578E+001
  0.57590037E+000  0.94024593E+000  0.10817362E+001  0.34479532E+001
  0.57589738E+000  0.94024350E+000  0.10817347E+001  0.34479481E+001
  0.57589433E+000  0.94024087E+000  0.10817330E+001  0.34479427E+001
  0.57589125E+000  0.94023812E+000  0.10817311E+001  0.34479371E+001
  0.57588819E+000  0.94023526E+000  0.10817290E+001  0.34479314E+001
  0.57588517E+000  0.94023237E+000  0.10817269E+001  0.34479256E+001
  0.57588222E+000  0.94022945E+000  0.10817247E+001  0.34479198E+001
  0.57587935E+000  0.94022653E+000  0.10817225E+001  0.34479142E+001
  0.57587657E+000  0.94022362E+000  0.10817203E+001  0.34479086E+001
  0.57587390E+000  0.94022075E+000  0.10817181E+001  0.34479031E+001
  0.57587132E+000  0.94021790E+000  0.10817158E+001  0.34478977E+001
  0.57586885E+000  0.94021510E+000  0.10817136E+001  0.34478925E+001
  0.57586646E+000  0.94021234E+000  0.10817114E+001  0.34478874E+001
  0.57586417E+000  0.94020961E+000  0.10817092E+001  0.34478823E+001
  0.57586195E+000  0.94020693E+000  0.10817070E+001  0.34478774E+001
  0.57585981E+000  0.94020427E+000  0.10817048E+001  0.34478726E+001
  0.57585772E+000  0.94020164E+000  0.10817027E+001  0.34478678E+001
  0.57585569E+000  0.94019904E+000  0.10817005E+001  0.34478631E+001
  0.57585370E+000  0.94019644E+000  0.10816983E+001  0.34478584E+001
  0.57585174E+000  0.94019386E+000  0.10816961E+001  0.34478537E+001
  0.57584981E+000  0.94019128E+000  0.10816939E+001  0.34478491E+001
  0.57584790E+000  0.94018870E+000  0.10816916E+001  0.34478445E+001
  0.57584600E+000  0.94018611E+000  0.10816894E+001  0.34478399E+001
  0.57584410E+000  0.94018352E+000  0.10816871E+001  0.34478352E+001
  0.57584222E+000  0.94018091E+000  0.10816849E+001  0.34478306E+001
  0.57584033E+000  0.94017830E+000  0.10816826E+001  0.34478260E+001
  0.57583845E+000  0.94017567E+000  0.10816803E+001  0.34478213E+001
  0.57583657E+000  0.94017303E+000  0.10816780E+001  0.34478167E+001
  0.57583470E+000  0.94017039E+000  0.10816757E+001  0.34478120E+001
  0.57583282E+000  0.94016774E+000  0.10816734E+001  0.34478074E+001
  0.57583096E+000  0.94016509E+000  0.10816711E+001  0.34478027E+001
  0.57582910E+000  0.94016244E+000  0.10816688E+001  0.34477981E+001
  0.57582726E+000  0.94015980E+000  0.10816665E+001  0.34477934E+001
  0.57582543E+000  0.94015717E+000  0.10816642E+001  0.34477888E+001
  0.57582362E+000  0.94015456E+000  0.10816620E+001  0.34477842E+001
  0.57582183E+000  0.94015198E+000  0.10816598E+001  0.34477797E+001
  0.57582007E+000  0.94014942E+000  0.10816576E+001  0.34477752E+001
  0.57581833E+000  0.94014690E+000  0.10816555E+001  0.34477708E+001
  0.57581664E+000  0.94014442E+000  0.10816534E+001  0.34477664E+001
  0.57581498E+000  0.94014198E+000  0.10816513E+001  0.34477621E+001
  0.57581335E+000  0.94013959E+000  0.10816493E+001  0.34477579E+001
  0.57581178E+000  0.94013726E+000  0.10816474E+001  0.34477538E+001
  0.57581025E+000  0.94013499E+000  0.10816456E+001  0.34477498E+001
  0.57580877E+000  0.94013278E+000  0.10816438E+001  0.34477459E+001
  0.57580734E+000  0.94013064E+000  0.10816421E+001  0.34477421E+001
  0.57580597E+000  0.94012857E+000  0.10816405E+001  0.34477384E+001
  0.57580466E+000  0.94012658E+000  0.10816389E+001  0.34477349E+001
  0.57580340E+000  0.94012466E+000  0.10816374E+001  0.34477314E+001
  0.57580221E+000  0.94012282E+000  0.10816361E+001  0.34477281E+001
  0.57580107E+000  0.94012107E+000  0.10816348E+001  0.34477250E+001
  0.57580000E+000  0.94011939E+000  0.10816336E+001  0.34477219E+001
  0.57579899E+000  0.94011780E+000  0.10816324E+001  0.34477191E+001
  0.57579804E+000  0.94011629E+000  0.10816314E+001  0.34477163E+001
  0.57579715E+000  0.94011487E+000  0.10816305E+001  0.34477137E+001
  0.57579633E+000  0.94011353E+000  0.10816296E+001  0.34477113E+001
  0.57579557E+000  0.94011228E+000  0.10816289E+001  0.34477090E+001
  0.57579487E+000  0.94011111E+000  0.10816282E+001  0.34477068E+001
  0.57579423E+000  0.94011002E+000  0.10816276E+001  0.34477048E+001
  0.57579365E+000  0.94010901E+000  0.10816271E+001  0.34477029E+001
  0.57579312E+000  0.94010807E+000  0.10816267E+001  0.34477012E+001
  0.57579265E+000  0.94010722E+000  0.10816263E+001  0.34476996E+001
  0.57579223E+000  0.94010643E+000  0.10816261E+001  0.34476981E+001
  0.57579186E+000  0.94010572E+000  0.10816258E+001  0.34476968E+001
  0.57579153E+000  0.94010507E+000  0.10816257E+001  0.34476956E+001
  0.57579126E+000  0.94010448E+000  0.10816256E+001  0.34476945E+001
  0.57579102E+000  0.94010396E+000  0.10816256E+001  0.34476935E+001
  0.57579082E+000  0.94010349E+000  0.10816256E+001  0.34476926E+001
  0.57579066E+000  0.94010308E+000  0.10816257E+001  0.34476918E+001
  0.57579053E+000  0.94010271E+000  0.10816258E+001  0.34476912E+001
  0.57579044E+000  0.94010239E+000  0.10816260E+001  0.34476906E+001
  0.57579037E+000  0.94010212E+000  0.10816262E+001  0.34476901E+001
  0.57579034E+000  0.94010189E+000  0.10816264E+001  0.34476897E+001
  0.57579032E+000  0.94010169E+000  0.10816267E+001  0.34476894E+001
  0.57579033E+000  0.94010152E+000  0.10816270E+001  0.34476892E+001
  0.57579035E+000  0.94010139E+000  0.10816273E+001  0.34476890E+001
  0.57579040E+000  0.94010128E+000  0.10816276E+001  0.34476889E+001
  0.57579045E+000  0.94010120E+000  0.10816280E+001  0.34476889E+001
  0.57579052E+000  0.94010114E+000  0.10816284E+001  0.34476890E+001
  0.57579061E+000  0.94010110E+000  0.10816287E+001  0.34476891E+001
  0.57579070E+000  0.94010108E+000  0.10816291E+001  0.34476893E+001
  0.57579080E+000  0.94010107E+000  0.10816295E+001  0.34476895E+001
  0.57579090E+000  0.94010107E+000  0.10816299E+001  0.34476898E+001
  0.57579101E+000  0.94010109E+000  0.10816303E+001  0.34476901E+001
  0.57579113E+000  0.94010111E+000  0.10816307E+001  0.34476905E+001
  0.57579125E+000  0.94010114E+000  0.10816311E+001  0.34476909E+001
  0.57579137E+000  0.94010118E+000  0.10816314E+001  0.34476914E+001
  0.57579149E+000  0.94010123E+000  0.10816318E+001  0.34476920E+001
  0.57579161E+000  0.94010128E+000  0.10816322E+001  0.34476926E+001
  0.57579173E+000  0.94010133E+000  0.10816326E+001  0.34476932E+001
  0.57579185E+000  0.94010139E+000  0.10816329E+001  0.34476939E+001
  0.57579197E+000  0.94010145E+000  0.10816333E+001  0.34476946E+001
  0.57579209E+000  0.94010150E+000  0.10816336E+001  0.34476954E+001
  0.57579220E+000  0.94010156E+000  0.10816340E+001  0.34476963E+001
  0.57579232E+000  0.94010162E+000  0.10816343E+001  0.34476971E+001
  0.57579243E+000  0.94010168E+000  0.10816346E+001  0.34476981E+001
  0.57579254E+000  0.94010174E+000  0.10816350E+001  0.34476991E+001
  0.57579264E+000  0.94010180E+000  0.10816353E+001  0.34477001E+001
  0.57579275E+000  0.94010186E+000  0.10816356E+001  0.34477012E+001
  0.57579285E+000  0.94010192E+000  0.10816358E+001  0.34477023E+001
  0.57579294E+000  0.94010197E+000  0.10816361E+001  0.34477035E+001
  0.57579304E+000  0.94010203E+000  0.10816364E+001  0.34477048E+001
  0.57579313E+000  0.94010208E+000  0.10816367E+001  0.34477061E+001
  0.57579321E+000  0.94010213E+000  0.10816369E+001  0.34477075E+001
  0.57579330E+000  0.94010218E+000  0.10816371E+001  0.34477089E+001
  0.57579338E+000  0.94010223E+000  0.10816374E+001  0.34477104E+001
  0.57579346E+000  0.94010228E+000  0.10816376E+001  0.34477119E+001
  0.57579354E+000  0.94010232E+000  0.10816378E+001  0.34477135E+001
  0.57579361E+000  0.94010236E+000  0.10816380E+001  0.34477151E+001
  0.57579368E+000  0.94010241E+000  0.10816382E+001  0.34477168E+001
  0.57579375E+000  0.94010245E+000  0.10816384E+001  0.34477186E+001
  0.57579381E+000  0.94010249E+000  0.10816386E+001  0.34477204E+001
  0.57579387E+000  0.94010252E+000  0.10816388E+001  0.34477222E+001
  0.57579393E+000  0.94010256E+000  0.10816390E+001  0.34477241E+001
  0.57579399E+000  0.94010259E+000  0.10816391E+001  0.34477261E+001
  0.57579404E+000  0.94010263E+000  0.10816393E+001  0.34477281E+001
  0.57579410E+000  0.94010266E+000  0.10816394E+001  0.34477302E+001
  0.57579415E+000  0.94010269E+000  0.10816396E+001  0.34477323E+001
  0.57579420E+000  0.94010272E+000  0.10816397E+001  0.34477344E+001
  0.57579424E+000  0.94010274E+000  0.10816399E+001  0.34477367E+001
  0.57579428E+000  0.94010277E+000  0.10816400E+001  0.34477389E+001
  0.57579433E+000  0.94010279E+000  0.10816401E+001  0.34477412E+001
  0.57579437E+000  0.94010282E+000  0.10816402E+001  0.34477435E+001
  0.57579441E+000  0.94010284E+000  0.10816404E+001  0.34477459E+001
  0.57579444E+000  0.94010286E+000  0.10816405E+001  0.34477483E+001
  0.57579448E+000  0.94010288E+000  0.10816406E+001  0.34477508E+001
  0.57579451E+000  0.94010290E+000  0.10816407E+001  0.34477533E+001
  0.57579454E+000  0.94010292E+000  0.10816408E+001  0.34477558E+001
  0.57579457E+000  0.94010294E+000  0.10816409E+001  0.34477583E+001
  0.57579460E+000  0.94010295E+000  0.10816409E+001  0.34477609E+001
  0.57579463E+000  0.94010297E+000  0.10816410E+001  0.34477635E+001
  0.57579465E+000  0.94010298E+000  0.10816411E+001  0.34477661E+001
  0.57579468E+000  0.94010299E+000  0.10816412E+001  0.34477687E+001
  0.57579470E+000  0.94010301E+000  0.10816413E+001  0.34477714E+001
  0.57579472E+000  0.94010302E+000  0.10816413E+001  0.34477740E+001
  0.57579474E+000  0.94010303E+000  0.10816414E+001  0.34477767E+001
  0.57579476E+000  0.94010304E+000  0.10816415E+001  0.34477794E+001
  0.57579478E+000  0.94010305E+000  0.10816415E+001  0.34477821E+001
  0.57579480E+000  0.94010306E+000  0.10816416E+001  0.34477848E+001
  0.57579481E+000  0.94010306E+000  0.10816416E+001  0.34477875E+001
  0.57579483E+000  0.94010307E+000  0.10816417E+001  0.34477902E+001
  0.57579484E+000  0.94010308E+000  0.10816417E+001  0.34477929E+001
  0.57579486E+000  0.94010308E+000  0.10816418E+001  0.34477956E+001
  0.57579487E+000  0.94010309E+000  0.10816418E+001  0.34477983E+001
  0.57579488E+000  0.94010310E+000  0.10816419E+001  0.34478010E+001
  0.57579489E+000  0.94010310E+000  0.10816419E+001  0.34478036E+001
  0.57579490E+000  0.94010310E+000  0.10816419E+001  0.34478063E+001
  0.57579491E+000  0.94010311E+000  0.10816420E+001  0.34478089E+001
  0.57579492E+000  0.94010311E+000  0.10816420E+001  0.34478116E+001
  0.57579493E+000  0.94010312E+000  0.10816420E+001  0.34478142E+001
  0.57579494E+000  0.94010312E+000  0.10816421E+001  0.34478168E+001
  0.57579495E+000  0.94010312E+000  0.10816421E+001  0.34478193E+001
  0.57579496E+000  0.94010312E+000  0.10816421E+001  0.34478219E+001
  0.57579496E+000  0.94010312E+000  0.10816421E+001  0.34478244E+001
  0.57579497E+000  0.94010313E+000  0.10816422E+001  0.34478269E+001
  0.57579498E+000  0.94010313E+000  0.10816422E+001  0.34478293E+001
  0.57579498E+000  0.94010313E+000  0.10816422E+001  0.34478317E+001
  0.57579499E+000  0.94010313E+000  0.10816422E+001  0.34478341E+001
  0.57579499E+000  0.94010313E+000  0.10816423E+001  0.34478365E+001
  0.57579499E+000  0.94010313E+000  0.10816423E+001  0.34478388E+001
  0.57579500E+000  0.94010313E+000  0.10816423E+001  0.34478411E+001
  0.57579500E+000  0.94010312E+000  0.10816423E+001  0.34478434E+001
  0.57579500E+000  0.94010312E+000  0.10816423E+001  0.34478456E+001
  0.57579500E+000  0.94010311E+000  0.10816423E+001  0.34478477E+001
  0.57579500E+000  0.94010310E+000  0.10816423E+001  0.34478499E+001
  0.57579497E+000  0.94010307E+000  0.10816423E+001  0.34478519E+001
  0.57579495E+000  0.94010304E+000  0.10816423E+001  0.34478538E+001
