  0.15016556E+001
  0.15049941E+001
  0.15061362E+001
  0.15071365E+001
  0.15079176E+001
  0.15085486E+001
  0.15090655E+001
  0.15094918E+001
  0.15098438E+001
  0.15101353E+001
  0.15103770E+001
  0.15105775E+001
  0.15107436E+001
  0.15108812E+001
  0.15109953E+001
  0.15110896E+001
  0.15111675E+001
  0.15112315E+001
  0.15112840E+001
  0.15113267E+001
  0.15113612E+001
  0.15113889E+001
  0.15114108E+001
  0.15114279E+001
  0.15114410E+001
  0.15114507E+001
  0.15114576E+001
  0.15114623E+001
  0.15114650E+001
  0.15114663E+001
  0.15114664E+001
  0.15114654E+001
  0.15114638E+001
  0.15114615E+001
  0.15114588E+001
  0.15114558E+001
  0.15114526E+001
  0.15114493E+001
  0.15114459E+001
  0.15114424E+001
  0.15114390E+001
  0.15114355E+001
  0.15114322E+001
  0.15114288E+001
  0.15114256E+001
  0.15114224E+001
  0.15114193E+001
  0.15114162E+001
  0.15114132E+001
  0.15114103E+001
  0.15114073E+001
  0.15114045E+001
  0.15114016E+001
  0.15113987E+001
  0.15113959E+001
  0.15113931E+001
  0.15113902E+001
  0.15113874E+001
  0.15113845E+001
  0.15113817E+001
  0.15113788E+001
  0.15113760E+001
  0.15113731E+001
  0.15113702E+001
  0.15113673E+001
  0.15113645E+001
  0.15113616E+001
  0.15113588E+001
  0.15113560E+001
  0.15113532E+001
  0.15113505E+001
  0.15113478E+001
  0.15113451E+001
  0.15113425E+001
  0.15113400E+001
  0.15113375E+001
  0.15113350E+001
  0.15113327E+001
  0.15113304E+001
  0.15113282E+001
  0.15113261E+001
  0.15113241E+001
  0.15113222E+001
  0.15113204E+001
  0.15113186E+001
  0.15113170E+001
  0.15113154E+001
  0.15113140E+001
  0.15113126E+001
  0.15113113E+001
  0.15113102E+001
  0.15113091E+001
  0.15113081E+001
  0.15113072E+001
  0.15113063E+001
  0.15113056E+001
  0.15113049E+001
  0.15113044E+001
  0.15113038E+001
  0.15113034E+001
  0.15113030E+001
  0.15113027E+001
  0.15113025E+001
  0.15113022E+001
  0.15113021E+001
  0.15113020E+001
  0.15113019E+001
  0.15113019E+001
  0.15113019E+001
  0.15113020E+001
  0.15113020E+001
  0.15113021E+001
  0.15113023E+001
  0.15113024E+001
  0.15113026E+001
  0.15113028E+001
  0.15113030E+001
  0.15113032E+001
  0.15113035E+001
  0.15113038E+001
  0.15113040E+001
  0.15113043E+001
  0.15113046E+001
  0.15113049E+001
  0.15113052E+001
  0.15113056E+001
  0.15113059E+001
  0.15113062E+001
  0.15113066E+001
  0.15113070E+001
  0.15113073E+001
  0.15113077E+001
  0.15113081E+001
  0.15113085E+001
  0.15113090E+001
  0.15113094E+001
  0.15113098E+001
  0.15113103E+001
  0.15113107E+001
  0.15113112E+001
  0.15113117E+001
  0.15113122E+001
  0.15113127E+001
  0.15113132E+001
  0.15113137E+001
  0.15113142E+001
  0.15113148E+001
  0.15113153E+001
  0.15113159E+001
  0.15113165E+001
  0.15113171E+001
  0.15113177E+001
  0.15113183E+001
  0.15113189E+001
  0.15113195E+001
  0.15113201E+001
  0.15113208E+001
  0.15113214E+001
  0.15113221E+001
  0.15113227E+001
  0.15113234E+001
  0.15113241E+001
  0.15113247E+001
  0.15113254E+001
  0.15113261E+001
  0.15113268E+001
  0.15113275E+001
  0.15113282E+001
  0.15113289E+001
  0.15113296E+001
  0.15113303E+001
  0.15113309E+001
  0.15113316E+001
  0.15113323E+001
  0.15113330E+001
  0.15113337E+001
  0.15113344E+001
  0.15113351E+001
  0.15113358E+001
  0.15113365E+001
  0.15113371E+001
  0.15113378E+001
  0.15113385E+001
  0.15113391E+001
  0.15113398E+001
  0.15113404E+001
  0.15113410E+001
  0.15113417E+001
  0.15113423E+001
  0.15113429E+001
  0.15113435E+001
  0.15113441E+001
  0.15113447E+001
  0.15113453E+001
  0.15113458E+001
  0.15113464E+001
  0.15113469E+001
  0.15113475E+001
  0.15113479E+001
  0.15113484E+001
