  0.10950479E+002
  0.10949045E+002
  0.10948131E+002
  0.10947412E+002
  0.10946857E+002
  0.10946427E+002
  0.10946099E+002
  0.10945851E+002
  0.10945669E+002
  0.10945540E+002
  0.10945454E+002
  0.10945402E+002
  0.10945379E+002
  0.10945378E+002
  0.10945396E+002
  0.10945427E+002
  0.10945471E+002
  0.10945523E+002
  0.10945582E+002
  0.10945646E+002
  0.10945715E+002
  0.10945786E+002
  0.10945859E+002
  0.10945933E+002
  0.10946007E+002
  0.10946081E+002
  0.10946155E+002
  0.10946228E+002
  0.10946299E+002
  0.10946369E+002
  0.10946437E+002
  0.10946503E+002
  0.10946567E+002
  0.10946629E+002
  0.10946689E+002
  0.10946746E+002
  0.10946801E+002
  0.10946854E+002
  0.10946905E+002
  0.10946953E+002
  0.10946999E+002
  0.10947043E+002
  0.10947085E+002
  0.10947125E+002
  0.10947163E+002
  0.10947200E+002
  0.10947234E+002
  0.10947268E+002
  0.10947300E+002
  0.10947331E+002
  0.10947360E+002
  0.10947389E+002
  0.10947418E+002
  0.10947445E+002
  0.10947472E+002
  0.10947499E+002
  0.10947526E+002
  0.10947552E+002
  0.10947578E+002
  0.10947604E+002
  0.10947630E+002
  0.10947657E+002
  0.10947683E+002
  0.10947709E+002
  0.10947736E+002
  0.10947763E+002
  0.10947789E+002
  0.10947816E+002
  0.10947843E+002
  0.10947870E+002
  0.10947897E+002
  0.10947924E+002
  0.10947951E+002
  0.10947978E+002
  0.10948005E+002
  0.10948032E+002
  0.10948058E+002
  0.10948085E+002
  0.10948111E+002
  0.10948137E+002
  0.10948162E+002
  0.10948187E+002
  0.10948212E+002
  0.10948236E+002
  0.10948260E+002
  0.10948284E+002
  0.10948307E+002
  0.10948330E+002
  0.10948352E+002
  0.10948373E+002
  0.10948394E+002
  0.10948415E+002
  0.10948435E+002
  0.10948454E+002
  0.10948473E+002
  0.10948492E+002
  0.10948510E+002
  0.10948527E+002
  0.10948545E+002
  0.10948561E+002
  0.10948577E+002
  0.10948593E+002
  0.10948608E+002
  0.10948624E+002
  0.10948638E+002
  0.10948652E+002
  0.10948667E+002
  0.10948680E+002
  0.10948694E+002
  0.10948707E+002
  0.10948720E+002
  0.10948733E+002
  0.10948745E+002
  0.10948758E+002
  0.10948770E+002
  0.10948782E+002
  0.10948794E+002
  0.10948807E+002
  0.10948818E+002
  0.10948830E+002
  0.10948842E+002
  0.10948854E+002
  0.10948866E+002
  0.10948878E+002
  0.10948890E+002
  0.10948902E+002
  0.10948914E+002
  0.10948926E+002
  0.10948939E+002
  0.10948951E+002
  0.10948963E+002
  0.10948976E+002
  0.10948989E+002
  0.10949002E+002
  0.10949015E+002
  0.10949028E+002
  0.10949041E+002
  0.10949055E+002
  0.10949069E+002
  0.10949083E+002
  0.10949097E+002
  0.10949111E+002
  0.10949126E+002
  0.10949141E+002
  0.10949156E+002
  0.10949171E+002
  0.10949186E+002
  0.10949202E+002
  0.10949217E+002
  0.10949233E+002
  0.10949250E+002
  0.10949266E+002
  0.10949282E+002
  0.10949299E+002
  0.10949316E+002
  0.10949333E+002
  0.10949350E+002
  0.10949368E+002
  0.10949385E+002
  0.10949403E+002
  0.10949420E+002
  0.10949438E+002
  0.10949456E+002
  0.10949474E+002
  0.10949492E+002
  0.10949510E+002
  0.10949528E+002
  0.10949546E+002
  0.10949564E+002
  0.10949583E+002
  0.10949601E+002
  0.10949619E+002
  0.10949637E+002
  0.10949655E+002
  0.10949673E+002
  0.10949691E+002
  0.10949709E+002
  0.10949726E+002
  0.10949744E+002
  0.10949761E+002
  0.10949779E+002
  0.10949796E+002
  0.10949813E+002
  0.10949830E+002
  0.10949846E+002
  0.10949863E+002
  0.10949879E+002
  0.10949895E+002
  0.10949911E+002
  0.10949927E+002
  0.10949942E+002
  0.10949957E+002
  0.10949972E+002
  0.10949987E+002
  0.10950002E+002
  0.10950016E+002
  0.10950030E+002
  0.10950044E+002
  0.10950057E+002
  0.10950070E+002
