  0.69328195E-001
  0.70164842E-001
  0.70350170E-001
  0.70438172E-001
  0.70455202E-001
  0.70438454E-001
  0.70402515E-001
  0.70354366E-001
  0.70298762E-001
  0.70238985E-001
  0.70177332E-001
  0.70115421E-001
  0.70054406E-001
  0.69995178E-001
  0.69938346E-001
  0.69884300E-001
  0.69833337E-001
  0.69785686E-001
  0.69741355E-001
  0.69700303E-001
  0.69662461E-001
  0.69627720E-001
  0.69595960E-001
  0.69567030E-001
  0.69540782E-001
  0.69517055E-001
  0.69495689E-001
  0.69476507E-001
  0.69459344E-001
  0.69444042E-001
  0.69430431E-001
  0.69418355E-001
  0.69407669E-001
  0.69398225E-001
  0.69389891E-001
  0.69382545E-001
  0.69376072E-001
  0.69370367E-001
  0.69365335E-001
  0.69360894E-001
  0.69356970E-001
  0.69353494E-001
  0.69350411E-001
  0.69347674E-001
  0.69345235E-001
  0.69343063E-001
  0.69341122E-001
  0.69339389E-001
  0.69337841E-001
  0.69336457E-001
  0.69335222E-001
  0.69334121E-001
  0.69333142E-001
  0.69332275E-001
  0.69331508E-001
  0.69330833E-001
  0.69330242E-001
  0.69329727E-001
  0.69329280E-001
  0.69328895E-001
  0.69328566E-001
  0.69328286E-001
  0.69328051E-001
  0.69327855E-001
  0.69327694E-001
  0.69327565E-001
  0.69327463E-001
  0.69327385E-001
  0.69327329E-001
  0.69327293E-001
  0.69327273E-001
  0.69327268E-001
  0.69327277E-001
  0.69327298E-001
  0.69327328E-001
  0.69327369E-001
  0.69327417E-001
  0.69327474E-001
  0.69327536E-001
  0.69327605E-001
  0.69327677E-001
  0.69327752E-001
  0.69327830E-001
  0.69327910E-001
  0.69327991E-001
  0.69328073E-001
  0.69328156E-001
  0.69328239E-001
  0.69328321E-001
  0.69328400E-001
  0.69328477E-001
  0.69328551E-001
  0.69328621E-001
  0.69328689E-001
  0.69328753E-001
  0.69328814E-001
  0.69328870E-001
  0.69328922E-001
  0.69328968E-001
  0.69329010E-001
  0.69329048E-001
  0.69329081E-001
  0.69329109E-001
  0.69329132E-001
  0.69329151E-001
  0.69329166E-001
  0.69329176E-001
  0.69329183E-001
  0.69329185E-001
  0.69329185E-001
  0.69329180E-001
  0.69329173E-001
  0.69329163E-001
  0.69329151E-001
  0.69329137E-001
  0.69329120E-001
  0.69329102E-001
  0.69329082E-001
  0.69329061E-001
  0.69329039E-001
  0.69329017E-001
  0.69328993E-001
  0.69328970E-001
  0.69328946E-001
  0.69328921E-001
  0.69328897E-001
  0.69328873E-001
  0.69328849E-001
  0.69328826E-001
  0.69328803E-001
  0.69328780E-001
  0.69328758E-001
  0.69328736E-001
  0.69328715E-001
  0.69328694E-001
  0.69328674E-001
  0.69328655E-001
  0.69328636E-001
  0.69328618E-001
  0.69328600E-001
  0.69328583E-001
  0.69328567E-001
  0.69328551E-001
  0.69328536E-001
  0.69328521E-001
  0.69328507E-001
  0.69328494E-001
  0.69328480E-001
  0.69328468E-001
  0.69328456E-001
  0.69328444E-001
  0.69328433E-001
  0.69328422E-001
  0.69328412E-001
  0.69328402E-001
  0.69328392E-001
  0.69328383E-001
  0.69328374E-001
  0.69328366E-001
  0.69328358E-001
  0.69328350E-001
  0.69328343E-001
  0.69328336E-001
  0.69328329E-001
  0.69328322E-001
  0.69328316E-001
  0.69328310E-001
  0.69328304E-001
  0.69328299E-001
  0.69328294E-001
  0.69328289E-001
  0.69328284E-001
  0.69328279E-001
  0.69328275E-001
  0.69328271E-001
  0.69328267E-001
  0.69328263E-001
  0.69328259E-001
  0.69328256E-001
  0.69328253E-001
  0.69328249E-001
  0.69328246E-001
  0.69328244E-001
  0.69328241E-001
  0.69328238E-001
  0.69328236E-001
  0.69328233E-001
  0.69328231E-001
  0.69328229E-001
  0.69328227E-001
  0.69328224E-001
  0.69328222E-001
  0.69328220E-001
  0.69328217E-001
  0.69328214E-001
  0.69328211E-001
  0.69328206E-001
  0.69328199E-001
  0.69328183E-001
  0.69328192E-001
