  0.52304222E+000
  0.55152799E+000
  0.54161882E+000
  0.53794005E+000
  0.53504400E+000
  0.53285705E+000
  0.53115160E+000
  0.52978674E+000
  0.52867733E+000
  0.52777113E+000
  0.52702709E+000
  0.52641130E+000
  0.52589926E+000
  0.52547451E+000
  0.52512080E+000
  0.52482463E+000
  0.52457498E+000
  0.52436430E+000
  0.52418603E+000
  0.52403472E+000
  0.52390639E+000
  0.52379685E+000
  0.52370361E+000
  0.52362342E+000
  0.52355472E+000
  0.52349551E+000
  0.52344475E+000
  0.52340053E+000
  0.52336215E+000
  0.52332896E+000
  0.52329978E+000
  0.52327411E+000
  0.52325158E+000
  0.52323141E+000
  0.52321341E+000
  0.52319728E+000
  0.52318270E+000
  0.52316945E+000
  0.52315723E+000
  0.52314614E+000
  0.52313589E+000
  0.52312642E+000
  0.52311764E+000
  0.52310962E+000
  0.52310209E+000
  0.52309524E+000
  0.52308889E+000
  0.52308304E+000
  0.52307775E+000
  0.52307289E+000
  0.52306850E+000
  0.52306455E+000
  0.52306096E+000
  0.52305783E+000
  0.52305499E+000
  0.52305249E+000
  0.52305031E+000
  0.52304836E+000
  0.52304667E+000
  0.52304517E+000
  0.52304388E+000
  0.52304272E+000
  0.52304172E+000
  0.52304081E+000
  0.52304003E+000
  0.52303934E+000
  0.52303873E+000
  0.52303819E+000
  0.52303773E+000
  0.52303732E+000
  0.52303698E+000
  0.52303668E+000
  0.52303644E+000
  0.52303626E+000
  0.52303611E+000
  0.52303603E+000
  0.52303600E+000
  0.52303603E+000
  0.52303611E+000
  0.52303625E+000
  0.52303642E+000
  0.52303664E+000
  0.52303689E+000
  0.52303718E+000
  0.52303751E+000
  0.52303788E+000
  0.52303829E+000
  0.52303873E+000
  0.52303919E+000
  0.52303966E+000
  0.52304013E+000
  0.52304061E+000
  0.52304109E+000
  0.52304157E+000
  0.52304206E+000
  0.52304254E+000
  0.52304300E+000
  0.52304344E+000
  0.52304386E+000
  0.52304426E+000
  0.52304464E+000
  0.52304498E+000
  0.52304531E+000
  0.52304559E+000
  0.52304586E+000
  0.52304609E+000
  0.52304629E+000
  0.52304646E+000
  0.52304661E+000
  0.52304673E+000
  0.52304681E+000
  0.52304688E+000
  0.52304692E+000
  0.52304694E+000
  0.52304693E+000
  0.52304691E+000
  0.52304687E+000
  0.52304682E+000
  0.52304675E+000
  0.52304668E+000
  0.52304659E+000
  0.52304649E+000
  0.52304639E+000
  0.52304628E+000
  0.52304616E+000
  0.52304605E+000
  0.52304593E+000
  0.52304581E+000
  0.52304569E+000
  0.52304557E+000
  0.52304545E+000
  0.52304533E+000
  0.52304521E+000
  0.52304510E+000
  0.52304498E+000
  0.52304487E+000
  0.52304477E+000
  0.52304466E+000
  0.52304456E+000
  0.52304446E+000
  0.52304437E+000
  0.52304428E+000
  0.52304419E+000
  0.52304410E+000
  0.52304402E+000
  0.52304394E+000
  0.52304386E+000
  0.52304378E+000
  0.52304371E+000
  0.52304364E+000
  0.52304358E+000
  0.52304351E+000
  0.52304345E+000
  0.52304339E+000
  0.52304333E+000
  0.52304328E+000
  0.52304323E+000
  0.52304318E+000
  0.52304313E+000
  0.52304308E+000
  0.52304304E+000
  0.52304299E+000
  0.52304295E+000
  0.52304291E+000
  0.52304288E+000
  0.52304284E+000
  0.52304281E+000
  0.52304277E+000
  0.52304274E+000
  0.52304271E+000
  0.52304268E+000
  0.52304266E+000
  0.52304263E+000
  0.52304260E+000
  0.52304258E+000
  0.52304256E+000
  0.52304254E+000
  0.52304252E+000
  0.52304250E+000
  0.52304248E+000
  0.52304246E+000
  0.52304245E+000
  0.52304243E+000
  0.52304242E+000
  0.52304240E+000
  0.52304239E+000
  0.52304238E+000
  0.52304236E+000
  0.52304235E+000
  0.52304234E+000
  0.52304233E+000
  0.52304231E+000
  0.52304230E+000
  0.52304228E+000
  0.52304226E+000
  0.52304223E+000
  0.52304218E+000
  0.52304211E+000
  0.52304187E+000
  0.52304199E+000
