  0.52114316E-006
  0.52140295E-006
  0.52116768E-006
  0.52107633E-006
  0.52102616E-006
  0.52100124E-006
  0.52099151E-006
  0.52099147E-006
  0.52099791E-006
  0.52100882E-006
  0.52102276E-006
  0.52103864E-006
  0.52105562E-006
  0.52107311E-006
  0.52109062E-006
  0.52110777E-006
  0.52112424E-006
  0.52113983E-006
  0.52115437E-006
  0.52116775E-006
  0.52117989E-006
  0.52119075E-006
  0.52120032E-006
  0.52120863E-006
  0.52121570E-006
  0.52122158E-006
  0.52122636E-006
  0.52123008E-006
  0.52123285E-006
  0.52123475E-006
  0.52123586E-006
  0.52123627E-006
  0.52123609E-006
  0.52123538E-006
  0.52123423E-006
  0.52123272E-006
  0.52123092E-006
  0.52122889E-006
  0.52122669E-006
  0.52122437E-006
  0.52122197E-006
  0.52121953E-006
  0.52121707E-006
  0.52121463E-006
  0.52121221E-006
  0.52120983E-006
  0.52120748E-006
  0.52120519E-006
  0.52120293E-006
  0.52120072E-006
  0.52119854E-006
  0.52119640E-006
  0.52119428E-006
  0.52119219E-006
  0.52119012E-006
  0.52118806E-006
  0.52118602E-006
  0.52118399E-006
  0.52118198E-006
  0.52117999E-006
  0.52117801E-006
  0.52117607E-006
  0.52117414E-006
  0.52117225E-006
  0.52117040E-006
  0.52116858E-006
  0.52116680E-006
  0.52116507E-006
  0.52116339E-006
  0.52116176E-006
  0.52116019E-006
  0.52115867E-006
  0.52115721E-006
  0.52115582E-006
  0.52115449E-006
  0.52115322E-006
  0.52115202E-006
  0.52115089E-006
  0.52114983E-006
  0.52114883E-006
  0.52114790E-006
  0.52114703E-006
  0.52114623E-006
  0.52114550E-006
  0.52114483E-006
  0.52114422E-006
  0.52114367E-006
  0.52114318E-006
  0.52114275E-006
  0.52114236E-006
  0.52114203E-006
  0.52114175E-006
  0.52114151E-006
  0.52114131E-006
  0.52114115E-006
  0.52114103E-006
  0.52114094E-006
  0.52114088E-006
  0.52114085E-006
  0.52114084E-006
  0.52114085E-006
  0.52114089E-006
  0.52114093E-006
  0.52114100E-006
  0.52114107E-006
  0.52114115E-006
  0.52114124E-006
  0.52114134E-006
  0.52114144E-006
  0.52114155E-006
  0.52114165E-006
  0.52114175E-006
  0.52114186E-006
  0.52114196E-006
  0.52114206E-006
  0.52114216E-006
  0.52114225E-006
  0.52114234E-006
  0.52114242E-006
  0.52114250E-006
  0.52114258E-006
  0.52114265E-006
  0.52114272E-006
  0.52114278E-006
  0.52114284E-006
  0.52114289E-006
  0.52114294E-006
  0.52114298E-006
  0.52114302E-006
  0.52114306E-006
  0.52114309E-006
  0.52114312E-006
  0.52114315E-006
  0.52114317E-006
  0.52114319E-006
  0.52114321E-006
  0.52114322E-006
  0.52114324E-006
  0.52114325E-006
  0.52114326E-006
  0.52114327E-006
  0.52114327E-006
  0.52114328E-006
  0.52114328E-006
  0.52114328E-006
  0.52114329E-006
  0.52114329E-006
  0.52114329E-006
  0.52114329E-006
  0.52114328E-006
  0.52114328E-006
  0.52114328E-006
  0.52114328E-006
  0.52114327E-006
  0.52114327E-006
  0.52114327E-006
  0.52114326E-006
  0.52114326E-006
  0.52114325E-006
  0.52114325E-006
  0.52114324E-006
  0.52114324E-006
  0.52114323E-006
  0.52114323E-006
  0.52114323E-006
  0.52114322E-006
  0.52114322E-006
  0.52114321E-006
  0.52114321E-006
  0.52114320E-006
  0.52114320E-006
  0.52114320E-006
  0.52114319E-006
  0.52114319E-006
  0.52114318E-006
  0.52114318E-006
  0.52114318E-006
  0.52114317E-006
  0.52114317E-006
  0.52114317E-006
  0.52114316E-006
  0.52114316E-006
  0.52114316E-006
  0.52114316E-006
  0.52114315E-006
  0.52114315E-006
  0.52114315E-006
  0.52114315E-006
  0.52114314E-006
  0.52114314E-006
  0.52114314E-006
  0.52114314E-006
  0.52114314E-006
  0.52114313E-006
  0.52114313E-006
  0.52114313E-006
  0.52114313E-006
  0.52114314E-006
  0.52114314E-006
  0.52114315E-006
