  0.37555754E+000
  0.37557116E+000
  0.37558238E+000
  0.37559173E+000
  0.37559955E+000
  0.37560608E+000
  0.37561154E+000
  0.37561607E+000
  0.37561981E+000
  0.37562287E+000
  0.37562535E+000
  0.37562732E+000
  0.37562885E+000
  0.37563001E+000
  0.37563085E+000
  0.37563140E+000
  0.37563171E+000
  0.37563180E+000
  0.37563171E+000
  0.37563145E+000
  0.37563105E+000
  0.37563052E+000
  0.37562988E+000
  0.37562914E+000
  0.37562831E+000
  0.37562741E+000
  0.37562643E+000
  0.37562539E+000
  0.37562429E+000
  0.37562314E+000
  0.37562195E+000
  0.37562071E+000
  0.37561944E+000
  0.37561813E+000
  0.37561679E+000
  0.37561542E+000
  0.37561402E+000
  0.37561261E+000
  0.37561117E+000
  0.37560971E+000
  0.37560824E+000
  0.37560676E+000
  0.37560526E+000
  0.37560376E+000
  0.37560225E+000
  0.37560073E+000
  0.37559921E+000
  0.37559769E+000
  0.37559617E+000
  0.37559465E+000
  0.37559314E+000
  0.37559163E+000
  0.37559013E+000
  0.37558865E+000
  0.37558718E+000
  0.37558572E+000
  0.37558428E+000
  0.37558287E+000
  0.37558147E+000
  0.37558010E+000
  0.37557875E+000
  0.37557743E+000
  0.37557615E+000
  0.37557489E+000
  0.37557366E+000
  0.37557247E+000
  0.37557132E+000
  0.37557020E+000
  0.37556912E+000
  0.37556809E+000
  0.37556709E+000
  0.37556614E+000
  0.37556522E+000
  0.37556435E+000
  0.37556353E+000
  0.37556275E+000
  0.37556201E+000
  0.37556132E+000
  0.37556068E+000
  0.37556007E+000
  0.37555952E+000
  0.37555900E+000
  0.37555853E+000
  0.37555810E+000
  0.37555771E+000
  0.37555736E+000
  0.37555705E+000
  0.37555677E+000
  0.37555653E+000
  0.37555632E+000
  0.37555615E+000
  0.37555600E+000
  0.37555588E+000
  0.37555579E+000
  0.37555572E+000
  0.37555568E+000
  0.37555565E+000
  0.37555564E+000
  0.37555565E+000
  0.37555568E+000
  0.37555571E+000
  0.37555576E+000
  0.37555581E+000
  0.37555588E+000
  0.37555595E+000
  0.37555602E+000
  0.37555610E+000
  0.37555618E+000
  0.37555626E+000
  0.37555634E+000
  0.37555643E+000
  0.37555651E+000
  0.37555659E+000
  0.37555667E+000
  0.37555674E+000
  0.37555682E+000
  0.37555689E+000
  0.37555695E+000
  0.37555702E+000
  0.37555708E+000
  0.37555713E+000
  0.37555718E+000
  0.37555723E+000
  0.37555728E+000
  0.37555732E+000
  0.37555736E+000
  0.37555739E+000
  0.37555743E+000
  0.37555745E+000
  0.37555748E+000
  0.37555750E+000
  0.37555753E+000
  0.37555754E+000
  0.37555756E+000
  0.37555758E+000
  0.37555759E+000
  0.37555760E+000
  0.37555761E+000
  0.37555762E+000
  0.37555763E+000
  0.37555763E+000
  0.37555764E+000
  0.37555764E+000
  0.37555764E+000
  0.37555764E+000
  0.37555764E+000
  0.37555764E+000
  0.37555764E+000
  0.37555764E+000
  0.37555764E+000
  0.37555764E+000
  0.37555764E+000
  0.37555763E+000
  0.37555763E+000
  0.37555763E+000
  0.37555763E+000
  0.37555762E+000
  0.37555762E+000
  0.37555762E+000
  0.37555761E+000
  0.37555761E+000
  0.37555760E+000
  0.37555760E+000
  0.37555760E+000
  0.37555759E+000
  0.37555759E+000
  0.37555759E+000
  0.37555758E+000
  0.37555758E+000
  0.37555758E+000
  0.37555757E+000
  0.37555757E+000
  0.37555757E+000
  0.37555756E+000
  0.37555756E+000
  0.37555756E+000
  0.37555756E+000
  0.37555755E+000
  0.37555755E+000
  0.37555755E+000
  0.37555755E+000
  0.37555754E+000
  0.37555754E+000
  0.37555754E+000
  0.37555754E+000
  0.37555753E+000
  0.37555753E+000
  0.37555753E+000
  0.37555753E+000
  0.37555753E+000
  0.37555752E+000
  0.37555752E+000
  0.37555752E+000
  0.37555752E+000
  0.37555752E+000
  0.37555752E+000
  0.37555752E+000
  0.37555753E+000
  0.37555753E+000
  0.37555753E+000
