  0.82261485E+000
  0.82262190E+000
  0.82262733E+000
  0.82263182E+000
  0.82263557E+000
  0.82263872E+000
  0.82264139E+000
  0.82264365E+000
  0.82264557E+000
  0.82264721E+000
  0.82264860E+000
  0.82264980E+000
  0.82265081E+000
  0.82265168E+000
  0.82265242E+000
  0.82265305E+000
  0.82265358E+000
  0.82265403E+000
  0.82265441E+000
  0.82265472E+000
  0.82265498E+000
  0.82265518E+000
  0.82265534E+000
  0.82265546E+000
  0.82265554E+000
  0.82265559E+000
  0.82265560E+000
  0.82265559E+000
  0.82265555E+000
  0.82265548E+000
  0.82265539E+000
  0.82265528E+000
  0.82265514E+000
  0.82265498E+000
  0.82265480E+000
  0.82265460E+000
  0.82265437E+000
  0.82265413E+000
  0.82265386E+000
  0.82265358E+000
  0.82265327E+000
  0.82265295E+000
  0.82265260E+000
  0.82265224E+000
  0.82265185E+000
  0.82265145E+000
  0.82265103E+000
  0.82265059E+000
  0.82265013E+000
  0.82264965E+000
  0.82264916E+000
  0.82264865E+000
  0.82264812E+000
  0.82264758E+000
  0.82264702E+000
  0.82264645E+000
  0.82264587E+000
  0.82264527E+000
  0.82264466E+000
  0.82264405E+000
  0.82264342E+000
  0.82264278E+000
  0.82264213E+000
  0.82264147E+000
  0.82264081E+000
  0.82264014E+000
  0.82263947E+000
  0.82263879E+000
  0.82263811E+000
  0.82263742E+000
  0.82263674E+000
  0.82263605E+000
  0.82263537E+000
  0.82263468E+000
  0.82263400E+000
  0.82263332E+000
  0.82263265E+000
  0.82263198E+000
  0.82263131E+000
  0.82263066E+000
  0.82263000E+000
  0.82262936E+000
  0.82262873E+000
  0.82262810E+000
  0.82262748E+000
  0.82262687E+000
  0.82262628E+000
  0.82262569E+000
  0.82262512E+000
  0.82262455E+000
  0.82262400E+000
  0.82262346E+000
  0.82262293E+000
  0.82262241E+000
  0.82262190E+000
  0.82262141E+000
  0.82262093E+000
  0.82262045E+000
  0.82262000E+000
  0.82261955E+000
  0.82261911E+000
  0.82261868E+000
  0.82261827E+000
  0.82261786E+000
  0.82261747E+000
  0.82261709E+000
  0.82261671E+000
  0.82261635E+000
  0.82261600E+000
  0.82261565E+000
  0.82261532E+000
  0.82261499E+000
  0.82261468E+000
  0.82261437E+000
  0.82261407E+000
  0.82261378E+000
  0.82261350E+000
  0.82261323E+000
  0.82261297E+000
  0.82261271E+000
  0.82261246E+000
  0.82261223E+000
  0.82261200E+000
  0.82261177E+000
  0.82261156E+000
  0.82261136E+000
  0.82261116E+000
  0.82261097E+000
  0.82261079E+000
  0.82261061E+000
  0.82261045E+000
  0.82261029E+000
  0.82261014E+000
  0.82261000E+000
  0.82260986E+000
  0.82260974E+000
  0.82260962E+000
  0.82260950E+000
  0.82260940E+000
  0.82260930E+000
  0.82260921E+000
  0.82260913E+000
  0.82260906E+000
  0.82260899E+000
  0.82260893E+000
  0.82260887E+000
  0.82260883E+000
  0.82260879E+000
  0.82260875E+000
  0.82260872E+000
  0.82260870E+000
  0.82260869E+000
  0.82260868E+000
  0.82260867E+000
  0.82260868E+000
  0.82260868E+000
  0.82260870E+000
  0.82260872E+000
  0.82260874E+000
  0.82260877E+000
  0.82260880E+000
  0.82260884E+000
  0.82260888E+000
  0.82260892E+000
  0.82260897E+000
  0.82260903E+000
  0.82260909E+000
  0.82260915E+000
  0.82260921E+000
  0.82260928E+000
  0.82260935E+000
  0.82260942E+000
  0.82260949E+000
  0.82260957E+000
  0.82260965E+000
  0.82260973E+000
  0.82260981E+000
  0.82260990E+000
  0.82260999E+000
  0.82261007E+000
  0.82261016E+000
  0.82261025E+000
  0.82261034E+000
  0.82261043E+000
  0.82261052E+000
  0.82261061E+000
  0.82261071E+000
  0.82261080E+000
  0.82261089E+000
  0.82261098E+000
  0.82261107E+000
  0.82261116E+000
  0.82261126E+000
  0.82261135E+000
  0.82261143E+000
  0.82261152E+000
  0.82261161E+000
  0.82261170E+000
  0.82261178E+000
  0.82261187E+000
