  0.91291450E+000
  0.91296276E+000
  0.91299170E+000
  0.91301267E+000
  0.91302750E+000
  0.91303779E+000
  0.91304463E+000
  0.91304880E+000
  0.91305090E+000
  0.91305139E+000
  0.91305065E+000
  0.91304897E+000
  0.91304658E+000
  0.91304367E+000
  0.91304039E+000
  0.91303684E+000
  0.91303312E+000
  0.91302929E+000
  0.91302541E+000
  0.91302153E+000
  0.91301767E+000
  0.91301387E+000
  0.91301014E+000
  0.91300650E+000
  0.91300296E+000
  0.91299953E+000
  0.91299621E+000
  0.91299301E+000
  0.91298992E+000
  0.91298697E+000
  0.91298413E+000
  0.91298141E+000
  0.91297882E+000
  0.91297635E+000
  0.91297399E+000
  0.91297176E+000
  0.91296963E+000
  0.91296762E+000
  0.91296572E+000
  0.91296392E+000
  0.91296222E+000
  0.91296062E+000
  0.91295912E+000
  0.91295770E+000
  0.91295637E+000
  0.91295512E+000
  0.91295395E+000
  0.91295284E+000
  0.91295180E+000
  0.91295081E+000
  0.91294987E+000
  0.91294898E+000
  0.91294813E+000
  0.91294731E+000
  0.91294652E+000
  0.91294576E+000
  0.91294501E+000
  0.91294428E+000
  0.91294356E+000
  0.91294285E+000
  0.91294215E+000
  0.91294145E+000
  0.91294075E+000
  0.91294006E+000
  0.91293937E+000
  0.91293868E+000
  0.91293799E+000
  0.91293730E+000
  0.91293662E+000
  0.91293593E+000
  0.91293525E+000
  0.91293456E+000
  0.91293388E+000
  0.91293321E+000
  0.91293253E+000
  0.91293187E+000
  0.91293120E+000
  0.91293055E+000
  0.91292990E+000
  0.91292926E+000
  0.91292862E+000
  0.91292800E+000
  0.91292738E+000
  0.91292677E+000
  0.91292618E+000
  0.91292559E+000
  0.91292501E+000
  0.91292445E+000
  0.91292389E+000
  0.91292335E+000
  0.91292282E+000
  0.91292230E+000
  0.91292179E+000
  0.91292130E+000
  0.91292081E+000
  0.91292034E+000
  0.91291988E+000
  0.91291943E+000
  0.91291899E+000
  0.91291857E+000
  0.91291815E+000
  0.91291775E+000
  0.91291735E+000
  0.91291697E+000
  0.91291660E+000
  0.91291624E+000
  0.91291588E+000
  0.91291554E+000
  0.91291521E+000
  0.91291489E+000
  0.91291457E+000
  0.91291427E+000
  0.91291398E+000
  0.91291369E+000
  0.91291341E+000
  0.91291315E+000
  0.91291289E+000
  0.91291264E+000
  0.91291240E+000
  0.91291216E+000
  0.91291194E+000
  0.91291172E+000
  0.91291152E+000
  0.91291132E+000
  0.91291113E+000
  0.91291094E+000
  0.91291077E+000
  0.91291060E+000
  0.91291044E+000
  0.91291029E+000
  0.91291015E+000
  0.91291001E+000
  0.91290988E+000
  0.91290976E+000
  0.91290965E+000
  0.91290954E+000
  0.91290944E+000
  0.91290935E+000
  0.91290927E+000
  0.91290919E+000
  0.91290912E+000
  0.91290906E+000
  0.91290900E+000
  0.91290895E+000
  0.91290890E+000
  0.91290887E+000
  0.91290883E+000
  0.91290881E+000
  0.91290879E+000
  0.91290877E+000
  0.91290876E+000
  0.91290876E+000
  0.91290876E+000
  0.91290877E+000
  0.91290878E+000
  0.91290880E+000
  0.91290882E+000
  0.91290885E+000
  0.91290888E+000
  0.91290891E+000
  0.91290895E+000
  0.91290899E+000
  0.91290904E+000
  0.91290909E+000
  0.91290914E+000
  0.91290920E+000
  0.91290926E+000
  0.91290932E+000
  0.91290938E+000
  0.91290945E+000
  0.91290952E+000
  0.91290959E+000
  0.91290966E+000
  0.91290974E+000
  0.91290981E+000
  0.91290989E+000
  0.91290997E+000
  0.91291005E+000
  0.91291013E+000
  0.91291021E+000
  0.91291030E+000
  0.91291038E+000
  0.91291047E+000
  0.91291055E+000
  0.91291064E+000
  0.91291072E+000
  0.91291081E+000
  0.91291089E+000
  0.91291098E+000
  0.91291106E+000
  0.91291114E+000
  0.91291123E+000
  0.91291131E+000
  0.91291139E+000
  0.91291147E+000
  0.91291155E+000
  0.91291163E+000
  0.91291171E+000
  0.91291179E+000
  0.91291187E+000
