  0.35506669E+000
  0.35482832E+000
  0.35470852E+000
  0.35460791E+000
  0.35453056E+000
  0.35446421E+000
  0.35441135E+000
  0.35436440E+000
  0.35432762E+000
  0.35429582E+000
  0.35426992E+000
  0.35424883E+000
  0.35423257E+000
  0.35421345E+000
  0.35419973E+000
  0.35418899E+000
  0.35417947E+000
  0.35417210E+000
  0.35416593E+000
  0.35416009E+000
  0.35415587E+000
  0.35415198E+000
  0.35415046E+000
  0.35414838E+000
  0.35414498E+000
  0.35414327E+000
  0.35414185E+000
  0.35414093E+000
  0.35414037E+000
  0.35413992E+000
  0.35413956E+000
  0.35413930E+000
  0.35413944E+000
  0.35413942E+000
  0.35413946E+000
  0.35413956E+000
  0.35413973E+000
  0.35414015E+000
  0.35414033E+000
  0.35414057E+000
  0.35414064E+000
  0.35414083E+000
  0.35414101E+000
  0.35414120E+000
  0.35414143E+000
  0.35414160E+000
  0.35414191E+000
  0.35414191E+000
  0.35414229E+000
  0.35414249E+000
  0.35414271E+000
  0.35414295E+000
  0.35414320E+000
  0.35414361E+000
  0.35414387E+000
  0.35414413E+000
  0.35414442E+000
  0.35414399E+000
  0.35414417E+000
  0.35414445E+000
  0.35414473E+000
  0.35414485E+000
  0.35414487E+000
  0.35414523E+000
  0.35414550E+000
  0.35414578E+000
  0.35414612E+000
  0.35414626E+000
  0.35414694E+000
  0.35414724E+000
  0.35414749E+000
  0.35414800E+000
  0.35414822E+000
  0.35414865E+000
  0.35414890E+000
  0.35414932E+000
  0.35414957E+000
  0.35414986E+000
  0.35415008E+000
  0.35415056E+000
  0.35415079E+000
  0.35415103E+000
  0.35415124E+000
  0.35415128E+000
  0.35415142E+000
  0.35415151E+000
  0.35415154E+000
  0.35415168E+000
  0.35415177E+000
  0.35415183E+000
  0.35415194E+000
  0.35415203E+000
  0.35415212E+000
  0.35415218E+000
  0.35415227E+000
  0.35415232E+000
  0.35415277E+000
  0.35415278E+000
  0.35415279E+000
  0.35415277E+000
  0.35415277E+000
  0.35415295E+000
  0.35415290E+000
  0.35415286E+000
  0.35415281E+000
  0.35415277E+000
  0.35415272E+000
  0.35415268E+000
  0.35415263E+000
  0.35415257E+000
  0.35415252E+000
  0.35415247E+000
  0.35415242E+000
  0.35415236E+000
  0.35415231E+000
  0.35415226E+000
  0.35415220E+000
  0.35415215E+000
  0.35415211E+000
  0.35415206E+000
  0.35415202E+000
  0.35415198E+000
  0.35415194E+000
  0.35415191E+000
  0.35415188E+000
  0.35415186E+000
  0.35415184E+000
  0.35415183E+000
  0.35415182E+000
  0.35415181E+000
  0.35415181E+000
  0.35415182E+000
  0.35415183E+000
  0.35415185E+000
  0.35415188E+000
  0.35415191E+000
  0.35415195E+000
  0.35415199E+000
  0.35415204E+000
  0.35415210E+000
  0.35415216E+000
  0.35415223E+000
  0.35415231E+000
  0.35415239E+000
  0.35415248E+000
  0.35415257E+000
  0.35415268E+000
  0.35415279E+000
  0.35415290E+000
  0.35415302E+000
  0.35415315E+000
  0.35415329E+000
  0.35415343E+000
  0.35415357E+000
  0.35415373E+000
  0.35415388E+000
  0.35415405E+000
  0.35415422E+000
  0.35415439E+000
  0.35415457E+000
  0.35415475E+000
  0.35415494E+000
  0.35415513E+000
  0.35415533E+000
  0.35415552E+000
  0.35415573E+000
  0.35415593E+000
  0.35415614E+000
  0.35415636E+000
  0.35415657E+000
  0.35415679E+000
  0.35415701E+000
  0.35415723E+000
  0.35415745E+000
  0.35415767E+000
  0.35415790E+000
  0.35415813E+000
  0.35415835E+000
  0.35415858E+000
  0.35415881E+000
  0.35415903E+000
  0.35415926E+000
  0.35415948E+000
  0.35415971E+000
  0.35415993E+000
  0.35416016E+000
  0.35416038E+000
  0.35416060E+000
  0.35416081E+000
  0.35416103E+000
  0.35416124E+000
  0.35416146E+000
  0.35416167E+000
  0.35416187E+000
  0.35416208E+000
  0.35416228E+000
  0.35416248E+000
  0.35416268E+000
  0.35416287E+000
  0.35416307E+000
