  0.00000000E+000  0.00000000E+000  0.00000000E+000  0.00000000E+000  0.00000000E+000  0.93662127E-001  0.19283099E+001  0.12499507E+002  0.31295227E+002  0.78686205E+002  0.15900738E+003
  0.00000000E+000  0.00000000E+000  0.00000000E+000  0.00000000E+000  0.00000000E+000  0.93633424E-001  0.19278938E+001  0.12497278E+002  0.31293078E+002  0.78680361E+002  0.15900302E+003
  0.00000000E+000  0.00000000E+000  0.00000000E+000  0.00000000E+000  0.00000000E+000  0.93609352E-001  0.19275696E+001  0.12495584E+002  0.31291399E+002  0.78675782E+002  0.15899956E+003
  0.00000000E+000  0.00000000E+000  0.00000000E+000  0.00000000E+000  0.00000000E+000  0.93589155E-001  0.19273011E+001  0.12494186E+002  0.31290008E+002  0.78672009E+002  0.15899672E+003
  0.00000000E+000  0.00000000E+000  0.00000000E+000  0.00000000E+000  0.00000000E+000  0.93572207E-001  0.19270765E+001  0.12493026E+002  0.31288852E+002  0.78668872E+002  0.15899435E+003
  0.00000000E+000  0.00000000E+000  0.00000000E+000  0.00000000E+000  0.00000000E+000  0.93557981E-001  0.19268871E+001  0.12492056E+002  0.31287885E+002  0.78666241E+002  0.15899237E+003
  0.00000000E+000  0.00000000E+000  0.00000000E+000  0.00000000E+000  0.00000000E+000  0.93546061E-001  0.19267264E+001  0.12491240E+002  0.31287072E+002  0.78664017E+002  0.15899070E+003
  0.00000000E+000  0.00000000E+000  0.00000000E+000  0.00000000E+000  0.00000000E+000  0.93536108E-001  0.19265896E+001  0.12490552E+002  0.31286385E+002  0.78662132E+002  0.15898928E+003
  0.00000000E+000  0.00000000E+000  0.00000000E+000  0.00000000E+000  0.00000000E+000  0.93527833E-001  0.19264729E+001  0.12489971E+002  0.31285803E+002  0.78660529E+002  0.15898808E+003
  0.00000000E+000  0.00000000E+000  0.00000000E+000  0.00000000E+000  0.00000000E+000  0.93520981E-001  0.19263730E+001  0.12489478E+002  0.31285308E+002  0.78659163E+002  0.15898705E+003
  0.00000000E+000  0.00000000E+000  0.00000000E+000  0.00000000E+000  0.00000000E+000  0.93515352E-001  0.19262875E+001  0.12489060E+002  0.31284887E+002  0.78657995E+002  0.15898617E+003
  0.00000000E+000  0.00000000E+000  0.00000000E+000  0.00000000E+000  0.00000000E+000  0.93510779E-001  0.19262142E+001  0.12488705E+002  0.31284527E+002  0.78656996E+002  0.15898542E+003
  0.00000000E+000  0.00000000E+000  0.00000000E+000  0.00000000E+000  0.00000000E+000  0.93507120E-001  0.19261513E+001  0.12488402E+002  0.31284220E+002  0.78656139E+002  0.15898477E+003
  0.00000000E+000  0.00000000E+000  0.00000000E+000  0.00000000E+000  0.00000000E+000  0.93504252E-001  0.19260973E+001  0.12488144E+002  0.31283957E+002  0.78655403E+002  0.15898421E+003
  0.00000000E+000  0.00000000E+000  0.00000000E+000  0.00000000E+000  0.00000000E+000  0.93502072E-001  0.19260511E+001  0.12487924E+002  0.31283731E+002  0.78654769E+002  0.15898373E+003
  0.00000000E+000  0.00000000E+000  0.00000000E+000  0.00000000E+000  0.00000000E+000  0.93500490E-001  0.19260115E+001  0.12487736E+002  0.31283538E+002  0.78654222E+002  0.15898330E+003
  0.00000000E+000  0.00000000E+000  0.00000000E+000  0.00000000E+000  0.00000000E+000  0.93499431E-001  0.19259778E+001  0.12487576E+002  0.31283372E+002  0.78653751E+002  0.15898294E+003
  0.00000000E+000  0.00000000E+000  0.00000000E+000  0.00000000E+000  0.00000000E+000  0.93498829E-001  0.19259491E+001  0.12487439E+002  0.31283229E+002  0.78653343E+002  0.15898262E+003
  0.00000000E+000  0.00000000E+000  0.00000000E+000  0.00000000E+000  0.00000000E+000  0.93498627E-001  0.19259248E+001  0.12487323E+002  0.31283107E+002  0.78652991E+002  0.15898233E+003
  0.00000000E+000  0.00000000E+000  0.00000000E+000  0.00000000E+000  0.00000000E+000  0.93498777E-001  0.19259045E+001  0.12487224E+002  0.31283003E+002  0.78652686E+002  0.15898208E+003
  0.00000000E+000  0.00000000E+000  0.00000000E+000  0.00000000E+000  0.00000000E+000  0.93499236E-001  0.19258877E+001  0.12487140E+002  0.31282913E+002  0.78652421E+002  0.15898186E+003
  0.00000000E+000  0.00000000E+000  0.00000000E+000  0.00000000E+000  0.00000000E+000  0.93499968E-001  0.19258741E+001  0.12487070E+002  0.31282837E+002  0.78652192E+002  0.15898166E+003
  0.00000000E+000  0.00000000E+000  0.00000000E+000  0.00000000E+000  0.00000000E+000  0.93500943E-001  0.19258632E+001  0.12487011E+002  0.31282773E+002  0.78651993E+002  0.15898148E+003
  0.00000000E+000  0.00000000E+000  0.00000000E+000  0.00000000E+000  0.00000000E+000  0.93502134E-001  0.19258549E+001  0.12486963E+002  0.31282718E+002  0.78651821E+002  0.15898132E+003
  0.00000000E+000  0.00000000E+000  0.00000000E+000  0.00000000E+000  0.00000000E+000  0.93503518E-001  0.19258490E+001  0.12486923E+002  0.31282673E+002  0.78651672E+002  0.15898117E+003
  0.00000000E+000  0.00000000E+000  0.00000000E+000  0.00000000E+000  0.00000000E+000  0.93505077E-001  0.19258451E+001  0.12486892E+002  0.31282635E+002  0.78651542E+002  0.15898104E+003
  0.00000000E+000  0.00000000E+000  0.00000000E+000  0.00000000E+000  0.00000000E+000  0.93506794E-001  0.19258433E+001  0.12486868E+002  0.31282605E+002  0.78651430E+002  0.15898091E+003
  0.00000000E+000  0.00000000E+000  0.00000000E+000  0.00000000E+000  0.00000000E+000  0.93508654E-001  0.19258433E+001  0.12486850E+002  0.31282580E+002  0.78651334E+002  0.15898079E+003
  0.00000000E+000  0.00000000E+000  0.00000000E+000  0.00000000E+000  0.00000000E+000  0.93510645E-001  0.19258451E+001  0.12486839E+002  0.31282562E+002  0.78651250E+002  0.15898068E+003
  0.00000000E+000  0.00000000E+000  0.00000000E+000  0.00000000E+000  0.00000000E+000  0.93512758E-001  0.19258485E+001  0.12486833E+002  0.31282548E+002  0.78651179E+002  0.15898057E+003
  0.00000000E+000  0.00000000E+000  0.00000000E+000  0.00000000E+000  0.00000000E+000  0.93514983E-001  0.19258534E+001  0.12486832E+002  0.31282539E+002  0.78651118E+002  0.15898047E+003
  0.00000000E+000  0.00000000E+000  0.00000000E+000  0.00000000E+000  0.00000000E+000  0.93517312E-001  0.19258599E+001  0.12486836E+002  0.31282534E+002  0.78651067E+002  0.15898037E+003
  0.00000000E+000  0.00000000E+000  0.00000000E+000  0.00000000E+000  0.00000000E+000  0.93519738E-001  0.19258678E+001  0.12486845E+002  0.31282533E+002  0.78651024E+002  0.15898027E+003
  0.00000000E+000  0.00000000E+000  0.00000000E+000  0.00000000E+000  0.00000000E+000  0.93522253E-001  0.19258770E+001  0.12486859E+002  0.31282535E+002  0.78650989E+002  0.15898017E+003
  0.00000000E+000  0.00000000E+000  0.00000000E+000  0.00000000E+000  0.00000000E+000  0.93524851E-001  0.19258877E+001  0.12486877E+002  0.31282541E+002  0.78650962E+002  0.15898008E+003
  0.00000000E+000  0.00000000E+000  0.00000000E+000  0.00000000E+000  0.00000000E+000  0.93527526E-001  0.19258996E+001  0.12486899E+002  0.31282550E+002  0.78650941E+002  0.15897998E+003
  0.00000000E+000  0.00000000E+000  0.00000000E+000  0.00000000E+000  0.00000000E+000  0.93530270E-001  0.19259128E+001  0.12486926E+002  0.31282562E+002  0.78650927E+002  0.15897988E+003
  0.00000000E+000  0.00000000E+000  0.00000000E+000  0.00000000E+000  0.00000000E+000  0.93533077E-001  0.19259273E+001  0.12486958E+002  0.31282577E+002  0.78650918E+002  0.15897979E+003
  0.00000000E+000  0.00000000E+000  0.00000000E+000  0.00000000E+000  0.00000000E+000  0.93535939E-001  0.19259429E+001  0.12486993E+002  0.31282594E+002  0.78650916E+002  0.15897969E+003
  0.00000000E+000  0.00000000E+000  0.00000000E+000  0.00000000E+000  0.00000000E+000  0.93538850E-001  0.19259598E+001  0.12487033E+002  0.31282615E+002  0.78650919E+002  0.15897959E+003
  0.00000000E+000  0.00000000E+000  0.00000000E+000  0.00000000E+000  0.00000000E+000  0.93541803E-001  0.19259778E+001  0.12487078E+002  0.31282637E+002  0.78650928E+002  0.15897949E+003
  0.00000000E+000  0.00000000E+000  0.00000000E+000  0.00000000E+000  0.00000000E+000  0.93544789E-001  0.19259970E+001  0.12487127E+002  0.31282663E+002  0.78650942E+002  0.15897938E+003
  0.00000000E+000  0.00000000E+000  0.00000000E+000  0.00000000E+000  0.00000000E+000  0.93547801E-001  0.19260173E+001  0.12487181E+002  0.31282691E+002  0.78650961E+002  0.15897928E+003
  0.00000000E+000  0.00000000E+000  0.00000000E+000  0.00000000E+000  0.00000000E+000  0.93550832E-001  0.19260387E+001  0.12487240E+002  0.31282721E+002  0.78650985E+002  0.15897917E+003
  0.00000000E+000  0.00000000E+000  0.00000000E+000  0.00000000E+000  0.00000000E+000  0.93553873E-001  0.19260611E+001  0.12487303E+002  0.31282754E+002  0.78651014E+002  0.15897906E+003
  0.00000000E+000  0.00000000E+000  0.00000000E+000  0.00000000E+000  0.00000000E+000  0.93556919E-001  0.19260846E+001  0.12487371E+002  0.31282789E+002  0.78651048E+002  0.15897895E+003
  0.00000000E+000  0.00000000E+000  0.00000000E+000  0.00000000E+000  0.00000000E+000  0.93559962E-001  0.19261092E+001  0.12487445E+002  0.31282827E+002  0.78651087E+002  0.15897883E+003
  0.00000000E+000  0.00000000E+000  0.00000000E+000  0.00000000E+000  0.00000000E+000  0.93562997E-001  0.19261347E+001  0.12487523E+002  0.31282867E+002  0.78651130E+002  0.15897871E+003
  0.00000000E+000  0.00000000E+000  0.00000000E+000  0.00000000E+000  0.00000000E+000  0.93566016E-001  0.19261612E+001  0.12487606E+002  0.31282910E+002  0.78651177E+002  0.15897859E+003
  0.00000000E+000  0.00000000E+000  0.00000000E+000  0.00000000E+000  0.00000000E+000  0.93569017E-001  0.19261887E+001  0.12487694E+002  0.31282956E+002  0.78651228E+002  0.15897846E+003
  0.00000000E+000  0.00000000E+000  0.00000000E+000  0.00000000E+000  0.00000000E+000  0.93571994E-001  0.19262171E+001  0.12487788E+002  0.31283004E+002  0.78651283E+002  0.15897833E+003
  0.00000000E+000  0.00000000E+000  0.00000000E+000  0.00000000E+000  0.00000000E+000  0.93574944E-001  0.19262464E+001  0.12487886E+002  0.31283054E+002  0.78651342E+002  0.15897820E+003
  0.00000000E+000  0.00000000E+000  0.00000000E+000  0.00000000E+000  0.00000000E+000  0.93577864E-001  0.19262766E+001  0.12487989E+002  0.31283107E+002  0.78651403E+002  0.15897807E+003
  0.00000000E+000  0.00000000E+000  0.00000000E+000  0.00000000E+000  0.00000000E+000  0.93580753E-001  0.19263075E+001  0.12488098E+002  0.31283163E+002  0.78651468E+002  0.15897793E+003
  0.00000000E+000  0.00000000E+000  0.00000000E+000  0.00000000E+000  0.00000000E+000  0.93583608E-001  0.19263393E+001  0.12488211E+002  0.31283221E+002  0.78651535E+002  0.15897779E+003
  0.00000000E+000  0.00000000E+000  0.00000000E+000  0.00000000E+000  0.00000000E+000  0.93586431E-001  0.19263718E+001  0.12488328E+002  0.31283282E+002  0.78651605E+002  0.15897764E+003
  0.00000000E+000  0.00000000E+000  0.00000000E+000  0.00000000E+000  0.00000000E+000  0.93589219E-001  0.19264051E+001  0.12488450E+002  0.31283345E+002  0.78651677E+002  0.15897749E+003
  0.00000000E+000  0.00000000E+000  0.00000000E+000  0.00000000E+000  0.00000000E+000  0.93591973E-001  0.19264390E+001  0.12488577E+002  0.31283412E+002  0.78651751E+002  0.15897733E+003
  0.00000000E+000  0.00000000E+000  0.00000000E+000  0.00000000E+000  0.00000000E+000  0.93594694E-001  0.19264735E+001  0.12488708E+002  0.31283481E+002  0.78651826E+002  0.15897717E+003
  0.00000000E+000  0.00000000E+000  0.00000000E+000  0.00000000E+000  0.00000000E+000  0.93597382E-001  0.19265086E+001  0.12488842E+002  0.31283553E+002  0.78651902E+002  0.15897701E+003
  0.00000000E+000  0.00000000E+000  0.00000000E+000  0.00000000E+000  0.00000000E+000  0.93600037E-001  0.19265443E+001  0.12488981E+002  0.31283628E+002  0.78651980E+002  0.15897684E+003
  0.00000000E+000  0.00000000E+000  0.00000000E+000  0.00000000E+000  0.00000000E+000  0.93602659E-001  0.19265804E+001  0.12489123E+002  0.31283706E+002  0.78652059E+002  0.15897667E+003
  0.00000000E+000  0.00000000E+000  0.00000000E+000  0.00000000E+000  0.00000000E+000  0.93605249E-001  0.19266170E+001  0.12489268E+002  0.31283787E+002  0.78652139E+002  0.15897649E+003
  0.00000000E+000  0.00000000E+000  0.00000000E+000  0.00000000E+000  0.00000000E+000  0.93607806E-001  0.19266540E+001  0.12489417E+002  0.31283871E+002  0.78652220E+002  0.15897631E+003
  0.00000000E+000  0.00000000E+000  0.00000000E+000  0.00000000E+000  0.00000000E+000  0.93610329E-001  0.19266914E+001  0.12489568E+002  0.31283957E+002  0.78652301E+002  0.15897612E+003
  0.00000000E+000  0.00000000E+000  0.00000000E+000  0.00000000E+000  0.00000000E+000  0.93612817E-001  0.19267291E+001  0.12489722E+002  0.31284047E+002  0.78652384E+002  0.15897593E+003
  0.00000000E+000  0.00000000E+000  0.00000000E+000  0.00000000E+000  0.00000000E+000  0.93615268E-001  0.19267671E+001  0.12489878E+002  0.31284140E+002  0.78652469E+002  0.15897573E+003
  0.00000000E+000  0.00000000E+000  0.00000000E+000  0.00000000E+000  0.00000000E+000  0.93617680E-001  0.19268053E+001  0.12490037E+002  0.31284236E+002  0.78652554E+002  0.15897553E+003
  0.00000000E+000  0.00000000E+000  0.00000000E+000  0.00000000E+000  0.00000000E+000  0.93620051E-001  0.19268436E+001  0.12490197E+002  0.31284334E+002  0.78652642E+002  0.15897532E+003
  0.00000000E+000  0.00000000E+000  0.00000000E+000  0.00000000E+000  0.00000000E+000  0.93622378E-001  0.19268821E+001  0.12490359E+002  0.31284436E+002  0.78652731E+002  0.15897511E+003
  0.00000000E+000  0.00000000E+000  0.00000000E+000  0.00000000E+000  0.00000000E+000  0.93624657E-001  0.19269207E+001  0.12490523E+002  0.31284540E+002  0.78652823E+002  0.15897489E+003
  0.00000000E+000  0.00000000E+000  0.00000000E+000  0.00000000E+000  0.00000000E+000  0.93626885E-001  0.19269593E+001  0.12490687E+002  0.31284647E+002  0.78652917E+002  0.15897467E+003
  0.00000000E+000  0.00000000E+000  0.00000000E+000  0.00000000E+000  0.00000000E+000  0.93629059E-001  0.19269978E+001  0.12490853E+002  0.31284756E+002  0.78653015E+002  0.15897444E+003
  0.00000000E+000  0.00000000E+000  0.00000000E+000  0.00000000E+000  0.00000000E+000  0.93631175E-001  0.19270362E+001  0.12491019E+002  0.31284868E+002  0.78653115E+002  0.15897421E+003
  0.00000000E+000  0.00000000E+000  0.00000000E+000  0.00000000E+000  0.00000000E+000  0.93633228E-001  0.19270745E+001  0.12491185E+002  0.31284982E+002  0.78653220E+002  0.15897397E+003
  0.00000000E+000  0.00000000E+000  0.00000000E+000  0.00000000E+000  0.00000000E+000  0.93635216E-001  0.19271125E+001  0.12491352E+002  0.31285098E+002  0.78653328E+002  0.15897373E+003
  0.00000000E+000  0.00000000E+000  0.00000000E+000  0.00000000E+000  0.00000000E+000  0.93637136E-001  0.19271503E+001  0.12491519E+002  0.31285216E+002  0.78653440E+002  0.15897348E+003
  0.00000000E+000  0.00000000E+000  0.00000000E+000  0.00000000E+000  0.00000000E+000  0.93638984E-001  0.19271877E+001  0.12491685E+002  0.31285335E+002  0.78653557E+002  0.15897323E+003
  0.00000000E+000  0.00000000E+000  0.00000000E+000  0.00000000E+000  0.00000000E+000  0.93640758E-001  0.19272248E+001  0.12491851E+002  0.31285456E+002  0.78653678E+002  0.15897297E+003
  0.00000000E+000  0.00000000E+000  0.00000000E+000  0.00000000E+000  0.00000000E+000  0.93642456E-001  0.19272613E+001  0.12492016E+002  0.31285579E+002  0.78653804E+002  0.15897272E+003
  0.00000000E+000  0.00000000E+000  0.00000000E+000  0.00000000E+000  0.00000000E+000  0.93644075E-001  0.19272974E+001  0.12492181E+002  0.31285702E+002  0.78653935E+002  0.15897246E+003
  0.00000000E+000  0.00000000E+000  0.00000000E+000  0.00000000E+000  0.00000000E+000  0.93645615E-001  0.19273329E+001  0.12492344E+002  0.31285827E+002  0.78654071E+002  0.15897219E+003
  0.00000000E+000  0.00000000E+000  0.00000000E+000  0.00000000E+000  0.00000000E+000  0.93647074E-001  0.19273677E+001  0.12492506E+002  0.31285952E+002  0.78654211E+002  0.15897193E+003
  0.00000000E+000  0.00000000E+000  0.00000000E+000  0.00000000E+000  0.00000000E+000  0.93648452E-001  0.19274020E+001  0.12492667E+002  0.31286078E+002  0.78654356E+002  0.15897167E+003
  0.00000000E+000  0.00000000E+000  0.00000000E+000  0.00000000E+000  0.00000000E+000  0.93649749E-001  0.19274355E+001  0.12492826E+002  0.31286204E+002  0.78654506E+002  0.15897140E+003
  0.00000000E+000  0.00000000E+000  0.00000000E+000  0.00000000E+000  0.00000000E+000  0.93650964E-001  0.19274683E+001  0.12492984E+002  0.31286331E+002  0.78654661E+002  0.15897114E+003
  0.00000000E+000  0.00000000E+000  0.00000000E+000  0.00000000E+000  0.00000000E+000  0.93652100E-001  0.19275004E+001  0.12493139E+002  0.31286458E+002  0.78654821E+002  0.15897087E+003
  0.00000000E+000  0.00000000E+000  0.00000000E+000  0.00000000E+000  0.00000000E+000  0.93653157E-001  0.19275317E+001  0.12493293E+002  0.31286584E+002  0.78654985E+002  0.15897061E+003
  0.00000000E+000  0.00000000E+000  0.00000000E+000  0.00000000E+000  0.00000000E+000  0.93654137E-001  0.19275622E+001  0.12493445E+002  0.31286711E+002  0.78655154E+002  0.15897035E+003
  0.00000000E+000  0.00000000E+000  0.00000000E+000  0.00000000E+000  0.00000000E+000  0.93655041E-001  0.19275919E+001  0.12493595E+002  0.31286838E+002  0.78655327E+002  0.15897010E+003
  0.00000000E+000  0.00000000E+000  0.00000000E+000  0.00000000E+000  0.00000000E+000  0.93655873E-001  0.19276208E+001  0.12493742E+002  0.31286965E+002  0.78655506E+002  0.15896984E+003
  0.00000000E+000  0.00000000E+000  0.00000000E+000  0.00000000E+000  0.00000000E+000  0.93656634E-001  0.19276489E+001  0.12493888E+002  0.31287091E+002  0.78655688E+002  0.15896960E+003
  0.00000000E+000  0.00000000E+000  0.00000000E+000  0.00000000E+000  0.00000000E+000  0.93657326E-001  0.19276761E+001  0.12494031E+002  0.31287217E+002  0.78655875E+002  0.15896936E+003
  0.00000000E+000  0.00000000E+000  0.00000000E+000  0.00000000E+000  0.00000000E+000  0.93657954E-001  0.19277025E+001  0.12494172E+002  0.31287343E+002  0.78656067E+002  0.15896912E+003
  0.00000000E+000  0.00000000E+000  0.00000000E+000  0.00000000E+000  0.00000000E+000  0.93658520E-001  0.19277281E+001  0.12494310E+002  0.31287468E+002  0.78656263E+002  0.15896889E+003
  0.00000000E+000  0.00000000E+000  0.00000000E+000  0.00000000E+000  0.00000000E+000  0.93659027E-001  0.19277529E+001  0.12494446E+002  0.31287593E+002  0.78656464E+002  0.15896867E+003
  0.00000000E+000  0.00000000E+000  0.00000000E+000  0.00000000E+000  0.00000000E+000  0.93659478E-001  0.19277768E+001  0.12494580E+002  0.31287717E+002  0.78656669E+002  0.15896846E+003
  0.00000000E+000  0.00000000E+000  0.00000000E+000  0.00000000E+000  0.00000000E+000  0.93659877E-001  0.19278000E+001  0.12494712E+002  0.31287841E+002  0.78656879E+002  0.15896826E+003
  0.00000000E+000  0.00000000E+000  0.00000000E+000  0.00000000E+000  0.00000000E+000  0.93660228E-001  0.19278224E+001  0.12494841E+002  0.31287965E+002  0.78657094E+002  0.15896807E+003
  0.00000000E+000  0.00000000E+000  0.00000000E+000  0.00000000E+000  0.00000000E+000  0.93660534E-001  0.19278440E+001  0.12494968E+002  0.31288088E+002  0.78657313E+002  0.15896789E+003
  0.00000000E+000  0.00000000E+000  0.00000000E+000  0.00000000E+000  0.00000000E+000  0.93660798E-001  0.19278648E+001  0.12495093E+002  0.31288211E+002  0.78657537E+002  0.15896772E+003
  0.00000000E+000  0.00000000E+000  0.00000000E+000  0.00000000E+000  0.00000000E+000  0.93661024E-001  0.19278849E+001  0.12495215E+002  0.31288333E+002  0.78657766E+002  0.15896757E+003
  0.00000000E+000  0.00000000E+000  0.00000000E+000  0.00000000E+000  0.00000000E+000  0.93661215E-001  0.19279042E+001  0.12495335E+002  0.31288456E+002  0.78658000E+002  0.15896742E+003
  0.00000000E+000  0.00000000E+000  0.00000000E+000  0.00000000E+000  0.00000000E+000  0.93661374E-001  0.19279228E+001  0.12495452E+002  0.31288577E+002  0.78658239E+002  0.15896729E+003
  0.00000000E+000  0.00000000E+000  0.00000000E+000  0.00000000E+000  0.00000000E+000  0.93661506E-001  0.19279408E+001  0.12495568E+002  0.31288698E+002  0.78658482E+002  0.15896718E+003
  0.00000000E+000  0.00000000E+000  0.00000000E+000  0.00000000E+000  0.00000000E+000  0.93661611E-001  0.19279580E+001  0.12495681E+002  0.31288819E+002  0.78658731E+002  0.15896708E+003
  0.00000000E+000  0.00000000E+000  0.00000000E+000  0.00000000E+000  0.00000000E+000  0.93661694E-001  0.19279746E+001  0.12495792E+002  0.31288940E+002  0.78658985E+002  0.15896699E+003
  0.00000000E+000  0.00000000E+000  0.00000000E+000  0.00000000E+000  0.00000000E+000  0.93661758E-001  0.19279905E+001  0.12495901E+002  0.31289060E+002  0.78659245E+002  0.15896693E+003
  0.00000000E+000  0.00000000E+000  0.00000000E+000  0.00000000E+000  0.00000000E+000  0.93661804E-001  0.19280058E+001  0.12496008E+002  0.31289180E+002  0.78659509E+002  0.15896687E+003
  0.00000000E+000  0.00000000E+000  0.00000000E+000  0.00000000E+000  0.00000000E+000  0.93661836E-001  0.19280204E+001  0.12496112E+002  0.31289299E+002  0.78659779E+002  0.15896684E+003
  0.00000000E+000  0.00000000E+000  0.00000000E+000  0.00000000E+000  0.00000000E+000  0.93661855E-001  0.19280345E+001  0.12496215E+002  0.31289418E+002  0.78660053E+002  0.15896682E+003
  0.00000000E+000  0.00000000E+000  0.00000000E+000  0.00000000E+000  0.00000000E+000  0.93661863E-001  0.19280480E+001  0.12496315E+002  0.31289536E+002  0.78660333E+002  0.15896682E+003
  0.00000000E+000  0.00000000E+000  0.00000000E+000  0.00000000E+000  0.00000000E+000  0.93661863E-001  0.19280609E+001  0.12496413E+002  0.31289654E+002  0.78660618E+002  0.15896684E+003
  0.00000000E+000  0.00000000E+000  0.00000000E+000  0.00000000E+000  0.00000000E+000  0.93661856E-001  0.19280732E+001  0.12496509E+002  0.31289771E+002  0.78660909E+002  0.15896688E+003
  0.00000000E+000  0.00000000E+000  0.00000000E+000  0.00000000E+000  0.00000000E+000  0.93661844E-001  0.19280851E+001  0.12496604E+002  0.31289888E+002  0.78661204E+002  0.15896694E+003
  0.00000000E+000  0.00000000E+000  0.00000000E+000  0.00000000E+000  0.00000000E+000  0.93661827E-001  0.19280964E+001  0.12496696E+002  0.31290004E+002  0.78661504E+002  0.15896701E+003
  0.00000000E+000  0.00000000E+000  0.00000000E+000  0.00000000E+000  0.00000000E+000  0.93661808E-001  0.19281071E+001  0.12496786E+002  0.31290120E+002  0.78661809E+002  0.15896710E+003
  0.00000000E+000  0.00000000E+000  0.00000000E+000  0.00000000E+000  0.00000000E+000  0.93661786E-001  0.19281175E+001  0.12496874E+002  0.31290235E+002  0.78662119E+002  0.15896721E+003
  0.00000000E+000  0.00000000E+000  0.00000000E+000  0.00000000E+000  0.00000000E+000  0.93661764E-001  0.19281273E+001  0.12496961E+002  0.31290349E+002  0.78662434E+002  0.15896735E+003
  0.00000000E+000  0.00000000E+000  0.00000000E+000  0.00000000E+000  0.00000000E+000  0.93661741E-001  0.19281366E+001  0.12497045E+002  0.31290463E+002  0.78662753E+002  0.15896750E+003
  0.00000000E+000  0.00000000E+000  0.00000000E+000  0.00000000E+000  0.00000000E+000  0.93661719E-001  0.19281456E+001  0.12497127E+002  0.31290575E+002  0.78663077E+002  0.15896767E+003
  0.00000000E+000  0.00000000E+000  0.00000000E+000  0.00000000E+000  0.00000000E+000  0.93661697E-001  0.19281541E+001  0.12497208E+002  0.31290687E+002  0.78663404E+002  0.15896785E+003
  0.00000000E+000  0.00000000E+000  0.00000000E+000  0.00000000E+000  0.00000000E+000  0.93661677E-001  0.19281621E+001  0.12497286E+002  0.31290798E+002  0.78663736E+002  0.15896806E+003
  0.00000000E+000  0.00000000E+000  0.00000000E+000  0.00000000E+000  0.00000000E+000  0.93661658E-001  0.19281698E+001  0.12497363E+002  0.31290908E+002  0.78664071E+002  0.15896828E+003
  0.00000000E+000  0.00000000E+000  0.00000000E+000  0.00000000E+000  0.00000000E+000  0.93661641E-001  0.19281771E+001  0.12497438E+002  0.31291017E+002  0.78664410E+002  0.15896853E+003
  0.00000000E+000  0.00000000E+000  0.00000000E+000  0.00000000E+000  0.00000000E+000  0.93661626E-001  0.19281841E+001  0.12497510E+002  0.31291125E+002  0.78664752E+002  0.15896879E+003
  0.00000000E+000  0.00000000E+000  0.00000000E+000  0.00000000E+000  0.00000000E+000  0.93661613E-001  0.19281906E+001  0.12497581E+002  0.31291232E+002  0.78665097E+002  0.15896907E+003
  0.00000000E+000  0.00000000E+000  0.00000000E+000  0.00000000E+000  0.00000000E+000  0.93661603E-001  0.19281969E+001  0.12497651E+002  0.31291337E+002  0.78665446E+002  0.15896936E+003
  0.00000000E+000  0.00000000E+000  0.00000000E+000  0.00000000E+000  0.00000000E+000  0.93661594E-001  0.19282028E+001  0.12497718E+002  0.31291441E+002  0.78665796E+002  0.15896967E+003
  0.00000000E+000  0.00000000E+000  0.00000000E+000  0.00000000E+000  0.00000000E+000  0.93661588E-001  0.19282084E+001  0.12497783E+002  0.31291545E+002  0.78666149E+002  0.15897000E+003
  0.00000000E+000  0.00000000E+000  0.00000000E+000  0.00000000E+000  0.00000000E+000  0.93661583E-001  0.19282137E+001  0.12497847E+002  0.31291646E+002  0.78666504E+002  0.15897034E+003
  0.00000000E+000  0.00000000E+000  0.00000000E+000  0.00000000E+000  0.00000000E+000  0.93661581E-001  0.19282188E+001  0.12497909E+002  0.31291746E+002  0.78666861E+002  0.15897070E+003
  0.00000000E+000  0.00000000E+000  0.00000000E+000  0.00000000E+000  0.00000000E+000  0.93661580E-001  0.19282235E+001  0.12497969E+002  0.31291845E+002  0.78667219E+002  0.15897108E+003
  0.00000000E+000  0.00000000E+000  0.00000000E+000  0.00000000E+000  0.00000000E+000  0.93661582E-001  0.19282280E+001  0.12498027E+002  0.31291943E+002  0.78667578E+002  0.15897147E+003
  0.00000000E+000  0.00000000E+000  0.00000000E+000  0.00000000E+000  0.00000000E+000  0.93661585E-001  0.19282323E+001  0.12498083E+002  0.31292038E+002  0.78667938E+002  0.15897187E+003
  0.00000000E+000  0.00000000E+000  0.00000000E+000  0.00000000E+000  0.00000000E+000  0.93661589E-001  0.19282363E+001  0.12498138E+002  0.31292133E+002  0.78668298E+002  0.15897228E+003
  0.00000000E+000  0.00000000E+000  0.00000000E+000  0.00000000E+000  0.00000000E+000  0.93661595E-001  0.19282401E+001  0.12498191E+002  0.31292225E+002  0.78668659E+002  0.15897271E+003
  0.00000000E+000  0.00000000E+000  0.00000000E+000  0.00000000E+000  0.00000000E+000  0.93661602E-001  0.19282437E+001  0.12498243E+002  0.31292316E+002  0.78669020E+002  0.15897315E+003
  0.00000000E+000  0.00000000E+000  0.00000000E+000  0.00000000E+000  0.00000000E+000  0.93661610E-001  0.19282472E+001  0.12498293E+002  0.31292406E+002  0.78669381E+002  0.15897360E+003
  0.00000000E+000  0.00000000E+000  0.00000000E+000  0.00000000E+000  0.00000000E+000  0.93661619E-001  0.19282504E+001  0.12498341E+002  0.31292494E+002  0.78669740E+002  0.15897406E+003
  0.00000000E+000  0.00000000E+000  0.00000000E+000  0.00000000E+000  0.00000000E+000  0.93661630E-001  0.19282534E+001  0.12498387E+002  0.31292580E+002  0.78670099E+002  0.15897453E+003
  0.00000000E+000  0.00000000E+000  0.00000000E+000  0.00000000E+000  0.00000000E+000  0.93661641E-001  0.19282563E+001  0.12498432E+002  0.31292664E+002  0.78670457E+002  0.15897501E+003
  0.00000000E+000  0.00000000E+000  0.00000000E+000  0.00000000E+000  0.00000000E+000  0.93661652E-001  0.19282591E+001  0.12498476E+002  0.31292746E+002  0.78670813E+002  0.15897550E+003
  0.00000000E+000  0.00000000E+000  0.00000000E+000  0.00000000E+000  0.00000000E+000  0.93661664E-001  0.19282616E+001  0.12498518E+002  0.31292827E+002  0.78671168E+002  0.15897600E+003
  0.00000000E+000  0.00000000E+000  0.00000000E+000  0.00000000E+000  0.00000000E+000  0.93661677E-001  0.19282641E+001  0.12498559E+002  0.31292906E+002  0.78671521E+002  0.15897650E+003
  0.00000000E+000  0.00000000E+000  0.00000000E+000  0.00000000E+000  0.00000000E+000  0.93661690E-001  0.19282664E+001  0.12498598E+002  0.31292984E+002  0.78671871E+002  0.15897701E+003
  0.00000000E+000  0.00000000E+000  0.00000000E+000  0.00000000E+000  0.00000000E+000  0.93661704E-001  0.19282686E+001  0.12498636E+002  0.31293059E+002  0.78672219E+002  0.15897753E+003
  0.00000000E+000  0.00000000E+000  0.00000000E+000  0.00000000E+000  0.00000000E+000  0.93661717E-001  0.19282707E+001  0.12498672E+002  0.31293133E+002  0.78672564E+002  0.15897805E+003
  0.00000000E+000  0.00000000E+000  0.00000000E+000  0.00000000E+000  0.00000000E+000  0.93661731E-001  0.19282727E+001  0.12498707E+002  0.31293205E+002  0.78672906E+002  0.15897858E+003
  0.00000000E+000  0.00000000E+000  0.00000000E+000  0.00000000E+000  0.00000000E+000  0.93661745E-001  0.19282745E+001  0.12498741E+002  0.31293275E+002  0.78673245E+002  0.15897911E+003
  0.00000000E+000  0.00000000E+000  0.00000000E+000  0.00000000E+000  0.00000000E+000  0.93661759E-001  0.19282763E+001  0.12498774E+002  0.31293343E+002  0.78673581E+002  0.15897965E+003
  0.00000000E+000  0.00000000E+000  0.00000000E+000  0.00000000E+000  0.00000000E+000  0.93661773E-001  0.19282780E+001  0.12498805E+002  0.31293410E+002  0.78673912E+002  0.15898018E+003
  0.00000000E+000  0.00000000E+000  0.00000000E+000  0.00000000E+000  0.00000000E+000  0.93661787E-001  0.19282796E+001  0.12498835E+002  0.31293475E+002  0.78674241E+002  0.15898072E+003
  0.00000000E+000  0.00000000E+000  0.00000000E+000  0.00000000E+000  0.00000000E+000  0.93661801E-001  0.19282811E+001  0.12498864E+002  0.31293538E+002  0.78674565E+002  0.15898126E+003
  0.00000000E+000  0.00000000E+000  0.00000000E+000  0.00000000E+000  0.00000000E+000  0.93661814E-001  0.19282826E+001  0.12498892E+002  0.31293599E+002  0.78674885E+002  0.15898181E+003
  0.00000000E+000  0.00000000E+000  0.00000000E+000  0.00000000E+000  0.00000000E+000  0.93661828E-001  0.19282840E+001  0.12498919E+002  0.31293659E+002  0.78675200E+002  0.15898235E+003
  0.00000000E+000  0.00000000E+000  0.00000000E+000  0.00000000E+000  0.00000000E+000  0.93661841E-001  0.19282853E+001  0.12498945E+002  0.31293717E+002  0.78675511E+002  0.15898289E+003
  0.00000000E+000  0.00000000E+000  0.00000000E+000  0.00000000E+000  0.00000000E+000  0.93661854E-001  0.19282865E+001  0.12498969E+002  0.31293773E+002  0.78675818E+002  0.15898343E+003
  0.00000000E+000  0.00000000E+000  0.00000000E+000  0.00000000E+000  0.00000000E+000  0.93661867E-001  0.19282877E+001  0.12498993E+002  0.31293828E+002  0.78676120E+002  0.15898397E+003
  0.00000000E+000  0.00000000E+000  0.00000000E+000  0.00000000E+000  0.00000000E+000  0.93661880E-001  0.19282888E+001  0.12499016E+002  0.31293881E+002  0.78676416E+002  0.15898451E+003
  0.00000000E+000  0.00000000E+000  0.00000000E+000  0.00000000E+000  0.00000000E+000  0.93661892E-001  0.19282899E+001  0.12499038E+002  0.31293932E+002  0.78676708E+002  0.15898505E+003
  0.00000000E+000  0.00000000E+000  0.00000000E+000  0.00000000E+000  0.00000000E+000  0.93661904E-001  0.19282909E+001  0.12499059E+002  0.31293982E+002  0.78676995E+002  0.15898558E+003
  0.00000000E+000  0.00000000E+000  0.00000000E+000  0.00000000E+000  0.00000000E+000  0.93661916E-001  0.19282919E+001  0.12499079E+002  0.31294030E+002  0.78677277E+002  0.15898611E+003
  0.00000000E+000  0.00000000E+000  0.00000000E+000  0.00000000E+000  0.00000000E+000  0.93661928E-001  0.19282928E+001  0.12499098E+002  0.31294077E+002  0.78677553E+002  0.15898664E+003
  0.00000000E+000  0.00000000E+000  0.00000000E+000  0.00000000E+000  0.00000000E+000  0.93661939E-001  0.19282937E+001  0.12499117E+002  0.31294122E+002  0.78677824E+002  0.15898716E+003
  0.00000000E+000  0.00000000E+000  0.00000000E+000  0.00000000E+000  0.00000000E+000  0.93661949E-001  0.19282945E+001  0.12499135E+002  0.31294166E+002  0.78678090E+002  0.15898768E+003
  0.00000000E+000  0.00000000E+000  0.00000000E+000  0.00000000E+000  0.00000000E+000  0.93661960E-001  0.19282953E+001  0.12499152E+002  0.31294208E+002  0.78678350E+002  0.15898819E+003
  0.00000000E+000  0.00000000E+000  0.00000000E+000  0.00000000E+000  0.00000000E+000  0.93661970E-001  0.19282961E+001  0.12499168E+002  0.31294249E+002  0.78678604E+002  0.15898870E+003
  0.00000000E+000  0.00000000E+000  0.00000000E+000  0.00000000E+000  0.00000000E+000  0.93661980E-001  0.19282968E+001  0.12499184E+002  0.31294289E+002  0.78678854E+002  0.15898920E+003
  0.00000000E+000  0.00000000E+000  0.00000000E+000  0.00000000E+000  0.00000000E+000  0.93661989E-001  0.19282975E+001  0.12499199E+002  0.31294327E+002  0.78679097E+002  0.15898970E+003
  0.00000000E+000  0.00000000E+000  0.00000000E+000  0.00000000E+000  0.00000000E+000  0.93661998E-001  0.19282981E+001  0.12499213E+002  0.31294364E+002  0.78679335E+002  0.15899019E+003
  0.00000000E+000  0.00000000E+000  0.00000000E+000  0.00000000E+000  0.00000000E+000  0.93662007E-001  0.19282988E+001  0.12499227E+002  0.31294400E+002  0.78679568E+002  0.15899067E+003
  0.00000000E+000  0.00000000E+000  0.00000000E+000  0.00000000E+000  0.00000000E+000  0.93662015E-001  0.19282994E+001  0.12499240E+002  0.31294434E+002  0.78679795E+002  0.15899115E+003
  0.00000000E+000  0.00000000E+000  0.00000000E+000  0.00000000E+000  0.00000000E+000  0.93662023E-001  0.19282999E+001  0.12499252E+002  0.31294467E+002  0.78680016E+002  0.15899162E+003
  0.00000000E+000  0.00000000E+000  0.00000000E+000  0.00000000E+000  0.00000000E+000  0.93662031E-001  0.19283005E+001  0.12499264E+002  0.31294499E+002  0.78680232E+002  0.15899208E+003
  0.00000000E+000  0.00000000E+000  0.00000000E+000  0.00000000E+000  0.00000000E+000  0.93662038E-001  0.19283010E+001  0.12499276E+002  0.31294530E+002  0.78680442E+002  0.15899254E+003
  0.00000000E+000  0.00000000E+000  0.00000000E+000  0.00000000E+000  0.00000000E+000  0.93662045E-001  0.19283015E+001  0.12499287E+002  0.31294560E+002  0.78680647E+002  0.15899299E+003
  0.00000000E+000  0.00000000E+000  0.00000000E+000  0.00000000E+000  0.00000000E+000  0.93662052E-001  0.19283019E+001  0.12499297E+002  0.31294588E+002  0.78680847E+002  0.15899343E+003
  0.00000000E+000  0.00000000E+000  0.00000000E+000  0.00000000E+000  0.00000000E+000  0.93662058E-001  0.19283024E+001  0.12499308E+002  0.31294616E+002  0.78681041E+002  0.15899386E+003
  0.00000000E+000  0.00000000E+000  0.00000000E+000  0.00000000E+000  0.00000000E+000  0.93662065E-001  0.19283028E+001  0.12499317E+002  0.31294642E+002  0.78681229E+002  0.15899428E+003
  0.00000000E+000  0.00000000E+000  0.00000000E+000  0.00000000E+000  0.00000000E+000  0.93662071E-001  0.19283032E+001  0.12499326E+002  0.31294668E+002  0.78681413E+002  0.15899470E+003
  0.00000000E+000  0.00000000E+000  0.00000000E+000  0.00000000E+000  0.00000000E+000  0.93662076E-001  0.19283036E+001  0.12499335E+002  0.31294692E+002  0.78681591E+002  0.15899510E+003
  0.00000000E+000  0.00000000E+000  0.00000000E+000  0.00000000E+000  0.00000000E+000  0.93662082E-001  0.19283040E+001  0.12499343E+002  0.31294716E+002  0.78681764E+002  0.15899550E+003
  0.00000000E+000  0.00000000E+000  0.00000000E+000  0.00000000E+000  0.00000000E+000  0.93662087E-001  0.19283043E+001  0.12499351E+002  0.31294738E+002  0.78681932E+002  0.15899589E+003
  0.00000000E+000  0.00000000E+000  0.00000000E+000  0.00000000E+000  0.00000000E+000  0.93662093E-001  0.19283046E+001  0.12499359E+002  0.31294760E+002  0.78682095E+002  0.15899627E+003
  0.00000000E+000  0.00000000E+000  0.00000000E+000  0.00000000E+000  0.00000000E+000  0.93662098E-001  0.19283049E+001  0.12499366E+002  0.31294781E+002  0.78682253E+002  0.15899664E+003
  0.00000000E+000  0.00000000E+000  0.00000000E+000  0.00000000E+000  0.00000000E+000  0.93662103E-001  0.19283052E+001  0.12499373E+002  0.31294801E+002  0.78682406E+002  0.15899701E+003
  0.00000000E+000  0.00000000E+000  0.00000000E+000  0.00000000E+000  0.00000000E+000  0.93662108E-001  0.19283055E+001  0.12499380E+002  0.31294820E+002  0.78682554E+002  0.15899736E+003
  0.00000000E+000  0.00000000E+000  0.00000000E+000  0.00000000E+000  0.00000000E+000  0.93662112E-001  0.19283058E+001  0.12499386E+002  0.31294839E+002  0.78682698E+002  0.15899771E+003
  0.00000000E+000  0.00000000E+000  0.00000000E+000  0.00000000E+000  0.00000000E+000  0.93662117E-001  0.19283061E+001  0.12499392E+002  0.31294857E+002  0.78682837E+002  0.15899805E+003
  0.00000000E+000  0.00000000E+000  0.00000000E+000  0.00000000E+000  0.00000000E+000  0.93662121E-001  0.19283063E+001  0.12499398E+002  0.31294874E+002  0.78682972E+002  0.15899838E+003
  0.00000000E+000  0.00000000E+000  0.00000000E+000  0.00000000E+000  0.00000000E+000  0.93662125E-001  0.19283066E+001  0.12499404E+002  0.31294890E+002  0.78683102E+002  0.15899870E+003
  0.00000000E+000  0.00000000E+000  0.00000000E+000  0.00000000E+000  0.00000000E+000  0.93662129E-001  0.19283068E+001  0.12499409E+002  0.31294906E+002  0.78683228E+002  0.15899901E+003
  0.00000000E+000  0.00000000E+000  0.00000000E+000  0.00000000E+000  0.00000000E+000  0.93662133E-001  0.19283070E+001  0.12499414E+002  0.31294921E+002  0.78683350E+002  0.15899932E+003
  0.00000000E+000  0.00000000E+000  0.00000000E+000  0.00000000E+000  0.00000000E+000  0.93662136E-001  0.19283072E+001  0.12499419E+002  0.31294935E+002  0.78683467E+002  0.15899961E+003
  0.00000000E+000  0.00000000E+000  0.00000000E+000  0.00000000E+000  0.00000000E+000  0.93662138E-001  0.19283075E+001  0.12499424E+002  0.31294949E+002  0.78683581E+002  0.15899990E+003
  0.00000000E+000  0.00000000E+000  0.00000000E+000  0.00000000E+000  0.00000000E+000  0.93662139E-001  0.19283076E+001  0.12499428E+002  0.31294962E+002  0.78683690E+002  0.15900018E+003
  0.00000000E+000  0.00000000E+000  0.00000000E+000  0.00000000E+000  0.00000000E+000  0.93662139E-001  0.19283078E+001  0.12499432E+002  0.31294975E+002  0.78683796E+002  0.15900045E+003
  0.00000000E+000  0.00000000E+000  0.00000000E+000  0.00000000E+000  0.00000000E+000  0.93662136E-001  0.19283080E+001  0.12499436E+002  0.31294987E+002  0.78683898E+002  0.15900071E+003
  0.00000000E+000  0.00000000E+000  0.00000000E+000  0.00000000E+000  0.00000000E+000  0.93662130E-001  0.19283080E+001  0.12499440E+002  0.31294998E+002  0.78683995E+002  0.15900097E+003
