  0.30257837E+000  0.31655723E+000  0.45733173E+000  0.62402586E+000  0.80051358E+000  0.90732361E+000  0.12793867E+001  0.18856493E+001  0.26293732E+001  0.40887589E+001  0.58371787E+001
  0.30264554E+000  0.31713392E+000  0.45814370E+000  0.62508455E+000  0.80096046E+000  0.90789375E+000  0.12816644E+001  0.18858567E+001  0.26254080E+001  0.40870761E+001  0.58377358E+001
  0.30273700E+000  0.31737230E+000  0.45848904E+000  0.62560707E+000  0.80138968E+000  0.90835822E+000  0.12826332E+001  0.18860417E+001  0.26264886E+001  0.40901292E+001  0.58380778E+001
  0.30273365E+000  0.31755884E+000  0.45875113E+000  0.62600397E+000  0.80169530E+000  0.90873813E+000  0.12834482E+001  0.18861758E+001  0.26251004E+001  0.40911060E+001  0.58384661E+001
  0.30277320E+000  0.31773139E+000  0.45889248E+000  0.62631787E+000  0.80194348E+000  0.90901720E+000  0.12840927E+001  0.18862837E+001  0.26239261E+001  0.40914599E+001  0.58386903E+001
  0.30286173E+000  0.31783145E+000  0.45919636E+000  0.62657352E+000  0.80218320E+000  0.90926518E+000  0.12846176E+001  0.18863719E+001  0.26228858E+001  0.40919611E+001  0.58388767E+001
  0.30288243E+000  0.31796722E+000  0.45923417E+000  0.62678470E+000  0.80232425E+000  0.90945572E+000  0.12850512E+001  0.18864449E+001  0.26231980E+001  0.40931059E+001  0.58390321E+001
  0.30289973E+000  0.31804899E+000  0.45947944E+000  0.62696030E+000  0.80247806E+000  0.90959052E+000  0.12854118E+001  0.18865060E+001  0.26234460E+001  0.40943203E+001  0.58391620E+001
  0.30291423E+000  0.31810873E+000  0.45958661E+000  0.62710674E+000  0.80259889E+000  0.90978061E+000  0.12857125E+001  0.18865575E+001  0.26236514E+001  0.40949366E+001  0.58392706E+001
  0.30292643E+000  0.31818343E+000  0.45967621E+000  0.62722916E+000  0.80266085E+000  0.90987712E+000  0.12859638E+001  0.18866012E+001  0.26238384E+001  0.40958042E+001  0.58393615E+001
  0.30293669E+000  0.31824356E+000  0.45975128E+000  0.62727812E+000  0.80283049E+000  0.90999906E+000  0.12861745E+001  0.18866386E+001  0.26238918E+001  0.40960174E+001  0.58394377E+001
  0.30294534E+000  0.31828703E+000  0.45969757E+000  0.62741778E+000  0.80287465E+000  0.91003674E+000  0.12863511E+001  0.18866707E+001  0.26239366E+001  0.40962467E+001  0.58395014E+001
  0.30295264E+000  0.31831082E+000  0.45975040E+000  0.62734488E+000  0.80294711E+000  0.91013415E+000  0.12864993E+001  0.18866985E+001  0.26243409E+001  0.40965309E+001  0.58395548E+001
  0.30295880E+000  0.31835406E+000  0.45991137E+000  0.62755048E+000  0.80298295E+000  0.91020161E+000  0.12866236E+001  0.18867225E+001  0.26244401E+001  0.40973008E+001  0.58395994E+001
  0.30296401E+000  0.31837356E+000  0.45994861E+000  0.62760137E+000  0.80301352E+000  0.91021397E+000  0.12867281E+001  0.18867435E+001  0.26245208E+001  0.40984749E+001  0.58396366E+001
  0.30296840E+000  0.31839879E+000  0.45997991E+000  0.62764414E+000  0.80303955E+000  0.91022468E+000  0.12868159E+001  0.18867618E+001  0.26245920E+001  0.40988041E+001  0.58396676E+001
  0.30297210E+000  0.31841950E+000  0.46000619E+000  0.62768004E+000  0.80306167E+000  0.91023393E+000  0.12868897E+001  0.18867778E+001  0.26247274E+001  0.40991787E+001  0.58396933E+001
  0.30297521E+000  0.31843472E+000  0.46002823E+000  0.62771015E+000  0.80314379E+000  0.91024187E+000  0.12869515E+001  0.18867919E+001  0.26254172E+001  0.40992384E+001  0.58397145E+001
  0.30297783E+000  0.31844746E+000  0.46004669E+000  0.62773537E+000  0.80315737E+000  0.91024864E+000  0.12870033E+001  0.18868042E+001  0.26265684E+001  0.40993060E+001  0.58397319E+001
  0.30298002E+000  0.31845810E+000  0.46006211E+000  0.62775645E+000  0.80316880E+000  0.91041423E+000  0.12870466E+001  0.18868152E+001  0.26280149E+001  0.40996913E+001  0.58397461E+001
  0.30298185E+000  0.31846698E+000  0.46007497E+000  0.62777402E+000  0.80317837E+000  0.91041848E+000  0.12870826E+001  0.18868248E+001  0.26299270E+001  0.40997453E+001  0.58397575E+001
  0.30298337E+000  0.31847435E+000  0.46008565E+000  0.62778861E+000  0.80318635E+000  0.91042199E+000  0.12871126E+001  0.18868334E+001  0.26304075E+001  0.40998580E+001  0.58397665E+001
  0.30298462E+000  0.31846103E+000  0.46009449E+000  0.62780069E+000  0.80319294E+000  0.91042485E+000  0.12871374E+001  0.18868412E+001  0.26304282E+001  0.40998962E+001  0.58397736E+001
  0.30298565E+000  0.31846496E+000  0.46010176E+000  0.62781063E+000  0.80319836E+000  0.91042715E+000  0.12871578E+001  0.18868481E+001  0.26304629E+001  0.40999308E+001  0.58397789E+001
  0.30298648E+000  0.31846817E+000  0.46010771E+000  0.62781876E+000  0.80320277E+000  0.91042896E+000  0.12871745E+001  0.18868542E+001  0.26316949E+001  0.40999614E+001  0.58397827E+001
  0.30298715E+000  0.31849291E+000  0.46011254E+000  0.62782535E+000  0.80320631E+000  0.91043035E+000  0.12871881E+001  0.18868595E+001  0.26316997E+001  0.40999882E+001  0.58397853E+001
  0.30298767E+000  0.31849559E+000  0.46011643E+000  0.62783067E+000  0.80320912E+000  0.91043138E+000  0.12871990E+001  0.18868643E+001  0.26317061E+001  0.41000112E+001  0.58397869E+001
  0.30298808E+000  0.31849773E+000  0.46011952E+000  0.62783489E+000  0.80321130E+000  0.91043209E+000  0.12872076E+001  0.18868684E+001  0.26317132E+001  0.41000309E+001  0.58397875E+001
  0.30298838E+000  0.31849940E+000  0.46012194E+000  0.62783820E+000  0.80321296E+000  0.91043253E+000  0.12872144E+001  0.18868721E+001  0.26317205E+001  0.41002282E+001  0.58397873E+001
  0.30298860E+000  0.31850069E+000  0.46012381E+000  0.62784076E+000  0.80321417E+000  0.91043274E+000  0.12872197E+001  0.18868753E+001  0.26317276E+001  0.41002366E+001  0.58397865E+001
  0.30298873E+000  0.31850166E+000  0.46012522E+000  0.62784268E+000  0.80321501E+000  0.91043275E+000  0.12872236E+001  0.18868782E+001  0.26317342E+001  0.41002429E+001  0.58397850E+001
  0.30298880E+000  0.31850237E+000  0.46012624E+000  0.62784408E+000  0.80321553E+000  0.91043258E+000  0.12872265E+001  0.18868807E+001  0.26317403E+001  0.41002475E+001  0.58397831E+001
  0.30298882E+000  0.31850286E+000  0.46012695E+000  0.62784505E+000  0.80321579E+000  0.91043227E+000  0.12872285E+001  0.18868829E+001  0.26317457E+001  0.41002505E+001  0.58397807E+001
  0.30298878E+000  0.31850316E+000  0.46012740E+000  0.62784565E+000  0.80321582E+000  0.91043183E+000  0.12872297E+001  0.18868848E+001  0.26317503E+001  0.41002522E+001  0.58397780E+001
  0.30298870E+000  0.31850332E+000  0.46012763E+000  0.62784597E+000  0.80321566E+000  0.91043128E+000  0.12872304E+001  0.18868865E+001  0.26317541E+001  0.41002527E+001  0.58397748E+001
  0.30298858E+000  0.31850336E+000  0.46012768E+000  0.62784604E+000  0.80321534E+000  0.91043063E+000  0.12872305E+001  0.18868879E+001  0.26317572E+001  0.41002523E+001  0.58397714E+001
  0.30298842E+000  0.31850330E+000  0.46012759E+000  0.62784592E+000  0.80321488E+000  0.91042988E+000  0.12872303E+001  0.18868890E+001  0.26317595E+001  0.41002509E+001  0.58397677E+001
  0.30298823E+000  0.31850315E+000  0.46012738E+000  0.62784563E+000  0.80321430E+000  0.91042906E+000  0.12872297E+001  0.18868900E+001  0.26317611E+001  0.41002489E+001  0.58397637E+001
  0.30298801E+000  0.31850294E+000  0.46012706E+000  0.62784520E+000  0.80321362E+000  0.91042817E+000  0.12872288E+001  0.18877122E+001  0.26317620E+001  0.41002461E+001  0.58397595E+001
  0.30298777E+000  0.31850266E+000  0.46012667E+000  0.62784466E+000  0.80321285E+000  0.91042721E+000  0.12872277E+001  0.18880279E+001  0.26317622E+001  0.41002428E+001  0.58397551E+001
  0.30298749E+000  0.31850234E+000  0.46012620E+000  0.62784402E+000  0.80321199E+000  0.91042618E+000  0.12872264E+001  0.18880271E+001  0.26319517E+001  0.41002390E+001  0.58397504E+001
  0.30298719E+000  0.31850198E+000  0.46012567E+000  0.62784330E+000  0.80321105E+000  0.91042509E+000  0.12872249E+001  0.18880262E+001  0.26319518E+001  0.41002348E+001  0.58397455E+001
  0.30298686E+000  0.31850157E+000  0.46012509E+000  0.62784250E+000  0.80321004E+000  0.91042395E+000  0.12872233E+001  0.18880250E+001  0.26319514E+001  0.41002301E+001  0.58397405E+001
  0.30298651E+000  0.31850114E+000  0.46012446E+000  0.62784164E+000  0.80320896E+000  0.91042274E+000  0.12872215E+001  0.18880238E+001  0.26319505E+001  0.41002250E+001  0.58397352E+001
  0.30298614E+000  0.31850067E+000  0.46012378E+000  0.62784072E+000  0.80320782E+000  0.91042148E+000  0.12872196E+001  0.18880223E+001  0.26319493E+001  0.41002195E+001  0.58397297E+001
  0.30298574E+000  0.31850017E+000  0.46012306E+000  0.62783973E+000  0.80320661E+000  0.91042017E+000  0.12872176E+001  0.18880207E+001  0.26319478E+001  0.41002137E+001  0.58397240E+001
  0.30298532E+000  0.31849965E+000  0.46012230E+000  0.62783870E+000  0.80320534E+000  0.91041880E+000  0.12872155E+001  0.18880189E+001  0.26319459E+001  0.41002076E+001  0.58397182E+001
  0.30298487E+000  0.31849910E+000  0.46012150E+000  0.62783760E+000  0.80320400E+000  0.91041738E+000  0.12872132E+001  0.18880170E+001  0.26319436E+001  0.41002011E+001  0.58397121E+001
  0.30298441E+000  0.31849852E+000  0.46012067E+000  0.62783646E+000  0.80320261E+000  0.91041591E+000  0.12872109E+001  0.18880149E+001  0.26319371E+001  0.41001943E+001  0.58397059E+001
  0.30298392E+000  0.31849792E+000  0.46011979E+000  0.62783526E+000  0.80320116E+000  0.91041438E+000  0.12872084E+001  0.18880127E+001  0.26319342E+001  0.41001872E+001  0.58396995E+001
  0.30298341E+000  0.31849729E+000  0.46011888E+000  0.62783402E+000  0.80319965E+000  0.91041281E+000  0.12872058E+001  0.18880103E+001  0.26319311E+001  0.41001798E+001  0.58396929E+001
  0.30298289E+000  0.31849663E+000  0.46011793E+000  0.62783272E+000  0.80319808E+000  0.91041119E+000  0.12872032E+001  0.18880079E+001  0.26319278E+001  0.41001721E+001  0.58396862E+001
  0.30298234E+000  0.31849595E+000  0.46011695E+000  0.62783138E+000  0.80319646E+000  0.91040952E+000  0.12872004E+001  0.18880053E+001  0.26319243E+001  0.41001641E+001  0.58396793E+001
  0.30298177E+000  0.31849525E+000  0.46011593E+000  0.62782999E+000  0.80319479E+000  0.91040781E+000  0.12871976E+001  0.18880026E+001  0.26319207E+001  0.41001558E+001  0.58396723E+001
  0.30298119E+000  0.31849452E+000  0.46011488E+000  0.62782855E+000  0.80319308E+000  0.91040606E+000  0.12871946E+001  0.18879998E+001  0.26319170E+001  0.41001473E+001  0.58396651E+001
  0.30298060E+000  0.31849378E+000  0.46011380E+000  0.62782707E+000  0.80319132E+000  0.91040428E+000  0.12871916E+001  0.18879969E+001  0.26319131E+001  0.41001386E+001  0.58396579E+001
  0.30297999E+000  0.31849301E+000  0.46011268E+000  0.62782555E+000  0.80318952E+000  0.91040246E+000  0.12871885E+001  0.18879939E+001  0.26319092E+001  0.41001296E+001  0.58396505E+001
  0.30297936E+000  0.31849223E+000  0.46011155E+000  0.62782400E+000  0.80318769E+000  0.91040061E+000  0.12871853E+001  0.18879908E+001  0.26317497E+001  0.41001204E+001  0.58396430E+001
  0.30297873E+000  0.31849142E+000  0.46011038E+000  0.62782241E+000  0.80318582E+000  0.91039873E+000  0.12871820E+001  0.18879877E+001  0.26317444E+001  0.41001111E+001  0.58396355E+001
  0.30297809E+000  0.31849061E+000  0.46010920E+000  0.62782079E+000  0.80318393E+000  0.91039684E+000  0.12871787E+001  0.18879845E+001  0.26317389E+001  0.41001016E+001  0.58396278E+001
  0.30297744E+000  0.31848978E+000  0.46010800E+000  0.62781915E+000  0.80318201E+000  0.91039492E+000  0.12871753E+001  0.18879813E+001  0.26317333E+001  0.41000919E+001  0.58396202E+001
  0.30297678E+000  0.31848893E+000  0.46010678E+000  0.62781748E+000  0.80318008E+000  0.91039299E+000  0.12871719E+001  0.18879781E+001  0.26317276E+001  0.41000821E+001  0.58396125E+001
  0.30297612E+000  0.31848808E+000  0.46010555E+000  0.62781580E+000  0.80317814E+000  0.91039106E+000  0.12871684E+001  0.18879748E+001  0.26317218E+001  0.41000723E+001  0.58396047E+001
  0.30297546E+000  0.31848723E+000  0.46010430E+000  0.62781410E+000  0.80317618E+000  0.91038911E+000  0.12871650E+001  0.18879716E+001  0.26317160E+001  0.41000623E+001  0.58395970E+001
  0.30297479E+000  0.31848636E+000  0.46010305E+000  0.62781239E+000  0.80317423E+000  0.91038717E+000  0.12871614E+001  0.18879683E+001  0.26317102E+001  0.41000524E+001  0.58395893E+001
  0.30297413E+000  0.31848550E+000  0.46010180E+000  0.62781068E+000  0.80317228E+000  0.91038523E+000  0.12871579E+001  0.18879650E+001  0.26317043E+001  0.41000424E+001  0.58395816E+001
  0.30297347E+000  0.31848463E+000  0.46010055E+000  0.62780897E+000  0.80317033E+000  0.91038330E+000  0.12871544E+001  0.18879617E+001  0.26316985E+001  0.41000324E+001  0.58395740E+001
  0.30297281E+000  0.31848377E+000  0.46009929E+000  0.62780726E+000  0.80316839E+000  0.91038138E+000  0.12871509E+001  0.18877683E+001  0.26316927E+001  0.41000225E+001  0.58395664E+001
  0.30297216E+000  0.31845856E+000  0.46009805E+000  0.62780555E+000  0.80316647E+000  0.91037948E+000  0.12871474E+001  0.18877654E+001  0.26316870E+001  0.41000126E+001  0.58395590E+001
  0.30297152E+000  0.31845775E+000  0.46009681E+000  0.62780386E+000  0.80316458E+000  0.91037760E+000  0.12871439E+001  0.18877625E+001  0.26316813E+001  0.41000028E+001  0.58395516E+001
  0.30297088E+000  0.31845695E+000  0.46009558E+000  0.62780219E+000  0.80316270E+000  0.91037575E+000  0.12871405E+001  0.18877597E+001  0.26316758E+001  0.40999931E+001  0.58395443E+001
  0.30297025E+000  0.31845617E+000  0.46009437E+000  0.62780053E+000  0.80316085E+000  0.91037392E+000  0.12871371E+001  0.18877570E+001  0.26316703E+001  0.40999835E+001  0.58395371E+001
  0.30296964E+000  0.31845539E+000  0.46009318E+000  0.62779890E+000  0.80315904E+000  0.91037213E+000  0.12871337E+001  0.18877544E+001  0.26316649E+001  0.40999741E+001  0.58395301E+001
  0.30296904E+000  0.31845463E+000  0.46009200E+000  0.62779729E+000  0.80315726E+000  0.91037037E+000  0.12871304E+001  0.18877518E+001  0.26316596E+001  0.40999648E+001  0.58395232E+001
  0.30296845E+000  0.31845388E+000  0.46009085E+000  0.62779571E+000  0.80315552E+000  0.91036865E+000  0.12871272E+001  0.18877494E+001  0.26316544E+001  0.40999557E+001  0.58395165E+001
  0.30296787E+000  0.31845315E+000  0.46008972E+000  0.62779417E+000  0.80315383E+000  0.91036698E+000  0.12871240E+001  0.18877471E+001  0.26316493E+001  0.40999469E+001  0.58395100E+001
  0.30296731E+000  0.31845243E+000  0.46008861E+000  0.62779266E+000  0.80315218E+000  0.91036535E+000  0.12871209E+001  0.18877449E+001  0.26316444E+001  0.40999382E+001  0.58395036E+001
  0.30296677E+000  0.31845174E+000  0.46008754E+000  0.62779119E+000  0.80315058E+000  0.91036377E+000  0.12871179E+001  0.18877429E+001  0.26316396E+001  0.40998174E+001  0.58394975E+001
  0.30296625E+000  0.31845107E+000  0.46008649E+000  0.62778976E+000  0.80314903E+000  0.91036224E+000  0.12871150E+001  0.18877409E+001  0.26316349E+001  0.40998094E+001  0.58394916E+001
  0.30296574E+000  0.31845041E+000  0.46008548E+000  0.62778838E+000  0.80314754E+000  0.91036076E+000  0.12871121E+001  0.18877391E+001  0.26316304E+001  0.40998017E+001  0.58394858E+001
  0.30296526E+000  0.31844978E+000  0.46008450E+000  0.62778704E+000  0.80314610E+000  0.91035934E+000  0.12871094E+001  0.18877374E+001  0.26316261E+001  0.40997942E+001  0.58394803E+001
  0.30296479E+000  0.31844918E+000  0.46008356E+000  0.62778575E+000  0.80314471E+000  0.91035798E+000  0.12871067E+001  0.18877358E+001  0.26316219E+001  0.40997870E+001  0.58394750E+001
  0.30296434E+000  0.31844860E+000  0.46008265E+000  0.62778451E+000  0.80314339E+000  0.91035667E+000  0.12871042E+001  0.18877343E+001  0.26316179E+001  0.40997801E+001  0.58394699E+001
  0.30296392E+000  0.31844804E+000  0.46008178E+000  0.62778333E+000  0.80314212E+000  0.91035542E+000  0.12871018E+001  0.18877330E+001  0.26316141E+001  0.40997735E+001  0.58394651E+001
  0.30296351E+000  0.31844750E+000  0.46008095E+000  0.62778219E+000  0.80314092E+000  0.91035423E+000  0.12870994E+001  0.18877317E+001  0.26316105E+001  0.40997672E+001  0.58394605E+001
  0.30296312E+000  0.31844700E+000  0.46008015E+000  0.62778110E+000  0.80313978E+000  0.91035310E+000  0.12870972E+001  0.18877306E+001  0.26316070E+001  0.40997612E+001  0.58394561E+001
  0.30296276E+000  0.31844651E+000  0.46007940E+000  0.62778007E+000  0.80313869E+000  0.91035203E+000  0.12870951E+001  0.18877296E+001  0.26316038E+001  0.40997554E+001  0.58394520E+001
  0.30296241E+000  0.31844606E+000  0.46007868E+000  0.62777909E+000  0.80313767E+000  0.91035103E+000  0.12870931E+001  0.18877287E+001  0.26316007E+001  0.40997500E+001  0.58394481E+001
  0.30296209E+000  0.31844562E+000  0.46007800E+000  0.62777816E+000  0.80313671E+000  0.91035008E+000  0.12870912E+001  0.18877279E+001  0.26315979E+001  0.40997449E+001  0.58394444E+001
  0.30296179E+000  0.31844522E+000  0.46007736E+000  0.62777729E+000  0.80313581E+000  0.91034918E+000  0.12870894E+001  0.18877272E+001  0.26315953E+001  0.40997401E+001  0.58394409E+001
  0.30296150E+000  0.31844484E+000  0.46007676E+000  0.62777647E+000  0.80313496E+000  0.91034835E+000  0.12870877E+001  0.18877266E+001  0.26315928E+001  0.40997356E+001  0.58394377E+001
  0.30296124E+000  0.31844448E+000  0.46007620E+000  0.62777570E+000  0.80313418E+000  0.91034757E+000  0.12870861E+001  0.18877261E+001  0.26315906E+001  0.40997314E+001  0.58394346E+001
  0.30296099E+000  0.31844415E+000  0.46007568E+000  0.62777498E+000  0.80313345E+000  0.91034685E+000  0.12870846E+001  0.18877256E+001  0.26315885E+001  0.40997275E+001  0.58394318E+001
  0.30296076E+000  0.31844384E+000  0.46007519E+000  0.62777431E+000  0.80313277E+000  0.91034618E+000  0.12870833E+001  0.18877253E+001  0.26315866E+001  0.40997238E+001  0.58394292E+001
  0.30296055E+000  0.31844355E+000  0.46007473E+000  0.62777369E+000  0.80313214E+000  0.91034556E+000  0.12870820E+001  0.18877251E+001  0.26315850E+001  0.40997204E+001  0.58394268E+001
  0.30296036E+000  0.31844328E+000  0.46007431E+000  0.62777312E+000  0.80313157E+000  0.91034499E+000  0.12870808E+001  0.18877249E+001  0.26315835E+001  0.40997173E+001  0.58394246E+001
  0.30296018E+000  0.31844304E+000  0.46007392E+000  0.62777259E+000  0.80313104E+000  0.91034447E+000  0.12870797E+001  0.18877249E+001  0.26315822E+001  0.40997144E+001  0.58394225E+001
  0.30296002E+000  0.31844282E+000  0.46007357E+000  0.62777210E+000  0.80313056E+000  0.91034399E+000  0.12870787E+001  0.18877249E+001  0.26315813E+001  0.40997118E+001  0.58394206E+001
  0.30295987E+000  0.31844261E+000  0.46007324E+000  0.62777166E+000  0.80313012E+000  0.91034356E+000  0.12870778E+001  0.18877250E+001  0.26315808E+001  0.40997094E+001  0.58394189E+001
  0.30295974E+000  0.31844242E+000  0.46007294E+000  0.62777125E+000  0.80312973E+000  0.91034317E+000  0.12870770E+001  0.18877251E+001  0.26315804E+001  0.40997072E+001  0.58394174E+001
  0.30295962E+000  0.31844225E+000  0.46007267E+000  0.62777088E+000  0.80312937E+000  0.91034281E+000  0.12870762E+001  0.18877253E+001  0.26315801E+001  0.40997052E+001  0.58394159E+001
  0.30295951E+000  0.31844210E+000  0.46007243E+000  0.62777055E+000  0.80312905E+000  0.91034249E+000  0.12870755E+001  0.18877256E+001  0.26315799E+001  0.40997034E+001  0.58394147E+001
  0.30295942E+000  0.31844196E+000  0.46007221E+000  0.62777025E+000  0.80312876E+000  0.91034220E+000  0.12870749E+001  0.18877260E+001  0.26315797E+001  0.40997018E+001  0.58394135E+001
  0.30295933E+000  0.31844184E+000  0.46007201E+000  0.62776997E+000  0.80312850E+000  0.91034195E+000  0.12870743E+001  0.18877264E+001  0.26315797E+001  0.40997004E+001  0.58394125E+001
  0.30295925E+000  0.31844173E+000  0.46007183E+000  0.62776973E+000  0.80312828E+000  0.91034172E+000  0.12870738E+001  0.18877268E+001  0.26315798E+001  0.40996991E+001  0.58394116E+001
  0.30295919E+000  0.31844163E+000  0.46007167E+000  0.62776952E+000  0.80312808E+000  0.91034152E+000  0.12870734E+001  0.18877273E+001  0.26315799E+001  0.40996980E+001  0.58394108E+001
  0.30295913E+000  0.31844154E+000  0.46007153E+000  0.62776932E+000  0.80312790E+000  0.91034135E+000  0.12870730E+001  0.18877278E+001  0.26315802E+001  0.40996970E+001  0.58394101E+001
  0.30295908E+000  0.31844147E+000  0.46007141E+000  0.62776916E+000  0.80312775E+000  0.91034119E+000  0.12870727E+001  0.18877284E+001  0.26315804E+001  0.40996961E+001  0.58394095E+001
  0.30295903E+000  0.31844140E+000  0.46007130E+000  0.62776901E+000  0.80312762E+000  0.91034106E+000  0.12870724E+001  0.18877290E+001  0.26315808E+001  0.40996954E+001  0.58394090E+001
  0.30295899E+000  0.31844134E+000  0.46007121E+000  0.62776888E+000  0.80312750E+000  0.91034094E+000  0.12870721E+001  0.18877296E+001  0.26315812E+001  0.40996947E+001  0.58394085E+001
  0.30295896E+000  0.31844129E+000  0.46007112E+000  0.62776876E+000  0.80312741E+000  0.91034085E+000  0.12870719E+001  0.18877303E+001  0.26315816E+001  0.40996942E+001  0.58394081E+001
  0.30295893E+000  0.31844125E+000  0.46007105E+000  0.62776867E+000  0.80312732E+000  0.91034076E+000  0.12870717E+001  0.18877310E+001  0.26315821E+001  0.40996937E+001  0.58394078E+001
  0.30295891E+000  0.31844121E+000  0.46007099E+000  0.62776858E+000  0.80312725E+000  0.91034069E+000  0.12870715E+001  0.18877317E+001  0.26315827E+001  0.40996933E+001  0.58394076E+001
  0.30295889E+000  0.31844118E+000  0.46007094E+000  0.62776851E+000  0.80312720E+000  0.91034063E+000  0.12870713E+001  0.18877325E+001  0.26315833E+001  0.40996930E+001  0.58394074E+001
  0.30295888E+000  0.31844115E+000  0.46007089E+000  0.62776845E+000  0.80312715E+000  0.91034058E+000  0.12870712E+001  0.18877332E+001  0.26315839E+001  0.40996927E+001  0.58394072E+001
  0.30295886E+000  0.31844113E+000  0.46007086E+000  0.62776840E+000  0.80312711E+000  0.91034054E+000  0.12870711E+001  0.18877340E+001  0.26315845E+001  0.40996925E+001  0.58394071E+001
  0.30295885E+000  0.31844111E+000  0.46007083E+000  0.62776836E+000  0.80312708E+000  0.91034051E+000  0.12870710E+001  0.18877348E+001  0.26315852E+001  0.40996923E+001  0.58394070E+001
  0.30295884E+000  0.31844110E+000  0.46007080E+000  0.62776832E+000  0.80312706E+000  0.91034048E+000  0.12870710E+001  0.18877355E+001  0.26315859E+001  0.40996922E+001  0.58394070E+001
  0.30295884E+000  0.31844108E+000  0.46007078E+000  0.62776830E+000  0.80312704E+000  0.91034046E+000  0.12870709E+001  0.18877363E+001  0.26315866E+001  0.40996921E+001  0.58394070E+001
  0.30295883E+000  0.31844107E+000  0.46007076E+000  0.62776827E+000  0.80312703E+000  0.91034045E+000  0.12870708E+001  0.18877371E+001  0.26315874E+001  0.40996921E+001  0.58394071E+001
  0.30295883E+000  0.31844107E+000  0.46007075E+000  0.62776826E+000  0.80312702E+000  0.91034044E+000  0.12870708E+001  0.18877379E+001  0.26315881E+001  0.40996920E+001  0.58394071E+001
  0.30295883E+000  0.31844106E+000  0.46007074E+000  0.62776824E+000  0.80312702E+000  0.91034043E+000  0.12870708E+001  0.18877387E+001  0.26315889E+001  0.40996920E+001  0.58394072E+001
  0.30295883E+000  0.31844106E+000  0.46007073E+000  0.62776823E+000  0.80312702E+000  0.91034043E+000  0.12870708E+001  0.18877395E+001  0.26315897E+001  0.40996920E+001  0.58394074E+001
  0.30295883E+000  0.31844106E+000  0.46007073E+000  0.62776823E+000  0.80312702E+000  0.91034042E+000  0.12870708E+001  0.18877403E+001  0.26315905E+001  0.40996921E+001  0.58394075E+001
  0.30295883E+000  0.31844105E+000  0.46007073E+000  0.62776822E+000  0.80312702E+000  0.91034043E+000  0.12870707E+001  0.18877411E+001  0.26315913E+001  0.40996921E+001  0.58394077E+001
  0.30295883E+000  0.31844105E+000  0.46007072E+000  0.62776822E+000  0.80312703E+000  0.91034043E+000  0.12870707E+001  0.18877419E+001  0.26315921E+001  0.40996922E+001  0.58394079E+001
  0.30295883E+000  0.31844105E+000  0.46007072E+000  0.62776822E+000  0.80312703E+000  0.91034043E+000  0.12870707E+001  0.18877427E+001  0.26315929E+001  0.40996923E+001  0.58394081E+001
  0.30295884E+000  0.31844105E+000  0.46007073E+000  0.62776822E+000  0.80312704E+000  0.91034044E+000  0.12870707E+001  0.18877435E+001  0.26315937E+001  0.40996924E+001  0.58394083E+001
  0.30295884E+000  0.31844106E+000  0.46007073E+000  0.62776822E+000  0.80312705E+000  0.91034045E+000  0.12870707E+001  0.18877443E+001  0.26315945E+001  0.40996925E+001  0.58394085E+001
  0.30295884E+000  0.31844106E+000  0.46007073E+000  0.62776823E+000  0.80312706E+000  0.91034045E+000  0.12870708E+001  0.18877451E+001  0.26315953E+001  0.40996925E+001  0.58394088E+001
  0.30295884E+000  0.31844106E+000  0.46007073E+000  0.62776823E+000  0.80312707E+000  0.91034046E+000  0.12870708E+001  0.18877458E+001  0.26315962E+001  0.40996927E+001  0.58394091E+001
  0.30295885E+000  0.31844106E+000  0.46007074E+000  0.62776824E+000  0.80312708E+000  0.91034047E+000  0.12870708E+001  0.18877466E+001  0.26315970E+001  0.40996928E+001  0.58394094E+001
  0.30295885E+000  0.31844107E+000  0.46007074E+000  0.62776824E+000  0.80312709E+000  0.91034048E+000  0.12870708E+001  0.18877473E+001  0.26315978E+001  0.40996929E+001  0.58394096E+001
  0.30295885E+000  0.31844107E+000  0.46007074E+000  0.62776825E+000  0.80312710E+000  0.91034049E+000  0.12870708E+001  0.18877480E+001  0.26315986E+001  0.40996930E+001  0.58394100E+001
  0.30295886E+000  0.31844107E+000  0.46007075E+000  0.62776825E+000  0.80312711E+000  0.91034049E+000  0.12870708E+001  0.18877488E+001  0.26315994E+001  0.40996931E+001  0.58394103E+001
  0.30295886E+000  0.31844107E+000  0.46007075E+000  0.62776826E+000  0.80312712E+000  0.91034050E+000  0.12870708E+001  0.18877495E+001  0.26316002E+001  0.40996932E+001  0.58394106E+001
  0.30295886E+000  0.31844108E+000  0.46007076E+000  0.62776827E+000  0.80312713E+000  0.91034051E+000  0.12870708E+001  0.18877502E+001  0.26316010E+001  0.40996933E+001  0.58394110E+001
  0.30295887E+000  0.31844108E+000  0.46007076E+000  0.62776827E+000  0.80312714E+000  0.91034052E+000  0.12870708E+001  0.18877509E+001  0.26316018E+001  0.40996934E+001  0.58394113E+001
  0.30295887E+000  0.31844108E+000  0.46007077E+000  0.62776828E+000  0.80312715E+000  0.91034053E+000  0.12870709E+001  0.18877515E+001  0.26316026E+001  0.40996936E+001  0.58394117E+001
  0.30295887E+000  0.31844109E+000  0.46007077E+000  0.62776828E+000  0.80312716E+000  0.91034054E+000  0.12870709E+001  0.18877522E+001  0.26316034E+001  0.40996937E+001  0.58394120E+001
  0.30295888E+000  0.31844109E+000  0.46007078E+000  0.62776829E+000  0.80312717E+000  0.91034054E+000  0.12870709E+001  0.18877529E+001  0.26316042E+001  0.40996938E+001  0.58394124E+001
  0.30295888E+000  0.31844109E+000  0.46007078E+000  0.62776829E+000  0.80312718E+000  0.91034055E+000  0.12870709E+001  0.18877535E+001  0.26316050E+001  0.40996939E+001  0.58394128E+001
  0.30295888E+000  0.31844110E+000  0.46007078E+000  0.62776830E+000  0.80312719E+000  0.91034056E+000  0.12870709E+001  0.18877541E+001  0.26316057E+001  0.40996940E+001  0.58394132E+001
  0.30295888E+000  0.31844110E+000  0.46007079E+000  0.62776831E+000  0.80312720E+000  0.91034057E+000  0.12870709E+001  0.18877547E+001  0.26316065E+001  0.40996941E+001  0.58394136E+001
  0.30295889E+000  0.31844110E+000  0.46007079E+000  0.62776831E+000  0.80312721E+000  0.91034057E+000  0.12870709E+001  0.18877553E+001  0.26316072E+001  0.40996942E+001  0.58394140E+001
  0.30295889E+000  0.31844110E+000  0.46007080E+000  0.62776832E+000  0.80312722E+000  0.91034058E+000  0.12870709E+001  0.18877559E+001  0.26316079E+001  0.40996944E+001  0.58394144E+001
  0.30295889E+000  0.31844110E+000  0.46007080E+000  0.62776832E+000  0.80312722E+000  0.91034059E+000  0.12870709E+001  0.18877565E+001  0.26316087E+001  0.40996945E+001  0.58394148E+001
  0.30295889E+000  0.31844111E+000  0.46007080E+000  0.62776833E+000  0.80312723E+000  0.91034059E+000  0.12870710E+001  0.18877570E+001  0.26316094E+001  0.40996946E+001  0.58394152E+001
  0.30295890E+000  0.31844111E+000  0.46007081E+000  0.62776833E+000  0.80312724E+000  0.91034060E+000  0.12870710E+001  0.18877576E+001  0.26316101E+001  0.40996947E+001  0.58394156E+001
  0.30295890E+000  0.31844111E+000  0.46007081E+000  0.62776833E+000  0.80312724E+000  0.91034060E+000  0.12870710E+001  0.18877581E+001  0.26316108E+001  0.40996948E+001  0.58394160E+001
  0.30295890E+000  0.31844111E+000  0.46007081E+000  0.62776834E+000  0.80312725E+000  0.91034061E+000  0.12870710E+001  0.18877586E+001  0.26316115E+001  0.40996949E+001  0.58394164E+001
  0.30295890E+000  0.31844111E+000  0.46007081E+000  0.62776834E+000  0.80312725E+000  0.91034061E+000  0.12870710E+001  0.18877591E+001  0.26316121E+001  0.40996950E+001  0.58394168E+001
  0.30295890E+000  0.31844112E+000  0.46007082E+000  0.62776834E+000  0.80312726E+000  0.91034061E+000  0.12870710E+001  0.18877596E+001  0.26316128E+001  0.40996951E+001  0.58394173E+001
  0.30295890E+000  0.31844112E+000  0.46007082E+000  0.62776835E+000  0.80312726E+000  0.91034062E+000  0.12870710E+001  0.18877601E+001  0.26316134E+001  0.40996952E+001  0.58394177E+001
  0.30295891E+000  0.31844112E+000  0.46007082E+000  0.62776835E+000  0.80312727E+000  0.91034062E+000  0.12870710E+001  0.18877606E+001  0.26316141E+001  0.40996953E+001  0.58394181E+001
  0.30295891E+000  0.31844112E+000  0.46007082E+000  0.62776835E+000  0.80312727E+000  0.91034062E+000  0.12870710E+001  0.18877610E+001  0.26316147E+001  0.40996954E+001  0.58394185E+001
  0.30295891E+000  0.31844112E+000  0.46007082E+000  0.62776835E+000  0.80312728E+000  0.91034063E+000  0.12870710E+001  0.18877615E+001  0.26316153E+001  0.40996954E+001  0.58394189E+001
  0.30295891E+000  0.31844112E+000  0.46007083E+000  0.62776836E+000  0.80312728E+000  0.91034063E+000  0.12870710E+001  0.18877619E+001  0.26316159E+001  0.40996955E+001  0.58394194E+001
  0.30295891E+000  0.31844112E+000  0.46007083E+000  0.62776836E+000  0.80312728E+000  0.91034063E+000  0.12870710E+001  0.18877623E+001  0.26316165E+001  0.40996956E+001  0.58394198E+001
  0.30295891E+000  0.31844112E+000  0.46007083E+000  0.62776836E+000  0.80312728E+000  0.91034063E+000  0.12870710E+001  0.18877627E+001  0.26316170E+001  0.40996957E+001  0.58394202E+001
  0.30295891E+000  0.31844112E+000  0.46007083E+000  0.62776836E+000  0.80312729E+000  0.91034064E+000  0.12870710E+001  0.18877631E+001  0.26316176E+001  0.40996958E+001  0.58394206E+001
  0.30295891E+000  0.31844112E+000  0.46007083E+000  0.62776836E+000  0.80312729E+000  0.91034064E+000  0.12870710E+001  0.18877635E+001  0.26316181E+001  0.40996959E+001  0.58394210E+001
  0.30295891E+000  0.31844113E+000  0.46007083E+000  0.62776836E+000  0.80312729E+000  0.91034064E+000  0.12870710E+001  0.18877638E+001  0.26316187E+001  0.40996959E+001  0.58394214E+001
  0.30295891E+000  0.31844113E+000  0.46007083E+000  0.62776836E+000  0.80312729E+000  0.91034064E+000  0.12870710E+001  0.18877642E+001  0.26316192E+001  0.40996960E+001  0.58394218E+001
  0.30295891E+000  0.31844113E+000  0.46007083E+000  0.62776837E+000  0.80312729E+000  0.91034064E+000  0.12870710E+001  0.18877645E+001  0.26316197E+001  0.40996961E+001  0.58394222E+001
  0.30295891E+000  0.31844113E+000  0.46007083E+000  0.62776837E+000  0.80312729E+000  0.91034064E+000  0.12870710E+001  0.18877649E+001  0.26316202E+001  0.40996961E+001  0.58394226E+001
  0.30295891E+000  0.31844113E+000  0.46007083E+000  0.62776837E+000  0.80312730E+000  0.91034064E+000  0.12870710E+001  0.18877652E+001  0.26316207E+001  0.40996962E+001  0.58394230E+001
  0.30295891E+000  0.31844113E+000  0.46007083E+000  0.62776837E+000  0.80312730E+000  0.91034064E+000  0.12870710E+001  0.18877655E+001  0.26316211E+001  0.40996963E+001  0.58394234E+001
  0.30295891E+000  0.31844113E+000  0.46007083E+000  0.62776837E+000  0.80312730E+000  0.91034064E+000  0.12870710E+001  0.18877658E+001  0.26316216E+001  0.40996963E+001  0.58394237E+001
  0.30295891E+000  0.31844113E+000  0.46007083E+000  0.62776837E+000  0.80312730E+000  0.91034064E+000  0.12870710E+001  0.18877661E+001  0.26316220E+001  0.40996964E+001  0.58394241E+001
  0.30295891E+000  0.31844113E+000  0.46007083E+000  0.62776836E+000  0.80312730E+000  0.91034064E+000  0.12870710E+001  0.18877664E+001  0.26316224E+001  0.40996965E+001  0.58394245E+001
  0.30295891E+000  0.31844112E+000  0.46007083E+000  0.62776836E+000  0.80312730E+000  0.91034064E+000  0.12870710E+001  0.18877666E+001  0.26316229E+001  0.40996965E+001  0.58394249E+001
  0.30295891E+000  0.31844112E+000  0.46007083E+000  0.62776836E+000  0.80312729E+000  0.91034063E+000  0.12870710E+001  0.18877669E+001  0.26316233E+001  0.40996966E+001  0.58394252E+001
  0.30295891E+000  0.31844112E+000  0.46007083E+000  0.62776836E+000  0.80312729E+000  0.91034063E+000  0.12870710E+001  0.18877671E+001  0.26316237E+001  0.40996966E+001  0.58394256E+001
  0.30295891E+000  0.31844112E+000  0.46007083E+000  0.62776836E+000  0.80312729E+000  0.91034063E+000  0.12870710E+001  0.18877674E+001  0.26316240E+001  0.40996967E+001  0.58394259E+001
  0.30295891E+000  0.31844112E+000  0.46007083E+000  0.62776836E+000  0.80312729E+000  0.91034063E+000  0.12870710E+001  0.18877676E+001  0.26316244E+001  0.40996967E+001  0.58394263E+001
  0.30295891E+000  0.31844112E+000  0.46007083E+000  0.62776836E+000  0.80312729E+000  0.91034063E+000  0.12870710E+001  0.18877678E+001  0.26316248E+001  0.40996968E+001  0.58394266E+001
  0.30295891E+000  0.31844112E+000  0.46007083E+000  0.62776836E+000  0.80312729E+000  0.91034063E+000  0.12870710E+001  0.18877680E+001  0.26316251E+001  0.40996968E+001  0.58394269E+001
  0.30295891E+000  0.31844112E+000  0.46007082E+000  0.62776836E+000  0.80312729E+000  0.91034062E+000  0.12870710E+001  0.18877683E+001  0.26316254E+001  0.40996968E+001  0.58394272E+001
  0.30295891E+000  0.31844112E+000  0.46007082E+000  0.62776835E+000  0.80312729E+000  0.91034062E+000  0.12870710E+001  0.18877685E+001  0.26316258E+001  0.40996969E+001  0.58394276E+001
  0.30295891E+000  0.31844112E+000  0.46007082E+000  0.62776835E+000  0.80312729E+000  0.91034062E+000  0.12870710E+001  0.18877686E+001  0.26316261E+001  0.40996969E+001  0.58394279E+001
  0.30295891E+000  0.31844112E+000  0.46007082E+000  0.62776835E+000  0.80312728E+000  0.91034062E+000  0.12870710E+001  0.18877688E+001  0.26316264E+001  0.40996970E+001  0.58394282E+001
  0.30295890E+000  0.31844112E+000  0.46007082E+000  0.62776835E+000  0.80312728E+000  0.91034062E+000  0.12870710E+001  0.18877690E+001  0.26316267E+001  0.40996970E+001  0.58394285E+001
  0.30295890E+000  0.31844112E+000  0.46007082E+000  0.62776835E+000  0.80312728E+000  0.91034061E+000  0.12870710E+001  0.18877692E+001  0.26316270E+001  0.40996970E+001  0.58394288E+001
  0.30295890E+000  0.31844112E+000  0.46007082E+000  0.62776835E+000  0.80312728E+000  0.91034061E+000  0.12870710E+001  0.18877693E+001  0.26316272E+001  0.40996971E+001  0.58394290E+001
  0.30295890E+000  0.31844111E+000  0.46007082E+000  0.62776834E+000  0.80312728E+000  0.91034061E+000  0.12870710E+001  0.18877695E+001  0.26316275E+001  0.40996971E+001  0.58394293E+001
  0.30295890E+000  0.31844111E+000  0.46007081E+000  0.62776834E+000  0.80312727E+000  0.91034061E+000  0.12870710E+001  0.18877696E+001  0.26316278E+001  0.40996971E+001  0.58394296E+001
  0.30295890E+000  0.31844111E+000  0.46007081E+000  0.62776834E+000  0.80312727E+000  0.91034060E+000  0.12870710E+001  0.18877698E+001  0.26316280E+001  0.40996971E+001  0.58394298E+001
  0.30295890E+000  0.31844111E+000  0.46007081E+000  0.62776834E+000  0.80312727E+000  0.91034060E+000  0.12870710E+001  0.18877699E+001  0.26316282E+001  0.40996972E+001  0.58394301E+001
  0.30295890E+000  0.31844111E+000  0.46007081E+000  0.62776834E+000  0.80312727E+000  0.91034060E+000  0.12870710E+001  0.18877700E+001  0.26316285E+001  0.40996972E+001  0.58394303E+001
  0.30295890E+000  0.31844111E+000  0.46007081E+000  0.62776833E+000  0.80312726E+000  0.91034059E+000  0.12870710E+001  0.18877702E+001  0.26316287E+001  0.40996972E+001  0.58394306E+001
  0.30295890E+000  0.31844111E+000  0.46007081E+000  0.62776833E+000  0.80312726E+000  0.91034059E+000  0.12870710E+001  0.18877703E+001  0.26316289E+001  0.40996972E+001  0.58394308E+001
  0.30295889E+000  0.31844111E+000  0.46007080E+000  0.62776833E+000  0.80312726E+000  0.91034058E+000  0.12870710E+001  0.18877704E+001  0.26316291E+001  0.40996973E+001  0.58394310E+001
  0.30295889E+000  0.31844110E+000  0.46007080E+000  0.62776832E+000  0.80312725E+000  0.91034058E+000  0.12870710E+001  0.18877705E+001  0.26316293E+001  0.40996973E+001  0.58394312E+001
  0.30295889E+000  0.31844110E+000  0.46007080E+000  0.62776832E+000  0.80312724E+000  0.91034057E+000  0.12870709E+001  0.18877706E+001  0.26316295E+001  0.40996973E+001  0.58394314E+001
  0.30295889E+000  0.31844110E+000  0.46007080E+000  0.62776832E+000  0.80312724E+000  0.91034056E+000  0.12870709E+001  0.18877707E+001  0.26316296E+001  0.40996973E+001  0.58394316E+001
  0.30295888E+000  0.31844110E+000  0.46007079E+000  0.62776831E+000  0.80312722E+000  0.91034055E+000  0.12870709E+001  0.18877708E+001  0.26316298E+001  0.40996973E+001  0.58394318E+001
  0.30295888E+000  0.31844109E+000  0.46007079E+000  0.62776830E+000  0.80312721E+000  0.91034054E+000  0.12870709E+001  0.18877709E+001  0.26316299E+001  0.40996973E+001  0.58394320E+001
  0.30295888E+000  0.31844109E+000  0.46007077E+000  0.62776828E+000  0.80312721E+000  0.91034053E+000  0.12870709E+001  0.18877710E+001  0.26316301E+001  0.40996972E+001  0.58394322E+001
  0.30295888E+000  0.31844108E+000  0.46007076E+000  0.62776827E+000  0.80312723E+000  0.91034056E+000  0.12870708E+001  0.18877711E+001  0.26316303E+001  0.40996972E+001  0.58394325E+001
