 -0.57432092E+000 -0.43190780E+000 -0.11426195E+000 -0.56729871E-002 -0.39447190E-002 -0.10642722E-002  0.10817903E-002  0.96014761E+000  0.25658122E+001  0.51504776E+001  0.73807482E+001
 -0.57509676E+000 -0.43311023E+000 -0.11603833E+000 -0.57003813E-002 -0.40613763E-002 -0.13297012E-002  0.10454356E-002  0.95691385E+000  0.25625932E+001  0.51454087E+001  0.73756268E+001
 -0.57543204E+000 -0.43373410E+000 -0.11690812E+000 -0.56964790E-002 -0.40274876E-002 -0.12458353E-002  0.10529783E-002  0.95500421E+000  0.25604916E+001  0.51418479E+001  0.73719360E+001
 -0.57559744E+000 -0.43412458E+000 -0.11748130E+000 -0.56952088E-002 -0.40148038E-002 -0.12141288E-002  0.10559913E-002  0.95363237E+000  0.25589138E+001  0.51389704E+001  0.73688757E+001
 -0.57564687E+000 -0.43433229E+000 -0.11782361E+000 -0.56936081E-002 -0.40041075E-002 -0.11882731E-002  0.10588268E-002  0.95266665E+000  0.25577845E+001  0.51367354E+001  0.73664180E+001
 -0.57562741E+000 -0.43441142E+000 -0.11800360E+000 -0.56920529E-002 -0.39956183E-002 -0.11682272E-002  0.10611676E-002  0.95200085E+000  0.25570005E+001  0.51350555E+001  0.73644916E+001
 -0.57556852E+000 -0.43440066E+000 -0.11806511E+000 -0.56905717E-002 -0.39886900E-002 -0.11522206E-002  0.10631673E-002  0.95156537E+000  0.25564809E+001  0.51338541E+001  0.73630379E+001
 -0.57548873E+000 -0.43432857E+000 -0.11803911E+000 -0.56891588E-002 -0.39828927E-002 -0.11391158E-002  0.10649686E-002  0.95131103E+000  0.25561642E+001  0.51330586E+001  0.73620021E+001
 -0.57539966E+000 -0.43421638E+000 -0.11794885E+000 -0.56878174E-002 -0.39779707E-002 -0.11282263E-002  0.10666147E-002  0.95120015E+000  0.25560041E+001  0.51326005E+001  0.73613308E+001
 -0.57530852E+000 -0.43407991E+000 -0.11781247E+000 -0.56865535E-002 -0.39737710E-002 -0.11191334E-002  0.10680905E-002  0.95120261E+000  0.25559665E+001  0.51324173E+001  0.73609728E+001
 -0.57521964E+000 -0.43393055E+000 -0.11764410E+000 -0.56853687E-002 -0.39701682E-002 -0.11115005E-002  0.10694216E-002  0.95129413E+000  0.25560250E+001  0.51324547E+001  0.73608794E+001
 -0.57513544E+000 -0.43377628E+000 -0.11745474E+000 -0.56842611E-002 -0.39670541E-002 -0.11050424E-002  0.10706196E-002  0.95145497E+000  0.25561593E+001  0.51326670E+001  0.73610064E+001
 -0.57505713E+000 -0.43362277E+000 -0.11725300E+000 -0.56832288E-002 -0.39643498E-002 -0.10995516E-002  0.10716932E-002  0.95166934E+000  0.25563533E+001  0.51330164E+001  0.73613137E+001
 -0.57498523E+000 -0.43347394E+000 -0.11704568E+000 -0.56822721E-002 -0.39620038E-002 -0.10948899E-002  0.10726487E-002  0.95192432E+000  0.25565943E+001  0.51334721E+001  0.73617661E+001
 -0.57491977E+000 -0.43333228E+000 -0.11683799E+000 -0.56813882E-002 -0.39599611E-002 -0.10909160E-002  0.10734973E-002  0.95220956E+000  0.25568721E+001  0.51340094E+001  0.73623331E+001
 -0.57486052E+000 -0.43319927E+000 -0.11663384E+000 -0.56805729E-002 -0.39581744E-002 -0.10875102E-002  0.10742514E-002  0.95251679E+000  0.25571784E+001  0.51346085E+001  0.73629889E+001
 -0.57480708E+000 -0.43307567E+000 -0.11643614E+000 -0.56798228E-002 -0.39566046E-002 -0.10845742E-002  0.10749233E-002  0.95283939E+000  0.25575066E+001  0.51352536E+001  0.73637118E+001
 -0.57475901E+000 -0.43296174E+000 -0.11624697E+000 -0.56791360E-002 -0.39552254E-002 -0.10820411E-002  0.10755229E-002  0.95317202E+000  0.25578510E+001  0.51359321E+001  0.73644837E+001
 -0.57471583E+000 -0.43285739E+000 -0.11606778E+000 -0.56785082E-002 -0.39540113E-002 -0.10798498E-002  0.10760598E-002  0.95351044E+000  0.25582071E+001  0.51366336E+001  0.73652897E+001
 -0.57467709E+000 -0.43276232E+000 -0.11589948E+000 -0.56779356E-002 -0.39529409E-002 -0.10779495E-002  0.10765426E-002  0.95385125E+000  0.25585710E+001  0.51373496E+001  0.73661174E+001
 -0.57464234E+000 -0.43267606E+000 -0.11574259E+000 -0.56774150E-002 -0.39519977E-002 -0.10763022E-002  0.10769780E-002  0.95419172E+000  0.25589396E+001  0.51380732E+001  0.73669567E+001
 -0.57461119E+000 -0.43259807E+000 -0.11559726E+000 -0.56769423E-002 -0.39511642E-002 -0.10748673E-002  0.10773729E-002  0.95452968E+000  0.25593102E+001  0.51387986E+001  0.73677991E+001
 -0.57458326E+000 -0.43252776E+000 -0.11546342E+000 -0.56765147E-002 -0.39504292E-002 -0.10736202E-002  0.10777321E-002  0.95486338E+000  0.25596805E+001  0.51395209E+001  0.73686379E+001
 -0.57455822E+000 -0.43246451E+000 -0.11534079E+000 -0.56761281E-002 -0.39497784E-002 -0.10725287E-002  0.10780608E-002  0.95519143E+000  0.25600486E+001  0.51402360E+001  0.73694672E+001
 -0.57453577E+000 -0.43240774E+000 -0.11522897E+000 -0.56757800E-002 -0.39492037E-002 -0.10715766E-002  0.10783622E-002  0.95551268E+000  0.25604128E+001  0.51409402E+001  0.73702822E+001
 -0.57451563E+000 -0.43235686E+000 -0.11512742E+000 -0.56754672E-002 -0.39486957E-002 -0.10707430E-002  0.10786397E-002  0.95582622E+000  0.25607717E+001  0.51416307E+001  0.73710790E+001
 -0.57449758E+000 -0.43231134E+000 -0.11503558E+000 -0.56751872E-002 -0.39482482E-002 -0.10700165E-002  0.10788955E-002  0.95613129E+000  0.25611239E+001  0.51423046E+001  0.73718541E+001
 -0.57448138E+000 -0.43227065E+000 -0.11495280E+000 -0.56749367E-002 -0.39478518E-002 -0.10693769E-002  0.10791326E-002  0.95642727E+000  0.25614684E+001  0.51429598E+001  0.73726047E+001
 -0.57446683E+000 -0.43223431E+000 -0.11487842E+000 -0.56747133E-002 -0.39475017E-002 -0.10688157E-002  0.10793525E-002  0.95671366E+000  0.25618040E+001  0.51435940E+001  0.73733284E+001
 -0.57445378E+000 -0.43220188E+000 -0.11481180E+000 -0.56745148E-002 -0.39471937E-002 -0.10683251E-002  0.10795566E-002  0.95699001E+000  0.25621299E+001  0.51442057E+001  0.73740231E+001
 -0.57444204E+000 -0.43217295E+000 -0.11475224E+000 -0.56743384E-002 -0.39469210E-002 -0.10678919E-002  0.10797467E-002  0.95725596E+000  0.25624452E+001  0.51447931E+001  0.73746871E+001
 -0.57443149E+000 -0.43214713E+000 -0.11469913E+000 -0.56741821E-002 -0.39466799E-002 -0.10675095E-002  0.10799239E-002  0.95751120E+000  0.25627493E+001  0.51453551E+001  0.73753191E+001
 -0.57442198E+000 -0.43212408E+000 -0.11465183E+000 -0.56740438E-002 -0.39464673E-002 -0.10671730E-002  0.10800891E-002  0.95775546E+000  0.25630413E+001  0.51458904E+001  0.73759178E+001
 -0.57441341E+000 -0.43210350E+000 -0.11460976E+000 -0.56739215E-002 -0.39462783E-002 -0.10668731E-002  0.10802435E-002  0.95798854E+000  0.25633207E+001  0.51463981E+001  0.73764824E+001
 -0.57440568E+000 -0.43208509E+000 -0.11457237E+000 -0.56738134E-002 -0.39461108E-002 -0.10666064E-002  0.10803877E-002  0.95821022E+000  0.25635870E+001  0.51468774E+001  0.73770124E+001
 -0.57439868E+000 -0.43206862E+000 -0.11453916E+000 -0.56737179E-002 -0.39459620E-002 -0.10663689E-002  0.10805223E-002  0.95842036E+000  0.25638397E+001  0.51473279E+001  0.73775074E+001
 -0.57439234E+000 -0.43205384E+000 -0.11450964E+000 -0.56736335E-002 -0.39458295E-002 -0.10661561E-002  0.10806480E-002  0.95861883E+000  0.25640783E+001  0.51477491E+001  0.73779671E+001
 -0.57438658E+000 -0.43204056E+000 -0.11448339E+000 -0.56735588E-002 -0.39457111E-002 -0.10659648E-002  0.10807654E-002  0.95880556E+000  0.25643027E+001  0.51481409E+001  0.73783919E+001
 -0.57438135E+000 -0.43202861E+000 -0.11446002E+000 -0.56734926E-002 -0.39456045E-002 -0.10657909E-002  0.10808749E-002  0.95898048E+000  0.25645126E+001  0.51485033E+001  0.73787821E+001
 -0.57437658E+000 -0.43201783E+000 -0.11443919E+000 -0.56734340E-002 -0.39455092E-002 -0.10656346E-002  0.10809768E-002  0.95914360E+000  0.25647079E+001  0.51488366E+001  0.73791384E+001
 -0.57437223E+000 -0.43200808E+000 -0.11442060E+000 -0.56733819E-002 -0.39454233E-002 -0.10654922E-002  0.10810716E-002  0.95929496E+000  0.25648885E+001  0.51491413E+001  0.73794615E+001
 -0.57436826E+000 -0.43199925E+000 -0.11440398E+000 -0.56733354E-002 -0.39453456E-002 -0.10653624E-002  0.10811595E-002  0.95943466E+000  0.25650546E+001  0.51494179E+001  0.73797527E+001
 -0.57436462E+000 -0.43199125E+000 -0.11438910E+000 -0.56732940E-002 -0.39452751E-002 -0.10652436E-002  0.10812409E-002  0.95956284E+000  0.25652062E+001  0.51496675E+001  0.73800133E+001
 -0.57436130E+000 -0.43198397E+000 -0.11437575E+000 -0.56732570E-002 -0.39452117E-002 -0.10651360E-002  0.10813158E-002  0.95967972E+000  0.25653438E+001  0.51498909E+001  0.73802448E+001
 -0.57435826E+000 -0.43197736E+000 -0.11436376E+000 -0.56732239E-002 -0.39451536E-002 -0.10650364E-002  0.10813847E-002  0.95978559E+000  0.25654677E+001  0.51500895E+001  0.73804489E+001
 -0.57435547E+000 -0.43197135E+000 -0.11435298E+000 -0.56731942E-002 -0.39451013E-002 -0.10649465E-002  0.10814476E-002  0.95988078E+000  0.25655784E+001  0.51502646E+001  0.73806274E+001
 -0.57435293E+000 -0.43196588E+000 -0.11434329E+000 -0.56731676E-002 -0.39450537E-002 -0.10648639E-002  0.10815048E-002  0.95996571E+000  0.25656765E+001  0.51504178E+001  0.73807823E+001
 -0.57435060E+000 -0.43196091E+000 -0.11433457E+000 -0.56731437E-002 -0.39450105E-002 -0.10647885E-002  0.10815565E-002  0.96004084E+000  0.25657626E+001  0.51505505E+001  0.73809155E+001
 -0.57434848E+000 -0.43195639E+000 -0.11432674E+000 -0.56731222E-002 -0.39449716E-002 -0.10647205E-002  0.10816028E-002  0.96010672E+000  0.25658376E+001  0.51506645E+001  0.73810289E+001
 -0.57434655E+000 -0.43195230E+000 -0.11431970E+000 -0.56731030E-002 -0.39449363E-002 -0.10646584E-002  0.10816441E-002  0.96016392E+000  0.25659023E+001  0.51507615E+001  0.73811246E+001
 -0.57434480E+000 -0.43194859E+000 -0.11431338E+000 -0.56730858E-002 -0.39449046E-002 -0.10646025E-002  0.10816805E-002  0.96021306E+000  0.25659573E+001  0.51508430E+001  0.73812044E+001
 -0.57434321E+000 -0.43194525E+000 -0.11430773E+000 -0.56730705E-002 -0.39448762E-002 -0.10645524E-002  0.10817124E-002  0.96025479E+000  0.25660037E+001  0.51509107E+001  0.73812700E+001
 -0.57434177E+000 -0.43194224E+000 -0.11430269E+000 -0.56730568E-002 -0.39448506E-002 -0.10645071E-002  0.10817400E-002  0.96028979E+000  0.25660423E+001  0.51509661E+001  0.73813233E+001
 -0.57434048E+000 -0.43193953E+000 -0.11429820E+000 -0.56730447E-002 -0.39448282E-002 -0.10644674E-002  0.10817636E-002  0.96031872E+000  0.25660739E+001  0.51510108E+001  0.73813657E+001
 -0.57433930E+000 -0.43193711E+000 -0.11429422E+000 -0.56730339E-002 -0.39448080E-002 -0.10644316E-002  0.10817835E-002  0.96034225E+000  0.25660994E+001  0.51510460E+001  0.73813986E+001
 -0.57433825E+000 -0.43193494E+000 -0.11429070E+000 -0.56730244E-002 -0.39447903E-002 -0.10644001E-002  0.10818001E-002  0.96036101E+000  0.25661194E+001  0.51510730E+001  0.73814233E+001
 -0.57433730E+000 -0.43193300E+000 -0.11428760E+000 -0.56730162E-002 -0.39447748E-002 -0.10643726E-002  0.10818137E-002  0.96037561E+000  0.25661348E+001  0.51510930E+001  0.73814409E+001
 -0.57433644E+000 -0.43193128E+000 -0.11428488E+000 -0.56730089E-002 -0.39447612E-002 -0.10643482E-002  0.10818247E-002  0.96038662E+000  0.25661461E+001  0.51511069E+001  0.73814525E+001
 -0.57433566E+000 -0.43192974E+000 -0.11428250E+000 -0.56730026E-002 -0.39447493E-002 -0.10643270E-002  0.10818332E-002  0.96039455E+000  0.25661540E+001  0.51511156E+001  0.73814589E+001
 -0.57433496E+000 -0.43192837E+000 -0.11428042E+000 -0.56729972E-002 -0.39447389E-002 -0.10643084E-002  0.10818397E-002  0.96039987E+000  0.25661589E+001  0.51511199E+001  0.73814610E+001
 -0.57433431E+000 -0.43192715E+000 -0.11427862E+000 -0.56729925E-002 -0.39447299E-002 -0.10642922E-002  0.10818445E-002  0.96040299E+000  0.25661613E+001  0.51511204E+001  0.73814593E+001
 -0.57433373E+000 -0.43192606E+000 -0.11427706E+000 -0.56729885E-002 -0.39447221E-002 -0.10642780E-002  0.10818477E-002  0.96040429E+000  0.25661617E+001  0.51511179E+001  0.73814545E+001
 -0.57433319E+000 -0.43192508E+000 -0.11427571E+000 -0.56729851E-002 -0.39447154E-002 -0.10642658E-002  0.10818497E-002  0.96040406E+000  0.25661603E+001  0.51511127E+001  0.73814470E+001
 -0.57433269E+000 -0.43192421E+000 -0.11427455E+000 -0.56729822E-002 -0.39447095E-002 -0.10642550E-002  0.10818507E-002  0.96040258E+000  0.25661575E+001  0.51511052E+001  0.73814373E+001
 -0.57433222E+000 -0.43192342E+000 -0.11427355E+000 -0.56729799E-002 -0.39447046E-002 -0.10642458E-002  0.10818507E-002  0.96040006E+000  0.25661534E+001  0.51510959E+001  0.73814257E+001
 -0.57433179E+000 -0.43192270E+000 -0.11427270E+000 -0.56729779E-002 -0.39447003E-002 -0.10642377E-002  0.10818501E-002  0.96039671E+000  0.25661484E+001  0.51510851E+001  0.73814126E+001
 -0.57433138E+000 -0.43192205E+000 -0.11427197E+000 -0.56729763E-002 -0.39446967E-002 -0.10642307E-002  0.10818488E-002  0.96039267E+000  0.25661425E+001  0.51510730E+001  0.73813982E+001
 -0.57433099E+000 -0.43192146E+000 -0.11427135E+000 -0.56729751E-002 -0.39446937E-002 -0.10642247E-002  0.10818471E-002  0.96038807E+000  0.25661360E+001  0.51510599E+001  0.73813827E+001
 -0.57433062E+000 -0.43192092E+000 -0.11427083E+000 -0.56729741E-002 -0.39446912E-002 -0.10642197E-002  0.10818450E-002  0.96038302E+000  0.25661289E+001  0.51510459E+001  0.73813664E+001
 -0.57433027E+000 -0.43192042E+000 -0.11427039E+000 -0.56729734E-002 -0.39446892E-002 -0.10642154E-002  0.10818426E-002  0.96037762E+000  0.25661214E+001  0.51510312E+001  0.73813493E+001
 -0.57432994E+000 -0.43191996E+000 -0.11427003E+000 -0.56729729E-002 -0.39446876E-002 -0.10642119E-002  0.10818400E-002  0.96037192E+000  0.25661135E+001  0.51510159E+001  0.73813317E+001
 -0.57432962E+000 -0.43191953E+000 -0.11426972E+000 -0.56729727E-002 -0.39446863E-002 -0.10642090E-002  0.10818372E-002  0.96036600E+000  0.25661053E+001  0.51510001E+001  0.73813136E+001
 -0.57432931E+000 -0.43191913E+000 -0.11426948E+000 -0.56729726E-002 -0.39446855E-002 -0.10642068E-002  0.10818342E-002  0.96035990E+000  0.25660969E+001  0.51509840E+001  0.73812952E+001
 -0.57432902E+000 -0.43191876E+000 -0.11426928E+000 -0.56729727E-002 -0.39446850E-002 -0.10642054E-002  0.10818311E-002  0.96035366E+000  0.25660884E+001  0.51509676E+001  0.73812765E+001
 -0.57432873E+000 -0.43191842E+000 -0.11426912E+000 -0.56729730E-002 -0.39446847E-002 -0.10642043E-002  0.10818279E-002  0.96034732E+000  0.25660796E+001  0.51509510E+001  0.73812576E+001
 -0.57432846E+000 -0.43191809E+000 -0.11426900E+000 -0.56729734E-002 -0.39446849E-002 -0.10642040E-002  0.10818247E-002  0.96034091E+000  0.25660708E+001  0.51509343E+001  0.73812386E+001
 -0.57432820E+000 -0.43191779E+000 -0.11426892E+000 -0.56729740E-002 -0.39446853E-002 -0.10642043E-002  0.10818214E-002  0.96033445E+000  0.25660620E+001  0.51509176E+001  0.73812195E+001
 -0.57432795E+000 -0.43191751E+000 -0.11426886E+000 -0.56729746E-002 -0.39446861E-002 -0.10642053E-002  0.10818180E-002  0.96032797E+000  0.25660531E+001  0.51509008E+001  0.73812005E+001
 -0.57432772E+000 -0.43191725E+000 -0.11426883E+000 -0.56729754E-002 -0.39446872E-002 -0.10642067E-002  0.10818147E-002  0.96032149E+000  0.25660442E+001  0.51508841E+001  0.73811816E+001
 -0.57432749E+000 -0.43191700E+000 -0.11426883E+000 -0.56729763E-002 -0.39446885E-002 -0.10642088E-002  0.10818113E-002  0.96031504E+000  0.25660354E+001  0.51508675E+001  0.73811628E+001
 -0.57432727E+000 -0.43191677E+000 -0.11426884E+000 -0.56729772E-002 -0.39446900E-002 -0.10642113E-002  0.10818079E-002  0.96030862E+000  0.25660266E+001  0.51508510E+001  0.73811442E+001
 -0.57432706E+000 -0.43191655E+000 -0.11426886E+000 -0.56729782E-002 -0.39446917E-002 -0.10642142E-002  0.10818046E-002  0.96030227E+000  0.25660180E+001  0.51508347E+001  0.73811259E+001
 -0.57432686E+000 -0.43191635E+000 -0.11426889E+000 -0.56729793E-002 -0.39446936E-002 -0.10642175E-002  0.10818013E-002  0.96029599E+000  0.25660094E+001  0.51508187E+001  0.73811078E+001
 -0.57432667E+000 -0.43191615E+000 -0.11426894E+000 -0.56729804E-002 -0.39446957E-002 -0.10642212E-002  0.10817981E-002  0.96028981E+000  0.25660010E+001  0.51508029E+001  0.73810901E+001
 -0.57432649E+000 -0.43191597E+000 -0.11426899E+000 -0.56729816E-002 -0.39446979E-002 -0.10642252E-002  0.10817949E-002  0.96028373E+000  0.25659927E+001  0.51507875E+001  0.73810728E+001
 -0.57432631E+000 -0.43191580E+000 -0.11426905E+000 -0.56729828E-002 -0.39447004E-002 -0.10642297E-002  0.10817918E-002  0.96027776E+000  0.25659846E+001  0.51507724E+001  0.73810559E+001
 -0.57432615E+000 -0.43191563E+000 -0.11426911E+000 -0.56729840E-002 -0.39447029E-002 -0.10642345E-002  0.10817887E-002  0.96027191E+000  0.25659766E+001  0.51507576E+001  0.73810395E+001
 -0.57432599E+000 -0.43191548E+000 -0.11426918E+000 -0.56729853E-002 -0.39447057E-002 -0.10642397E-002  0.10817857E-002  0.96026620E+000  0.25659689E+001  0.51507433E+001  0.73810235E+001
 -0.57432584E+000 -0.43191533E+000 -0.11426925E+000 -0.56729865E-002 -0.39447084E-002 -0.10642450E-002  0.10817827E-002  0.96026063E+000  0.25659614E+001  0.51507294E+001  0.73810081E+001
 -0.57432569E+000 -0.43191519E+000 -0.11426931E+000 -0.56729877E-002 -0.39447112E-002 -0.10642504E-002  0.10817799E-002  0.96025523E+000  0.25659540E+001  0.51507159E+001  0.73809932E+001
 -0.57432555E+000 -0.43191506E+000 -0.11426937E+000 -0.56729890E-002 -0.39447140E-002 -0.10642557E-002  0.10817772E-002  0.96025000E+000  0.25659470E+001  0.51507029E+001  0.73809789E+001
 -0.57432542E+000 -0.43191492E+000 -0.11426942E+000 -0.56729901E-002 -0.39447167E-002 -0.10642611E-002  0.10817746E-002  0.96024495E+000  0.25659402E+001  0.51506905E+001  0.73809651E+001
 -0.57432529E+000 -0.43191479E+000 -0.11426947E+000 -0.56729913E-002 -0.39447195E-002 -0.10642665E-002  0.10817722E-002  0.96024007E+000  0.25659336E+001  0.51506785E+001  0.73809520E+001
 -0.57432517E+000 -0.43191467E+000 -0.11426951E+000 -0.56729924E-002 -0.39447222E-002 -0.10642718E-002  0.10817698E-002  0.96023538E+000  0.25659273E+001  0.51506670E+001  0.73809394E+001
 -0.57432505E+000 -0.43191454E+000 -0.11426954E+000 -0.56729934E-002 -0.39447249E-002 -0.10642772E-002  0.10817676E-002  0.96023087E+000  0.25659212E+001  0.51506560E+001  0.73809275E+001
 -0.57432494E+000 -0.43191442E+000 -0.11426956E+000 -0.56729945E-002 -0.39447275E-002 -0.10642824E-002  0.10817655E-002  0.96022654E+000  0.25659154E+001  0.51506456E+001  0.73809162E+001
 -0.57432482E+000 -0.43191430E+000 -0.11426957E+000 -0.56729954E-002 -0.39447299E-002 -0.10642875E-002  0.10817635E-002  0.96022240E+000  0.25659099E+001  0.51506356E+001  0.73809054E+001
 -0.57432472E+000 -0.43191418E+000 -0.11426957E+000 -0.56729963E-002 -0.39447323E-002 -0.10642922E-002  0.10817617E-002  0.96021845E+000  0.25659046E+001  0.51506262E+001  0.73808953E+001
 -0.57432461E+000 -0.43191405E+000 -0.11426955E+000 -0.56729971E-002 -0.39447345E-002 -0.10642967E-002  0.10817600E-002  0.96021470E+000  0.25658996E+001  0.51506173E+001  0.73808857E+001
 -0.57432451E+000 -0.43191393E+000 -0.11426953E+000 -0.56729979E-002 -0.39447366E-002 -0.10643010E-002  0.10817585E-002  0.96021113E+000  0.25658948E+001  0.51506089E+001  0.73808768E+001
 -0.57432441E+000 -0.43191381E+000 -0.11426949E+000 -0.56729986E-002 -0.39447385E-002 -0.10643050E-002  0.10817571E-002  0.96020774E+000  0.25658903E+001  0.51506009E+001  0.73808684E+001
 -0.57432431E+000 -0.43191368E+000 -0.11426944E+000 -0.56729992E-002 -0.39447403E-002 -0.10643087E-002  0.10817558E-002  0.96020453E+000  0.25658860E+001  0.51505935E+001  0.73808605E+001
 -0.57432421E+000 -0.43191355E+000 -0.11426938E+000 -0.56729997E-002 -0.39447419E-002 -0.10643121E-002  0.10817547E-002  0.96020150E+000  0.25658820E+001  0.51505865E+001  0.73808531E+001
 -0.57432411E+000 -0.43191342E+000 -0.11426931E+000 -0.56730002E-002 -0.39447433E-002 -0.10643151E-002  0.10817537E-002  0.96019863E+000  0.25658782E+001  0.51505799E+001  0.73808463E+001
 -0.57432402E+000 -0.43191329E+000 -0.11426922E+000 -0.56730006E-002 -0.39447446E-002 -0.10643178E-002  0.10817529E-002  0.96019593E+000  0.25658747E+001  0.51505738E+001  0.73808399E+001
 -0.57432393E+000 -0.43191316E+000 -0.11426913E+000 -0.56730009E-002 -0.39447456E-002 -0.10643202E-002  0.10817522E-002  0.96019339E+000  0.25658713E+001  0.51505681E+001  0.73808340E+001
 -0.57432384E+000 -0.43191303E+000 -0.11426902E+000 -0.56730012E-002 -0.39447466E-002 -0.10643222E-002  0.10817516E-002  0.96019100E+000  0.25658682E+001  0.51505627E+001  0.73808286E+001
 -0.57432374E+000 -0.43191289E+000 -0.11426891E+000 -0.56730014E-002 -0.39447473E-002 -0.10643239E-002  0.10817511E-002  0.96018876E+000  0.25658652E+001  0.51505578E+001  0.73808235E+001
 -0.57432366E+000 -0.43191276E+000 -0.11426878E+000 -0.56730015E-002 -0.39447479E-002 -0.10643253E-002  0.10817508E-002  0.96018665E+000  0.25658624E+001  0.51505532E+001  0.73808188E+001
 -0.57432357E+000 -0.43191262E+000 -0.11426865E+000 -0.56730016E-002 -0.39447484E-002 -0.10643264E-002  0.10817505E-002  0.96018467E+000  0.25658599E+001  0.51505489E+001  0.73808145E+001
 -0.57432348E+000 -0.43191248E+000 -0.11426851E+000 -0.56730016E-002 -0.39447487E-002 -0.10643272E-002  0.10817504E-002  0.96018282E+000  0.25658574E+001  0.51505449E+001  0.73808105E+001
 -0.57432339E+000 -0.43191235E+000 -0.11426836E+000 -0.56730015E-002 -0.39447489E-002 -0.10643277E-002  0.10817504E-002  0.96018108E+000  0.25658552E+001  0.51505412E+001  0.73808069E+001
 -0.57432331E+000 -0.43191221E+000 -0.11426821E+000 -0.56730014E-002 -0.39447489E-002 -0.10643280E-002  0.10817504E-002  0.96017946E+000  0.25658530E+001  0.51505377E+001  0.73808035E+001
 -0.57432322E+000 -0.43191207E+000 -0.11426805E+000 -0.56730013E-002 -0.39447488E-002 -0.10643280E-002  0.10817506E-002  0.96017793E+000  0.25658510E+001  0.51505345E+001  0.73808004E+001
 -0.57432314E+000 -0.43191193E+000 -0.11426789E+000 -0.56730011E-002 -0.39447487E-002 -0.10643278E-002  0.10817508E-002  0.96017650E+000  0.25658492E+001  0.51505316E+001  0.73807975E+001
 -0.57432306E+000 -0.43191179E+000 -0.11426772E+000 -0.56730009E-002 -0.39447484E-002 -0.10643274E-002  0.10817510E-002  0.96017515E+000  0.25658474E+001  0.51505288E+001  0.73807949E+001
 -0.57432298E+000 -0.43191166E+000 -0.11426756E+000 -0.56730007E-002 -0.39447480E-002 -0.10643269E-002  0.10817514E-002  0.96017389E+000  0.25658458E+001  0.51505262E+001  0.73807924E+001
 -0.57432290E+000 -0.43191152E+000 -0.11426739E+000 -0.56730004E-002 -0.39447476E-002 -0.10643261E-002  0.10817518E-002  0.96017271E+000  0.25658442E+001  0.51505238E+001  0.73807901E+001
 -0.57432282E+000 -0.43191139E+000 -0.11426722E+000 -0.56730002E-002 -0.39447471E-002 -0.10643253E-002  0.10817522E-002  0.96017159E+000  0.25658428E+001  0.51505216E+001  0.73807880E+001
 -0.57432275E+000 -0.43191126E+000 -0.11426705E+000 -0.56729999E-002 -0.39447465E-002 -0.10643243E-002  0.10817527E-002  0.96017054E+000  0.25658414E+001  0.51505195E+001  0.73807861E+001
 -0.57432268E+000 -0.43191113E+000 -0.11426688E+000 -0.56729995E-002 -0.39447459E-002 -0.10643232E-002  0.10817533E-002  0.96016955E+000  0.25658402E+001  0.51505176E+001  0.73807843E+001
 -0.57432260E+000 -0.43191100E+000 -0.11426671E+000 -0.56729992E-002 -0.39447453E-002 -0.10643220E-002  0.10817539E-002  0.96016862E+000  0.25658389E+001  0.51505158E+001  0.73807826E+001
 -0.57432253E+000 -0.43191087E+000 -0.11426654E+000 -0.56729989E-002 -0.39447446E-002 -0.10643207E-002  0.10817545E-002  0.96016773E+000  0.25658378E+001  0.51505141E+001  0.73807810E+001
 -0.57432247E+000 -0.43191075E+000 -0.11426637E+000 -0.56729985E-002 -0.39447439E-002 -0.10643194E-002  0.10817551E-002  0.96016689E+000  0.25658367E+001  0.51505124E+001  0.73807796E+001
 -0.57432240E+000 -0.43191063E+000 -0.11426621E+000 -0.56729981E-002 -0.39447431E-002 -0.10643181E-002  0.10817558E-002  0.96016610E+000  0.25658357E+001  0.51505109E+001  0.73807782E+001
 -0.57432234E+000 -0.43191052E+000 -0.11426605E+000 -0.56729978E-002 -0.39447424E-002 -0.10643167E-002  0.10817565E-002  0.96016534E+000  0.25658347E+001  0.51505095E+001  0.73807769E+001
 -0.57432228E+000 -0.43191041E+000 -0.11426589E+000 -0.56729974E-002 -0.39447416E-002 -0.10643153E-002  0.10817571E-002  0.96016462E+000  0.25658338E+001  0.51505081E+001  0.73807756E+001
 -0.57432222E+000 -0.43191030E+000 -0.11426574E+000 -0.56729971E-002 -0.39447409E-002 -0.10643139E-002  0.10817579E-002  0.96016394E+000  0.25658329E+001  0.51505068E+001  0.73807745E+001
 -0.57432216E+000 -0.43191019E+000 -0.11426559E+000 -0.56729967E-002 -0.39447401E-002 -0.10643124E-002  0.10817586E-002  0.96016328E+000  0.25658321E+001  0.51505056E+001  0.73807734E+001
 -0.57432210E+000 -0.43191009E+000 -0.11426544E+000 -0.56729964E-002 -0.39447394E-002 -0.10643110E-002  0.10817593E-002  0.96016266E+000  0.25658312E+001  0.51505045E+001  0.73807724E+001
 -0.57432205E+000 -0.43190999E+000 -0.11426530E+000 -0.56729960E-002 -0.39447386E-002 -0.10643096E-002  0.10817600E-002  0.96016206E+000  0.25658305E+001  0.51505033E+001  0.73807714E+001
 -0.57432200E+000 -0.43190989E+000 -0.11426517E+000 -0.56729957E-002 -0.39447379E-002 -0.10643082E-002  0.10817608E-002  0.96016149E+000  0.25658297E+001  0.51505023E+001  0.73807704E+001
 -0.57432195E+000 -0.43190980E+000 -0.11426503E+000 -0.56729954E-002 -0.39447372E-002 -0.10643069E-002  0.10817615E-002  0.96016094E+000  0.25658290E+001  0.51505013E+001  0.73807695E+001
 -0.57432190E+000 -0.43190971E+000 -0.11426490E+000 -0.56729950E-002 -0.39447365E-002 -0.10643055E-002  0.10817622E-002  0.96016042E+000  0.25658284E+001  0.51505003E+001  0.73807687E+001
 -0.57432186E+000 -0.43190963E+000 -0.11426478E+000 -0.56729947E-002 -0.39447358E-002 -0.10643042E-002  0.10817629E-002  0.96015991E+000  0.25658277E+001  0.51504994E+001  0.73807678E+001
 -0.57432182E+000 -0.43190955E+000 -0.11426466E+000 -0.56729944E-002 -0.39447351E-002 -0.10643030E-002  0.10817637E-002  0.96015943E+000  0.25658271E+001  0.51504985E+001  0.73807671E+001
 -0.57432177E+000 -0.43190947E+000 -0.11426454E+000 -0.56729941E-002 -0.39447345E-002 -0.10643017E-002  0.10817644E-002  0.96015897E+000  0.25658265E+001  0.51504976E+001  0.73807663E+001
 -0.57432173E+000 -0.43190939E+000 -0.11426443E+000 -0.56729938E-002 -0.39447339E-002 -0.10643005E-002  0.10817651E-002  0.96015852E+000  0.25658259E+001  0.51504968E+001  0.73807656E+001
 -0.57432170E+000 -0.43190932E+000 -0.11426432E+000 -0.56729936E-002 -0.39447332E-002 -0.10642993E-002  0.10817658E-002  0.96015809E+000  0.25658254E+001  0.51504961E+001  0.73807649E+001
 -0.57432166E+000 -0.43190925E+000 -0.11426422E+000 -0.56729933E-002 -0.39447326E-002 -0.10642982E-002  0.10817665E-002  0.96015768E+000  0.25658248E+001  0.51504953E+001  0.73807642E+001
 -0.57432162E+000 -0.43190918E+000 -0.11426412E+000 -0.56729930E-002 -0.39447321E-002 -0.10642971E-002  0.10817672E-002  0.96015728E+000  0.25658243E+001  0.51504946E+001  0.73807636E+001
 -0.57432159E+000 -0.43190912E+000 -0.11426402E+000 -0.56729928E-002 -0.39447315E-002 -0.10642960E-002  0.10817679E-002  0.96015690E+000  0.25658238E+001  0.51504939E+001  0.73807630E+001
 -0.57432156E+000 -0.43190906E+000 -0.11426393E+000 -0.56729925E-002 -0.39447310E-002 -0.10642950E-002  0.10817685E-002  0.96015653E+000  0.25658234E+001  0.51504932E+001  0.73807624E+001
 -0.57432153E+000 -0.43190900E+000 -0.11426384E+000 -0.56729923E-002 -0.39447305E-002 -0.10642940E-002  0.10817692E-002  0.96015618E+000  0.25658229E+001  0.51504926E+001  0.73807618E+001
 -0.57432150E+000 -0.43190894E+000 -0.11426376E+000 -0.56729921E-002 -0.39447300E-002 -0.10642931E-002  0.10817699E-002  0.96015584E+000  0.25658225E+001  0.51504920E+001  0.73807613E+001
 -0.57432147E+000 -0.43190889E+000 -0.11426367E+000 -0.56729919E-002 -0.39447295E-002 -0.10642921E-002  0.10817705E-002  0.96015551E+000  0.25658220E+001  0.51504914E+001  0.73807607E+001
 -0.57432145E+000 -0.43190884E+000 -0.11426360E+000 -0.56729917E-002 -0.39447290E-002 -0.10642912E-002  0.10817711E-002  0.96015520E+000  0.25658216E+001  0.51504908E+001  0.73807602E+001
 -0.57432142E+000 -0.43190879E+000 -0.11426352E+000 -0.56729915E-002 -0.39447286E-002 -0.10642904E-002  0.10817717E-002  0.96015489E+000  0.25658213E+001  0.51504903E+001  0.73807598E+001
 -0.57432140E+000 -0.43190874E+000 -0.11426345E+000 -0.56729913E-002 -0.39447281E-002 -0.10642896E-002  0.10817723E-002  0.96015460E+000  0.25658209E+001  0.51504898E+001  0.73807593E+001
 -0.57432137E+000 -0.43190870E+000 -0.11426338E+000 -0.56729911E-002 -0.39447277E-002 -0.10642888E-002  0.10817729E-002  0.96015432E+000  0.25658205E+001  0.51504893E+001  0.73807588E+001
 -0.57432135E+000 -0.43190866E+000 -0.11426331E+000 -0.56729909E-002 -0.39447273E-002 -0.10642880E-002  0.10817735E-002  0.96015405E+000  0.25658202E+001  0.51504888E+001  0.73807584E+001
 -0.57432133E+000 -0.43190862E+000 -0.11426325E+000 -0.56729907E-002 -0.39447269E-002 -0.10642873E-002  0.10817741E-002  0.96015379E+000  0.25658198E+001  0.51504883E+001  0.73807580E+001
 -0.57432131E+000 -0.43190858E+000 -0.11426319E+000 -0.56729906E-002 -0.39447266E-002 -0.10642866E-002  0.10817746E-002  0.96015354E+000  0.25658195E+001  0.51504879E+001  0.73807576E+001
 -0.57432129E+000 -0.43190854E+000 -0.11426313E+000 -0.56729904E-002 -0.39447262E-002 -0.10642859E-002  0.10817752E-002  0.96015330E+000  0.25658192E+001  0.51504874E+001  0.73807572E+001
 -0.57432127E+000 -0.43190850E+000 -0.11426308E+000 -0.56729902E-002 -0.39447259E-002 -0.10642852E-002  0.10817757E-002  0.96015307E+000  0.25658189E+001  0.51504870E+001  0.73807569E+001
 -0.57432126E+000 -0.43190847E+000 -0.11426302E+000 -0.56729901E-002 -0.39447255E-002 -0.10642846E-002  0.10817762E-002  0.96015285E+000  0.25658187E+001  0.51504866E+001  0.73807565E+001
 -0.57432124E+000 -0.43190844E+000 -0.11426297E+000 -0.56729900E-002 -0.39447252E-002 -0.10642840E-002  0.10817767E-002  0.96015263E+000  0.25658184E+001  0.51504863E+001  0.73807562E+001
 -0.57432123E+000 -0.43190841E+000 -0.11426292E+000 -0.56729898E-002 -0.39447249E-002 -0.10642834E-002  0.10817772E-002  0.96015243E+000  0.25658181E+001  0.51504859E+001  0.73807558E+001
 -0.57432121E+000 -0.43190838E+000 -0.11426288E+000 -0.56729897E-002 -0.39447246E-002 -0.10642828E-002  0.10817777E-002  0.96015223E+000  0.25658179E+001  0.51504856E+001  0.73807555E+001
 -0.57432120E+000 -0.43190835E+000 -0.11426283E+000 -0.56729896E-002 -0.39447244E-002 -0.10642823E-002  0.10817781E-002  0.96015204E+000  0.25658176E+001  0.51504852E+001  0.73807552E+001
 -0.57432118E+000 -0.43190832E+000 -0.11426279E+000 -0.56729895E-002 -0.39447241E-002 -0.10642818E-002  0.10817786E-002  0.96015186E+000  0.25658174E+001  0.51504849E+001  0.73807549E+001
 -0.57432117E+000 -0.43190830E+000 -0.11426275E+000 -0.56729893E-002 -0.39447238E-002 -0.10642813E-002  0.10817790E-002  0.96015168E+000  0.25658172E+001  0.51504846E+001  0.73807547E+001
 -0.57432116E+000 -0.43190827E+000 -0.11426271E+000 -0.56729892E-002 -0.39447236E-002 -0.10642808E-002  0.10817794E-002  0.96015151E+000  0.25658170E+001  0.51504843E+001  0.73807544E+001
 -0.57432114E+000 -0.43190825E+000 -0.11426267E+000 -0.56729891E-002 -0.39447234E-002 -0.10642804E-002  0.10817799E-002  0.96015135E+000  0.25658168E+001  0.51504840E+001  0.73807541E+001
 -0.57432113E+000 -0.43190823E+000 -0.11426264E+000 -0.56729890E-002 -0.39447231E-002 -0.10642800E-002  0.10817803E-002  0.96015120E+000  0.25658166E+001  0.51504838E+001  0.73807539E+001
 -0.57432112E+000 -0.43190820E+000 -0.11426260E+000 -0.56729889E-002 -0.39447229E-002 -0.10642795E-002  0.10817806E-002  0.96015105E+000  0.25658164E+001  0.51504835E+001  0.73807537E+001
 -0.57432111E+000 -0.43190818E+000 -0.11426257E+000 -0.56729888E-002 -0.39447227E-002 -0.10642791E-002  0.10817810E-002  0.96015090E+000  0.25658162E+001  0.51504832E+001  0.73807534E+001
 -0.57432110E+000 -0.43190816E+000 -0.11426254E+000 -0.56729887E-002 -0.39447225E-002 -0.10642788E-002  0.10817814E-002  0.96015076E+000  0.25658160E+001  0.51504830E+001  0.73807532E+001
 -0.57432109E+000 -0.43190815E+000 -0.11426251E+000 -0.56729887E-002 -0.39447223E-002 -0.10642784E-002  0.10817817E-002  0.96015063E+000  0.25658159E+001  0.51504828E+001  0.73807530E+001
 -0.57432108E+000 -0.43190813E+000 -0.11426248E+000 -0.56729886E-002 -0.39447221E-002 -0.10642781E-002  0.10817821E-002  0.96015050E+000  0.25658157E+001  0.51504826E+001  0.73807528E+001
 -0.57432108E+000 -0.43190811E+000 -0.11426245E+000 -0.56729885E-002 -0.39447220E-002 -0.10642777E-002  0.10817824E-002  0.96015038E+000  0.25658156E+001  0.51504823E+001  0.73807526E+001
 -0.57432107E+000 -0.43190809E+000 -0.11426243E+000 -0.56729884E-002 -0.39447218E-002 -0.10642774E-002  0.10817827E-002  0.96015026E+000  0.25658154E+001  0.51504821E+001  0.73807524E+001
 -0.57432106E+000 -0.43190808E+000 -0.11426240E+000 -0.56729884E-002 -0.39447217E-002 -0.10642771E-002  0.10817830E-002  0.96015015E+000  0.25658153E+001  0.51504819E+001  0.73807523E+001
 -0.57432105E+000 -0.43190806E+000 -0.11426238E+000 -0.56729883E-002 -0.39447215E-002 -0.10642768E-002  0.10817833E-002  0.96015004E+000  0.25658151E+001  0.51504818E+001  0.73807521E+001
 -0.57432104E+000 -0.43190805E+000 -0.11426236E+000 -0.56729882E-002 -0.39447214E-002 -0.10642766E-002  0.10817836E-002  0.96014994E+000  0.25658150E+001  0.51504816E+001  0.73807519E+001
 -0.57432104E+000 -0.43190804E+000 -0.11426234E+000 -0.56729882E-002 -0.39447212E-002 -0.10642763E-002  0.10817839E-002  0.96014984E+000  0.25658149E+001  0.51504814E+001  0.73807518E+001
 -0.57432103E+000 -0.43190802E+000 -0.11426232E+000 -0.56729881E-002 -0.39447211E-002 -0.10642761E-002  0.10817842E-002  0.96014974E+000  0.25658148E+001  0.51504812E+001  0.73807516E+001
 -0.57432103E+000 -0.43190801E+000 -0.11426230E+000 -0.56729881E-002 -0.39447210E-002 -0.10642758E-002  0.10817844E-002  0.96014965E+000  0.25658147E+001  0.51504811E+001  0.73807515E+001
 -0.57432102E+000 -0.43190800E+000 -0.11426228E+000 -0.56729880E-002 -0.39447209E-002 -0.10642756E-002  0.10817847E-002  0.96014956E+000  0.25658145E+001  0.51504809E+001  0.73807513E+001
 -0.57432101E+000 -0.43190799E+000 -0.11426226E+000 -0.56729879E-002 -0.39447208E-002 -0.10642754E-002  0.10817849E-002  0.96014947E+000  0.25658144E+001  0.51504808E+001  0.73807512E+001
 -0.57432101E+000 -0.43190798E+000 -0.11426224E+000 -0.56729879E-002 -0.39447206E-002 -0.10642752E-002  0.10817852E-002  0.96014939E+000  0.25658143E+001  0.51504806E+001  0.73807510E+001
 -0.57432100E+000 -0.43190797E+000 -0.11426223E+000 -0.56729879E-002 -0.39447205E-002 -0.10642750E-002  0.10817854E-002  0.96014931E+000  0.25658142E+001  0.51504805E+001  0.73807509E+001
 -0.57432100E+000 -0.43190796E+000 -0.11426221E+000 -0.56729878E-002 -0.39447205E-002 -0.10642748E-002  0.10817856E-002  0.96014923E+000  0.25658141E+001  0.51504804E+001  0.73807508E+001
 -0.57432099E+000 -0.43190795E+000 -0.11426220E+000 -0.56729878E-002 -0.39447204E-002 -0.10642747E-002  0.10817858E-002  0.96014916E+000  0.25658141E+001  0.51504802E+001  0.73807507E+001
 -0.57432099E+000 -0.43190794E+000 -0.11426218E+000 -0.56729877E-002 -0.39447203E-002 -0.10642745E-002  0.10817860E-002  0.96014909E+000  0.25658140E+001  0.51504801E+001  0.73807506E+001
 -0.57432099E+000 -0.43190793E+000 -0.11426217E+000 -0.56729877E-002 -0.39447202E-002 -0.10642743E-002  0.10817862E-002  0.96014902E+000  0.25658139E+001  0.51504800E+001  0.73807505E+001
 -0.57432098E+000 -0.43190793E+000 -0.11426216E+000 -0.56729877E-002 -0.39447201E-002 -0.10642742E-002  0.10817864E-002  0.96014896E+000  0.25658138E+001  0.51504799E+001  0.73807504E+001
 -0.57432098E+000 -0.43190792E+000 -0.11426215E+000 -0.56729876E-002 -0.39447200E-002 -0.10642740E-002  0.10817866E-002  0.96014890E+000  0.25658137E+001  0.51504798E+001  0.73807503E+001
 -0.57432097E+000 -0.43190791E+000 -0.11426213E+000 -0.56729876E-002 -0.39447200E-002 -0.10642739E-002  0.10817867E-002  0.96014884E+000  0.25658137E+001  0.51504797E+001  0.73807502E+001
 -0.57432097E+000 -0.43190790E+000 -0.11426212E+000 -0.56729876E-002 -0.39447199E-002 -0.10642738E-002  0.10817869E-002  0.96014879E+000  0.25658136E+001  0.51504796E+001  0.73807501E+001
 -0.57432097E+000 -0.43190790E+000 -0.11426211E+000 -0.56729875E-002 -0.39447198E-002 -0.10642736E-002  0.10817871E-002  0.96014874E+000  0.25658135E+001  0.51504795E+001  0.73807500E+001
 -0.57432096E+000 -0.43190789E+000 -0.11426210E+000 -0.56729875E-002 -0.39447197E-002 -0.10642734E-002  0.10817872E-002  0.96014869E+000  0.25658135E+001  0.51504794E+001  0.73807499E+001
 -0.57432096E+000 -0.43190788E+000 -0.11426209E+000 -0.56729874E-002 -0.39447196E-002 -0.10642733E-002  0.10817874E-002  0.96014865E+000  0.25658134E+001  0.51504794E+001  0.73807499E+001
 -0.57432096E+000 -0.43190787E+000 -0.11426208E+000 -0.56729874E-002 -0.39447195E-002 -0.10642731E-002  0.10817875E-002  0.96014861E+000  0.25658134E+001  0.51504793E+001  0.73807498E+001
 -0.57432095E+000 -0.43190787E+000 -0.11426206E+000 -0.56729874E-002 -0.39447194E-002 -0.10642728E-002  0.10817877E-002  0.96014858E+000  0.25658134E+001  0.51504793E+001  0.73807498E+001
 -0.57432095E+000 -0.43190786E+000 -0.11426205E+000 -0.56729873E-002 -0.39447193E-002 -0.10642725E-002  0.10817879E-002  0.96014857E+000  0.25658133E+001  0.51504793E+001  0.73807498E+001
 -0.57432094E+000 -0.43190784E+000 -0.11426203E+000 -0.56729872E-002 -0.39447190E-002 -0.10642720E-002  0.10817881E-002  0.96014856E+000  0.25658133E+001  0.51504793E+001  0.73807498E+001
 -0.57432093E+000 -0.43190783E+000 -0.11426200E+000 -0.56729871E-002 -0.39447187E-002 -0.10642713E-002  0.10817883E-002  0.96014857E+000  0.25658133E+001  0.51504793E+001  0.73807498E+001
 -0.57432092E+000 -0.43190780E+000 -0.11426195E+000 -0.56729867E-002 -0.39447175E-002 -0.10642688E-002  0.10817887E-002  0.96014858E+000  0.25658133E+001  0.51504792E+001  0.73807498E+001
 -0.57432093E+000 -0.43190782E+000 -0.11426198E+000 -0.56729869E-002 -0.39447181E-002 -0.10642700E-002  0.10817886E-002  0.96014842E+000  0.25658131E+001  0.51504790E+001  0.73807495E+001
