  0.18999532E+000  0.21407941E+000  0.34940455E+000  0.51114767E+000  0.85336518E+000  0.97135935E+000  0.13210689E+001  0.24593644E+001  0.40757857E+001  0.58083608E+001  0.92323786E+001
  0.19092578E+000  0.21524963E+000  0.35049483E+000  0.51267933E+000  0.85506838E+000  0.97356548E+000  0.13234352E+001  0.24655695E+001  0.40953162E+001  0.58124573E+001  0.92362308E+001
  0.19122928E+000  0.21572657E+000  0.35092021E+000  0.51329163E+000  0.85568438E+000  0.97437695E+000  0.13242777E+001  0.24677688E+001  0.41005067E+001  0.58138429E+001  0.92403974E+001
  0.19138260E+000  0.21612879E+000  0.35127921E+000  0.51368976E+000  0.85629311E+000  0.97501324E+000  0.13251767E+001  0.24701045E+001  0.41039330E+001  0.58150460E+001  0.92468145E+001
  0.19147814E+000  0.21644412E+000  0.35156287E+000  0.51398828E+000  0.85672949E+000  0.97560958E+000  0.13258681E+001  0.24717148E+001  0.41062475E+001  0.58161231E+001  0.92517714E+001
  0.19160037E+000  0.21671838E+000  0.35179127E+000  0.51424541E+000  0.85715018E+000  0.97601961E+000  0.13263823E+001  0.24728613E+001  0.41078932E+001  0.58169997E+001  0.92557074E+001
  0.19167923E+000  0.21692824E+000  0.35197837E+000  0.51444452E+000  0.85744532E+000  0.97635405E+000  0.13266494E+001  0.24737163E+001  0.41090091E+001  0.58177236E+001  0.92587901E+001
  0.19174524E+000  0.21709324E+000  0.35213341E+000  0.51462331E+000  0.85767630E+000  0.97668966E+000  0.13271305E+001  0.24749051E+001  0.41099416E+001  0.58184098E+001  0.92613131E+001
  0.19178340E+000  0.21723308E+000  0.35229949E+000  0.51475977E+000  0.85790328E+000  0.97690220E+000  0.13273477E+001  0.24756892E+001  0.41096145E+001  0.58190823E+001  0.92635138E+001
  0.19184581E+000  0.21735531E+000  0.35245383E+000  0.51488564E+000  0.85809204E+000  0.97712409E+000  0.13277117E+001  0.24763859E+001  0.41096696E+001  0.58195296E+001  0.92653499E+001
  0.19189804E+000  0.21745756E+000  0.35257303E+000  0.51494335E+000  0.85821047E+000  0.97729373E+000  0.13277955E+001  0.24768566E+001  0.41089346E+001  0.58197384E+001  0.92673721E+001
  0.19192903E+000  0.21754353E+000  0.35271775E+000  0.51504549E+000  0.85832254E+000  0.97741520E+000  0.13281117E+001  0.24773175E+001  0.41094921E+001  0.58199135E+001  0.92681681E+001
  0.19191910E+000  0.21761447E+000  0.35284637E+000  0.51513278E+000  0.85843430E+000  0.97753159E+000  0.13282625E+001  0.24775816E+001  0.41097075E+001  0.58201394E+001  0.92697062E+001
  0.19196561E+000  0.21767449E+000  0.35288333E+000  0.51516827E+000  0.85855901E+000  0.97753570E+000  0.13283493E+001  0.24779660E+001  0.41100147E+001  0.58203467E+001  0.92701451E+001
  0.19197401E+000  0.21772663E+000  0.35297496E+000  0.51521686E+000  0.85862875E+000  0.97773931E+000  0.13285096E+001  0.24780927E+001  0.41103563E+001  0.58205209E+001  0.92709024E+001
  0.19199510E+000  0.21776777E+000  0.35306868E+000  0.51526222E+000  0.85857160E+000  0.97767836E+000  0.13285045E+001  0.24782885E+001  0.41066946E+001  0.58206673E+001  0.92715389E+001
  0.19201282E+000  0.21780254E+000  0.35311272E+000  0.51530177E+000  0.85861304E+000  0.97781357E+000  0.13286101E+001  0.24784528E+001  0.41068523E+001  0.58207902E+001  0.92727372E+001
  0.19202770E+000  0.21783222E+000  0.35317484E+000  0.51533512E+000  0.85866122E+000  0.97779360E+000  0.13286991E+001  0.24785907E+001  0.41070203E+001  0.58208933E+001  0.92731567E+001
  0.19204902E+000  0.21785705E+000  0.35316187E+000  0.51536319E+000  0.85872562E+000  0.97794513E+000  0.13287739E+001  0.24787063E+001  0.41071874E+001  0.58209797E+001  0.92732280E+001
  0.19205065E+000  0.21787776E+000  0.35318248E+000  0.51538676E+000  0.85880850E+000  0.97796366E+000  0.13287800E+001  0.24788029E+001  0.41073462E+001  0.58210519E+001  0.92739037E+001
  0.19205936E+000  0.21789502E+000  0.35319927E+000  0.51540650E+000  0.85887767E+000  0.97798478E+000  0.13288348E+001  0.24788836E+001  0.41074927E+001  0.58211121E+001  0.92739396E+001
  0.19206662E+000  0.21791424E+000  0.35321283E+000  0.51542297E+000  0.85882413E+000  0.97804059E+000  0.13288805E+001  0.24789741E+001  0.41076244E+001  0.58211620E+001  0.92743379E+001
  0.19207264E+000  0.21792577E+000  0.35322373E+000  0.51543666E+000  0.85884934E+000  0.97800316E+000  0.13289185E+001  0.24790497E+001  0.41077408E+001  0.58212035E+001  0.92743825E+001
  0.19207761E+000  0.21793523E+000  0.35331858E+000  0.51544798E+000  0.85887011E+000  0.97803235E+000  0.13288153E+001  0.24791121E+001  0.41078418E+001  0.58212375E+001  0.92744166E+001
  0.19208168E+000  0.21794297E+000  0.35332401E+000  0.51545729E+000  0.85888716E+000  0.97805634E+000  0.13288375E+001  0.24791633E+001  0.41079282E+001  0.58212654E+001  0.92744424E+001
  0.19208500E+000  0.21794923E+000  0.35332824E+000  0.51546487E+000  0.85890103E+000  0.97807587E+000  0.13288555E+001  0.24792050E+001  0.41080008E+001  0.58212880E+001  0.92744618E+001
  0.19208770E+000  0.21795428E+000  0.35324779E+000  0.51547103E+000  0.85891227E+000  0.97809169E+000  0.13288701E+001  0.24792389E+001  0.41080613E+001  0.58213063E+001  0.92744760E+001
  0.19208986E+000  0.21795829E+000  0.35324187E+000  0.51547035E+000  0.85892125E+000  0.97810433E+000  0.13288817E+001  0.24792661E+001  0.41081108E+001  0.58213208E+001  0.92744863E+001
  0.19209156E+000  0.21796144E+000  0.35323555E+000  0.51547519E+000  0.85892832E+000  0.97811429E+000  0.13288909E+001  0.24792876E+001  0.41081505E+001  0.58213322E+001  0.92744934E+001
  0.19209290E+000  0.21796389E+000  0.35322899E+000  0.51547898E+000  0.85893384E+000  0.97812203E+000  0.13288979E+001  0.24793045E+001  0.41081819E+001  0.58213410E+001  0.92744980E+001
  0.19209392E+000  0.21796574E+000  0.35322230E+000  0.51548188E+000  0.85893805E+000  0.97812792E+000  0.13289033E+001  0.24793175E+001  0.41082062E+001  0.58213477E+001  0.92745251E+001
  0.19209469E+000  0.21796710E+000  0.35321559E+000  0.51548402E+000  0.85894116E+000  0.97813224E+000  0.13289072E+001  0.24793273E+001  0.41066222E+001  0.58213526E+001  0.92745503E+001
  0.19209524E+000  0.21796807E+000  0.35320895E+000  0.51548556E+000  0.85894339E+000  0.97813530E+000  0.13289100E+001  0.24793344E+001  0.41063196E+001  0.58213560E+001  0.92745696E+001
  0.19209562E+000  0.21796870E+000  0.35320246E+000  0.51548658E+000  0.85894487E+000  0.97813729E+000  0.13289118E+001  0.24793394E+001  0.41063024E+001  0.58213581E+001  0.92745838E+001
  0.19209180E+000  0.21796907E+000  0.35319618E+000  0.51548718E+000  0.85894574E+000  0.97813841E+000  0.13289128E+001  0.24793426E+001  0.41062858E+001  0.58213593E+001  0.92745939E+001
  0.19209196E+000  0.21796922E+000  0.35319015E+000  0.51547779E+000  0.85894611E+000  0.97813881E+000  0.13289132E+001  0.24793443E+001  0.41062701E+001  0.58213596E+001  0.92746009E+001
  0.19209202E+000  0.21796919E+000  0.35318442E+000  0.51548740E+000  0.85894607E+000  0.97813862E+000  0.13289130E+001  0.24793448E+001  0.41062553E+001  0.58213593E+001  0.92746052E+001
  0.19209199E+000  0.21796902E+000  0.35317900E+000  0.51548714E+000  0.85894570E+000  0.97813796E+000  0.13289125E+001  0.24793444E+001  0.41062417E+001  0.58213584E+001  0.92746078E+001
  0.19209190E+000  0.21796872E+000  0.35317393E+000  0.51548667E+000  0.85894505E+000  0.97813687E+000  0.13289116E+001  0.24793431E+001  0.41062291E+001  0.58213571E+001  0.92746087E+001
  0.19209174E+000  0.21796833E+000  0.35316921E+000  0.51548604E+000  0.85894417E+000  0.97813545E+000  0.13289104E+001  0.24793412E+001  0.41062178E+001  0.58213553E+001  0.92746081E+001
  0.19209155E+000  0.21796786E+000  0.35316484E+000  0.51548527E+000  0.85894309E+000  0.97813375E+000  0.13289090E+001  0.24793388E+001  0.41062077E+001  0.58213533E+001  0.92746065E+001
  0.19209131E+000  0.21796732E+000  0.35316084E+000  0.51548439E+000  0.85894185E+000  0.97813179E+000  0.13289074E+001  0.24793359E+001  0.41061987E+001  0.58213509E+001  0.92746040E+001
  0.19209104E+000  0.21796671E+000  0.35315718E+000  0.51548339E+000  0.85894046E+000  0.97812961E+000  0.13289056E+001  0.24793325E+001  0.41061908E+001  0.58213483E+001  0.92746008E+001
  0.19209073E+000  0.21796606E+000  0.35315388E+000  0.51548231E+000  0.85893895E+000  0.97812725E+000  0.13289037E+001  0.24793288E+001  0.41061840E+001  0.58213455E+001  0.92745971E+001
  0.19209040E+000  0.21796535E+000  0.35315090E+000  0.51548113E+000  0.85893731E+000  0.97812469E+000  0.13289017E+001  0.24793247E+001  0.41061781E+001  0.58213424E+001  0.92745928E+001
  0.19209005E+000  0.21796460E+000  0.35314824E+000  0.51547988E+000  0.85893556E+000  0.97812198E+000  0.13288996E+001  0.24793204E+001  0.41061732E+001  0.58213392E+001  0.92745880E+001
  0.19208967E+000  0.21796381E+000  0.35314589E+000  0.51547855E+000  0.85893372E+000  0.97811909E+000  0.13288974E+001  0.24793157E+001  0.41061691E+001  0.58213358E+001  0.92745829E+001
  0.19208926E+000  0.21796298E+000  0.35314383E+000  0.51547714E+000  0.85893177E+000  0.97811605E+000  0.13288950E+001  0.24793108E+001  0.41061656E+001  0.58213321E+001  0.92745774E+001
  0.19208884E+000  0.21796210E+000  0.35314204E+000  0.51547567E+000  0.85892972E+000  0.97811286E+000  0.13288926E+001  0.24793056E+001  0.41063116E+001  0.58213284E+001  0.92745716E+001
  0.19208839E+000  0.21796119E+000  0.35314050E+000  0.51547412E+000  0.85892758E+000  0.97810952E+000  0.13288901E+001  0.24793001E+001  0.41063027E+001  0.58213244E+001  0.92745654E+001
  0.19208792E+000  0.21796024E+000  0.35313920E+000  0.51547251E+000  0.85892535E+000  0.97810603E+000  0.13288874E+001  0.24792943E+001  0.41062936E+001  0.58213203E+001  0.92745588E+001
  0.19208743E+000  0.21795925E+000  0.35313812E+000  0.51547082E+000  0.85892302E+000  0.97810241E+000  0.13288847E+001  0.24792883E+001  0.41062841E+001  0.58213160E+001  0.92745518E+001
  0.19208691E+000  0.21795822E+000  0.35313724E+000  0.51547559E+000  0.85892060E+000  0.97809863E+000  0.13288819E+001  0.24792820E+001  0.41062745E+001  0.58213116E+001  0.92745445E+001
  0.19208638E+000  0.21795715E+000  0.35313656E+000  0.51547418E+000  0.85891810E+000  0.97809473E+000  0.13288790E+001  0.24792755E+001  0.41062647E+001  0.58213069E+001  0.92745368E+001
  0.19208582E+000  0.21795605E+000  0.35313604E+000  0.51547273E+000  0.85891551E+000  0.97809069E+000  0.13288760E+001  0.24792687E+001  0.41062548E+001  0.58213022E+001  0.92745288E+001
  0.19208525E+000  0.21795492E+000  0.35313568E+000  0.51547122E+000  0.85891284E+000  0.97808653E+000  0.13288729E+001  0.24792617E+001  0.41062448E+001  0.58212973E+001  0.92745204E+001
  0.19208466E+000  0.21795375E+000  0.35313548E+000  0.51546968E+000  0.85891009E+000  0.97808226E+000  0.13288698E+001  0.24792544E+001  0.41062347E+001  0.58212923E+001  0.92745117E+001
  0.19208405E+000  0.21795255E+000  0.35313541E+000  0.51546809E+000  0.85890727E+000  0.97807787E+000  0.13288665E+001  0.24792470E+001  0.41062246E+001  0.58212871E+001  0.92745026E+001
  0.19208343E+000  0.21795132E+000  0.35313546E+000  0.51546647E+000  0.85890439E+000  0.97807340E+000  0.13288632E+001  0.24792393E+001  0.41062146E+001  0.58212818E+001  0.92744933E+001
  0.19208279E+000  0.21795007E+000  0.35313564E+000  0.51546481E+000  0.85890145E+000  0.97806883E+000  0.13288599E+001  0.24792315E+001  0.41062047E+001  0.58212764E+001  0.92744837E+001
  0.19208214E+000  0.21794879E+000  0.35313593E+000  0.51546312E+000  0.85889846E+000  0.97806419E+000  0.13288564E+001  0.24792236E+001  0.41061949E+001  0.58212710E+001  0.92744739E+001
  0.19208148E+000  0.21794750E+000  0.35313633E+000  0.51546141E+000  0.85889542E+000  0.97805948E+000  0.13288530E+001  0.24792155E+001  0.41061853E+001  0.58212654E+001  0.92744638E+001
  0.19208081E+000  0.21794619E+000  0.35313682E+000  0.51545968E+000  0.85889234E+000  0.97805473E+000  0.13288495E+001  0.24792073E+001  0.41061761E+001  0.58212599E+001  0.92744536E+001
  0.19208014E+000  0.21794486E+000  0.35313742E+000  0.51545794E+000  0.85888924E+000  0.97804992E+000  0.13288459E+001  0.24791990E+001  0.41061672E+001  0.58212542E+001  0.92744432E+001
  0.19207945E+000  0.21794353E+000  0.35313810E+000  0.51545618E+000  0.85888611E+000  0.97804510E+000  0.13288424E+001  0.24791906E+001  0.41061587E+001  0.58212485E+001  0.92744327E+001
  0.19207877E+000  0.21794219E+000  0.35313888E+000  0.51545442E+000  0.85888297E+000  0.97804025E+000  0.13288388E+001  0.24791822E+001  0.41061508E+001  0.58212428E+001  0.92744222E+001
  0.19207808E+000  0.21794085E+000  0.35313974E+000  0.51545265E+000  0.85887982E+000  0.97803540E+000  0.13288352E+001  0.24791738E+001  0.41061435E+001  0.58212371E+001  0.92744116E+001
  0.19207739E+000  0.21793950E+000  0.35314069E+000  0.51545089E+000  0.85887668E+000  0.97803056E+000  0.13288316E+001  0.24791653E+001  0.41061370E+001  0.58212314E+001  0.92744010E+001
  0.19207670E+000  0.21793816E+000  0.35314171E+000  0.51544914E+000  0.85887354E+000  0.97802575E+000  0.13288281E+001  0.24791569E+001  0.41061314E+001  0.58212258E+001  0.92743905E+001
  0.19207602E+000  0.21793683E+000  0.35314282E+000  0.51544739E+000  0.85887043E+000  0.97802096E+000  0.13288246E+001  0.24791485E+001  0.41061933E+001  0.58212201E+001  0.92743801E+001
  0.19207534E+000  0.21793551E+000  0.35314401E+000  0.51544566E+000  0.85886733E+000  0.97801621E+000  0.13288211E+001  0.24791402E+001  0.41063962E+001  0.58212145E+001  0.92743698E+001
  0.19207467E+000  0.21793420E+000  0.35314527E+000  0.51544395E+000  0.85886427E+000  0.97801152E+000  0.13288176E+001  0.24791320E+001  0.41078244E+001  0.58212090E+001  0.92742445E+001
  0.19207401E+000  0.21793290E+000  0.35314660E+000  0.51544226E+000  0.85886125E+000  0.97800690E+000  0.13288142E+001  0.24791238E+001  0.41078099E+001  0.58212036E+001  0.92742312E+001
  0.19207336E+000  0.21793163E+000  0.35314801E+000  0.51544060E+000  0.85885827E+000  0.97800234E+000  0.13288109E+001  0.24791158E+001  0.41077960E+001  0.58211982E+001  0.92742179E+001
  0.19207271E+000  0.21792252E+000  0.35314948E+000  0.51543897E+000  0.85885534E+000  0.97799787E+000  0.13288076E+001  0.24791079E+001  0.41077825E+001  0.58211930E+001  0.92742048E+001
  0.19207208E+000  0.21792120E+000  0.35315102E+000  0.51543738E+000  0.85885248E+000  0.97799350E+000  0.13288044E+001  0.24791002E+001  0.41077696E+001  0.58211878E+001  0.92741919E+001
  0.19207147E+000  0.21791991E+000  0.35315262E+000  0.51543582E+000  0.85884967E+000  0.97798923E+000  0.13288012E+001  0.24790926E+001  0.41077573E+001  0.58211828E+001  0.92741792E+001
  0.19207086E+000  0.21791866E+000  0.35315428E+000  0.51543430E+000  0.85884694E+000  0.97798506E+000  0.13287982E+001  0.24790853E+001  0.41077455E+001  0.58211779E+001  0.92741667E+001
  0.19207028E+000  0.21791744E+000  0.35315600E+000  0.51543283E+000  0.85884427E+000  0.97798102E+000  0.13287952E+001  0.24790781E+001  0.41077344E+001  0.58211731E+001  0.92741545E+001
  0.19206971E+000  0.21791626E+000  0.35315777E+000  0.51543140E+000  0.85884169E+000  0.97797841E+000  0.13287924E+001  0.24790711E+001  0.41077238E+001  0.58211685E+001  0.92741426E+001
  0.19206916E+000  0.21791511E+000  0.35315958E+000  0.51543001E+000  0.85883919E+000  0.97797757E+000  0.13287896E+001  0.24790644E+001  0.41077138E+001  0.58211641E+001  0.92741310E+001
  0.19206863E+000  0.21791401E+000  0.35316145E+000  0.51542868E+000  0.85883678E+000  0.97797675E+000  0.13287870E+001  0.24790579E+001  0.41077045E+001  0.58211598E+001  0.92741198E+001
  0.19206812E+000  0.21791295E+000  0.35316335E+000  0.51542740E+000  0.85883446E+000  0.97797597E+000  0.13287844E+001  0.24790516E+001  0.41076957E+001  0.58211556E+001  0.92741089E+001
  0.19207184E+000  0.21791193E+000  0.35316528E+000  0.51542617E+000  0.85883223E+000  0.97797522E+000  0.13287820E+001  0.24790456E+001  0.41076875E+001  0.58211516E+001  0.92740984E+001
  0.19207138E+000  0.21791096E+000  0.35316725E+000  0.51542500E+000  0.85883009E+000  0.97797450E+000  0.13287797E+001  0.24790398E+001  0.41076798E+001  0.58211478E+001  0.92740882E+001
  0.19207094E+000  0.21791003E+000  0.35316924E+000  0.51542387E+000  0.85882804E+000  0.97797381E+000  0.13287775E+001  0.24790343E+001  0.41076727E+001  0.58211442E+001  0.92740784E+001
  0.19207052E+000  0.21790915E+000  0.35317126E+000  0.51542281E+000  0.85882610E+000  0.97797316E+000  0.13287754E+001  0.24790290E+001  0.41076662E+001  0.58211408E+001  0.92740690E+001
  0.19207013E+000  0.21790831E+000  0.35317329E+000  0.51542180E+000  0.85882425E+000  0.97797254E+000  0.13287734E+001  0.24790240E+001  0.41076602E+001  0.58211375E+001  0.92740601E+001
  0.19206975E+000  0.21790752E+000  0.35317534E+000  0.51542084E+000  0.85882250E+000  0.97797195E+000  0.13287715E+001  0.24790193E+001  0.41076547E+001  0.58211344E+001  0.92740515E+001
  0.19206940E+000  0.21790678E+000  0.35317740E+000  0.51541994E+000  0.85882085E+000  0.97797140E+000  0.13287698E+001  0.24790148E+001  0.41076497E+001  0.58211315E+001  0.92740432E+001
  0.19206907E+000  0.21790608E+000  0.35317946E+000  0.51541910E+000  0.85881930E+000  0.97797088E+000  0.13287682E+001  0.24790107E+001  0.41076452E+001  0.58211287E+001  0.92740354E+001
  0.19206875E+000  0.21790542E+000  0.35318152E+000  0.51541831E+000  0.85881784E+000  0.97797040E+000  0.13287667E+001  0.24790067E+001  0.41076412E+001  0.58211262E+001  0.92740279E+001
  0.19206846E+000  0.21790481E+000  0.35318358E+000  0.51541757E+000  0.85881648E+000  0.97802793E+000  0.13287653E+001  0.24790030E+001  0.41076377E+001  0.58211238E+001  0.92740208E+001
  0.19206819E+000  0.21790424E+000  0.35318562E+000  0.51541688E+000  0.85881520E+000  0.97802553E+000  0.13287640E+001  0.24789996E+001  0.41076346E+001  0.58211215E+001  0.92740140E+001
  0.19206793E+000  0.21790371E+000  0.35318766E+000  0.51541624E+000  0.85881402E+000  0.97802331E+000  0.13287628E+001  0.24789964E+001  0.41076320E+001  0.58211194E+001  0.92740076E+001
  0.19206770E+000  0.21790322E+000  0.35318968E+000  0.51541565E+000  0.85881292E+000  0.97802126E+000  0.13287617E+001  0.24789934E+001  0.41076298E+001  0.58211175E+001  0.92740014E+001
  0.19206748E+000  0.21790277E+000  0.35319168E+000  0.51541511E+000  0.85881191E+000  0.97801936E+000  0.13287607E+001  0.24789907E+001  0.41076281E+001  0.58211158E+001  0.92739956E+001
  0.19206728E+000  0.21790236E+000  0.35319367E+000  0.51541461E+000  0.85881098E+000  0.97801762E+000  0.13287598E+001  0.24789882E+001  0.41076267E+001  0.58211141E+001  0.92739902E+001
  0.19206709E+000  0.21790198E+000  0.35319562E+000  0.51541415E+000  0.85881012E+000  0.97801602E+000  0.13287590E+001  0.24789859E+001  0.41076258E+001  0.58211126E+001  0.92739850E+001
  0.19206693E+000  0.21790164E+000  0.35319756E+000  0.51541374E+000  0.85880934E+000  0.97801456E+000  0.13287583E+001  0.24789838E+001  0.41076253E+001  0.58211113E+001  0.92739800E+001
  0.19206677E+000  0.21790132E+000  0.35319946E+000  0.51541336E+000  0.85880863E+000  0.97801323E+000  0.13287577E+001  0.24789819E+001  0.41076251E+001  0.58211100E+001  0.92739754E+001
  0.19206663E+000  0.21790104E+000  0.35320133E+000  0.51541302E+000  0.85880799E+000  0.97801202E+000  0.13287571E+001  0.24789801E+001  0.41076254E+001  0.58211089E+001  0.92739710E+001
  0.19206651E+000  0.21790079E+000  0.35320316E+000  0.51541272E+000  0.85880740E+000  0.97801094E+000  0.13287567E+001  0.24789786E+001  0.41076259E+001  0.58211079E+001  0.92739668E+001
  0.19206640E+000  0.21790056E+000  0.35320340E+000  0.51541244E+000  0.85880688E+000  0.97800996E+000  0.13287562E+001  0.24789772E+001  0.41076269E+001  0.58211070E+001  0.92739630E+001
  0.19206630E+000  0.21790036E+000  0.35320339E+000  0.51541220E+000  0.85880641E+000  0.97800908E+000  0.13287559E+001  0.24789759E+001  0.41076281E+001  0.58211062E+001  0.92739593E+001
  0.19206621E+000  0.21790018E+000  0.35320340E+000  0.51541198E+000  0.85880599E+000  0.97800830E+000  0.13287556E+001  0.24789748E+001  0.41076296E+001  0.58211055E+001  0.92739559E+001
  0.19206613E+000  0.21790003E+000  0.35320343E+000  0.51541179E+000  0.85880562E+000  0.97800761E+000  0.13287554E+001  0.24789738E+001  0.41076315E+001  0.58211048E+001  0.92739527E+001
  0.19206605E+000  0.21789989E+000  0.35320346E+000  0.51541162E+000  0.85880529E+000  0.97800699E+000  0.13287552E+001  0.24789729E+001  0.41076336E+001  0.58211042E+001  0.92739497E+001
  0.19206599E+000  0.21789977E+000  0.35320351E+000  0.51541148E+000  0.85880500E+000  0.97800645E+000  0.13287550E+001  0.24789722E+001  0.41076359E+001  0.58211037E+001  0.92739469E+001
  0.19206594E+000  0.21789967E+000  0.35320357E+000  0.51541135E+000  0.85880475E+000  0.97800598E+000  0.13287549E+001  0.24789715E+001  0.41076385E+001  0.58211033E+001  0.92739444E+001
  0.19206589E+000  0.21789958E+000  0.35320364E+000  0.51541124E+000  0.85880452E+000  0.97800557E+000  0.13287548E+001  0.24789709E+001  0.41076414E+001  0.58211029E+001  0.92739421E+001
  0.19206585E+000  0.21789950E+000  0.35320371E+000  0.51541115E+000  0.85880433E+000  0.97800521E+000  0.13287548E+001  0.24789704E+001  0.41076444E+001  0.58211026E+001  0.92739400E+001
  0.19206581E+000  0.21789944E+000  0.35320379E+000  0.51541107E+000  0.85880417E+000  0.97800491E+000  0.13287548E+001  0.24789700E+001  0.41076477E+001  0.58211023E+001  0.92739381E+001
  0.19206578E+000  0.21789938E+000  0.35320388E+000  0.51541100E+000  0.85880403E+000  0.97800465E+000  0.13287548E+001  0.24789696E+001  0.41076511E+001  0.58211021E+001  0.92739364E+001
  0.19206576E+000  0.21789934E+000  0.35320396E+000  0.51541095E+000  0.85880391E+000  0.97800442E+000  0.13287548E+001  0.24789693E+001  0.41076547E+001  0.58211019E+001  0.92739349E+001
  0.19206574E+000  0.21789930E+000  0.35320406E+000  0.51541090E+000  0.85888455E+000  0.97800424E+000  0.13287549E+001  0.24789691E+001  0.41076584E+001  0.58211017E+001  0.92739337E+001
  0.19206572E+000  0.21789927E+000  0.35320415E+000  0.51541086E+000  0.85888439E+000  0.97800408E+000  0.13287549E+001  0.24789689E+001  0.41076623E+001  0.58211016E+001  0.92739327E+001
  0.19206570E+000  0.21789925E+000  0.35320425E+000  0.51541084E+000  0.85888425E+000  0.97800395E+000  0.13287550E+001  0.24789687E+001  0.41076663E+001  0.58211014E+001  0.92739319E+001
  0.19206569E+000  0.21789923E+000  0.35320434E+000  0.51541081E+000  0.85888415E+000  0.97800385E+000  0.13287551E+001  0.24789686E+001  0.41076705E+001  0.58211014E+001  0.92739313E+001
  0.19206568E+000  0.21789922E+000  0.35320444E+000  0.51541080E+000  0.85888406E+000  0.97800376E+000  0.13287552E+001  0.24789685E+001  0.41076747E+001  0.58211013E+001  0.92739309E+001
  0.19206567E+000  0.21789921E+000  0.35320454E+000  0.51541078E+000  0.85888399E+000  0.97800370E+000  0.13287553E+001  0.24789684E+001  0.41076790E+001  0.58211012E+001  0.92739308E+001
  0.19206567E+000  0.21789920E+000  0.35320464E+000  0.51541078E+000  0.85888394E+000  0.97800365E+000  0.13287554E+001  0.24789684E+001  0.41076835E+001  0.58211012E+001  0.92739309E+001
  0.19206566E+000  0.21789920E+000  0.35320473E+000  0.51541077E+000  0.85888390E+000  0.97800361E+000  0.13287555E+001  0.24789684E+001  0.41076880E+001  0.58211011E+001  0.92739313E+001
  0.19206566E+000  0.21789920E+000  0.35320482E+000  0.51541077E+000  0.85888388E+000  0.97800358E+000  0.13287557E+001  0.24789683E+001  0.41076926E+001  0.58211011E+001  0.92739319E+001
  0.19206566E+000  0.21789920E+000  0.35320492E+000  0.51541077E+000  0.85888386E+000  0.97800357E+000  0.13287558E+001  0.24789684E+001  0.41076972E+001  0.58211011E+001  0.92739327E+001
  0.19206565E+000  0.21789921E+000  0.35320501E+000  0.51541078E+000  0.85888385E+000  0.97800356E+000  0.13287559E+001  0.24789684E+001  0.41077019E+001  0.58211011E+001  0.92739338E+001
  0.19206565E+000  0.21789921E+000  0.35320509E+000  0.51541078E+000  0.85888385E+000  0.97800356E+000  0.13287560E+001  0.24789684E+001  0.41077066E+001  0.58211011E+001  0.92739351E+001
  0.19206565E+000  0.21789922E+000  0.35320518E+000  0.51541079E+000  0.85888385E+000  0.97800356E+000  0.13287562E+001  0.24789684E+001  0.41077114E+001  0.58211011E+001  0.92739366E+001
  0.19206566E+000  0.21789923E+000  0.35320526E+000  0.51541080E+000  0.85888386E+000  0.97800357E+000  0.13287563E+001  0.24789685E+001  0.41077162E+001  0.58211011E+001  0.92739383E+001
  0.19206566E+000  0.21789923E+000  0.35320534E+000  0.51541081E+000  0.85888387E+000  0.97800358E+000  0.13287564E+001  0.24789685E+001  0.41077211E+001  0.58211011E+001  0.92739403E+001
  0.19206566E+000  0.21789924E+000  0.35320542E+000  0.51541082E+000  0.85888388E+000  0.97800359E+000  0.13287566E+001  0.24789686E+001  0.41077260E+001  0.58211011E+001  0.92739426E+001
  0.19206566E+000  0.21789925E+000  0.35320550E+000  0.51541083E+000  0.85888390E+000  0.97800361E+000  0.13287567E+001  0.24789686E+001  0.41077309E+001  0.58211011E+001  0.92739450E+001
  0.19206566E+000  0.21789926E+000  0.35320557E+000  0.51541084E+000  0.85888392E+000  0.97800363E+000  0.13287568E+001  0.24789687E+001  0.41077358E+001  0.58211012E+001  0.92739477E+001
  0.19206566E+000  0.21789927E+000  0.35320564E+000  0.51541085E+000  0.85888394E+000  0.97800365E+000  0.13287569E+001  0.24789687E+001  0.41077407E+001  0.58211012E+001  0.92739506E+001
  0.19206567E+000  0.21789928E+000  0.35320571E+000  0.51541086E+000  0.85888396E+000  0.97800367E+000  0.13287570E+001  0.24789688E+001  0.41077456E+001  0.58211012E+001  0.92739537E+001
  0.19206567E+000  0.21789928E+000  0.35320577E+000  0.51541087E+000  0.85888398E+000  0.97800369E+000  0.13287572E+001  0.24789688E+001  0.41077505E+001  0.58211012E+001  0.92739570E+001
  0.19206567E+000  0.21789929E+000  0.35320584E+000  0.51541088E+000  0.85888400E+000  0.97800371E+000  0.13287573E+001  0.24789689E+001  0.41077554E+001  0.58211012E+001  0.92739605E+001
  0.19206567E+000  0.21789930E+000  0.35320589E+000  0.51541089E+000  0.85888402E+000  0.97800373E+000  0.13287574E+001  0.24789690E+001  0.41077603E+001  0.58211013E+001  0.92739642E+001
  0.19206568E+000  0.21789931E+000  0.35320595E+000  0.51541090E+000  0.85888405E+000  0.97800375E+000  0.13287575E+001  0.24789690E+001  0.41077652E+001  0.58211013E+001  0.92739681E+001
  0.19206568E+000  0.21789932E+000  0.35320601E+000  0.51541091E+000  0.85888407E+000  0.97800377E+000  0.13287576E+001  0.24789691E+001  0.41077701E+001  0.58211013E+001  0.92739722E+001
  0.19206568E+000  0.21789932E+000  0.35320606E+000  0.51541092E+000  0.85888409E+000  0.97800379E+000  0.13287577E+001  0.24789691E+001  0.41077750E+001  0.58211013E+001  0.92739765E+001
  0.19206568E+000  0.21789933E+000  0.35320611E+000  0.51541093E+000  0.85888411E+000  0.97800381E+000  0.13287578E+001  0.24789692E+001  0.41077798E+001  0.58211013E+001  0.92739810E+001
  0.19206568E+000  0.21789934E+000  0.35320616E+000  0.51541094E+000  0.85888413E+000  0.97800383E+000  0.13287579E+001  0.24789692E+001  0.41077846E+001  0.58211014E+001  0.92739856E+001
  0.19206569E+000  0.21789935E+000  0.35320620E+000  0.51541095E+000  0.85888415E+000  0.97800385E+000  0.13287580E+001  0.24789693E+001  0.41077893E+001  0.58211014E+001  0.92739903E+001
  0.19206569E+000  0.21789935E+000  0.35320625E+000  0.51541095E+000  0.85888417E+000  0.97800387E+000  0.13287581E+001  0.24789694E+001  0.41077941E+001  0.58211014E+001  0.92739952E+001
  0.19206569E+000  0.21789936E+000  0.35320629E+000  0.51541096E+000  0.85888418E+000  0.97800389E+000  0.13287581E+001  0.24789694E+001  0.41077987E+001  0.58211014E+001  0.92740003E+001
  0.19206569E+000  0.21789937E+000  0.35320633E+000  0.51541097E+000  0.85888420E+000  0.97800390E+000  0.13287582E+001  0.24789695E+001  0.41078034E+001  0.58211014E+001  0.92740055E+001
  0.19206569E+000  0.21789937E+000  0.35320637E+000  0.51541098E+000  0.85888422E+000  0.97800392E+000  0.13287583E+001  0.24789695E+001  0.41078080E+001  0.58211014E+001  0.92740108E+001
  0.19206570E+000  0.21789938E+000  0.35320640E+000  0.51541098E+000  0.85888423E+000  0.97800394E+000  0.13287584E+001  0.24789695E+001  0.41078125E+001  0.58211015E+001  0.92740162E+001
  0.19206570E+000  0.21789938E+000  0.35320644E+000  0.51541099E+000  0.85888425E+000  0.97800395E+000  0.13287585E+001  0.24789696E+001  0.41078170E+001  0.58211015E+001  0.92740217E+001
  0.19206570E+000  0.21789939E+000  0.35320647E+000  0.51541100E+000  0.85888426E+000  0.97800396E+000  0.13287585E+001  0.24789696E+001  0.41078215E+001  0.58211015E+001  0.92740273E+001
  0.19206570E+000  0.21789939E+000  0.35320650E+000  0.51541100E+000  0.85888428E+000  0.97800398E+000  0.13287586E+001  0.24789697E+001  0.41078259E+001  0.58211015E+001  0.92740330E+001
  0.19206570E+000  0.21789940E+000  0.35320653E+000  0.51541101E+000  0.85888429E+000  0.97800399E+000  0.13287587E+001  0.24789697E+001  0.41078302E+001  0.58211015E+001  0.92740388E+001
  0.19206570E+000  0.21789940E+000  0.35320656E+000  0.51541101E+000  0.85888430E+000  0.97800400E+000  0.13287587E+001  0.24789698E+001  0.41078345E+001  0.58211015E+001  0.92740447E+001
  0.19206570E+000  0.21789940E+000  0.35320659E+000  0.51541102E+000  0.85888431E+000  0.97800401E+000  0.13287588E+001  0.24789698E+001  0.41078387E+001  0.58211015E+001  0.92740506E+001
  0.19206571E+000  0.21789941E+000  0.35320661E+000  0.51541102E+000  0.85888432E+000  0.97800402E+000  0.13287588E+001  0.24789698E+001  0.41078428E+001  0.58211015E+001  0.92740566E+001
  0.19206571E+000  0.21789941E+000  0.35320664E+000  0.51541103E+000  0.85888433E+000  0.97800403E+000  0.13287589E+001  0.24789699E+001  0.41078469E+001  0.58211015E+001  0.92740626E+001
  0.19206571E+000  0.21789941E+000  0.35320666E+000  0.51541103E+000  0.85888434E+000  0.97800404E+000  0.13287590E+001  0.24789699E+001  0.41078510E+001  0.58211015E+001  0.92740687E+001
  0.19206571E+000  0.21789942E+000  0.35320668E+000  0.51541103E+000  0.85888434E+000  0.97800404E+000  0.13287590E+001  0.24789699E+001  0.41078549E+001  0.58211015E+001  0.92740748E+001
  0.19206571E+000  0.21789942E+000  0.35320670E+000  0.51541104E+000  0.85888435E+000  0.97800405E+000  0.13287591E+001  0.24789700E+001  0.41078588E+001  0.58211016E+001  0.92740809E+001
  0.19206571E+000  0.21789942E+000  0.35320672E+000  0.51541104E+000  0.85888435E+000  0.97800405E+000  0.13287591E+001  0.24789700E+001  0.41078626E+001  0.58211016E+001  0.92740870E+001
  0.19206571E+000  0.21789942E+000  0.35320674E+000  0.51541104E+000  0.85888436E+000  0.97800406E+000  0.13287591E+001  0.24789700E+001  0.41078663E+001  0.58211016E+001  0.92740932E+001
  0.19206571E+000  0.21789943E+000  0.35320676E+000  0.51541105E+000  0.85888436E+000  0.97800406E+000  0.13287592E+001  0.24789700E+001  0.41078700E+001  0.58211016E+001  0.92742766E+001
  0.19206571E+000  0.21789943E+000  0.35320678E+000  0.51541105E+000  0.85888436E+000  0.97800407E+000  0.13287592E+001  0.24789701E+001  0.41078736E+001  0.58211016E+001  0.92742802E+001
  0.19206571E+000  0.21789943E+000  0.35320679E+000  0.51541105E+000  0.85888437E+000  0.97800407E+000  0.13287593E+001  0.24789701E+001  0.41078771E+001  0.58211016E+001  0.92742838E+001
  0.19206571E+000  0.21789943E+000  0.35320681E+000  0.51541105E+000  0.85888437E+000  0.97800407E+000  0.13287593E+001  0.24789701E+001  0.41078806E+001  0.58211016E+001  0.92742874E+001
  0.19206571E+000  0.21789943E+000  0.35320682E+000  0.51541105E+000  0.85888437E+000  0.97800407E+000  0.13287593E+001  0.24789701E+001  0.41078839E+001  0.58211016E+001  0.92742909E+001
  0.19206571E+000  0.21789943E+000  0.35320683E+000  0.51541105E+000  0.85888437E+000  0.97800407E+000  0.13287594E+001  0.24789701E+001  0.41078872E+001  0.58211016E+001  0.92742944E+001
  0.19206571E+000  0.21789943E+000  0.35320685E+000  0.51541105E+000  0.85888437E+000  0.97800407E+000  0.13287594E+001  0.24789701E+001  0.41078905E+001  0.58211016E+001  0.92742979E+001
  0.19206571E+000  0.21789943E+000  0.35320686E+000  0.51541106E+000  0.85888437E+000  0.97800407E+000  0.13287594E+001  0.24789702E+001  0.41078936E+001  0.58211016E+001  0.92743014E+001
  0.19206571E+000  0.21789943E+000  0.35320687E+000  0.51541106E+000  0.85888437E+000  0.97800407E+000  0.13287595E+001  0.24789702E+001  0.41078967E+001  0.58211016E+001  0.92743049E+001
  0.19206571E+000  0.21789943E+000  0.35320688E+000  0.51541106E+000  0.85888436E+000  0.97800407E+000  0.13287595E+001  0.24789702E+001  0.41078997E+001  0.58211016E+001  0.92743083E+001
  0.19206571E+000  0.21789943E+000  0.35320689E+000  0.51541106E+000  0.85888436E+000  0.97800406E+000  0.13287595E+001  0.24789702E+001  0.41079026E+001  0.58211016E+001  0.92743117E+001
  0.19206571E+000  0.21789943E+000  0.35320690E+000  0.51541106E+000  0.85888436E+000  0.97800406E+000  0.13287595E+001  0.24789702E+001  0.41110751E+001  0.58211016E+001  0.92743151E+001
  0.19206571E+000  0.21789943E+000  0.35320691E+000  0.51541106E+000  0.85888435E+000  0.97800406E+000  0.13287595E+001  0.24789702E+001  0.41110828E+001  0.58211016E+001  0.92743184E+001
  0.19206571E+000  0.21789943E+000  0.35320691E+000  0.51541106E+000  0.85888435E+000  0.97800405E+000  0.13287596E+001  0.24789702E+001  0.41110902E+001  0.58211016E+001  0.92743217E+001
  0.19206571E+000  0.21789943E+000  0.35320692E+000  0.51541106E+000  0.85888435E+000  0.97800405E+000  0.13287596E+001  0.24789702E+001  0.41110975E+001  0.58211016E+001  0.92743249E+001
  0.19206571E+000  0.21789943E+000  0.35320693E+000  0.51541105E+000  0.85888434E+000  0.97800405E+000  0.13287596E+001  0.24789702E+001  0.41111045E+001  0.58211015E+001  0.92743281E+001
  0.19206571E+000  0.21789943E+000  0.35320694E+000  0.51541105E+000  0.85888434E+000  0.97800404E+000  0.13287596E+001  0.24789702E+001  0.41111114E+001  0.58211015E+001  0.92743313E+001
  0.19206571E+000  0.21789943E+000  0.35320694E+000  0.51541105E+000  0.85888433E+000  0.97800404E+000  0.13287596E+001  0.24789702E+001  0.41111181E+001  0.58211015E+001  0.92743344E+001
  0.19206571E+000  0.21789943E+000  0.35320695E+000  0.51541105E+000  0.85888433E+000  0.97800403E+000  0.13287597E+001  0.24789702E+001  0.41111246E+001  0.58211015E+001  0.92743374E+001
  0.19206571E+000  0.21789943E+000  0.35320695E+000  0.51541105E+000  0.85888432E+000  0.97800403E+000  0.13287597E+001  0.24789703E+001  0.41111309E+001  0.58211015E+001  0.92743405E+001
  0.19206570E+000  0.21789943E+000  0.35320696E+000  0.51541105E+000  0.85888431E+000  0.97800402E+000  0.13287597E+001  0.24789703E+001  0.41111370E+001  0.58211015E+001  0.92743434E+001
  0.19206570E+000  0.21789943E+000  0.35320696E+000  0.51541105E+000  0.85888431E+000  0.97800401E+000  0.13287597E+001  0.24789703E+001  0.41111429E+001  0.58211015E+001  0.92743463E+001
  0.19206570E+000  0.21789942E+000  0.35320697E+000  0.51541105E+000  0.85888430E+000  0.97800401E+000  0.13287597E+001  0.24789703E+001  0.41111486E+001  0.58211015E+001  0.92743492E+001
  0.19206570E+000  0.21789942E+000  0.35320697E+000  0.51541105E+000  0.85888430E+000  0.97800400E+000  0.13287597E+001  0.24789703E+001  0.41111542E+001  0.58211015E+001  0.92743520E+001
  0.19206570E+000  0.21789942E+000  0.35320697E+000  0.51541105E+000  0.85888429E+000  0.97800400E+000  0.13287597E+001  0.24789703E+001  0.41111596E+001  0.58211015E+001  0.92743547E+001
  0.19206570E+000  0.21789942E+000  0.35320698E+000  0.51541104E+000  0.85888428E+000  0.97800399E+000  0.13287597E+001  0.24789703E+001  0.41111648E+001  0.58211015E+001  0.92743574E+001
  0.19206570E+000  0.21789942E+000  0.35320698E+000  0.51541104E+000  0.85888428E+000  0.97800398E+000  0.13287597E+001  0.24789703E+001  0.41111699E+001  0.58211015E+001  0.92743600E+001
  0.19206570E+000  0.21789942E+000  0.35320698E+000  0.51541104E+000  0.85888427E+000  0.97800398E+000  0.13287598E+001  0.24789703E+001  0.41111748E+001  0.58211015E+001  0.92743626E+001
  0.19206570E+000  0.21789942E+000  0.35320699E+000  0.51541104E+000  0.85888426E+000  0.97800397E+000  0.13287598E+001  0.24789703E+001  0.41111795E+001  0.58211015E+001  0.92743651E+001
  0.19206570E+000  0.21789941E+000  0.35320699E+000  0.51541104E+000  0.85888425E+000  0.97800396E+000  0.13287598E+001  0.24789703E+001  0.41111841E+001  0.58211015E+001  0.92743675E+001
  0.19206570E+000  0.21789941E+000  0.35320699E+000  0.51541104E+000  0.85888424E+000  0.97800395E+000  0.13287598E+001  0.24789703E+001  0.41111885E+001  0.58211015E+001  0.92743699E+001
  0.19206570E+000  0.21789941E+000  0.35320699E+000  0.51541103E+000  0.85888423E+000  0.97800394E+000  0.13287598E+001  0.24789703E+001  0.41111928E+001  0.58211014E+001  0.92743723E+001
  0.19206569E+000  0.21789941E+000  0.35320699E+000  0.51541103E+000  0.85888422E+000  0.97800393E+000  0.13287598E+001  0.24789702E+001  0.41111969E+001  0.58211014E+001  0.92743746E+001
  0.19206569E+000  0.21789940E+000  0.35320699E+000  0.51541103E+000  0.85888421E+000  0.97800392E+000  0.13287598E+001  0.24789702E+001  0.41112008E+001  0.58211014E+001  0.92743768E+001
  0.19206569E+000  0.21789940E+000  0.35320699E+000  0.51541102E+000  0.85888419E+000  0.97800390E+000  0.13287598E+001  0.24789702E+001  0.41112047E+001  0.58211014E+001  0.92743790E+001
  0.19206569E+000  0.21789939E+000  0.35320699E+000  0.51541101E+000  0.85888415E+000  0.97800387E+000  0.13287598E+001  0.24789702E+001  0.41112083E+001  0.58211014E+001  0.92743810E+001
  0.19206568E+000  0.21789937E+000  0.35320697E+000  0.51541099E+000  0.85888407E+000  0.97800380E+000  0.13287597E+001  0.24789701E+001  0.41112116E+001  0.58211013E+001  0.92743830E+001
  0.19206567E+000  0.21789936E+000  0.35320696E+000  0.51541097E+000  0.85888402E+000  0.97800372E+000  0.13287597E+001  0.24789699E+001  0.41112148E+001  0.58211013E+001  0.92743849E+001
