 -0.48122037E+000 -0.23336945E+000 -0.54907317E-002 -0.45313024E-002 -0.16530146E-002  0.22934688E+000  0.34247353E+001  0.16556435E+002  0.33185592E+002  0.10316519E+003  0.17234824E+003
 -0.48136803E+000 -0.23510889E+000 -0.54976839E-002 -0.45387327E-002 -0.16618790E-002  0.22926672E+000  0.34245753E+001  0.16556353E+002  0.33164491E+002  0.10316515E+003  0.17234810E+003
 -0.48144303E+000 -0.23552718E+000 -0.54998776E-002 -0.45404934E-002 -0.16623411E-002  0.22927684E+000  0.34246344E+001  0.16556387E+002  0.33149486E+002  0.10316516E+003  0.17234814E+003
 -0.48148768E+000 -0.23580474E+000 -0.55012316E-002 -0.45416793E-002 -0.16630223E-002  0.22928203E+000  0.34246508E+001  0.16556396E+002  0.33122105E+002  0.10316516E+003  0.17234816E+003
 -0.48150917E+000 -0.23609993E+000 -0.55019107E-002 -0.45422660E-002 -0.16633318E-002  0.22928716E+000  0.34246626E+001  0.16556403E+002  0.33083114E+002  0.10316516E+003  0.17234817E+003
 -0.48151487E+000 -0.23628726E+000 -0.55021687E-002 -0.45424781E-002 -0.16634063E-002  0.22929174E+000  0.34246709E+001  0.16556408E+002  0.33078702E+002  0.10316516E+003  0.17234818E+003
 -0.48150998E+000 -0.23633604E+000 -0.55021408E-002 -0.45424323E-002 -0.16633067E-002  0.22929581E+000  0.34246773E+001  0.16556411E+002  0.33075143E+002  0.10316515E+003  0.17234819E+003
 -0.48149826E+000 -0.23628363E+000 -0.55019116E-002 -0.45422030E-002 -0.16630772E-002  0.22929948E+000  0.34246824E+001  0.16556414E+002  0.33072281E+002  0.10316515E+003  0.17234819E+003
 -0.48148239E+000 -0.23615907E+000 -0.55015403E-002 -0.45418435E-002 -0.16627533E-002  0.22930284E+000  0.34246867E+001  0.16556417E+002  0.33069995E+002  0.10316515E+003  0.17234820E+003
 -0.48146430E+000 -0.23598516E+000 -0.55010714E-002 -0.45413948E-002 -0.16623649E-002  0.22930593E+000  0.34246904E+001  0.16556419E+002  0.33068189E+002  0.10316515E+003  0.17234820E+003
 -0.48144529E+000 -0.23582878E+000 -0.55005384E-002 -0.45408874E-002 -0.16619345E-002  0.22930878E+000  0.34246936E+001  0.16556421E+002  0.33066783E+002  0.10316515E+003  0.17234820E+003
 -0.48142627E+000 -0.23573051E+000 -0.54999661E-002 -0.45403443E-002 -0.16614792E-002  0.22931141E+000  0.34246963E+001  0.16556422E+002  0.33065712E+002  0.10316515E+003  0.17234821E+003
 -0.48140782E+000 -0.23562883E+000 -0.54993735E-002 -0.45397830E-002 -0.16610116E-002  0.22931385E+000  0.34246988E+001  0.16556423E+002  0.33064920E+002  0.10316515E+003  0.17234821E+003
 -0.48139029E+000 -0.23552708E+000 -0.54987756E-002 -0.45392173E-002 -0.16605426E-002  0.22931610E+000  0.34247009E+001  0.16556424E+002  0.33064360E+002  0.10316515E+003  0.17234821E+003
 -0.48137391E+000 -0.23542769E+000 -0.54981836E-002 -0.45386576E-002 -0.16600797E-002  0.22931817E+000  0.34247029E+001  0.16556425E+002  0.33063994E+002  0.10316515E+003  0.17234821E+003
 -0.48135876E+000 -0.23533229E+000 -0.54976057E-002 -0.45381113E-002 -0.16596281E-002  0.22932008E+000  0.34247046E+001  0.16556426E+002  0.33063788E+002  0.10316515E+003  0.17234821E+003
 -0.48134487E+000 -0.23524196E+000 -0.54970479E-002 -0.45375838E-002 -0.16591915E-002  0.22932184E+000  0.34247062E+001  0.16556427E+002  0.33063716E+002  0.10316515E+003  0.17234822E+003
 -0.48133222E+000 -0.23515733E+000 -0.54965144E-002 -0.45370790E-002 -0.16587729E-002  0.22932346E+000  0.34247077E+001  0.16556427E+002  0.33063752E+002  0.10316515E+003  0.17234822E+003
 -0.48132076E+000 -0.23507875E+000 -0.54960084E-002 -0.45365997E-002 -0.16583739E-002  0.22932496E+000  0.34247090E+001  0.16556428E+002  0.33063878E+002  0.10316515E+003  0.17234822E+003
 -0.48131041E+000 -0.23500628E+000 -0.54955317E-002 -0.45361477E-002 -0.16579957E-002  0.22932635E+000  0.34247103E+001  0.16556428E+002  0.33064077E+002  0.10316515E+003  0.17234822E+003
 -0.48130110E+000 -0.23493985E+000 -0.54950856E-002 -0.45357239E-002 -0.16576390E-002  0.22932763E+000  0.34247114E+001  0.16556428E+002  0.33064335E+002  0.10316515E+003  0.17234822E+003
 -0.48129274E+000 -0.23487925E+000 -0.54946704E-002 -0.45353287E-002 -0.16573037E-002  0.22932882E+000  0.34247125E+001  0.16556429E+002  0.33064641E+002  0.10316515E+003  0.17234822E+003
 -0.48128525E+000 -0.23482421E+000 -0.54942860E-002 -0.45349619E-002 -0.16569898E-002  0.22932992E+000  0.34247135E+001  0.16556429E+002  0.33064983E+002  0.10316515E+003  0.17234822E+003
 -0.48127856E+000 -0.23477440E+000 -0.54939318E-002 -0.45346230E-002 -0.16566968E-002  0.22933094E+000  0.34247145E+001  0.16556429E+002  0.33065355E+002  0.10316515E+003  0.17234822E+003
 -0.48127258E+000 -0.23472945E+000 -0.54936070E-002 -0.45343112E-002 -0.16564240E-002  0.22933189E+000  0.34247154E+001  0.16556429E+002  0.33065748E+002  0.10316515E+003  0.17234822E+003
 -0.48126725E+000 -0.23468900E+000 -0.54933103E-002 -0.45340254E-002 -0.16561707E-002  0.22933277E+000  0.34247162E+001  0.16556430E+002  0.33066158E+002  0.10316515E+003  0.17234822E+003
 -0.48126250E+000 -0.23457413E+000 -0.54930406E-002 -0.45337645E-002 -0.16559361E-002  0.22933360E+000  0.34247170E+001  0.16556430E+002  0.33066578E+002  0.10316515E+003  0.17234822E+003
 -0.48125828E+000 -0.23445141E+000 -0.54927962E-002 -0.45335269E-002 -0.16557192E-002  0.22933437E+000  0.34247178E+001  0.16556430E+002  0.33067004E+002  0.10316515E+003  0.17234822E+003
 -0.48125451E+000 -0.23434164E+000 -0.54925756E-002 -0.45333114E-002 -0.16555189E-002  0.22933508E+000  0.34247185E+001  0.16556430E+002  0.33067434E+002  0.10316515E+003  0.17234822E+003
 -0.48125117E+000 -0.23424360E+000 -0.54923771E-002 -0.45331164E-002 -0.16553344E-002  0.22933576E+000  0.34247192E+001  0.16556430E+002  0.33067864E+002  0.10316515E+003  0.17234822E+003
 -0.48124820E+000 -0.23415611E+000 -0.54921990E-002 -0.45329404E-002 -0.16551645E-002  0.22933639E+000  0.34247198E+001  0.16556430E+002  0.33068292E+002  0.10316515E+003  0.17234822E+003
 -0.48124555E+000 -0.23407811E+000 -0.54920398E-002 -0.45327819E-002 -0.16550083E-002  0.22933698E+000  0.34247204E+001  0.16556430E+002  0.33068715E+002  0.10316515E+003  0.17234822E+003
 -0.48124320E+000 -0.23400858E+000 -0.54918977E-002 -0.45326394E-002 -0.16548648E-002  0.22933754E+000  0.34247210E+001  0.16556430E+002  0.33069133E+002  0.10316515E+003  0.17234822E+003
 -0.48124110E+000 -0.23394659E+000 -0.54917711E-002 -0.45325115E-002 -0.16547330E-002  0.22933806E+000  0.34247215E+001  0.16556430E+002  0.33069543E+002  0.10316515E+003  0.17234822E+003
 -0.48123923E+000 -0.23389131E+000 -0.54916585E-002 -0.45323968E-002 -0.16546120E-002  0.22933855E+000  0.34247220E+001  0.16556430E+002  0.33069946E+002  0.10316515E+003  0.17234822E+003
 -0.48123756E+000 -0.23384197E+000 -0.54915585E-002 -0.45322941E-002 -0.16545009E-002  0.22933902E+000  0.34247225E+001  0.16556431E+002  0.33070339E+002  0.10316515E+003  0.17234822E+003
 -0.48123606E+000 -0.23379787E+000 -0.54914698E-002 -0.45322020E-002 -0.16543989E-002  0.22933945E+000  0.34247230E+001  0.16556431E+002  0.33070723E+002  0.10316515E+003  0.17234822E+003
 -0.48123472E+000 -0.23375840E+000 -0.54913910E-002 -0.45321196E-002 -0.16543052E-002  0.22933986E+000  0.34247234E+001  0.16556431E+002  0.33071098E+002  0.10316515E+003  0.17234822E+003
 -0.48123351E+000 -0.23372301E+000 -0.54913211E-002 -0.45320456E-002 -0.16542191E-002  0.22934025E+000  0.34247238E+001  0.16556431E+002  0.33071463E+002  0.10316515E+003  0.17234822E+003
 -0.48123242E+000 -0.23369122E+000 -0.54912591E-002 -0.45319793E-002 -0.16541399E-002  0.22934061E+000  0.34247242E+001  0.16556431E+002  0.33071818E+002  0.10316515E+003  0.17234822E+003
 -0.48123144E+000 -0.23366260E+000 -0.54912039E-002 -0.45319197E-002 -0.16540671E-002  0.22934096E+000  0.34247246E+001  0.16556431E+002  0.33072163E+002  0.10316515E+003  0.17234822E+003
 -0.48123055E+000 -0.23363678E+000 -0.54911548E-002 -0.45318661E-002 -0.16540001E-002  0.22934128E+000  0.34247249E+001  0.16556431E+002  0.33072499E+002  0.10316515E+003  0.17234822E+003
 -0.48122974E+000 -0.23361345E+000 -0.54911110E-002 -0.45318178E-002 -0.16539382E-002  0.22934158E+000  0.34247252E+001  0.16556431E+002  0.33072827E+002  0.10316515E+003  0.17234822E+003
 -0.48122900E+000 -0.23359233E+000 -0.54910720E-002 -0.45317743E-002 -0.16538812E-002  0.22934186E+000  0.34247255E+001  0.16556431E+002  0.33073145E+002  0.10316515E+003  0.17234822E+003
 -0.48122833E+000 -0.23357318E+000 -0.54910371E-002 -0.45317349E-002 -0.16538284E-002  0.22934212E+000  0.34247258E+001  0.16556431E+002  0.33073456E+002  0.10316515E+003  0.17234822E+003
 -0.48122771E+000 -0.23355580E+000 -0.54910058E-002 -0.45316993E-002 -0.16537797E-002  0.22934236E+000  0.34247261E+001  0.16556431E+002  0.33073759E+002  0.10316515E+003  0.17234822E+003
 -0.48122715E+000 -0.23354002E+000 -0.54909778E-002 -0.45316670E-002 -0.16537344E-002  0.22934258E+000  0.34247264E+001  0.16556431E+002  0.33074054E+002  0.10316515E+003  0.17234822E+003
 -0.48122664E+000 -0.23352567E+000 -0.54909527E-002 -0.45316376E-002 -0.16536923E-002  0.22934279E+000  0.34247266E+001  0.16556431E+002  0.33074344E+002  0.10316515E+003  0.17234822E+003
 -0.48122616E+000 -0.23351264E+000 -0.54909301E-002 -0.45316108E-002 -0.16536531E-002  0.22934298E+000  0.34247268E+001  0.16556431E+002  0.33074627E+002  0.10316515E+003  0.17234822E+003
 -0.48122573E+000 -0.23350080E+000 -0.54909098E-002 -0.45315864E-002 -0.16536165E-002  0.22934316E+000  0.34247270E+001  0.16556431E+002  0.33074904E+002  0.10316515E+003  0.17234822E+003
 -0.48122533E+000 -0.23349004E+000 -0.54908915E-002 -0.45315641E-002 -0.16535822E-002  0.22934332E+000  0.34247272E+001  0.16556431E+002  0.33075177E+002  0.10316515E+003  0.17234822E+003
 -0.48122497E+000 -0.23348027E+000 -0.54908750E-002 -0.45315437E-002 -0.16535500E-002  0.22934347E+000  0.34247274E+001  0.16556431E+002  0.33075446E+002  0.10316515E+003  0.17234822E+003
 -0.48122463E+000 -0.23347141E+000 -0.54908602E-002 -0.45315250E-002 -0.16535196E-002  0.22934361E+000  0.34247276E+001  0.16556431E+002  0.33075712E+002  0.10316515E+003  0.17234822E+003
 -0.48122432E+000 -0.23346338E+000 -0.54908468E-002 -0.45315078E-002 -0.16534908E-002  0.22934374E+000  0.34247278E+001  0.16556431E+002  0.33075975E+002  0.10316515E+003  0.17234822E+003
 -0.48122403E+000 -0.23345610E+000 -0.54908348E-002 -0.45314920E-002 -0.16534635E-002  0.22934386E+000  0.34247280E+001  0.16556431E+002  0.33076237E+002  0.10316515E+003  0.17234822E+003
 -0.48122377E+000 -0.23344949E+000 -0.54908240E-002 -0.45314773E-002 -0.16534375E-002  0.22934397E+000  0.34247282E+001  0.16556431E+002  0.33076498E+002  0.10316515E+003  0.17234822E+003
 -0.48122353E+000 -0.23344350E+000 -0.54908142E-002 -0.45314638E-002 -0.16534127E-002  0.22934408E+000  0.34247283E+001  0.16556432E+002  0.33076760E+002  0.10316515E+003  0.17234822E+003
 -0.48122330E+000 -0.23343806E+000 -0.54908054E-002 -0.45314513E-002 -0.16533890E-002  0.22934418E+000  0.34247285E+001  0.16556432E+002  0.33077023E+002  0.10316515E+003  0.17234822E+003
 -0.48122309E+000 -0.23343312E+000 -0.54907975E-002 -0.45314397E-002 -0.16533663E-002  0.22934428E+000  0.34247286E+001  0.16556432E+002  0.33077288E+002  0.10316515E+003  0.17234822E+003
 -0.48122290E+000 -0.23342862E+000 -0.54907903E-002 -0.45314288E-002 -0.16533445E-002  0.22934437E+000  0.34247288E+001  0.16556432E+002  0.33077556E+002  0.10316515E+003  0.17234822E+003
 -0.48122271E+000 -0.23342451E+000 -0.54907839E-002 -0.45314188E-002 -0.16533235E-002  0.22934445E+000  0.34247289E+001  0.16556432E+002  0.33077829E+002  0.10316515E+003  0.17234822E+003
 -0.48122254E+000 -0.23342076E+000 -0.54907780E-002 -0.45314093E-002 -0.16533033E-002  0.22934454E+000  0.34247291E+001  0.16556432E+002  0.33078106E+002  0.10316515E+003  0.17234822E+003
 -0.48122239E+000 -0.23341732E+000 -0.54907728E-002 -0.45314005E-002 -0.16532839E-002  0.22934462E+000  0.34247292E+001  0.16556432E+002  0.33078388E+002  0.10316515E+003  0.17234822E+003
 -0.48122224E+000 -0.23341416E+000 -0.54907680E-002 -0.45313923E-002 -0.16532652E-002  0.22934470E+000  0.34247294E+001  0.16556432E+002  0.33078676E+002  0.10316515E+003  0.17234822E+003
 -0.48122210E+000 -0.23341125E+000 -0.54907637E-002 -0.45313845E-002 -0.16532472E-002  0.22934478E+000  0.34247295E+001  0.16556432E+002  0.33078971E+002  0.10316515E+003  0.17234822E+003
 -0.48122196E+000 -0.23340856E+000 -0.54907598E-002 -0.45313773E-002 -0.16532299E-002  0.22934486E+000  0.34247297E+001  0.16556432E+002  0.33079273E+002  0.10316515E+003  0.17234822E+003
 -0.48122184E+000 -0.23340607E+000 -0.54907562E-002 -0.45313705E-002 -0.16532133E-002  0.22934494E+000  0.34247298E+001  0.16556432E+002  0.33079582E+002  0.10316515E+003  0.17234822E+003
 -0.48122172E+000 -0.23340377E+000 -0.54907530E-002 -0.45313641E-002 -0.16531973E-002  0.22934501E+000  0.34247300E+001  0.16556432E+002  0.33079898E+002  0.10316515E+003  0.17234822E+003
 -0.48122161E+000 -0.23340162E+000 -0.54907501E-002 -0.45313581E-002 -0.16531821E-002  0.22934508E+000  0.34247301E+001  0.16556432E+002  0.33080222E+002  0.10316515E+003  0.17234822E+003
 -0.48122151E+000 -0.23339963E+000 -0.54907475E-002 -0.45313525E-002 -0.16531675E-002  0.22934516E+000  0.34247302E+001  0.16556432E+002  0.33080553E+002  0.10316515E+003  0.17234822E+003
 -0.48122141E+000 -0.23339776E+000 -0.54907452E-002 -0.45313472E-002 -0.16531535E-002  0.22934523E+000  0.34247304E+001  0.16556432E+002  0.33080891E+002  0.10316515E+003  0.17234822E+003
 -0.48122132E+000 -0.23339602E+000 -0.54907430E-002 -0.45313423E-002 -0.16531402E-002  0.22934530E+000  0.34247305E+001  0.16556432E+002  0.33081237E+002  0.10316515E+003  0.17234822E+003
 -0.48122123E+000 -0.23339440E+000 -0.54907411E-002 -0.45313377E-002 -0.16531276E-002  0.22934537E+000  0.34247306E+001  0.16556432E+002  0.33081589E+002  0.10316515E+003  0.17234822E+003
 -0.48122115E+000 -0.23339288E+000 -0.54907394E-002 -0.45313335E-002 -0.16531156E-002  0.22934544E+000  0.34247308E+001  0.16556432E+002  0.33081948E+002  0.10316515E+003  0.17234822E+003
 -0.48122107E+000 -0.23339145E+000 -0.54907379E-002 -0.45313295E-002 -0.16531043E-002  0.22934550E+000  0.34247309E+001  0.16556432E+002  0.33082314E+002  0.10316515E+003  0.17234822E+003
 -0.48122100E+000 -0.23339012E+000 -0.54907366E-002 -0.45313258E-002 -0.16530936E-002  0.22934557E+000  0.34247310E+001  0.16556432E+002  0.33082685E+002  0.10316515E+003  0.17234822E+003
 -0.48122093E+000 -0.23338888E+000 -0.54907354E-002 -0.45313224E-002 -0.16530836E-002  0.22934563E+000  0.34247312E+001  0.16556432E+002  0.33083062E+002  0.10316515E+003  0.17234822E+003
 -0.48122087E+000 -0.23338771E+000 -0.54907344E-002 -0.45313193E-002 -0.16530742E-002  0.22934570E+000  0.34247313E+001  0.16556432E+002  0.33083443E+002  0.10316515E+003  0.17234822E+003
 -0.48122081E+000 -0.23338663E+000 -0.54907335E-002 -0.45313165E-002 -0.16530655E-002  0.22934576E+000  0.34247314E+001  0.16556433E+002  0.33084368E+002  0.10316515E+003  0.17234822E+003
 -0.48122075E+000 -0.23338561E+000 -0.54907327E-002 -0.45313139E-002 -0.16530574E-002  0.22934582E+000  0.34247315E+001  0.16556433E+002  0.33087447E+002  0.10316515E+003  0.17234822E+003
 -0.48122070E+000 -0.23338466E+000 -0.54907321E-002 -0.45313115E-002 -0.16530499E-002  0.22934587E+000  0.34247317E+001  0.16556433E+002  0.33090554E+002  0.10316515E+003  0.17234822E+003
 -0.48122066E+000 -0.23338378E+000 -0.54907315E-002 -0.45313094E-002 -0.16530430E-002  0.22934593E+000  0.34247318E+001  0.16556433E+002  0.33093684E+002  0.10316515E+003  0.17234822E+003
 -0.48122061E+000 -0.23338295E+000 -0.54907311E-002 -0.45313075E-002 -0.16530367E-002  0.22934598E+000  0.34247319E+001  0.16556433E+002  0.33096834E+002  0.10316515E+003  0.17234822E+003
 -0.48122057E+000 -0.23338218E+000 -0.54907308E-002 -0.45313058E-002 -0.16530310E-002  0.22934603E+000  0.34247320E+001  0.16556433E+002  0.33100000E+002  0.10316515E+003  0.17234822E+003
 -0.48122054E+000 -0.23338146E+000 -0.54907305E-002 -0.45313043E-002 -0.16530258E-002  0.22934609E+000  0.34247321E+001  0.16556433E+002  0.33103178E+002  0.10316515E+003  0.17234822E+003
 -0.48122051E+000 -0.23338079E+000 -0.54907304E-002 -0.45313030E-002 -0.16530211E-002  0.22934613E+000  0.34247322E+001  0.16556433E+002  0.33106365E+002  0.10316515E+003  0.17234822E+003
 -0.48122048E+000 -0.23338018E+000 -0.54907303E-002 -0.45313019E-002 -0.16530170E-002  0.22934618E+000  0.34247323E+001  0.16556433E+002  0.33109558E+002  0.10316515E+003  0.17234822E+003
 -0.48122045E+000 -0.23337961E+000 -0.54907303E-002 -0.45313010E-002 -0.16530134E-002  0.22934622E+000  0.34247324E+001  0.16556433E+002  0.33112755E+002  0.10316515E+003  0.17234822E+003
 -0.48122043E+000 -0.23337908E+000 -0.54907303E-002 -0.45313003E-002 -0.16530102E-002  0.22934627E+000  0.34247325E+001  0.16556433E+002  0.33115953E+002  0.10316515E+003  0.17234822E+003
 -0.48122041E+000 -0.23337859E+000 -0.54907304E-002 -0.45312996E-002 -0.16530075E-002  0.22934631E+000  0.34247326E+001  0.16556433E+002  0.33119151E+002  0.10316515E+003  0.17234822E+003
 -0.48122040E+000 -0.23337814E+000 -0.54907305E-002 -0.45312991E-002 -0.16530051E-002  0.22934634E+000  0.34247327E+001  0.16556433E+002  0.33122347E+002  0.10316515E+003  0.17234822E+003
 -0.48122038E+000 -0.23337771E+000 -0.54907307E-002 -0.45312988E-002 -0.16530032E-002  0.22934638E+000  0.34247328E+001  0.16556433E+002  0.33125539E+002  0.10316515E+003  0.17234822E+003
 -0.48122037E+000 -0.23337732E+000 -0.54907308E-002 -0.45312985E-002 -0.16530016E-002  0.22934641E+000  0.34247329E+001  0.16556433E+002  0.33128727E+002  0.10316515E+003  0.17234822E+003
 -0.48122036E+000 -0.23337696E+000 -0.54907311E-002 -0.45312984E-002 -0.16530004E-002  0.22934644E+000  0.34247330E+001  0.16556433E+002  0.33131910E+002  0.10316515E+003  0.17234822E+003
 -0.48122035E+000 -0.23337662E+000 -0.54907313E-002 -0.45312983E-002 -0.16529994E-002  0.22934647E+000  0.34247331E+001  0.16556433E+002  0.33135087E+002  0.10316515E+003  0.17234822E+003
 -0.48122035E+000 -0.23337631E+000 -0.54907315E-002 -0.45312983E-002 -0.16529988E-002  0.22934650E+000  0.34247332E+001  0.16556433E+002  0.33138257E+002  0.10316515E+003  0.17234821E+003
 -0.48122034E+000 -0.23337603E+000 -0.54907318E-002 -0.45312984E-002 -0.16529984E-002  0.22934653E+000  0.34247333E+001  0.16556433E+002  0.33141421E+002  0.10316515E+003  0.17234821E+003
 -0.48122034E+000 -0.23337576E+000 -0.54907321E-002 -0.45312986E-002 -0.16529982E-002  0.22934655E+000  0.34247333E+001  0.16556433E+002  0.33142438E+002  0.10316515E+003  0.17234821E+003
 -0.48122034E+000 -0.23337551E+000 -0.54907323E-002 -0.45312988E-002 -0.16529982E-002  0.22934658E+000  0.34247334E+001  0.16556433E+002  0.33143140E+002  0.10316515E+003  0.17234821E+003
 -0.48122034E+000 -0.23337527E+000 -0.54907326E-002 -0.45312990E-002 -0.16529984E-002  0.22934660E+000  0.34247335E+001  0.16556433E+002  0.33143840E+002  0.10316515E+003  0.17234821E+003
 -0.48122034E+000 -0.23337505E+000 -0.54907328E-002 -0.45312993E-002 -0.16529988E-002  0.22934662E+000  0.34247336E+001  0.16556433E+002  0.33144539E+002  0.10316515E+003  0.17234821E+003
 -0.48122034E+000 -0.23337484E+000 -0.54907330E-002 -0.45312996E-002 -0.16529992E-002  0.22934664E+000  0.34247336E+001  0.16556433E+002  0.33145237E+002  0.10316515E+003  0.17234821E+003
 -0.48122034E+000 -0.23337465E+000 -0.54907333E-002 -0.45312999E-002 -0.16529998E-002  0.22934665E+000  0.34247337E+001  0.16556433E+002  0.33145933E+002  0.10316515E+003  0.17234821E+003
 -0.48122034E+000 -0.23337446E+000 -0.54907335E-002 -0.45313002E-002 -0.16530005E-002  0.22934667E+000  0.34247338E+001  0.16556434E+002  0.33146628E+002  0.10316515E+003  0.17234821E+003
 -0.48122035E+000 -0.23337428E+000 -0.54907337E-002 -0.45313005E-002 -0.16530012E-002  0.22934668E+000  0.34247338E+001  0.16556434E+002  0.33147322E+002  0.10316515E+003  0.17234821E+003
 -0.48122035E+000 -0.23337412E+000 -0.54907338E-002 -0.45313009E-002 -0.16530020E-002  0.22934670E+000  0.34247339E+001  0.16556434E+002  0.33148014E+002  0.10316516E+003  0.17234821E+003
 -0.48122035E+000 -0.23337395E+000 -0.54907340E-002 -0.45313012E-002 -0.16530029E-002  0.22934671E+000  0.34247340E+001  0.16556434E+002  0.33148705E+002  0.10316516E+003  0.17234821E+003
 -0.48122036E+000 -0.23337380E+000 -0.54907341E-002 -0.45313015E-002 -0.16530037E-002  0.22934672E+000  0.34247340E+001  0.16556434E+002  0.33149395E+002  0.10316516E+003  0.17234821E+003
 -0.48122036E+000 -0.23337365E+000 -0.54907343E-002 -0.45313018E-002 -0.16530046E-002  0.22934673E+000  0.34247341E+001  0.16556434E+002  0.33150083E+002  0.10316516E+003  0.17234821E+003
 -0.48122036E+000 -0.23337350E+000 -0.54907344E-002 -0.45313021E-002 -0.16530054E-002  0.22934674E+000  0.34247341E+001  0.16556434E+002  0.33150769E+002  0.10316516E+003  0.17234821E+003
 -0.48122037E+000 -0.23337336E+000 -0.54907345E-002 -0.45313024E-002 -0.16530063E-002  0.22934675E+000  0.34247342E+001  0.16556434E+002  0.33151454E+002  0.10316516E+003  0.17234821E+003
 -0.48122037E+000 -0.23337323E+000 -0.54907345E-002 -0.45313027E-002 -0.16530071E-002  0.22934676E+000  0.34247342E+001  0.16556434E+002  0.33152137E+002  0.10316516E+003  0.17234821E+003
 -0.48122037E+000 -0.23337310E+000 -0.54907346E-002 -0.45313029E-002 -0.16530079E-002  0.22934676E+000  0.34247343E+001  0.16556434E+002  0.33152817E+002  0.10316516E+003  0.17234821E+003
 -0.48122038E+000 -0.23337297E+000 -0.54907346E-002 -0.45313031E-002 -0.16530087E-002  0.22934677E+000  0.34247343E+001  0.16556434E+002  0.33153496E+002  0.10316516E+003  0.17234821E+003
 -0.48122038E+000 -0.23337285E+000 -0.54907346E-002 -0.45313033E-002 -0.16530095E-002  0.22934678E+000  0.34247344E+001  0.16556434E+002  0.33154172E+002  0.10316516E+003  0.17234821E+003
 -0.48122038E+000 -0.23337273E+000 -0.54907347E-002 -0.45313035E-002 -0.16530102E-002  0.22934678E+000  0.34247344E+001  0.16556434E+002  0.33154845E+002  0.10316516E+003  0.17234821E+003
 -0.48122039E+000 -0.23337261E+000 -0.54907347E-002 -0.45313037E-002 -0.16530109E-002  0.22934679E+000  0.34247344E+001  0.16556434E+002  0.33155516E+002  0.10316516E+003  0.17234821E+003
 -0.48122039E+000 -0.23337250E+000 -0.54907346E-002 -0.45313039E-002 -0.16530115E-002  0.22934679E+000  0.34247345E+001  0.16556434E+002  0.33156183E+002  0.10316516E+003  0.17234821E+003
 -0.48122039E+000 -0.23337239E+000 -0.54907346E-002 -0.45313040E-002 -0.16530121E-002  0.22934680E+000  0.34247345E+001  0.16556434E+002  0.33156846E+002  0.10316516E+003  0.17234821E+003
 -0.48122039E+000 -0.23337228E+000 -0.54907346E-002 -0.45313041E-002 -0.16530127E-002  0.22934680E+000  0.34247346E+001  0.16556434E+002  0.33157506E+002  0.10316516E+003  0.17234821E+003
 -0.48122039E+000 -0.23337218E+000 -0.54907345E-002 -0.45313042E-002 -0.16530132E-002  0.22934680E+000  0.34247346E+001  0.16556434E+002  0.33158161E+002  0.10316516E+003  0.17234821E+003
 -0.48122040E+000 -0.23337208E+000 -0.54907345E-002 -0.45313043E-002 -0.16530137E-002  0.22934681E+000  0.34247346E+001  0.16556434E+002  0.33158812E+002  0.10316516E+003  0.17234821E+003
 -0.48122040E+000 -0.23337198E+000 -0.54907345E-002 -0.45313044E-002 -0.16530141E-002  0.22934681E+000  0.34247347E+001  0.16556434E+002  0.33159458E+002  0.10316516E+003  0.17234821E+003
 -0.48122040E+000 -0.23337188E+000 -0.54907344E-002 -0.45313044E-002 -0.16530145E-002  0.22934681E+000  0.34247347E+001  0.16556434E+002  0.33160099E+002  0.10316516E+003  0.17234821E+003
 -0.48122040E+000 -0.23337179E+000 -0.54907343E-002 -0.45313045E-002 -0.16530149E-002  0.22934682E+000  0.34247347E+001  0.16556434E+002  0.33160734E+002  0.10316516E+003  0.17234821E+003
 -0.48122040E+000 -0.23337171E+000 -0.54907343E-002 -0.45313045E-002 -0.16530152E-002  0.22934682E+000  0.34247348E+001  0.16556434E+002  0.33161364E+002  0.10316516E+003  0.17234821E+003
 -0.48122040E+000 -0.23337162E+000 -0.54907342E-002 -0.45313045E-002 -0.16530155E-002  0.22934682E+000  0.34247348E+001  0.16556434E+002  0.33161987E+002  0.10316516E+003  0.17234822E+003
 -0.48122040E+000 -0.23337154E+000 -0.54907341E-002 -0.45313045E-002 -0.16530158E-002  0.22934682E+000  0.34247348E+001  0.16556434E+002  0.33162604E+002  0.10316516E+003  0.17234822E+003
 -0.48122040E+000 -0.23337146E+000 -0.54907341E-002 -0.45313045E-002 -0.16530160E-002  0.22934683E+000  0.34247348E+001  0.16556434E+002  0.33163214E+002  0.10316516E+003  0.17234822E+003
 -0.48122040E+000 -0.23337139E+000 -0.54907340E-002 -0.45313045E-002 -0.16530162E-002  0.22934683E+000  0.34247349E+001  0.16556434E+002  0.33163816E+002  0.10316516E+003  0.17234822E+003
 -0.48122040E+000 -0.23337131E+000 -0.54907339E-002 -0.45313045E-002 -0.16530164E-002  0.22934683E+000  0.34247349E+001  0.16556434E+002  0.33164411E+002  0.10316516E+003  0.17234822E+003
 -0.48122040E+000 -0.23337124E+000 -0.54907339E-002 -0.45313045E-002 -0.16530165E-002  0.22934683E+000  0.34247349E+001  0.16556434E+002  0.33164998E+002  0.10316517E+003  0.17234822E+003
 -0.48122040E+000 -0.23337117E+000 -0.54907338E-002 -0.45313045E-002 -0.16530166E-002  0.22934683E+000  0.34247349E+001  0.16556434E+002  0.33165577E+002  0.10316517E+003  0.17234822E+003
 -0.48122040E+000 -0.23337111E+000 -0.54907337E-002 -0.45313045E-002 -0.16530167E-002  0.22934683E+000  0.34247349E+001  0.16556434E+002  0.33166148E+002  0.10316517E+003  0.17234822E+003
 -0.48122040E+000 -0.23337105E+000 -0.54907337E-002 -0.45313044E-002 -0.16530168E-002  0.22934684E+000  0.34247350E+001  0.16556434E+002  0.33166710E+002  0.10316517E+003  0.17234822E+003
 -0.48122040E+000 -0.23337098E+000 -0.54907336E-002 -0.45313044E-002 -0.16530169E-002  0.22934684E+000  0.34247350E+001  0.16556434E+002  0.33167263E+002  0.10316517E+003  0.17234822E+003
 -0.48122040E+000 -0.23337093E+000 -0.54907335E-002 -0.45313044E-002 -0.16530169E-002  0.22934684E+000  0.34247350E+001  0.16556434E+002  0.33167807E+002  0.10316517E+003  0.17234822E+003
 -0.48122040E+000 -0.23337087E+000 -0.54907335E-002 -0.45313043E-002 -0.16530170E-002  0.22934684E+000  0.34247350E+001  0.16556434E+002  0.33168342E+002  0.10316517E+003  0.17234822E+003
 -0.48122040E+000 -0.23337081E+000 -0.54907334E-002 -0.45313043E-002 -0.16530170E-002  0.22934684E+000  0.34247350E+001  0.16556434E+002  0.33168868E+002  0.10316517E+003  0.17234822E+003
 -0.48122040E+000 -0.23337076E+000 -0.54907333E-002 -0.45313042E-002 -0.16530170E-002  0.22934684E+000  0.34247350E+001  0.16556434E+002  0.33169383E+002  0.10316517E+003  0.17234822E+003
 -0.48122040E+000 -0.23337071E+000 -0.54907333E-002 -0.45313042E-002 -0.16530170E-002  0.22934685E+000  0.34247351E+001  0.16556434E+002  0.33169889E+002  0.10316517E+003  0.17234822E+003
 -0.48122040E+000 -0.23337066E+000 -0.54907332E-002 -0.45313041E-002 -0.16530170E-002  0.22934685E+000  0.34247351E+001  0.16556434E+002  0.33170385E+002  0.10316517E+003  0.17234822E+003
 -0.48122040E+000 -0.23337061E+000 -0.54907331E-002 -0.45313041E-002 -0.16530170E-002  0.22934685E+000  0.34247351E+001  0.16556434E+002  0.33170871E+002  0.10316517E+003  0.17234822E+003
 -0.48122040E+000 -0.23337056E+000 -0.54907331E-002 -0.45313040E-002 -0.16530169E-002  0.22934685E+000  0.34247351E+001  0.16556434E+002  0.33171347E+002  0.10316517E+003  0.17234822E+003
 -0.48122039E+000 -0.23337052E+000 -0.54907330E-002 -0.45313040E-002 -0.16530169E-002  0.22934685E+000  0.34247351E+001  0.16556434E+002  0.33171812E+002  0.10316517E+003  0.17234822E+003
 -0.48122039E+000 -0.23337047E+000 -0.54907330E-002 -0.45313039E-002 -0.16530168E-002  0.22934685E+000  0.34247351E+001  0.16556434E+002  0.33172268E+002  0.10316517E+003  0.17234822E+003
 -0.48122039E+000 -0.23337043E+000 -0.54907329E-002 -0.45313039E-002 -0.16530168E-002  0.22934685E+000  0.34247351E+001  0.16556434E+002  0.33172713E+002  0.10316517E+003  0.17234822E+003
 -0.48122039E+000 -0.23337039E+000 -0.54907329E-002 -0.45313038E-002 -0.16530167E-002  0.22934685E+000  0.34247351E+001  0.16556434E+002  0.33173147E+002  0.10316517E+003  0.17234822E+003
 -0.48122039E+000 -0.23337035E+000 -0.54907328E-002 -0.45313038E-002 -0.16530167E-002  0.22934686E+000  0.34247352E+001  0.16556434E+002  0.33173572E+002  0.10316517E+003  0.17234822E+003
 -0.48122039E+000 -0.23337031E+000 -0.54907328E-002 -0.45313037E-002 -0.16530166E-002  0.22934686E+000  0.34247352E+001  0.16556435E+002  0.33173986E+002  0.10316517E+003  0.17234822E+003
 -0.48122039E+000 -0.23337027E+000 -0.54907327E-002 -0.45313037E-002 -0.16530166E-002  0.22934686E+000  0.34247352E+001  0.16556435E+002  0.33174389E+002  0.10316517E+003  0.17234822E+003
 -0.48122039E+000 -0.23337024E+000 -0.54907327E-002 -0.45313036E-002 -0.16530165E-002  0.22934686E+000  0.34247352E+001  0.16556435E+002  0.33174783E+002  0.10316517E+003  0.17234822E+003
 -0.48122039E+000 -0.23337020E+000 -0.54907326E-002 -0.45313036E-002 -0.16530164E-002  0.22934686E+000  0.34247352E+001  0.16556435E+002  0.33175166E+002  0.10316517E+003  0.17234822E+003
 -0.48122039E+000 -0.23337017E+000 -0.54907326E-002 -0.45313035E-002 -0.16530164E-002  0.22934686E+000  0.34247352E+001  0.16556435E+002  0.33175539E+002  0.10316517E+003  0.17234822E+003
 -0.48122039E+000 -0.23337013E+000 -0.54907325E-002 -0.45313035E-002 -0.16530163E-002  0.22934686E+000  0.34247352E+001  0.16556435E+002  0.33175902E+002  0.10316517E+003  0.17234822E+003
 -0.48122039E+000 -0.23337010E+000 -0.54907325E-002 -0.45313034E-002 -0.16530162E-002  0.22934686E+000  0.34247352E+001  0.16556435E+002  0.33176255E+002  0.10316518E+003  0.17234822E+003
 -0.48122038E+000 -0.23337007E+000 -0.54907324E-002 -0.45313034E-002 -0.16530161E-002  0.22934686E+000  0.34247352E+001  0.16556435E+002  0.33176598E+002  0.10316518E+003  0.17234822E+003
 -0.48122038E+000 -0.23337004E+000 -0.54907324E-002 -0.45313033E-002 -0.16530161E-002  0.22934686E+000  0.34247352E+001  0.16556435E+002  0.33176932E+002  0.10316518E+003  0.17234822E+003
 -0.48122038E+000 -0.23337001E+000 -0.54907324E-002 -0.45313033E-002 -0.16530160E-002  0.22934686E+000  0.34247352E+001  0.16556435E+002  0.33177255E+002  0.10316518E+003  0.17234822E+003
 -0.48122038E+000 -0.23336998E+000 -0.54907323E-002 -0.45313032E-002 -0.16530159E-002  0.22934687E+000  0.34247352E+001  0.16556435E+002  0.33177570E+002  0.10316518E+003  0.17234822E+003
 -0.48122038E+000 -0.23336996E+000 -0.54907323E-002 -0.45313032E-002 -0.16530159E-002  0.22934687E+000  0.34247352E+001  0.16556435E+002  0.33177874E+002  0.10316518E+003  0.17234822E+003
 -0.48122038E+000 -0.23336993E+000 -0.54907323E-002 -0.45313031E-002 -0.16530158E-002  0.22934687E+000  0.34247352E+001  0.16556435E+002  0.33178170E+002  0.10316518E+003  0.17234822E+003
 -0.48122038E+000 -0.23336990E+000 -0.54907322E-002 -0.45313031E-002 -0.16530157E-002  0.22934687E+000  0.34247352E+001  0.16556435E+002  0.33178456E+002  0.10316518E+003  0.17234822E+003
 -0.48122038E+000 -0.23336988E+000 -0.54907322E-002 -0.45313030E-002 -0.16530157E-002  0.22934687E+000  0.34247352E+001  0.16556435E+002  0.33178734E+002  0.10316518E+003  0.17234822E+003
 -0.48122038E+000 -0.23336986E+000 -0.54907322E-002 -0.45313030E-002 -0.16530156E-002  0.22934687E+000  0.34247353E+001  0.16556435E+002  0.33179002E+002  0.10316518E+003  0.17234823E+003
 -0.48122038E+000 -0.23336983E+000 -0.54907321E-002 -0.45313030E-002 -0.16530155E-002  0.22934687E+000  0.34247353E+001  0.16556435E+002  0.33179262E+002  0.10316518E+003  0.17234823E+003
 -0.48122038E+000 -0.23336981E+000 -0.54907321E-002 -0.45313029E-002 -0.16530155E-002  0.22934687E+000  0.34247353E+001  0.16556435E+002  0.33179514E+002  0.10316518E+003  0.17234823E+003
 -0.48122038E+000 -0.23336979E+000 -0.54907321E-002 -0.45313029E-002 -0.16530154E-002  0.22934687E+000  0.34247353E+001  0.16556435E+002  0.33179757E+002  0.10316518E+003  0.17234823E+003
 -0.48122038E+000 -0.23336977E+000 -0.54907320E-002 -0.45313029E-002 -0.16530153E-002  0.22934687E+000  0.34247353E+001  0.16556435E+002  0.33179992E+002  0.10316518E+003  0.17234823E+003
 -0.48122038E+000 -0.23336975E+000 -0.54907320E-002 -0.45313028E-002 -0.16530153E-002  0.22934687E+000  0.34247353E+001  0.16556435E+002  0.33180220E+002  0.10316518E+003  0.17234823E+003
 -0.48122037E+000 -0.23336973E+000 -0.54907320E-002 -0.45313028E-002 -0.16530152E-002  0.22934687E+000  0.34247353E+001  0.16556435E+002  0.33180439E+002  0.10316518E+003  0.17234823E+003
 -0.48122037E+000 -0.23336972E+000 -0.54907320E-002 -0.45313028E-002 -0.16530152E-002  0.22934687E+000  0.34247353E+001  0.16556435E+002  0.33180651E+002  0.10316518E+003  0.17234823E+003
 -0.48122037E+000 -0.23336970E+000 -0.54907319E-002 -0.45313027E-002 -0.16530151E-002  0.22934687E+000  0.34247353E+001  0.16556435E+002  0.33180855E+002  0.10316518E+003  0.17234823E+003
 -0.48122037E+000 -0.23336968E+000 -0.54907319E-002 -0.45313027E-002 -0.16530151E-002  0.22934687E+000  0.34247353E+001  0.16556435E+002  0.33181052E+002  0.10316518E+003  0.17234823E+003
 -0.48122037E+000 -0.23336967E+000 -0.54907319E-002 -0.45313027E-002 -0.16530150E-002  0.22934687E+000  0.34247353E+001  0.16556435E+002  0.33181243E+002  0.10316518E+003  0.17234823E+003
 -0.48122037E+000 -0.23336965E+000 -0.54907319E-002 -0.45313026E-002 -0.16530150E-002  0.22934687E+000  0.34247353E+001  0.16556435E+002  0.33181426E+002  0.10316518E+003  0.17234823E+003
 -0.48122037E+000 -0.23336964E+000 -0.54907319E-002 -0.45313026E-002 -0.16530149E-002  0.22934688E+000  0.34247353E+001  0.16556435E+002  0.33181603E+002  0.10316518E+003  0.17234823E+003
 -0.48122037E+000 -0.23336962E+000 -0.54907319E-002 -0.45313026E-002 -0.16530149E-002  0.22934688E+000  0.34247353E+001  0.16556435E+002  0.33181773E+002  0.10316518E+003  0.17234823E+003
 -0.48122037E+000 -0.23336961E+000 -0.54907318E-002 -0.45313026E-002 -0.16530149E-002  0.22934688E+000  0.34247353E+001  0.16556435E+002  0.33181936E+002  0.10316518E+003  0.17234823E+003
 -0.48122037E+000 -0.23336960E+000 -0.54907318E-002 -0.45313025E-002 -0.16530148E-002  0.22934688E+000  0.34247353E+001  0.16556435E+002  0.33182094E+002  0.10316518E+003  0.17234823E+003
 -0.48122037E+000 -0.23336959E+000 -0.54907318E-002 -0.45313025E-002 -0.16530148E-002  0.22934688E+000  0.34247353E+001  0.16556435E+002  0.33182246E+002  0.10316518E+003  0.17234823E+003
 -0.48122037E+000 -0.23336958E+000 -0.54907318E-002 -0.45313025E-002 -0.16530147E-002  0.22934688E+000  0.34247353E+001  0.16556435E+002  0.33182392E+002  0.10316518E+003  0.17234823E+003
 -0.48122037E+000 -0.23336957E+000 -0.54907318E-002 -0.45313025E-002 -0.16530147E-002  0.22934688E+000  0.34247353E+001  0.16556435E+002  0.33182532E+002  0.10316518E+003  0.17234823E+003
 -0.48122037E+000 -0.23336956E+000 -0.54907318E-002 -0.45313025E-002 -0.16530147E-002  0.22934688E+000  0.34247353E+001  0.16556435E+002  0.33182667E+002  0.10316518E+003  0.17234823E+003
 -0.48122037E+000 -0.23336955E+000 -0.54907317E-002 -0.45313025E-002 -0.16530146E-002  0.22934688E+000  0.34247353E+001  0.16556435E+002  0.33182797E+002  0.10316518E+003  0.17234823E+003
 -0.48122037E+000 -0.23336954E+000 -0.54907317E-002 -0.45313024E-002 -0.16530146E-002  0.22934688E+000  0.34247353E+001  0.16556435E+002  0.33182922E+002  0.10316518E+003  0.17234823E+003
 -0.48122037E+000 -0.23336953E+000 -0.54907317E-002 -0.45313024E-002 -0.16530146E-002  0.22934688E+000  0.34247353E+001  0.16556435E+002  0.33183041E+002  0.10316518E+003  0.17234823E+003
 -0.48122037E+000 -0.23336952E+000 -0.54907317E-002 -0.45313024E-002 -0.16530145E-002  0.22934688E+000  0.34247353E+001  0.16556435E+002  0.33183156E+002  0.10316518E+003  0.17234823E+003
 -0.48122037E+000 -0.23336951E+000 -0.54907317E-002 -0.45313024E-002 -0.16530145E-002  0.22934688E+000  0.34247353E+001  0.16556435E+002  0.33183267E+002  0.10316518E+003  0.17234823E+003
 -0.48122037E+000 -0.23336950E+000 -0.54907317E-002 -0.45313024E-002 -0.16530145E-002  0.22934688E+000  0.34247353E+001  0.16556435E+002  0.33183373E+002  0.10316518E+003  0.17234823E+003
 -0.48122037E+000 -0.23336949E+000 -0.54907317E-002 -0.45313024E-002 -0.16530145E-002  0.22934688E+000  0.34247353E+001  0.16556435E+002  0.33183475E+002  0.10316518E+003  0.17234823E+003
 -0.48122037E+000 -0.23336948E+000 -0.54907317E-002 -0.45313023E-002 -0.16530144E-002  0.22934688E+000  0.34247353E+001  0.16556435E+002  0.33183572E+002  0.10316519E+003  0.17234823E+003
 -0.48122037E+000 -0.23336947E+000 -0.54907316E-002 -0.45313023E-002 -0.16530144E-002  0.22934688E+000  0.34247353E+001  0.16556435E+002  0.33183666E+002  0.10316519E+003  0.17234823E+003
 -0.48122037E+000 -0.23336946E+000 -0.54907316E-002 -0.45313023E-002 -0.16530144E-002  0.22934688E+000  0.34247353E+001  0.16556435E+002  0.33183756E+002  0.10316519E+003  0.17234823E+003
 -0.48122037E+000 -0.23336944E+000 -0.54907316E-002 -0.45313023E-002 -0.16530144E-002  0.22934688E+000  0.34247353E+001  0.16556435E+002  0.33183843E+002  0.10316519E+003  0.17234823E+003
 -0.48122036E+000 -0.23336943E+000 -0.54907316E-002 -0.45313022E-002 -0.16530143E-002  0.22934688E+000  0.34247353E+001  0.16556435E+002  0.33183926E+002  0.10316519E+003  0.17234823E+003
 -0.48122036E+000 -0.23336940E+000 -0.54907315E-002 -0.45313022E-002 -0.16530143E-002  0.22934688E+000  0.34247353E+001  0.16556435E+002  0.33184005E+002  0.10316519E+003  0.17234823E+003
 -0.48122036E+000 -0.23336937E+000 -0.54907315E-002 -0.45313021E-002 -0.16530142E-002  0.22934688E+000  0.34247353E+001  0.16556435E+002  0.33184081E+002  0.10316519E+003  0.17234823E+003
 -0.48122036E+000 -0.23336932E+000 -0.54907313E-002 -0.45313020E-002 -0.16530141E-002  0.22934688E+000  0.34247353E+001  0.16556435E+002  0.33184153E+002  0.10316519E+003  0.17234823E+003
 -0.48122036E+000 -0.23336937E+000 -0.54907314E-002 -0.45313021E-002 -0.16530143E-002  0.22934688E+000  0.34247353E+001  0.16556435E+002  0.33184220E+002  0.10316519E+003  0.17234823E+003
