  0.42099906E+000
  0.42064967E+000
  0.42033344E+000
  0.42009921E+000
  0.41990255E+000
  0.41973643E+000
  0.41959572E+000
  0.41947633E+000
  0.41937493E+000
  0.41928871E+000
  0.41921535E+000
  0.41915290E+000
  0.41909974E+000
  0.41905449E+000
  0.41901601E+000
  0.41898332E+000
  0.41895561E+000
  0.41893222E+000
  0.41891255E+000
  0.41889612E+000
  0.41888252E+000
  0.41887142E+000
  0.41886252E+000
  0.41885558E+000
  0.41885039E+000
  0.41884679E+000
  0.41884464E+000
  0.41884382E+000
  0.41884424E+000
  0.41884584E+000
  0.41884855E+000
  0.41885233E+000
  0.41885716E+000
  0.41886301E+000
  0.41886990E+000
  0.41887781E+000
  0.41888675E+000
  0.41889675E+000
  0.41890781E+000
  0.41891998E+000
  0.41893326E+000
  0.41894770E+000
  0.41896332E+000
  0.41898016E+000
  0.41899824E+000
  0.41901759E+000
  0.41903824E+000
  0.41906021E+000
  0.41908352E+000
  0.41910818E+000
  0.41913420E+000
  0.41916159E+000
  0.41919034E+000
  0.41922045E+000
  0.41925190E+000
  0.41928466E+000
  0.41931872E+000
  0.41935403E+000
  0.41939055E+000
  0.41942822E+000
  0.41946700E+000
  0.41950681E+000
  0.41954759E+000
  0.41958925E+000
  0.41963171E+000
  0.41967489E+000
  0.41971869E+000
  0.41976300E+000
  0.41980774E+000
  0.41985278E+000
  0.41989803E+000
  0.41994336E+000
  0.41998867E+000
  0.42003384E+000
  0.42007877E+000
  0.42012333E+000
  0.42016742E+000
  0.42021093E+000
  0.42025376E+000
  0.42029579E+000
  0.42033695E+000
  0.42037713E+000
  0.42041625E+000
  0.42045423E+000
  0.42049101E+000
  0.42052652E+000
  0.42056071E+000
  0.42059352E+000
  0.42062493E+000
  0.42065489E+000
  0.42068339E+000
  0.42071042E+000
  0.42073598E+000
  0.42076006E+000
  0.42078268E+000
  0.42080386E+000
  0.42082362E+000
  0.42084200E+000
  0.42085903E+000
  0.42087476E+000
  0.42088924E+000
  0.42090251E+000
  0.42091464E+000
  0.42092567E+000
  0.42093567E+000
  0.42094469E+000
  0.42095281E+000
  0.42096006E+000
  0.42096653E+000
  0.42097226E+000
  0.42097731E+000
  0.42098174E+000
  0.42098560E+000
  0.42098895E+000
  0.42099182E+000
  0.42099428E+000
  0.42099635E+000
  0.42099809E+000
  0.42099952E+000
  0.42100069E+000
  0.42100162E+000
  0.42100235E+000
  0.42100290E+000
  0.42100329E+000
  0.42100354E+000
  0.42100368E+000
  0.42100372E+000
  0.42100368E+000
  0.42100357E+000
  0.42100339E+000
  0.42100318E+000
  0.42100292E+000
  0.42100263E+000
  0.42100232E+000
  0.42100199E+000
  0.42100164E+000
  0.42100129E+000
  0.42100093E+000
  0.42100057E+000
  0.42100021E+000
  0.42099986E+000
  0.42099951E+000
  0.42099916E+000
  0.42099883E+000
  0.42099850E+000
  0.42099819E+000
  0.42099788E+000
  0.42099759E+000
  0.42099732E+000
  0.42099705E+000
  0.42099680E+000
  0.42099656E+000
  0.42099634E+000
  0.42099613E+000
  0.42099594E+000
  0.42099576E+000
  0.42099560E+000
  0.42099545E+000
  0.42099531E+000
  0.42099519E+000
  0.42099509E+000
  0.42099499E+000
  0.42099492E+000
  0.42099485E+000
  0.42099480E+000
  0.42099476E+000
  0.42099473E+000
  0.42099472E+000
  0.42099471E+000
  0.42099472E+000
  0.42099474E+000
  0.42099476E+000
  0.42099480E+000
  0.42099484E+000
  0.42099490E+000
  0.42099496E+000
  0.42099503E+000
  0.42099510E+000
  0.42099519E+000
  0.42099527E+000
  0.42099537E+000
  0.42099546E+000
  0.42099557E+000
  0.42099567E+000
  0.42099578E+000
  0.42099590E+000
  0.42099601E+000
  0.42099613E+000
  0.42099626E+000
  0.42099638E+000
  0.42099652E+000
  0.42099666E+000
  0.42099681E+000
  0.42099698E+000
  0.42099717E+000
  0.42099739E+000
  0.42099765E+000
  0.42099795E+000
  0.42099842E+000
  0.42099881E+000
