  0.90297484E+001
  0.90310051E+001
  0.90317915E+001
  0.90323911E+001
  0.90328472E+001
  0.90331939E+001
  0.90334530E+001
  0.90336405E+001
  0.90337691E+001
  0.90338492E+001
  0.90338893E+001
  0.90338961E+001
  0.90338753E+001
  0.90338318E+001
  0.90337691E+001
  0.90336907E+001
  0.90335990E+001
  0.90334961E+001
  0.90333839E+001
  0.90332638E+001
  0.90331371E+001
  0.90330046E+001
  0.90328672E+001
  0.90327257E+001
  0.90325806E+001
  0.90324323E+001
  0.90322813E+001
  0.90321280E+001
  0.90319726E+001
  0.90318154E+001
  0.90316566E+001
  0.90314965E+001
  0.90313354E+001
  0.90311734E+001
  0.90310107E+001
  0.90308476E+001
  0.90306843E+001
  0.90305211E+001
  0.90303582E+001
  0.90301960E+001
  0.90300348E+001
  0.90298748E+001
  0.90297165E+001
  0.90295603E+001
  0.90294065E+001
  0.90292555E+001
  0.90291078E+001
  0.90289639E+001
  0.90288241E+001
  0.90286889E+001
  0.90285588E+001
  0.90284342E+001
  0.90283156E+001
  0.90282033E+001
  0.90280978E+001
  0.90279994E+001
  0.90279085E+001
  0.90278254E+001
  0.90277503E+001
  0.90276836E+001
  0.90276254E+001
  0.90275758E+001
  0.90275348E+001
  0.90275026E+001
  0.90274792E+001
  0.90274643E+001
  0.90274580E+001
  0.90274600E+001
  0.90274700E+001
  0.90274878E+001
  0.90275131E+001
  0.90275455E+001
  0.90275844E+001
  0.90276296E+001
  0.90276805E+001
  0.90277365E+001
  0.90277972E+001
  0.90278621E+001
  0.90279304E+001
  0.90280018E+001
  0.90280756E+001
  0.90281512E+001
  0.90282283E+001
  0.90283061E+001
  0.90283843E+001
  0.90284623E+001
  0.90285397E+001
  0.90286161E+001
  0.90286911E+001
  0.90287645E+001
  0.90288357E+001
  0.90289047E+001
  0.90289711E+001
  0.90290348E+001
  0.90290957E+001
  0.90291535E+001
  0.90292083E+001
  0.90292599E+001
  0.90293084E+001
  0.90293537E+001
  0.90293959E+001
  0.90294350E+001
  0.90294712E+001
  0.90295044E+001
  0.90295348E+001
  0.90295626E+001
  0.90295877E+001
  0.90296105E+001
  0.90296310E+001
  0.90296493E+001
  0.90296657E+001
  0.90296801E+001
  0.90296929E+001
  0.90297041E+001
  0.90297138E+001
  0.90297223E+001
  0.90297295E+001
  0.90297356E+001
  0.90297408E+001
  0.90297451E+001
  0.90297486E+001
  0.90297514E+001
  0.90297536E+001
  0.90297553E+001
  0.90297565E+001
  0.90297573E+001
  0.90297577E+001
  0.90297579E+001
  0.90297578E+001
  0.90297574E+001
  0.90297569E+001
  0.90297562E+001
  0.90297554E+001
  0.90297546E+001
  0.90297536E+001
  0.90297526E+001
  0.90297515E+001
  0.90297504E+001
  0.90297493E+001
  0.90297482E+001
  0.90297471E+001
  0.90297460E+001
  0.90297449E+001
  0.90297439E+001
  0.90297429E+001
  0.90297419E+001
  0.90297410E+001
  0.90297401E+001
  0.90297392E+001
  0.90297384E+001
  0.90297377E+001
  0.90297370E+001
  0.90297364E+001
  0.90297358E+001
  0.90297353E+001
  0.90297348E+001
  0.90297344E+001
  0.90297340E+001
  0.90297337E+001
  0.90297334E+001
  0.90297332E+001
  0.90297330E+001
  0.90297329E+001
  0.90297328E+001
  0.90297328E+001
  0.90297328E+001
  0.90297329E+001
  0.90297330E+001
  0.90297331E+001
  0.90297333E+001
  0.90297335E+001
  0.90297337E+001
  0.90297339E+001
  0.90297342E+001
  0.90297345E+001
  0.90297349E+001
  0.90297352E+001
  0.90297356E+001
  0.90297359E+001
  0.90297363E+001
  0.90297367E+001
  0.90297372E+001
  0.90297376E+001
  0.90297380E+001
  0.90297385E+001
  0.90297389E+001
  0.90297394E+001
  0.90297398E+001
  0.90297403E+001
  0.90297407E+001
  0.90297412E+001
  0.90297416E+001
  0.90297421E+001
  0.90297426E+001
  0.90297432E+001
  0.90297438E+001
  0.90297445E+001
  0.90297453E+001
  0.90297463E+001
  0.90297470E+001
