  0.46637906E-001
  0.48540301E-001
  0.49348484E-001
  0.50027876E-001
  0.50564921E-001
  0.51002110E-001
  0.51363140E-001
  0.51663264E-001
  0.51913481E-001
  0.52122618E-001
  0.52297816E-001
  0.52444770E-001
  0.52567973E-001
  0.52671378E-001
  0.52758254E-001
  0.52831268E-001
  0.52892553E-001
  0.52943961E-001
  0.52987018E-001
  0.53022986E-001
  0.53052980E-001
  0.53077882E-001
  0.53098506E-001
  0.53115467E-001
  0.53129342E-001
  0.53140592E-001
  0.53149665E-001
  0.53156876E-001
  0.53162523E-001
  0.53166887E-001
  0.53170170E-001
  0.53172552E-001
  0.53174206E-001
  0.53175245E-001
  0.53175780E-001
  0.53175904E-001
  0.53175691E-001
  0.53175201E-001
  0.53174471E-001
  0.53173550E-001
  0.53172463E-001
  0.53171231E-001
  0.53169870E-001
  0.53168400E-001
  0.53166818E-001
  0.53165141E-001
  0.53163369E-001
  0.53161504E-001
  0.53159551E-001
  0.53157510E-001
  0.53155382E-001
  0.53153171E-001
  0.53150875E-001
  0.53148502E-001
  0.53146052E-001
  0.53143528E-001
  0.53140939E-001
  0.53138285E-001
  0.53135575E-001
  0.53132813E-001
  0.53130008E-001
  0.53127165E-001
  0.53124291E-001
  0.53121393E-001
  0.53118479E-001
  0.53115556E-001
  0.53112632E-001
  0.53109712E-001
  0.53106806E-001
  0.53103920E-001
  0.53101060E-001
  0.53098232E-001
  0.53095444E-001
  0.53092701E-001
  0.53090008E-001
  0.53087372E-001
  0.53084798E-001
  0.53082290E-001
  0.53079854E-001
  0.53077493E-001
  0.53075212E-001
  0.53073012E-001
  0.53070895E-001
  0.53068865E-001
  0.53066921E-001
  0.53065068E-001
  0.53063305E-001
  0.53061634E-001
  0.53060055E-001
  0.53058566E-001
  0.53057167E-001
  0.53055855E-001
  0.53054628E-001
  0.53053485E-001
  0.53052425E-001
  0.53051444E-001
  0.53050541E-001
  0.53049710E-001
  0.53048950E-001
  0.53048256E-001
  0.53047625E-001
  0.53047054E-001
  0.53046539E-001
  0.53046076E-001
  0.53045663E-001
  0.53045294E-001
  0.53044967E-001
  0.53044679E-001
  0.53044425E-001
  0.53044204E-001
  0.53044011E-001
  0.53043845E-001
  0.53043702E-001
  0.53043580E-001
  0.53043477E-001
  0.53043390E-001
  0.53043318E-001
  0.53043259E-001
  0.53043211E-001
  0.53043173E-001
  0.53043143E-001
  0.53043120E-001
  0.53043103E-001
  0.53043092E-001
  0.53043085E-001
  0.53043082E-001
  0.53043082E-001
  0.53043084E-001
  0.53043088E-001
  0.53043094E-001
  0.53043101E-001
  0.53043110E-001
  0.53043119E-001
  0.53043129E-001
  0.53043139E-001
  0.53043149E-001
  0.53043159E-001
  0.53043170E-001
  0.53043180E-001
  0.53043190E-001
  0.53043200E-001
  0.53043210E-001
  0.53043220E-001
  0.53043229E-001
  0.53043238E-001
  0.53043246E-001
  0.53043254E-001
  0.53043262E-001
  0.53043269E-001
  0.53043276E-001
  0.53043283E-001
  0.53043289E-001
  0.53043294E-001
  0.53043300E-001
  0.53043304E-001
  0.53043309E-001
  0.53043313E-001
  0.53043316E-001
  0.53043319E-001
  0.53043322E-001
  0.53043324E-001
  0.53043326E-001
  0.53043328E-001
  0.53043329E-001
  0.53043330E-001
  0.53043331E-001
  0.53043331E-001
  0.53043331E-001
  0.53043331E-001
  0.53043330E-001
  0.53043329E-001
  0.53043328E-001
  0.53043327E-001
  0.53043325E-001
  0.53043323E-001
  0.53043321E-001
  0.53043319E-001
  0.53043317E-001
  0.53043314E-001
  0.53043312E-001
  0.53043309E-001
  0.53043306E-001
  0.53043303E-001
  0.53043300E-001
  0.53043297E-001
  0.53043294E-001
  0.53043290E-001
  0.53043287E-001
  0.53043283E-001
  0.53043280E-001
  0.53043276E-001
  0.53043271E-001
  0.53043267E-001
  0.53043261E-001
  0.53043255E-001
  0.53043247E-001
  0.53043237E-001
  0.53043223E-001
  0.53043191E-001
  0.53043167E-001
