  0.10520322E+002
  0.10524101E+002
  0.10526652E+002
  0.10528706E+002
  0.10530354E+002
  0.10531686E+002
  0.10532764E+002
  0.10533631E+002
  0.10534326E+002
  0.10534876E+002
  0.10535306E+002
  0.10535637E+002
  0.10535884E+002
  0.10536062E+002
  0.10536180E+002
  0.10536249E+002
  0.10536277E+002
  0.10536269E+002
  0.10536232E+002
  0.10536169E+002
  0.10536085E+002
  0.10535983E+002
  0.10535865E+002
  0.10535733E+002
  0.10535590E+002
  0.10535437E+002
  0.10535275E+002
  0.10535106E+002
  0.10534930E+002
  0.10534749E+002
  0.10534563E+002
  0.10534372E+002
  0.10534178E+002
  0.10533981E+002
  0.10533780E+002
  0.10533578E+002
  0.10533373E+002
  0.10533167E+002
  0.10532959E+002
  0.10532751E+002
  0.10532542E+002
  0.10532333E+002
  0.10532124E+002
  0.10531917E+002
  0.10531710E+002
  0.10531505E+002
  0.10531302E+002
  0.10531102E+002
  0.10530904E+002
  0.10530711E+002
  0.10530521E+002
  0.10530336E+002
  0.10530156E+002
  0.10529982E+002
  0.10529814E+002
  0.10529652E+002
  0.10529498E+002
  0.10529351E+002
  0.10529212E+002
  0.10529081E+002
  0.10528959E+002
  0.10528845E+002
  0.10528741E+002
  0.10528646E+002
  0.10528560E+002
  0.10528483E+002
  0.10528415E+002
  0.10528357E+002
  0.10528308E+002
  0.10528267E+002
  0.10528235E+002
  0.10528212E+002
  0.10528197E+002
  0.10528189E+002
  0.10528189E+002
  0.10528195E+002
  0.10528208E+002
  0.10528226E+002
  0.10528250E+002
  0.10528279E+002
  0.10528312E+002
  0.10528349E+002
  0.10528388E+002
  0.10528431E+002
  0.10528476E+002
  0.10528522E+002
  0.10528570E+002
  0.10528619E+002
  0.10528667E+002
  0.10528716E+002
  0.10528765E+002
  0.10528813E+002
  0.10528860E+002
  0.10528906E+002
  0.10528950E+002
  0.10528993E+002
  0.10529034E+002
  0.10529073E+002
  0.10529110E+002
  0.10529146E+002
  0.10529179E+002
  0.10529210E+002
  0.10529239E+002
  0.10529265E+002
  0.10529290E+002
  0.10529313E+002
  0.10529334E+002
  0.10529353E+002
  0.10529370E+002
  0.10529386E+002
  0.10529400E+002
  0.10529413E+002
  0.10529424E+002
  0.10529434E+002
  0.10529443E+002
  0.10529450E+002
  0.10529457E+002
  0.10529463E+002
  0.10529467E+002
  0.10529471E+002
  0.10529475E+002
  0.10529478E+002
  0.10529480E+002
  0.10529482E+002
  0.10529483E+002
  0.10529484E+002
  0.10529485E+002
  0.10529485E+002
  0.10529485E+002
  0.10529485E+002
  0.10529485E+002
  0.10529485E+002
  0.10529484E+002
  0.10529484E+002
  0.10529483E+002
  0.10529482E+002
  0.10529481E+002
  0.10529480E+002
  0.10529480E+002
  0.10529479E+002
  0.10529478E+002
  0.10529477E+002
  0.10529476E+002
  0.10529475E+002
  0.10529474E+002
  0.10529474E+002
  0.10529473E+002
  0.10529472E+002
  0.10529471E+002
  0.10529471E+002
  0.10529470E+002
  0.10529470E+002
  0.10529469E+002
  0.10529469E+002
  0.10529468E+002
  0.10529468E+002
  0.10529468E+002
  0.10529467E+002
  0.10529467E+002
  0.10529467E+002
  0.10529467E+002
  0.10529467E+002
  0.10529467E+002
  0.10529467E+002
  0.10529467E+002
  0.10529467E+002
  0.10529467E+002
  0.10529467E+002
  0.10529467E+002
  0.10529467E+002
  0.10529467E+002
  0.10529468E+002
  0.10529468E+002
  0.10529468E+002
  0.10529468E+002
  0.10529469E+002
  0.10529469E+002
  0.10529469E+002
  0.10529470E+002
  0.10529470E+002
  0.10529471E+002
  0.10529471E+002
  0.10529471E+002
  0.10529472E+002
  0.10529472E+002
  0.10529472E+002
  0.10529473E+002
  0.10529473E+002
  0.10529474E+002
  0.10529474E+002
  0.10529474E+002
  0.10529475E+002
  0.10529475E+002
  0.10529475E+002
  0.10529476E+002
  0.10529476E+002
  0.10529476E+002
  0.10529477E+002
  0.10529477E+002
  0.10529478E+002
