  0.58541871E+000  0.28449557E+000  0.23351810E+001  0.38876197E+002
  0.58534361E+000  0.28469772E+000  0.23435848E+001  0.38882782E+002
  0.58442453E+000  0.28645231E+000  0.23497090E+001  0.38886028E+002
  0.58440116E+000  0.30964828E+000  0.23283490E+001  0.38892430E+002
  0.58391029E+000  0.31028888E+000  0.23360493E+001  0.38891173E+002
  0.58388597E+000  0.31044350E+000  0.23432150E+001  0.38889206E+002
  0.58377615E+000  0.31032757E+000  0.23443790E+001  0.38892577E+002
  0.58377310E+000  0.31044409E+000  0.23450131E+001  0.38895300E+002
  0.58293757E+000  0.31033915E+000  0.23465710E+001  0.38897459E+002
  0.58293302E+000  0.31041682E+000  0.23470028E+001  0.38899156E+002
  0.58242413E+000  0.31036840E+000  0.23510621E+001  0.38897376E+002
  0.58242452E+000  0.31044546E+000  0.23513141E+001  0.38898369E+002
  0.58241716E+000  0.31080831E+000  0.23578493E+001  0.38892467E+002
  0.58083227E+000  0.31295992E+000  0.23584725E+001  0.38891986E+002
  0.58083157E+000  0.31298876E+000  0.23585935E+001  0.38892311E+002
  0.58070712E+000  0.31312475E+000  0.23608231E+001  0.38890347E+002
  0.58069039E+000  0.31315870E+000  0.23608738E+001  0.38890390E+002
  0.58060167E+000  0.31327760E+000  0.23608790E+001  0.38890324E+002
  0.58052140E+000  0.31336668E+000  0.23620089E+001  0.38889036E+002
  0.58051718E+000  0.31340644E+000  0.23619554E+001  0.38888804E+002
  0.58047062E+000  0.31345674E+000  0.23619120E+001  0.38888507E+002
  0.58046555E+000  0.31345336E+000  0.23618617E+001  0.38888156E+002
  0.58046011E+000  0.31345931E+000  0.23617854E+001  0.38887759E+002
  0.58045439E+000  0.31346278E+000  0.23616975E+001  0.38887323E+002
  0.58044842E+000  0.31346505E+000  0.23615972E+001  0.38886855E+002
  0.58044224E+000  0.31346630E+000  0.23614864E+001  0.38886358E+002
  0.58043567E+000  0.31346473E+000  0.23613688E+001  0.38885837E+002
  0.61631854E+000  0.29621566E+000  0.23612405E+001  0.38885295E+002
  0.58042152E+000  0.31346443E+000  0.23611048E+001  0.38884736E+002
  0.58041452E+000  0.31346332E+000  0.23609627E+001  0.38884161E+002
  0.58040769E+000  0.31346158E+000  0.23608150E+001  0.38883572E+002
  0.58040079E+000  0.31345957E+000  0.23606629E+001  0.38882971E+002
  0.58039385E+000  0.31342602E+000  0.23605383E+001  0.38882359E+002
  0.58038687E+000  0.31342371E+000  0.23603780E+001  0.38881738E+002
  0.58037989E+000  0.31342055E+000  0.23602157E+001  0.38881110E+002
  0.58037290E+000  0.31341821E+000  0.23600500E+001  0.38880474E+002
  0.58036593E+000  0.31341595E+000  0.23598824E+001  0.38879832E+002
  0.58035900E+000  0.31341381E+000  0.23597132E+001  0.38879185E+002
  0.58035212E+000  0.31341182E+000  0.23595427E+001  0.38878535E+002
  0.58034459E+000  0.31341074E+000  0.23593712E+001  0.38877881E+002
  0.58033789E+000  0.31340896E+000  0.23591991E+001  0.38877227E+002
  0.58033126E+000  0.31340673E+000  0.23590272E+001  0.38876572E+002
  0.58032480E+000  0.31340322E+000  0.23588562E+001  0.38875918E+002
  0.58031850E+000  0.31340237E+000  0.23586824E+001  0.38875268E+002
  0.58031237E+000  0.31340180E+000  0.23585083E+001  0.38874622E+002
  0.58030645E+000  0.31340151E+000  0.23583340E+001  0.38873982E+002
  0.58030074E+000  0.31340152E+000  0.23581594E+001  0.38873351E+002
  0.58029527E+000  0.31340184E+000  0.23579847E+001  0.38872729E+002
  0.58029005E+000  0.31340248E+000  0.23578100E+001  0.38872119E+002
  0.58028511E+000  0.31340345E+000  0.23565041E+001  0.38872654E+002
  0.58028045E+000  0.31340475E+000  0.23563297E+001  0.38872074E+002
  0.58027610E+000  0.31340640E+000  0.23561557E+001  0.38871511E+002
  0.58027206E+000  0.31340841E+000  0.23559825E+001  0.38870967E+002
  0.58026835E+000  0.31341077E+000  0.23558103E+001  0.38870443E+002
  0.58026497E+000  0.31341351E+000  0.23556393E+001  0.38869943E+002
  0.58026194E+000  0.31341660E+000  0.23554700E+001  0.38869466E+002
  0.58025928E+000  0.31342006E+000  0.23553027E+001  0.38869015E+002
  0.57893288E+000  0.31474797E+000  0.23551378E+001  0.38868591E+002
  0.57893088E+000  0.31475221E+000  0.23549756E+001  0.38868195E+002
  0.57892926E+000  0.31475679E+000  0.23548164E+001  0.38867827E+002
  0.57892801E+000  0.31476172E+000  0.23546642E+001  0.38867487E+002
  0.57892714E+000  0.31476697E+000  0.23545123E+001  0.38867180E+002
  0.57892656E+000  0.31476975E+000  0.23543673E+001  0.38866905E+002
  0.57892636E+000  0.31477572E+000  0.23542239E+001  0.38866661E+002
  0.57892665E+000  0.31478187E+000  0.23540852E+001  0.38866449E+002
  0.57892732E+000  0.31478830E+000  0.23539514E+001  0.38866269E+002
  0.57892802E+000  0.31479531E+000  0.23538229E+001  0.38866119E+002
  0.57892944E+000  0.31480221E+000  0.23536997E+001  0.38866001E+002
  0.57893123E+000  0.31455678E+000  0.23538346E+001  0.38865912E+002
  0.57893338E+000  0.31456404E+000  0.23537227E+001  0.38865853E+002
  0.57893588E+000  0.31457146E+000  0.23536166E+001  0.38865823E+002
  0.57893871E+000  0.31457904E+000  0.23535165E+001  0.38865819E+002
  0.57894187E+000  0.31458673E+000  0.23534223E+001  0.38865841E+002
  0.57894533E+000  0.31459448E+000  0.23533341E+001  0.38865887E+002
  0.57894909E+000  0.31460235E+000  0.23532518E+001  0.38865956E+002
  0.57895294E+000  0.31461045E+000  0.23531755E+001  0.38866046E+002
  0.57895722E+000  0.31461840E+000  0.23531050E+001  0.38866155E+002
  0.57896173E+000  0.31462636E+000  0.23530403E+001  0.38866282E+002
  0.57896644E+000  0.31463431E+000  0.23529820E+001  0.38866423E+002
  0.57897135E+000  0.31464221E+000  0.23529286E+001  0.38866578E+002
  0.57897641E+000  0.31464999E+000  0.23528804E+001  0.38866745E+002
  0.57898161E+000  0.31465776E+000  0.23528375E+001  0.38866922E+002
  0.57898693E+000  0.31466543E+000  0.23527995E+001  0.38867107E+002
  0.57899235E+000  0.31467298E+000  0.23527663E+001  0.38867297E+002
  0.57899783E+000  0.31468039E+000  0.23527377E+001  0.38867492E+002
  0.57900335E+000  0.31468765E+000  0.23527135E+001  0.38867689E+002
  0.57900890E+000  0.31469474E+000  0.23526934E+001  0.38867888E+002
  0.57901446E+000  0.31470165E+000  0.23526772E+001  0.38868086E+002
  0.57901999E+000  0.31470837E+000  0.23526648E+001  0.38868282E+002
  0.57902549E+000  0.31471488E+000  0.23526557E+001  0.38868474E+002
  0.57903093E+000  0.31472117E+000  0.23526499E+001  0.38868663E+002
  0.57903630E+000  0.31472723E+000  0.23526470E+001  0.38868846E+002
  0.57904158E+000  0.31473307E+000  0.23526469E+001  0.38869023E+002
  0.57904676E+000  0.31473867E+000  0.23537826E+001  0.38868060E+002
  0.57905183E+000  0.31474693E+000  0.23537844E+001  0.38868222E+002
  0.57905677E+000  0.31475204E+000  0.23537912E+001  0.38868377E+002
  0.57906158E+000  0.31475691E+000  0.23537998E+001  0.38868523E+002
  0.57906624E+000  0.31476153E+000  0.23538102E+001  0.38868660E+002
  0.57907076E+000  0.31476591E+000  0.23538220E+001  0.38868788E+002
  0.57907511E+000  0.31477005E+000  0.23538350E+001  0.38868907E+002
  0.57907931E+000  0.31477395E+000  0.23538493E+001  0.38869017E+002
  0.57908334E+000  0.31477761E+000  0.23538645E+001  0.38869118E+002
  0.57908720E+000  0.31478105E+000  0.23538805E+001  0.38869211E+002
  0.57909090E+000  0.31478426E+000  0.23538972E+001  0.38869294E+002
  0.57909443E+000  0.31478726E+000  0.23539144E+001  0.38869370E+002
  0.57909779E+000  0.31479004E+000  0.23539321E+001  0.38869437E+002
  0.57910099E+000  0.31479263E+000  0.23539500E+001  0.38869497E+002
  0.57910402E+000  0.31479502E+000  0.23539682E+001  0.38869550E+002
  0.57910689E+000  0.31479723E+000  0.23539864E+001  0.38869596E+002
  0.57910960E+000  0.31479927E+000  0.23540047E+001  0.38869636E+002
  0.57911216E+000  0.31480113E+000  0.23540230E+001  0.38869669E+002
  0.57911457E+000  0.31480284E+000  0.23540411E+001  0.38869697E+002
  0.57911684E+000  0.31480439E+000  0.23540591E+001  0.38869720E+002
  0.57911896E+000  0.31480581E+000  0.23540768E+001  0.38869739E+002
  0.57912095E+000  0.31480710E+000  0.23540943E+001  0.38869753E+002
  0.57912281E+000  0.31480826E+000  0.23541115E+001  0.38869763E+002
  0.57912455E+000  0.31480930E+000  0.23541283E+001  0.38869770E+002
  0.57912616E+000  0.31481024E+000  0.23541447E+001  0.38869774E+002
  0.57912766E+000  0.31481108E+000  0.23582581E+001  0.38865678E+002
  0.57912905E+000  0.31481182E+000  0.23582738E+001  0.38865676E+002
  0.57913034E+000  0.31481248E+000  0.23582890E+001  0.38865673E+002
  0.57913153E+000  0.31481307E+000  0.23583039E+001  0.38865667E+002
  0.57913263E+000  0.31481358E+000  0.23583183E+001  0.38865660E+002
  0.57913364E+000  0.31481402E+000  0.23583323E+001  0.38865652E+002
  0.57913456E+000  0.31481441E+000  0.23583459E+001  0.38865643E+002
  0.57913540E+000  0.31481473E+000  0.23583591E+001  0.38865632E+002
  0.57913618E+000  0.31481501E+000  0.23583719E+001  0.38865621E+002
  0.57913688E+000  0.31481525E+000  0.23583842E+001  0.38865609E+002
  0.57913751E+000  0.31481544E+000  0.23583962E+001  0.38865597E+002
  0.57913809E+000  0.31481560E+000  0.23584078E+001  0.38865584E+002
  0.57913860E+000  0.31481572E+000  0.23584189E+001  0.38865572E+002
  0.57913906E+000  0.31481581E+000  0.23584298E+001  0.38865559E+002
  0.57913948E+000  0.31481588E+000  0.23584402E+001  0.38865546E+002
  0.57913984E+000  0.31481593E+000  0.23584503E+001  0.38865533E+002
  0.57914016E+000  0.31481595E+000  0.23584601E+001  0.38865520E+002
  0.57914044E+000  0.31481596E+000  0.23584695E+001  0.38865507E+002
  0.57914068E+000  0.31481595E+000  0.23584786E+001  0.38865494E+002
  0.57914089E+000  0.31481592E+000  0.23584874E+001  0.38865482E+002
  0.57914107E+000  0.31481589E+000  0.23584959E+001  0.38865470E+002
  0.57914121E+000  0.31481584E+000  0.23585040E+001  0.38865458E+002
  0.57914133E+000  0.31481578E+000  0.23585119E+001  0.38865447E+002
  0.57914142E+000  0.31481572E+000  0.23585195E+001  0.38865436E+002
  0.57914149E+000  0.31481565E+000  0.23585267E+001  0.38865425E+002
  0.57914154E+000  0.31481558E+000  0.23585337E+001  0.38865415E+002
  0.57914157E+000  0.31481550E+000  0.23585405E+001  0.38865405E+002
  0.57914158E+000  0.31481542E+000  0.23585469E+001  0.38865395E+002
  0.57914157E+000  0.31481533E+000  0.23585531E+001  0.38865386E+002
  0.57914155E+000  0.31481525E+000  0.23585590E+001  0.38865378E+002
  0.57914151E+000  0.31481516E+000  0.23585646E+001  0.38865369E+002
  0.57914147E+000  0.31481507E+000  0.23585700E+001  0.38865362E+002
  0.57914141E+000  0.31481497E+000  0.23585751E+001  0.38865354E+002
  0.57914134E+000  0.31481488E+000  0.23585800E+001  0.38865347E+002
  0.57914126E+000  0.31481479E+000  0.23585846E+001  0.38865341E+002
  0.57914117E+000  0.31481470E+000  0.23544918E+001  0.38869432E+002
  0.57914108E+000  0.31481461E+000  0.23544959E+001  0.38869427E+002
  0.57914097E+000  0.31481451E+000  0.23544998E+001  0.38869421E+002
  0.57914086E+000  0.31481442E+000  0.23545034E+001  0.38869417E+002
  0.57914075E+000  0.31481433E+000  0.23545068E+001  0.38869412E+002
  0.57914063E+000  0.31481424E+000  0.23545099E+001  0.38869409E+002
  0.57914050E+000  0.31481415E+000  0.23545128E+001  0.38869405E+002
  0.57914037E+000  0.31481405E+000  0.23545155E+001  0.38869402E+002
  0.57914024E+000  0.31481396E+000  0.23545179E+001  0.38869400E+002
  0.57914010E+000  0.31481387E+000  0.23545201E+001  0.38869397E+002
  0.57913996E+000  0.31481378E+000  0.23545221E+001  0.38869395E+002
  0.57913981E+000  0.31481369E+000  0.23545239E+001  0.38869394E+002
  0.57913966E+000  0.31481360E+000  0.23545254E+001  0.38869393E+002
  0.57913951E+000  0.31481351E+000  0.23545268E+001  0.38869392E+002
  0.57913936E+000  0.31481342E+000  0.23545279E+001  0.38869392E+002
  0.57913920E+000  0.31481333E+000  0.23545289E+001  0.38869392E+002
  0.57913904E+000  0.31481324E+000  0.23545296E+001  0.38869392E+002
  0.57913888E+000  0.31481315E+000  0.23545302E+001  0.38869392E+002
  0.57913872E+000  0.31481306E+000  0.23545305E+001  0.38869393E+002
  0.57913856E+000  0.31481297E+000  0.23545308E+001  0.38869394E+002
  0.57913840E+000  0.31481288E+000  0.23545308E+001  0.38869395E+002
  0.57913823E+000  0.31481279E+000  0.23586278E+001  0.38865300E+002
  0.57913807E+000  0.31481270E+000  0.23586276E+001  0.38865302E+002
  0.57913791E+000  0.31481261E+000  0.23586271E+001  0.38865304E+002
  0.57913774E+000  0.31481252E+000  0.23586266E+001  0.38865306E+002
  0.57913757E+000  0.31481243E+000  0.23586259E+001  0.38865308E+002
  0.57913741E+000  0.31481235E+000  0.23586250E+001  0.38865311E+002
  0.57913725E+000  0.31481226E+000  0.23586241E+001  0.38865313E+002
  0.57913708E+000  0.31481217E+000  0.23586230E+001  0.38865316E+002
  0.57913692E+000  0.31481209E+000  0.23586219E+001  0.38865319E+002
  0.57913676E+000  0.31481200E+000  0.23586206E+001  0.38865322E+002
  0.57913660E+000  0.31481192E+000  0.23586193E+001  0.38865325E+002
  0.57913644E+000  0.31481183E+000  0.23586178E+001  0.38865329E+002
  0.57913628E+000  0.31481175E+000  0.23586163E+001  0.38865332E+002
  0.57913612E+000  0.31481167E+000  0.23586148E+001  0.38865335E+002
  0.57913597E+000  0.31481159E+000  0.23586131E+001  0.38865339E+002
  0.57913582E+000  0.31481151E+000  0.23586114E+001  0.38865342E+002
  0.57913567E+000  0.31481144E+000  0.23586097E+001  0.38865345E+002
  0.57913552E+000  0.31481136E+000  0.23586079E+001  0.38865349E+002
  0.57913538E+000  0.31481129E+000  0.23586060E+001  0.38865352E+002
  0.57913524E+000  0.31481123E+000  0.23586041E+001  0.38865356E+002
  0.57913511E+000  0.31481116E+000  0.23586022E+001  0.38865359E+002
  0.57913498E+000  0.31481111E+000  0.23586002E+001  0.38865363E+002
  0.57913486E+000  0.31481106E+000  0.23585982E+001  0.38865367E+002
  0.57913475E+000  0.31481102E+000  0.23585961E+001  0.38865370E+002
  0.57913465E+000  0.31481100E+000  0.23585940E+001  0.38865374E+002
  0.57913460E+000  0.31481109E+000  0.23585918E+001  0.38865379E+002
