  0.49029284E-002  0.56976172E-001  0.10107473E+001  0.41008666E+002
  0.48963550E-002  0.57002631E-001  0.10110686E+001  0.41023440E+002
  0.48956034E-002  0.57002988E-001  0.10112372E+001  0.41033478E+002
  0.48954183E-002  0.57001376E-001  0.10113680E+001  0.41041564E+002
  0.48960760E-002  0.56996612E-001  0.10114607E+001  0.41048068E+002
  0.48972159E-002  0.56990121E-001  0.10115263E+001  0.41053337E+002
  0.48986238E-002  0.56982696E-001  0.10115727E+001  0.41057606E+002
  0.49001639E-002  0.56974842E-001  0.10116053E+001  0.41061050E+002
  0.49017440E-002  0.56966917E-001  0.10116274E+001  0.41063811E+002
  0.49033010E-002  0.56959180E-001  0.10116416E+001  0.41066004E+002
  0.49047935E-002  0.56951816E-001  0.10116497E+001  0.41067725E+002
  0.49061962E-002  0.56944947E-001  0.10116529E+001  0.41069050E+002
  0.49074953E-002  0.56938652E-001  0.10116518E+001  0.41070044E+002
  0.49086837E-002  0.56932977E-001  0.10116471E+001  0.41070762E+002
  0.49097609E-002  0.56927939E-001  0.10116391E+001  0.41071248E+002
  0.49107301E-002  0.56923531E-001  0.10116282E+001  0.41071540E+002
  0.49115970E-002  0.56919733E-001  0.10116146E+001  0.41071667E+002
  0.49123685E-002  0.56916515E-001  0.10115986E+001  0.41071655E+002
  0.49130518E-002  0.56913840E-001  0.10115805E+001  0.41071526E+002
  0.49136546E-002  0.56911666E-001  0.10115603E+001  0.41071297E+002
  0.49141841E-002  0.56909948E-001  0.10115383E+001  0.41070984E+002
  0.49146472E-002  0.56908643E-001  0.10115146E+001  0.41070599E+002
  0.49150502E-002  0.56907705E-001  0.10114895E+001  0.41070152E+002
  0.49153991E-002  0.56907089E-001  0.10114630E+001  0.41069653E+002
  0.49156992E-002  0.56906753E-001  0.10114353E+001  0.41069108E+002
  0.49159554E-002  0.56906654E-001  0.10114066E+001  0.41068524E+002
  0.49161720E-002  0.56906754E-001  0.10113770E+001  0.41067906E+002
  0.49163531E-002  0.56907013E-001  0.10113467E+001  0.41067259E+002
  0.49165022E-002  0.56907396E-001  0.10113157E+001  0.41066587E+002
  0.49166225E-002  0.56907871E-001  0.10112844E+001  0.41065893E+002
  0.49167171E-002  0.56908407E-001  0.10112527E+001  0.41065179E+002
  0.49167883E-002  0.56908976E-001  0.10112209E+001  0.41064448E+002
  0.49168388E-002  0.56909557E-001  0.10111892E+001  0.41063702E+002
  0.49168705E-002  0.56910129E-001  0.10111576E+001  0.41062943E+002
  0.49168853E-002  0.56910677E-001  0.10111263E+001  0.41062172E+002
  0.49168850E-002  0.56911191E-001  0.10110955E+001  0.41061392E+002
  0.49168710E-002  0.56911664E-001  0.10110652E+001  0.41060603E+002
  0.49168447E-002  0.56912095E-001  0.10110357E+001  0.41059807E+002
  0.49168071E-002  0.56912487E-001  0.10110069E+001  0.41059005E+002
  0.49167592E-002  0.56912849E-001  0.10109792E+001  0.41058199E+002
  0.49167020E-002  0.56913191E-001  0.10109524E+001  0.41057391E+002
  0.49166360E-002  0.56913529E-001  0.10109268E+001  0.41056580E+002
  0.49165617E-002  0.56913881E-001  0.10109024E+001  0.41055770E+002
  0.49164797E-002  0.56914265E-001  0.10108793E+001  0.41054961E+002
  0.49163902E-002  0.56914705E-001  0.10108577E+001  0.41054156E+002
  0.49162933E-002  0.56915220E-001  0.10108374E+001  0.41053356E+002
  0.49161893E-002  0.56915832E-001  0.10108188E+001  0.41052562E+002
  0.49160780E-002  0.56916561E-001  0.10108017E+001  0.41051777E+002
  0.49159596E-002  0.56917428E-001  0.10107863E+001  0.41051002E+002
  0.49158339E-002  0.56918448E-001  0.10107727E+001  0.41050240E+002
  0.49157009E-002  0.56919638E-001  0.10107608E+001  0.41049493E+002
  0.49155606E-002  0.56921012E-001  0.10107509E+001  0.41048762E+002
  0.49154129E-002  0.56922580E-001  0.10107429E+001  0.41048049E+002
  0.49152579E-002  0.56924351E-001  0.10107370E+001  0.41047356E+002
  0.49150956E-002  0.56926335E-001  0.10107331E+001  0.41046686E+002
  0.49149262E-002  0.56928536E-001  0.10107314E+001  0.41046040E+002
  0.49147499E-002  0.56930958E-001  0.10107318E+001  0.41045420E+002
  0.49145670E-002  0.56933603E-001  0.10107345E+001  0.41044827E+002
  0.49143776E-002  0.56936472E-001  0.10107394E+001  0.41044263E+002
  0.49141822E-002  0.56939564E-001  0.10107466E+001  0.41043730E+002
  0.49139811E-002  0.56942876E-001  0.10107561E+001  0.41043228E+002
  0.49137747E-002  0.56946405E-001  0.10107679E+001  0.41042759E+002
  0.49135634E-002  0.56950144E-001  0.10107820E+001  0.41042323E+002
  0.49133477E-002  0.56954088E-001  0.10107983E+001  0.41041922E+002
  0.49131280E-002  0.56958226E-001  0.10108169E+001  0.41041555E+002
  0.49129047E-002  0.56962550E-001  0.10108376E+001  0.41041223E+002
  0.49126783E-002  0.56967047E-001  0.10108605E+001  0.41040925E+002
  0.49124493E-002  0.56971707E-001  0.10108853E+001  0.41040663E+002
  0.49122181E-002  0.56976515E-001  0.10109122E+001  0.41040434E+002
  0.49119851E-002  0.56981456E-001  0.10109409E+001  0.41040239E+002
  0.49117510E-002  0.56986514E-001  0.10109713E+001  0.41040077E+002
  0.49115160E-002  0.56991674E-001  0.10110034E+001  0.41039947E+002
  0.49112808E-002  0.56996918E-001  0.10110369E+001  0.41039847E+002
  0.49110457E-002  0.57002227E-001  0.10110719E+001  0.41039776E+002
  0.49108113E-002  0.57007584E-001  0.10111081E+001  0.41039733E+002
  0.49105780E-002  0.57012969E-001  0.10111454E+001  0.41039716E+002
  0.49103462E-002  0.57018364E-001  0.10111837E+001  0.41039724E+002
  0.49101165E-002  0.57023750E-001  0.10112228E+001  0.41039754E+002
  0.49098891E-002  0.57029107E-001  0.10112625E+001  0.41039804E+002
  0.49096646E-002  0.57034418E-001  0.10113027E+001  0.41039874E+002
  0.49094434E-002  0.57039664E-001  0.10113433E+001  0.41039960E+002
  0.49092257E-002  0.57044827E-001  0.10113841E+001  0.41040061E+002
  0.49090119E-002  0.57049891E-001  0.10114249E+001  0.41040175E+002
  0.49088025E-002  0.57054839E-001  0.10114657E+001  0.41040300E+002
  0.49085976E-002  0.57059657E-001  0.10115062E+001  0.41040434E+002
  0.49083975E-002  0.57064331E-001  0.10115464E+001  0.41040575E+002
  0.49082025E-002  0.57068849E-001  0.10115861E+001  0.41040722E+002
  0.49080128E-002  0.57073199E-001  0.10116252E+001  0.41040873E+002
  0.49078286E-002  0.57077371E-001  0.10116636E+001  0.41041026E+002
  0.49076501E-002  0.57081357E-001  0.10117012E+001  0.41041181E+002
  0.49074774E-002  0.57085151E-001  0.10117379E+001  0.41041335E+002
  0.49073106E-002  0.57088746E-001  0.10117736E+001  0.41041487E+002
  0.49071498E-002  0.57092139E-001  0.10118083E+001  0.41041637E+002
  0.49069951E-002  0.57095328E-001  0.10118418E+001  0.41041784E+002
  0.49068465E-002  0.57098311E-001  0.10118742E+001  0.41041926E+002
  0.49067041E-002  0.57101089E-001  0.10119054E+001  0.41042064E+002
  0.49065678E-002  0.57103665E-001  0.10119353E+001  0.41042196E+002
  0.49064376E-002  0.57106040E-001  0.10119640E+001  0.41042321E+002
  0.49063135E-002  0.57108219E-001  0.10119914E+001  0.41042441E+002
  0.49061955E-002  0.57110207E-001  0.10120175E+001  0.41042554E+002
  0.49060834E-002  0.57112011E-001  0.10120423E+001  0.41042660E+002
  0.49059771E-002  0.57113637E-001  0.10120658E+001  0.41042759E+002
  0.49058766E-002  0.57115093E-001  0.10120881E+001  0.41042851E+002
  0.49057816E-002  0.57116387E-001  0.10121090E+001  0.41042936E+002
  0.49056922E-002  0.57117529E-001  0.10121288E+001  0.41043014E+002
  0.49056081E-002  0.57118526E-001  0.10121473E+001  0.41043086E+002
  0.49055293E-002  0.57119388E-001  0.10121646E+001  0.41043152E+002
  0.49054554E-002  0.57120126E-001  0.10121808E+001  0.41043211E+002
  0.49053863E-002  0.57120747E-001  0.10121959E+001  0.41043265E+002
  0.49053220E-002  0.57121262E-001  0.10122099E+001  0.41043313E+002
  0.49052621E-002  0.57121680E-001  0.10122229E+001  0.41043356E+002
  0.49052065E-002  0.57122011E-001  0.10122349E+001  0.41043394E+002
  0.49051551E-002  0.57122261E-001  0.10122460E+001  0.41043427E+002
  0.49051075E-002  0.57122441E-001  0.10122562E+001  0.41043457E+002
  0.49050637E-002  0.57122558E-001  0.10122656E+001  0.41043482E+002
  0.49050235E-002  0.57122621E-001  0.10122741E+001  0.41043504E+002
  0.49049866E-002  0.57122635E-001  0.10122819E+001  0.41043523E+002
  0.49049528E-002  0.57122608E-001  0.10122890E+001  0.41043539E+002
  0.49049221E-002  0.57122545E-001  0.10122954E+001  0.41043552E+002
  0.49048941E-002  0.57122454E-001  0.10123012E+001  0.41043562E+002
  0.49048688E-002  0.57122339E-001  0.10123065E+001  0.41043571E+002
  0.49048460E-002  0.57122204E-001  0.10123112E+001  0.41043578E+002
  0.49048254E-002  0.57122054E-001  0.10123154E+001  0.41043583E+002
  0.49048070E-002  0.57121894E-001  0.10123191E+001  0.41043586E+002
  0.49047906E-002  0.57121725E-001  0.10123224E+001  0.41043589E+002
  0.49047760E-002  0.57121552E-001  0.10123253E+001  0.41043590E+002
  0.49047631E-002  0.57121376E-001  0.10123279E+001  0.41043590E+002
  0.49047518E-002  0.57121201E-001  0.10123302E+001  0.41043590E+002
  0.49047419E-002  0.57121027E-001  0.10123322E+001  0.41043589E+002
  0.49047333E-002  0.57120857E-001  0.10123339E+001  0.41043587E+002
  0.49047260E-002  0.57120691E-001  0.10123353E+001  0.41043584E+002
  0.49047197E-002  0.57120532E-001  0.10123366E+001  0.41043582E+002
  0.49047144E-002  0.57120378E-001  0.10123377E+001  0.41043579E+002
  0.49047099E-002  0.57120232E-001  0.10123386E+001  0.41043576E+002
  0.49047063E-002  0.57120093E-001  0.10123393E+001  0.41043572E+002
  0.49047034E-002  0.57119962E-001  0.10123400E+001  0.41043569E+002
  0.49047011E-002  0.57119839E-001  0.10123405E+001  0.41043565E+002
  0.49046994E-002  0.57119724E-001  0.10123409E+001  0.41043561E+002
  0.49046982E-002  0.57119616E-001  0.10123412E+001  0.41043558E+002
  0.49046974E-002  0.57119515E-001  0.10123414E+001  0.41043554E+002
  0.49046969E-002  0.57119422E-001  0.10123416E+001  0.41043550E+002
  0.49046968E-002  0.57119336E-001  0.10123418E+001  0.41043547E+002
  0.49046969E-002  0.57119256E-001  0.10123418E+001  0.41043543E+002
  0.49046973E-002  0.57119182E-001  0.10123419E+001  0.41043540E+002
  0.49046978E-002  0.57119113E-001  0.10123419E+001  0.41043537E+002
  0.49046985E-002  0.57119050E-001  0.10123419E+001  0.41043534E+002
  0.49046993E-002  0.57118992E-001  0.10123418E+001  0.41043531E+002
  0.49047001E-002  0.57118938E-001  0.10123417E+001  0.41043528E+002
  0.49047011E-002  0.57118887E-001  0.10123417E+001  0.41043526E+002
  0.49047020E-002  0.57118840E-001  0.10123416E+001  0.41043523E+002
  0.49047029E-002  0.57118796E-001  0.10123415E+001  0.41043521E+002
  0.49047039E-002  0.57118755E-001  0.10123413E+001  0.41043519E+002
  0.49047048E-002  0.57118716E-001  0.10123412E+001  0.41043517E+002
  0.49047057E-002  0.57118679E-001  0.10123410E+001  0.41043516E+002
  0.49047065E-002  0.57118643E-001  0.10123409E+001  0.41043514E+002
  0.49047072E-002  0.57118608E-001  0.10123407E+001  0.41043513E+002
  0.49047079E-002  0.57118574E-001  0.10123405E+001  0.41043512E+002
  0.49047085E-002  0.57118541E-001  0.10123403E+001  0.41043511E+002
  0.49047091E-002  0.57118508E-001  0.10123401E+001  0.41043510E+002
  0.49047095E-002  0.57118476E-001  0.10123399E+001  0.41043510E+002
  0.49047099E-002  0.57118443E-001  0.10123397E+001  0.41043509E+002
  0.49047101E-002  0.57118411E-001  0.10123394E+001  0.41043509E+002
  0.49047103E-002  0.57118378E-001  0.10123392E+001  0.41043509E+002
  0.49047104E-002  0.57118344E-001  0.10123389E+001  0.41043510E+002
  0.49047104E-002  0.57118310E-001  0.10123386E+001  0.41043510E+002
  0.49047104E-002  0.57118276E-001  0.10123383E+001  0.41043511E+002
  0.49047102E-002  0.57118241E-001  0.10123380E+001  0.41043511E+002
  0.49047100E-002  0.57118205E-001  0.10123376E+001  0.41043512E+002
  0.49047097E-002  0.57118168E-001  0.10123373E+001  0.41043513E+002
  0.49047093E-002  0.57118131E-001  0.10123369E+001  0.41043514E+002
  0.49047089E-002  0.57118093E-001  0.10123365E+001  0.41043515E+002
  0.49047084E-002  0.57118054E-001  0.10123361E+001  0.41043517E+002
  0.49047079E-002  0.57118015E-001  0.10123357E+001  0.41043518E+002
  0.49047072E-002  0.57117975E-001  0.10123352E+001  0.41043520E+002
  0.49047066E-002  0.57117934E-001  0.10123348E+001  0.41043522E+002
  0.49047059E-002  0.57117893E-001  0.10123343E+001  0.41043523E+002
  0.49047051E-002  0.57117852E-001  0.10123338E+001  0.41043525E+002
  0.49047044E-002  0.57117810E-001  0.10123333E+001  0.41043527E+002
  0.49047036E-002  0.57117768E-001  0.10123328E+001  0.41043529E+002
  0.49047027E-002  0.57117725E-001  0.10123323E+001  0.41043531E+002
  0.49047019E-002  0.57117683E-001  0.10123317E+001  0.41043533E+002
  0.49047010E-002  0.57117640E-001  0.10123312E+001  0.41043535E+002
  0.49047001E-002  0.57117598E-001  0.10123306E+001  0.41043537E+002
  0.49046992E-002  0.57117555E-001  0.10123301E+001  0.41043539E+002
  0.49046983E-002  0.57117513E-001  0.10123295E+001  0.41043542E+002
  0.49046974E-002  0.57117471E-001  0.10123290E+001  0.41043544E+002
  0.49046964E-002  0.57117429E-001  0.10123284E+001  0.41043546E+002
  0.49046955E-002  0.57117388E-001  0.10123278E+001  0.41043548E+002
  0.49046946E-002  0.57117347E-001  0.10123272E+001  0.41043550E+002
  0.49046936E-002  0.57117307E-001  0.10123267E+001  0.41043552E+002
  0.49046926E-002  0.57117269E-001  0.10123261E+001  0.41043554E+002
  0.49046916E-002  0.57117231E-001  0.10123255E+001  0.41043556E+002
  0.49046906E-002  0.57117195E-001  0.10123250E+001  0.41043559E+002
  0.49046895E-002  0.57117161E-001  0.10123244E+001  0.41043560E+002
  0.49046883E-002  0.57117129E-001  0.10123239E+001  0.41043562E+002
  0.49046870E-002  0.57117101E-001  0.10123235E+001  0.41043564E+002
  0.49046855E-002  0.57117079E-001  0.10123230E+001  0.41043566E+002
  0.49046837E-002  0.57117062E-001  0.10123226E+001  0.41043568E+002
  0.49046811E-002  0.57117059E-001  0.10123224E+001  0.41043570E+002
  0.49046764E-002  0.57117080E-001  0.10123222E+001  0.41043573E+002
