  0.42099906E+000
  0.42064966E+000
  0.42033343E+000
  0.42009921E+000
  0.41990254E+000
  0.41973642E+000
  0.41959570E+000
  0.41947631E+000
  0.41937490E+000
  0.41928868E+000
  0.41921532E+000
  0.41915286E+000
  0.41909969E+000
  0.41905444E+000
  0.41901594E+000
  0.41898325E+000
  0.41895554E+000
  0.41893213E+000
  0.41891245E+000
  0.41889602E+000
  0.41888241E+000
  0.41887130E+000
  0.41886239E+000
  0.41885544E+000
  0.41885024E+000
  0.41884663E+000
  0.41884447E+000
  0.41884365E+000
  0.41884406E+000
  0.41884564E+000
  0.41884834E+000
  0.41885212E+000
  0.41885694E+000
  0.41886279E+000
  0.41886966E+000
  0.41887756E+000
  0.41888650E+000
  0.41889648E+000
  0.41890754E+000
  0.41891970E+000
  0.41893298E+000
  0.41894741E+000
  0.41896303E+000
  0.41897987E+000
  0.41899794E+000
  0.41901730E+000
  0.41903794E+000
  0.41905992E+000
  0.41908323E+000
  0.41910789E+000
  0.41913392E+000
  0.41916132E+000
  0.41919008E+000
  0.41922020E+000
  0.41925167E+000
  0.41928445E+000
  0.41931852E+000
  0.41935385E+000
  0.41939038E+000
  0.41942808E+000
  0.41946688E+000
  0.41950671E+000
  0.41954750E+000
  0.41958919E+000
  0.41963167E+000
  0.41967487E+000
  0.41971868E+000
  0.41976301E+000
  0.41980776E+000
  0.41985281E+000
  0.41989807E+000
  0.41994341E+000
  0.41998873E+000
  0.42003391E+000
  0.42007884E+000
  0.42012340E+000
  0.42016750E+000
  0.42021101E+000
  0.42025383E+000
  0.42029586E+000
  0.42033702E+000
  0.42037720E+000
  0.42041632E+000
  0.42045430E+000
  0.42049108E+000
  0.42052659E+000
  0.42056077E+000
  0.42059358E+000
  0.42062498E+000
  0.42065495E+000
  0.42068345E+000
  0.42071048E+000
  0.42073603E+000
  0.42076012E+000
  0.42078274E+000
  0.42080391E+000
  0.42082368E+000
  0.42084206E+000
  0.42085909E+000
  0.42087482E+000
  0.42088930E+000
  0.42090257E+000
  0.42091470E+000
  0.42092573E+000
  0.42093572E+000
  0.42094475E+000
  0.42095286E+000
  0.42096011E+000
  0.42096657E+000
  0.42097230E+000
  0.42097735E+000
  0.42098178E+000
  0.42098564E+000
  0.42098898E+000
  0.42099186E+000
  0.42099431E+000
  0.42099638E+000
  0.42099812E+000
  0.42099955E+000
  0.42100072E+000
  0.42100165E+000
  0.42100238E+000
  0.42100292E+000
  0.42100331E+000
  0.42100356E+000
  0.42100370E+000
  0.42100374E+000
  0.42100370E+000
  0.42100358E+000
  0.42100341E+000
  0.42100319E+000
  0.42100293E+000
  0.42100264E+000
  0.42100233E+000
  0.42100200E+000
  0.42100165E+000
  0.42100130E+000
  0.42100094E+000
  0.42100058E+000
  0.42100022E+000
  0.42099986E+000
  0.42099951E+000
  0.42099917E+000
  0.42099883E+000
  0.42099851E+000
  0.42099819E+000
  0.42099789E+000
  0.42099760E+000
  0.42099732E+000
  0.42099705E+000
  0.42099680E+000
  0.42099656E+000
  0.42099634E+000
  0.42099613E+000
  0.42099594E+000
  0.42099576E+000
  0.42099560E+000
  0.42099545E+000
  0.42099531E+000
  0.42099519E+000
  0.42099508E+000
  0.42099499E+000
  0.42099491E+000
  0.42099485E+000
  0.42099479E+000
  0.42099476E+000
  0.42099473E+000
  0.42099471E+000
  0.42099471E+000
  0.42099471E+000
  0.42099473E+000
  0.42099476E+000
  0.42099480E+000
  0.42099484E+000
  0.42099490E+000
  0.42099496E+000
  0.42099503E+000
  0.42099510E+000
  0.42099519E+000
  0.42099527E+000
  0.42099537E+000
  0.42099547E+000
  0.42099557E+000
  0.42099568E+000
  0.42099579E+000
  0.42099590E+000
  0.42099602E+000
  0.42099614E+000
  0.42099627E+000
  0.42099640E+000
  0.42099654E+000
  0.42099668E+000
  0.42099684E+000
  0.42099701E+000
  0.42099720E+000
  0.42099742E+000
  0.42099768E+000
  0.42099798E+000
  0.42099838E+000
  0.42099889E+000
