 -0.51990914E-001  0.47410908E-002  0.44201657E+000  0.12892296E+001
 -0.51914638E-001  0.47727092E-002  0.44197991E+000  0.12877608E+001
 -0.51902548E-001  0.47697162E-002  0.44176832E+000  0.12866984E+001
 -0.51896585E-001  0.47690837E-002  0.44158760E+000  0.12859369E+001
 -0.51900065E-001  0.47667736E-002  0.44141971E+000  0.12853239E+001
 -0.51909008E-001  0.47638669E-002  0.44127142E+000  0.12848195E+001
 -0.51921176E-001  0.47607300E-002  0.44114246E+000  0.12844009E+001
 -0.51935188E-001  0.47575345E-002  0.44103076E+000  0.12840523E+001
 -0.51950113E-001  0.47543506E-002  0.44093419E+000  0.12837613E+001
 -0.51965293E-001  0.47512325E-002  0.44085094E+000  0.12835180E+001
 -0.51980269E-001  0.47482153E-002  0.44077952E+000  0.12833140E+001
 -0.51994728E-001  0.47453197E-002  0.44071865E+000  0.12831424E+001
 -0.52008465E-001  0.47425589E-002  0.44066723E+000  0.12829976E+001
 -0.52021340E-001  0.47399482E-002  0.44062425E+000  0.12828750E+001
 -0.52033278E-001  0.47374960E-002  0.44058894E+000  0.12827708E+001
 -0.52044254E-001  0.47352068E-002  0.44056056E+000  0.12826816E+001
 -0.52054273E-001  0.47330836E-002  0.44053842E+000  0.12826051E+001
 -0.52063360E-001  0.47311290E-002  0.44052186E+000  0.12825391E+001
 -0.52071553E-001  0.47293443E-002  0.44051028E+000  0.12824819E+001
 -0.52078900E-001  0.47277298E-002  0.44050312E+000  0.12824323E+001
 -0.52085454E-001  0.47262843E-002  0.44049985E+000  0.12823891E+001
 -0.52091270E-001  0.47250055E-002  0.44050002E+000  0.12823516E+001
 -0.52096403E-001  0.47238899E-002  0.44050317E+000  0.12823191E+001
 -0.52100907E-001  0.47229328E-002  0.44050889E+000  0.12822910E+001
 -0.52104836E-001  0.47221284E-002  0.44051682E+000  0.12822670E+001
 -0.52108237E-001  0.47214700E-002  0.44052659E+000  0.12822469E+001
 -0.52111158E-001  0.47209502E-002  0.44053789E+000  0.12822304E+001
 -0.52113642E-001  0.47205607E-002  0.44055041E+000  0.12822174E+001
 -0.52115730E-001  0.47202920E-002  0.44056387E+000  0.12822080E+001
 -0.52117458E-001  0.47201342E-002  0.44057803E+000  0.12822020E+001
 -0.52118861E-001  0.47200764E-002  0.44059266E+000  0.12821997E+001
 -0.52119972E-001  0.47201076E-002  0.44060756E+000  0.12822009E+001
 -0.52120818E-001  0.47202161E-002  0.44062256E+000  0.12822059E+001
 -0.52121425E-001  0.47203900E-002  0.44063751E+000  0.12822148E+001
 -0.52121818E-001  0.47206176E-002  0.44065231E+000  0.12822277E+001
 -0.52122017E-001  0.47208871E-002  0.44066687E+000  0.12822447E+001
 -0.52122040E-001  0.47211875E-002  0.44068115E+000  0.12822658E+001
 -0.52121903E-001  0.47215084E-002  0.44069512E+000  0.12822914E+001
 -0.52121620E-001  0.47218403E-002  0.44070879E+000  0.12823213E+001
 -0.52121204E-001  0.47221749E-002  0.44072221E+000  0.12823558E+001
 -0.52120662E-001  0.47225052E-002  0.44073542E+000  0.12823948E+001
 -0.52120004E-001  0.47228259E-002  0.44074851E+000  0.12824385E+001
 -0.52119234E-001  0.47231330E-002  0.44076157E+000  0.12824868E+001
 -0.52118358E-001  0.47234239E-002  0.44077470E+000  0.12825399E+001
 -0.52117378E-001  0.47236976E-002  0.44078801E+000  0.12825976E+001
 -0.52116297E-001  0.47239541E-002  0.44080160E+000  0.12826601E+001
 -0.52115115E-001  0.47241946E-002  0.44081557E+000  0.12827273E+001
 -0.52113833E-001  0.47244207E-002  0.44083003E+000  0.12827992E+001
 -0.52112451E-001  0.47246348E-002  0.44084504E+000  0.12828758E+001
 -0.52110967E-001  0.47248396E-002  0.44086067E+000  0.12829572E+001
 -0.52109383E-001  0.47250376E-002  0.44087698E+000  0.12830432E+001
 -0.52107697E-001  0.47252314E-002  0.44089401E+000  0.12831339E+001
 -0.52105909E-001  0.47254230E-002  0.44091177E+000  0.12832292E+001
 -0.52104020E-001  0.47256146E-002  0.44093027E+000  0.12833291E+001
 -0.52102030E-001  0.47258076E-002  0.44094952E+000  0.12834335E+001
 -0.52099941E-001  0.47260032E-002  0.44096950E+000  0.12835424E+001
 -0.52097755E-001  0.47262022E-002  0.44099019E+000  0.12836556E+001
 -0.52095474E-001  0.47264053E-002  0.44101156E+000  0.12837731E+001
 -0.52093101E-001  0.47266127E-002  0.44103358E+000  0.12838946E+001
 -0.52090641E-001  0.47268246E-002  0.44105621E+000  0.12840201E+001
 -0.52088097E-001  0.47270409E-002  0.44107941E+000  0.12841493E+001
 -0.52085475E-001  0.47272615E-002  0.44110313E+000  0.12842821E+001
 -0.52082779E-001  0.47274862E-002  0.44112732E+000  0.12844181E+001
 -0.52080015E-001  0.47277147E-002  0.44115193E+000  0.12845573E+001
 -0.52077190E-001  0.47279466E-002  0.44117692E+000  0.12846992E+001
 -0.52074309E-001  0.47281815E-002  0.44120221E+000  0.12848435E+001
 -0.52071379E-001  0.47284191E-002  0.44122777E+000  0.12849901E+001
 -0.52068408E-001  0.47286589E-002  0.44125352E+000  0.12851384E+001
 -0.52065402E-001  0.47289004E-002  0.44127940E+000  0.12852883E+001
 -0.52062369E-001  0.47291432E-002  0.44130537E+000  0.12854393E+001
 -0.52059316E-001  0.47293869E-002  0.44133134E+000  0.12855910E+001
 -0.52056252E-001  0.47296308E-002  0.44135727E+000  0.12857432E+001
 -0.52053183E-001  0.47298747E-002  0.44138308E+000  0.12858953E+001
 -0.52050117E-001  0.47301179E-002  0.44140872E+000  0.12860471E+001
 -0.52047063E-001  0.47303600E-002  0.44143413E+000  0.12861981E+001
 -0.52044028E-001  0.47306005E-002  0.44145923E+000  0.12863480E+001
 -0.52041020E-001  0.47308390E-002  0.44148398E+000  0.12864963E+001
 -0.52038046E-001  0.47310750E-002  0.44150831E+000  0.12866428E+001
 -0.52035112E-001  0.47313080E-002  0.44153218E+000  0.12867871E+001
 -0.52032227E-001  0.47315376E-002  0.44155552E+000  0.12869288E+001
 -0.52029397E-001  0.47317635E-002  0.44157829E+000  0.12870676E+001
 -0.52026628E-001  0.47319851E-002  0.44160044E+000  0.12872031E+001
 -0.52023926E-001  0.47322022E-002  0.44162193E+000  0.12873352E+001
 -0.52021296E-001  0.47324143E-002  0.44164272E+000  0.12874635E+001
 -0.52018745E-001  0.47326211E-002  0.44166278E+000  0.12875878E+001
 -0.52016275E-001  0.47328224E-002  0.44168207E+000  0.12877079E+001
 -0.52013891E-001  0.47330180E-002  0.44170058E+000  0.12878235E+001
 -0.52011597E-001  0.47332075E-002  0.44171827E+000  0.12879346E+001
 -0.52009396E-001  0.47333909E-002  0.44173514E+000  0.12880410E+001
 -0.52007290E-001  0.47335678E-002  0.44175117E+000  0.12881425E+001
 -0.52005280E-001  0.47337383E-002  0.44176636E+000  0.12882391E+001
 -0.52003369E-001  0.47339021E-002  0.44178070E+000  0.12883308E+001
 -0.52001556E-001  0.47340593E-002  0.44179420E+000  0.12884176E+001
 -0.51999842E-001  0.47342099E-002  0.44180686E+000  0.12884994E+001
 -0.51998227E-001  0.47343539E-002  0.44181870E+000  0.12885763E+001
 -0.51996709E-001  0.47344912E-002  0.44182972E+000  0.12886483E+001
 -0.51995287E-001  0.47346221E-002  0.44183996E+000  0.12887156E+001
 -0.51993960E-001  0.47347465E-002  0.44184942E+000  0.12887782E+001
 -0.51992726E-001  0.47348645E-002  0.44185815E+000  0.12888362E+001
 -0.51991581E-001  0.47349764E-002  0.44186615E+000  0.12888899E+001
 -0.51990523E-001  0.47350822E-002  0.44187348E+000  0.12889393E+001
 -0.51989549E-001  0.47351822E-002  0.44188014E+000  0.12889847E+001
 -0.51988655E-001  0.47352764E-002  0.44188619E+000  0.12890261E+001
 -0.51987838E-001  0.47353652E-002  0.44189165E+000  0.12890639E+001
 -0.51987094E-001  0.47354487E-002  0.44189655E+000  0.12890981E+001
 -0.51986419E-001  0.47355272E-002  0.44190095E+000  0.12891291E+001
 -0.51985809E-001  0.47356007E-002  0.44190485E+000  0.12891569E+001
 -0.51985260E-001  0.47356696E-002  0.44190832E+000  0.12891819E+001
 -0.51984769E-001  0.47357340E-002  0.44191137E+000  0.12892041E+001
 -0.51984331E-001  0.47357942E-002  0.44191404E+000  0.12892239E+001
 -0.51983943E-001  0.47358504E-002  0.44191637E+000  0.12892413E+001
 -0.51983600E-001  0.47359027E-002  0.44191838E+000  0.12892566E+001
 -0.51983299E-001  0.47359514E-002  0.44192011E+000  0.12892700E+001
 -0.51983037E-001  0.47359967E-002  0.44192159E+000  0.12892815E+001
 -0.51982810E-001  0.47360388E-002  0.44192283E+000  0.12892915E+001
 -0.51982614E-001  0.47360777E-002  0.44192387E+000  0.12893001E+001
 -0.51982447E-001  0.47361138E-002  0.44192473E+000  0.12893073E+001
 -0.51982307E-001  0.47361472E-002  0.44192543E+000  0.12893134E+001
 -0.51982189E-001  0.47361779E-002  0.44192599E+000  0.12893184E+001
 -0.51982092E-001  0.47362063E-002  0.44192643E+000  0.12893225E+001
 -0.51982013E-001  0.47362323E-002  0.44192676E+000  0.12893258E+001
 -0.51981951E-001  0.47362563E-002  0.44192700E+000  0.12893284E+001
 -0.51981903E-001  0.47362782E-002  0.44192716E+000  0.12893303E+001
 -0.51981867E-001  0.47362982E-002  0.44192726E+000  0.12893317E+001
 -0.51981842E-001  0.47363164E-002  0.44192730E+000  0.12893326E+001
 -0.51981827E-001  0.47363330E-002  0.44192730E+000  0.12893332E+001
 -0.51981819E-001  0.47363480E-002  0.44192725E+000  0.12893333E+001
 -0.51981818E-001  0.47363615E-002  0.44192718E+000  0.12893332E+001
 -0.51981823E-001  0.47363737E-002  0.44192708E+000  0.12893329E+001
 -0.51981833E-001  0.47363847E-002  0.44192696E+000  0.12893323E+001
 -0.51981847E-001  0.47363944E-002  0.44192682E+000  0.12893316E+001
 -0.51981864E-001  0.47364031E-002  0.44192667E+000  0.12893307E+001
 -0.51981884E-001  0.47364107E-002  0.44192651E+000  0.12893297E+001
 -0.51981906E-001  0.47364174E-002  0.44192634E+000  0.12893286E+001
 -0.51981929E-001  0.47364232E-002  0.44192617E+000  0.12893275E+001
 -0.51981954E-001  0.47364282E-002  0.44192600E+000  0.12893263E+001
 -0.51981979E-001  0.47364325E-002  0.44192583E+000  0.12893251E+001
 -0.51982004E-001  0.47364362E-002  0.44192566E+000  0.12893238E+001
 -0.51982030E-001  0.47364392E-002  0.44192548E+000  0.12893226E+001
 -0.51982056E-001  0.47364417E-002  0.44192532E+000  0.12893213E+001
 -0.51982081E-001  0.47364438E-002  0.44192515E+000  0.12893201E+001
 -0.51982106E-001  0.47364454E-002  0.44192499E+000  0.12893189E+001
 -0.51982131E-001  0.47364466E-002  0.44192483E+000  0.12893177E+001
 -0.51982155E-001  0.47364475E-002  0.44192467E+000  0.12893165E+001
 -0.51982178E-001  0.47364481E-002  0.44192453E+000  0.12893154E+001
 -0.51982200E-001  0.47364484E-002  0.44192438E+000  0.12893143E+001
 -0.51982222E-001  0.47364486E-002  0.44192424E+000  0.12893132E+001
 -0.51982242E-001  0.47364486E-002  0.44192411E+000  0.12893122E+001
 -0.51982262E-001  0.47364485E-002  0.44192399E+000  0.12893113E+001
 -0.51982281E-001  0.47364482E-002  0.44192387E+000  0.12893103E+001
 -0.51982299E-001  0.47364479E-002  0.44192376E+000  0.12893095E+001
 -0.51982315E-001  0.47364476E-002  0.44192365E+000  0.12893086E+001
 -0.51982331E-001  0.47364472E-002  0.44192356E+000  0.12893078E+001
 -0.51982346E-001  0.47364469E-002  0.44192347E+000  0.12893071E+001
 -0.51982360E-001  0.47364465E-002  0.44192338E+000  0.12893064E+001
 -0.51982373E-001  0.47364462E-002  0.44192331E+000  0.12893058E+001
 -0.51982385E-001  0.47364460E-002  0.44192324E+000  0.12893052E+001
 -0.51982397E-001  0.47364459E-002  0.44192318E+000  0.12893047E+001
 -0.51982407E-001  0.47364458E-002  0.44192313E+000  0.12893042E+001
 -0.51982417E-001  0.47364458E-002  0.44192309E+000  0.12893038E+001
 -0.51982425E-001  0.47364459E-002  0.44192305E+000  0.12893034E+001
 -0.51982433E-001  0.47364461E-002  0.44192302E+000  0.12893031E+001
 -0.51982441E-001  0.47364465E-002  0.44192300E+000  0.12893028E+001
 -0.51982447E-001  0.47364469E-002  0.44192299E+000  0.12893026E+001
 -0.51982453E-001  0.47364475E-002  0.44192298E+000  0.12893024E+001
 -0.51982459E-001  0.47364481E-002  0.44192298E+000  0.12893022E+001
 -0.51982463E-001  0.47364489E-002  0.44192299E+000  0.12893021E+001
 -0.51982468E-001  0.47364499E-002  0.44192301E+000  0.12893020E+001
 -0.51982471E-001  0.47364509E-002  0.44192303E+000  0.12893020E+001
 -0.51982474E-001  0.47364520E-002  0.44192306E+000  0.12893020E+001
 -0.51982477E-001  0.47364533E-002  0.44192310E+000  0.12893020E+001
 -0.51982479E-001  0.47364546E-002  0.44192314E+000  0.12893021E+001
 -0.51982481E-001  0.47364560E-002  0.44192319E+000  0.12893022E+001
 -0.51982482E-001  0.47364576E-002  0.44192325E+000  0.12893023E+001
 -0.51982483E-001  0.47364592E-002  0.44192331E+000  0.12893025E+001
 -0.51982483E-001  0.47364609E-002  0.44192337E+000  0.12893026E+001
 -0.51982483E-001  0.47364626E-002  0.44192344E+000  0.12893028E+001
 -0.51982483E-001  0.47364645E-002  0.44192352E+000  0.12893031E+001
 -0.51982483E-001  0.47364664E-002  0.44192359E+000  0.12893033E+001
 -0.51982482E-001  0.47364683E-002  0.44192368E+000  0.12893036E+001
 -0.51982481E-001  0.47364703E-002  0.44192376E+000  0.12893039E+001
 -0.51982480E-001  0.47364724E-002  0.44192385E+000  0.12893042E+001
 -0.51982479E-001  0.47364744E-002  0.44192394E+000  0.12893045E+001
 -0.51982477E-001  0.47364765E-002  0.44192403E+000  0.12893048E+001
 -0.51982476E-001  0.47364787E-002  0.44192413E+000  0.12893052E+001
 -0.51982474E-001  0.47364808E-002  0.44192423E+000  0.12893055E+001
 -0.51982472E-001  0.47364829E-002  0.44192433E+000  0.12893059E+001
 -0.51982469E-001  0.47364851E-002  0.44192443E+000  0.12893063E+001
 -0.51982467E-001  0.47364873E-002  0.44192453E+000  0.12893067E+001
 -0.51982464E-001  0.47364894E-002  0.44192464E+000  0.12893071E+001
 -0.51982461E-001  0.47364916E-002  0.44192475E+000  0.12893075E+001
 -0.51982457E-001  0.47364938E-002  0.44192486E+000  0.12893080E+001
 -0.51982452E-001  0.47364960E-002  0.44192498E+000  0.12893085E+001
 -0.51982447E-001  0.47364982E-002  0.44192511E+000  0.12893090E+001
 -0.51982440E-001  0.47365004E-002  0.44192524E+000  0.12893097E+001
 -0.51982431E-001  0.47365026E-002  0.44192539E+000  0.12893104E+001
 -0.51982420E-001  0.47365049E-002  0.44192556E+000  0.12893112E+001
 -0.51982405E-001  0.47365071E-002  0.44192576E+000  0.12893122E+001
 -0.51982380E-001  0.47365090E-002  0.44192601E+000  0.12893135E+001
 -0.51982332E-001  0.47365163E-002  0.44192644E+000  0.12893151E+001
