  0.43798579E+000
  0.43762158E+000
  0.43730853E+000
  0.43707687E+000
  0.43688404E+000
  0.43672218E+000
  0.43658579E+000
  0.43647063E+000
  0.43637325E+000
  0.43629081E+000
  0.43622096E+000
  0.43616173E+000
  0.43611152E+000
  0.43606894E+000
  0.43603286E+000
  0.43600233E+000
  0.43597656E+000
  0.43595488E+000
  0.43593673E+000
  0.43592165E+000
  0.43590923E+000
  0.43589917E+000
  0.43589117E+000
  0.43588500E+000
  0.43588048E+000
  0.43587746E+000
  0.43587578E+000
  0.43587536E+000
  0.43587611E+000
  0.43587795E+000
  0.43588085E+000
  0.43588476E+000
  0.43588967E+000
  0.43589556E+000
  0.43590242E+000
  0.43591027E+000
  0.43591912E+000
  0.43592898E+000
  0.43593987E+000
  0.43595183E+000
  0.43596488E+000
  0.43597905E+000
  0.43599438E+000
  0.43601089E+000
  0.43602861E+000
  0.43604757E+000
  0.43606781E+000
  0.43608933E+000
  0.43611216E+000
  0.43613632E+000
  0.43616181E+000
  0.43618864E+000
  0.43621680E+000
  0.43624628E+000
  0.43627708E+000
  0.43630917E+000
  0.43634251E+000
  0.43637708E+000
  0.43641284E+000
  0.43644972E+000
  0.43648768E+000
  0.43652665E+000
  0.43656656E+000
  0.43660734E+000
  0.43664890E+000
  0.43669115E+000
  0.43673401E+000
  0.43677738E+000
  0.43682115E+000
  0.43686522E+000
  0.43690949E+000
  0.43695384E+000
  0.43699816E+000
  0.43704235E+000
  0.43708630E+000
  0.43712988E+000
  0.43717300E+000
  0.43721556E+000
  0.43725744E+000
  0.43729855E+000
  0.43733879E+000
  0.43737809E+000
  0.43741634E+000
  0.43745349E+000
  0.43748945E+000
  0.43752417E+000
  0.43755760E+000
  0.43758968E+000
  0.43762038E+000
  0.43764968E+000
  0.43767754E+000
  0.43770397E+000
  0.43772895E+000
  0.43775249E+000
  0.43777460E+000
  0.43779530E+000
  0.43781462E+000
  0.43783258E+000
  0.43784923E+000
  0.43786460E+000
  0.43787875E+000
  0.43789172E+000
  0.43790356E+000
  0.43791434E+000
  0.43792411E+000
  0.43793292E+000
  0.43794084E+000
  0.43794792E+000
  0.43795423E+000
  0.43795982E+000
  0.43796475E+000
  0.43796907E+000
  0.43797284E+000
  0.43797610E+000
  0.43797890E+000
  0.43798129E+000
  0.43798331E+000
  0.43798500E+000
  0.43798639E+000
  0.43798752E+000
  0.43798843E+000
  0.43798913E+000
  0.43798966E+000
  0.43799003E+000
  0.43799027E+000
  0.43799040E+000
  0.43799043E+000
  0.43799039E+000
  0.43799027E+000
  0.43799010E+000
  0.43798988E+000
  0.43798962E+000
  0.43798933E+000
  0.43798902E+000
  0.43798869E+000
  0.43798835E+000
  0.43798800E+000
  0.43798765E+000
  0.43798729E+000
  0.43798693E+000
  0.43798658E+000
  0.43798624E+000
  0.43798590E+000
  0.43798557E+000
  0.43798524E+000
  0.43798493E+000
  0.43798463E+000
  0.43798435E+000
  0.43798407E+000
  0.43798381E+000
  0.43798356E+000
  0.43798333E+000
  0.43798311E+000
  0.43798291E+000
  0.43798272E+000
  0.43798254E+000
  0.43798238E+000
  0.43798223E+000
  0.43798210E+000
  0.43798198E+000
  0.43798188E+000
  0.43798178E+000
  0.43798171E+000
  0.43798164E+000
  0.43798159E+000
  0.43798155E+000
  0.43798152E+000
  0.43798151E+000
  0.43798150E+000
  0.43798151E+000
  0.43798153E+000
  0.43798156E+000
  0.43798159E+000
  0.43798164E+000
  0.43798169E+000
  0.43798175E+000
  0.43798182E+000
  0.43798189E+000
  0.43798198E+000
  0.43798206E+000
  0.43798215E+000
  0.43798225E+000
  0.43798235E+000
  0.43798246E+000
  0.43798257E+000
  0.43798268E+000
  0.43798280E+000
  0.43798292E+000
  0.43798304E+000
  0.43798317E+000
  0.43798331E+000
  0.43798345E+000
  0.43798360E+000
  0.43798377E+000
  0.43798396E+000
  0.43798417E+000
  0.43798443E+000
  0.43798473E+000
  0.43798511E+000
  0.43798561E+000
