  0.12957571E+001
  0.12950243E+001
  0.12946014E+001
  0.12942963E+001
  0.12940453E+001
  0.12938358E+001
  0.12936582E+001
  0.12935064E+001
  0.12933761E+001
  0.12932637E+001
  0.12931665E+001
  0.12930820E+001
  0.12930085E+001
  0.12929442E+001
  0.12928878E+001
  0.12928380E+001
  0.12927938E+001
  0.12927545E+001
  0.12927194E+001
  0.12926877E+001
  0.12926591E+001
  0.12926330E+001
  0.12926090E+001
  0.12925870E+001
  0.12925665E+001
  0.12925473E+001
  0.12925292E+001
  0.12925120E+001
  0.12924957E+001
  0.12924800E+001
  0.12924648E+001
  0.12924500E+001
  0.12924356E+001
  0.12924216E+001
  0.12924077E+001
  0.12923941E+001
  0.12923807E+001
  0.12923674E+001
  0.12923543E+001
  0.12923413E+001
  0.12923285E+001
  0.12923158E+001
  0.12923034E+001
  0.12922911E+001
  0.12922791E+001
  0.12922673E+001
  0.12922559E+001
  0.12922447E+001
  0.12922339E+001
  0.12922235E+001
  0.12922136E+001
  0.12922041E+001
  0.12921951E+001
  0.12921866E+001
  0.12921787E+001
  0.12921713E+001
  0.12921646E+001
  0.12921585E+001
  0.12921531E+001
  0.12921483E+001
  0.12921442E+001
  0.12921407E+001
  0.12921380E+001
  0.12921359E+001
  0.12921345E+001
  0.12921338E+001
  0.12921338E+001
  0.12921344E+001
  0.12921356E+001
  0.12921374E+001
  0.12921398E+001
  0.12921427E+001
  0.12921461E+001
  0.12921500E+001
  0.12921543E+001
  0.12921590E+001
  0.12921641E+001
  0.12921695E+001
  0.12921751E+001
  0.12921810E+001
  0.12921870E+001
  0.12921932E+001
  0.12921994E+001
  0.12922057E+001
  0.12922121E+001
  0.12922184E+001
  0.12922246E+001
  0.12922308E+001
  0.12922368E+001
  0.12922427E+001
  0.12922485E+001
  0.12922540E+001
  0.12922594E+001
  0.12922645E+001
  0.12922694E+001
  0.12922740E+001
  0.12922784E+001
  0.12922826E+001
  0.12922865E+001
  0.12922901E+001
  0.12922935E+001
  0.12922967E+001
  0.12922996E+001
  0.12923022E+001
  0.12923047E+001
  0.12923069E+001
  0.12923089E+001
  0.12923107E+001
  0.12923124E+001
  0.12923138E+001
  0.12923152E+001
  0.12923163E+001
  0.12923173E+001
  0.12923182E+001
  0.12923190E+001
  0.12923196E+001
  0.12923202E+001
  0.12923207E+001
  0.12923211E+001
  0.12923214E+001
  0.12923217E+001
  0.12923219E+001
  0.12923221E+001
  0.12923222E+001
  0.12923223E+001
  0.12923223E+001
  0.12923223E+001
  0.12923223E+001
  0.12923223E+001
  0.12923222E+001
  0.12923222E+001
  0.12923221E+001
  0.12923220E+001
  0.12923219E+001
  0.12923219E+001
  0.12923218E+001
  0.12923216E+001
  0.12923215E+001
  0.12923214E+001
  0.12923213E+001
  0.12923212E+001
  0.12923211E+001
  0.12923210E+001
  0.12923209E+001
  0.12923208E+001
  0.12923207E+001
  0.12923206E+001
  0.12923205E+001
  0.12923204E+001
  0.12923203E+001
  0.12923202E+001
  0.12923202E+001
  0.12923201E+001
  0.12923200E+001
  0.12923200E+001
  0.12923199E+001
  0.12923198E+001
  0.12923198E+001
  0.12923197E+001
  0.12923197E+001
  0.12923197E+001
  0.12923196E+001
  0.12923196E+001
  0.12923196E+001
  0.12923195E+001
  0.12923195E+001
  0.12923195E+001
  0.12923195E+001
  0.12923195E+001
  0.12923195E+001
  0.12923195E+001
  0.12923195E+001
  0.12923195E+001
  0.12923195E+001
  0.12923195E+001
  0.12923195E+001
  0.12923195E+001
  0.12923195E+001
  0.12923195E+001
  0.12923195E+001
  0.12923196E+001
  0.12923196E+001
  0.12923196E+001
  0.12923196E+001
  0.12923197E+001
  0.12923197E+001
  0.12923197E+001
  0.12923197E+001
  0.12923198E+001
  0.12923198E+001
  0.12923198E+001
  0.12923199E+001
  0.12923199E+001
  0.12923199E+001
  0.12923200E+001
  0.12923200E+001
  0.12923200E+001
  0.12923201E+001
  0.12923201E+001
  0.12923203E+001
