  0.73753775E+000
  0.73709404E+000
  0.73671179E+000
  0.73641255E+000
  0.73617018E+000
  0.73597525E+000
  0.73581817E+000
  0.73569093E+000
  0.73558712E+000
  0.73550163E+000
  0.73543050E+000
  0.73537068E+000
  0.73531988E+000
  0.73527620E+000
  0.73523823E+000
  0.73520490E+000
  0.73517537E+000
  0.73514897E+000
  0.73512515E+000
  0.73510349E+000
  0.73508363E+000
  0.73506530E+000
  0.73504825E+000
  0.73503232E+000
  0.73501734E+000
  0.73500321E+000
  0.73498980E+000
  0.73497705E+000
  0.73496487E+000
  0.73495322E+000
  0.73494204E+000
  0.73493130E+000
  0.73492096E+000
  0.73491100E+000
  0.73490138E+000
  0.73489210E+000
  0.73488315E+000
  0.73487451E+000
  0.73486617E+000
  0.73485814E+000
  0.73485042E+000
  0.73484301E+000
  0.73483592E+000
  0.73482916E+000
  0.73482274E+000
  0.73481666E+000
  0.73481094E+000
  0.73480558E+000
  0.73480061E+000
  0.73479602E+000
  0.73479182E+000
  0.73478801E+000
  0.73478460E+000
  0.73478159E+000
  0.73477897E+000
  0.73477674E+000
  0.73477489E+000
  0.73477343E+000
  0.73477234E+000
  0.73477161E+000
  0.73477123E+000
  0.73477119E+000
  0.73477147E+000
  0.73477208E+000
  0.73477298E+000
  0.73477416E+000
  0.73477561E+000
  0.73477732E+000
  0.73477925E+000
  0.73478140E+000
  0.73478375E+000
  0.73478627E+000
  0.73478894E+000
  0.73479174E+000
  0.73479466E+000
  0.73479768E+000
  0.73480077E+000
  0.73480391E+000
  0.73480709E+000
  0.73481028E+000
  0.73481348E+000
  0.73481666E+000
  0.73481980E+000
  0.73482291E+000
  0.73482595E+000
  0.73482892E+000
  0.73483181E+000
  0.73483461E+000
  0.73483732E+000
  0.73483991E+000
  0.73484240E+000
  0.73484477E+000
  0.73484703E+000
  0.73484916E+000
  0.73485118E+000
  0.73485307E+000
  0.73485485E+000
  0.73485651E+000
  0.73485805E+000
  0.73485948E+000
  0.73486080E+000
  0.73486202E+000
  0.73486314E+000
  0.73486417E+000
  0.73486510E+000
  0.73486595E+000
  0.73486672E+000
  0.73486742E+000
  0.73486805E+000
  0.73486861E+000
  0.73486911E+000
  0.73486956E+000
  0.73486995E+000
  0.73487031E+000
  0.73487061E+000
  0.73487089E+000
  0.73487112E+000
  0.73487133E+000
  0.73487150E+000
  0.73487165E+000
  0.73487178E+000
  0.73487189E+000
  0.73487198E+000
  0.73487205E+000
  0.73487211E+000
  0.73487216E+000
  0.73487219E+000
  0.73487222E+000
  0.73487223E+000
  0.73487224E+000
  0.73487225E+000
  0.73487224E+000
  0.73487223E+000
  0.73487222E+000
  0.73487221E+000
  0.73487219E+000
  0.73487217E+000
  0.73487214E+000
  0.73487212E+000
  0.73487209E+000
  0.73487207E+000
  0.73487204E+000
  0.73487201E+000
  0.73487198E+000
  0.73487196E+000
  0.73487193E+000
  0.73487190E+000
  0.73487188E+000
  0.73487186E+000
  0.73487183E+000
  0.73487181E+000
  0.73487179E+000
  0.73487177E+000
  0.73487175E+000
  0.73487173E+000
  0.73487172E+000
  0.73487170E+000
  0.73487169E+000
  0.73487168E+000
  0.73487167E+000
  0.73487166E+000
  0.73487165E+000
  0.73487164E+000
  0.73487163E+000
  0.73487163E+000
  0.73487163E+000
  0.73487162E+000
  0.73487162E+000
  0.73487162E+000
  0.73487162E+000
  0.73487162E+000
  0.73487162E+000
  0.73487162E+000
  0.73487163E+000
  0.73487163E+000
  0.73487163E+000
  0.73487164E+000
  0.73487164E+000
  0.73487165E+000
  0.73487165E+000
  0.73487166E+000
  0.73487166E+000
  0.73487167E+000
  0.73487167E+000
  0.73487168E+000
  0.73487169E+000
  0.73487169E+000
  0.73487170E+000
  0.73487171E+000
  0.73487171E+000
  0.73487172E+000
  0.73487173E+000
  0.73487174E+000
  0.73487175E+000
  0.73487177E+000
  0.73487178E+000
  0.73487181E+000
  0.73487183E+000
  0.73487186E+000
  0.73487199E+000
