  0.70020122E+000  0.89418173E+000  0.10049151E+001  0.25837308E+001
  0.69942341E+000  0.89344537E+000  0.10044237E+001  0.25828050E+001
  0.69882313E+000  0.89325935E+000  0.10039224E+001  0.25824010E+001
  0.69852308E+000  0.89289030E+000  0.10036119E+001  0.25821604E+001
  0.69810989E+000  0.89275383E+000  0.10032288E+001  0.25820891E+001
  0.69771774E+000  0.89264112E+000  0.10030099E+001  0.25819747E+001
  0.69746995E+000  0.89244966E+000  0.10028765E+001  0.25818371E+001
  0.69729478E+000  0.89220184E+000  0.10028189E+001  0.25817105E+001
  0.69686268E+000  0.89227307E+000  0.10027714E+001  0.25815975E+001
  0.69671558E+000  0.89218952E+000  0.10026539E+001  0.25814961E+001
  0.69641466E+000  0.89218918E+000  0.10025652E+001  0.25814971E+001
  0.69634142E+000  0.89188515E+000  0.10026885E+001  0.25814134E+001
  0.69618885E+000  0.89189515E+000  0.10025627E+001  0.25813876E+001
  0.69587476E+000  0.89208792E+000  0.10024910E+001  0.25813235E+001
  0.69582963E+000  0.89202751E+000  0.10024352E+001  0.25812590E+001
  0.69550924E+000  0.89225337E+000  0.10023174E+001  0.25812721E+001
  0.69547270E+000  0.89221123E+000  0.10022755E+001  0.25812162E+001
  0.69540377E+000  0.89221501E+000  0.10022360E+001  0.25811638E+001
  0.69536300E+000  0.89219634E+000  0.10021957E+001  0.25811228E+001
  0.69512470E+000  0.89238499E+000  0.10021657E+001  0.25810758E+001
  0.69509548E+000  0.89236953E+000  0.10021407E+001  0.25810309E+001
  0.69507925E+000  0.89234625E+000  0.10021188E+001  0.25809879E+001
  0.69506504E+000  0.89232608E+000  0.10020990E+001  0.25809464E+001
  0.69505253E+000  0.89230843E+000  0.10020810E+001  0.25809063E+001
  0.69504147E+000  0.89229278E+000  0.10020647E+001  0.25808672E+001
  0.69503161E+000  0.89227882E+000  0.10020499E+001  0.25808290E+001
  0.69502200E+000  0.89226540E+000  0.10020380E+001  0.25807916E+001
  0.68885885E+000  0.88687792E+000  0.10020255E+001  0.25807549E+001
  0.69500606E+000  0.89224450E+000  0.10020138E+001  0.25807186E+001
  0.69499925E+000  0.89223519E+000  0.10020029E+001  0.25806828E+001
  0.69499298E+000  0.89222655E+000  0.10019925E+001  0.25806474E+001
  0.69498713E+000  0.89221848E+000  0.10019825E+001  0.25806124E+001
  0.69498160E+000  0.89220929E+000  0.10019742E+001  0.25805778E+001
  0.69497634E+000  0.89220212E+000  0.10019650E+001  0.25805431E+001
  0.69497131E+000  0.89219503E+000  0.10019563E+001  0.25805086E+001
  0.69496649E+000  0.89218847E+000  0.10019476E+001  0.25804742E+001
  0.69496184E+000  0.89218213E+000  0.10019390E+001  0.25804399E+001
  0.69495738E+000  0.89217598E+000  0.10019306E+001  0.25804059E+001
  0.69495308E+000  0.89216998E+000  0.10019223E+001  0.25803720E+001
  0.69494844E+000  0.89216464E+000  0.10019141E+001  0.25803382E+001
  0.69494452E+000  0.89215886E+000  0.10019061E+001  0.25803047E+001
  0.69494081E+000  0.89215218E+000  0.10018991E+001  0.25802715E+001
  0.69493734E+000  0.89214013E+000  0.10018978E+001  0.25802385E+001
  0.69493411E+000  0.89213470E+000  0.10018901E+001  0.25802059E+001
  0.69493116E+000  0.89212936E+000  0.10018825E+001  0.25801737E+001
  0.69492852E+000  0.89212415E+000  0.10018750E+001  0.25801419E+001
  0.69492619E+000  0.89211907E+000  0.10018678E+001  0.25801107E+001
  0.69492421E+000  0.89211414E+000  0.10018607E+001  0.25800801E+001
  0.69492258E+000  0.89210938E+000  0.10018539E+001  0.25800502E+001
  0.69492132E+000  0.89210479E+000  0.10018559E+001  0.25800125E+001
  0.69492045E+000  0.89210041E+000  0.10018496E+001  0.25799842E+001
  0.69491997E+000  0.89209625E+000  0.10018436E+001  0.25799568E+001
  0.69491991E+000  0.89209232E+000  0.10018379E+001  0.25799305E+001
  0.69492025E+000  0.89208864E+000  0.10018326E+001  0.25799052E+001
  0.69492101E+000  0.89208523E+000  0.10018276E+001  0.25798811E+001
  0.69492220E+000  0.89208208E+000  0.10018231E+001  0.25798583E+001
  0.69492380E+000  0.89207923E+000  0.10018189E+001  0.25798368E+001
  0.69467070E+000  0.89233180E+000  0.10018151E+001  0.25798167E+001
  0.69467313E+000  0.89232954E+000  0.10018118E+001  0.25797981E+001
  0.69467598E+000  0.89232760E+000  0.10018089E+001  0.25797809E+001
  0.69467924E+000  0.89232596E+000  0.10018052E+001  0.25797665E+001
  0.69468290E+000  0.89232464E+000  0.10018032E+001  0.25797524E+001
  0.69468683E+000  0.89232373E+000  0.10018017E+001  0.25797400E+001
  0.69469078E+000  0.89232351E+000  0.10018006E+001  0.25797291E+001
  0.69469556E+000  0.89232311E+000  0.10018000E+001  0.25797198E+001
  0.69470069E+000  0.89232302E+000  0.10017998E+001  0.25797121E+001
  0.69470613E+000  0.89232325E+000  0.10018000E+001  0.25797060E+001
  0.69471189E+000  0.89232374E+000  0.10018006E+001  0.25797015E+001
  0.69471795E+000  0.89228056E+000  0.10018456E+001  0.25796985E+001
  0.69472427E+000  0.89228159E+000  0.10018471E+001  0.25796969E+001
  0.69473083E+000  0.89228286E+000  0.10018490E+001  0.25796967E+001
  0.69473761E+000  0.89228438E+000  0.10018512E+001  0.25796979E+001
  0.69474458E+000  0.89228611E+000  0.10018537E+001  0.25797003E+001
  0.69475171E+000  0.89228805E+000  0.10018566E+001  0.25797039E+001
  0.69475896E+000  0.89229017E+000  0.10018598E+001  0.25797087E+001
  0.69476632E+000  0.89229247E+000  0.10018632E+001  0.25797145E+001
  0.69477376E+000  0.89229492E+000  0.10018668E+001  0.25797212E+001
  0.69478124E+000  0.89229749E+000  0.10018707E+001  0.25797288E+001
  0.69478874E+000  0.89230018E+000  0.10018747E+001  0.25797371E+001
  0.69479623E+000  0.89230296E+000  0.10018789E+001  0.25797461E+001
  0.69480367E+000  0.89230580E+000  0.10018832E+001  0.25797556E+001
  0.69481106E+000  0.89230871E+000  0.10018876E+001  0.25797656E+001
  0.69481834E+000  0.89231165E+000  0.10018920E+001  0.25797759E+001
  0.69482551E+000  0.89231460E+000  0.10018965E+001  0.25797866E+001
  0.69483254E+000  0.89231756E+000  0.10019011E+001  0.25797974E+001
  0.69483940E+000  0.89232051E+000  0.10019056E+001  0.25798083E+001
  0.69484609E+000  0.89232342E+000  0.10019100E+001  0.25798192E+001
  0.69485257E+000  0.89232630E+000  0.10019145E+001  0.25798301E+001
  0.69485884E+000  0.89232911E+000  0.10019188E+001  0.25798409E+001
  0.69486487E+000  0.89233186E+000  0.10019231E+001  0.25798515E+001
  0.69487067E+000  0.89233452E+000  0.10019272E+001  0.25798618E+001
  0.69487621E+000  0.89233710E+000  0.10019313E+001  0.25798718E+001
  0.69488149E+000  0.89233959E+000  0.10019351E+001  0.25798816E+001
  0.69488651E+000  0.89234197E+000  0.10019304E+001  0.25798994E+001
  0.69489126E+000  0.89234426E+000  0.10019339E+001  0.25799084E+001
  0.69489574E+000  0.89234643E+000  0.10019373E+001  0.25799170E+001
  0.69489995E+000  0.89234848E+000  0.10019406E+001  0.25799250E+001
  0.69490390E+000  0.89235042E+000  0.10019437E+001  0.25799326E+001
  0.69490758E+000  0.89235225E+000  0.10019467E+001  0.25799397E+001
  0.69491100E+000  0.89235395E+000  0.10019495E+001  0.25799464E+001
  0.69491417E+000  0.89235555E+000  0.10019521E+001  0.25799526E+001
  0.69491710E+000  0.89235703E+000  0.10019545E+001  0.25799583E+001
  0.69491979E+000  0.89235841E+000  0.10019568E+001  0.25799635E+001
  0.69492226E+000  0.89235967E+000  0.10019590E+001  0.25799683E+001
  0.69492451E+000  0.89236084E+000  0.10019610E+001  0.25799727E+001
  0.69492656E+000  0.89236191E+000  0.10019628E+001  0.25799766E+001
  0.69492841E+000  0.89236288E+000  0.10019645E+001  0.25799802E+001
  0.69493009E+000  0.89236376E+000  0.10019661E+001  0.25799833E+001
  0.69493159E+000  0.89236456E+000  0.10019675E+001  0.25799862E+001
  0.69493293E+000  0.89236529E+000  0.10019688E+001  0.25799886E+001
  0.69493413E+000  0.89236593E+000  0.10019700E+001  0.25799908E+001
  0.69493519E+000  0.89236651E+000  0.10019712E+001  0.25799927E+001
  0.69493612E+000  0.89236703E+000  0.10019722E+001  0.25799943E+001
  0.69493694E+000  0.89236749E+000  0.10019731E+001  0.25799956E+001
  0.69493766E+000  0.89236789E+000  0.10019739E+001  0.25799968E+001
  0.69493828E+000  0.89236824E+000  0.10019746E+001  0.25799977E+001
  0.69493882E+000  0.89236855E+000  0.10019753E+001  0.25799985E+001
  0.69493927E+000  0.89236882E+000  0.10019759E+001  0.25799990E+001
  0.69493967E+000  0.89236905E+000  0.10018970E+001  0.25800790E+001
  0.69494000E+000  0.89236925E+000  0.10018975E+001  0.25800793E+001
  0.69494027E+000  0.89236941E+000  0.10018979E+001  0.25800794E+001
  0.69494050E+000  0.89236955E+000  0.10018983E+001  0.25800795E+001
  0.69494068E+000  0.89236967E+000  0.10018987E+001  0.25800795E+001
  0.69494083E+000  0.89236977E+000  0.10018990E+001  0.25800794E+001
  0.69494095E+000  0.89236984E+000  0.10018993E+001  0.25800792E+001
  0.69494104E+000  0.89236990E+000  0.10018996E+001  0.25800790E+001
  0.69494110E+000  0.89236995E+000  0.10018998E+001  0.25800788E+001
  0.69494115E+000  0.89236998E+000  0.10019000E+001  0.25800785E+001
  0.69494117E+000  0.89237001E+000  0.10019002E+001  0.25800781E+001
  0.69494119E+000  0.89237002E+000  0.10019004E+001  0.25800777E+001
  0.69494119E+000  0.89237003E+000  0.10019005E+001  0.25800773E+001
  0.69494118E+000  0.89237003E+000  0.10019006E+001  0.25800769E+001
  0.69494116E+000  0.89237002E+000  0.10019008E+001  0.25800765E+001
  0.69494113E+000  0.89237001E+000  0.10019009E+001  0.25800761E+001
  0.69494110E+000  0.89237000E+000  0.10019010E+001  0.25800756E+001
  0.69494107E+000  0.89236998E+000  0.10019011E+001  0.25800752E+001
  0.69494103E+000  0.89236996E+000  0.10019011E+001  0.25800748E+001
  0.69494099E+000  0.89236994E+000  0.10019012E+001  0.25800743E+001
  0.69494095E+000  0.89236992E+000  0.10019013E+001  0.25800739E+001
  0.69494090E+000  0.89236989E+000  0.10019014E+001  0.25800735E+001
  0.69494086E+000  0.89236987E+000  0.10019014E+001  0.25800730E+001
  0.69494082E+000  0.89236985E+000  0.10019015E+001  0.25800726E+001
  0.69494077E+000  0.89236982E+000  0.10019015E+001  0.25800722E+001
  0.69494073E+000  0.89236980E+000  0.10019016E+001  0.25800718E+001
  0.69494069E+000  0.89236978E+000  0.10019016E+001  0.25800714E+001
  0.69494065E+000  0.89236976E+000  0.10019017E+001  0.25800710E+001
  0.69494061E+000  0.89236974E+000  0.10019017E+001  0.25800707E+001
  0.69494057E+000  0.89236972E+000  0.10019017E+001  0.25800703E+001
  0.69494054E+000  0.89236970E+000  0.10019018E+001  0.25800700E+001
  0.69494050E+000  0.89236969E+000  0.10019018E+001  0.25800697E+001
  0.69494047E+000  0.89236967E+000  0.10019018E+001  0.25800693E+001
  0.69494044E+000  0.89236966E+000  0.10019019E+001  0.25800690E+001
  0.69494042E+000  0.89236964E+000  0.10019019E+001  0.25800687E+001
  0.69494039E+000  0.89236963E+000  0.10019814E+001  0.25799890E+001
  0.69494037E+000  0.89236962E+000  0.10019815E+001  0.25799887E+001
  0.69494035E+000  0.89236962E+000  0.10019815E+001  0.25799884E+001
  0.69494033E+000  0.89236961E+000  0.10019815E+001  0.25799882E+001
  0.69494032E+000  0.89236960E+000  0.10019816E+001  0.25799880E+001
  0.69494031E+000  0.89236960E+000  0.10019816E+001  0.25799878E+001
  0.69494030E+000  0.89236960E+000  0.10019816E+001  0.25799876E+001
  0.69494029E+000  0.89236960E+000  0.10019816E+001  0.25799874E+001
  0.69494028E+000  0.89236960E+000  0.10019817E+001  0.25799872E+001
  0.69494028E+000  0.89236960E+000  0.10019817E+001  0.25799871E+001
  0.69494028E+000  0.89236960E+000  0.10019817E+001  0.25799869E+001
  0.69494028E+000  0.89236960E+000  0.10019817E+001  0.25799868E+001
  0.69494028E+000  0.89236961E+000  0.10019818E+001  0.25799867E+001
  0.69494028E+000  0.89236961E+000  0.10019818E+001  0.25799866E+001
  0.69494029E+000  0.89236962E+000  0.10019818E+001  0.25799865E+001
  0.69494030E+000  0.89236963E+000  0.10019818E+001  0.25799864E+001
  0.69494031E+000  0.89236963E+000  0.10019818E+001  0.25799864E+001
  0.69494032E+000  0.89236964E+000  0.10019818E+001  0.25799863E+001
  0.69494033E+000  0.89236965E+000  0.10019819E+001  0.25799863E+001
  0.69494035E+000  0.89236966E+000  0.10019819E+001  0.25799862E+001
  0.69494036E+000  0.89236967E+000  0.10019819E+001  0.25799862E+001
  0.69494038E+000  0.89236968E+000  0.10019024E+001  0.25800657E+001
  0.69494040E+000  0.89236969E+000  0.10019024E+001  0.25800657E+001
  0.69494042E+000  0.89236970E+000  0.10019024E+001  0.25800657E+001
  0.69494044E+000  0.89236971E+000  0.10019024E+001  0.25800657E+001
  0.69494046E+000  0.89236973E+000  0.10019024E+001  0.25800658E+001
  0.69494048E+000  0.89236974E+000  0.10019025E+001  0.25800658E+001
  0.69494050E+000  0.89236975E+000  0.10019025E+001  0.25800658E+001
  0.69494053E+000  0.89236976E+000  0.10019025E+001  0.25800659E+001
  0.69494055E+000  0.89236977E+000  0.10019025E+001  0.25800659E+001
  0.69494057E+000  0.89236978E+000  0.10019025E+001  0.25800660E+001
  0.69494060E+000  0.89236979E+000  0.10019025E+001  0.25800661E+001
  0.69494062E+000  0.89236981E+000  0.10019025E+001  0.25800661E+001
  0.69494065E+000  0.89236982E+000  0.10019025E+001  0.25800662E+001
  0.69494067E+000  0.89236983E+000  0.10019025E+001  0.25800663E+001
  0.69494070E+000  0.89236984E+000  0.10019025E+001  0.25800664E+001
  0.69494072E+000  0.89236985E+000  0.10019025E+001  0.25800665E+001
  0.69494075E+000  0.89236986E+000  0.10019025E+001  0.25800666E+001
  0.69494077E+000  0.89236987E+000  0.10019025E+001  0.25800666E+001
  0.69494080E+000  0.89236988E+000  0.10019025E+001  0.25800667E+001
  0.69494083E+000  0.89236989E+000  0.10019025E+001  0.25800668E+001
  0.69494086E+000  0.89236990E+000  0.10019025E+001  0.25800669E+001
  0.69494089E+000  0.89236992E+000  0.10019025E+001  0.25800670E+001
  0.69494093E+000  0.89236993E+000  0.10019025E+001  0.25800671E+001
  0.69494096E+000  0.89236995E+000  0.10019025E+001  0.25800672E+001
  0.69494101E+000  0.89236998E+000  0.10019025E+001  0.25800674E+001
  0.69494120E+000  0.89237004E+000  0.10019026E+001  0.25800677E+001
