  0.78139599E+000  0.89709307E+000  0.11016301E+001  0.24029097E+001
  0.78030567E+000  0.89572631E+000  0.11017143E+001  0.24023513E+001
  0.78003076E+000  0.89528202E+000  0.11011314E+001  0.24019616E+001
  0.77970709E+000  0.89498289E+000  0.11006493E+001  0.24018463E+001
  0.77944595E+000  0.89476840E+000  0.11002112E+001  0.24017560E+001
  0.77922764E+000  0.89458607E+000  0.10998502E+001  0.24016796E+001
  0.77904337E+000  0.89442914E+000  0.10995505E+001  0.24016102E+001
  0.77888744E+000  0.89429543E+000  0.10992979E+001  0.24015453E+001
  0.77875527E+000  0.89418192E+000  0.10990834E+001  0.24014840E+001
  0.77864296E+000  0.89408556E+000  0.10989004E+001  0.24014261E+001
  0.77854724E+000  0.89400366E+000  0.10987440E+001  0.24013712E+001
  0.77846548E+000  0.89393399E+000  0.10986100E+001  0.24013189E+001
  0.77839559E+000  0.89387474E+000  0.10984951E+001  0.24012689E+001
  0.77833562E+000  0.89382404E+000  0.10983966E+001  0.24012208E+001
  0.77828400E+000  0.89378053E+000  0.10983122E+001  0.24011746E+001
  0.77823946E+000  0.89374309E+000  0.10982398E+001  0.24011298E+001
  0.77820094E+000  0.89371077E+000  0.10981777E+001  0.24010862E+001
  0.77816753E+000  0.89368277E+000  0.10981244E+001  0.24010437E+001
  0.77813848E+000  0.89365838E+000  0.10980788E+001  0.24010021E+001
  0.77811314E+000  0.89363705E+000  0.10980398E+001  0.24009612E+001
  0.77809095E+000  0.89361829E+000  0.10980064E+001  0.24009210E+001
  0.77807146E+000  0.89360170E+000  0.10979778E+001  0.24008812E+001
  0.77805426E+000  0.89358691E+000  0.10979534E+001  0.24008419E+001
  0.77803902E+000  0.89357365E+000  0.10979325E+001  0.24008030E+001
  0.77802544E+000  0.89356166E+000  0.10979146E+001  0.24007644E+001
  0.77801328E+000  0.89355071E+000  0.10978993E+001  0.24007260E+001
  0.77800231E+000  0.89354063E+000  0.10978861E+001  0.24006879E+001
  0.77799236E+000  0.89353124E+000  0.10978748E+001  0.24006501E+001
  0.77798327E+000  0.89352241E+000  0.10978648E+001  0.24006125E+001
  0.77797490E+000  0.89351403E+000  0.10978561E+001  0.24005751E+001
  0.77796714E+000  0.89350598E+000  0.10978484E+001  0.24005379E+001
  0.77795989E+000  0.89349819E+000  0.10978414E+001  0.24005009E+001
  0.77795307E+000  0.89349060E+000  0.10978350E+001  0.24004643E+001
  0.77794661E+000  0.89348313E+000  0.10978290E+001  0.24004278E+001
  0.77794046E+000  0.89347574E+000  0.10978233E+001  0.24003917E+001
  0.77793457E+000  0.89346841E+000  0.10978178E+001  0.24003560E+001
  0.77792891E+000  0.89346110E+000  0.10978124E+001  0.24003206E+001
  0.77792344E+000  0.89345379E+000  0.10978070E+001  0.24002856E+001
  0.77791816E+000  0.89344647E+000  0.10978016E+001  0.24002510E+001
  0.77791303E+000  0.89343913E+000  0.10977963E+001  0.24002170E+001
  0.77790806E+000  0.89343178E+000  0.10977908E+001  0.24001835E+001
  0.77790324E+000  0.89342441E+000  0.10977854E+001  0.24001506E+001
  0.77789856E+000  0.89341703E+000  0.10977799E+001  0.24001183E+001
  0.77789403E+000  0.89340964E+000  0.10977744E+001  0.24000867E+001
  0.77788965E+000  0.89340225E+000  0.10977689E+001  0.24000559E+001
  0.77788542E+000  0.89339488E+000  0.10977634E+001  0.24000259E+001
  0.77788137E+000  0.89338754E+000  0.10977580E+001  0.23999968E+001
  0.77787748E+000  0.89338023E+000  0.10977527E+001  0.23999688E+001
  0.77787378E+000  0.89337298E+000  0.10977475E+001  0.23999417E+001
  0.77787028E+000  0.89336579E+000  0.10977425E+001  0.23999159E+001
  0.77786698E+000  0.89335868E+000  0.10977377E+001  0.23998912E+001
  0.77786391E+000  0.89335166E+000  0.10977332E+001  0.23998679E+001
  0.77786105E+000  0.89334474E+000  0.10977288E+001  0.23998460E+001
  0.77785844E+000  0.89333794E+000  0.10977248E+001  0.23998255E+001
  0.77785608E+000  0.89333128E+000  0.10977210E+001  0.23998066E+001
  0.77785398E+000  0.89332476E+000  0.10977175E+001  0.23997894E+001
  0.77785214E+000  0.89331841E+000  0.10977143E+001  0.23997738E+001
  0.77785057E+000  0.89331223E+000  0.10977115E+001  0.23997601E+001
  0.77784929E+000  0.89330624E+000  0.10977089E+001  0.23997481E+001
  0.77784828E+000  0.89330045E+000  0.10977067E+001  0.23997380E+001
  0.77784757E+000  0.89329488E+000  0.10977047E+001  0.23997297E+001
  0.77784714E+000  0.89328954E+000  0.10977031E+001  0.23997234E+001
  0.77784700E+000  0.89328443E+000  0.10977018E+001  0.23997189E+001
  0.77784714E+000  0.89327958E+000  0.10977009E+001  0.23997164E+001
  0.77784758E+000  0.89327498E+000  0.10977002E+001  0.23997157E+001
  0.77784829E+000  0.89327065E+000  0.10976998E+001  0.23997168E+001
  0.77784927E+000  0.89326659E+000  0.10976998E+001  0.23997198E+001
  0.77785052E+000  0.89326279E+000  0.10977000E+001  0.23997245E+001
  0.77785203E+000  0.89325927E+000  0.10977005E+001  0.23997308E+001
  0.77785378E+000  0.89325602E+000  0.10977012E+001  0.23997388E+001
  0.77785577E+000  0.89325305E+000  0.10977022E+001  0.23997483E+001
  0.77785798E+000  0.89325033E+000  0.10977035E+001  0.23997592E+001
  0.77786039E+000  0.89324788E+000  0.10977050E+001  0.23997715E+001
  0.77786300E+000  0.89324568E+000  0.10977067E+001  0.23997849E+001
  0.77786577E+000  0.89324372E+000  0.10977085E+001  0.23997995E+001
  0.77786870E+000  0.89324199E+000  0.10977106E+001  0.23998151E+001
  0.77787177E+000  0.89324049E+000  0.10977128E+001  0.23998316E+001
  0.77787496E+000  0.89323920E+000  0.10977152E+001  0.23998488E+001
  0.77787824E+000  0.89323811E+000  0.10977177E+001  0.23998667E+001
  0.77788161E+000  0.89323720E+000  0.10977202E+001  0.23998850E+001
  0.77788503E+000  0.89323647E+000  0.10977229E+001  0.23999038E+001
  0.77788850E+000  0.89323591E+000  0.10977256E+001  0.23999229E+001
  0.77789199E+000  0.89323549E+000  0.10977284E+001  0.23999421E+001
  0.77789548E+000  0.89323520E+000  0.10977311E+001  0.23999614E+001
  0.77789896E+000  0.89323504E+000  0.10977339E+001  0.23999806E+001
  0.77790242E+000  0.89323500E+000  0.10977367E+001  0.23999996E+001
  0.77790583E+000  0.89323505E+000  0.10977394E+001  0.24000185E+001
  0.77790918E+000  0.89323519E+000  0.10977421E+001  0.24000369E+001
  0.77791246E+000  0.89323541E+000  0.10977447E+001  0.24000550E+001
  0.77791566E+000  0.89323570E+000  0.10977473E+001  0.24000726E+001
  0.77791877E+000  0.89323605E+000  0.10977498E+001  0.24000896E+001
  0.77792177E+000  0.89323645E+000  0.10977522E+001  0.24001060E+001
  0.77792466E+000  0.89323689E+000  0.10977545E+001  0.24001217E+001
  0.77792743E+000  0.89323737E+000  0.10977567E+001  0.24001368E+001
  0.77793008E+000  0.89323787E+000  0.10977587E+001  0.24001511E+001
  0.77793260E+000  0.89323840E+000  0.10977607E+001  0.24001647E+001
  0.77793499E+000  0.89323894E+000  0.10977625E+001  0.24001776E+001
  0.77793725E+000  0.89323949E+000  0.10977643E+001  0.24001896E+001
  0.77793938E+000  0.89324004E+000  0.10977659E+001  0.24002009E+001
  0.77794138E+000  0.89324059E+000  0.10977674E+001  0.24002114E+001
  0.77794324E+000  0.89324114E+000  0.10977688E+001  0.24002212E+001
  0.77794498E+000  0.89324169E+000  0.10977700E+001  0.24002302E+001
  0.77794659E+000  0.89324222E+000  0.10977712E+001  0.24002385E+001
  0.77794808E+000  0.89324274E+000  0.10977723E+001  0.24002461E+001
  0.77794944E+000  0.89324324E+000  0.10977732E+001  0.24002531E+001
  0.77795070E+000  0.89324373E+000  0.10977741E+001  0.24002594E+001
  0.77795185E+000  0.89324420E+000  0.10977748E+001  0.24002651E+001
  0.77795289E+000  0.89324465E+000  0.10977755E+001  0.24002702E+001
  0.77795384E+000  0.89324507E+000  0.10977761E+001  0.24002747E+001
  0.77795469E+000  0.89324548E+000  0.10977767E+001  0.24002788E+001
  0.77795546E+000  0.89324586E+000  0.10977772E+001  0.24002824E+001
  0.77795615E+000  0.89324622E+000  0.10977776E+001  0.24002856E+001
  0.77795676E+000  0.89324656E+000  0.10977779E+001  0.24002883E+001
  0.77795730E+000  0.89324688E+000  0.10977782E+001  0.24002907E+001
  0.77795778E+000  0.89324717E+000  0.10977785E+001  0.24002928E+001
  0.77795820E+000  0.89324745E+000  0.10977787E+001  0.24002945E+001
  0.77795856E+000  0.89324770E+000  0.10977789E+001  0.24002960E+001
  0.77795888E+000  0.89324793E+000  0.10977791E+001  0.24002972E+001
  0.77795915E+000  0.89324815E+000  0.10977792E+001  0.24002981E+001
  0.77795938E+000  0.89324834E+000  0.10977793E+001  0.24002989E+001
  0.77795957E+000  0.89324852E+000  0.10977794E+001  0.24002995E+001
  0.77795973E+000  0.89324868E+000  0.10977795E+001  0.24003000E+001
  0.77795987E+000  0.89324883E+000  0.10977795E+001  0.24003003E+001
  0.77795997E+000  0.89324896E+000  0.10977796E+001  0.24003005E+001
  0.77796005E+000  0.89324908E+000  0.10977796E+001  0.24003006E+001
  0.77796012E+000  0.89324919E+000  0.10977796E+001  0.24003006E+001
  0.77796016E+000  0.89324928E+000  0.10977796E+001  0.24003005E+001
  0.77796019E+000  0.89324936E+000  0.10977796E+001  0.24003004E+001
  0.77796021E+000  0.89324944E+000  0.10977796E+001  0.24003002E+001
  0.77796021E+000  0.89324950E+000  0.10977796E+001  0.24002999E+001
  0.77796021E+000  0.89324956E+000  0.10977796E+001  0.24002996E+001
  0.77796019E+000  0.89324961E+000  0.10977796E+001  0.24002993E+001
  0.77796017E+000  0.89324965E+000  0.10977796E+001  0.24002990E+001
  0.77796015E+000  0.89324969E+000  0.10977796E+001  0.24002986E+001
  0.77796012E+000  0.89324972E+000  0.10977796E+001  0.24002982E+001
  0.77796008E+000  0.89324975E+000  0.10977796E+001  0.24002978E+001
  0.77796005E+000  0.89324977E+000  0.10977796E+001  0.24002974E+001
  0.77796001E+000  0.89324979E+000  0.10977796E+001  0.24002970E+001
  0.77795997E+000  0.89324981E+000  0.10977796E+001  0.24002966E+001
  0.77795993E+000  0.89324982E+000  0.10977796E+001  0.24002962E+001
  0.77795989E+000  0.89324983E+000  0.10977796E+001  0.24002958E+001
  0.77795985E+000  0.89324984E+000  0.10977796E+001  0.24002955E+001
  0.77795981E+000  0.89324985E+000  0.10977796E+001  0.24002951E+001
  0.77795977E+000  0.89324986E+000  0.10977796E+001  0.24002947E+001
  0.77795974E+000  0.89324987E+000  0.10977796E+001  0.24002943E+001
  0.77795970E+000  0.89324987E+000  0.10977796E+001  0.24002939E+001
  0.77795967E+000  0.89324988E+000  0.10977796E+001  0.24002936E+001
  0.77795964E+000  0.89324989E+000  0.10977796E+001  0.24002932E+001
  0.77795961E+000  0.89324989E+000  0.10977796E+001  0.24002929E+001
  0.77795959E+000  0.89324990E+000  0.10977796E+001  0.24002926E+001
  0.77795956E+000  0.89324990E+000  0.10977796E+001  0.24002923E+001
  0.77795954E+000  0.89324991E+000  0.10977796E+001  0.24002920E+001
  0.77795952E+000  0.89324991E+000  0.10977796E+001  0.24002917E+001
  0.77795950E+000  0.89324992E+000  0.10977796E+001  0.24002914E+001
  0.77795949E+000  0.89324992E+000  0.10977796E+001  0.24002912E+001
  0.77795948E+000  0.89324993E+000  0.10977796E+001  0.24002909E+001
  0.77795947E+000  0.89324994E+000  0.10977796E+001  0.24002907E+001
  0.77795946E+000  0.89324994E+000  0.10977796E+001  0.24002905E+001
  0.77795945E+000  0.89324995E+000  0.10977796E+001  0.24002902E+001
  0.77795945E+000  0.89324996E+000  0.10977796E+001  0.24002901E+001
  0.77795945E+000  0.89324996E+000  0.10977796E+001  0.24002899E+001
  0.77795945E+000  0.89324997E+000  0.10977796E+001  0.24002897E+001
  0.77795945E+000  0.89324998E+000  0.10977796E+001  0.24002895E+001
  0.77795946E+000  0.89324999E+000  0.10977797E+001  0.24002894E+001
  0.77795947E+000  0.89324999E+000  0.10977797E+001  0.24002893E+001
  0.77795947E+000  0.89325000E+000  0.10977797E+001  0.24002892E+001
  0.77795948E+000  0.89325001E+000  0.10977797E+001  0.24002890E+001
  0.77795949E+000  0.89325002E+000  0.10977797E+001  0.24002890E+001
  0.77795951E+000  0.89325002E+000  0.10977797E+001  0.24002889E+001
  0.77795952E+000  0.89325003E+000  0.10977798E+001  0.24002888E+001
  0.77795953E+000  0.89325004E+000  0.10977798E+001  0.24002887E+001
  0.77795955E+000  0.89325005E+000  0.10977798E+001  0.24002887E+001
  0.77795957E+000  0.89325005E+000  0.10977798E+001  0.24002886E+001
  0.77795958E+000  0.89325006E+000  0.10977799E+001  0.24002886E+001
  0.77795960E+000  0.89325006E+000  0.10977799E+001  0.24002886E+001
  0.77795962E+000  0.89325007E+000  0.10977799E+001  0.24002886E+001
  0.77795964E+000  0.89325007E+000  0.10977800E+001  0.24002886E+001
  0.77795966E+000  0.89325008E+000  0.10977800E+001  0.24002886E+001
  0.77795968E+000  0.89325008E+000  0.10977800E+001  0.24002886E+001
  0.77795970E+000  0.89325009E+000  0.10977800E+001  0.24002886E+001
  0.77795972E+000  0.89325009E+000  0.10977801E+001  0.24002886E+001
  0.77795974E+000  0.89325009E+000  0.10977801E+001  0.24002887E+001
  0.77795976E+000  0.89325010E+000  0.10977801E+001  0.24002887E+001
  0.77795978E+000  0.89325010E+000  0.10977802E+001  0.24002888E+001
  0.77795980E+000  0.89325010E+000  0.10977802E+001  0.24002888E+001
  0.77795982E+000  0.89325010E+000  0.10977802E+001  0.24002889E+001
  0.77795984E+000  0.89325010E+000  0.10977803E+001  0.24002889E+001
  0.77795986E+000  0.89325010E+000  0.10977803E+001  0.24002890E+001
  0.77795988E+000  0.89325010E+000  0.10977803E+001  0.24002891E+001
  0.77795990E+000  0.89325010E+000  0.10977804E+001  0.24002891E+001
  0.77795991E+000  0.89325010E+000  0.10977804E+001  0.24002892E+001
  0.77795993E+000  0.89325010E+000  0.10977804E+001  0.24002893E+001
  0.77795995E+000  0.89325010E+000  0.10977804E+001  0.24002894E+001
  0.77795997E+000  0.89325009E+000  0.10977805E+001  0.24002895E+001
  0.77795999E+000  0.89325009E+000  0.10977805E+001  0.24002896E+001
  0.77796002E+000  0.89325009E+000  0.10977805E+001  0.24002897E+001
  0.77796004E+000  0.89325008E+000  0.10977805E+001  0.24002898E+001
  0.77796008E+000  0.89325008E+000  0.10977806E+001  0.24002899E+001
  0.77796012E+000  0.89325008E+000  0.10977806E+001  0.24002901E+001
  0.77796019E+000  0.89325003E+000  0.10977808E+001  0.24002905E+001
