 -0.36937935E+000
 -0.37111126E+000
 -0.37170826E+000
 -0.37194322E+000
 -0.37208921E+000
 -0.37219272E+000
 -0.37227146E+000
 -0.37233321E+000
 -0.37238195E+000
 -0.37242019E+000
 -0.37244994E+000
 -0.37247284E+000
 -0.37249014E+000
 -0.37250279E+000
 -0.37251160E+000
 -0.37251728E+000
 -0.37252038E+000
 -0.37252136E+000
 -0.37252057E+000
 -0.37251832E+000
 -0.37251487E+000
 -0.37251042E+000
 -0.37250514E+000
 -0.37249917E+000
 -0.37249262E+000
 -0.37248559E+000
 -0.37247816E+000
 -0.37247039E+000
 -0.37246234E+000
 -0.37245405E+000
 -0.37244557E+000
 -0.37243691E+000
 -0.37242810E+000
 -0.37241917E+000
 -0.37241013E+000
 -0.37240099E+000
 -0.37239177E+000
 -0.37238248E+000
 -0.37237313E+000
 -0.37236373E+000
 -0.37235430E+000
 -0.37234485E+000
 -0.37233540E+000
 -0.37232595E+000
 -0.37231654E+000
 -0.37230717E+000
 -0.37229788E+000
 -0.37228868E+000
 -0.37227960E+000
 -0.37227066E+000
 -0.37226188E+000
 -0.37225330E+000
 -0.37224492E+000
 -0.37223679E+000
 -0.37222891E+000
 -0.37222131E+000
 -0.37221402E+000
 -0.37220705E+000
 -0.37220041E+000
 -0.37219413E+000
 -0.37218822E+000
 -0.37218269E+000
 -0.37217755E+000
 -0.37217280E+000
 -0.37216845E+000
 -0.37216451E+000
 -0.37216096E+000
 -0.37215782E+000
 -0.37215507E+000
 -0.37215270E+000
 -0.37215071E+000
 -0.37214907E+000
 -0.37214779E+000
 -0.37214684E+000
 -0.37214620E+000
 -0.37214586E+000
 -0.37214580E+000
 -0.37214599E+000
 -0.37214641E+000
 -0.37214705E+000
 -0.37214788E+000
 -0.37214887E+000
 -0.37215001E+000
 -0.37215127E+000
 -0.37215264E+000
 -0.37215409E+000
 -0.37215561E+000
 -0.37215718E+000
 -0.37215877E+000
 -0.37216038E+000
 -0.37216199E+000
 -0.37216358E+000
 -0.37216515E+000
 -0.37216669E+000
 -0.37216819E+000
 -0.37216963E+000
 -0.37217101E+000
 -0.37217234E+000
 -0.37217360E+000
 -0.37217479E+000
 -0.37217591E+000
 -0.37217695E+000
 -0.37217793E+000
 -0.37217883E+000
 -0.37217967E+000
 -0.37218044E+000
 -0.37218114E+000
 -0.37218178E+000
 -0.37218236E+000
 -0.37218289E+000
 -0.37218336E+000
 -0.37218378E+000
 -0.37218415E+000
 -0.37218449E+000
 -0.37218478E+000
 -0.37218503E+000
 -0.37218525E+000
 -0.37218544E+000
 -0.37218561E+000
 -0.37218575E+000
 -0.37218587E+000
 -0.37218596E+000
 -0.37218604E+000
 -0.37218611E+000
 -0.37218616E+000
 -0.37218620E+000
 -0.37218623E+000
 -0.37218625E+000
 -0.37218626E+000
 -0.37218626E+000
 -0.37218626E+000
 -0.37218626E+000
 -0.37218625E+000
 -0.37218624E+000
 -0.37218622E+000
 -0.37218620E+000
 -0.37218618E+000
 -0.37218616E+000
 -0.37218614E+000
 -0.37218611E+000
 -0.37218609E+000
 -0.37218606E+000
 -0.37218604E+000
 -0.37218601E+000
 -0.37218599E+000
 -0.37218596E+000
 -0.37218594E+000
 -0.37218592E+000
 -0.37218589E+000
 -0.37218587E+000
 -0.37218585E+000
 -0.37218583E+000
 -0.37218581E+000
 -0.37218579E+000
 -0.37218577E+000
 -0.37218575E+000
 -0.37218573E+000
 -0.37218572E+000
 -0.37218570E+000
 -0.37218569E+000
 -0.37218567E+000
 -0.37218566E+000
 -0.37218565E+000
 -0.37218564E+000
 -0.37218563E+000
 -0.37218562E+000
 -0.37218561E+000
 -0.37218560E+000
 -0.37218560E+000
 -0.37218559E+000
 -0.37218559E+000
 -0.37218558E+000
 -0.37218558E+000
 -0.37218558E+000
 -0.37218558E+000
 -0.37218557E+000
 -0.37218557E+000
 -0.37218557E+000
 -0.37218557E+000
 -0.37218558E+000
 -0.37218558E+000
 -0.37218558E+000
 -0.37218558E+000
 -0.37218559E+000
 -0.37218559E+000
 -0.37218559E+000
 -0.37218560E+000
 -0.37218560E+000
 -0.37218561E+000
 -0.37218561E+000
 -0.37218562E+000
 -0.37218563E+000
 -0.37218564E+000
 -0.37218564E+000
 -0.37218565E+000
 -0.37218566E+000
 -0.37218567E+000
 -0.37218569E+000
 -0.37218573E+000
 -0.37218562E+000
