  0.98751147E+000
  0.98198810E+000
  0.97975271E+000
  0.97784566E+000
  0.97633996E+000
  0.97511227E+000
  0.97409625E+000
  0.97324986E+000
  0.97254280E+000
  0.97195067E+000
  0.97145357E+000
  0.97103557E+000
  0.97068422E+000
  0.97038849E+000
  0.97013923E+000
  0.96992898E+000
  0.96975168E+000
  0.96960220E+000
  0.96947623E+000
  0.96937015E+000
  0.96928093E+000
  0.96920599E+000
  0.96914313E+000
  0.96909053E+000
  0.96904658E+000
  0.96900999E+000
  0.96897958E+000
  0.96895435E+000
  0.96893348E+000
  0.96891623E+000
  0.96890200E+000
  0.96889028E+000
  0.96888064E+000
  0.96887271E+000
  0.96886620E+000
  0.96886086E+000
  0.96885650E+000
  0.96885295E+000
  0.96885011E+000
  0.96884786E+000
  0.96884615E+000
  0.96884492E+000
  0.96884413E+000
  0.96884377E+000
  0.96884382E+000
  0.96884427E+000
  0.96884513E+000
  0.96884640E+000
  0.96884809E+000
  0.96885021E+000
  0.96885277E+000
  0.96885577E+000
  0.96885923E+000
  0.96886315E+000
  0.96886752E+000
  0.96887235E+000
  0.96887763E+000
  0.96888336E+000
  0.96888954E+000
  0.96889614E+000
  0.96890315E+000
  0.96891056E+000
  0.96891835E+000
  0.96892650E+000
  0.96893498E+000
  0.96894377E+000
  0.96895285E+000
  0.96896217E+000
  0.96897172E+000
  0.96898146E+000
  0.96899137E+000
  0.96900140E+000
  0.96901152E+000
  0.96902170E+000
  0.96903191E+000
  0.96904210E+000
  0.96905225E+000
  0.96906232E+000
  0.96907228E+000
  0.96908210E+000
  0.96909174E+000
  0.96910118E+000
  0.96911040E+000
  0.96911936E+000
  0.96912805E+000
  0.96913644E+000
  0.96914453E+000
  0.96915229E+000
  0.96915970E+000
  0.96916677E+000
  0.96917348E+000
  0.96917984E+000
  0.96918584E+000
  0.96919148E+000
  0.96919676E+000
  0.96920168E+000
  0.96920626E+000
  0.96921051E+000
  0.96921443E+000
  0.96921803E+000
  0.96922133E+000
  0.96922434E+000
  0.96922707E+000
  0.96922955E+000
  0.96923178E+000
  0.96923377E+000
  0.96923556E+000
  0.96923714E+000
  0.96923854E+000
  0.96923977E+000
  0.96924084E+000
  0.96924178E+000
  0.96924258E+000
  0.96924326E+000
  0.96924385E+000
  0.96924433E+000
  0.96924473E+000
  0.96924506E+000
  0.96924533E+000
  0.96924553E+000
  0.96924568E+000
  0.96924579E+000
  0.96924586E+000
  0.96924590E+000
  0.96924591E+000
  0.96924590E+000
  0.96924586E+000
  0.96924581E+000
  0.96924575E+000
  0.96924567E+000
  0.96924558E+000
  0.96924549E+000
  0.96924539E+000
  0.96924529E+000
  0.96924518E+000
  0.96924507E+000
  0.96924496E+000
  0.96924485E+000
  0.96924474E+000
  0.96924464E+000
  0.96924453E+000
  0.96924443E+000
  0.96924433E+000
  0.96924423E+000
  0.96924413E+000
  0.96924404E+000
  0.96924395E+000
  0.96924387E+000
  0.96924379E+000
  0.96924371E+000
  0.96924364E+000
  0.96924357E+000
  0.96924351E+000
  0.96924345E+000
  0.96924339E+000
  0.96924334E+000
  0.96924330E+000
  0.96924325E+000
  0.96924321E+000
  0.96924318E+000
  0.96924315E+000
  0.96924312E+000
  0.96924310E+000
  0.96924308E+000
  0.96924306E+000
  0.96924305E+000
  0.96924304E+000
  0.96924304E+000
  0.96924304E+000
  0.96924304E+000
  0.96924304E+000
  0.96924305E+000
  0.96924306E+000
  0.96924307E+000
  0.96924308E+000
  0.96924310E+000
  0.96924312E+000
  0.96924314E+000
  0.96924316E+000
  0.96924318E+000
  0.96924321E+000
  0.96924323E+000
  0.96924326E+000
  0.96924329E+000
  0.96924332E+000
  0.96924335E+000
  0.96924338E+000
  0.96924341E+000
  0.96924344E+000
  0.96924348E+000
  0.96924351E+000
  0.96924355E+000
  0.96924359E+000
  0.96924363E+000
  0.96924368E+000
  0.96924374E+000
  0.96924381E+000
  0.96924390E+000
  0.96924404E+000
  0.96924409E+000
