  0.49659345E+000
  0.49538898E+000
  0.49493532E+000
  0.49454164E+000
  0.49423396E+000
  0.49398405E+000
  0.49377783E+000
  0.49360656E+000
  0.49346398E+000
  0.49334504E+000
  0.49324560E+000
  0.49316236E+000
  0.49309277E+000
  0.49303454E+000
  0.49298578E+000
  0.49294496E+000
  0.49291083E+000
  0.49288234E+000
  0.49285862E+000
  0.49283892E+000
  0.49282262E+000
  0.49280920E+000
  0.49279822E+000
  0.49278930E+000
  0.49278212E+000
  0.49277642E+000
  0.49277197E+000
  0.49276856E+000
  0.49276603E+000
  0.49276422E+000
  0.49276303E+000
  0.49276234E+000
  0.49276208E+000
  0.49276216E+000
  0.49276253E+000
  0.49276314E+000
  0.49276394E+000
  0.49276491E+000
  0.49276602E+000
  0.49276725E+000
  0.49276857E+000
  0.49276998E+000
  0.49277147E+000
  0.49277302E+000
  0.49277462E+000
  0.49277628E+000
  0.49277799E+000
  0.49277975E+000
  0.49278154E+000
  0.49278337E+000
  0.49278524E+000
  0.49278714E+000
  0.49278907E+000
  0.49279102E+000
  0.49279300E+000
  0.49279500E+000
  0.49279701E+000
  0.49279903E+000
  0.49280106E+000
  0.49280310E+000
  0.49280513E+000
  0.49280716E+000
  0.49280918E+000
  0.49281118E+000
  0.49281317E+000
  0.49281513E+000
  0.49281707E+000
  0.49281897E+000
  0.49282084E+000
  0.49282268E+000
  0.49282447E+000
  0.49282621E+000
  0.49282791E+000
  0.49282956E+000
  0.49283116E+000
  0.49283270E+000
  0.49283418E+000
  0.49283561E+000
  0.49283697E+000
  0.49283827E+000
  0.49283952E+000
  0.49284069E+000
  0.49284181E+000
  0.49284286E+000
  0.49284385E+000
  0.49284477E+000
  0.49284564E+000
  0.49284644E+000
  0.49284719E+000
  0.49284788E+000
  0.49284851E+000
  0.49284909E+000
  0.49284961E+000
  0.49285009E+000
  0.49285052E+000
  0.49285090E+000
  0.49285125E+000
  0.49285155E+000
  0.49285182E+000
  0.49285205E+000
  0.49285225E+000
  0.49285242E+000
  0.49285256E+000
  0.49285268E+000
  0.49285277E+000
  0.49285285E+000
  0.49285291E+000
  0.49285295E+000
  0.49285298E+000
  0.49285299E+000
  0.49285300E+000
  0.49285299E+000
  0.49285298E+000
  0.49285296E+000
  0.49285293E+000
  0.49285290E+000
  0.49285287E+000
  0.49285283E+000
  0.49285279E+000
  0.49285275E+000
  0.49285271E+000
  0.49285266E+000
  0.49285262E+000
  0.49285257E+000
  0.49285253E+000
  0.49285249E+000
  0.49285244E+000
  0.49285240E+000
  0.49285236E+000
  0.49285232E+000
  0.49285228E+000
  0.49285224E+000
  0.49285220E+000
  0.49285217E+000
  0.49285213E+000
  0.49285210E+000
  0.49285206E+000
  0.49285203E+000
  0.49285200E+000
  0.49285197E+000
  0.49285194E+000
  0.49285191E+000
  0.49285188E+000
  0.49285185E+000
  0.49285182E+000
  0.49285180E+000
  0.49285177E+000
  0.49285175E+000
  0.49285173E+000
  0.49285170E+000
  0.49285168E+000
  0.49285166E+000
  0.49285164E+000
  0.49285163E+000
  0.49285161E+000
  0.49285159E+000
  0.49285157E+000
  0.49285156E+000
  0.49285155E+000
  0.49285153E+000
  0.49285152E+000
  0.49285151E+000
  0.49285150E+000
  0.49285149E+000
  0.49285148E+000
  0.49285147E+000
  0.49285146E+000
  0.49285145E+000
  0.49285145E+000
  0.49285144E+000
  0.49285144E+000
  0.49285144E+000
  0.49285143E+000
  0.49285143E+000
  0.49285143E+000
  0.49285143E+000
  0.49285143E+000
  0.49285143E+000
  0.49285143E+000
  0.49285143E+000
  0.49285143E+000
  0.49285143E+000
  0.49285143E+000
  0.49285144E+000
  0.49285144E+000
  0.49285144E+000
  0.49285145E+000
  0.49285145E+000
  0.49285146E+000
  0.49285146E+000
  0.49285147E+000
  0.49285147E+000
  0.49285148E+000
  0.49285149E+000
  0.49285150E+000
  0.49285151E+000
  0.49285152E+000
  0.49285153E+000
  0.49285156E+000
  0.49285155E+000
