 -0.47087986E-001  0.61717263E-001  0.14527638E+001  0.42297896E+002
 -0.47018283E-001  0.61775340E-001  0.14530485E+001  0.42311201E+002
 -0.47006945E-001  0.61772704E-001  0.14530055E+001  0.42320177E+002
 -0.47001167E-001  0.61770460E-001  0.14529556E+001  0.42327501E+002
 -0.47003989E-001  0.61763386E-001  0.14528804E+001  0.42333392E+002
 -0.47011793E-001  0.61753988E-001  0.14527977E+001  0.42338157E+002
 -0.47022552E-001  0.61743426E-001  0.14527152E+001  0.42342007E+002
 -0.47035024E-001  0.61732377E-001  0.14526360E+001  0.42345102E+002
 -0.47048369E-001  0.61721267E-001  0.14525615E+001  0.42347573E+002
 -0.47061992E-001  0.61710412E-001  0.14524926E+001  0.42349522E+002
 -0.47075476E-001  0.61700031E-001  0.14524293E+001  0.42351039E+002
 -0.47088532E-001  0.61690267E-001  0.14523715E+001  0.42352192E+002
 -0.47100970E-001  0.61681211E-001  0.14523190E+001  0.42353042E+002
 -0.47112656E-001  0.61672925E-001  0.14522713E+001  0.42353637E+002
 -0.47123517E-001  0.61665435E-001  0.14522280E+001  0.42354019E+002
 -0.47133524E-001  0.61658738E-001  0.14521888E+001  0.42354221E+002
 -0.47142676E-001  0.61652817E-001  0.14521530E+001  0.42354272E+002
 -0.47150991E-001  0.61647644E-001  0.14521205E+001  0.42354194E+002
 -0.47158501E-001  0.61643184E-001  0.14520907E+001  0.42354008E+002
 -0.47165245E-001  0.61639395E-001  0.14520634E+001  0.42353730E+002
 -0.47171270E-001  0.61636233E-001  0.14520381E+001  0.42353373E+002
 -0.47176622E-001  0.61633649E-001  0.14520147E+001  0.42352951E+002
 -0.47181352E-001  0.61631595E-001  0.14519927E+001  0.42352471E+002
 -0.47185508E-001  0.61630022E-001  0.14519719E+001  0.42351944E+002
 -0.47189136E-001  0.61628882E-001  0.14519522E+001  0.42351375E+002
 -0.47192282E-001  0.61628124E-001  0.14519332E+001  0.42350771E+002
 -0.47194986E-001  0.61627704E-001  0.14519149E+001  0.42350137E+002
 -0.47197289E-001  0.61627573E-001  0.14518971E+001  0.42349477E+002
 -0.47199228E-001  0.61627688E-001  0.14518796E+001  0.42348795E+002
 -0.47200835E-001  0.61628005E-001  0.14518624E+001  0.42348095E+002
 -0.47202144E-001  0.61628483E-001  0.14518454E+001  0.42347378E+002
 -0.47203183E-001  0.61629084E-001  0.14518285E+001  0.42346649E+002
 -0.47203979E-001  0.61629773E-001  0.14518117E+001  0.42345908E+002
 -0.47204555E-001  0.61630519E-001  0.14517951E+001  0.42345157E+002
 -0.47204933E-001  0.61631295E-001  0.14517786E+001  0.42344400E+002
 -0.47205132E-001  0.61632078E-001  0.14517623E+001  0.42343636E+002
 -0.47205169E-001  0.61632851E-001  0.14517464E+001  0.42342869E+002
 -0.47205058E-001  0.61633603E-001  0.14517308E+001  0.42342098E+002
 -0.47204813E-001  0.61634328E-001  0.14517157E+001  0.42341327E+002
 -0.47204444E-001  0.61635024E-001  0.14517014E+001  0.42340555E+002
 -0.47203960E-001  0.61635696E-001  0.14516878E+001  0.42339785E+002
 -0.47203368E-001  0.61636355E-001  0.14516753E+001  0.42339019E+002
 -0.47202672E-001  0.61637014E-001  0.14516640E+001  0.42338257E+002
 -0.47201878E-001  0.61637689E-001  0.14516540E+001  0.42337501E+002
 -0.47200988E-001  0.61638402E-001  0.14516457E+001  0.42336754E+002
 -0.47200004E-001  0.61639174E-001  0.14516390E+001  0.42336016E+002
 -0.47198926E-001  0.61640026E-001  0.14516343E+001  0.42335289E+002
 -0.47197755E-001  0.61640982E-001  0.14516317E+001  0.42334576E+002
 -0.47196491E-001  0.61642063E-001  0.14516313E+001  0.42333878E+002
 -0.47195134E-001  0.61643288E-001  0.14516333E+001  0.42333198E+002
 -0.47193682E-001  0.61644676E-001  0.14516378E+001  0.42332536E+002
 -0.47192136E-001  0.61646243E-001  0.14516449E+001  0.42331896E+002
 -0.47190496E-001  0.61648003E-001  0.14516547E+001  0.42331278E+002
 -0.47188762E-001  0.61649966E-001  0.14516673E+001  0.42330686E+002
 -0.47186934E-001  0.61652143E-001  0.14516826E+001  0.42330120E+002
 -0.47185015E-001  0.61654539E-001  0.14517009E+001  0.42329582E+002
 -0.47183005E-001  0.61657160E-001  0.14517220E+001  0.42329075E+002
 -0.47180907E-001  0.61660008E-001  0.14517460E+001  0.42328600E+002
 -0.47178724E-001  0.61663085E-001  0.14517730E+001  0.42328158E+002
 -0.47176459E-001  0.61666388E-001  0.14518028E+001  0.42327750E+002
 -0.47174116E-001  0.61669917E-001  0.14518355E+001  0.42327377E+002
 -0.47171700E-001  0.61673667E-001  0.14518710E+001  0.42327041E+002
 -0.47169215E-001  0.61677631E-001  0.14519093E+001  0.42326741E+002
 -0.47166667E-001  0.61681802E-001  0.14519503E+001  0.42326479E+002
 -0.47164062E-001  0.61686172E-001  0.14519938E+001  0.42326254E+002
 -0.47161404E-001  0.61690731E-001  0.14520398E+001  0.42326066E+002
 -0.47158701E-001  0.61695467E-001  0.14520882E+001  0.42325916E+002
 -0.47155958E-001  0.61700366E-001  0.14521389E+001  0.42325801E+002
 -0.47153184E-001  0.61705415E-001  0.14521916E+001  0.42325723E+002
 -0.47150384E-001  0.61710599E-001  0.14522462E+001  0.42325679E+002
 -0.47147565E-001  0.61715901E-001  0.14523026E+001  0.42325668E+002
 -0.47144736E-001  0.61721305E-001  0.14523606E+001  0.42325690E+002
 -0.47141902E-001  0.61726792E-001  0.14524200E+001  0.42325742E+002
 -0.47139072E-001  0.61732345E-001  0.14524806E+001  0.42325823E+002
 -0.47136252E-001  0.61737944E-001  0.14525422E+001  0.42325931E+002
 -0.47133451E-001  0.61743570E-001  0.14526047E+001  0.42326064E+002
 -0.47130674E-001  0.61749203E-001  0.14526677E+001  0.42326220E+002
 -0.47127929E-001  0.61754825E-001  0.14527311E+001  0.42326397E+002
 -0.47125223E-001  0.61760415E-001  0.14527947E+001  0.42326592E+002
 -0.47122563E-001  0.61765956E-001  0.14528582E+001  0.42326803E+002
 -0.47119954E-001  0.61771427E-001  0.14529216E+001  0.42327028E+002
 -0.47117402E-001  0.61776812E-001  0.14529845E+001  0.42327264E+002
 -0.47114914E-001  0.61782093E-001  0.14530469E+001  0.42327510E+002
 -0.47112494E-001  0.61787253E-001  0.14531084E+001  0.42327763E+002
 -0.47110147E-001  0.61792278E-001  0.14531690E+001  0.42328021E+002
 -0.47107877E-001  0.61797154E-001  0.14532285E+001  0.42328283E+002
 -0.47105689E-001  0.61801867E-001  0.14532867E+001  0.42328545E+002
 -0.47103585E-001  0.61806406E-001  0.14533435E+001  0.42328807E+002
 -0.47101567E-001  0.61810762E-001  0.14533987E+001  0.42329067E+002
 -0.47099640E-001  0.61814925E-001  0.14534524E+001  0.42329323E+002
 -0.47097803E-001  0.61818889E-001  0.14535043E+001  0.42329574E+002
 -0.47096058E-001  0.61822648E-001  0.14535543E+001  0.42329818E+002
 -0.47094406E-001  0.61826198E-001  0.14536025E+001  0.42330055E+002
 -0.47092847E-001  0.61829538E-001  0.14536487E+001  0.42330284E+002
 -0.47091380E-001  0.61832665E-001  0.14536929E+001  0.42330503E+002
 -0.47090005E-001  0.61835581E-001  0.14537351E+001  0.42330712E+002
 -0.47088720E-001  0.61838287E-001  0.14537753E+001  0.42330911E+002
 -0.47087523E-001  0.61840786E-001  0.14538134E+001  0.42331100E+002
 -0.47086412E-001  0.61843083E-001  0.14538496E+001  0.42331277E+002
 -0.47085385E-001  0.61845184E-001  0.14538837E+001  0.42331444E+002
 -0.47084439E-001  0.61847093E-001  0.14539158E+001  0.42331599E+002
 -0.47083572E-001  0.61848819E-001  0.14539460E+001  0.42331743E+002
 -0.47082778E-001  0.61850369E-001  0.14539742E+001  0.42331877E+002
 -0.47082056E-001  0.61851753E-001  0.14540007E+001  0.42332000E+002
 -0.47081401E-001  0.61852977E-001  0.14540253E+001  0.42332112E+002
 -0.47080810E-001  0.61854053E-001  0.14540482E+001  0.42332215E+002
 -0.47080280E-001  0.61854989E-001  0.14540695E+001  0.42332309E+002
 -0.47079805E-001  0.61855795E-001  0.14540891E+001  0.42332393E+002
 -0.47079383E-001  0.61856481E-001  0.14541073E+001  0.42332469E+002
 -0.47079009E-001  0.61857057E-001  0.14541240E+001  0.42332537E+002
 -0.47078681E-001  0.61857531E-001  0.14541393E+001  0.42332597E+002
 -0.47078394E-001  0.61857913E-001  0.14541533E+001  0.42332651E+002
 -0.47078144E-001  0.61858213E-001  0.14541661E+001  0.42332697E+002
 -0.47077929E-001  0.61858438E-001  0.14541778E+001  0.42332738E+002
 -0.47077746E-001  0.61858597E-001  0.14541884E+001  0.42332774E+002
 -0.47077591E-001  0.61858698E-001  0.14541980E+001  0.42332804E+002
 -0.47077461E-001  0.61858748E-001  0.14542066E+001  0.42332830E+002
 -0.47077354E-001  0.61858755E-001  0.14542144E+001  0.42332852E+002
 -0.47077267E-001  0.61858723E-001  0.14542214E+001  0.42332870E+002
 -0.47077198E-001  0.61858660E-001  0.14542277E+001  0.42332885E+002
 -0.47077145E-001  0.61858571E-001  0.14542332E+001  0.42332897E+002
 -0.47077105E-001  0.61858460E-001  0.14542382E+001  0.42332906E+002
 -0.47077077E-001  0.61858333E-001  0.14542425E+001  0.42332913E+002
 -0.47077060E-001  0.61858192E-001  0.14542464E+001  0.42332918E+002
 -0.47077052E-001  0.61858042E-001  0.14542497E+001  0.42332921E+002
 -0.47077051E-001  0.61857885E-001  0.14542526E+001  0.42332923E+002
 -0.47077056E-001  0.61857724E-001  0.14542552E+001  0.42332924E+002
 -0.47077067E-001  0.61857562E-001  0.14542574E+001  0.42332923E+002
 -0.47077082E-001  0.61857401E-001  0.14542592E+001  0.42332921E+002
 -0.47077100E-001  0.61857242E-001  0.14542608E+001  0.42332919E+002
 -0.47077121E-001  0.61857086E-001  0.14542622E+001  0.42332916E+002
 -0.47077145E-001  0.61856935E-001  0.14542633E+001  0.42332912E+002
 -0.47077170E-001  0.61856789E-001  0.14542642E+001  0.42332908E+002
 -0.47077196E-001  0.61856649E-001  0.14542649E+001  0.42332904E+002
 -0.47077223E-001  0.61856517E-001  0.14542655E+001  0.42332900E+002
 -0.47077250E-001  0.61856390E-001  0.14542660E+001  0.42332895E+002
 -0.47077278E-001  0.61856272E-001  0.14542663E+001  0.42332890E+002
 -0.47077305E-001  0.61856160E-001  0.14542665E+001  0.42332885E+002
 -0.47077332E-001  0.61856055E-001  0.14542667E+001  0.42332880E+002
 -0.47077359E-001  0.61855957E-001  0.14542668E+001  0.42332875E+002
 -0.47077384E-001  0.61855866E-001  0.14542668E+001  0.42332871E+002
 -0.47077410E-001  0.61855781E-001  0.14542667E+001  0.42332866E+002
 -0.47077434E-001  0.61855702E-001  0.14542667E+001  0.42332861E+002
 -0.47077458E-001  0.61855629E-001  0.14542665E+001  0.42332857E+002
 -0.47077480E-001  0.61855561E-001  0.14542664E+001  0.42332852E+002
 -0.47077502E-001  0.61855499E-001  0.14542662E+001  0.42332848E+002
 -0.47077523E-001  0.61855440E-001  0.14542661E+001  0.42332844E+002
 -0.47077542E-001  0.61855386E-001  0.14542659E+001  0.42332841E+002
 -0.47077561E-001  0.61855336E-001  0.14542657E+001  0.42332837E+002
 -0.47077579E-001  0.61855289E-001  0.14542654E+001  0.42332834E+002
 -0.47077596E-001  0.61855244E-001  0.14542652E+001  0.42332831E+002
 -0.47077611E-001  0.61855203E-001  0.14542650E+001  0.42332828E+002
 -0.47077626E-001  0.61855163E-001  0.14542648E+001  0.42332825E+002
 -0.47077640E-001  0.61855125E-001  0.14542645E+001  0.42332823E+002
 -0.47077654E-001  0.61855089E-001  0.14542643E+001  0.42332821E+002
 -0.47077666E-001  0.61855054E-001  0.14542640E+001  0.42332819E+002
 -0.47077677E-001  0.61855020E-001  0.14542638E+001  0.42332817E+002
 -0.47077688E-001  0.61854987E-001  0.14542635E+001  0.42332816E+002
 -0.47077698E-001  0.61854954E-001  0.14542633E+001  0.42332815E+002
 -0.47077707E-001  0.61854922E-001  0.14542630E+001  0.42332814E+002
 -0.47077716E-001  0.61854889E-001  0.14542627E+001  0.42332813E+002
 -0.47077723E-001  0.61854857E-001  0.14542625E+001  0.42332812E+002
 -0.47077730E-001  0.61854824E-001  0.14542622E+001  0.42332812E+002
 -0.47077737E-001  0.61854791E-001  0.14542619E+001  0.42332812E+002
 -0.47077743E-001  0.61854758E-001  0.14542616E+001  0.42332812E+002
 -0.47077748E-001  0.61854724E-001  0.14542613E+001  0.42332813E+002
 -0.47077753E-001  0.61854689E-001  0.14542610E+001  0.42332813E+002
 -0.47077758E-001  0.61854655E-001  0.14542607E+001  0.42332814E+002
 -0.47077761E-001  0.61854619E-001  0.14542603E+001  0.42332815E+002
 -0.47077765E-001  0.61854583E-001  0.14542600E+001  0.42332816E+002
 -0.47077768E-001  0.61854546E-001  0.14542596E+001  0.42332817E+002
 -0.47077770E-001  0.61854509E-001  0.14542592E+001  0.42332819E+002
 -0.47077773E-001  0.61854471E-001  0.14542589E+001  0.42332820E+002
 -0.47077775E-001  0.61854432E-001  0.14542585E+001  0.42332822E+002
 -0.47077776E-001  0.61854394E-001  0.14542581E+001  0.42332824E+002
 -0.47077777E-001  0.61854354E-001  0.14542577E+001  0.42332826E+002
 -0.47077778E-001  0.61854314E-001  0.14542573E+001  0.42332828E+002
 -0.47077779E-001  0.61854274E-001  0.14542568E+001  0.42332830E+002
 -0.47077779E-001  0.61854234E-001  0.14542564E+001  0.42332832E+002
 -0.47077780E-001  0.61854194E-001  0.14542559E+001  0.42332835E+002
 -0.47077779E-001  0.61854153E-001  0.14542555E+001  0.42332837E+002
 -0.47077779E-001  0.61854113E-001  0.14542550E+001  0.42332839E+002
 -0.47077779E-001  0.61854072E-001  0.14542546E+001  0.42332842E+002
 -0.47077778E-001  0.61854032E-001  0.14542541E+001  0.42332844E+002
 -0.47077777E-001  0.61853992E-001  0.14542537E+001  0.42332847E+002
 -0.47077776E-001  0.61853952E-001  0.14542532E+001  0.42332849E+002
 -0.47077775E-001  0.61853912E-001  0.14542527E+001  0.42332852E+002
 -0.47077774E-001  0.61853873E-001  0.14542522E+001  0.42332854E+002
 -0.47077772E-001  0.61853835E-001  0.14542518E+001  0.42332857E+002
 -0.47077770E-001  0.61853797E-001  0.14542513E+001  0.42332859E+002
 -0.47077768E-001  0.61853760E-001  0.14542508E+001  0.42332862E+002
 -0.47077765E-001  0.61853725E-001  0.14542504E+001  0.42332865E+002
 -0.47077762E-001  0.61853691E-001  0.14542500E+001  0.42332867E+002
 -0.47077757E-001  0.61853659E-001  0.14542496E+001  0.42332870E+002
 -0.47077752E-001  0.61853630E-001  0.14542492E+001  0.42332872E+002
 -0.47077744E-001  0.61853604E-001  0.14542488E+001  0.42332875E+002
 -0.47077734E-001  0.61853584E-001  0.14542486E+001  0.42332877E+002
 -0.47077721E-001  0.61853569E-001  0.14542484E+001  0.42332880E+002
 -0.47077699E-001  0.61853568E-001  0.14542484E+001  0.42332884E+002
 -0.47077656E-001  0.61853596E-001  0.14542487E+001  0.42332888E+002
