  0.15258359E+001
  0.15212015E+001
  0.15194848E+001
  0.15179988E+001
  0.15168344E+001
  0.15158871E+001
  0.15151036E+001
  0.15144510E+001
  0.15139060E+001
  0.15134496E+001
  0.15130664E+001
  0.15127441E+001
  0.15124732E+001
  0.15122451E+001
  0.15120528E+001
  0.15118905E+001
  0.15117535E+001
  0.15116379E+001
  0.15115403E+001
  0.15114580E+001
  0.15113885E+001
  0.15113300E+001
  0.15112808E+001
  0.15112393E+001
  0.15112045E+001
  0.15111753E+001
  0.15111508E+001
  0.15111302E+001
  0.15111130E+001
  0.15110985E+001
  0.15110863E+001
  0.15110759E+001
  0.15110672E+001
  0.15110597E+001
  0.15110533E+001
  0.15110479E+001
  0.15110431E+001
  0.15110390E+001
  0.15110355E+001
  0.15110324E+001
  0.15110298E+001
  0.15110275E+001
  0.15110257E+001
  0.15110242E+001
  0.15110230E+001
  0.15110223E+001
  0.15110219E+001
  0.15110219E+001
  0.15110222E+001
  0.15110230E+001
  0.15110242E+001
  0.15110258E+001
  0.15110278E+001
  0.15110303E+001
  0.15110332E+001
  0.15110366E+001
  0.15110404E+001
  0.15110446E+001
  0.15110493E+001
  0.15110544E+001
  0.15110599E+001
  0.15110658E+001
  0.15110721E+001
  0.15110788E+001
  0.15110858E+001
  0.15110932E+001
  0.15111009E+001
  0.15111088E+001
  0.15111170E+001
  0.15111254E+001
  0.15111341E+001
  0.15111428E+001
  0.15111518E+001
  0.15111608E+001
  0.15111698E+001
  0.15111790E+001
  0.15111881E+001
  0.15111971E+001
  0.15112061E+001
  0.15112150E+001
  0.15112238E+001
  0.15112324E+001
  0.15112409E+001
  0.15112491E+001
  0.15112571E+001
  0.15112648E+001
  0.15112723E+001
  0.15112795E+001
  0.15112864E+001
  0.15112929E+001
  0.15112992E+001
  0.15113051E+001
  0.15113107E+001
  0.15113160E+001
  0.15113210E+001
  0.15113256E+001
  0.15113299E+001
  0.15113339E+001
  0.15113376E+001
  0.15113410E+001
  0.15113441E+001
  0.15113469E+001
  0.15113495E+001
  0.15113519E+001
  0.15113540E+001
  0.15113559E+001
  0.15113576E+001
  0.15113591E+001
  0.15113604E+001
  0.15113616E+001
  0.15113626E+001
  0.15113634E+001
  0.15113642E+001
  0.15113648E+001
  0.15113654E+001
  0.15113658E+001
  0.15113662E+001
  0.15113665E+001
  0.15113667E+001
  0.15113669E+001
  0.15113670E+001
  0.15113671E+001
  0.15113672E+001
  0.15113672E+001
  0.15113672E+001
  0.15113671E+001
  0.15113671E+001
  0.15113670E+001
  0.15113669E+001
  0.15113668E+001
  0.15113667E+001
  0.15113666E+001
  0.15113665E+001
  0.15113664E+001
  0.15113662E+001
  0.15113661E+001
  0.15113660E+001
  0.15113658E+001
  0.15113657E+001
  0.15113656E+001
  0.15113655E+001
  0.15113653E+001
  0.15113652E+001
  0.15113651E+001
  0.15113650E+001
  0.15113649E+001
  0.15113648E+001
  0.15113647E+001
  0.15113646E+001
  0.15113645E+001
  0.15113644E+001
  0.15113643E+001
  0.15113642E+001
  0.15113642E+001
  0.15113641E+001
  0.15113640E+001
  0.15113640E+001
  0.15113639E+001
  0.15113639E+001
  0.15113638E+001
  0.15113638E+001
  0.15113638E+001
  0.15113637E+001
  0.15113637E+001
  0.15113637E+001
  0.15113637E+001
  0.15113637E+001
  0.15113636E+001
  0.15113636E+001
  0.15113636E+001
  0.15113636E+001
  0.15113636E+001
  0.15113636E+001
  0.15113637E+001
  0.15113637E+001
  0.15113637E+001
  0.15113637E+001
  0.15113637E+001
  0.15113637E+001
  0.15113638E+001
  0.15113638E+001
  0.15113638E+001
  0.15113639E+001
  0.15113639E+001
  0.15113639E+001
  0.15113640E+001
  0.15113640E+001
  0.15113640E+001
  0.15113641E+001
  0.15113641E+001
  0.15113641E+001
  0.15113642E+001
  0.15113642E+001
  0.15113643E+001
  0.15113643E+001
  0.15113644E+001
  0.15113644E+001
  0.15113645E+001
  0.15113647E+001
  0.15113647E+001
