  0.90691110E+000
  0.90208369E+000
  0.90024601E+000
  0.89857848E+000
  0.89726173E+000
  0.89618797E+000
  0.89529920E+000
  0.89455870E+000
  0.89393998E+000
  0.89342170E+000
  0.89298649E+000
  0.89262040E+000
  0.89231256E+000
  0.89205334E+000
  0.89183473E+000
  0.89165021E+000
  0.89149448E+000
  0.89136306E+000
  0.89125218E+000
  0.89115868E+000
  0.89107990E+000
  0.89101359E+000
  0.89095783E+000
  0.89091102E+000
  0.89087176E+000
  0.89083892E+000
  0.89081145E+000
  0.89078851E+000
  0.89076934E+000
  0.89075333E+000
  0.89073993E+000
  0.89072871E+000
  0.89071927E+000
  0.89071131E+000
  0.89070456E+000
  0.89069881E+000
  0.89069388E+000
  0.89068965E+000
  0.89068599E+000
  0.89068283E+000
  0.89068011E+000
  0.89067777E+000
  0.89067580E+000
  0.89067416E+000
  0.89067285E+000
  0.89067187E+000
  0.89067121E+000
  0.89067088E+000
  0.89067090E+000
  0.89067125E+000
  0.89067196E+000
  0.89067304E+000
  0.89067448E+000
  0.89067630E+000
  0.89067850E+000
  0.89068108E+000
  0.89068403E+000
  0.89068736E+000
  0.89069106E+000
  0.89069512E+000
  0.89069953E+000
  0.89070428E+000
  0.89070936E+000
  0.89071474E+000
  0.89072042E+000
  0.89072637E+000
  0.89073257E+000
  0.89073901E+000
  0.89074565E+000
  0.89075248E+000
  0.89075946E+000
  0.89076658E+000
  0.89077380E+000
  0.89078109E+000
  0.89078844E+000
  0.89079582E+000
  0.89080319E+000
  0.89081052E+000
  0.89081780E+000
  0.89082500E+000
  0.89083209E+000
  0.89083905E+000
  0.89084585E+000
  0.89085249E+000
  0.89085893E+000
  0.89086517E+000
  0.89087119E+000
  0.89087697E+000
  0.89088250E+000
  0.89088779E+000
  0.89089281E+000
  0.89089757E+000
  0.89090206E+000
  0.89090629E+000
  0.89091026E+000
  0.89091396E+000
  0.89091740E+000
  0.89092059E+000
  0.89092354E+000
  0.89092625E+000
  0.89092873E+000
  0.89093100E+000
  0.89093306E+000
  0.89093492E+000
  0.89093659E+000
  0.89093810E+000
  0.89093944E+000
  0.89094063E+000
  0.89094168E+000
  0.89094260E+000
  0.89094340E+000
  0.89094410E+000
  0.89094469E+000
  0.89094520E+000
  0.89094563E+000
  0.89094599E+000
  0.89094628E+000
  0.89094652E+000
  0.89094671E+000
  0.89094685E+000
  0.89094695E+000
  0.89094702E+000
  0.89094706E+000
  0.89094708E+000
  0.89094707E+000
  0.89094705E+000
  0.89094701E+000
  0.89094695E+000
  0.89094689E+000
  0.89094682E+000
  0.89094674E+000
  0.89094665E+000
  0.89094656E+000
  0.89094647E+000
  0.89094638E+000
  0.89094628E+000
  0.89094618E+000
  0.89094609E+000
  0.89094599E+000
  0.89094590E+000
  0.89094581E+000
  0.89094571E+000
  0.89094563E+000
  0.89094554E+000
  0.89094546E+000
  0.89094538E+000
  0.89094530E+000
  0.89094523E+000
  0.89094516E+000
  0.89094509E+000
  0.89094503E+000
  0.89094497E+000
  0.89094491E+000
  0.89094486E+000
  0.89094481E+000
  0.89094477E+000
  0.89094472E+000
  0.89094469E+000
  0.89094465E+000
  0.89094462E+000
  0.89094460E+000
  0.89094457E+000
  0.89094455E+000
  0.89094454E+000
  0.89094452E+000
  0.89094451E+000
  0.89094450E+000
  0.89094450E+000
  0.89094450E+000
  0.89094450E+000
  0.89094450E+000
  0.89094451E+000
  0.89094452E+000
  0.89094453E+000
  0.89094454E+000
  0.89094455E+000
  0.89094457E+000
  0.89094459E+000
  0.89094461E+000
  0.89094463E+000
  0.89094465E+000
  0.89094467E+000
  0.89094469E+000
  0.89094472E+000
  0.89094474E+000
  0.89094477E+000
  0.89094480E+000
  0.89094482E+000
  0.89094485E+000
  0.89094488E+000
  0.89094491E+000
  0.89094495E+000
  0.89094498E+000
  0.89094502E+000
  0.89094506E+000
  0.89094511E+000
  0.89094517E+000
  0.89094525E+000
  0.89094537E+000
  0.89094542E+000
