  0.10941321E+002
  0.10944750E+002
  0.10946986E+002
  0.10948805E+002
  0.10950257E+002
  0.10951423E+002
  0.10952359E+002
  0.10953108E+002
  0.10953700E+002
  0.10954165E+002
  0.10954522E+002
  0.10954790E+002
  0.10954984E+002
  0.10955116E+002
  0.10955196E+002
  0.10955233E+002
  0.10955232E+002
  0.10955201E+002
  0.10955145E+002
  0.10955065E+002
  0.10954968E+002
  0.10954854E+002
  0.10954727E+002
  0.10954589E+002
  0.10954440E+002
  0.10954284E+002
  0.10954120E+002
  0.10953950E+002
  0.10953774E+002
  0.10953595E+002
  0.10953411E+002
  0.10953224E+002
  0.10953035E+002
  0.10952843E+002
  0.10952650E+002
  0.10952455E+002
  0.10952259E+002
  0.10952063E+002
  0.10951867E+002
  0.10951670E+002
  0.10951475E+002
  0.10951280E+002
  0.10951087E+002
  0.10950896E+002
  0.10950708E+002
  0.10950522E+002
  0.10950340E+002
  0.10950161E+002
  0.10949988E+002
  0.10949818E+002
  0.10949655E+002
  0.10949497E+002
  0.10949346E+002
  0.10949202E+002
  0.10949066E+002
  0.10948937E+002
  0.10948817E+002
  0.10948705E+002
  0.10948602E+002
  0.10948509E+002
  0.10948426E+002
  0.10948352E+002
  0.10948288E+002
  0.10948235E+002
  0.10948191E+002
  0.10948158E+002
  0.10948134E+002
  0.10948120E+002
  0.10948115E+002
  0.10948120E+002
  0.10948134E+002
  0.10948156E+002
  0.10948186E+002
  0.10948223E+002
  0.10948268E+002
  0.10948318E+002
  0.10948375E+002
  0.10948437E+002
  0.10948504E+002
  0.10948575E+002
  0.10948649E+002
  0.10948726E+002
  0.10948805E+002
  0.10948885E+002
  0.10948967E+002
  0.10949049E+002
  0.10949131E+002
  0.10949212E+002
  0.10949292E+002
  0.10949371E+002
  0.10949448E+002
  0.10949523E+002
  0.10949596E+002
  0.10949666E+002
  0.10949733E+002
  0.10949797E+002
  0.10949858E+002
  0.10949915E+002
  0.10949970E+002
  0.10950020E+002
  0.10950068E+002
  0.10950112E+002
  0.10950153E+002
  0.10950191E+002
  0.10950226E+002
  0.10950258E+002
  0.10950287E+002
  0.10950313E+002
  0.10950337E+002
  0.10950358E+002
  0.10950378E+002
  0.10950395E+002
  0.10950410E+002
  0.10950423E+002
  0.10950434E+002
  0.10950445E+002
  0.10950453E+002
  0.10950461E+002
  0.10950467E+002
  0.10950472E+002
  0.10950477E+002
  0.10950480E+002
  0.10950483E+002
  0.10950485E+002
  0.10950487E+002
  0.10950488E+002
  0.10950489E+002
  0.10950489E+002
  0.10950489E+002
  0.10950489E+002
  0.10950488E+002
  0.10950488E+002
  0.10950487E+002
  0.10950486E+002
  0.10950485E+002
  0.10950484E+002
  0.10950483E+002
  0.10950481E+002
  0.10950480E+002
  0.10950479E+002
  0.10950478E+002
  0.10950476E+002
  0.10950475E+002
  0.10950474E+002
  0.10950473E+002
  0.10950472E+002
  0.10950471E+002
  0.10950470E+002
  0.10950469E+002
  0.10950468E+002
  0.10950467E+002
  0.10950466E+002
  0.10950466E+002
  0.10950465E+002
  0.10950464E+002
  0.10950464E+002
  0.10950463E+002
  0.10950463E+002
  0.10950462E+002
  0.10950462E+002
  0.10950462E+002
  0.10950462E+002
  0.10950462E+002
  0.10950461E+002
  0.10950461E+002
  0.10950461E+002
  0.10950462E+002
  0.10950462E+002
  0.10950462E+002
  0.10950462E+002
  0.10950462E+002
  0.10950462E+002
  0.10950463E+002
  0.10950463E+002
  0.10950463E+002
  0.10950464E+002
  0.10950464E+002
  0.10950465E+002
  0.10950465E+002
  0.10950465E+002
  0.10950466E+002
  0.10950466E+002
  0.10950467E+002
  0.10950467E+002
  0.10950468E+002
  0.10950468E+002
  0.10950469E+002
  0.10950469E+002
  0.10950470E+002
  0.10950470E+002
  0.10950471E+002
  0.10950471E+002
  0.10950472E+002
  0.10950472E+002
  0.10950473E+002
  0.10950474E+002
  0.10950474E+002
  0.10950475E+002
  0.10950476E+002
  0.10950477E+002
