  0.18935782E+001
  0.18875795E+001
  0.18849839E+001
  0.18827925E+001
  0.18810443E+001
  0.18796108E+001
  0.18784190E+001
  0.18774220E+001
  0.18765856E+001
  0.18758823E+001
  0.18752895E+001
  0.18747891E+001
  0.18743667E+001
  0.18740095E+001
  0.18737070E+001
  0.18734504E+001
  0.18732328E+001
  0.18730481E+001
  0.18728913E+001
  0.18727580E+001
  0.18726449E+001
  0.18725487E+001
  0.18724669E+001
  0.18723974E+001
  0.18723382E+001
  0.18722877E+001
  0.18722447E+001
  0.18722079E+001
  0.18721762E+001
  0.18721490E+001
  0.18721253E+001
  0.18721046E+001
  0.18720864E+001
  0.18720703E+001
  0.18720558E+001
  0.18720428E+001
  0.18720309E+001
  0.18720200E+001
  0.18720099E+001
  0.18720006E+001
  0.18719919E+001
  0.18719839E+001
  0.18719764E+001
  0.18719694E+001
  0.18719631E+001
  0.18719572E+001
  0.18719520E+001
  0.18719474E+001
  0.18719434E+001
  0.18719401E+001
  0.18719375E+001
  0.18719356E+001
  0.18719345E+001
  0.18719341E+001
  0.18719345E+001
  0.18719357E+001
  0.18719377E+001
  0.18719405E+001
  0.18719441E+001
  0.18719486E+001
  0.18719538E+001
  0.18719599E+001
  0.18719667E+001
  0.18719742E+001
  0.18719825E+001
  0.18719914E+001
  0.18720010E+001
  0.18720112E+001
  0.18720220E+001
  0.18720333E+001
  0.18720451E+001
  0.18720573E+001
  0.18720699E+001
  0.18720828E+001
  0.18720959E+001
  0.18721093E+001
  0.18721228E+001
  0.18721364E+001
  0.18721500E+001
  0.18721635E+001
  0.18721770E+001
  0.18721904E+001
  0.18722036E+001
  0.18722165E+001
  0.18722292E+001
  0.18722415E+001
  0.18722535E+001
  0.18722651E+001
  0.18722763E+001
  0.18722871E+001
  0.18722974E+001
  0.18723072E+001
  0.18723166E+001
  0.18723254E+001
  0.18723338E+001
  0.18723416E+001
  0.18723489E+001
  0.18723558E+001
  0.18723622E+001
  0.18723681E+001
  0.18723736E+001
  0.18723786E+001
  0.18723832E+001
  0.18723874E+001
  0.18723912E+001
  0.18723946E+001
  0.18723978E+001
  0.18724005E+001
  0.18724030E+001
  0.18724053E+001
  0.18724072E+001
  0.18724090E+001
  0.18724105E+001
  0.18724118E+001
  0.18724130E+001
  0.18724140E+001
  0.18724148E+001
  0.18724156E+001
  0.18724162E+001
  0.18724167E+001
  0.18724171E+001
  0.18724174E+001
  0.18724177E+001
  0.18724179E+001
  0.18724180E+001
  0.18724181E+001
  0.18724182E+001
  0.18724183E+001
  0.18724183E+001
  0.18724182E+001
  0.18724182E+001
  0.18724182E+001
  0.18724181E+001
  0.18724180E+001
  0.18724179E+001
  0.18724179E+001
  0.18724178E+001
  0.18724177E+001
  0.18724176E+001
  0.18724175E+001
  0.18724174E+001
  0.18724173E+001
  0.18724172E+001
  0.18724171E+001
  0.18724170E+001
  0.18724169E+001
  0.18724169E+001
  0.18724168E+001
  0.18724167E+001
  0.18724166E+001
  0.18724166E+001
  0.18724165E+001
  0.18724165E+001
  0.18724164E+001
  0.18724164E+001
  0.18724164E+001
  0.18724163E+001
  0.18724163E+001
  0.18724163E+001
  0.18724162E+001
  0.18724162E+001
  0.18724162E+001
  0.18724162E+001
  0.18724162E+001
  0.18724162E+001
  0.18724162E+001
  0.18724162E+001
  0.18724163E+001
  0.18724163E+001
  0.18724163E+001
  0.18724163E+001
  0.18724163E+001
  0.18724164E+001
  0.18724164E+001
  0.18724164E+001
  0.18724165E+001
  0.18724165E+001
  0.18724165E+001
  0.18724166E+001
  0.18724166E+001
  0.18724166E+001
  0.18724167E+001
  0.18724167E+001
  0.18724168E+001
  0.18724168E+001
  0.18724168E+001
  0.18724169E+001
  0.18724169E+001
  0.18724170E+001
  0.18724170E+001
  0.18724171E+001
  0.18724171E+001
  0.18724172E+001
  0.18724172E+001
  0.18724173E+001
  0.18724173E+001
  0.18724174E+001
  0.18724175E+001
  0.18724177E+001
  0.18724178E+001
