  0.23364842E+000
  0.22921967E+000
  0.23487644E+000
  0.23484208E+000
  0.23506744E+000
  0.23513747E+000
  0.23512366E+000
  0.23507848E+000
  0.23503083E+000
  0.23498470E+000
  0.23494129E+000
  0.23490235E+000
  0.23487311E+000
  0.23484923E+000
  0.23482801E+000
  0.23480981E+000
  0.23479482E+000
  0.23478263E+000
  0.23477293E+000
  0.23476540E+000
  0.23475973E+000
  0.23475559E+000
  0.23475268E+000
  0.23475079E+000
  0.23474962E+000
  0.23474900E+000
  0.23474861E+000
  0.23474829E+000
  0.23474789E+000
  0.23474729E+000
  0.23474640E+000
  0.23474512E+000
  0.23474340E+000
  0.23474120E+000
  0.23473847E+000
  0.23473522E+000
  0.23473143E+000
  0.23472712E+000
  0.23472229E+000
  0.23471695E+000
  0.23471114E+000
  0.23470486E+000
  0.23469813E+000
  0.23469098E+000
  0.23468340E+000
  0.23467542E+000
  0.23466704E+000
  0.23465826E+000
  0.23464907E+000
  0.23463947E+000
  0.23462944E+000
  0.23461898E+000
  0.23460808E+000
  0.23459671E+000
  0.23458487E+000
  0.23457256E+000
  0.23455976E+000
  0.23454647E+000
  0.23453268E+000
  0.23451840E+000
  0.23450363E+000
  0.23448837E+000
  0.23447264E+000
  0.23445644E+000
  0.23443978E+000
  0.23442268E+000
  0.23440516E+000
  0.23438723E+000
  0.23436891E+000
  0.23435025E+000
  0.23433125E+000
  0.23431196E+000
  0.23429240E+000
  0.23427262E+000
  0.23425266E+000
  0.23423255E+000
  0.23421235E+000
  0.23419210E+000
  0.23417185E+000
  0.23415165E+000
  0.23413154E+000
  0.23411159E+000
  0.23409185E+000
  0.23407237E+000
  0.23405319E+000
  0.23403437E+000
  0.23401595E+000
  0.23399798E+000
  0.23398049E+000
  0.23396353E+000
  0.23394713E+000
  0.23393133E+000
  0.23391615E+000
  0.23390160E+000
  0.23388771E+000
  0.23387449E+000
  0.23386194E+000
  0.23385007E+000
  0.23383889E+000
  0.23382838E+000
  0.23381854E+000
  0.23380936E+000
  0.23380081E+000
  0.23379289E+000
  0.23378557E+000
  0.23377883E+000
  0.23377264E+000
  0.23376698E+000
  0.23376182E+000
  0.23375714E+000
  0.23375290E+000
  0.23374908E+000
  0.23374565E+000
  0.23374257E+000
  0.23373984E+000
  0.23373740E+000
  0.23373526E+000
  0.23373337E+000
  0.23373171E+000
  0.23373027E+000
  0.23372902E+000
  0.23372794E+000
  0.23372702E+000
  0.23372623E+000
  0.23372557E+000
  0.23372502E+000
  0.23372457E+000
  0.23372421E+000
  0.23372392E+000
  0.23372369E+000
  0.23372352E+000
  0.23372341E+000
  0.23372333E+000
  0.23372330E+000
  0.23372329E+000
  0.23372331E+000
  0.23372336E+000
  0.23372342E+000
  0.23372350E+000
  0.23372359E+000
  0.23372369E+000
  0.23372380E+000
  0.23372391E+000
  0.23372402E+000
  0.23372414E+000
  0.23372426E+000
  0.23372438E+000
  0.23372449E+000
  0.23372461E+000
  0.23372471E+000
  0.23372482E+000
  0.23372492E+000
  0.23372501E+000
  0.23372510E+000
  0.23372518E+000
  0.23372525E+000
  0.23372532E+000
  0.23372537E+000
  0.23372543E+000
  0.23372547E+000
  0.23372551E+000
  0.23372553E+000
  0.23372555E+000
  0.23372557E+000
  0.23372557E+000
  0.23372557E+000
  0.23372557E+000
  0.23372555E+000
  0.23372553E+000
  0.23372550E+000
  0.23372547E+000
  0.23372543E+000
  0.23372539E+000
  0.23372534E+000
  0.23372529E+000
  0.23372523E+000
  0.23372517E+000
  0.23372511E+000
  0.23372504E+000
  0.23372497E+000
  0.23372489E+000
  0.23372482E+000
  0.23372474E+000
  0.23372466E+000
  0.23372458E+000
  0.23372450E+000
  0.23372441E+000
  0.23372433E+000
  0.23372424E+000
  0.23372416E+000
  0.23372407E+000
  0.23372398E+000
  0.23372389E+000
  0.23372380E+000
  0.23372371E+000
  0.23372361E+000
  0.23372350E+000
  0.23372341E+000
  0.23372339E+000
  0.23372277E+000
