  0.52127688E-006
  0.52118261E-006
  0.52130375E-006
  0.52135025E-006
  0.52138443E-006
  0.52140780E-006
  0.52142350E-006
  0.52143365E-006
  0.52143952E-006
  0.52144196E-006
  0.52144159E-006
  0.52143894E-006
  0.52143446E-006
  0.52142846E-006
  0.52142126E-006
  0.52141312E-006
  0.52140424E-006
  0.52139483E-006
  0.52138501E-006
  0.52137493E-006
  0.52136470E-006
  0.52135439E-006
  0.52134409E-006
  0.52133388E-006
  0.52132380E-006
  0.52131393E-006
  0.52130430E-006
  0.52129497E-006
  0.52128598E-006
  0.52127736E-006
  0.52126917E-006
  0.52126143E-006
  0.52125418E-006
  0.52124742E-006
  0.52124120E-006
  0.52123550E-006
  0.52123034E-006
  0.52122570E-006
  0.52122158E-006
  0.52121795E-006
  0.52121478E-006
  0.52121203E-006
  0.52120965E-006
  0.52120761E-006
  0.52120585E-006
  0.52120431E-006
  0.52120296E-006
  0.52120174E-006
  0.52120061E-006
  0.52119953E-006
  0.52119846E-006
  0.52119737E-006
  0.52119624E-006
  0.52119504E-006
  0.52119376E-006
  0.52119238E-006
  0.52119090E-006
  0.52118930E-006
  0.52118760E-006
  0.52118577E-006
  0.52118383E-006
  0.52118178E-006
  0.52117963E-006
  0.52117738E-006
  0.52117503E-006
  0.52117261E-006
  0.52117012E-006
  0.52116757E-006
  0.52116498E-006
  0.52116235E-006
  0.52115971E-006
  0.52115706E-006
  0.52115442E-006
  0.52115180E-006
  0.52114922E-006
  0.52114669E-006
  0.52114422E-006
  0.52114182E-006
  0.52113951E-006
  0.52113730E-006
  0.52113519E-006
  0.52113320E-006
  0.52113133E-006
  0.52112960E-006
  0.52112799E-006
  0.52112653E-006
  0.52112520E-006
  0.52112402E-006
  0.52112298E-006
  0.52112209E-006
  0.52112133E-006
  0.52112071E-006
  0.52112023E-006
  0.52111987E-006
  0.52111964E-006
  0.52111953E-006
  0.52111953E-006
  0.52111963E-006
  0.52111982E-006
  0.52112011E-006
  0.52112047E-006
  0.52112090E-006
  0.52112140E-006
  0.52112195E-006
  0.52112255E-006
  0.52112319E-006
  0.52112386E-006
  0.52112456E-006
  0.52112527E-006
  0.52112599E-006
  0.52112672E-006
  0.52112745E-006
  0.52112818E-006
  0.52112889E-006
  0.52112960E-006
  0.52113028E-006
  0.52113095E-006
  0.52113159E-006
  0.52113221E-006
  0.52113280E-006
  0.52113337E-006
  0.52113390E-006
  0.52113441E-006
  0.52113489E-006
  0.52113534E-006
  0.52113576E-006
  0.52113615E-006
  0.52113651E-006
  0.52113684E-006
  0.52113715E-006
  0.52113743E-006
  0.52113769E-006
  0.52113793E-006
  0.52113814E-006
  0.52113833E-006
  0.52113850E-006
  0.52113866E-006
  0.52113880E-006
  0.52113892E-006
  0.52113903E-006
  0.52113913E-006
  0.52113922E-006
  0.52113929E-006
  0.52113936E-006
  0.52113942E-006
  0.52113948E-006
  0.52113952E-006
  0.52113957E-006
  0.52113961E-006
  0.52113964E-006
  0.52113968E-006
  0.52113971E-006
  0.52113974E-006
  0.52113978E-006
  0.52113981E-006
  0.52113984E-006
  0.52113988E-006
  0.52113991E-006
  0.52113995E-006
  0.52113999E-006
  0.52114003E-006
  0.52114008E-006
  0.52114012E-006
  0.52114017E-006
  0.52114022E-006
  0.52114028E-006
  0.52114034E-006
  0.52114040E-006
  0.52114046E-006
  0.52114052E-006
  0.52114059E-006
  0.52114066E-006
  0.52114073E-006
  0.52114080E-006
  0.52114088E-006
  0.52114095E-006
  0.52114103E-006
  0.52114111E-006
  0.52114119E-006
  0.52114127E-006
  0.52114135E-006
  0.52114143E-006
  0.52114151E-006
  0.52114159E-006
  0.52114167E-006
  0.52114175E-006
  0.52114183E-006
  0.52114191E-006
  0.52114199E-006
  0.52114206E-006
  0.52114214E-006
  0.52114221E-006
  0.52114228E-006
  0.52114235E-006
  0.52114242E-006
  0.52114249E-006
  0.52114255E-006
  0.52114261E-006
  0.52114267E-006
  0.52114274E-006
