  0.37573002E+000
  0.37569520E+000
  0.37566758E+000
  0.37564546E+000
  0.37562772E+000
  0.37561350E+000
  0.37560215E+000
  0.37559315E+000
  0.37558607E+000
  0.37558056E+000
  0.37557634E+000
  0.37557318E+000
  0.37557088E+000
  0.37556929E+000
  0.37556827E+000
  0.37556772E+000
  0.37556754E+000
  0.37556766E+000
  0.37556801E+000
  0.37556854E+000
  0.37556921E+000
  0.37556999E+000
  0.37557084E+000
  0.37557173E+000
  0.37557266E+000
  0.37557359E+000
  0.37557452E+000
  0.37557543E+000
  0.37557632E+000
  0.37557717E+000
  0.37557797E+000
  0.37557873E+000
  0.37557943E+000
  0.37558008E+000
  0.37558066E+000
  0.37558118E+000
  0.37558163E+000
  0.37558202E+000
  0.37558233E+000
  0.37558257E+000
  0.37558273E+000
  0.37558282E+000
  0.37558283E+000
  0.37558276E+000
  0.37558261E+000
  0.37558238E+000
  0.37558207E+000
  0.37558168E+000
  0.37558120E+000
  0.37558064E+000
  0.37558000E+000
  0.37557927E+000
  0.37557846E+000
  0.37557757E+000
  0.37557659E+000
  0.37557555E+000
  0.37557442E+000
  0.37557323E+000
  0.37557197E+000
  0.37557064E+000
  0.37556926E+000
  0.37556782E+000
  0.37556634E+000
  0.37556483E+000
  0.37556328E+000
  0.37556170E+000
  0.37556011E+000
  0.37555851E+000
  0.37555691E+000
  0.37555532E+000
  0.37555375E+000
  0.37555220E+000
  0.37555069E+000
  0.37554921E+000
  0.37554779E+000
  0.37554642E+000
  0.37554511E+000
  0.37554387E+000
  0.37554271E+000
  0.37554163E+000
  0.37554063E+000
  0.37553971E+000
  0.37553889E+000
  0.37553815E+000
  0.37553751E+000
  0.37553697E+000
  0.37553652E+000
  0.37553616E+000
  0.37553589E+000
  0.37553571E+000
  0.37553562E+000
  0.37553561E+000
  0.37553568E+000
  0.37553582E+000
  0.37553604E+000
  0.37553632E+000
  0.37553665E+000
  0.37553705E+000
  0.37553749E+000
  0.37553798E+000
  0.37553851E+000
  0.37553906E+000
  0.37553965E+000
  0.37554026E+000
  0.37554088E+000
  0.37554152E+000
  0.37554216E+000
  0.37554281E+000
  0.37554346E+000
  0.37554410E+000
  0.37554473E+000
  0.37554535E+000
  0.37554596E+000
  0.37554655E+000
  0.37554713E+000
  0.37554768E+000
  0.37554821E+000
  0.37554872E+000
  0.37554921E+000
  0.37554967E+000
  0.37555010E+000
  0.37555052E+000
  0.37555090E+000
  0.37555126E+000
  0.37555160E+000
  0.37555191E+000
  0.37555220E+000
  0.37555247E+000
  0.37555272E+000
  0.37555294E+000
  0.37555315E+000
  0.37555333E+000
  0.37555350E+000
  0.37555366E+000
  0.37555379E+000
  0.37555392E+000
  0.37555403E+000
  0.37555412E+000
  0.37555421E+000
  0.37555429E+000
  0.37555436E+000
  0.37555442E+000
  0.37555447E+000
  0.37555452E+000
  0.37555456E+000
  0.37555459E+000
  0.37555463E+000
  0.37555466E+000
  0.37555468E+000
  0.37555471E+000
  0.37555473E+000
  0.37555476E+000
  0.37555478E+000
  0.37555481E+000
  0.37555483E+000
  0.37555486E+000
  0.37555488E+000
  0.37555491E+000
  0.37555494E+000
  0.37555497E+000
  0.37555501E+000
  0.37555504E+000
  0.37555508E+000
  0.37555512E+000
  0.37555517E+000
  0.37555521E+000
  0.37555526E+000
  0.37555531E+000
  0.37555536E+000
  0.37555541E+000
  0.37555547E+000
  0.37555552E+000
  0.37555558E+000
  0.37555564E+000
  0.37555570E+000
  0.37555576E+000
  0.37555583E+000
  0.37555589E+000
  0.37555596E+000
  0.37555602E+000
  0.37555609E+000
  0.37555615E+000
  0.37555622E+000
  0.37555628E+000
  0.37555635E+000
  0.37555641E+000
  0.37555648E+000
  0.37555654E+000
  0.37555661E+000
  0.37555667E+000
  0.37555673E+000
  0.37555679E+000
  0.37555685E+000
  0.37555691E+000
  0.37555696E+000
  0.37555701E+000
  0.37555707E+000
  0.37555711E+000
  0.37555716E+000
  0.37555721E+000
