  0.28939380E+000
  0.28934146E+000
  0.28940872E+000
  0.28943453E+000
  0.28945351E+000
  0.28946648E+000
  0.28947520E+000
  0.28948083E+000
  0.28948409E+000
  0.28948545E+000
  0.28948524E+000
  0.28948377E+000
  0.28948128E+000
  0.28947795E+000
  0.28947396E+000
  0.28946943E+000
  0.28946451E+000
  0.28945928E+000
  0.28945383E+000
  0.28944824E+000
  0.28944255E+000
  0.28943683E+000
  0.28943111E+000
  0.28942544E+000
  0.28941985E+000
  0.28941437E+000
  0.28940902E+000
  0.28940384E+000
  0.28939885E+000
  0.28939407E+000
  0.28938952E+000
  0.28938522E+000
  0.28938119E+000
  0.28937745E+000
  0.28937399E+000
  0.28937083E+000
  0.28936796E+000
  0.28936539E+000
  0.28936310E+000
  0.28936109E+000
  0.28935932E+000
  0.28935780E+000
  0.28935648E+000
  0.28935534E+000
  0.28935436E+000
  0.28935351E+000
  0.28935276E+000
  0.28935209E+000
  0.28935146E+000
  0.28935086E+000
  0.28935026E+000
  0.28934966E+000
  0.28934903E+000
  0.28934837E+000
  0.28934766E+000
  0.28934689E+000
  0.28934607E+000
  0.28934518E+000
  0.28934423E+000
  0.28934322E+000
  0.28934214E+000
  0.28934100E+000
  0.28933981E+000
  0.28933856E+000
  0.28933726E+000
  0.28933591E+000
  0.28933453E+000
  0.28933312E+000
  0.28933168E+000
  0.28933022E+000
  0.28932875E+000
  0.28932728E+000
  0.28932581E+000
  0.28932436E+000
  0.28932293E+000
  0.28932152E+000
  0.28932015E+000
  0.28931882E+000
  0.28931754E+000
  0.28931631E+000
  0.28931514E+000
  0.28931403E+000
  0.28931300E+000
  0.28931203E+000
  0.28931114E+000
  0.28931033E+000
  0.28930959E+000
  0.28930894E+000
  0.28930836E+000
  0.28930786E+000
  0.28930744E+000
  0.28930710E+000
  0.28930683E+000
  0.28930664E+000
  0.28930651E+000
  0.28930644E+000
  0.28930644E+000
  0.28930650E+000
  0.28930661E+000
  0.28930676E+000
  0.28930697E+000
  0.28930721E+000
  0.28930748E+000
  0.28930779E+000
  0.28930812E+000
  0.28930848E+000
  0.28930885E+000
  0.28930924E+000
  0.28930963E+000
  0.28931003E+000
  0.28931044E+000
  0.28931084E+000
  0.28931125E+000
  0.28931164E+000
  0.28931203E+000
  0.28931241E+000
  0.28931278E+000
  0.28931314E+000
  0.28931348E+000
  0.28931381E+000
  0.28931413E+000
  0.28931442E+000
  0.28931471E+000
  0.28931497E+000
  0.28931522E+000
  0.28931545E+000
  0.28931567E+000
  0.28931587E+000
  0.28931606E+000
  0.28931623E+000
  0.28931638E+000
  0.28931653E+000
  0.28931666E+000
  0.28931678E+000
  0.28931688E+000
  0.28931698E+000
  0.28931706E+000
  0.28931714E+000
  0.28931721E+000
  0.28931727E+000
  0.28931733E+000
  0.28931737E+000
  0.28931742E+000
  0.28931745E+000
  0.28931749E+000
  0.28931752E+000
  0.28931754E+000
  0.28931757E+000
  0.28931759E+000
  0.28931761E+000
  0.28931763E+000
  0.28931765E+000
  0.28931767E+000
  0.28931768E+000
  0.28931770E+000
  0.28931772E+000
  0.28931774E+000
  0.28931776E+000
  0.28931778E+000
  0.28931780E+000
  0.28931783E+000
  0.28931785E+000
  0.28931788E+000
  0.28931790E+000
  0.28931793E+000
  0.28931796E+000
  0.28931800E+000
  0.28931803E+000
  0.28931806E+000
  0.28931810E+000
  0.28931814E+000
  0.28931817E+000
  0.28931821E+000
  0.28931825E+000
  0.28931830E+000
  0.28931834E+000
  0.28931838E+000
  0.28931842E+000
  0.28931847E+000
  0.28931851E+000
  0.28931856E+000
  0.28931860E+000
  0.28931865E+000
  0.28931869E+000
  0.28931874E+000
  0.28931878E+000
  0.28931882E+000
  0.28931887E+000
  0.28931891E+000
  0.28931895E+000
  0.28931900E+000
  0.28931904E+000
  0.28931908E+000
  0.28931912E+000
  0.28931915E+000
  0.28931919E+000
  0.28931923E+000
  0.28931926E+000
  0.28931929E+000
  0.28931933E+000
