  0.13784948E-001
  0.97148573E-002
  0.79969684E-002
  0.65422057E-002
  0.53877836E-002
  0.44444610E-002
  0.36628791E-002
  0.30113016E-002
  0.24667636E-002
  0.20106918E-002
  0.16279562E-002
  0.13064270E-002
  0.10365005E-002
  0.80968389E-003
  0.61892262E-003
  0.45844610E-003
  0.32362325E-003
  0.21043225E-003
  0.11554540E-003
  0.36204720E-004
 -0.30022981E-004
 -0.85068213E-004
 -0.13071339E-003
 -0.16830974E-003
 -0.19912364E-003
 -0.22416459E-003
 -0.24441303E-003
 -0.26056710E-003
 -0.27327924E-003
 -0.28316638E-003
 -0.29067196E-003
 -0.29619110E-003
 -0.30010217E-003
 -0.30265563E-003
 -0.30409327E-003
 -0.30461901E-003
 -0.30439320E-003
 -0.30355048E-003
 -0.30216761E-003
 -0.30035218E-003
 -0.29815810E-003
 -0.29563372E-003
 -0.29280663E-003
 -0.28972496E-003
 -0.28638060E-003
 -0.28280943E-003
 -0.27900906E-003
 -0.27498280E-003
 -0.27074537E-003
 -0.26628992E-003
 -0.26162246E-003
 -0.25674954E-003
 -0.25166611E-003
 -0.24639176E-003
 -0.24092202E-003
 -0.23526874E-003
 -0.22944569E-003
 -0.22345914E-003
 -0.21732479E-003
 -0.21105489E-003
 -0.20466654E-003
 -0.19817235E-003
 -0.19159146E-003
 -0.18493702E-003
 -0.17822888E-003
 -0.17148291E-003
 -0.16471768E-003
 -0.15794797E-003
 -0.15119530E-003
 -0.14447218E-003
 -0.13779753E-003
 -0.13118525E-003
 -0.12465202E-003
 -0.11821402E-003
 -0.11188170E-003
 -0.10567199E-003
 -0.99597309E-004
 -0.93671013E-004
 -0.87903675E-004
 -0.82307103E-004
 -0.76889202E-004
 -0.71658164E-004
 -0.66619293E-004
 -0.61778779E-004
 -0.57140459E-004
 -0.52710382E-004
 -0.48492219E-004
 -0.44489027E-004
 -0.40700493E-004
 -0.37125008E-004
 -0.33759230E-004
 -0.30600053E-004
 -0.27643987E-004
 -0.24886756E-004
 -0.22325445E-004
 -0.19953893E-004
 -0.17765514E-004
 -0.15752444E-004
 -0.13906106E-004
 -0.12219613E-004
 -0.10685044E-004
 -0.92936481E-005
 -0.80373904E-005
 -0.69071595E-005
 -0.58950594E-005
 -0.49925397E-005
 -0.41914764E-005
 -0.34832194E-005
 -0.28603520E-005
 -0.23156205E-005
 -0.18415923E-005
 -0.14316760E-005
 -0.10793356E-005
 -0.77872315E-006
 -0.52437076E-006
 -0.31086312E-006
 -0.13355150E-006
  0.11900342E-007
  0.12949699E-006
  0.22270261E-006
  0.29500649E-006
  0.34913196E-006
  0.38769005E-006
  0.41306263E-006
  0.42726424E-006
  0.43198548E-006
  0.42882411E-006
  0.41924121E-006
  0.40434900E-006
  0.38505836E-006
  0.36241047E-006
  0.33708986E-006
  0.30969360E-006
  0.28081373E-006
  0.25089736E-006
  0.22033103E-006
  0.18944275E-006
  0.15850773E-006
  0.12773891E-006
  0.97390622E-007
  0.67571311E-007
  0.38412775E-007
  0.10069120E-007
 -0.17374058E-007
 -0.43854280E-007
 -0.69307227E-007
 -0.93676516E-007
 -0.11689870E-006
 -0.13897714E-006
 -0.15985267E-006
 -0.17951277E-006
 -0.19794981E-006
 -0.21516218E-006
 -0.23113427E-006
 -0.24587132E-006
 -0.25939813E-006
 -0.27169164E-006
 -0.28277714E-006
 -0.29269462E-006
 -0.30144008E-006
 -0.30902801E-006
 -0.31549561E-006
 -0.32087552E-006
 -0.32520434E-006
 -0.32850971E-006
 -0.33081414E-006
 -0.33216324E-006
 -0.33259810E-006
 -0.33214403E-006
 -0.33085679E-006
 -0.32877291E-006
 -0.32593144E-006
 -0.32238614E-006
 -0.31816204E-006
 -0.31331688E-006
 -0.30789913E-006
 -0.30193153E-006
 -0.29546313E-006
 -0.28855159E-006
 -0.28123136E-006
 -0.27353847E-006
 -0.26549239E-006
 -0.25714061E-006
 -0.24850697E-006
 -0.23960492E-006
 -0.23044226E-006
 -0.22101559E-006
 -0.21129818E-006
 -0.20123854E-006
 -0.19072175E-006
 -0.17960913E-006
 -0.16767304E-006
 -0.15456300E-006
 -0.13977188E-006
 -0.12276053E-006
 -0.10243294E-006
 -0.76485222E-007
 -0.40301503E-007
  0.33946583E-007
  0.85689944E-007
