  0.91292799E+000
  0.91292931E+000
  0.91293544E+000
  0.91294064E+000
  0.91294573E+000
  0.91295054E+000
  0.91295500E+000
  0.91295907E+000
  0.91296276E+000
  0.91296609E+000
  0.91296907E+000
  0.91297173E+000
  0.91297409E+000
  0.91297619E+000
  0.91297804E+000
  0.91297966E+000
  0.91298109E+000
  0.91298234E+000
  0.91298343E+000
  0.91298438E+000
  0.91298520E+000
  0.91298591E+000
  0.91298651E+000
  0.91298703E+000
  0.91298747E+000
  0.91298784E+000
  0.91298815E+000
  0.91298840E+000
  0.91298861E+000
  0.91298878E+000
  0.91298891E+000
  0.91298900E+000
  0.91298907E+000
  0.91298911E+000
  0.91298912E+000
  0.91298911E+000
  0.91298907E+000
  0.91298901E+000
  0.91298892E+000
  0.91298881E+000
  0.91298867E+000
  0.91298850E+000
  0.91298830E+000
  0.91298806E+000
  0.91298779E+000
  0.91298747E+000
  0.91298711E+000
  0.91298671E+000
  0.91298626E+000
  0.91298575E+000
  0.91298520E+000
  0.91298459E+000
  0.91298393E+000
  0.91298321E+000
  0.91298244E+000
  0.91298161E+000
  0.91298073E+000
  0.91297979E+000
  0.91297880E+000
  0.91297775E+000
  0.91297665E+000
  0.91297551E+000
  0.91297431E+000
  0.91297307E+000
  0.91297178E+000
  0.91297045E+000
  0.91296909E+000
  0.91296769E+000
  0.91296625E+000
  0.91296479E+000
  0.91296331E+000
  0.91296180E+000
  0.91296027E+000
  0.91295874E+000
  0.91295719E+000
  0.91295564E+000
  0.91295408E+000
  0.91295253E+000
  0.91295099E+000
  0.91294946E+000
  0.91294794E+000
  0.91294645E+000
  0.91294497E+000
  0.91294352E+000
  0.91294210E+000
  0.91294071E+000
  0.91293935E+000
  0.91293803E+000
  0.91293675E+000
  0.91293552E+000
  0.91293432E+000
  0.91293317E+000
  0.91293206E+000
  0.91293100E+000
  0.91292998E+000
  0.91292902E+000
  0.91292809E+000
  0.91292722E+000
  0.91292639E+000
  0.91292560E+000
  0.91292486E+000
  0.91292416E+000
  0.91292350E+000
  0.91292288E+000
  0.91292230E+000
  0.91292176E+000
  0.91292125E+000
  0.91292078E+000
  0.91292033E+000
  0.91291992E+000
  0.91291954E+000
  0.91291918E+000
  0.91291885E+000
  0.91291854E+000
  0.91291826E+000
  0.91291799E+000
  0.91291774E+000
  0.91291751E+000
  0.91291730E+000
  0.91291710E+000
  0.91291691E+000
  0.91291674E+000
  0.91291658E+000
  0.91291642E+000
  0.91291628E+000
  0.91291615E+000
  0.91291602E+000
  0.91291590E+000
  0.91291579E+000
  0.91291568E+000
  0.91291558E+000
  0.91291548E+000
  0.91291539E+000
  0.91291530E+000
  0.91291522E+000
  0.91291514E+000
  0.91291506E+000
  0.91291498E+000
  0.91291491E+000
  0.91291484E+000
  0.91291478E+000
  0.91291471E+000
  0.91291465E+000
  0.91291459E+000
  0.91291453E+000
  0.91291448E+000
  0.91291442E+000
  0.91291437E+000
  0.91291432E+000
  0.91291428E+000
  0.91291423E+000
  0.91291419E+000
  0.91291415E+000
  0.91291411E+000
  0.91291407E+000
  0.91291403E+000
  0.91291400E+000
  0.91291397E+000
  0.91291394E+000
  0.91291391E+000
  0.91291389E+000
  0.91291387E+000
  0.91291384E+000
  0.91291383E+000
  0.91291381E+000
  0.91291379E+000
  0.91291378E+000
  0.91291377E+000
  0.91291376E+000
  0.91291376E+000
  0.91291375E+000
  0.91291375E+000
  0.91291375E+000
  0.91291375E+000
  0.91291375E+000
  0.91291375E+000
  0.91291376E+000
  0.91291377E+000
  0.91291378E+000
  0.91291378E+000
  0.91291380E+000
  0.91291381E+000
  0.91291382E+000
  0.91291384E+000
  0.91291385E+000
  0.91291387E+000
  0.91291388E+000
  0.91291390E+000
  0.91291392E+000
  0.91291394E+000
  0.91291396E+000
  0.91291398E+000
  0.91291399E+000
  0.91291401E+000
  0.91291403E+000
  0.91291405E+000
  0.91291407E+000
  0.91291408E+000
  0.91291409E+000
  0.91291409E+000
