  0.82262359E+000
  0.82262285E+000
  0.82262127E+000
  0.82261977E+000
  0.82261845E+000
  0.82261733E+000
  0.82261641E+000
  0.82261565E+000
  0.82261502E+000
  0.82261452E+000
  0.82261412E+000
  0.82261380E+000
  0.82261356E+000
  0.82261337E+000
  0.82261324E+000
  0.82261315E+000
  0.82261309E+000
  0.82261307E+000
  0.82261308E+000
  0.82261310E+000
  0.82261315E+000
  0.82261322E+000
  0.82261329E+000
  0.82261339E+000
  0.82261349E+000
  0.82261360E+000
  0.82261373E+000
  0.82261386E+000
  0.82261400E+000
  0.82261415E+000
  0.82261430E+000
  0.82261446E+000
  0.82261463E+000
  0.82261480E+000
  0.82261498E+000
  0.82261517E+000
  0.82261536E+000
  0.82261556E+000
  0.82261576E+000
  0.82261597E+000
  0.82261618E+000
  0.82261640E+000
  0.82261662E+000
  0.82261685E+000
  0.82261708E+000
  0.82261731E+000
  0.82261755E+000
  0.82261779E+000
  0.82261803E+000
  0.82261828E+000
  0.82261853E+000
  0.82261877E+000
  0.82261902E+000
  0.82261927E+000
  0.82261951E+000
  0.82261976E+000
  0.82262000E+000
  0.82262024E+000
  0.82262048E+000
  0.82262071E+000
  0.82262094E+000
  0.82262116E+000
  0.82262138E+000
  0.82262159E+000
  0.82262179E+000
  0.82262198E+000
  0.82262217E+000
  0.82262234E+000
  0.82262251E+000
  0.82262266E+000
  0.82262281E+000
  0.82262294E+000
  0.82262306E+000
  0.82262317E+000
  0.82262326E+000
  0.82262334E+000
  0.82262341E+000
  0.82262346E+000
  0.82262350E+000
  0.82262352E+000
  0.82262354E+000
  0.82262353E+000
  0.82262352E+000
  0.82262349E+000
  0.82262344E+000
  0.82262338E+000
  0.82262331E+000
  0.82262323E+000
  0.82262314E+000
  0.82262303E+000
  0.82262292E+000
  0.82262279E+000
  0.82262265E+000
  0.82262251E+000
  0.82262236E+000
  0.82262220E+000
  0.82262203E+000
  0.82262186E+000
  0.82262168E+000
  0.82262150E+000
  0.82262132E+000
  0.82262113E+000
  0.82262095E+000
  0.82262076E+000
  0.82262057E+000
  0.82262038E+000
  0.82262019E+000
  0.82262000E+000
  0.82261981E+000
  0.82261962E+000
  0.82261944E+000
  0.82261926E+000
  0.82261908E+000
  0.82261891E+000
  0.82261873E+000
  0.82261857E+000
  0.82261840E+000
  0.82261824E+000
  0.82261808E+000
  0.82261793E+000
  0.82261778E+000
  0.82261764E+000
  0.82261750E+000
  0.82261736E+000
  0.82261722E+000
  0.82261709E+000
  0.82261697E+000
  0.82261684E+000
  0.82261672E+000
  0.82261661E+000
  0.82261649E+000
  0.82261638E+000
  0.82261627E+000
  0.82261617E+000
  0.82261606E+000
  0.82261596E+000
  0.82261587E+000
  0.82261577E+000
  0.82261568E+000
  0.82261559E+000
  0.82261550E+000
  0.82261541E+000
  0.82261533E+000
  0.82261525E+000
  0.82261517E+000
  0.82261510E+000
  0.82261502E+000
  0.82261495E+000
  0.82261488E+000
  0.82261482E+000
  0.82261475E+000
  0.82261469E+000
  0.82261463E+000
  0.82261458E+000
  0.82261452E+000
  0.82261447E+000
  0.82261442E+000
  0.82261438E+000
  0.82261433E+000
  0.82261429E+000
  0.82261426E+000
  0.82261422E+000
  0.82261419E+000
  0.82261416E+000
  0.82261413E+000
  0.82261411E+000
  0.82261409E+000
  0.82261407E+000
  0.82261405E+000
  0.82261404E+000
  0.82261403E+000
  0.82261402E+000
  0.82261401E+000
  0.82261401E+000
  0.82261401E+000
  0.82261401E+000
  0.82261401E+000
  0.82261401E+000
  0.82261402E+000
  0.82261403E+000
  0.82261404E+000
  0.82261405E+000
  0.82261406E+000
  0.82261407E+000
  0.82261409E+000
  0.82261410E+000
  0.82261412E+000
  0.82261414E+000
  0.82261416E+000
  0.82261418E+000
  0.82261420E+000
  0.82261422E+000
  0.82261425E+000
  0.82261427E+000
  0.82261429E+000
  0.82261432E+000
  0.82261434E+000
  0.82261437E+000
  0.82261439E+000
  0.82261441E+000
