  0.93159550E+000
  0.93168568E+000
  0.93179901E+000
  0.93186555E+000
  0.93192760E+000
  0.93198508E+000
  0.93203774E+000
  0.93208555E+000
  0.93212863E+000
  0.93216726E+000
  0.93220173E+000
  0.93223237E+000
  0.93225947E+000
  0.93228334E+000
  0.93230429E+000
  0.93232261E+000
  0.93233856E+000
  0.93235239E+000
  0.93236431E+000
  0.93237451E+000
  0.93238318E+000
  0.93239047E+000
  0.93239653E+000
  0.93240147E+000
  0.93240540E+000
  0.93240843E+000
  0.93241064E+000
  0.93241209E+000
  0.93241287E+000
  0.93241302E+000
  0.93241259E+000
  0.93241163E+000
  0.93241016E+000
  0.93240821E+000
  0.93240580E+000
  0.93240295E+000
  0.93239968E+000
  0.93239597E+000
  0.93239185E+000
  0.93238729E+000
  0.93238231E+000
  0.93237689E+000
  0.93237102E+000
  0.93236469E+000
  0.93235789E+000
  0.93235061E+000
  0.93234283E+000
  0.93233454E+000
  0.93232574E+000
  0.93231640E+000
  0.93230654E+000
  0.93229614E+000
  0.93228520E+000
  0.93227373E+000
  0.93226173E+000
  0.93224921E+000
  0.93223619E+000
  0.93222268E+000
  0.93220869E+000
  0.93219426E+000
  0.93217940E+000
  0.93216415E+000
  0.93214852E+000
  0.93213256E+000
  0.93211630E+000
  0.93209978E+000
  0.93208302E+000
  0.93206608E+000
  0.93204899E+000
  0.93203178E+000
  0.93201451E+000
  0.93199722E+000
  0.93197995E+000
  0.93196273E+000
  0.93194562E+000
  0.93192866E+000
  0.93191188E+000
  0.93189533E+000
  0.93187905E+000
  0.93186308E+000
  0.93184744E+000
  0.93183218E+000
  0.93181732E+000
  0.93180290E+000
  0.93178894E+000
  0.93177546E+000
  0.93176249E+000
  0.93175003E+000
  0.93173812E+000
  0.93172675E+000
  0.93171593E+000
  0.93170567E+000
  0.93169597E+000
  0.93168683E+000
  0.93167825E+000
  0.93167021E+000
  0.93166270E+000
  0.93165572E+000
  0.93164925E+000
  0.93164327E+000
  0.93163777E+000
  0.93163272E+000
  0.93162811E+000
  0.93162391E+000
  0.93162011E+000
  0.93161667E+000
  0.93161358E+000
  0.93161081E+000
  0.93160834E+000
  0.93160615E+000
  0.93160422E+000
  0.93160252E+000
  0.93160104E+000
  0.93159975E+000
  0.93159864E+000
  0.93159769E+000
  0.93159688E+000
  0.93159620E+000
  0.93159564E+000
  0.93159518E+000
  0.93159480E+000
  0.93159451E+000
  0.93159428E+000
  0.93159411E+000
  0.93159400E+000
  0.93159393E+000
  0.93159389E+000
  0.93159389E+000
  0.93159392E+000
  0.93159396E+000
  0.93159403E+000
  0.93159411E+000
  0.93159420E+000
  0.93159431E+000
  0.93159442E+000
  0.93159453E+000
  0.93159465E+000
  0.93159478E+000
  0.93159490E+000
  0.93159502E+000
  0.93159515E+000
  0.93159527E+000
  0.93159539E+000
  0.93159551E+000
  0.93159562E+000
  0.93159573E+000
  0.93159584E+000
  0.93159594E+000
  0.93159604E+000
  0.93159613E+000
  0.93159622E+000
  0.93159631E+000
  0.93159639E+000
  0.93159646E+000
  0.93159653E+000
  0.93159659E+000
  0.93159665E+000
  0.93159671E+000
  0.93159676E+000
  0.93159680E+000
  0.93159684E+000
  0.93159687E+000
  0.93159690E+000
  0.93159693E+000
  0.93159695E+000
  0.93159696E+000
  0.93159697E+000
  0.93159698E+000
  0.93159698E+000
  0.93159698E+000
  0.93159698E+000
  0.93159697E+000
  0.93159696E+000
  0.93159694E+000
  0.93159692E+000
  0.93159690E+000
  0.93159688E+000
  0.93159685E+000
  0.93159683E+000
  0.93159680E+000
  0.93159676E+000
  0.93159673E+000
  0.93159670E+000
  0.93159666E+000
  0.93159662E+000
  0.93159658E+000
  0.93159654E+000
  0.93159650E+000
  0.93159646E+000
  0.93159641E+000
  0.93159636E+000
  0.93159631E+000
  0.93159626E+000
  0.93159620E+000
  0.93159614E+000
  0.93159606E+000
  0.93159597E+000
  0.93159586E+000
  0.93159571E+000
  0.93159546E+000
