  0.35353459E+000
  0.35366274E+000
  0.35374303E+000
  0.35382765E+000
  0.35389757E+000
  0.35395659E+000
  0.35400444E+000
  0.35404593E+000
  0.35408135E+000
  0.35411113E+000
  0.35413317E+000
  0.35415366E+000
  0.35416920E+000
  0.35418331E+000
  0.35419409E+000
  0.35420353E+000
  0.35421090E+000
  0.35421760E+000
  0.35422262E+000
  0.35422681E+000
  0.35422965E+000
  0.35423151E+000
  0.35423322E+000
  0.35423376E+000
  0.35423415E+000
  0.35423429E+000
  0.35423375E+000
  0.35423433E+000
  0.35423341E+000
  0.35423287E+000
  0.35423179E+000
  0.35423103E+000
  0.35423014E+000
  0.35422838E+000
  0.35422680E+000
  0.35422527E+000
  0.35422368E+000
  0.35422184E+000
  0.35422046E+000
  0.35421850E+000
  0.35421670E+000
  0.35421490E+000
  0.35421239E+000
  0.35421083E+000
  0.35420815E+000
  0.35420656E+000
  0.35420464E+000
  0.35420316E+000
  0.35420134E+000
  0.35420005E+000
  0.35419817E+000
  0.35419641E+000
  0.35419449E+000
  0.35419281E+000
  0.35419107E+000
  0.35418921E+000
  0.35418743E+000
  0.35418762E+000
  0.35418601E+000
  0.35418458E+000
  0.35418345E+000
  0.35418196E+000
  0.35418068E+000
  0.35417871E+000
  0.35417743E+000
  0.35417656E+000
  0.35417812E+000
  0.35417741E+000
  0.35417384E+000
  0.35417303E+000
  0.35417402E+000
  0.35417184E+000
  0.35417137E+000
  0.35417110E+000
  0.35417097E+000
  0.35417098E+000
  0.35417233E+000
  0.35417294E+000
  0.35417280E+000
  0.35417252E+000
  0.35417225E+000
  0.35417175E+000
  0.35417185E+000
  0.35417058E+000
  0.35417060E+000
  0.35417112E+000
  0.35417120E+000
  0.35417175E+000
  0.35417195E+000
  0.35417205E+000
  0.35417247E+000
  0.35417107E+000
  0.35417094E+000
  0.35417156E+000
  0.35417135E+000
  0.35417114E+000
  0.35417146E+000
  0.35417132E+000
  0.35417124E+000
  0.35417149E+000
  0.35417149E+000
  0.35417205E+000
  0.35417209E+000
  0.35417206E+000
  0.35417215E+000
  0.35417214E+000
  0.35417216E+000
  0.35417216E+000
  0.35417248E+000
  0.35417241E+000
  0.35417234E+000
  0.35417226E+000
  0.35417221E+000
  0.35417213E+000
  0.35417205E+000
  0.35417200E+000
  0.35417196E+000
  0.35417188E+000
  0.35417180E+000
  0.35417173E+000
  0.35417165E+000
  0.35417157E+000
  0.35417149E+000
  0.35417141E+000
  0.35417134E+000
  0.35417126E+000
  0.35417119E+000
  0.35417111E+000
  0.35417103E+000
  0.35417097E+000
  0.35417085E+000
  0.35417078E+000
  0.35417071E+000
  0.35417065E+000
  0.35417058E+000
  0.35417051E+000
  0.35417045E+000
  0.35417038E+000
  0.35417032E+000
  0.35417026E+000
  0.35417020E+000
  0.35417014E+000
  0.35417007E+000
  0.35417002E+000
  0.35416996E+000
  0.35416991E+000
  0.35416986E+000
  0.35416981E+000
  0.35416976E+000
  0.35416971E+000
  0.35416967E+000
  0.35416962E+000
  0.35416957E+000
  0.35416953E+000
  0.35416949E+000
  0.35416944E+000
  0.35416940E+000
  0.35416937E+000
  0.35416933E+000
  0.35416930E+000
  0.35416926E+000
  0.35416923E+000
  0.35416920E+000
  0.35416918E+000
  0.35416915E+000
  0.35416913E+000
  0.35416910E+000
  0.35416908E+000
  0.35416906E+000
  0.35416904E+000
  0.35416902E+000
  0.35416901E+000
  0.35416899E+000
  0.35416898E+000
  0.35416897E+000
  0.35416896E+000
  0.35416895E+000
  0.35416896E+000
  0.35416895E+000
  0.35416895E+000
  0.35416894E+000
  0.35416894E+000
  0.35416894E+000
  0.35416894E+000
  0.35416894E+000
  0.35416894E+000
  0.35416894E+000
  0.35416895E+000
  0.35416895E+000
  0.35416896E+000
  0.35416896E+000
  0.35416896E+000
  0.35416897E+000
  0.35416897E+000
  0.35416899E+000
  0.35416899E+000
  0.35416899E+000
  0.35416899E+000
  0.35416900E+000
  0.35416903E+000
