 -0.42099906E+000
 -0.42053523E+000
 -0.42012358E+000
 -0.41981074E+000
 -0.41954967E+000
 -0.41933116E+000
 -0.41914818E+000
 -0.41899508E+000
 -0.41886715E+000
 -0.41876045E+000
 -0.41867171E+000
 -0.41859817E+000
 -0.41853752E+000
 -0.41848782E+000
 -0.41844744E+000
 -0.41841502E+000
 -0.41838939E+000
 -0.41836959E+000
 -0.41835480E+000
 -0.41834434E+000
 -0.41833762E+000
 -0.41833415E+000
 -0.41833352E+000
 -0.41833538E+000
 -0.41833944E+000
 -0.41834545E+000
 -0.41835320E+000
 -0.41836253E+000
 -0.41837328E+000
 -0.41838535E+000
 -0.41839864E+000
 -0.41841307E+000
 -0.41842859E+000
 -0.41844514E+000
 -0.41846271E+000
 -0.41848126E+000
 -0.41850079E+000
 -0.41852128E+000
 -0.41854276E+000
 -0.41856521E+000
 -0.41858866E+000
 -0.41861313E+000
 -0.41863862E+000
 -0.41866517E+000
 -0.41869279E+000
 -0.41872150E+000
 -0.41875133E+000
 -0.41878228E+000
 -0.41881439E+000
 -0.41884765E+000
 -0.41888208E+000
 -0.41891769E+000
 -0.41895447E+000
 -0.41899242E+000
 -0.41903153E+000
 -0.41907179E+000
 -0.41911317E+000
 -0.41915565E+000
 -0.41919918E+000
 -0.41924373E+000
 -0.41928925E+000
 -0.41933567E+000
 -0.41938294E+000
 -0.41943099E+000
 -0.41947973E+000
 -0.41952909E+000
 -0.41957897E+000
 -0.41962927E+000
 -0.41967990E+000
 -0.41973074E+000
 -0.41978169E+000
 -0.41983264E+000
 -0.41988346E+000
 -0.41993404E+000
 -0.41998426E+000
 -0.42003401E+000
 -0.42008317E+000
 -0.42013162E+000
 -0.42017925E+000
 -0.42022595E+000
 -0.42027162E+000
 -0.42031617E+000
 -0.42035951E+000
 -0.42040155E+000
 -0.42044222E+000
 -0.42048145E+000
 -0.42051918E+000
 -0.42055537E+000
 -0.42058997E+000
 -0.42062296E+000
 -0.42065432E+000
 -0.42068403E+000
 -0.42071210E+000
 -0.42073853E+000
 -0.42076334E+000
 -0.42078655E+000
 -0.42080820E+000
 -0.42082831E+000
 -0.42084693E+000
 -0.42086412E+000
 -0.42087993E+000
 -0.42089441E+000
 -0.42090762E+000
 -0.42091964E+000
 -0.42093052E+000
 -0.42094034E+000
 -0.42094915E+000
 -0.42095703E+000
 -0.42096404E+000
 -0.42097026E+000
 -0.42097573E+000
 -0.42098052E+000
 -0.42098469E+000
 -0.42098831E+000
 -0.42099141E+000
 -0.42099405E+000
 -0.42099629E+000
 -0.42099815E+000
 -0.42099969E+000
 -0.42100094E+000
 -0.42100194E+000
 -0.42100271E+000
 -0.42100329E+000
 -0.42100370E+000
 -0.42100397E+000
 -0.42100411E+000
 -0.42100415E+000
 -0.42100409E+000
 -0.42100396E+000
 -0.42100377E+000
 -0.42100353E+000
 -0.42100325E+000
 -0.42100293E+000
 -0.42100259E+000
 -0.42100223E+000
 -0.42100186E+000
 -0.42100147E+000
 -0.42100109E+000
 -0.42100069E+000
 -0.42100031E+000
 -0.42099992E+000
 -0.42099954E+000
 -0.42099917E+000
 -0.42099881E+000
 -0.42099845E+000
 -0.42099811E+000
 -0.42099779E+000
 -0.42099747E+000
 -0.42099717E+000
 -0.42099689E+000
 -0.42099662E+000
 -0.42099636E+000
 -0.42099612E+000
 -0.42099590E+000
 -0.42099569E+000
 -0.42099550E+000
 -0.42099532E+000
 -0.42099516E+000
 -0.42099502E+000
 -0.42099489E+000
 -0.42099477E+000
 -0.42099467E+000
 -0.42099459E+000
 -0.42099452E+000
 -0.42099446E+000
 -0.42099442E+000
 -0.42099439E+000
 -0.42099438E+000
 -0.42099437E+000
 -0.42099438E+000
 -0.42099440E+000
 -0.42099443E+000
 -0.42099447E+000
 -0.42099452E+000
 -0.42099458E+000
 -0.42099464E+000
 -0.42099472E+000
 -0.42099480E+000
 -0.42099489E+000
 -0.42099498E+000
 -0.42099508E+000
 -0.42099519E+000
 -0.42099530E+000
 -0.42099542E+000
 -0.42099553E+000
 -0.42099566E+000
 -0.42099578E+000
 -0.42099591E+000
 -0.42099605E+000
 -0.42099618E+000
 -0.42099633E+000
 -0.42099648E+000
 -0.42099665E+000
 -0.42099683E+000
 -0.42099703E+000
 -0.42099727E+000
 -0.42099755E+000
 -0.42099791E+000
 -0.42099833E+000
 -0.42099906E+000
