  0.16179060E+000
  0.16040165E+000
  0.15985481E+000
  0.15943425E+000
  0.15911310E+000
  0.15885560E+000
  0.15864494E+000
  0.15847143E+000
  0.15832840E+000
  0.15821043E+000
  0.15811308E+000
  0.15803283E+000
  0.15796693E+000
  0.15791300E+000
  0.15786901E+000
  0.15783331E+000
  0.15780458E+000
  0.15778170E+000
  0.15776374E+000
  0.15774991E+000
  0.15773957E+000
  0.15773217E+000
  0.15772723E+000
  0.15772439E+000
  0.15772331E+000
  0.15772372E+000
  0.15772539E+000
  0.15772811E+000
  0.15773171E+000
  0.15773605E+000
  0.15774101E+000
  0.15774649E+000
  0.15775241E+000
  0.15775870E+000
  0.15776529E+000
  0.15777214E+000
  0.15777920E+000
  0.15778645E+000
  0.15779385E+000
  0.15780138E+000
  0.15780901E+000
  0.15781673E+000
  0.15782450E+000
  0.15783231E+000
  0.15784015E+000
  0.15784798E+000
  0.15785580E+000
  0.15786358E+000
  0.15787130E+000
  0.15787894E+000
  0.15788649E+000
  0.15789392E+000
  0.15790122E+000
  0.15790836E+000
  0.15791534E+000
  0.15792214E+000
  0.15792874E+000
  0.15793512E+000
  0.15794128E+000
  0.15794720E+000
  0.15795288E+000
  0.15795831E+000
  0.15796347E+000
  0.15796838E+000
  0.15797301E+000
  0.15797738E+000
  0.15798149E+000
  0.15798533E+000
  0.15798891E+000
  0.15799224E+000
  0.15799531E+000
  0.15799815E+000
  0.15800075E+000
  0.15800314E+000
  0.15800530E+000
  0.15800727E+000
  0.15800905E+000
  0.15801064E+000
  0.15801207E+000
  0.15801334E+000
  0.15801447E+000
  0.15801547E+000
  0.15801634E+000
  0.15801710E+000
  0.15801777E+000
  0.15801834E+000
  0.15801883E+000
  0.15801925E+000
  0.15801960E+000
  0.15801990E+000
  0.15802015E+000
  0.15802035E+000
  0.15802052E+000
  0.15802066E+000
  0.15802077E+000
  0.15802086E+000
  0.15802093E+000
  0.15802099E+000
  0.15802103E+000
  0.15802106E+000
  0.15802108E+000
  0.15802109E+000
  0.15802110E+000
  0.15802110E+000
  0.15802110E+000
  0.15802110E+000
  0.15802109E+000
  0.15802108E+000
  0.15802107E+000
  0.15802106E+000
  0.15802105E+000
  0.15802104E+000
  0.15802102E+000
  0.15802101E+000
  0.15802099E+000
  0.15802098E+000
  0.15802096E+000
  0.15802095E+000
  0.15802093E+000
  0.15802091E+000
  0.15802089E+000
  0.15802087E+000
  0.15802085E+000
  0.15802083E+000
  0.15802081E+000
  0.15802079E+000
  0.15802077E+000
  0.15802075E+000
  0.15802073E+000
  0.15802071E+000
  0.15802069E+000
  0.15802067E+000
  0.15802065E+000
  0.15802063E+000
  0.15802061E+000
  0.15802059E+000
  0.15802057E+000
  0.15802055E+000
  0.15802054E+000
  0.15802052E+000
  0.15802050E+000
  0.15802048E+000
  0.15802047E+000
  0.15802045E+000
  0.15802044E+000
  0.15802043E+000
  0.15802041E+000
  0.15802040E+000
  0.15802039E+000
  0.15802038E+000
  0.15802037E+000
  0.15802036E+000
  0.15802036E+000
  0.15802035E+000
  0.15802034E+000
  0.15802034E+000
  0.15802033E+000
  0.15802033E+000
  0.15802033E+000
  0.15802033E+000
  0.15802032E+000
  0.15802032E+000
  0.15802032E+000
  0.15802032E+000
  0.15802033E+000
  0.15802033E+000
  0.15802033E+000
  0.15802033E+000
  0.15802034E+000
  0.15802034E+000
  0.15802034E+000
  0.15802035E+000
  0.15802036E+000
  0.15802036E+000
  0.15802037E+000
  0.15802037E+000
  0.15802038E+000
  0.15802039E+000
  0.15802039E+000
  0.15802040E+000
  0.15802041E+000
  0.15802042E+000
  0.15802042E+000
  0.15802043E+000
  0.15802044E+000
  0.15802045E+000
  0.15802045E+000
  0.15802046E+000
  0.15802047E+000
  0.15802048E+000
  0.15802048E+000
  0.15802049E+000
  0.15802050E+000
  0.15802051E+000
  0.15802052E+000
  0.15802053E+000
  0.15802055E+000
  0.15802057E+000
  0.15802058E+000
  0.15802061E+000
