  0.13047205E+002
  0.13080847E+002
  0.13093803E+002
  0.13104958E+002
  0.13113644E+002
  0.13120651E+002
  0.13126385E+002
  0.13131100E+002
  0.13134979E+002
  0.13138172E+002
  0.13140799E+002
  0.13142958E+002
  0.13144722E+002
  0.13146159E+002
  0.13147323E+002
  0.13148258E+002
  0.13149001E+002
  0.13149582E+002
  0.13150026E+002
  0.13150355E+002
  0.13150586E+002
  0.13150734E+002
  0.13150813E+002
  0.13150832E+002
  0.13150801E+002
  0.13150728E+002
  0.13150619E+002
  0.13150479E+002
  0.13150314E+002
  0.13150127E+002
  0.13149923E+002
  0.13149704E+002
  0.13149472E+002
  0.13149231E+002
  0.13148981E+002
  0.13148724E+002
  0.13148462E+002
  0.13148196E+002
  0.13147927E+002
  0.13147656E+002
  0.13147383E+002
  0.13147110E+002
  0.13146838E+002
  0.13146567E+002
  0.13146297E+002
  0.13146031E+002
  0.13145767E+002
  0.13145508E+002
  0.13145254E+002
  0.13145005E+002
  0.13144762E+002
  0.13144527E+002
  0.13144299E+002
  0.13144080E+002
  0.13143869E+002
  0.13143669E+002
  0.13143479E+002
  0.13143300E+002
  0.13143133E+002
  0.13142977E+002
  0.13142834E+002
  0.13142704E+002
  0.13142586E+002
  0.13142482E+002
  0.13142391E+002
  0.13142313E+002
  0.13142248E+002
  0.13142196E+002
  0.13142157E+002
  0.13142130E+002
  0.13142115E+002
  0.13142112E+002
  0.13142120E+002
  0.13142138E+002
  0.13142166E+002
  0.13142203E+002
  0.13142248E+002
  0.13142301E+002
  0.13142361E+002
  0.13142427E+002
  0.13142499E+002
  0.13142575E+002
  0.13142654E+002
  0.13142737E+002
  0.13142822E+002
  0.13142908E+002
  0.13142996E+002
  0.13143083E+002
  0.13143170E+002
  0.13143257E+002
  0.13143342E+002
  0.13143425E+002
  0.13143506E+002
  0.13143584E+002
  0.13143660E+002
  0.13143732E+002
  0.13143801E+002
  0.13143867E+002
  0.13143929E+002
  0.13143988E+002
  0.13144043E+002
  0.13144094E+002
  0.13144142E+002
  0.13144186E+002
  0.13144227E+002
  0.13144265E+002
  0.13144299E+002
  0.13144330E+002
  0.13144359E+002
  0.13144385E+002
  0.13144408E+002
  0.13144428E+002
  0.13144447E+002
  0.13144463E+002
  0.13144477E+002
  0.13144490E+002
  0.13144501E+002
  0.13144510E+002
  0.13144519E+002
  0.13144526E+002
  0.13144532E+002
  0.13144537E+002
  0.13144541E+002
  0.13144544E+002
  0.13144547E+002
  0.13144549E+002
  0.13144551E+002
  0.13144552E+002
  0.13144553E+002
  0.13144553E+002
  0.13144553E+002
  0.13144553E+002
  0.13144553E+002
  0.13144552E+002
  0.13144552E+002
  0.13144551E+002
  0.13144551E+002
  0.13144550E+002
  0.13144549E+002
  0.13144548E+002
  0.13144547E+002
  0.13144546E+002
  0.13144546E+002
  0.13144545E+002
  0.13144544E+002
  0.13144543E+002
  0.13144543E+002
  0.13144542E+002
  0.13144541E+002
  0.13144541E+002
  0.13144540E+002
  0.13144540E+002
  0.13144539E+002
  0.13144539E+002
  0.13144538E+002
  0.13144538E+002
  0.13144538E+002
  0.13144538E+002
  0.13144538E+002
  0.13144538E+002
  0.13144538E+002
  0.13144538E+002
  0.13144538E+002
  0.13144538E+002
  0.13144538E+002
  0.13144538E+002
  0.13144539E+002
  0.13144539E+002
  0.13144539E+002
  0.13144540E+002
  0.13144540E+002
  0.13144540E+002
  0.13144541E+002
  0.13144541E+002
  0.13144542E+002
  0.13144542E+002
  0.13144543E+002
  0.13144543E+002
  0.13144544E+002
  0.13144544E+002
  0.13144545E+002
  0.13144546E+002
  0.13144546E+002
  0.13144547E+002
  0.13144547E+002
  0.13144548E+002
  0.13144548E+002
  0.13144549E+002
  0.13144549E+002
  0.13144550E+002
  0.13144550E+002
  0.13144551E+002
  0.13144551E+002
  0.13144552E+002
  0.13144552E+002
  0.13144553E+002
  0.13144553E+002
  0.13144554E+002
  0.13144555E+002
  0.13144556E+002
