  0.55898056E+001
  0.55994582E+001
  0.56031736E+001
  0.56063713E+001
  0.56088606E+001
  0.56108686E+001
  0.56125112E+001
  0.56138618E+001
  0.56149730E+001
  0.56158874E+001
  0.56166398E+001
  0.56172579E+001
  0.56177633E+001
  0.56181747E+001
  0.56185080E+001
  0.56187758E+001
  0.56189884E+001
  0.56191547E+001
  0.56192818E+001
  0.56193759E+001
  0.56194421E+001
  0.56194846E+001
  0.56195071E+001
  0.56195126E+001
  0.56195038E+001
  0.56194828E+001
  0.56194515E+001
  0.56194115E+001
  0.56193643E+001
  0.56193109E+001
  0.56192524E+001
  0.56191896E+001
  0.56191234E+001
  0.56190542E+001
  0.56189826E+001
  0.56189091E+001
  0.56188341E+001
  0.56187579E+001
  0.56186808E+001
  0.56186031E+001
  0.56185251E+001
  0.56184470E+001
  0.56183690E+001
  0.56182913E+001
  0.56182142E+001
  0.56181379E+001
  0.56180624E+001
  0.56179882E+001
  0.56179154E+001
  0.56178441E+001
  0.56177747E+001
  0.56177072E+001
  0.56176420E+001
  0.56175792E+001
  0.56175191E+001
  0.56174617E+001
  0.56174073E+001
  0.56173561E+001
  0.56173081E+001
  0.56172636E+001
  0.56172226E+001
  0.56171853E+001
  0.56171516E+001
  0.56171217E+001
  0.56170956E+001
  0.56170733E+001
  0.56170547E+001
  0.56170399E+001
  0.56170286E+001
  0.56170210E+001
  0.56170167E+001
  0.56170158E+001
  0.56170180E+001
  0.56170232E+001
  0.56170312E+001
  0.56170418E+001
  0.56170548E+001
  0.56170701E+001
  0.56170872E+001
  0.56171061E+001
  0.56171266E+001
  0.56171483E+001
  0.56171711E+001
  0.56171948E+001
  0.56172191E+001
  0.56172438E+001
  0.56172688E+001
  0.56172939E+001
  0.56173189E+001
  0.56173436E+001
  0.56173680E+001
  0.56173918E+001
  0.56174149E+001
  0.56174374E+001
  0.56174590E+001
  0.56174798E+001
  0.56174996E+001
  0.56175184E+001
  0.56175362E+001
  0.56175530E+001
  0.56175688E+001
  0.56175835E+001
  0.56175972E+001
  0.56176098E+001
  0.56176215E+001
  0.56176323E+001
  0.56176421E+001
  0.56176511E+001
  0.56176592E+001
  0.56176665E+001
  0.56176731E+001
  0.56176791E+001
  0.56176843E+001
  0.56176890E+001
  0.56176931E+001
  0.56176967E+001
  0.56176999E+001
  0.56177026E+001
  0.56177050E+001
  0.56177070E+001
  0.56177087E+001
  0.56177101E+001
  0.56177113E+001
  0.56177122E+001
  0.56177130E+001
  0.56177136E+001
  0.56177141E+001
  0.56177144E+001
  0.56177146E+001
  0.56177148E+001
  0.56177148E+001
  0.56177148E+001
  0.56177147E+001
  0.56177146E+001
  0.56177145E+001
  0.56177143E+001
  0.56177141E+001
  0.56177139E+001
  0.56177136E+001
  0.56177134E+001
  0.56177131E+001
  0.56177129E+001
  0.56177127E+001
  0.56177124E+001
  0.56177122E+001
  0.56177120E+001
  0.56177118E+001
  0.56177116E+001
  0.56177114E+001
  0.56177112E+001
  0.56177111E+001
  0.56177109E+001
  0.56177108E+001
  0.56177107E+001
  0.56177106E+001
  0.56177106E+001
  0.56177105E+001
  0.56177105E+001
  0.56177104E+001
  0.56177104E+001
  0.56177104E+001
  0.56177104E+001
  0.56177105E+001
  0.56177105E+001
  0.56177105E+001
  0.56177106E+001
  0.56177107E+001
  0.56177108E+001
  0.56177109E+001
  0.56177110E+001
  0.56177111E+001
  0.56177112E+001
  0.56177113E+001
  0.56177115E+001
  0.56177116E+001
  0.56177117E+001
  0.56177119E+001
  0.56177120E+001
  0.56177122E+001
  0.56177123E+001
  0.56177125E+001
  0.56177126E+001
  0.56177128E+001
  0.56177129E+001
  0.56177131E+001
  0.56177133E+001
  0.56177134E+001
  0.56177136E+001
  0.56177137E+001
  0.56177138E+001
  0.56177140E+001
  0.56177141E+001
  0.56177143E+001
  0.56177144E+001
  0.56177146E+001
  0.56177147E+001
  0.56177149E+001
  0.56177151E+001
  0.56177153E+001
  0.56177157E+001
