 -0.48122914E+000 -0.23354776E+000 -0.54909481E-002 -0.45317650E-002 -0.16542156E-002  0.22934065E+000  0.34247264E+001  0.16556430E+002  0.33034404E+002  0.10316508E+003  0.17234818E+003
 -0.48118082E+000 -0.23263983E+000 -0.54881814E-002 -0.45288247E-002 -0.16507548E-002  0.22937534E+000  0.34247466E+001  0.16556391E+002  0.33057286E+002  0.10316509E+003  0.17234729E+003
 -0.48117584E+000 -0.23244721E+000 -0.54879966E-002 -0.45288629E-002 -0.16514618E-002  0.22935885E+000  0.34247243E+001  0.16556384E+002  0.33072206E+002  0.10316511E+003  0.17234727E+003
 -0.48117765E+000 -0.23233288E+000 -0.54878027E-002 -0.45287545E-002 -0.16516100E-002  0.22935537E+000  0.34247253E+001  0.16556393E+002  0.33090927E+002  0.10316514E+003  0.17234739E+003
 -0.48118564E+000 -0.23233739E+000 -0.54878511E-002 -0.45288658E-002 -0.16519099E-002  0.22935135E+000  0.34247249E+001  0.16556399E+002  0.33148772E+002  0.10316516E+003  0.17234752E+003
 -0.48119629E+000 -0.23242173E+000 -0.54880263E-002 -0.45290839E-002 -0.16522570E-002  0.22934819E+000  0.34247248E+001  0.16556404E+002  0.33163998E+002  0.10316518E+003  0.17234763E+003
 -0.48120774E+000 -0.23256125E+000 -0.54882747E-002 -0.45293612E-002 -0.16526209E-002  0.22934569E+000  0.34247249E+001  0.16556409E+002  0.33176613E+002  0.10316519E+003  0.17234773E+003
 -0.48121901E+000 -0.23273751E+000 -0.54885674E-002 -0.45296726E-002 -0.16529883E-002  0.22934360E+000  0.34247251E+001  0.16556413E+002  0.33187037E+002  0.10316521E+003  0.17234781E+003
 -0.48122958E+000 -0.23293567E+000 -0.54888858E-002 -0.45300018E-002 -0.16533499E-002  0.22934182E+000  0.34247252E+001  0.16556416E+002  0.33195622E+002  0.10316522E+003  0.17234788E+003
 -0.48123922E+000 -0.23314388E+000 -0.54892164E-002 -0.45303369E-002 -0.16536985E-002  0.22934027E+000  0.34247253E+001  0.16556419E+002  0.33202650E+002  0.10316523E+003  0.17234793E+003
 -0.48124783E+000 -0.23335312E+000 -0.54895496E-002 -0.45306694E-002 -0.16540290E-002  0.22933894E+000  0.34247253E+001  0.16556421E+002  0.33208338E+002  0.10316524E+003  0.17234798E+003
 -0.48125541E+000 -0.23355691E+000 -0.54898784E-002 -0.45309933E-002 -0.16543382E-002  0.22933777E+000  0.34247253E+001  0.16556423E+002  0.33212868E+002  0.10316524E+003  0.17234802E+003
 -0.48126204E+000 -0.23375084E+000 -0.54901978E-002 -0.45313045E-002 -0.16546247E-002  0.22933676E+000  0.34247253E+001  0.16556424E+002  0.33216399E+002  0.10316525E+003  0.17234805E+003
 -0.48126779E+000 -0.23393204E+000 -0.54905039E-002 -0.45315995E-002 -0.16548866E-002  0.22933588E+000  0.34247253E+001  0.16556426E+002  0.33219066E+002  0.10316525E+003  0.17234808E+003
 -0.48127275E+000 -0.23409896E+000 -0.54907938E-002 -0.45318763E-002 -0.16551237E-002  0.22933513E+000  0.34247252E+001  0.16556427E+002  0.33220989E+002  0.10316525E+003  0.17234810E+003
 -0.48127702E+000 -0.23425105E+000 -0.54910662E-002 -0.45321337E-002 -0.16553361E-002  0.22933447E+000  0.34247251E+001  0.16556428E+002  0.33222270E+002  0.10316525E+003  0.17234812E+003
 -0.48128069E+000 -0.23438842E+000 -0.54913201E-002 -0.45323712E-002 -0.16555247E-002  0.22933391E+000  0.34247251E+001  0.16556428E+002  0.33222995E+002  0.10316526E+003  0.17234814E+003
 -0.48128384E+000 -0.23451156E+000 -0.54915551E-002 -0.45325889E-002 -0.16556904E-002  0.22933344E+000  0.34247249E+001  0.16556429E+002  0.33223250E+002  0.10316526E+003  0.17234815E+003
 -0.48128654E+000 -0.23462127E+000 -0.54917711E-002 -0.45327868E-002 -0.16558342E-002  0.22933303E+000  0.34247248E+001  0.16556430E+002  0.33223102E+002  0.10316526E+003  0.17234816E+003
 -0.48128885E+000 -0.23469097E+000 -0.54919684E-002 -0.45329657E-002 -0.16559574E-002  0.22933268E+000  0.34247247E+001  0.16556430E+002  0.33222606E+002  0.10316526E+003  0.17234817E+003
 -0.48129083E+000 -0.23471372E+000 -0.54921477E-002 -0.45331261E-002 -0.16560613E-002  0.22933239E+000  0.34247245E+001  0.16556430E+002  0.33221809E+002  0.10316526E+003  0.17234818E+003
 -0.48129251E+000 -0.23473367E+000 -0.54923095E-002 -0.45332689E-002 -0.16561473E-002  0.22933216E+000  0.34247243E+001  0.16556431E+002  0.33220753E+002  0.10316526E+003  0.17234819E+003
 -0.48129394E+000 -0.23475108E+000 -0.54924547E-002 -0.45333952E-002 -0.16562168E-002  0.22933196E+000  0.34247241E+001  0.16556431E+002  0.33219472E+002  0.10316526E+003  0.17234819E+003
 -0.48129513E+000 -0.23476620E+000 -0.54925843E-002 -0.45335060E-002 -0.16562712E-002  0.22933180E+000  0.34247239E+001  0.16556431E+002  0.33217996E+002  0.10316526E+003  0.17234820E+003
 -0.48129613E+000 -0.23477925E+000 -0.54926993E-002 -0.45336025E-002 -0.16563120E-002  0.22933168E+000  0.34247237E+001  0.16556431E+002  0.33216352E+002  0.10316525E+003  0.17234820E+003
 -0.48129694E+000 -0.23479043E+000 -0.54928006E-002 -0.45336856E-002 -0.16563407E-002  0.22933158E+000  0.34247235E+001  0.16556431E+002  0.33214563E+002  0.10316525E+003  0.17234820E+003
 -0.48129759E+000 -0.23479994E+000 -0.54928893E-002 -0.45337566E-002 -0.16563585E-002  0.22933151E+000  0.34247233E+001  0.16556431E+002  0.33212647E+002  0.10316525E+003  0.17234821E+003
 -0.48129810E+000 -0.23480793E+000 -0.54929663E-002 -0.45338164E-002 -0.16563668E-002  0.22933146E+000  0.34247231E+001  0.16556431E+002  0.33210623E+002  0.10316525E+003  0.17234821E+003
 -0.48129848E+000 -0.23481458E+000 -0.54930327E-002 -0.45338662E-002 -0.16563670E-002  0.22933142E+000  0.34247229E+001  0.16556431E+002  0.33208506E+002  0.10316525E+003  0.17234821E+003
 -0.48129874E+000 -0.23482001E+000 -0.54930893E-002 -0.45339070E-002 -0.16563603E-002  0.22933141E+000  0.34247227E+001  0.16556431E+002  0.33206308E+002  0.10316525E+003  0.17234821E+003
 -0.48129889E+000 -0.23482435E+000 -0.54931371E-002 -0.45339398E-002 -0.16563478E-002  0.22933140E+000  0.34247224E+001  0.16556431E+002  0.33204042E+002  0.10316524E+003  0.17234821E+003
 -0.48129895E+000 -0.23482771E+000 -0.54931770E-002 -0.45339654E-002 -0.16563307E-002  0.22933141E+000  0.34247222E+001  0.16556431E+002  0.33201720E+002  0.10316524E+003  0.17234821E+003
 -0.48129892E+000 -0.23483019E+000 -0.54932097E-002 -0.45339847E-002 -0.16563100E-002  0.22933142E+000  0.34247220E+001  0.16556431E+002  0.33199350E+002  0.10316524E+003  0.17234821E+003
 -0.48129881E+000 -0.23483188E+000 -0.54932359E-002 -0.45339985E-002 -0.16562865E-002  0.22933143E+000  0.34247218E+001  0.16556431E+002  0.33196943E+002  0.10316524E+003  0.17234821E+003
 -0.48129862E+000 -0.23483286E+000 -0.54932564E-002 -0.45340075E-002 -0.16562611E-002  0.22933145E+000  0.34247216E+001  0.16556431E+002  0.33194506E+002  0.10316524E+003  0.17234821E+003
 -0.48129838E+000 -0.23483320E+000 -0.54932717E-002 -0.45340124E-002 -0.16562345E-002  0.22933148E+000  0.34247214E+001  0.16556431E+002  0.33192049E+002  0.10316523E+003  0.17234821E+003
 -0.48129806E+000 -0.23483296E+000 -0.54932824E-002 -0.45340136E-002 -0.16562072E-002  0.22933150E+000  0.34247212E+001  0.16556431E+002  0.33189578E+002  0.10316523E+003  0.17234821E+003
 -0.48129770E+000 -0.23483218E+000 -0.54932889E-002 -0.45340116E-002 -0.16561796E-002  0.22933153E+000  0.34247210E+001  0.16556431E+002  0.33187100E+002  0.10316523E+003  0.17234821E+003
 -0.48129728E+000 -0.23483092E+000 -0.54932918E-002 -0.45340068E-002 -0.16561521E-002  0.22933155E+000  0.34247208E+001  0.16556431E+002  0.33184623E+002  0.10316523E+003  0.17234820E+003
 -0.48129681E+000 -0.23482921E+000 -0.54932912E-002 -0.45339996E-002 -0.16561249E-002  0.22933158E+000  0.34247206E+001  0.16556431E+002  0.33182153E+002  0.10316522E+003  0.17234820E+003
 -0.48129629E+000 -0.23482708E+000 -0.54932877E-002 -0.45339902E-002 -0.16560979E-002  0.22933160E+000  0.34247205E+001  0.16556431E+002  0.33179696E+002  0.10316522E+003  0.17234820E+003
 -0.48129573E+000 -0.23482456E+000 -0.54932813E-002 -0.45339788E-002 -0.16560713E-002  0.22933163E+000  0.34247203E+001  0.16556431E+002  0.33177256E+002  0.10316522E+003  0.17234820E+003
 -0.48129512E+000 -0.23482165E+000 -0.54932723E-002 -0.45339654E-002 -0.16560449E-002  0.22933166E+000  0.34247202E+001  0.16556431E+002  0.33174841E+002  0.10316522E+003  0.17234820E+003
 -0.48129447E+000 -0.23481838E+000 -0.54932609E-002 -0.45339503E-002 -0.16560184E-002  0.22933169E+000  0.34247201E+001  0.16556431E+002  0.33172453E+002  0.10316522E+003  0.17234820E+003
 -0.48129377E+000 -0.23481475E+000 -0.54932472E-002 -0.45339333E-002 -0.16559917E-002  0.22933173E+000  0.34247200E+001  0.16556430E+002  0.33170100E+002  0.10316521E+003  0.17234820E+003
 -0.48129303E+000 -0.23481076E+000 -0.54932313E-002 -0.45339145E-002 -0.16559645E-002  0.22933177E+000  0.34247199E+001  0.16556430E+002  0.33167785E+002  0.10316521E+003  0.17234820E+003
 -0.48129224E+000 -0.23480643E+000 -0.54932132E-002 -0.45338940E-002 -0.16559364E-002  0.22933182E+000  0.34247198E+001  0.16556430E+002  0.33165513E+002  0.10316521E+003  0.17234820E+003
 -0.48129140E+000 -0.23480174E+000 -0.54931929E-002 -0.45338715E-002 -0.16559072E-002  0.22933188E+000  0.34247197E+001  0.16556430E+002  0.33163291E+002  0.10316521E+003  0.17234820E+003
 -0.48129052E+000 -0.23479669E+000 -0.54931706E-002 -0.45338471E-002 -0.16558766E-002  0.22933194E+000  0.34247197E+001  0.16556430E+002  0.33161123E+002  0.10316520E+003  0.17234820E+003
 -0.48128959E+000 -0.23479129E+000 -0.54931462E-002 -0.45338207E-002 -0.16558442E-002  0.22933202E+000  0.34247196E+001  0.16556430E+002  0.33159014E+002  0.10316520E+003  0.17234820E+003
 -0.48128861E+000 -0.23478552E+000 -0.54931197E-002 -0.45337923E-002 -0.16558099E-002  0.22933210E+000  0.34247196E+001  0.16556430E+002  0.33156972E+002  0.10316520E+003  0.17234820E+003
 -0.48128758E+000 -0.23477940E+000 -0.54930912E-002 -0.45337617E-002 -0.16557733E-002  0.22933220E+000  0.34247196E+001  0.16556430E+002  0.33155002E+002  0.10316520E+003  0.17234820E+003
 -0.48128650E+000 -0.23477291E+000 -0.54930606E-002 -0.45337290E-002 -0.16557344E-002  0.22933231E+000  0.34247196E+001  0.16556430E+002  0.33153110E+002  0.10316520E+003  0.17234820E+003
 -0.48128537E+000 -0.23476606E+000 -0.54930279E-002 -0.45336941E-002 -0.16556929E-002  0.22933243E+000  0.34247197E+001  0.16556430E+002  0.33151303E+002  0.10316519E+003  0.17234819E+003
 -0.48128419E+000 -0.23475886E+000 -0.54929931E-002 -0.45336570E-002 -0.16556487E-002  0.22933257E+000  0.34247197E+001  0.16556430E+002  0.33149587E+002  0.10316519E+003  0.17234819E+003
 -0.48128296E+000 -0.23475130E+000 -0.54929564E-002 -0.45336177E-002 -0.16556018E-002  0.22933272E+000  0.34247198E+001  0.16556430E+002  0.33147967E+002  0.10316519E+003  0.17234819E+003
 -0.48128168E+000 -0.23474339E+000 -0.54929176E-002 -0.45335762E-002 -0.16555521E-002  0.22933289E+000  0.34247199E+001  0.16556430E+002  0.33146451E+002  0.10316519E+003  0.17234819E+003
 -0.48128036E+000 -0.23473515E+000 -0.54928769E-002 -0.45335326E-002 -0.16554996E-002  0.22933307E+000  0.34247200E+001  0.16556430E+002  0.33145042E+002  0.10316519E+003  0.17234819E+003
 -0.48127899E+000 -0.23472658E+000 -0.54928343E-002 -0.45334868E-002 -0.16554444E-002  0.22933326E+000  0.34247201E+001  0.16556430E+002  0.33143746E+002  0.10316518E+003  0.17234819E+003
 -0.48127758E+000 -0.23471770E+000 -0.54927899E-002 -0.45334390E-002 -0.16553866E-002  0.22933347E+000  0.34247203E+001  0.16556430E+002  0.33142568E+002  0.10316518E+003  0.17234819E+003
 -0.48127612E+000 -0.23470853E+000 -0.54927437E-002 -0.45333893E-002 -0.16553261E-002  0.22933369E+000  0.34247204E+001  0.16556430E+002  0.33140402E+002  0.10316518E+003  0.17234820E+003
 -0.48127463E+000 -0.23469907E+000 -0.54926958E-002 -0.45333376E-002 -0.16552632E-002  0.22933393E+000  0.34247206E+001  0.16556430E+002  0.33136187E+002  0.10316518E+003  0.17234820E+003
 -0.48127310E+000 -0.23468936E+000 -0.54926464E-002 -0.45332842E-002 -0.16551979E-002  0.22933418E+000  0.34247208E+001  0.16556430E+002  0.33132540E+002  0.10316518E+003  0.17234820E+003
 -0.48127154E+000 -0.23467492E+000 -0.54925955E-002 -0.45332292E-002 -0.16551304E-002  0.22933444E+000  0.34247211E+001  0.16556430E+002  0.33129467E+002  0.10316518E+003  0.17234820E+003
 -0.48126996E+000 -0.23463662E+000 -0.54925432E-002 -0.45331726E-002 -0.16550609E-002  0.22933471E+000  0.34247213E+001  0.16556430E+002  0.33126970E+002  0.10316518E+003  0.17234820E+003
 -0.48126834E+000 -0.23459759E+000 -0.54924898E-002 -0.45331147E-002 -0.16549896E-002  0.22933500E+000  0.34247216E+001  0.16556430E+002  0.33125050E+002  0.10316518E+003  0.17234820E+003
 -0.48126670E+000 -0.23455792E+000 -0.54924352E-002 -0.45330555E-002 -0.16549167E-002  0.22933530E+000  0.34247218E+001  0.16556430E+002  0.33123701E+002  0.10316518E+003  0.17234820E+003
 -0.48126505E+000 -0.23451771E+000 -0.54923796E-002 -0.45329953E-002 -0.16548423E-002  0.22933561E+000  0.34247221E+001  0.16556431E+002  0.33122916E+002  0.10316518E+003  0.17234820E+003
 -0.48126338E+000 -0.23447706E+000 -0.54923232E-002 -0.45329341E-002 -0.16547669E-002  0.22933593E+000  0.34247224E+001  0.16556431E+002  0.33122685E+002  0.10316517E+003  0.17234820E+003
 -0.48126170E+000 -0.23443605E+000 -0.54922662E-002 -0.45328722E-002 -0.16546905E-002  0.22933626E+000  0.34247228E+001  0.16556431E+002  0.33122994E+002  0.10316517E+003  0.17234820E+003
 -0.48126001E+000 -0.23439481E+000 -0.54922086E-002 -0.45328097E-002 -0.16546134E-002  0.22933660E+000  0.34247231E+001  0.16556431E+002  0.33123825E+002  0.10316517E+003  0.17234820E+003
 -0.48125833E+000 -0.23435342E+000 -0.54921506E-002 -0.45327469E-002 -0.16545359E-002  0.22933694E+000  0.34247235E+001  0.16556431E+002  0.33125159E+002  0.10316517E+003  0.17234820E+003
 -0.48125664E+000 -0.23431200E+000 -0.54920923E-002 -0.45326838E-002 -0.16544582E-002  0.22933730E+000  0.34247238E+001  0.16556431E+002  0.33126973E+002  0.10316517E+003  0.17234821E+003
 -0.48125496E+000 -0.23427065E+000 -0.54920340E-002 -0.45326207E-002 -0.16543806E-002  0.22933765E+000  0.34247242E+001  0.16556431E+002  0.33129242E+002  0.10316517E+003  0.17234821E+003
 -0.48125329E+000 -0.23422947E+000 -0.54919758E-002 -0.45325577E-002 -0.16543034E-002  0.22933802E+000  0.34247246E+001  0.16556431E+002  0.33131940E+002  0.10316517E+003  0.17234821E+003
 -0.48125164E+000 -0.23418857E+000 -0.54919178E-002 -0.45324950E-002 -0.16542267E-002  0.22933838E+000  0.34247249E+001  0.16556431E+002  0.33135037E+002  0.10316517E+003  0.17234821E+003
 -0.48125000E+000 -0.23414805E+000 -0.54918602E-002 -0.45324328E-002 -0.16541509E-002  0.22933875E+000  0.34247253E+001  0.16556431E+002  0.33138502E+002  0.10316517E+003  0.17234821E+003
 -0.48124839E+000 -0.23410800E+000 -0.54918031E-002 -0.45323714E-002 -0.16540762E-002  0.22933912E+000  0.34247257E+001  0.16556432E+002  0.33141931E+002  0.10316517E+003  0.17234821E+003
 -0.48124680E+000 -0.23406853E+000 -0.54917467E-002 -0.45323107E-002 -0.16540028E-002  0.22933949E+000  0.34247261E+001  0.16556432E+002  0.33142844E+002  0.10316517E+003  0.17234821E+003
 -0.48124525E+000 -0.23402972E+000 -0.54916911E-002 -0.45322511E-002 -0.16539309E-002  0.22933986E+000  0.34247265E+001  0.16556432E+002  0.33143816E+002  0.10316517E+003  0.17234821E+003
 -0.48124372E+000 -0.23399167E+000 -0.54916365E-002 -0.45321926E-002 -0.16538608E-002  0.22934023E+000  0.34247269E+001  0.16556432E+002  0.33144841E+002  0.10316517E+003  0.17234822E+003
 -0.48124224E+000 -0.23395446E+000 -0.54915830E-002 -0.45321354E-002 -0.16537926E-002  0.22934059E+000  0.34247273E+001  0.16556432E+002  0.33145911E+002  0.10316517E+003  0.17234822E+003
 -0.48124079E+000 -0.23391818E+000 -0.54915307E-002 -0.45320797E-002 -0.16537266E-002  0.22934095E+000  0.34247276E+001  0.16556432E+002  0.33147018E+002  0.10316517E+003  0.17234822E+003
 -0.48123939E+000 -0.23388288E+000 -0.54914798E-002 -0.45320255E-002 -0.16536628E-002  0.22934131E+000  0.34247280E+001  0.16556432E+002  0.33148156E+002  0.10316518E+003  0.17234822E+003
 -0.48123803E+000 -0.23384865E+000 -0.54914303E-002 -0.45319731E-002 -0.16536015E-002  0.22934166E+000  0.34247284E+001  0.16556432E+002  0.33149315E+002  0.10316518E+003  0.17234822E+003
 -0.48123672E+000 -0.23381554E+000 -0.54913823E-002 -0.45319224E-002 -0.16535428E-002  0.22934200E+000  0.34247288E+001  0.16556433E+002  0.33150491E+002  0.10316518E+003  0.17234822E+003
 -0.48123547E+000 -0.23378360E+000 -0.54913360E-002 -0.45318737E-002 -0.16534867E-002  0.22934233E+000  0.34247291E+001  0.16556433E+002  0.33151675E+002  0.10316518E+003  0.17234822E+003
 -0.48123426E+000 -0.23375288E+000 -0.54912914E-002 -0.45318269E-002 -0.16534334E-002  0.22934265E+000  0.34247295E+001  0.16556433E+002  0.33152862E+002  0.10316518E+003  0.17234822E+003
 -0.48123311E+000 -0.23372342E+000 -0.54912485E-002 -0.45317821E-002 -0.16533829E-002  0.22934297E+000  0.34247298E+001  0.16556433E+002  0.33154045E+002  0.10316518E+003  0.17234823E+003
 -0.48123201E+000 -0.23369526E+000 -0.54912075E-002 -0.45317394E-002 -0.16533353E-002  0.22934327E+000  0.34247302E+001  0.16556433E+002  0.33155219E+002  0.10316518E+003  0.17234823E+003
 -0.48123096E+000 -0.23366840E+000 -0.54911684E-002 -0.45316989E-002 -0.16532905E-002  0.22934357E+000  0.34247305E+001  0.16556433E+002  0.33156379E+002  0.10316518E+003  0.17234823E+003
 -0.48122998E+000 -0.23364288E+000 -0.54911311E-002 -0.45316605E-002 -0.16532488E-002  0.22934385E+000  0.34247308E+001  0.16556433E+002  0.33157519E+002  0.10316518E+003  0.17234823E+003
 -0.48122904E+000 -0.23361870E+000 -0.54910958E-002 -0.45316243E-002 -0.16532099E-002  0.22934412E+000  0.34247311E+001  0.16556433E+002  0.33158636E+002  0.10316518E+003  0.17234823E+003
 -0.48122817E+000 -0.23359586E+000 -0.54910624E-002 -0.45315903E-002 -0.16531739E-002  0.22934437E+000  0.34247314E+001  0.16556433E+002  0.33159726E+002  0.10316518E+003  0.17234823E+003
 -0.48122734E+000 -0.23357435E+000 -0.54910309E-002 -0.45315584E-002 -0.16531407E-002  0.22934462E+000  0.34247316E+001  0.16556434E+002  0.33160787E+002  0.10316518E+003  0.17234823E+003
 -0.48122658E+000 -0.23355417E+000 -0.54910014E-002 -0.45315286E-002 -0.16531103E-002  0.22934485E+000  0.34247319E+001  0.16556434E+002  0.33161814E+002  0.10316518E+003  0.17234823E+003
 -0.48122586E+000 -0.23353529E+000 -0.54909737E-002 -0.45315010E-002 -0.16530826E-002  0.22934507E+000  0.34247322E+001  0.16556434E+002  0.33162807E+002  0.10316518E+003  0.17234823E+003
 -0.48122520E+000 -0.23351768E+000 -0.54909480E-002 -0.45314753E-002 -0.16530576E-002  0.22934527E+000  0.34247324E+001  0.16556434E+002  0.33163763E+002  0.10316518E+003  0.17234823E+003
 -0.48122459E+000 -0.23350133E+000 -0.54909240E-002 -0.45314517E-002 -0.16530351E-002  0.22934546E+000  0.34247326E+001  0.16556434E+002  0.33164681E+002  0.10316518E+003  0.17234823E+003
 -0.48122403E+000 -0.23348618E+000 -0.54909018E-002 -0.45314301E-002 -0.16530150E-002  0.22934564E+000  0.34247328E+001  0.16556434E+002  0.33165560E+002  0.10316518E+003  0.17234823E+003
 -0.48122351E+000 -0.23347221E+000 -0.54908813E-002 -0.45314103E-002 -0.16529972E-002  0.22934580E+000  0.34247330E+001  0.16556434E+002  0.33166401E+002  0.10316518E+003  0.17234824E+003
 -0.48122304E+000 -0.23345937E+000 -0.54908625E-002 -0.45313922E-002 -0.16529815E-002  0.22934596E+000  0.34247332E+001  0.16556434E+002  0.33167202E+002  0.10316518E+003  0.17234824E+003
 -0.48122261E+000 -0.23344761E+000 -0.54908453E-002 -0.45313759E-002 -0.16529680E-002  0.22934610E+000  0.34247334E+001  0.16556434E+002  0.33167965E+002  0.10316518E+003  0.17234824E+003
 -0.48122223E+000 -0.23343689E+000 -0.54908295E-002 -0.45313612E-002 -0.16529563E-002  0.22934623E+000  0.34247335E+001  0.16556434E+002  0.33168689E+002  0.10316518E+003  0.17234824E+003
 -0.48122188E+000 -0.23342714E+000 -0.54908153E-002 -0.45313480E-002 -0.16529465E-002  0.22934635E+000  0.34247337E+001  0.16556434E+002  0.33169376E+002  0.10316518E+003  0.17234824E+003
 -0.48122157E+000 -0.23341833E+000 -0.54908024E-002 -0.45313363E-002 -0.16529383E-002  0.22934645E+000  0.34247338E+001  0.16556434E+002  0.33170027E+002  0.10316518E+003  0.17234824E+003
 -0.48122130E+000 -0.23341039E+000 -0.54907907E-002 -0.45313259E-002 -0.16529316E-002  0.22934655E+000  0.34247340E+001  0.16556434E+002  0.33170643E+002  0.10316518E+003  0.17234824E+003
 -0.48122105E+000 -0.23340327E+000 -0.54907803E-002 -0.45313168E-002 -0.16529263E-002  0.22934663E+000  0.34247341E+001  0.16556434E+002  0.33171226E+002  0.10316518E+003  0.17234824E+003
 -0.48122084E+000 -0.23339692E+000 -0.54907711E-002 -0.45313088E-002 -0.16529223E-002  0.22934671E+000  0.34247342E+001  0.16556434E+002  0.33171777E+002  0.10316518E+003  0.17234824E+003
 -0.48122065E+000 -0.23339128E+000 -0.54907628E-002 -0.45313019E-002 -0.16529194E-002  0.22934678E+000  0.34247343E+001  0.16556434E+002  0.33172297E+002  0.10316518E+003  0.17234824E+003
 -0.48122049E+000 -0.23338629E+000 -0.54907556E-002 -0.45312960E-002 -0.16529175E-002  0.22934684E+000  0.34247344E+001  0.16556434E+002  0.33172790E+002  0.10316518E+003  0.17234824E+003
 -0.48122035E+000 -0.23338192E+000 -0.54907492E-002 -0.45312910E-002 -0.16529165E-002  0.22934689E+000  0.34247345E+001  0.16556434E+002  0.33173256E+002  0.10316518E+003  0.17234824E+003
 -0.48122023E+000 -0.23337810E+000 -0.54907436E-002 -0.45312868E-002 -0.16529163E-002  0.22934694E+000  0.34247346E+001  0.16556434E+002  0.33173697E+002  0.10316518E+003  0.17234824E+003
 -0.48122013E+000 -0.23337480E+000 -0.54907389E-002 -0.45312833E-002 -0.16529167E-002  0.22934698E+000  0.34247347E+001  0.16556434E+002  0.33174115E+002  0.10316518E+003  0.17234824E+003
 -0.48122005E+000 -0.23337195E+000 -0.54907347E-002 -0.45312805E-002 -0.16529178E-002  0.22934701E+000  0.34247347E+001  0.16556434E+002  0.33174512E+002  0.10316518E+003  0.17234824E+003
 -0.48121998E+000 -0.23336953E+000 -0.54907312E-002 -0.45312782E-002 -0.16529193E-002  0.22934704E+000  0.34247348E+001  0.16556434E+002  0.33174889E+002  0.10316518E+003  0.17234824E+003
 -0.48121993E+000 -0.23336748E+000 -0.54907283E-002 -0.45312765E-002 -0.16529213E-002  0.22934706E+000  0.34247348E+001  0.16556434E+002  0.33175249E+002  0.10316518E+003  0.17234824E+003
 -0.48121989E+000 -0.23336577E+000 -0.54907258E-002 -0.45312753E-002 -0.16529236E-002  0.22934708E+000  0.34247349E+001  0.16556434E+002  0.33175592E+002  0.10316518E+003  0.17234824E+003
 -0.48121986E+000 -0.23336437E+000 -0.54907238E-002 -0.45312744E-002 -0.16529261E-002  0.22934709E+000  0.34247349E+001  0.16556434E+002  0.33175921E+002  0.10316518E+003  0.17234824E+003
 -0.48121983E+000 -0.23336323E+000 -0.54907222E-002 -0.45312739E-002 -0.16529289E-002  0.22934710E+000  0.34247350E+001  0.16556435E+002  0.33176236E+002  0.10316518E+003  0.17234824E+003
 -0.48121982E+000 -0.23336233E+000 -0.54907209E-002 -0.45312736E-002 -0.16529318E-002  0.22934711E+000  0.34247350E+001  0.16556435E+002  0.33176540E+002  0.10316518E+003  0.17234824E+003
 -0.48121981E+000 -0.23336164E+000 -0.54907200E-002 -0.45312736E-002 -0.16529347E-002  0.22934712E+000  0.34247351E+001  0.16556435E+002  0.33176832E+002  0.10316518E+003  0.17234824E+003
 -0.48121981E+000 -0.23336114E+000 -0.54907193E-002 -0.45312739E-002 -0.16529378E-002  0.22934712E+000  0.34247351E+001  0.16556435E+002  0.33177115E+002  0.10316518E+003  0.17234824E+003
 -0.48121982E+000 -0.23336079E+000 -0.54907188E-002 -0.45312743E-002 -0.16529408E-002  0.22934712E+000  0.34247351E+001  0.16556435E+002  0.33177390E+002  0.10316518E+003  0.17234824E+003
 -0.48121982E+000 -0.23336057E+000 -0.54907185E-002 -0.45312748E-002 -0.16529438E-002  0.22934712E+000  0.34247352E+001  0.16556435E+002  0.33177657E+002  0.10316518E+003  0.17234824E+003
 -0.48121983E+000 -0.23336048E+000 -0.54907184E-002 -0.45312755E-002 -0.16529468E-002  0.22934712E+000  0.34247352E+001  0.16556435E+002  0.33177916E+002  0.10316518E+003  0.17234824E+003
 -0.48121985E+000 -0.23336048E+000 -0.54907184E-002 -0.45312762E-002 -0.16529497E-002  0.22934711E+000  0.34247352E+001  0.16556435E+002  0.33178170E+002  0.10316518E+003  0.17234824E+003
 -0.48121986E+000 -0.23336057E+000 -0.54907186E-002 -0.45312770E-002 -0.16529525E-002  0.22934711E+000  0.34247352E+001  0.16556435E+002  0.33178419E+002  0.10316518E+003  0.17234824E+003
 -0.48121988E+000 -0.23336072E+000 -0.54907188E-002 -0.45312779E-002 -0.16529552E-002  0.22934710E+000  0.34247353E+001  0.16556435E+002  0.33178662E+002  0.10316518E+003  0.17234824E+003
 -0.48121990E+000 -0.23336093E+000 -0.54907191E-002 -0.45312788E-002 -0.16529578E-002  0.22934710E+000  0.34247353E+001  0.16556435E+002  0.33178902E+002  0.10316518E+003  0.17234824E+003
 -0.48121992E+000 -0.23336119E+000 -0.54907195E-002 -0.45312797E-002 -0.16529603E-002  0.22934709E+000  0.34247353E+001  0.16556435E+002  0.33179137E+002  0.10316518E+003  0.17234824E+003
 -0.48121994E+000 -0.23336149E+000 -0.54907200E-002 -0.45312806E-002 -0.16529626E-002  0.22934709E+000  0.34247353E+001  0.16556435E+002  0.33179369E+002  0.10316518E+003  0.17234824E+003
 -0.48121996E+000 -0.23336182E+000 -0.54907204E-002 -0.45312815E-002 -0.16529648E-002  0.22934708E+000  0.34247353E+001  0.16556435E+002  0.33179597E+002  0.10316518E+003  0.17234824E+003
 -0.48121998E+000 -0.23336216E+000 -0.54907209E-002 -0.45312824E-002 -0.16529669E-002  0.22934707E+000  0.34247353E+001  0.16556435E+002  0.33179822E+002  0.10316518E+003  0.17234824E+003
 -0.48122000E+000 -0.23336252E+000 -0.54907215E-002 -0.45312833E-002 -0.16529689E-002  0.22934707E+000  0.34247354E+001  0.16556435E+002  0.33180045E+002  0.10316518E+003  0.17234824E+003
 -0.48122002E+000 -0.23336289E+000 -0.54907220E-002 -0.45312842E-002 -0.16529707E-002  0.22934706E+000  0.34247354E+001  0.16556435E+002  0.33180264E+002  0.10316518E+003  0.17234824E+003
 -0.48122004E+000 -0.23336327E+000 -0.54907226E-002 -0.45312850E-002 -0.16529724E-002  0.22934705E+000  0.34247354E+001  0.16556435E+002  0.33180481E+002  0.10316518E+003  0.17234823E+003
 -0.48122006E+000 -0.23336365E+000 -0.54907231E-002 -0.45312858E-002 -0.16529739E-002  0.22934705E+000  0.34247354E+001  0.16556435E+002  0.33180695E+002  0.10316518E+003  0.17234823E+003
 -0.48122008E+000 -0.23336403E+000 -0.54907237E-002 -0.45312866E-002 -0.16529754E-002  0.22934704E+000  0.34247354E+001  0.16556435E+002  0.33180906E+002  0.10316518E+003  0.17234823E+003
 -0.48122010E+000 -0.23336440E+000 -0.54907242E-002 -0.45312873E-002 -0.16529767E-002  0.22934704E+000  0.34247354E+001  0.16556435E+002  0.33181115E+002  0.10316518E+003  0.17234823E+003
 -0.48122011E+000 -0.23336476E+000 -0.54907247E-002 -0.45312880E-002 -0.16529780E-002  0.22934703E+000  0.34247354E+001  0.16556435E+002  0.33181321E+002  0.10316518E+003  0.17234823E+003
 -0.48122013E+000 -0.23336512E+000 -0.54907252E-002 -0.45312887E-002 -0.16529791E-002  0.22934703E+000  0.34247354E+001  0.16556435E+002  0.33181524E+002  0.10316518E+003  0.17234823E+003
 -0.48122015E+000 -0.23336547E+000 -0.54907257E-002 -0.45312893E-002 -0.16529802E-002  0.22934702E+000  0.34247354E+001  0.16556435E+002  0.33181724E+002  0.10316518E+003  0.17234823E+003
 -0.48122016E+000 -0.23336580E+000 -0.54907262E-002 -0.45312899E-002 -0.16529812E-002  0.22934702E+000  0.34247354E+001  0.16556435E+002  0.33181921E+002  0.10316518E+003  0.17234823E+003
 -0.48122018E+000 -0.23336613E+000 -0.54907267E-002 -0.45312905E-002 -0.16529821E-002  0.22934701E+000  0.34247354E+001  0.16556435E+002  0.33182115E+002  0.10316518E+003  0.17234823E+003
 -0.48122019E+000 -0.23336644E+000 -0.54907271E-002 -0.45312911E-002 -0.16529829E-002  0.22934701E+000  0.34247354E+001  0.16556435E+002  0.33182305E+002  0.10316519E+003  0.17234823E+003
 -0.48122020E+000 -0.23336674E+000 -0.54907276E-002 -0.45312916E-002 -0.16529837E-002  0.22934700E+000  0.34247354E+001  0.16556435E+002  0.33182493E+002  0.10316519E+003  0.17234823E+003
 -0.48122022E+000 -0.23336702E+000 -0.54907280E-002 -0.45312921E-002 -0.16529845E-002  0.22934700E+000  0.34247354E+001  0.16556435E+002  0.33182676E+002  0.10316519E+003  0.17234823E+003
 -0.48122023E+000 -0.23336729E+000 -0.54907284E-002 -0.45312925E-002 -0.16529851E-002  0.22934700E+000  0.34247354E+001  0.16556435E+002  0.33182856E+002  0.10316519E+003  0.17234823E+003
 -0.48122024E+000 -0.23336755E+000 -0.54907287E-002 -0.45312930E-002 -0.16529858E-002  0.22934699E+000  0.34247354E+001  0.16556435E+002  0.33183032E+002  0.10316519E+003  0.17234823E+003
 -0.48122025E+000 -0.23336779E+000 -0.54907291E-002 -0.45312934E-002 -0.16529864E-002  0.22934699E+000  0.34247354E+001  0.16556435E+002  0.33183204E+002  0.10316519E+003  0.17234823E+003
 -0.48122026E+000 -0.23336802E+000 -0.54907294E-002 -0.45312938E-002 -0.16529870E-002  0.22934699E+000  0.34247354E+001  0.16556435E+002  0.33183372E+002  0.10316519E+003  0.17234823E+003
 -0.48122027E+000 -0.23336824E+000 -0.54907297E-002 -0.45312942E-002 -0.16529875E-002  0.22934699E+000  0.34247354E+001  0.16556435E+002  0.33183536E+002  0.10316519E+003  0.17234823E+003
 -0.48122028E+000 -0.23336844E+000 -0.54907300E-002 -0.45312945E-002 -0.16529880E-002  0.22934698E+000  0.34247354E+001  0.16556435E+002  0.33183696E+002  0.10316519E+003  0.17234823E+003
 -0.48122028E+000 -0.23336863E+000 -0.54907303E-002 -0.45312948E-002 -0.16529886E-002  0.22934698E+000  0.34247354E+001  0.16556435E+002  0.33183851E+002  0.10316519E+003  0.17234823E+003
 -0.48122029E+000 -0.23336881E+000 -0.54907306E-002 -0.45312952E-002 -0.16529891E-002  0.22934698E+000  0.34247354E+001  0.16556435E+002  0.33184002E+002  0.10316519E+003  0.17234823E+003
 -0.48122030E+000 -0.23336898E+000 -0.54907308E-002 -0.45312955E-002 -0.16529896E-002  0.22934698E+000  0.34247354E+001  0.16556435E+002  0.33184148E+002  0.10316519E+003  0.17234823E+003
 -0.48122031E+000 -0.23336913E+000 -0.54907310E-002 -0.45312958E-002 -0.16529901E-002  0.22934697E+000  0.34247354E+001  0.16556435E+002  0.33184289E+002  0.10316519E+003  0.17234823E+003
 -0.48122031E+000 -0.23336927E+000 -0.54907312E-002 -0.45312960E-002 -0.16529905E-002  0.22934697E+000  0.34247354E+001  0.16556435E+002  0.33184425E+002  0.10316519E+003  0.17234823E+003
 -0.48122032E+000 -0.23336941E+000 -0.54907314E-002 -0.45312963E-002 -0.16529910E-002  0.22934697E+000  0.34247354E+001  0.16556435E+002  0.33184557E+002  0.10316519E+003  0.17234823E+003
 -0.48122032E+000 -0.23336953E+000 -0.54907316E-002 -0.45312966E-002 -0.16529915E-002  0.22934697E+000  0.34247354E+001  0.16556435E+002  0.33184683E+002  0.10316519E+003  0.17234823E+003
 -0.48122033E+000 -0.23336964E+000 -0.54907318E-002 -0.45312968E-002 -0.16529920E-002  0.22934697E+000  0.34247354E+001  0.16556435E+002  0.33184805E+002  0.10316519E+003  0.17234823E+003
 -0.48122033E+000 -0.23336974E+000 -0.54907319E-002 -0.45312971E-002 -0.16529925E-002  0.22934696E+000  0.34247354E+001  0.16556435E+002  0.33184921E+002  0.10316519E+003  0.17234823E+003
 -0.48122034E+000 -0.23336983E+000 -0.54907321E-002 -0.45312973E-002 -0.16529930E-002  0.22934696E+000  0.34247354E+001  0.16556435E+002  0.33185033E+002  0.10316519E+003  0.17234823E+003
 -0.48122034E+000 -0.23336992E+000 -0.54907322E-002 -0.45312975E-002 -0.16529935E-002  0.22934696E+000  0.34247354E+001  0.16556435E+002  0.33185139E+002  0.10316519E+003  0.17234823E+003
 -0.48122035E+000 -0.23336999E+000 -0.54907323E-002 -0.45312977E-002 -0.16529940E-002  0.22934696E+000  0.34247354E+001  0.16556435E+002  0.33185241E+002  0.10316519E+003  0.17234823E+003
 -0.48122035E+000 -0.23337006E+000 -0.54907324E-002 -0.45312979E-002 -0.16529946E-002  0.22934696E+000  0.34247354E+001  0.16556435E+002  0.33185337E+002  0.10316519E+003  0.17234823E+003
 -0.48122035E+000 -0.23337012E+000 -0.54907325E-002 -0.45312981E-002 -0.16529951E-002  0.22934695E+000  0.34247354E+001  0.16556435E+002  0.33185428E+002  0.10316519E+003  0.17234823E+003
 -0.48122036E+000 -0.23337017E+000 -0.54907326E-002 -0.45312983E-002 -0.16529956E-002  0.22934695E+000  0.34247354E+001  0.16556435E+002  0.33185515E+002  0.10316519E+003  0.17234823E+003
 -0.48122036E+000 -0.23337022E+000 -0.54907327E-002 -0.45312985E-002 -0.16529962E-002  0.22934695E+000  0.34247354E+001  0.16556435E+002  0.33185596E+002  0.10316519E+003  0.17234823E+003
 -0.48122036E+000 -0.23337026E+000 -0.54907327E-002 -0.45312987E-002 -0.16529967E-002  0.22934695E+000  0.34247354E+001  0.16556435E+002  0.33185672E+002  0.10316519E+003  0.17234824E+003
 -0.48122036E+000 -0.23337029E+000 -0.54907328E-002 -0.45312989E-002 -0.16529973E-002  0.22934695E+000  0.34247354E+001  0.16556435E+002  0.33185744E+002  0.10316519E+003  0.17234824E+003
 -0.48122037E+000 -0.23337032E+000 -0.54907328E-002 -0.45312991E-002 -0.16529979E-002  0.22934694E+000  0.34247354E+001  0.16556435E+002  0.33185811E+002  0.10316519E+003  0.17234824E+003
 -0.48122037E+000 -0.23337034E+000 -0.54907329E-002 -0.45312992E-002 -0.16529984E-002  0.22934694E+000  0.34247354E+001  0.16556435E+002  0.33185873E+002  0.10316519E+003  0.17234824E+003
 -0.48122037E+000 -0.23337036E+000 -0.54907329E-002 -0.45312994E-002 -0.16529990E-002  0.22934694E+000  0.34247354E+001  0.16556435E+002  0.33185930E+002  0.10316519E+003  0.17234824E+003
 -0.48122037E+000 -0.23337037E+000 -0.54907329E-002 -0.45312996E-002 -0.16529996E-002  0.22934694E+000  0.34247354E+001  0.16556435E+002  0.33185983E+002  0.10316519E+003  0.17234824E+003
 -0.48122037E+000 -0.23337038E+000 -0.54907329E-002 -0.45312997E-002 -0.16530002E-002  0.22934694E+000  0.34247354E+001  0.16556435E+002  0.33186032E+002  0.10316519E+003  0.17234824E+003
 -0.48122037E+000 -0.23337038E+000 -0.54907330E-002 -0.45312999E-002 -0.16530008E-002  0.22934693E+000  0.34247354E+001  0.16556435E+002  0.33186076E+002  0.10316519E+003  0.17234824E+003
 -0.48122038E+000 -0.23337038E+000 -0.54907330E-002 -0.45313001E-002 -0.16530014E-002  0.22934693E+000  0.34247354E+001  0.16556435E+002  0.33186116E+002  0.10316519E+003  0.17234824E+003
 -0.48122038E+000 -0.23337038E+000 -0.54907330E-002 -0.45313002E-002 -0.16530020E-002  0.22934693E+000  0.34247354E+001  0.16556435E+002  0.33186152E+002  0.10316519E+003  0.17234824E+003
 -0.48122038E+000 -0.23337038E+000 -0.54907330E-002 -0.45313003E-002 -0.16530026E-002  0.22934693E+000  0.34247354E+001  0.16556435E+002  0.33186184E+002  0.10316519E+003  0.17234824E+003
 -0.48122038E+000 -0.23337037E+000 -0.54907330E-002 -0.45313005E-002 -0.16530031E-002  0.22934693E+000  0.34247354E+001  0.16556435E+002  0.33186212E+002  0.10316519E+003  0.17234824E+003
 -0.48122038E+000 -0.23337035E+000 -0.54907329E-002 -0.45313006E-002 -0.16530037E-002  0.22934692E+000  0.34247354E+001  0.16556435E+002  0.33186237E+002  0.10316519E+003  0.17234824E+003
 -0.48122038E+000 -0.23337034E+000 -0.54907329E-002 -0.45313008E-002 -0.16530043E-002  0.22934692E+000  0.34247354E+001  0.16556435E+002  0.33186258E+002  0.10316519E+003  0.17234824E+003
 -0.48122038E+000 -0.23337032E+000 -0.54907329E-002 -0.45313009E-002 -0.16530049E-002  0.22934692E+000  0.34247354E+001  0.16556435E+002  0.33186276E+002  0.10316519E+003  0.17234824E+003
 -0.48122038E+000 -0.23337030E+000 -0.54907329E-002 -0.45313010E-002 -0.16530054E-002  0.22934692E+000  0.34247354E+001  0.16556435E+002  0.33186290E+002  0.10316519E+003  0.17234824E+003
 -0.48122038E+000 -0.23337028E+000 -0.54907329E-002 -0.45313011E-002 -0.16530060E-002  0.22934692E+000  0.34247354E+001  0.16556435E+002  0.33186302E+002  0.10316519E+003  0.17234824E+003
 -0.48122038E+000 -0.23337026E+000 -0.54907328E-002 -0.45313012E-002 -0.16530066E-002  0.22934691E+000  0.34247354E+001  0.16556435E+002  0.33186310E+002  0.10316519E+003  0.17234824E+003
 -0.48122038E+000 -0.23337023E+000 -0.54907328E-002 -0.45313014E-002 -0.16530071E-002  0.22934691E+000  0.34247354E+001  0.16556435E+002  0.33186316E+002  0.10316519E+003  0.17234824E+003
 -0.48122038E+000 -0.23337019E+000 -0.54907328E-002 -0.45313015E-002 -0.16530076E-002  0.22934691E+000  0.34247354E+001  0.16556435E+002  0.33186319E+002  0.10316519E+003  0.17234824E+003
 -0.48122038E+000 -0.23337015E+000 -0.54907327E-002 -0.45313015E-002 -0.16530081E-002  0.22934691E+000  0.34247354E+001  0.16556435E+002  0.33186319E+002  0.10316519E+003  0.17234824E+003
 -0.48122038E+000 -0.23337011E+000 -0.54907326E-002 -0.45313016E-002 -0.16530086E-002  0.22934691E+000  0.34247354E+001  0.16556435E+002  0.33186318E+002  0.10316519E+003  0.17234824E+003
 -0.48122038E+000 -0.23337005E+000 -0.54907326E-002 -0.45313017E-002 -0.16530091E-002  0.22934691E+000  0.34247354E+001  0.16556435E+002  0.33186314E+002  0.10316519E+003  0.17234824E+003
 -0.48122038E+000 -0.23336998E+000 -0.54907325E-002 -0.45313017E-002 -0.16530095E-002  0.22934690E+000  0.34247354E+001  0.16556435E+002  0.33186308E+002  0.10316519E+003  0.17234824E+003
 -0.48122038E+000 -0.23336989E+000 -0.54907324E-002 -0.45313017E-002 -0.16530099E-002  0.22934690E+000  0.34247354E+001  0.16556435E+002  0.33186301E+002  0.10316519E+003  0.17234824E+003
 -0.48122037E+000 -0.23336978E+000 -0.54907322E-002 -0.45313017E-002 -0.16530102E-002  0.22934690E+000  0.34247354E+001  0.16556435E+002  0.33186292E+002  0.10316519E+003  0.17234824E+003
 -0.48122037E+000 -0.23336962E+000 -0.54907321E-002 -0.45313017E-002 -0.16530105E-002  0.22934690E+000  0.34247354E+001  0.16556435E+002  0.33186283E+002  0.10316519E+003  0.17234824E+003
 -0.48122036E+000 -0.23336941E+000 -0.54907318E-002 -0.45313015E-002 -0.16530107E-002  0.22934690E+000  0.34247354E+001  0.16556435E+002  0.33186273E+002  0.10316519E+003  0.17234824E+003
 -0.48122034E+000 -0.23336907E+000 -0.54907315E-002 -0.45313013E-002 -0.16530109E-002  0.22934690E+000  0.34247354E+001  0.16556435E+002  0.33186264E+002  0.10316519E+003  0.17234824E+003
 -0.48122032E+000 -0.23336844E+000 -0.54907305E-002 -0.45313005E-002 -0.16530104E-002  0.22934690E+000  0.34247354E+001  0.16556435E+002  0.33186260E+002  0.10316519E+003  0.17234824E+003
