  0.30423738E+000  0.31971853E+000  0.46200413E+000  0.63050335E+000  0.80553835E+000  0.91298750E+000  0.12929520E+001  0.18922668E+001  0.26406051E+001  0.41184897E+001  0.58406688E+001
  0.30407448E+000  0.31938689E+000  0.46149090E+000  0.62977569E+000  0.80519417E+000  0.91261249E+000  0.12913830E+001  0.18913762E+001  0.26393222E+001  0.41137664E+001  0.58405217E+001
  0.30393314E+000  0.31929504E+000  0.46132668E+000  0.62951570E+000  0.80490078E+000  0.91224363E+000  0.12907493E+001  0.18905782E+001  0.26379723E+001  0.41116740E+001  0.58406849E+001
  0.30381426E+000  0.31917135E+000  0.46112881E+000  0.62924137E+000  0.80462278E+000  0.91200275E+000  0.12901589E+001  0.18903900E+001  0.26372241E+001  0.41097397E+001  0.58406806E+001
  0.30371360E+000  0.31907728E+000  0.46097624E+000  0.62901978E+000  0.80440316E+000  0.91172825E+000  0.12896824E+001  0.18900268E+001  0.26363760E+001  0.41080363E+001  0.58404811E+001
  0.30362816E+000  0.31899300E+000  0.46084646E+000  0.62883626E+000  0.80426675E+000  0.91153767E+000  0.12892880E+001  0.18902637E+001  0.26357284E+001  0.41066681E+001  0.58404912E+001
  0.30355548E+000  0.31891477E+000  0.46073753E+000  0.62868231E+000  0.80409818E+000  0.91137650E+000  0.12889574E+001  0.18904077E+001  0.26351282E+001  0.41057680E+001  0.58404914E+001
  0.30349358E+000  0.31886237E+000  0.46064558E+000  0.62855240E+000  0.80397931E+000  0.91125347E+000  0.12886785E+001  0.18904565E+001  0.26346488E+001  0.41047029E+001  0.58405788E+001
  0.30344076E+000  0.31881168E+000  0.46056774E+000  0.62844250E+000  0.80387841E+000  0.91116256E+000  0.12884428E+001  0.18902899E+001  0.26342032E+001  0.41039944E+001  0.58404368E+001
  0.30339561E+000  0.31876008E+000  0.46038670E+000  0.62834931E+000  0.80379237E+000  0.91105947E+000  0.12882430E+001  0.18891844E+001  0.26338361E+001  0.41032925E+001  0.58406069E+001
  0.30335695E+000  0.31872304E+000  0.46044554E+000  0.62827009E+000  0.80371883E+000  0.91098318E+000  0.12880734E+001  0.18890101E+001  0.26335606E+001  0.41029166E+001  0.58402950E+001
  0.30332377E+000  0.31869138E+000  0.46039766E+000  0.62820262E+000  0.80364980E+000  0.91091789E+000  0.12879289E+001  0.18888560E+001  0.26333033E+001  0.41024418E+001  0.58403856E+001
  0.30329523E+000  0.31866431E+000  0.46035684E+000  0.62814513E+000  0.80359606E+000  0.91084543E+000  0.12878060E+001  0.18887197E+001  0.26330694E+001  0.41018030E+001  0.58405127E+001
  0.30327063E+000  0.31864108E+000  0.46032194E+000  0.62809601E+000  0.80353899E+000  0.91077661E+000  0.12877011E+001  0.18885989E+001  0.26328776E+001  0.41015090E+001  0.58404775E+001
  0.30324936E+000  0.31863147E+000  0.46029201E+000  0.62805394E+000  0.80348990E+000  0.91071717E+000  0.12876113E+001  0.18884892E+001  0.26327163E+001  0.41013145E+001  0.58403836E+001
  0.30323092E+000  0.31861455E+000  0.46026628E+000  0.62801780E+000  0.80344740E+000  0.91067152E+000  0.12875344E+001  0.18879323E+001  0.26325806E+001  0.41011485E+001  0.58404951E+001
  0.30321490E+000  0.31859994E+000  0.46024412E+000  0.62798672E+000  0.80341051E+000  0.91063714E+000  0.12874682E+001  0.18877090E+001  0.26324504E+001  0.41008463E+001  0.58404537E+001
  0.30320092E+000  0.31857604E+000  0.46022498E+000  0.62795991E+000  0.80337841E+000  0.91061390E+000  0.12874113E+001  0.18876328E+001  0.26323522E+001  0.41006890E+001  0.58404585E+001
  0.30318867E+000  0.31856478E+000  0.46020841E+000  0.62793672E+000  0.80335037E+000  0.91059346E+000  0.12873622E+001  0.18875670E+001  0.26322685E+001  0.41005526E+001  0.58404018E+001
  0.30317958E+000  0.31855495E+000  0.46019401E+000  0.62791662E+000  0.80332581E+000  0.91057511E+000  0.12873197E+001  0.18871795E+001  0.26321866E+001  0.41004340E+001  0.58403525E+001
  0.30317214E+000  0.31854633E+000  0.46018145E+000  0.62789914E+000  0.80330420E+000  0.91055852E+000  0.12872828E+001  0.18871691E+001  0.26321135E+001  0.41003303E+001  0.58403091E+001
  0.30316546E+000  0.31855098E+000  0.46017047E+000  0.62788387E+000  0.80328510E+000  0.91054340E+000  0.12872507E+001  0.18871592E+001  0.26320521E+001  0.41001461E+001  0.58402809E+001
  0.30315943E+000  0.31854448E+000  0.46016082E+000  0.62787049E+000  0.80326811E+000  0.91052950E+000  0.12872227E+001  0.18871493E+001  0.26320014E+001  0.41000718E+001  0.58402561E+001
  0.30315394E+000  0.31853870E+000  0.46015229E+000  0.62785870E+000  0.80325293E+000  0.91051663E+000  0.12871981E+001  0.18871395E+001  0.26319555E+001  0.41000099E+001  0.58402330E+001
  0.30314890E+000  0.31853355E+000  0.46014471E+000  0.62784827E+000  0.80323927E+000  0.91050459E+000  0.12871764E+001  0.18871299E+001  0.26319135E+001  0.40999553E+001  0.58402113E+001
  0.30314424E+000  0.31852891E+000  0.46013794E+000  0.62783897E+000  0.80322687E+000  0.91049322E+000  0.12871572E+001  0.18871203E+001  0.26318745E+001  0.40999070E+001  0.58401907E+001
  0.30313990E+000  0.31852470E+000  0.46013185E+000  0.62783064E+000  0.80321554E+000  0.91048240E+000  0.12871401E+001  0.18871109E+001  0.26318378E+001  0.40998638E+001  0.58401709E+001
  0.30313581E+000  0.31852086E+000  0.46001030E+000  0.62782311E+000  0.80320509E+000  0.91047201E+000  0.12871247E+001  0.18871014E+001  0.26318028E+001  0.40998249E+001  0.58401519E+001
  0.30313193E+000  0.31851732E+000  0.46000524E+000  0.62781625E+000  0.80319537E+000  0.91046193E+000  0.12871107E+001  0.18870920E+001  0.26317690E+001  0.40997003E+001  0.58401335E+001
  0.30312822E+000  0.31851403E+000  0.46000056E+000  0.62780996E+000  0.80318625E+000  0.91045209E+000  0.12870980E+001  0.18870826E+001  0.26317360E+001  0.40996665E+001  0.58401154E+001
  0.30312463E+000  0.31851095E+000  0.45999621E+000  0.62780412E+000  0.80317761E+000  0.91044240E+000  0.12870863E+001  0.18870732E+001  0.26317035E+001  0.40996354E+001  0.58400977E+001
  0.30312115E+000  0.31850803E+000  0.45999212E+000  0.62779866E+000  0.80316936E+000  0.91043280E+000  0.12870754E+001  0.18870689E+001  0.26316713E+001  0.40996065E+001  0.58402857E+001
  0.30311775E+000  0.31850525E+000  0.45998826E+000  0.62779351E+000  0.80316141E+000  0.91042323E+000  0.12870652E+001  0.18870598E+001  0.26316390E+001  0.40996407E+001  0.58402662E+001
  0.30311439E+000  0.31850258E+000  0.45998457E+000  0.62778862E+000  0.80315372E+000  0.91041364E+000  0.12870555E+001  0.18870507E+001  0.26316066E+001  0.40996011E+001  0.58402469E+001
  0.30311107E+000  0.31850000E+000  0.45998102E+000  0.62778394E+000  0.80314621E+000  0.91040400E+000  0.12870464E+001  0.18870415E+001  0.26316490E+001  0.40995626E+001  0.58402277E+001
  0.30310777E+000  0.31849749E+000  0.45997759E+000  0.62777943E+000  0.80313885E+000  0.91039427E+000  0.12870376E+001  0.18870322E+001  0.26316190E+001  0.40995544E+001  0.58402085E+001
  0.30310448E+000  0.31849503E+000  0.45997426E+000  0.62777507E+000  0.80313160E+000  0.91038441E+000  0.12870291E+001  0.18870229E+001  0.26315885E+001  0.40995190E+001  0.58401891E+001
  0.30310118E+000  0.31849263E+000  0.45997101E+000  0.62777082E+000  0.80312444E+000  0.91037440E+000  0.12870209E+001  0.18870134E+001  0.26315574E+001  0.40994836E+001  0.58401696E+001
  0.30309787E+000  0.31849026E+000  0.45996783E+000  0.62776668E+000  0.80311734E+000  0.91036424E+000  0.12870130E+001  0.18870039E+001  0.26315258E+001  0.40994482E+001  0.58401498E+001
  0.30309454E+000  0.31848792E+000  0.45996471E+000  0.62776263E+000  0.80311030E+000  0.91035389E+000  0.12870052E+001  0.18869943E+001  0.26314935E+001  0.40994136E+001  0.58401298E+001
  0.30309119E+000  0.31848562E+000  0.45996165E+000  0.62775867E+000  0.80310331E+000  0.91034336E+000  0.12869977E+001  0.18869847E+001  0.26314622E+001  0.40993925E+001  0.58401094E+001
  0.30308782E+000  0.31848335E+000  0.45995865E+000  0.62775480E+000  0.80309636E+000  0.91038409E+000  0.12869904E+001  0.18869750E+001  0.26314462E+001  0.40994124E+001  0.58401286E+001
  0.30308442E+000  0.31848111E+000  0.46007179E+000  0.62775100E+000  0.80308947E+000  0.91037298E+000  0.12869833E+001  0.18869707E+001  0.26314305E+001  0.40993759E+001  0.58400937E+001
  0.30308100E+000  0.31847889E+000  0.46006890E+000  0.62774730E+000  0.80308262E+000  0.91037361E+000  0.12869763E+001  0.18869619E+001  0.26314151E+001  0.40993394E+001  0.58400585E+001
  0.30307756E+000  0.31847672E+000  0.46006607E+000  0.62774368E+000  0.80307584E+000  0.91036450E+000  0.12869696E+001  0.18869523E+001  0.26313999E+001  0.40993097E+001  0.58400228E+001
  0.30307409E+000  0.31847458E+000  0.46006331E+000  0.62774017E+000  0.80315270E+000  0.91035539E+000  0.12869631E+001  0.18869426E+001  0.26313850E+001  0.40992899E+001  0.58400005E+001
  0.30307060E+000  0.31847248E+000  0.46006061E+000  0.62773676E+000  0.80314627E+000  0.91034630E+000  0.12869569E+001  0.18869329E+001  0.26313704E+001  0.40992703E+001  0.58399778E+001
  0.30306710E+000  0.31847043E+000  0.46005800E+000  0.62773347E+000  0.80313988E+000  0.91035137E+000  0.12869509E+001  0.18869232E+001  0.26314069E+001  0.40992511E+001  0.58399548E+001
  0.30306359E+000  0.31846843E+000  0.46005547E+000  0.62773030E+000  0.80313356E+000  0.91033912E+000  0.12869452E+001  0.18869136E+001  0.26313683E+001  0.40992322E+001  0.58399314E+001
  0.30306007E+000  0.31846649E+000  0.46005303E+000  0.62772727E+000  0.80312731E+000  0.91032672E+000  0.12869398E+001  0.18869041E+001  0.26313299E+001  0.40992137E+001  0.58399076E+001
  0.30305655E+000  0.31846461E+000  0.46005070E+000  0.62772439E+000  0.80312115E+000  0.91031420E+000  0.12869348E+001  0.18868947E+001  0.26313160E+001  0.40991957E+001  0.58398836E+001
  0.30305304E+000  0.31846279E+000  0.46004847E+000  0.62772167E+000  0.80311509E+000  0.91030162E+000  0.12869300E+001  0.18868903E+001  0.26313035E+001  0.40991783E+001  0.58398594E+001
  0.30304953E+000  0.31846105E+000  0.46004636E+000  0.62771910E+000  0.80312148E+000  0.91029295E+000  0.12869257E+001  0.18868809E+001  0.26312916E+001  0.40991614E+001  0.58398349E+001
  0.30304603E+000  0.31845939E+000  0.46004437E+000  0.62771672E+000  0.80311646E+000  0.91028441E+000  0.12869217E+001  0.18868716E+001  0.26312803E+001  0.40991451E+001  0.58398103E+001
  0.30304256E+000  0.31845780E+000  0.46004251E+000  0.62771452E+000  0.80311160E+000  0.91027601E+000  0.12869181E+001  0.18868625E+001  0.26312697E+001  0.40991296E+001  0.58397855E+001
  0.30303911E+000  0.31845631E+000  0.46004078E+000  0.62771251E+000  0.80310691E+000  0.91026778E+000  0.12869150E+001  0.18868536E+001  0.26312597E+001  0.40991148E+001  0.58397606E+001
  0.30303569E+000  0.31845490E+000  0.46003920E+000  0.62771069E+000  0.80310240E+000  0.91025973E+000  0.12869123E+001  0.18868450E+001  0.26312505E+001  0.40991009E+001  0.58397357E+001
  0.30303231E+000  0.31845358E+000  0.45992164E+000  0.62770909E+000  0.80309809E+000  0.91031179E+000  0.12869100E+001  0.18868367E+001  0.26312421E+001  0.40990878E+001  0.58397108E+001
  0.30302897E+000  0.31845236E+000  0.45992034E+000  0.62770768E+000  0.80309398E+000  0.91029773E+000  0.12869081E+001  0.18868287E+001  0.26312345E+001  0.40990757E+001  0.58398574E+001
  0.30302568E+000  0.31845124E+000  0.45991920E+000  0.62770650E+000  0.80309008E+000  0.91028369E+000  0.12869067E+001  0.18868210E+001  0.26312749E+001  0.40990646E+001  0.58398382E+001
  0.30302244E+000  0.31845022E+000  0.45991820E+000  0.62770552E+000  0.80308639E+000  0.91030636E+000  0.12869058E+001  0.18868137E+001  0.26312427E+001  0.40990545E+001  0.58398051E+001
  0.30301927E+000  0.31844930E+000  0.45991736E+000  0.62770476E+000  0.80308293E+000  0.91029940E+000  0.12869053E+001  0.18868068E+001  0.26312170E+001  0.40990456E+001  0.58397727E+001
  0.30301616E+000  0.31844848E+000  0.45991668E+000  0.62770421E+000  0.80307970E+000  0.91029253E+000  0.12869053E+001  0.18868003E+001  0.26312130E+001  0.40990378E+001  0.58397411E+001
  0.30301311E+000  0.31844777E+000  0.46003225E+000  0.62770388E+000  0.80307669E+000  0.91029753E+000  0.12869057E+001  0.18867943E+001  0.26312101E+001  0.40991816E+001  0.58397105E+001
  0.30301014E+000  0.31844716E+000  0.46003187E+000  0.62770376E+000  0.80307393E+000  0.91028529E+000  0.12869066E+001  0.18867978E+001  0.26312081E+001  0.40991788E+001  0.58396808E+001
  0.30300725E+000  0.31844665E+000  0.46003164E+000  0.62770385E+000  0.80307139E+000  0.91027325E+000  0.12869079E+001  0.18867918E+001  0.26312071E+001  0.40991773E+001  0.58396521E+001
  0.30300444E+000  0.31844624E+000  0.46003156E+000  0.62751460E+000  0.80309395E+000  0.91026628E+000  0.12869096E+001  0.18867864E+001  0.26312659E+001  0.40991769E+001  0.58396246E+001
  0.30300171E+000  0.31844592E+000  0.46003161E+000  0.62751508E+000  0.80308969E+000  0.91026007E+000  0.12869117E+001  0.18867814E+001  0.26312448E+001  0.40992058E+001  0.58395981E+001
  0.30299907E+000  0.31844200E+000  0.46003181E+000  0.62770529E+000  0.80308566E+000  0.91025404E+000  0.12869142E+001  0.18867769E+001  0.26312680E+001  0.40992033E+001  0.58395729E+001
  0.30299652E+000  0.31844106E+000  0.46003214E+000  0.62770614E+000  0.80308188E+000  0.91024817E+000  0.12869171E+001  0.18867729E+001  0.26312644E+001  0.40991869E+001  0.58395488E+001
  0.30299406E+000  0.31844021E+000  0.45991649E+000  0.62770716E+000  0.80307833E+000  0.91024248E+000  0.12869203E+001  0.18867694E+001  0.26312708E+001  0.40991866E+001  0.58395260E+001
  0.30299170E+000  0.31844559E+000  0.46003317E+000  0.62770835E+000  0.80307503E+000  0.91023698E+000  0.12869239E+001  0.18867663E+001  0.26312611E+001  0.40992381E+001  0.58395044E+001
  0.30298943E+000  0.31843877E+000  0.46003385E+000  0.62770968E+000  0.80307196E+000  0.91023167E+000  0.12869277E+001  0.18867638E+001  0.26312614E+001  0.40992225E+001  0.58394840E+001
  0.30298725E+000  0.31843818E+000  0.46003464E+000  0.62771115E+000  0.80306912E+000  0.91022656E+000  0.12869318E+001  0.18867617E+001  0.26312630E+001  0.40992089E+001  0.58394649E+001
  0.30298518E+000  0.31843767E+000  0.46003553E+000  0.62771274E+000  0.80306652E+000  0.91022166E+000  0.12869362E+001  0.18867601E+001  0.26312657E+001  0.40992134E+001  0.58394470E+001
  0.30298320E+000  0.31843724E+000  0.46003650E+000  0.62771445E+000  0.80306413E+000  0.91021695E+000  0.12869408E+001  0.18867590E+001  0.26312697E+001  0.40993109E+001  0.58394304E+001
  0.30298131E+000  0.31844693E+000  0.45992146E+000  0.62771626E+000  0.80306196E+000  0.91030997E+000  0.12869455E+001  0.18868062E+001  0.26312748E+001  0.40993012E+001  0.58394149E+001
  0.30297953E+000  0.31844738E+000  0.46003866E+000  0.62752859E+000  0.80306000E+000  0.91030137E+000  0.12869504E+001  0.18876810E+001  0.26312809E+001  0.40993543E+001  0.58397106E+001
  0.30297783E+000  0.31844787E+000  0.46003983E+000  0.62753055E+000  0.80305825E+000  0.91029313E+000  0.12869554E+001  0.18876610E+001  0.26312880E+001  0.40993659E+001  0.58396877E+001
  0.30297624E+000  0.31844841E+000  0.45992497E+000  0.62772213E+000  0.80305813E+000  0.91028527E+000  0.12869606E+001  0.18876431E+001  0.26312961E+001  0.40993780E+001  0.58396662E+001
  0.30297473E+000  0.31844899E+000  0.45992624E+000  0.62772419E+000  0.80305843E+000  0.91027777E+000  0.12869658E+001  0.18876271E+001  0.26313049E+001  0.40993905E+001  0.58396458E+001
  0.30297331E+000  0.31844959E+000  0.45992753E+000  0.62772629E+000  0.80311831E+000  0.91027065E+000  0.12869710E+001  0.18878654E+001  0.26313144E+001  0.40994112E+001  0.58396268E+001
  0.30297199E+000  0.31845022E+000  0.45992885E+000  0.62772840E+000  0.80311799E+000  0.91026389E+000  0.12869762E+001  0.18878492E+001  0.26313246E+001  0.40994163E+001  0.58396090E+001
  0.30297074E+000  0.31845086E+000  0.46004625E+000  0.62773052E+000  0.80311777E+000  0.91025751E+000  0.12869814E+001  0.18878345E+001  0.26313353E+001  0.40994295E+001  0.58395923E+001
  0.30296959E+000  0.31845152E+000  0.46004758E+000  0.62773263E+000  0.80311767E+000  0.91025148E+000  0.12869866E+001  0.18878214E+001  0.26317526E+001  0.40994428E+001  0.58395769E+001
  0.30296851E+000  0.31845219E+000  0.46004890E+000  0.62773473E+000  0.80311765E+000  0.91024582E+000  0.12869917E+001  0.18878096E+001  0.26317307E+001  0.40994561E+001  0.58395626E+001
  0.30296751E+000  0.31845286E+000  0.46005022E+000  0.62773680E+000  0.80311772E+000  0.91024050E+000  0.12869967E+001  0.18877993E+001  0.26317113E+001  0.40994693E+001  0.58395493E+001
  0.30296659E+000  0.31845353E+000  0.46005151E+000  0.62773883E+000  0.80311786E+000  0.91023553E+000  0.12870016E+001  0.18877902E+001  0.26316942E+001  0.40994823E+001  0.58395372E+001
  0.30296573E+000  0.31845419E+000  0.46005279E+000  0.62774081E+000  0.80311807E+000  0.91023090E+000  0.12870064E+001  0.18877823E+001  0.26316792E+001  0.40994952E+001  0.58395260E+001
  0.30296495E+000  0.31845484E+000  0.46005393E+000  0.62774275E+000  0.80311833E+000  0.91022658E+000  0.12870110E+001  0.18877754E+001  0.26316663E+001  0.40995650E+001  0.58395158E+001
  0.30296423E+000  0.31845548E+000  0.46005428E+000  0.62774462E+000  0.80311863E+000  0.91022259E+000  0.12870155E+001  0.18877696E+001  0.26316551E+001  0.40995667E+001  0.58395064E+001
  0.30296358E+000  0.31845610E+000  0.46005463E+000  0.62774642E+000  0.80311897E+000  0.91021889E+000  0.12870197E+001  0.18877646E+001  0.26316456E+001  0.40995689E+001  0.58394980E+001
  0.30296298E+000  0.31845671E+000  0.46005499E+000  0.62774815E+000  0.80311933E+000  0.91021549E+000  0.12870239E+001  0.18877605E+001  0.26316376E+001  0.40995714E+001  0.58394903E+001
  0.30296244E+000  0.31845729E+000  0.46005536E+000  0.62774981E+000  0.80311972E+000  0.91036486E+000  0.12870278E+001  0.18877572E+001  0.26316308E+001  0.40996306E+001  0.58394834E+001
  0.30296195E+000  0.31845785E+000  0.46005963E+000  0.62775139E+000  0.80312013E+000  0.91036192E+000  0.12870315E+001  0.18877544E+001  0.26316253E+001  0.40996346E+001  0.58394772E+001
  0.30296151E+000  0.31845838E+000  0.46006061E+000  0.62775289E+000  0.80312054E+000  0.91035923E+000  0.12870350E+001  0.18877523E+001  0.26316208E+001  0.40996387E+001  0.58394716E+001
  0.30296111E+000  0.31845889E+000  0.46006153E+000  0.62775430E+000  0.80312095E+000  0.91035679E+000  0.12870384E+001  0.18877507E+001  0.26316172E+001  0.40996428E+001  0.58394666E+001
  0.30296076E+000  0.31845937E+000  0.46006240E+000  0.62775563E+000  0.80312137E+000  0.91035458E+000  0.12870415E+001  0.18877495E+001  0.26316144E+001  0.40996468E+001  0.58394622E+001
  0.30296044E+000  0.31845982E+000  0.46006322E+000  0.62775688E+000  0.80312178E+000  0.91035258E+000  0.12870444E+001  0.18877487E+001  0.26316123E+001  0.40996508E+001  0.58394583E+001
  0.30296017E+000  0.31846025E+000  0.46006399E+000  0.62775804E+000  0.80312218E+000  0.91035078E+000  0.12870471E+001  0.18877482E+001  0.26316107E+001  0.40996546E+001  0.58394549E+001
  0.30295992E+000  0.31846065E+000  0.46006470E+000  0.62775912E+000  0.80312257E+000  0.91034917E+000  0.12870496E+001  0.18877480E+001  0.26316096E+001  0.40996583E+001  0.58394518E+001
  0.30295971E+000  0.31843928E+000  0.46006536E+000  0.62776013E+000  0.80312295E+000  0.91034774E+000  0.12870520E+001  0.18877480E+001  0.26316089E+001  0.40996618E+001  0.58394492E+001
  0.30295952E+000  0.31843945E+000  0.46006597E+000  0.62776105E+000  0.80312331E+000  0.91034646E+000  0.12870541E+001  0.18877482E+001  0.26316086E+001  0.40996651E+001  0.58394469E+001
  0.30295936E+000  0.31843961E+000  0.46006654E+000  0.62776190E+000  0.80312365E+000  0.91034534E+000  0.12870561E+001  0.18877485E+001  0.26316087E+001  0.40996683E+001  0.58394449E+001
  0.30295922E+000  0.31843976E+000  0.46006705E+000  0.62776268E+000  0.80312398E+000  0.91034435E+000  0.12870579E+001  0.18877490E+001  0.26316090E+001  0.40996712E+001  0.58394432E+001
  0.30295910E+000  0.31843991E+000  0.46006752E+000  0.62776339E+000  0.80312428E+000  0.91034349E+000  0.12870595E+001  0.18877495E+001  0.26316094E+001  0.40996740E+001  0.58394417E+001
  0.30295900E+000  0.31844004E+000  0.46006795E+000  0.62776403E+000  0.80312457E+000  0.91034274E+000  0.12870610E+001  0.18877501E+001  0.26316100E+001  0.40996765E+001  0.58394404E+001
  0.30295892E+000  0.31844016E+000  0.46006833E+000  0.62776461E+000  0.80312483E+000  0.91034210E+000  0.12870624E+001  0.18877508E+001  0.26316106E+001  0.40996789E+001  0.58394393E+001
  0.30295885E+000  0.31844027E+000  0.46006868E+000  0.62776513E+000  0.80312508E+000  0.91034154E+000  0.12870636E+001  0.18877515E+001  0.26316113E+001  0.40996810E+001  0.58394384E+001
  0.30295880E+000  0.31844038E+000  0.46006899E+000  0.62776560E+000  0.80312531E+000  0.91034108E+000  0.12870646E+001  0.18877522E+001  0.26316120E+001  0.40996830E+001  0.58394377E+001
  0.30295875E+000  0.31844047E+000  0.46006927E+000  0.62776602E+000  0.80312552E+000  0.91034068E+000  0.12870656E+001  0.18877530E+001  0.26316127E+001  0.40996848E+001  0.58394370E+001
  0.30295871E+000  0.31844056E+000  0.46006952E+000  0.62776639E+000  0.80312571E+000  0.91034036E+000  0.12870665E+001  0.18877537E+001  0.26316134E+001  0.40996864E+001  0.58394365E+001
  0.30295869E+000  0.31844063E+000  0.46006974E+000  0.62776671E+000  0.80312588E+000  0.91034009E+000  0.12870672E+001  0.18877544E+001  0.26316141E+001  0.40996878E+001  0.58394360E+001
  0.30295867E+000  0.31844070E+000  0.46006993E+000  0.62776700E+000  0.80312604E+000  0.91033987E+000  0.12870679E+001  0.18877551E+001  0.26316148E+001  0.40996891E+001  0.58394357E+001
  0.30295865E+000  0.31844076E+000  0.46007009E+000  0.62776725E+000  0.80312618E+000  0.91033970E+000  0.12870684E+001  0.18877558E+001  0.26316155E+001  0.40996902E+001  0.58394354E+001
  0.30295864E+000  0.31844082E+000  0.46007024E+000  0.62776746E+000  0.80312631E+000  0.91033957E+000  0.12870689E+001  0.18877564E+001  0.26316161E+001  0.40996913E+001  0.58394351E+001
  0.30295864E+000  0.31844086E+000  0.46007036E+000  0.62776765E+000  0.80312642E+000  0.91033947E+000  0.12870694E+001  0.18877571E+001  0.26316167E+001  0.40996921E+001  0.58394349E+001
  0.30295864E+000  0.31844091E+000  0.46007047E+000  0.62776781E+000  0.80312652E+000  0.91033940E+000  0.12870697E+001  0.18877577E+001  0.26316173E+001  0.40996929E+001  0.58394347E+001
  0.30295864E+000  0.31844094E+000  0.46007056E+000  0.62776794E+000  0.80312661E+000  0.91033936E+000  0.12870700E+001  0.18877583E+001  0.26316179E+001  0.40996936E+001  0.58394346E+001
  0.30295864E+000  0.31844097E+000  0.46007063E+000  0.62776805E+000  0.80312668E+000  0.91033934E+000  0.12870703E+001  0.18877589E+001  0.26316184E+001  0.40996942E+001  0.58394345E+001
  0.30295865E+000  0.31844100E+000  0.46007070E+000  0.62776815E+000  0.80312675E+000  0.91033934E+000  0.12870705E+001  0.18877594E+001  0.26316189E+001  0.40996947E+001  0.58394344E+001
  0.30295866E+000  0.31844102E+000  0.46007075E+000  0.62776822E+000  0.80312681E+000  0.91033935E+000  0.12870707E+001  0.18877599E+001  0.26316194E+001  0.40996951E+001  0.58394343E+001
  0.30295866E+000  0.31844104E+000  0.46007079E+000  0.62776828E+000  0.80312686E+000  0.91033937E+000  0.12870708E+001  0.18877605E+001  0.26316198E+001  0.40996955E+001  0.58394343E+001
  0.30295867E+000  0.31844105E+000  0.46007082E+000  0.62776833E+000  0.80312690E+000  0.91033941E+000  0.12870709E+001  0.18877609E+001  0.26316203E+001  0.40996958E+001  0.58394342E+001
  0.30295868E+000  0.31844106E+000  0.46007084E+000  0.62776836E+000  0.80312694E+000  0.91033945E+000  0.12870710E+001  0.18877614E+001  0.26316207E+001  0.40996960E+001  0.58394342E+001
  0.30295869E+000  0.31844107E+000  0.46007085E+000  0.62776839E+000  0.80312696E+000  0.91033950E+000  0.12870711E+001  0.18877619E+001  0.26316211E+001  0.40996962E+001  0.58394342E+001
  0.30295870E+000  0.31844108E+000  0.46007086E+000  0.62776840E+000  0.80312699E+000  0.91033955E+000  0.12870711E+001  0.18877623E+001  0.26316215E+001  0.40996964E+001  0.58394341E+001
  0.30295871E+000  0.31844108E+000  0.46007087E+000  0.62776841E+000  0.80312701E+000  0.91033961E+000  0.12870711E+001  0.18877627E+001  0.26316219E+001  0.40996965E+001  0.58394341E+001
  0.30295872E+000  0.31844108E+000  0.46007087E+000  0.62776841E+000  0.80312702E+000  0.91033967E+000  0.12870711E+001  0.18877631E+001  0.26316222E+001  0.40996966E+001  0.58394341E+001
  0.30295873E+000  0.31844108E+000  0.46007087E+000  0.62776841E+000  0.80312704E+000  0.91033974E+000  0.12870711E+001  0.18877635E+001  0.26316226E+001  0.40996967E+001  0.58394341E+001
  0.30295874E+000  0.31844108E+000  0.46007086E+000  0.62776840E+000  0.80312705E+000  0.91033980E+000  0.12870711E+001  0.18877639E+001  0.26316229E+001  0.40996967E+001  0.58394341E+001
  0.30295875E+000  0.31844108E+000  0.46007085E+000  0.62776839E+000  0.80312705E+000  0.91033987E+000  0.12870711E+001  0.18877643E+001  0.26316232E+001  0.40996967E+001  0.58394341E+001
  0.30295875E+000  0.31844108E+000  0.46007084E+000  0.62776837E+000  0.80312706E+000  0.91033993E+000  0.12870711E+001  0.18877647E+001  0.26316236E+001  0.40996968E+001  0.58394341E+001
  0.30295876E+000  0.31844108E+000  0.46007082E+000  0.62776836E+000  0.80312706E+000  0.91034000E+000  0.12870710E+001  0.18877650E+001  0.26316239E+001  0.40996968E+001  0.58394341E+001
  0.30295877E+000  0.31844107E+000  0.46007081E+000  0.62776834E+000  0.80312706E+000  0.91034006E+000  0.12870710E+001  0.18877654E+001  0.26316242E+001  0.40996968E+001  0.58394341E+001
  0.30295878E+000  0.31844107E+000  0.46007079E+000  0.62776832E+000  0.80312706E+000  0.91034012E+000  0.12870709E+001  0.18877657E+001  0.26316245E+001  0.40996967E+001  0.58394341E+001
  0.30295879E+000  0.31844106E+000  0.46007078E+000  0.62776829E+000  0.80312706E+000  0.91034018E+000  0.12870709E+001  0.18877660E+001  0.26316248E+001  0.40996967E+001  0.58394341E+001
  0.30295879E+000  0.31844106E+000  0.46007076E+000  0.62776827E+000  0.80312706E+000  0.91034024E+000  0.12870708E+001  0.18877664E+001  0.26316251E+001  0.40996967E+001  0.58394342E+001
  0.30295880E+000  0.31844105E+000  0.46007074E+000  0.62776825E+000  0.80312705E+000  0.91034030E+000  0.12870708E+001  0.18877667E+001  0.26316254E+001  0.40996967E+001  0.58394342E+001
  0.30295881E+000  0.31844104E+000  0.46007073E+000  0.62776822E+000  0.80312705E+000  0.91034036E+000  0.12870707E+001  0.18877670E+001  0.26316257E+001  0.40996966E+001  0.58394342E+001
  0.30295881E+000  0.31844104E+000  0.46007071E+000  0.62776820E+000  0.80312705E+000  0.91034042E+000  0.12870707E+001  0.18877673E+001  0.26316260E+001  0.40996966E+001  0.58394343E+001
  0.30295882E+000  0.31844103E+000  0.46007069E+000  0.62776818E+000  0.80312704E+000  0.91034047E+000  0.12870706E+001  0.18877676E+001  0.26316263E+001  0.40996966E+001  0.58394343E+001
  0.30295883E+000  0.31844103E+000  0.46007068E+000  0.62776815E+000  0.80312704E+000  0.91034052E+000  0.12870706E+001  0.18877679E+001  0.26316266E+001  0.40996966E+001  0.58394344E+001
  0.30295883E+000  0.31844102E+000  0.46007066E+000  0.62776813E+000  0.80312704E+000  0.91034057E+000  0.12870705E+001  0.18877682E+001  0.26316269E+001  0.40996965E+001  0.58394344E+001
  0.30295884E+000  0.31844102E+000  0.46007065E+000  0.62776811E+000  0.80312703E+000  0.91034062E+000  0.12870705E+001  0.18877685E+001  0.26316272E+001  0.40996965E+001  0.58394345E+001
  0.30295884E+000  0.31844101E+000  0.46007063E+000  0.62776809E+000  0.80312703E+000  0.91034067E+000  0.12870705E+001  0.18877687E+001  0.26316275E+001  0.40996965E+001  0.58394345E+001
  0.30295885E+000  0.31844101E+000  0.46007062E+000  0.62776807E+000  0.80312703E+000  0.91034071E+000  0.12870704E+001  0.18877690E+001  0.26316278E+001  0.40996965E+001  0.58394346E+001
  0.30295885E+000  0.31844100E+000  0.46007060E+000  0.62776805E+000  0.80312703E+000  0.91034075E+000  0.12870704E+001  0.18877693E+001  0.26316281E+001  0.40996965E+001  0.58394347E+001
  0.30295886E+000  0.31844100E+000  0.46007059E+000  0.62776803E+000  0.80312703E+000  0.91034079E+000  0.12870703E+001  0.18877695E+001  0.26316284E+001  0.40996964E+001  0.58394348E+001
  0.30295886E+000  0.31844099E+000  0.46007058E+000  0.62776802E+000  0.80312702E+000  0.91034083E+000  0.12870703E+001  0.18877698E+001  0.26316287E+001  0.40996964E+001  0.58394349E+001
  0.30295887E+000  0.31844099E+000  0.46007057E+000  0.62776800E+000  0.80312702E+000  0.91034086E+000  0.12870703E+001  0.18877700E+001  0.26316290E+001  0.40996964E+001  0.58394349E+001
  0.30295887E+000  0.31844099E+000  0.46007056E+000  0.62776799E+000  0.80312702E+000  0.91034090E+000  0.12870702E+001  0.18877703E+001  0.26316292E+001  0.40996964E+001  0.58394350E+001
  0.30295888E+000  0.31844098E+000  0.46007055E+000  0.62776797E+000  0.80312702E+000  0.91034093E+000  0.12870702E+001  0.18877705E+001  0.26316295E+001  0.40996964E+001  0.58394351E+001
  0.30295888E+000  0.31844098E+000  0.46007054E+000  0.62776796E+000  0.80312702E+000  0.91034096E+000  0.12870702E+001  0.18877707E+001  0.26316298E+001  0.40996964E+001  0.58394352E+001
  0.30295888E+000  0.31844098E+000  0.46007053E+000  0.62776795E+000  0.80312703E+000  0.91034099E+000  0.12870702E+001  0.18877709E+001  0.26316300E+001  0.40996964E+001  0.58394353E+001
  0.30295889E+000  0.31844098E+000  0.46007053E+000  0.62776794E+000  0.80312703E+000  0.91034101E+000  0.12870702E+001  0.18877711E+001  0.26316303E+001  0.40996964E+001  0.58394354E+001
  0.30295889E+000  0.31844098E+000  0.46007052E+000  0.62776794E+000  0.80312703E+000  0.91034103E+000  0.12870701E+001  0.18877713E+001  0.26316305E+001  0.40996964E+001  0.58394355E+001
  0.30295890E+000  0.31844098E+000  0.46007052E+000  0.62776793E+000  0.80312703E+000  0.91034106E+000  0.12870701E+001  0.18877715E+001  0.26316308E+001  0.40996965E+001  0.58394356E+001
  0.30295890E+000  0.31844098E+000  0.46007051E+000  0.62776792E+000  0.80312704E+000  0.91034107E+000  0.12870701E+001  0.18877717E+001  0.26316310E+001  0.40996965E+001  0.58394357E+001
  0.30295890E+000  0.31844098E+000  0.46007051E+000  0.62776792E+000  0.80312704E+000  0.91034109E+000  0.12870701E+001  0.18877719E+001  0.26316313E+001  0.40996965E+001  0.58394359E+001
  0.30295891E+000  0.31844098E+000  0.46007051E+000  0.62776792E+000  0.80312704E+000  0.91034111E+000  0.12870701E+001  0.18877721E+001  0.26316315E+001  0.40996965E+001  0.58394360E+001
  0.30295891E+000  0.31844098E+000  0.46007051E+000  0.62776792E+000  0.80312705E+000  0.91034112E+000  0.12870701E+001  0.18877722E+001  0.26316317E+001  0.40996966E+001  0.58394361E+001
  0.30295891E+000  0.31844098E+000  0.46007051E+000  0.62776792E+000  0.80312705E+000  0.91034113E+000  0.12870701E+001  0.18877724E+001  0.26316319E+001  0.40996966E+001  0.58394362E+001
  0.30295891E+000  0.31844098E+000  0.46007051E+000  0.62776792E+000  0.80312706E+000  0.91034114E+000  0.12870701E+001  0.18877726E+001  0.26316321E+001  0.40996966E+001  0.58394363E+001
  0.30295892E+000  0.31844098E+000  0.46007051E+000  0.62776792E+000  0.80312706E+000  0.91034115E+000  0.12870701E+001  0.18877727E+001  0.26316323E+001  0.40996966E+001  0.58394364E+001
  0.30295892E+000  0.31844098E+000  0.46007051E+000  0.62776792E+000  0.80312707E+000  0.91034115E+000  0.12870701E+001  0.18877728E+001  0.26316325E+001  0.40996967E+001  0.58394365E+001
  0.30295892E+000  0.31844098E+000  0.46007051E+000  0.62776792E+000  0.80312707E+000  0.91034116E+000  0.12870701E+001  0.18877730E+001  0.26316327E+001  0.40996967E+001  0.58394366E+001
  0.30295892E+000  0.31844098E+000  0.46007051E+000  0.62776793E+000  0.80312708E+000  0.91034116E+000  0.12870701E+001  0.18877731E+001  0.26316329E+001  0.40996968E+001  0.58394367E+001
  0.30295893E+000  0.31844099E+000  0.46007052E+000  0.62776793E+000  0.80312709E+000  0.91034116E+000  0.12870701E+001  0.18877732E+001  0.26316331E+001  0.40996968E+001  0.58394368E+001
  0.30295893E+000  0.31844099E+000  0.46007052E+000  0.62776794E+000  0.80312709E+000  0.91034116E+000  0.12870701E+001  0.18877733E+001  0.26316332E+001  0.40996968E+001  0.58394369E+001
  0.30295893E+000  0.31844099E+000  0.46007053E+000  0.62776794E+000  0.80312710E+000  0.91034116E+000  0.12870702E+001  0.18877734E+001  0.26316334E+001  0.40996969E+001  0.58394370E+001
  0.30295893E+000  0.31844099E+000  0.46007053E+000  0.62776795E+000  0.80312711E+000  0.91034116E+000  0.12870702E+001  0.18877735E+001  0.26316335E+001  0.40996969E+001  0.58394370E+001
  0.30295893E+000  0.31844100E+000  0.46007054E+000  0.62776796E+000  0.80312711E+000  0.91034115E+000  0.12870702E+001  0.18877736E+001  0.26316337E+001  0.40996970E+001  0.58394371E+001
  0.30295893E+000  0.31844100E+000  0.46007054E+000  0.62776797E+000  0.80312712E+000  0.91034115E+000  0.12870702E+001  0.18877737E+001  0.26316338E+001  0.40996970E+001  0.58394372E+001
  0.30295893E+000  0.31844100E+000  0.46007055E+000  0.62776797E+000  0.80312713E+000  0.91034114E+000  0.12870702E+001  0.18877737E+001  0.26316339E+001  0.40996971E+001  0.58394373E+001
  0.30295893E+000  0.31844101E+000  0.46007056E+000  0.62776798E+000  0.80312713E+000  0.91034113E+000  0.12870702E+001  0.18877738E+001  0.26316340E+001  0.40996971E+001  0.58394374E+001
  0.30295893E+000  0.31844101E+000  0.46007056E+000  0.62776799E+000  0.80312714E+000  0.91034112E+000  0.12870703E+001  0.18877739E+001  0.26316342E+001  0.40996971E+001  0.58394374E+001
  0.30295894E+000  0.31844101E+000  0.46007057E+000  0.62776800E+000  0.80312714E+000  0.91034111E+000  0.12870703E+001  0.18877739E+001  0.26316343E+001  0.40996972E+001  0.58394375E+001
  0.30295894E+000  0.31844102E+000  0.46007058E+000  0.62776801E+000  0.80312715E+000  0.91034110E+000  0.12870703E+001  0.18877740E+001  0.26316343E+001  0.40996972E+001  0.58394376E+001
  0.30295894E+000  0.31844102E+000  0.46007058E+000  0.62776802E+000  0.80312716E+000  0.91034109E+000  0.12870703E+001  0.18877740E+001  0.26316344E+001  0.40996973E+001  0.58394376E+001
  0.30295894E+000  0.31844102E+000  0.46007059E+000  0.62776803E+000  0.80312716E+000  0.91034108E+000  0.12870703E+001  0.18877740E+001  0.26316345E+001  0.40996973E+001  0.58394377E+001
  0.30295894E+000  0.31844103E+000  0.46007060E+000  0.62776804E+000  0.80312717E+000  0.91034106E+000  0.12870704E+001  0.18877741E+001  0.26316346E+001  0.40996974E+001  0.58394377E+001
  0.30295894E+000  0.31844103E+000  0.46007061E+000  0.62776805E+000  0.80312718E+000  0.91034105E+000  0.12870704E+001  0.18877741E+001  0.26316346E+001  0.40996974E+001  0.58394378E+001
  0.30295894E+000  0.31844103E+000  0.46007061E+000  0.62776807E+000  0.80312718E+000  0.91034103E+000  0.12870704E+001  0.18877741E+001  0.26316347E+001  0.40996974E+001  0.58394378E+001
  0.30295893E+000  0.31844104E+000  0.46007062E+000  0.62776808E+000  0.80312719E+000  0.91034102E+000  0.12870704E+001  0.18877741E+001  0.26316347E+001  0.40996975E+001  0.58394379E+001
  0.30295893E+000  0.31844104E+000  0.46007063E+000  0.62776809E+000  0.80312719E+000  0.91034100E+000  0.12870705E+001  0.18877741E+001  0.26316348E+001  0.40996975E+001  0.58394379E+001
  0.30295893E+000  0.31844104E+000  0.46007064E+000  0.62776810E+000  0.80312720E+000  0.91034098E+000  0.12870705E+001  0.18877741E+001  0.26316348E+001  0.40996976E+001  0.58394379E+001
  0.30295893E+000  0.31844105E+000  0.46007065E+000  0.62776811E+000  0.80312720E+000  0.91034097E+000  0.12870705E+001  0.18877741E+001  0.26316348E+001  0.40996976E+001  0.58394379E+001
  0.30295893E+000  0.31844105E+000  0.46007065E+000  0.62776812E+000  0.80312721E+000  0.91034094E+000  0.12870705E+001  0.18877741E+001  0.26316349E+001  0.40996976E+001  0.58394379E+001
  0.30295893E+000  0.31844105E+000  0.46007066E+000  0.62776813E+000  0.80312721E+000  0.91034092E+000  0.12870706E+001  0.18877741E+001  0.26316349E+001  0.40996976E+001  0.58394379E+001
  0.30295893E+000  0.31844105E+000  0.46007067E+000  0.62776814E+000  0.80312721E+000  0.91034090E+000  0.12870706E+001  0.18877741E+001  0.26316349E+001  0.40996977E+001  0.58394379E+001
  0.30295892E+000  0.31844106E+000  0.46007068E+000  0.62776815E+000  0.80312721E+000  0.91034087E+000  0.12870706E+001  0.18877740E+001  0.26316349E+001  0.40996977E+001  0.58394379E+001
  0.30295892E+000  0.31844106E+000  0.46007069E+000  0.62776817E+000  0.80312722E+000  0.91034083E+000  0.12870706E+001  0.18877740E+001  0.26316348E+001  0.40996977E+001  0.58394378E+001
  0.30295891E+000  0.31844106E+000  0.46007070E+000  0.62776818E+000  0.80312721E+000  0.91034079E+000  0.12870706E+001  0.18877739E+001  0.26316348E+001  0.40996977E+001  0.58394377E+001
  0.30295891E+000  0.31844106E+000  0.46007071E+000  0.62776819E+000  0.80312721E+000  0.91034074E+000  0.12870707E+001  0.18877739E+001  0.26316347E+001  0.40996977E+001  0.58394376E+001
  0.30295890E+000  0.31844107E+000  0.46007072E+000  0.62776821E+000  0.80312721E+000  0.91034067E+000  0.12870707E+001  0.18877738E+001  0.26316346E+001  0.40996976E+001  0.58394374E+001
  0.30295889E+000  0.31844107E+000  0.46007073E+000  0.62776822E+000  0.80312720E+000  0.91034059E+000  0.12870707E+001  0.18877736E+001  0.26316344E+001  0.40996976E+001  0.58394372E+001
  0.30295887E+000  0.31844106E+000  0.46007074E+000  0.62776825E+000  0.80312718E+000  0.91034049E+000  0.12870708E+001  0.18877735E+001  0.26316342E+001  0.40996975E+001  0.58394370E+001
  0.30295885E+000  0.31844108E+000  0.46007077E+000  0.62776828E+000  0.80312722E+000  0.91034036E+000  0.12870709E+001  0.18877735E+001  0.26316339E+001  0.40996979E+001  0.58394372E+001
  0.30295889E+000  0.31844110E+000  0.46007079E+000  0.62776831E+000  0.80312724E+000  0.91034056E+000  0.12870709E+001  0.18877738E+001  0.26316347E+001  0.40996981E+001  0.58394375E+001
