  0.14561651E-002
  0.10571052E-002
  0.77541649E-003
  0.54222019E-003
  0.35012992E-003
  0.19055816E-003
  0.57499341E-004
 -0.53629914E-004
 -0.14650193E-003
 -0.22413142E-003
 -0.28900066E-003
 -0.34315800E-003
 -0.38830475E-003
 -0.42586937E-003
 -0.45703847E-003
 -0.48279831E-003
 -0.50397217E-003
 -0.52125417E-003
 -0.53522631E-003
 -0.54637874E-003
 -0.55512643E-003
 -0.56181780E-003
 -0.56674987E-003
 -0.57017128E-003
 -0.57229576E-003
 -0.57330331E-003
 -0.57334804E-003
 -0.57255722E-003
 -0.57104074E-003
 -0.56889138E-003
 -0.56618452E-003
 -0.56298399E-003
 -0.55934289E-003
 -0.55530282E-003
 -0.55089875E-003
 -0.54615834E-003
 -0.54110277E-003
 -0.53574808E-003
 -0.53010572E-003
 -0.52418523E-003
 -0.51799185E-003
 -0.51152920E-003
 -0.50479934E-003
 -0.49780387E-003
 -0.49054225E-003
 -0.48301571E-003
 -0.47522395E-003
 -0.46716802E-003
 -0.45885000E-003
 -0.45027206E-003
 -0.44143847E-003
 -0.43235460E-003
 -0.42302701E-003
 -0.41346477E-003
 -0.40367706E-003
 -0.39367584E-003
 -0.38347429E-003
 -0.37308657E-003
 -0.36252886E-003
 -0.35181826E-003
 -0.34097327E-003
 -0.33001310E-003
 -0.31895838E-003
 -0.30783008E-003
 -0.29665043E-003
 -0.28544181E-003
 -0.27422721E-003
 -0.26302969E-003
 -0.25187297E-003
 -0.24077987E-003
 -0.22977396E-003
 -0.21887805E-003
 -0.20811504E-003
 -0.19750709E-003
 -0.18707540E-003
 -0.17684137E-003
 -0.16682475E-003
 -0.15704438E-003
 -0.14751757E-003
 -0.13826051E-003
 -0.12928747E-003
 -0.12061158E-003
 -0.11224435E-003
 -0.10419627E-003
 -0.96476178E-004
 -0.89091729E-004
 -0.82048169E-004
 -0.75348656E-004
 -0.68993937E-004
 -0.62983166E-004
 -0.57314100E-004
 -0.51983573E-004
 -0.46987206E-004
 -0.42319317E-004
 -0.37973020E-004
 -0.33939205E-004
 -0.30207703E-004
 -0.26767317E-004
 -0.23606361E-004
 -0.20713094E-004
 -0.18074763E-004
 -0.15678051E-004
 -0.13509586E-004
 -0.11555561E-004
 -0.98025062E-005
 -0.82366560E-005
 -0.68444841E-005
 -0.56126089E-005
 -0.45284440E-005
 -0.35796342E-005
 -0.27541440E-005
 -0.20407050E-005
 -0.14285094E-005
 -0.90750315E-006
 -0.46817895E-006
 -0.10156344E-006
  0.20045120E-006
  0.44540145E-006
  0.64020909E-006
  0.79114381E-006
  0.90403767E-006
  0.98391121E-006
  0.10354247E-005
  0.10627449E-005
  0.10694895E-005
  0.10588464E-005
  0.10337284E-005
  0.99668356E-006
  0.94980761E-006
  0.89495963E-006
  0.83390899E-006
  0.76799357E-006
  0.69840967E-006
  0.62624588E-006
  0.55237804E-006
  0.47756374E-006
  0.40244974E-006
  0.32758456E-006
  0.25343352E-006
  0.18043787E-006
  0.10887032E-006
  0.39027927E-007
 -0.28805856E-007
 -0.94450171E-007
 -0.15775636E-006
 -0.21857972E-006
 -0.27679272E-006
 -0.33228451E-006
 -0.38501708E-006
 -0.43488556E-006
 -0.48185863E-006
 -0.52591462E-006
 -0.56703811E-006
 -0.60520332E-006
 -0.64042326E-006
 -0.67272741E-006
 -0.70208780E-006
 -0.72856199E-006
 -0.75221693E-006
 -0.77305134E-006
 -0.79110667E-006
 -0.80646502E-006
 -0.81920114E-006
 -0.82939446E-006
 -0.83710681E-006
 -0.84239706E-006
 -0.84536926E-006
 -0.84611514E-006
 -0.84470085E-006
 -0.84125334E-006
 -0.83585905E-006
 -0.82861239E-006
 -0.81963728E-006
 -0.80899602E-006
 -0.79682602E-006
 -0.78324232E-006
 -0.76829884E-006
 -0.75211310E-006
 -0.73482596E-006
 -0.71652003E-006
 -0.69728515E-006
 -0.67716236E-006
 -0.65627207E-006
 -0.63467465E-006
 -0.61240394E-006
 -0.58948138E-006
 -0.56590660E-006
 -0.54161932E-006
 -0.51652252E-006
 -0.49033818E-006
 -0.46276305E-006
 -0.43329197E-006
 -0.40114337E-006
 -0.36514915E-006
 -0.32377472E-006
 -0.27636683E-006
 -0.21384621E-006
 -0.14051283E-006
 -0.12795708E-008
  0.30848380E-006
