  0.28640412E-002
  0.31480719E-002
  0.34025354E-002
  0.36192954E-002
  0.38042051E-002
  0.39616321E-002
  0.40955787E-002
  0.42095453E-002
  0.43065335E-002
  0.43890960E-002
  0.44594007E-002
  0.45192882E-002
  0.45703185E-002
  0.46138112E-002
  0.46508866E-002
  0.46824968E-002
  0.47094509E-002
  0.47324360E-002
  0.47520370E-002
  0.47687526E-002
  0.47830080E-002
  0.47951670E-002
  0.48055407E-002
  0.48143967E-002
  0.48219641E-002
  0.48284401E-002
  0.48339945E-002
  0.48387745E-002
  0.48429064E-002
  0.48464996E-002
  0.48496488E-002
  0.48524356E-002
  0.48549303E-002
  0.48571936E-002
  0.48592775E-002
  0.48612262E-002
  0.48630773E-002
  0.48648629E-002
  0.48666097E-002
  0.48683398E-002
  0.48700716E-002
  0.48718201E-002
  0.48735974E-002
  0.48754130E-002
  0.48772747E-002
  0.48791878E-002
  0.48811568E-002
  0.48831847E-002
  0.48852731E-002
  0.48874233E-002
  0.48896352E-002
  0.48919083E-002
  0.48942415E-002
  0.48966328E-002
  0.48990801E-002
  0.49015807E-002
  0.49041312E-002
  0.49067282E-002
  0.49093676E-002
  0.49120453E-002
  0.49147566E-002
  0.49174966E-002
  0.49202603E-002
  0.49230424E-002
  0.49258373E-002
  0.49286394E-002
  0.49314431E-002
  0.49342425E-002
  0.49370316E-002
  0.49398049E-002
  0.49425564E-002
  0.49452804E-002
  0.49479711E-002
  0.49506231E-002
  0.49532310E-002
  0.49557895E-002
  0.49582937E-002
  0.49607388E-002
  0.49631205E-002
  0.49654348E-002
  0.49676780E-002
  0.49698470E-002
  0.49719388E-002
  0.49739508E-002
  0.49758808E-002
  0.49777270E-002
  0.49794878E-002
  0.49811627E-002
  0.49827514E-002
  0.49842541E-002
  0.49856714E-002
  0.49870040E-002
  0.49882531E-002
  0.49894201E-002
  0.49905066E-002
  0.49915151E-002
  0.49924480E-002
  0.49933081E-002
  0.49940983E-002
  0.49948216E-002
  0.49954812E-002
  0.49960804E-002
  0.49966225E-002
  0.49971110E-002
  0.49975493E-002
  0.49979407E-002
  0.49982888E-002
  0.49985967E-002
  0.49988678E-002
  0.49991050E-002
  0.49993114E-002
  0.49994897E-002
  0.49996428E-002
  0.49997730E-002
  0.49998828E-002
  0.49999745E-002
  0.50000500E-002
  0.50001112E-002
  0.50001599E-002
  0.50001977E-002
  0.50002259E-002
  0.50002459E-002
  0.50002587E-002
  0.50002656E-002
  0.50002673E-002
  0.50002646E-002
  0.50002583E-002
  0.50002491E-002
  0.50002373E-002
  0.50002236E-002
  0.50002084E-002
  0.50001919E-002
  0.50001745E-002
  0.50001564E-002
  0.50001380E-002
  0.50001193E-002
  0.50001005E-002
  0.50000818E-002
  0.50000632E-002
  0.50000450E-002
  0.50000271E-002
  0.50000096E-002
  0.49999927E-002
  0.49999763E-002
  0.49999604E-002
  0.49999452E-002
  0.49999307E-002
  0.49999168E-002
  0.49999036E-002
  0.49998912E-002
  0.49998794E-002
  0.49998684E-002
  0.49998581E-002
  0.49998486E-002
  0.49998398E-002
  0.49998317E-002
  0.49998244E-002
  0.49998177E-002
  0.49998118E-002
  0.49998066E-002
  0.49998021E-002
  0.49997983E-002
  0.49997951E-002
  0.49997925E-002
  0.49997906E-002
  0.49997893E-002
  0.49997885E-002
  0.49997884E-002
  0.49997887E-002
  0.49997896E-002
  0.49997909E-002
  0.49997927E-002
  0.49997950E-002
  0.49997976E-002
  0.49998007E-002
  0.49998041E-002
  0.49998078E-002
  0.49998119E-002
  0.49998162E-002
  0.49998208E-002
  0.49998256E-002
  0.49998306E-002
  0.49998358E-002
  0.49998412E-002
  0.49998468E-002
  0.49998525E-002
  0.49998584E-002
  0.49998645E-002
  0.49998708E-002
  0.49998773E-002
  0.49998842E-002
  0.49998916E-002
  0.49998996E-002
  0.49999086E-002
  0.49999189E-002
  0.49999308E-002
  0.49999464E-002
  0.49999648E-002
  0.49999996E-002
  0.50000770E-002
