  0.53864868E-001
  0.53556132E-001
  0.53429562E-001
  0.53322021E-001
  0.53237227E-001
  0.53168242E-001
  0.53111321E-001
  0.53064072E-001
  0.53024768E-001
  0.52992014E-001
  0.52964677E-001
  0.52941849E-001
  0.52922816E-001
  0.52906950E-001
  0.52893728E-001
  0.52882724E-001
  0.52873597E-001
  0.52866050E-001
  0.52859838E-001
  0.52854760E-001
  0.52850637E-001
  0.52847328E-001
  0.52844704E-001
  0.52842665E-001
  0.52841119E-001
  0.52839993E-001
  0.52839218E-001
  0.52838740E-001
  0.52838512E-001
  0.52838492E-001
  0.52838645E-001
  0.52838943E-001
  0.52839360E-001
  0.52839876E-001
  0.52840473E-001
  0.52841136E-001
  0.52841854E-001
  0.52842615E-001
  0.52843413E-001
  0.52844239E-001
  0.52845089E-001
  0.52845957E-001
  0.52846840E-001
  0.52847733E-001
  0.52848636E-001
  0.52849543E-001
  0.52850453E-001
  0.52851364E-001
  0.52852274E-001
  0.52853180E-001
  0.52854080E-001
  0.52854972E-001
  0.52855854E-001
  0.52856724E-001
  0.52857579E-001
  0.52858418E-001
  0.52859237E-001
  0.52860036E-001
  0.52860812E-001
  0.52861562E-001
  0.52862285E-001
  0.52862980E-001
  0.52863645E-001
  0.52864278E-001
  0.52864878E-001
  0.52865445E-001
  0.52865978E-001
  0.52866476E-001
  0.52866938E-001
  0.52867366E-001
  0.52867759E-001
  0.52868117E-001
  0.52868442E-001
  0.52868733E-001
  0.52868993E-001
  0.52869221E-001
  0.52869420E-001
  0.52869590E-001
  0.52869733E-001
  0.52869851E-001
  0.52869945E-001
  0.52870017E-001
  0.52870069E-001
  0.52870102E-001
  0.52870119E-001
  0.52870120E-001
  0.52870108E-001
  0.52870084E-001
  0.52870049E-001
  0.52870005E-001
  0.52869954E-001
  0.52869897E-001
  0.52869835E-001
  0.52869770E-001
  0.52869701E-001
  0.52869631E-001
  0.52869561E-001
  0.52869490E-001
  0.52869420E-001
  0.52869351E-001
  0.52869284E-001
  0.52869219E-001
  0.52869157E-001
  0.52869097E-001
  0.52869041E-001
  0.52868987E-001
  0.52868937E-001
  0.52868890E-001
  0.52868847E-001
  0.52868806E-001
  0.52868769E-001
  0.52868735E-001
  0.52868704E-001
  0.52868676E-001
  0.52868651E-001
  0.52868628E-001
  0.52868608E-001
  0.52868590E-001
  0.52868574E-001
  0.52868560E-001
  0.52868548E-001
  0.52868537E-001
  0.52868528E-001
  0.52868520E-001
  0.52868514E-001
  0.52868508E-001
  0.52868504E-001
  0.52868500E-001
  0.52868497E-001
  0.52868495E-001
  0.52868493E-001
  0.52868492E-001
  0.52868491E-001
  0.52868491E-001
  0.52868491E-001
  0.52868491E-001
  0.52868491E-001
  0.52868492E-001
  0.52868492E-001
  0.52868493E-001
  0.52868494E-001
  0.52868494E-001
  0.52868495E-001
  0.52868496E-001
  0.52868497E-001
  0.52868497E-001
  0.52868498E-001
  0.52868499E-001
  0.52868499E-001
  0.52868500E-001
  0.52868500E-001
  0.52868500E-001
  0.52868501E-001
  0.52868501E-001
  0.52868501E-001
  0.52868501E-001
  0.52868501E-001
  0.52868500E-001
  0.52868500E-001
  0.52868500E-001
  0.52868499E-001
  0.52868499E-001
  0.52868498E-001
  0.52868498E-001
  0.52868497E-001
  0.52868496E-001
  0.52868496E-001
  0.52868495E-001
  0.52868494E-001
  0.52868493E-001
  0.52868492E-001
  0.52868491E-001
  0.52868490E-001
  0.52868489E-001
  0.52868488E-001
  0.52868487E-001
  0.52868486E-001
  0.52868485E-001
  0.52868484E-001
  0.52868483E-001
  0.52868482E-001
  0.52868481E-001
  0.52868480E-001
  0.52868479E-001
  0.52868478E-001
  0.52868477E-001
  0.52868476E-001
  0.52868475E-001
  0.52868474E-001
  0.52868473E-001
  0.52868473E-001
  0.52868472E-001
  0.52868471E-001
  0.52868471E-001
  0.52868470E-001
  0.52868470E-001
  0.52868470E-001
  0.52868470E-001
  0.52868471E-001
  0.52868471E-001
