  0.43202064E-002
  0.42051771E-002
  0.41779519E-002
  0.41615155E-002
  0.41543350E-002
  0.41521902E-002
  0.41530781E-002
  0.41559154E-002
  0.41600316E-002
  0.41649646E-002
  0.41704001E-002
  0.41761302E-002
  0.41820137E-002
  0.41879418E-002
  0.41938481E-002
  0.41996985E-002
  0.42054787E-002
  0.42111818E-002
  0.42168107E-002
  0.42223739E-002
  0.42278815E-002
  0.42333492E-002
  0.42387909E-002
  0.42442255E-002
  0.42496683E-002
  0.42551368E-002
  0.42606465E-002
  0.42662172E-002
  0.42718657E-002
  0.42776082E-002
  0.42834643E-002
  0.42894516E-002
  0.42955874E-002
  0.43018908E-002
  0.43083788E-002
  0.43150678E-002
  0.43219746E-002
  0.43291148E-002
  0.43365040E-002
  0.43441546E-002
  0.43520797E-002
  0.43602909E-002
  0.43687981E-002
  0.43776092E-002
  0.43867324E-002
  0.43961721E-002
  0.44059329E-002
  0.44160167E-002
  0.44264231E-002
  0.44371512E-002
  0.44481967E-002
  0.44595537E-002
  0.44712145E-002
  0.44831680E-002
  0.44954031E-002
  0.45079048E-002
  0.45206569E-002
  0.45336416E-002
  0.45468388E-002
  0.45602270E-002
  0.45737833E-002
  0.45874835E-002
  0.46013019E-002
  0.46152123E-002
  0.46291868E-002
  0.46431976E-002
  0.46572159E-002
  0.46712128E-002
  0.46851587E-002
  0.46990251E-002
  0.47127824E-002
  0.47264023E-002
  0.47398561E-002
  0.47531160E-002
  0.47661556E-002
  0.47789482E-002
  0.47914689E-002
  0.48036944E-002
  0.48156029E-002
  0.48271743E-002
  0.48383906E-002
  0.48492354E-002
  0.48596945E-002
  0.48697546E-002
  0.48794047E-002
  0.48886352E-002
  0.48974397E-002
  0.49058141E-002
  0.49137575E-002
  0.49212709E-002
  0.49283573E-002
  0.49350204E-002
  0.49412659E-002
  0.49471007E-002
  0.49525336E-002
  0.49575759E-002
  0.49622403E-002
  0.49665407E-002
  0.49704919E-002
  0.49741085E-002
  0.49774064E-002
  0.49804023E-002
  0.49831129E-002
  0.49855554E-002
  0.49877468E-002
  0.49897041E-002
  0.49914443E-002
  0.49929841E-002
  0.49943393E-002
  0.49955253E-002
  0.49965572E-002
  0.49974490E-002
  0.49982143E-002
  0.49988655E-002
  0.49994147E-002
  0.49998729E-002
  0.50002505E-002
  0.50005566E-002
  0.50008001E-002
  0.50009888E-002
  0.50011299E-002
  0.50012298E-002
  0.50012942E-002
  0.50013283E-002
  0.50013368E-002
  0.50013234E-002
  0.50012920E-002
  0.50012457E-002
  0.50011871E-002
  0.50011186E-002
  0.50010423E-002
  0.50009599E-002
  0.50008729E-002
  0.50007827E-002
  0.50006904E-002
  0.50005968E-002
  0.50005030E-002
  0.50004094E-002
  0.50003167E-002
  0.50002254E-002
  0.50001360E-002
  0.50000487E-002
  0.49999639E-002
  0.49998818E-002
  0.49998027E-002
  0.49997267E-002
  0.49996539E-002
  0.49995845E-002
  0.49995186E-002
  0.49994563E-002
  0.49993976E-002
  0.49993425E-002
  0.49992911E-002
  0.49992434E-002
  0.49991994E-002
  0.49991590E-002
  0.49991223E-002
  0.49990892E-002
  0.49990596E-002
  0.49990336E-002
  0.49990110E-002
  0.49989918E-002
  0.49989759E-002
  0.49989631E-002
  0.49989535E-002
  0.49989469E-002
  0.49989432E-002
  0.49989422E-002
  0.49989440E-002
  0.49989483E-002
  0.49989551E-002
  0.49989641E-002
  0.49989753E-002
  0.49989886E-002
  0.49990039E-002
  0.49990208E-002
  0.49990395E-002
  0.49990597E-002
  0.49990814E-002
  0.49991042E-002
  0.49991283E-002
  0.49991534E-002
  0.49991795E-002
  0.49992065E-002
  0.49992344E-002
  0.49992630E-002
  0.49992925E-002
  0.49993229E-002
  0.49993542E-002
  0.49993870E-002
  0.49994214E-002
  0.49994583E-002
  0.49994985E-002
  0.49995435E-002
  0.49995952E-002
  0.49996544E-002
  0.49997326E-002
  0.49998242E-002
  0.49999983E-002
  0.50003855E-002
