  0.00000000E+000
 -0.11444254E-003
 -0.20985532E-003
 -0.28846902E-003
 -0.35287794E-003
 -0.40527317E-003
 -0.44753337E-003
 -0.48125398E-003
 -0.50778378E-003
 -0.52826042E-003
 -0.54364244E-003
 -0.55473681E-003
 -0.56222245E-003
 -0.56667046E-003
 -0.56856136E-003
 -0.56829951E-003
 -0.56622526E-003
 -0.56262522E-003
 -0.55774102E-003
 -0.55177664E-003
 -0.54490449E-003
 -0.53727069E-003
 -0.52899930E-003
 -0.52019605E-003
 -0.51095130E-003
 -0.50134267E-003
 -0.49143712E-003
 -0.48129278E-003
 -0.47096034E-003
 -0.46048432E-003
 -0.44990410E-003
 -0.43925468E-003
 -0.42856738E-003
 -0.41787043E-003
 -0.40718931E-003
 -0.39654719E-003
 -0.38596518E-003
 -0.37546253E-003
 -0.36505680E-003
 -0.35476396E-003
 -0.34459852E-003
 -0.33457354E-003
 -0.32470065E-003
 -0.31499009E-003
 -0.30545068E-003
 -0.29608978E-003
 -0.28691331E-003
 -0.27792571E-003
 -0.26912991E-003
 -0.26052737E-003
 -0.25211804E-003
 -0.24390046E-003
 -0.23587180E-003
 -0.22802793E-003
 -0.22036363E-003
 -0.21287262E-003
 -0.20554783E-003
 -0.19838157E-003
 -0.19136571E-003
 -0.18449197E-003
 -0.17775210E-003
 -0.17113812E-003
 -0.16464253E-003
 -0.15825852E-003
 -0.15198015E-003
 -0.14580249E-003
 -0.13972172E-003
 -0.13373524E-003
 -0.12784167E-003
 -0.12204092E-003
 -0.11633404E-003
 -0.11072324E-003
 -0.10521178E-003
 -0.99803846E-004
 -0.94504408E-004
 -0.89319022E-004
 -0.84253774E-004
 -0.79315015E-004
 -0.74509208E-004
 -0.69842719E-004
 -0.65321687E-004
 -0.60951825E-004
 -0.56738353E-004
 -0.52685887E-004
 -0.48798445E-004
 -0.45079366E-004
 -0.41531326E-004
 -0.38156159E-004
 -0.34954790E-004
 -0.31927136E-004
 -0.29072184E-004
 -0.26388094E-004
 -0.23872362E-004
 -0.21521883E-004
 -0.19332976E-004
 -0.17301428E-004
 -0.15422308E-004
 -0.13690104E-004
 -0.12098814E-004
 -0.10642123E-004
 -0.93136016E-005
 -0.81065876E-005
 -0.70142291E-005
 -0.60296305E-005
 -0.51458266E-005
 -0.43559689E-005
 -0.36532364E-005
 -0.30309413E-005
 -0.24825407E-005
 -0.20018284E-005
 -0.15828341E-005
 -0.12198082E-005
 -0.90735259E-006
 -0.64035998E-006
 -0.41408625E-006
 -0.22409721E-006
 -0.66244822E-007
  0.63224708E-007
  0.16775834E-006
  0.25050158E-006
  0.31428849E-006
  0.36172728E-006
  0.39506525E-006
  0.41636145E-006
  0.42744790E-006
  0.42990575E-006
  0.42511877E-006
  0.41434458E-006
  0.39867400E-006
  0.37899354E-006
  0.35609196E-006
  0.33072257E-006
  0.30342660E-006
  0.27470773E-006
  0.24501936E-006
  0.21471212E-006
  0.18409777E-006
  0.15343691E-006
  0.12295001E-006
  0.92822797E-007
  0.63239206E-007
  0.34282711E-007
  0.60947790E-008
 -0.21218799E-007
 -0.47599862E-007
 -0.72986147E-007
 -0.97320380E-007
 -0.12055397E-006
 -0.14264440E-006
 -0.16359601E-006
 -0.18333322E-006
 -0.20189167E-006
 -0.21922965E-006
 -0.23537147E-006
 -0.25027873E-006
 -0.26399746E-006
 -0.27651057E-006
 -0.28781360E-006
 -0.29796016E-006
 -0.30695282E-006
 -0.31478939E-006
 -0.32150988E-006
 -0.32714257E-006
 -0.33172265E-006
 -0.33528113E-006
 -0.33783772E-006
 -0.33942373E-006
 -0.34009848E-006
 -0.33987078E-006
 -0.33879500E-006
 -0.33692085E-006
 -0.33426315E-006
 -0.33089856E-006
 -0.32683725E-006
 -0.32213068E-006
 -0.31684386E-006
 -0.31099337E-006
 -0.30461156E-006
 -0.29777560E-006
 -0.29050689E-006
 -0.28286319E-006
 -0.27484018E-006
 -0.26649733E-006
 -0.25786274E-006
 -0.24895399E-006
 -0.23977694E-006
 -0.23034686E-006
 -0.22062895E-006
 -0.21062249E-006
 -0.20019660E-006
 -0.18928088E-006
 -0.17762149E-006
 -0.16513467E-006
 -0.15090110E-006
 -0.13561146E-006
 -0.11512271E-006
 -0.99764907E-007
 -0.46765666E-007
 -0.84464739E-007
  0.24657863E-006
